2445 	 5 	 0.876761 	 0.00531118	0.011096
2445 	 10 	 0.879374 	 0.00428488	0.0089519
2445 	 15 	 0.88304 	 0.00318323	0.00665036
2445 	 20 	 0.887886 	 0.00212549	0.00444054
2445 	 25 	 0.893805 	 0.00126777	0.00264861
2445 	 30 	 0.900381 	 0.00109371	0.00228496
2445 	 35 	 0.9128 	 0.00184285	0.00385005
2445 	 40 	 0.921803 	 0.000994056	0.00207676
2445 	 45 	 0.928925 	 0.000706837	0.00147671
2445 	 50 	 0.934375 	 0.000698773	0.00145986
2445 	 55 	 0.938432 	 0.000683307	0.00142755
2445 	 60 	 0.941411 	 0.00064305	0.00134345
2445 	 65 	 0.943601 	 0.000615772	0.00128646
2445 	 70 	 0.945231 	 0.000610506	0.00127546
2445 	 75 	 0.946471 	 0.000615258	0.00128539
2445 	 80 	 0.947437 	 0.000618287	0.00129171
2445 	 85 	 0.948213 	 0.000614964	0.00128477
2445 	 90 	 0.948851 	 0.000605648	0.00126531
2445 	 95 	 0.94939 	 0.000592661	0.00123818
2445 	 100 	 0.949855 	 0.000578508	0.00120861
2445 	 105 	 0.950263 	 0.000565138	0.00118068
2445 	 110 	 0.950626 	 0.000553775	0.00115694
2445 	 115 	 0.950953 	 0.000544997	0.0011386
2445 	 120 	 0.95125 	 0.000538909	0.00112588
2445 	 125 	 0.951522 	 0.000535318	0.00111838
2445 	 130 	 0.951772 	 0.000533875	0.00111536
2445 	 135 	 0.952004 	 0.000534178	0.001116
2445 	 140 	 0.95222 	 0.000535838	0.00111946
2445 	 145 	 0.952421 	 0.000538509	0.00112504
2445 	 150 	 0.95261 	 0.0005419	0.00113213
2445 	 155 	 0.952786 	 0.000545779	0.00114023
2445 	 160 	 0.952953 	 0.000549965	0.00114898
2445 	 165 	 0.95311 	 0.000554323	0.00115808
2445 	 170 	 0.953258 	 0.000558749	0.00116733
2445 	 175 	 0.953398 	 0.000563173	0.00117657
2445 	 180 	 0.953531 	 0.000567541	0.0011857
2445 	 185 	 0.953657 	 0.00057182	0.00119464
2445 	 190 	 0.953778 	 0.000575986	0.00120334
2445 	 195 	 0.953892 	 0.000580026	0.00121178
2445 	 200 	 0.954001 	 0.000583934	0.00121994
2445 	 205 	 0.954106 	 0.000587707	0.00122783
2445 	 210 	 0.954205 	 0.000591347	0.00123543
2445 	 215 	 0.954301 	 0.000594856	0.00124276
2445 	 220 	 0.954392 	 0.000598241	0.00124984
2445 	 225 	 0.95448 	 0.000601508	0.00125666
2445 	 230 	 0.954565 	 0.000604662	0.00126325
2445 	 235 	 0.954646 	 0.000607712	0.00126962
2445 	 240 	 0.954724 	 0.000610663	0.00127579
2445 	 245 	 0.954799 	 0.000613524	0.00128176
2445 	 250 	 0.954871 	 0.000616299	0.00128756
2445 	 255 	 0.954941 	 0.000618996	0.0012932
2445 	 260 	 0.955008 	 0.000621621	0.00129868
2445 	 265 	 0.955073 	 0.000624179	0.00130402
2445 	 270 	 0.955136 	 0.000626676	0.00130924
2445 	 275 	 0.955197 	 0.000629115	0.00131434
2445 	 280 	 0.955256 	 0.000631503	0.00131932
2445 	 285 	 0.955313 	 0.000633842	0.00132421
2445 	 290 	 0.955368 	 0.000636138	0.00132901
2445 	 295 	 0.955422 	 0.000638392	0.00133372
2445 	 300 	 0.955474 	 0.00064061	0.00133835
2445 	 305 	 0.955524 	 0.000642792	0.00134291
2445 	 310 	 0.955573 	 0.000644943	0.0013474
2445 	 315 	 0.955621 	 0.000647065	0.00135184
2445 	 320 	 0.955667 	 0.00064916	0.00135621
2445 	 325 	 0.955712 	 0.000651229	0.00136054
2445 	 330 	 0.955756 	 0.000653276	0.00136481
2445 	 335 	 0.955798 	 0.000655302	0.00136904
2445 	 340 	 0.95584 	 0.000657307	0.00137323
2445 	 345 	 0.95588 	 0.000659295	0.00137739
2445 	 350 	 0.95592 	 0.000661265	0.0013815
2445 	 355 	 0.955958 	 0.000663219	0.00138559
2445 	 360 	 0.955995 	 0.000665158	0.00138964
2445 	 365 	 0.956032 	 0.000667084	0.00139366
2445 	 370 	 0.956068 	 0.000668996	0.00139766
2445 	 375 	 0.956102 	 0.000670896	0.00140162
2445 	 380 	 0.956137 	 0.000672785	0.00140557
2445 	 385 	 0.95617 	 0.000674663	0.00140949
2445 	 390 	 0.956202 	 0.00067653	0.00141339
2445 	 395 	 0.956234 	 0.000678387	0.00141727
2445 	 400 	 0.956265 	 0.000680235	0.00142114
2445 	 405 	 0.956295 	 0.000682074	0.00142498
2445 	 410 	 0.956325 	 0.000683905	0.0014288
2445 	 415 	 0.956354 	 0.000685727	0.00143261
2445 	 420 	 0.956383 	 0.000687541	0.0014364
2445 	 425 	 0.956411 	 0.000689348	0.00144017
2445 	 430 	 0.956438 	 0.000691147	0.00144393
2445 	 435 	 0.956465 	 0.000692938	0.00144767
2445 	 440 	 0.956491 	 0.000694723	0.0014514
2445 	 445 	 0.956517 	 0.000696501	0.00145512
2445 	 450 	 0.956542 	 0.000698272	0.00145882
2445 	 455 	 0.956567 	 0.000700036	0.0014625
2445 	 460 	 0.956591 	 0.000701794	0.00146618
2445 	 465 	 0.956615 	 0.000703545	0.00146983
2445 	 470 	 0.956638 	 0.00070529	0.00147348
2445 	 475 	 0.956661 	 0.000707029	0.00147711
2445 	 480 	 0.956683 	 0.000708762	0.00148073
2445 	 485 	 0.956705 	 0.000710488	0.00148434
2445 	 490 	 0.956727 	 0.000712208	0.00148793
2445 	 495 	 0.956748 	 0.000713923	0.00149151
2445 	 500 	 0.956769 	 0.000715631	0.00149508
2445 	 505 	 0.95679 	 0.000717333	0.00149864
2445 	 510 	 0.95681 	 0.000719029	0.00150218
2445 	 515 	 0.95683 	 0.000720719	0.00150571
2445 	 520 	 0.95685 	 0.000722404	0.00150923
2445 	 525 	 0.956869 	 0.000724082	0.00151274
2445 	 530 	 0.956888 	 0.000725754	0.00151623
2445 	 535 	 0.956906 	 0.000727421	0.00151971
2445 	 540 	 0.956925 	 0.000729082	0.00152318
2445 	 545 	 0.956943 	 0.000730736	0.00152664
2445 	 550 	 0.95696 	 0.000732385	0.00153009
2445 	 555 	 0.956978 	 0.000734028	0.00153352
2445 	 560 	 0.956995 	 0.000735664	0.00153694
2445 	 565 	 0.957012 	 0.000737295	0.00154034
2445 	 570 	 0.957029 	 0.00073892	0.00154374
2445 	 575 	 0.957045 	 0.000740539	0.00154712
2445 	 580 	 0.957061 	 0.000742152	0.00155049
2445 	 585 	 0.957077 	 0.000743759	0.00155385
2445 	 590 	 0.957093 	 0.000745361	0.00155719
2445 	 595 	 0.957108 	 0.000746956	0.00156053
2445 	 600 	 0.957123 	 0.000748545	0.00156385
2445 	 605 	 0.957138 	 0.000750128	0.00156715
2445 	 610 	 0.957153 	 0.000751706	0.00157045
2445 	 615 	 0.957168 	 0.000753277	0.00157373
2445 	 620 	 0.957182 	 0.000754842	0.001577
2445 	 625 	 0.957196 	 0.000756401	0.00158026
2445 	 630 	 0.95721 	 0.000757955	0.00158351
2445 	 635 	 0.957224 	 0.000759502	0.00158674
2445 	 640 	 0.957238 	 0.000761043	0.00158996
2445 	 645 	 0.957251 	 0.000762579	0.00159317
2445 	 650 	 0.957264 	 0.000764108	0.00159636
2445 	 655 	 0.957277 	 0.000765631	0.00159954
2445 	 660 	 0.95729 	 0.000767149	0.00160271
2445 	 665 	 0.957303 	 0.00076866	0.00160587
2445 	 670 	 0.957316 	 0.000770166	0.00160902
2445 	 675 	 0.957328 	 0.000771665	0.00161215
2445 	 680 	 0.95734 	 0.000773159	0.00161527
2445 	 685 	 0.957352 	 0.000774646	0.00161838
2445 	 690 	 0.957364 	 0.000776128	0.00162147
2445 	 695 	 0.957376 	 0.000777603	0.00162456
2445 	 700 	 0.957388 	 0.000779073	0.00162763
2445 	 705 	 0.957399 	 0.000780537	0.00163068
2445 	 710 	 0.957411 	 0.000781995	0.00163373
2445 	 715 	 0.957422 	 0.000783447	0.00163676
2445 	 720 	 0.957433 	 0.000784893	0.00163978
2445 	 725 	 0.957444 	 0.000786333	0.00164279
2445 	 730 	 0.957455 	 0.000787767	0.00164579
2445 	 735 	 0.957465 	 0.000789196	0.00164877
2445 	 740 	 0.957476 	 0.000790618	0.00165175
2445 	 745 	 0.957486 	 0.000792035	0.00165471
2445 	 750 	 0.957497 	 0.000793446	0.00165765
2445 	 755 	 0.957507 	 0.000794851	0.00166059
2445 	 760 	 0.957517 	 0.00079625	0.00166351
2445 	 765 	 0.957527 	 0.000797644	0.00166642
2445 	 770 	 0.957537 	 0.000799032	0.00166932
2445 	 775 	 0.957547 	 0.000800414	0.00167221
2445 	 780 	 0.957556 	 0.00080179	0.00167509
2445 	 785 	 0.957566 	 0.000803161	0.00167795
2445 	 790 	 0.957575 	 0.000804526	0.0016808
2445 	 795 	 0.957585 	 0.000805885	0.00168364
2445 	 800 	 0.957594 	 0.000807239	0.00168647
2445 	 805 	 0.957603 	 0.000808587	0.00168929
2445 	 810 	 0.957612 	 0.000809929	0.00169209
2445 	 815 	 0.957621 	 0.000811266	0.00169488
2445 	 820 	 0.95763 	 0.000812597	0.00169766
2445 	 825 	 0.957639 	 0.000813923	0.00170043
2445 	 830 	 0.957647 	 0.000815243	0.00170319
2445 	 835 	 0.957656 	 0.000816558	0.00170594
2445 	 840 	 0.957664 	 0.000817867	0.00170867
2445 	 845 	 0.957673 	 0.000819171	0.0017114
2445 	 850 	 0.957681 	 0.000820469	0.00171411
2445 	 855 	 0.957689 	 0.000821762	0.00171681
2445 	 860 	 0.957697 	 0.00082305	0.0017195
2445 	 865 	 0.957706 	 0.000824332	0.00172218
2445 	 870 	 0.957714 	 0.000825608	0.00172485
2445 	 875 	 0.957721 	 0.00082688	0.0017275
2445 	 880 	 0.957729 	 0.000828146	0.00173015
2445 	 885 	 0.957737 	 0.000829407	0.00173278
2445 	 890 	 0.957745 	 0.000830663	0.00173541
2445 	 895 	 0.957752 	 0.000831913	0.00173802
2445 	 900 	 0.95776 	 0.000833158	0.00174062
2445 	 905 	 0.957767 	 0.000834398	0.00174321
2445 	 910 	 0.957775 	 0.000835633	0.00174579
2445 	 915 	 0.957782 	 0.000836863	0.00174836
2445 	 920 	 0.957789 	 0.000838087	0.00175092
2445 	 925 	 0.957797 	 0.000839307	0.00175346
2445 	 930 	 0.957804 	 0.000840521	0.001756
2445 	 935 	 0.957811 	 0.000841731	0.00175853
2445 	 940 	 0.957818 	 0.000842935	0.00176104
2445 	 945 	 0.957825 	 0.000844134	0.00176355
2445 	 950 	 0.957832 	 0.000845329	0.00176605
2445 	 955 	 0.957838 	 0.000846518	0.00176853
2445 	 960 	 0.957845 	 0.000847703	0.00177101
2445 	 965 	 0.957852 	 0.000848883	0.00177347
2445 	 970 	 0.957858 	 0.000850058	0.00177593
2445 	 975 	 0.957865 	 0.000851228	0.00177837
2445 	 980 	 0.957872 	 0.000852393	0.0017808
2445 	 985 	 0.957878 	 0.000853553	0.00178323
2445 	 990 	 0.957884 	 0.000854709	0.00178564
2445 	 995 	 0.957891 	 0.00085586	0.00178805
2445 	 1000 	 0.957897 	 0.000857006	0.00179044
2445 	 1005 	 0.957903 	 0.000858147	0.00179283
2445 	 1010 	 0.957909 	 0.000859284	0.0017952
2445 	 1015 	 0.957916 	 0.000860416	0.00179757
2445 	 1020 	 0.957922 	 0.000861544	0.00179992
2445 	 1025 	 0.957928 	 0.000862667	0.00180227
2445 	 1030 	 0.957934 	 0.000863785	0.00180461
2445 	 1035 	 0.95794 	 0.000864899	0.00180693
2445 	 1040 	 0.957946 	 0.000866009	0.00180925
2445 	 1045 	 0.957951 	 0.000867114	0.00181156
2445 	 1050 	 0.957957 	 0.000868214	0.00181386
2445 	 1055 	 0.957963 	 0.00086931	0.00181615
2445 	 1060 	 0.957969 	 0.000870401	0.00181843
2445 	 1065 	 0.957974 	 0.000871489	0.0018207
2445 	 1070 	 0.95798 	 0.000872571	0.00182296
2445 	 1075 	 0.957985 	 0.00087365	0.00182521
2445 	 1080 	 0.957991 	 0.000874724	0.00182746
2445 	 1085 	 0.957996 	 0.000875794	0.00182969
2445 	 1090 	 0.958002 	 0.000876859	0.00183192
2445 	 1095 	 0.958007 	 0.00087792	0.00183414
2445 	 1100 	 0.958013 	 0.000878977	0.00183634
2445 	 1105 	 0.958018 	 0.00088003	0.00183854
2445 	 1110 	 0.958023 	 0.000881079	0.00184073
2445 	 1115 	 0.958028 	 0.000882123	0.00184292
2445 	 1120 	 0.958033 	 0.000883163	0.00184509
2445 	 1125 	 0.958039 	 0.0008842	0.00184725
2445 	 1130 	 0.958044 	 0.000885232	0.00184941
2445 	 1135 	 0.958049 	 0.00088626	0.00185156
2445 	 1140 	 0.958054 	 0.000887284	0.0018537
2445 	 1145 	 0.958059 	 0.000888304	0.00185583
2445 	 1150 	 0.958064 	 0.00088932	0.00185795
2445 	 1155 	 0.958069 	 0.000890332	0.00186006
2445 	 1160 	 0.958074 	 0.00089134	0.00186217
2445 	 1165 	 0.958078 	 0.000892344	0.00186427
2445 	 1170 	 0.958083 	 0.000893344	0.00186636
2445 	 1175 	 0.958088 	 0.00089434	0.00186844
2445 	 1180 	 0.958093 	 0.000895332	0.00187051
2445 	 1185 	 0.958097 	 0.000896321	0.00187258
2445 	 1190 	 0.958102 	 0.000897306	0.00187464
2445 	 1195 	 0.958107 	 0.000898287	0.00187668
2445 	 1200 	 0.958111 	 0.000899264	0.00187873
2445 	 1205 	 0.958116 	 0.000900237	0.00188076
2445 	 1210 	 0.95812 	 0.000901207	0.00188279
2445 	 1215 	 0.958125 	 0.000902173	0.0018848
2445 	 1220 	 0.958129 	 0.000903135	0.00188681
2445 	 1225 	 0.958134 	 0.000904093	0.00188882
2445 	 1230 	 0.958138 	 0.000905048	0.00189081
2445 	 1235 	 0.958143 	 0.000905999	0.0018928
2445 	 1240 	 0.958147 	 0.000906947	0.00189478
2445 	 1245 	 0.958151 	 0.000907891	0.00189675
2445 	 1250 	 0.958156 	 0.000908831	0.00189871
2445 	 1255 	 0.95816 	 0.000909768	0.00190067
2445 	 1260 	 0.958164 	 0.000910702	0.00190262
2445 	 1265 	 0.958168 	 0.000911632	0.00190456
2445 	 1270 	 0.958173 	 0.000912558	0.0019065
2445 	 1275 	 0.958177 	 0.000913481	0.00190843
2445 	 1280 	 0.958181 	 0.0009144	0.00191035
2445 	 1285 	 0.958185 	 0.000915316	0.00191226
2445 	 1290 	 0.958189 	 0.000916229	0.00191417
2445 	 1295 	 0.958193 	 0.000917138	0.00191607
2445 	 1300 	 0.958197 	 0.000918043	0.00191796
2445 	 1305 	 0.958201 	 0.000918946	0.00191985
2445 	 1310 	 0.958205 	 0.000919845	0.00192172
2445 	 1315 	 0.958209 	 0.000920741	0.00192359
2445 	 1320 	 0.958213 	 0.000921633	0.00192546
2445 	 1325 	 0.958217 	 0.000922522	0.00192732
2445 	 1330 	 0.958221 	 0.000923408	0.00192917
2445 	 1335 	 0.958224 	 0.000924291	0.00193101
2445 	 1340 	 0.958228 	 0.00092517	0.00193285
2445 	 1345 	 0.958232 	 0.000926046	0.00193468
2445 	 1350 	 0.958236 	 0.000926919	0.0019365
2445 	 1355 	 0.95824 	 0.000927789	0.00193832
2445 	 1360 	 0.958243 	 0.000928655	0.00194013
2445 	 1365 	 0.958247 	 0.000929519	0.00194193
2445 	 1370 	 0.958251 	 0.000930379	0.00194373
2445 	 1375 	 0.958254 	 0.000931237	0.00194552
2445 	 1380 	 0.958258 	 0.000932091	0.00194731
2445 	 1385 	 0.958262 	 0.000932942	0.00194909
2445 	 1390 	 0.958265 	 0.00093379	0.00195086
2445 	 1395 	 0.958269 	 0.000934635	0.00195262
2445 	 1400 	 0.958272 	 0.000935477	0.00195438
2445 	 1405 	 0.958276 	 0.000936316	0.00195613
2445 	 1410 	 0.958279 	 0.000937152	0.00195788
2445 	 1415 	 0.958283 	 0.000937985	0.00195962
2445 	 1420 	 0.958286 	 0.000938815	0.00196135
2445 	 1425 	 0.95829 	 0.000939642	0.00196308
2445 	 1430 	 0.958293 	 0.000940466	0.0019648
2445 	 1435 	 0.958296 	 0.000941287	0.00196652
2445 	 1440 	 0.9583 	 0.000942105	0.00196823
2445 	 1445 	 0.958303 	 0.000942921	0.00196993
2445 	 1450 	 0.958306 	 0.000943733	0.00197163
2445 	 1455 	 0.95831 	 0.000944543	0.00197332
2445 	 1460 	 0.958313 	 0.00094535	0.00197501
2445 	 1465 	 0.958316 	 0.000946154	0.00197669
2445 	 1470 	 0.95832 	 0.000946955	0.00197836
2445 	 1475 	 0.958323 	 0.000947754	0.00198003
2445 	 1480 	 0.958326 	 0.00094855	0.00198169
2445 	 1485 	 0.958329 	 0.000949343	0.00198335
2445 	 1490 	 0.958332 	 0.000950133	0.001985
2445 	 1495 	 0.958336 	 0.000950921	0.00198665
2445 	 1500 	 0.958339 	 0.000951705	0.00198829
2445 	 1505 	 0.958342 	 0.000952488	0.00198992
2445 	 1510 	 0.958345 	 0.000953267	0.00199155
2445 	 1515 	 0.958348 	 0.000954044	0.00199317
2445 	 1520 	 0.958351 	 0.000954818	0.00199479
2445 	 1525 	 0.958354 	 0.000955589	0.0019964
2445 	 1530 	 0.958357 	 0.000956358	0.00199801
2445 	 1535 	 0.95836 	 0.000957124	0.00199961
2445 	 1540 	 0.958363 	 0.000957888	0.0020012
2445 	 1545 	 0.958366 	 0.000958649	0.00200279
2445 	 1550 	 0.958369 	 0.000959408	0.00200438
2445 	 1555 	 0.958372 	 0.000960164	0.00200596
2445 	 1560 	 0.958375 	 0.000960917	0.00200753
2445 	 1565 	 0.958378 	 0.000961668	0.0020091
2445 	 1570 	 0.958381 	 0.000962416	0.00201066
2445 	 1575 	 0.958384 	 0.000963162	0.00201222
2445 	 1580 	 0.958387 	 0.000963906	0.00201377
2445 	 1585 	 0.95839 	 0.000964646	0.00201532
2445 	 1590 	 0.958392 	 0.000965385	0.00201687
2445 	 1595 	 0.958395 	 0.000966121	0.0020184
2445 	 1600 	 0.958398 	 0.000966854	0.00201994
2445 	 1605 	 0.958401 	 0.000967586	0.00202146
2445 	 1610 	 0.958404 	 0.000968314	0.00202299
2445 	 1615 	 0.958406 	 0.000969041	0.0020245
2445 	 1620 	 0.958409 	 0.000969765	0.00202601
2445 	 1625 	 0.958412 	 0.000970486	0.00202752
2445 	 1630 	 0.958415 	 0.000971205	0.00202903
2445 	 1635 	 0.958417 	 0.000971922	0.00203052
2445 	 1640 	 0.95842 	 0.000972637	0.00203202
2445 	 1645 	 0.958423 	 0.000973349	0.0020335
2445 	 1650 	 0.958425 	 0.000974059	0.00203499
2445 	 1655 	 0.958428 	 0.000974766	0.00203646
2445 	 1660 	 0.958431 	 0.000975472	0.00203794
2445 	 1665 	 0.958433 	 0.000976175	0.00203941
2445 	 1670 	 0.958436 	 0.000976876	0.00204087
2445 	 1675 	 0.958439 	 0.000977574	0.00204233
2445 	 1680 	 0.958441 	 0.00097827	0.00204379
2445 	 1685 	 0.958444 	 0.000978964	0.00204524
2445 	 1690 	 0.958446 	 0.000979656	0.00204668
2445 	 1695 	 0.958449 	 0.000980346	0.00204812
2445 	 1700 	 0.958452 	 0.000981033	0.00204956
2445 	 1705 	 0.958454 	 0.000981719	0.00205099
2445 	 1710 	 0.958457 	 0.000982402	0.00205242
2445 	 1715 	 0.958459 	 0.000983083	0.00205384
2445 	 1720 	 0.958462 	 0.000983761	0.00205526
2445 	 1725 	 0.958464 	 0.000984438	0.00205667
2445 	 1730 	 0.958467 	 0.000985112	0.00205808
2445 	 1735 	 0.958469 	 0.000985785	0.00205948
2445 	 1740 	 0.958471 	 0.000986455	0.00206088
2445 	 1745 	 0.958474 	 0.000987123	0.00206228
2445 	 1750 	 0.958476 	 0.000987789	0.00206367
2445 	 1755 	 0.958479 	 0.000988453	0.00206506
2445 	 1760 	 0.958481 	 0.000989115	0.00206644
2445 	 1765 	 0.958483 	 0.000989775	0.00206782
2445 	 1770 	 0.958486 	 0.000990433	0.00206919
2445 	 1775 	 0.958488 	 0.000991089	0.00207056
2445 	 1780 	 0.958491 	 0.000991742	0.00207193
2445 	 1785 	 0.958493 	 0.000992394	0.00207329
2445 	 1790 	 0.958495 	 0.000993044	0.00207465
2445 	 1795 	 0.958498 	 0.000993692	0.002076
2445 	 1800 	 0.9585 	 0.000994338	0.00207735
2445 	 1805 	 0.958502 	 0.000994981	0.0020787
2445 	 1810 	 0.958504 	 0.000995623	0.00208004
2445 	 1815 	 0.958507 	 0.000996263	0.00208138
2445 	 1820 	 0.958509 	 0.000996901	0.00208271
2445 	 1825 	 0.958511 	 0.000997537	0.00208404
2445 	 1830 	 0.958513 	 0.000998171	0.00208536
2445 	 1835 	 0.958516 	 0.000998803	0.00208668
2445 	 1840 	 0.958518 	 0.000999433	0.002088
2445 	 1845 	 0.95852 	 0.00100006	0.00208931
2445 	 1850 	 0.958522 	 0.00100069	0.00209062
2445 	 1855 	 0.958525 	 0.00100131	0.00209193
2445 	 1860 	 0.958527 	 0.00100194	0.00209323
2445 	 1865 	 0.958529 	 0.00100256	0.00209452
2445 	 1870 	 0.958531 	 0.00100318	0.00209582
2445 	 1875 	 0.958533 	 0.00100379	0.00209711
2445 	 1880 	 0.958535 	 0.00100441	0.00209839
2445 	 1885 	 0.958537 	 0.00100502	0.00209967
2445 	 1890 	 0.95854 	 0.00100563	0.00210095
2445 	 1895 	 0.958542 	 0.00100624	0.00210222
2445 	 1900 	 0.958544 	 0.00100685	0.0021035
2445 	 1905 	 0.958546 	 0.00100746	0.00210476
2445 	 1910 	 0.958548 	 0.00100806	0.00210602
2445 	 1915 	 0.95855 	 0.00100866	0.00210728
2445 	 1920 	 0.958552 	 0.00100927	0.00210854
2445 	 1925 	 0.958554 	 0.00100986	0.00210979
2445 	 1930 	 0.958556 	 0.00101046	0.00211104
2445 	 1935 	 0.958558 	 0.00101106	0.00211228
2445 	 1940 	 0.95856 	 0.00101165	0.00211352
2445 	 1945 	 0.958562 	 0.00101224	0.00211476
2445 	 1950 	 0.958564 	 0.00101283	0.002116
2445 	 1955 	 0.958566 	 0.00101342	0.00211723
2445 	 1960 	 0.958568 	 0.00101401	0.00211845
2445 	 1965 	 0.95857 	 0.0010146	0.00211968
2445 	 1970 	 0.958572 	 0.00101518	0.0021209
2445 	 1975 	 0.958574 	 0.00101576	0.00212211
2445 	 1980 	 0.958576 	 0.00101634	0.00212332
2445 	 1985 	 0.958578 	 0.00101692	0.00212453
2445 	 1990 	 0.95858 	 0.0010175	0.00212574
2445 	 1995 	 0.958582 	 0.00101807	0.00212694
2445 	 2000 	 0.958584 	 0.00101865	0.00212814
2445 	 2005 	 0.958586 	 0.00101922	0.00212934
2445 	 2010 	 0.958588 	 0.00101979	0.00213053
2445 	 2015 	 0.95859 	 0.00102036	0.00213172
2445 	 2020 	 0.958592 	 0.00102093	0.0021329
2445 	 2025 	 0.958594 	 0.00102149	0.00213408
2445 	 2030 	 0.958595 	 0.00102206	0.00213526
2445 	 2035 	 0.958597 	 0.00102262	0.00213644
2445 	 2040 	 0.958599 	 0.00102318	0.00213761
2445 	 2045 	 0.958601 	 0.00102374	0.00213878
2445 	 2050 	 0.958603 	 0.0010243	0.00213994
2445 	 2055 	 0.958605 	 0.00102485	0.00214111
2445 	 2060 	 0.958607 	 0.00102541	0.00214226
2445 	 2065 	 0.958608 	 0.00102596	0.00214342
2445 	 2070 	 0.95861 	 0.00102651	0.00214457
2445 	 2075 	 0.958612 	 0.00102706	0.00214572
2445 	 2080 	 0.958614 	 0.00102761	0.00214687
2445 	 2085 	 0.958616 	 0.00102816	0.00214801
2445 	 2090 	 0.958617 	 0.0010287	0.00214915
2445 	 2095 	 0.958619 	 0.00102925	0.00215029
2445 	 2100 	 0.958621 	 0.00102979	0.00215142
2445 	 2105 	 0.958623 	 0.00103033	0.00215255
2445 	 2110 	 0.958625 	 0.00103087	0.00215368
2445 	 2115 	 0.958626 	 0.00103141	0.0021548
2445 	 2120 	 0.958628 	 0.00103195	0.00215593
2445 	 2125 	 0.95863 	 0.00103248	0.00215704
2445 	 2130 	 0.958631 	 0.00103302	0.00215816
2445 	 2135 	 0.958633 	 0.00103355	0.00215927
2445 	 2140 	 0.958635 	 0.00103408	0.00216038
2445 	 2145 	 0.958637 	 0.00103461	0.00216149
2445 	 2150 	 0.958638 	 0.00103514	0.00216259
2445 	 2155 	 0.95864 	 0.00103566	0.00216369
2445 	 2160 	 0.958642 	 0.00103619	0.00216479
2445 	 2165 	 0.958643 	 0.00103671	0.00216588
2445 	 2170 	 0.958645 	 0.00103723	0.00216697
2445 	 2175 	 0.958647 	 0.00103776	0.00216806
2445 	 2180 	 0.958648 	 0.00103828	0.00216915
2445 	 2185 	 0.95865 	 0.00103879	0.00217023
2445 	 2190 	 0.958652 	 0.00103931	0.00217131
2445 	 2195 	 0.958653 	 0.00103983	0.00217239
2445 	 2200 	 0.958655 	 0.00104034	0.00217346
2445 	 2205 	 0.958657 	 0.00104085	0.00217453
2445 	 2210 	 0.958658 	 0.00104136	0.0021756
2445 	 2215 	 0.95866 	 0.00104187	0.00217666
2445 	 2220 	 0.958662 	 0.00104238	0.00217773
2445 	 2225 	 0.958663 	 0.00104289	0.00217879
2445 	 2230 	 0.958665 	 0.0010434	0.00217984
2445 	 2235 	 0.958666 	 0.0010439	0.0021809
2445 	 2240 	 0.958668 	 0.0010444	0.00218195
2445 	 2245 	 0.95867 	 0.00104491	0.002183
2445 	 2250 	 0.958671 	 0.00104541	0.00218405
2445 	 2255 	 0.958673 	 0.00104591	0.00218509
2445 	 2260 	 0.958674 	 0.0010464	0.00218613
2445 	 2265 	 0.958676 	 0.0010469	0.00218717
2445 	 2270 	 0.958677 	 0.0010474	0.0021882
2445 	 2275 	 0.958679 	 0.00104789	0.00218924
2445 	 2280 	 0.95868 	 0.00104838	0.00219027
2445 	 2285 	 0.958682 	 0.00104888	0.00219129
2445 	 2290 	 0.958684 	 0.00104937	0.00219232
2445 	 2295 	 0.958685 	 0.00104986	0.00219334
2445 	 2300 	 0.958687 	 0.00105034	0.00219436
2445 	 2305 	 0.958688 	 0.00105083	0.00219538
2445 	 2310 	 0.95869 	 0.00105132	0.00219639
2445 	 2315 	 0.958691 	 0.0010518	0.0021974
2445 	 2320 	 0.958693 	 0.00105228	0.00219841
2445 	 2325 	 0.958694 	 0.00105276	0.00219942
2445 	 2330 	 0.958696 	 0.00105325	0.00220042
2445 	 2335 	 0.958697 	 0.00105372	0.00220142
2445 	 2340 	 0.958699 	 0.0010542	0.00220242
2445 	 2345 	 0.9587 	 0.00105468	0.00220342
2445 	 2350 	 0.958702 	 0.00105516	0.00220441
2445 	 2355 	 0.958703 	 0.00105563	0.0022054
2445 	 2360 	 0.958704 	 0.0010561	0.00220639
2445 	 2365 	 0.958706 	 0.00105658	0.00220738
2445 	 2370 	 0.958707 	 0.00105705	0.00220836
2445 	 2375 	 0.958709 	 0.00105752	0.00220934
2445 	 2380 	 0.95871 	 0.00105799	0.00221032
2445 	 2385 	 0.958712 	 0.00105845	0.0022113
2445 	 2390 	 0.958713 	 0.00105892	0.00221227
2445 	 2395 	 0.958715 	 0.00105938	0.00221325
2445 	 2400 	 0.958716 	 0.00105985	0.00221422
2445 	 2405 	 0.958717 	 0.00106031	0.00221518
2445 	 2410 	 0.958719 	 0.00106077	0.00221615
2445 	 2415 	 0.95872 	 0.00106123	0.00221711
2445 	 2420 	 0.958722 	 0.00106169	0.00221807
2445 	 2425 	 0.958723 	 0.00106215	0.00221903
2445 	 2430 	 0.958724 	 0.00106261	0.00221998
2445 	 2435 	 0.958726 	 0.00106306	0.00222093
2445 	 2440 	 0.958727 	 0.00106352	0.00222188
2445 	 2445 	 0.958728 	 0.00106397	0.00222283
2445 	 2450 	 0.95873 	 0.00106443	0.00222378
2445 	 2455 	 0.958731 	 0.00106488	0.00222472
2445 	 2460 	 0.958733 	 0.00106533	0.00222566
2445 	 2465 	 0.958734 	 0.00106578	0.0022266
2445 	 2470 	 0.958735 	 0.00106622	0.00222754
2445 	 2475 	 0.958737 	 0.00106667	0.00222847
2445 	 2480 	 0.958738 	 0.00106712	0.0022294
2445 	 2485 	 0.958739 	 0.00106756	0.00223033
2445 	 2490 	 0.958741 	 0.00106801	0.00223126
2445 	 2495 	 0.958742 	 0.00106845	0.00223219
2445 	 2500 	 0.958743 	 0.00106889	0.00223311
2445 	 2505 	 0.958745 	 0.00106933	0.00223403
2445 	 2510 	 0.958746 	 0.00106977	0.00223495
2445 	 2515 	 0.958747 	 0.00107021	0.00223587
2445 	 2520 	 0.958749 	 0.00107065	0.00223678
2445 	 2525 	 0.95875 	 0.00107109	0.00223769
2445 	 2530 	 0.958751 	 0.00107152	0.0022386
2445 	 2535 	 0.958752 	 0.00107196	0.00223951
2445 	 2540 	 0.958754 	 0.00107239	0.00224042
2445 	 2545 	 0.958755 	 0.00107282	0.00224132
2445 	 2550 	 0.958756 	 0.00107325	0.00224222
2445 	 2555 	 0.958758 	 0.00107368	0.00224312
2445 	 2560 	 0.958759 	 0.00107411	0.00224402
2445 	 2565 	 0.95876 	 0.00107454	0.00224491
2445 	 2570 	 0.958761 	 0.00107497	0.00224581
2445 	 2575 	 0.958763 	 0.0010754	0.0022467
2445 	 2580 	 0.958764 	 0.00107582	0.00224759
2445 	 2585 	 0.958765 	 0.00107625	0.00224847
2445 	 2590 	 0.958766 	 0.00107667	0.00224936
2445 	 2595 	 0.958768 	 0.00107709	0.00225024
2445 	 2600 	 0.958769 	 0.00107751	0.00225112
2445 	 2605 	 0.95877 	 0.00107793	0.002252
2445 	 2610 	 0.958771 	 0.00107835	0.00225287
2445 	 2615 	 0.958772 	 0.00107877	0.00225375
2445 	 2620 	 0.958774 	 0.00107919	0.00225462
2445 	 2625 	 0.958775 	 0.0010796	0.00225549
2445 	 2630 	 0.958776 	 0.00108002	0.00225636
2445 	 2635 	 0.958777 	 0.00108044	0.00225723
2445 	 2640 	 0.958779 	 0.00108085	0.00225809
2445 	 2645 	 0.95878 	 0.00108126	0.00225895
2445 	 2650 	 0.958781 	 0.00108167	0.00225981
2445 	 2655 	 0.958782 	 0.00108208	0.00226067
2445 	 2660 	 0.958783 	 0.00108249	0.00226153
2445 	 2665 	 0.958785 	 0.0010829	0.00226238
2445 	 2670 	 0.958786 	 0.00108331	0.00226323
2445 	 2675 	 0.958787 	 0.00108372	0.00226409
2445 	 2680 	 0.958788 	 0.00108412	0.00226493
2445 	 2685 	 0.958789 	 0.00108453	0.00226578
2445 	 2690 	 0.95879 	 0.00108493	0.00226663
2445 	 2695 	 0.958792 	 0.00108534	0.00226747
2445 	 2700 	 0.958793 	 0.00108574	0.00226831
2445 	 2705 	 0.958794 	 0.00108614	0.00226915
2445 	 2710 	 0.958795 	 0.00108654	0.00226999
2445 	 2715 	 0.958796 	 0.00108694	0.00227082
2445 	 2720 	 0.958797 	 0.00108734	0.00227165
2445 	 2725 	 0.958798 	 0.00108774	0.00227249
2445 	 2730 	 0.9588 	 0.00108814	0.00227332
2445 	 2735 	 0.958801 	 0.00108853	0.00227414
2445 	 2740 	 0.958802 	 0.00108893	0.00227497
2445 	 2745 	 0.958803 	 0.00108932	0.00227579
2445 	 2750 	 0.958804 	 0.00108972	0.00227662
2445 	 2755 	 0.958805 	 0.00109011	0.00227744
2445 	 2760 	 0.958806 	 0.0010905	0.00227826
2445 	 2765 	 0.958808 	 0.00109089	0.00227907
2445 	 2770 	 0.958809 	 0.00109128	0.00227989
2445 	 2775 	 0.95881 	 0.00109167	0.0022807
2445 	 2780 	 0.958811 	 0.00109206	0.00228151
2445 	 2785 	 0.958812 	 0.00109245	0.00228232
2445 	 2790 	 0.958813 	 0.00109283	0.00228313
2445 	 2795 	 0.958814 	 0.00109322	0.00228394
2445 	 2800 	 0.958815 	 0.00109361	0.00228474
2445 	 2805 	 0.958816 	 0.00109399	0.00228554
2445 	 2810 	 0.958817 	 0.00109437	0.00228634
2445 	 2815 	 0.958818 	 0.00109476	0.00228714
2445 	 2820 	 0.95882 	 0.00109514	0.00228794
2445 	 2825 	 0.958821 	 0.00109552	0.00228874
2445 	 2830 	 0.958822 	 0.0010959	0.00228953
2445 	 2835 	 0.958823 	 0.00109628	0.00229032
2445 	 2840 	 0.958824 	 0.00109666	0.00229111
2445 	 2845 	 0.958825 	 0.00109703	0.0022919
2445 	 2850 	 0.958826 	 0.00109741	0.00229269
2445 	 2855 	 0.958827 	 0.00109779	0.00229347
2445 	 2860 	 0.958828 	 0.00109816	0.00229426
2445 	 2865 	 0.958829 	 0.00109853	0.00229504
2445 	 2870 	 0.95883 	 0.00109891	0.00229582
2445 	 2875 	 0.958831 	 0.00109928	0.0022966
2445 	 2880 	 0.958832 	 0.00109965	0.00229738
2445 	 2885 	 0.958833 	 0.00110002	0.00229815
2445 	 2890 	 0.958834 	 0.00110039	0.00229892
2445 	 2895 	 0.958835 	 0.00110076	0.0022997
2445 	 2900 	 0.958836 	 0.00110113	0.00230047
2445 	 2905 	 0.958837 	 0.0011015	0.00230124
2445 	 2910 	 0.958838 	 0.00110187	0.002302
2445 	 2915 	 0.958839 	 0.00110223	0.00230277
2445 	 2920 	 0.95884 	 0.0011026	0.00230353
2445 	 2925 	 0.958841 	 0.00110296	0.00230429
2445 	 2930 	 0.958843 	 0.00110333	0.00230505
2445 	 2935 	 0.958844 	 0.00110369	0.00230581
2445 	 2940 	 0.958845 	 0.00110405	0.00230657
2445 	 2945 	 0.958846 	 0.00110442	0.00230733
2445 	 2950 	 0.958847 	 0.00110478	0.00230808
2445 	 2955 	 0.958848 	 0.00110514	0.00230883
2445 	 2960 	 0.958849 	 0.0011055	0.00230958
2445 	 2965 	 0.958849 	 0.00110586	0.00231033
2445 	 2970 	 0.95885 	 0.00110621	0.00231108
2445 	 2975 	 0.958851 	 0.00110657	0.00231183
2445 	 2980 	 0.958852 	 0.00110693	0.00231257
2445 	 2985 	 0.958853 	 0.00110728	0.00231332
2445 	 2990 	 0.958854 	 0.00110764	0.00231406
2445 	 2995 	 0.958855 	 0.00110799	0.0023148
2445 	 3000 	 0.958856 	 0.00110835	0.00231554
2445 	 3005 	 0.958857 	 0.0011087	0.00231627
2445 	 3010 	 0.958858 	 0.00110905	0.00231701
2445 	 3015 	 0.958859 	 0.0011094	0.00231774
2445 	 3020 	 0.95886 	 0.00110975	0.00231848
2445 	 3025 	 0.958861 	 0.0011101	0.00231921
2445 	 3030 	 0.958862 	 0.00111045	0.00231994
2445 	 3035 	 0.958863 	 0.0011108	0.00232067
2445 	 3040 	 0.958864 	 0.00111115	0.00232139
2445 	 3045 	 0.958865 	 0.0011115	0.00232212
2445 	 3050 	 0.958866 	 0.00111184	0.00232284
2445 	 3055 	 0.958867 	 0.00111219	0.00232356
2445 	 3060 	 0.958868 	 0.00111253	0.00232428
2445 	 3065 	 0.958869 	 0.00111288	0.002325
2445 	 3070 	 0.95887 	 0.00111322	0.00232572
2445 	 3075 	 0.958871 	 0.00111356	0.00232644
2445 	 3080 	 0.958872 	 0.00111391	0.00232715
2445 	 3085 	 0.958872 	 0.00111425	0.00232786
2445 	 3090 	 0.958873 	 0.00111459	0.00232858
2445 	 3095 	 0.958874 	 0.00111493	0.00232929
2445 	 3100 	 0.958875 	 0.00111527	0.00233
2445 	 3105 	 0.958876 	 0.00111561	0.0023307
2445 	 3110 	 0.958877 	 0.00111594	0.00233141
2445 	 3115 	 0.958878 	 0.00111628	0.00233211
2445 	 3120 	 0.958879 	 0.00111662	0.00233282
2445 	 3125 	 0.95888 	 0.00111695	0.00233352
2445 	 3130 	 0.958881 	 0.00111729	0.00233422
2445 	 3135 	 0.958882 	 0.00111762	0.00233492
2445 	 3140 	 0.958883 	 0.00111796	0.00233562
2445 	 3145 	 0.958883 	 0.00111829	0.00233631
2445 	 3150 	 0.958884 	 0.00111862	0.00233701
2445 	 3155 	 0.958885 	 0.00111896	0.0023377
2445 	 3160 	 0.958886 	 0.00111929	0.0023384
2445 	 3165 	 0.958887 	 0.00111962	0.00233909
2445 	 3170 	 0.958888 	 0.00111995	0.00233978
2445 	 3175 	 0.958889 	 0.00112028	0.00234046
2445 	 3180 	 0.95889 	 0.00112061	0.00234115
2445 	 3185 	 0.95889 	 0.00112093	0.00234184
2445 	 3190 	 0.958891 	 0.00112126	0.00234252
2445 	 3195 	 0.958892 	 0.00112159	0.0023432
2445 	 3200 	 0.958893 	 0.00112191	0.00234388
2445 	 3205 	 0.958894 	 0.00112224	0.00234456
2445 	 3210 	 0.958895 	 0.00112256	0.00234524
2445 	 3215 	 0.958896 	 0.00112289	0.00234592
2445 	 3220 	 0.958897 	 0.00112321	0.0023466
2445 	 3225 	 0.958897 	 0.00112354	0.00234727
2445 	 3230 	 0.958898 	 0.00112386	0.00234794
2445 	 3235 	 0.958899 	 0.00112418	0.00234862
2445 	 3240 	 0.9589 	 0.0011245	0.00234929
2445 	 3245 	 0.958901 	 0.00112482	0.00234996
2445 	 3250 	 0.958902 	 0.00112514	0.00235063
2445 	 3255 	 0.958903 	 0.00112546	0.00235129
2445 	 3260 	 0.958903 	 0.00112578	0.00235196
2445 	 3265 	 0.958904 	 0.0011261	0.00235262
2445 	 3270 	 0.958905 	 0.00112641	0.00235329
2445 	 3275 	 0.958906 	 0.00112673	0.00235395
2445 	 3280 	 0.958907 	 0.00112705	0.00235461
2445 	 3285 	 0.958908 	 0.00112736	0.00235527
2445 	 3290 	 0.958908 	 0.00112768	0.00235593
2445 	 3295 	 0.958909 	 0.00112799	0.00235658
2445 	 3300 	 0.95891 	 0.00112831	0.00235724
2445 	 3305 	 0.958911 	 0.00112862	0.00235789
2445 	 3310 	 0.958912 	 0.00112893	0.00235854
2445 	 3315 	 0.958913 	 0.00112924	0.0023592
2445 	 3320 	 0.958913 	 0.00112956	0.00235985
2445 	 3325 	 0.958914 	 0.00112987	0.0023605
2445 	 3330 	 0.958915 	 0.00113018	0.00236114
2445 	 3335 	 0.958916 	 0.00113049	0.00236179
2445 	 3340 	 0.958917 	 0.00113079	0.00236244
2445 	 3345 	 0.958917 	 0.0011311	0.00236308
2445 	 3350 	 0.958918 	 0.00113141	0.00236372
2445 	 3355 	 0.958919 	 0.00113172	0.00236437
2445 	 3360 	 0.95892 	 0.00113203	0.00236501
2445 	 3365 	 0.958921 	 0.00113233	0.00236565
2445 	 3370 	 0.958921 	 0.00113264	0.00236628
2445 	 3375 	 0.958922 	 0.00113294	0.00236692
2445 	 3380 	 0.958923 	 0.00113325	0.00236756
2445 	 3385 	 0.958924 	 0.00113355	0.00236819
2445 	 3390 	 0.958925 	 0.00113385	0.00236883
2445 	 3395 	 0.958925 	 0.00113416	0.00236946
2445 	 3400 	 0.958926 	 0.00113446	0.00237009
2445 	 3405 	 0.958927 	 0.00113476	0.00237072
2445 	 3410 	 0.958928 	 0.00113506	0.00237135
2445 	 3415 	 0.958929 	 0.00113536	0.00237198
2445 	 3420 	 0.958929 	 0.00113566	0.0023726
2445 	 3425 	 0.95893 	 0.00113596	0.00237323
2445 	 3430 	 0.958931 	 0.00113626	0.00237385
2445 	 3435 	 0.958932 	 0.00113656	0.00237448
2445 	 3440 	 0.958932 	 0.00113686	0.0023751
2445 	 3445 	 0.958933 	 0.00113715	0.00237572
2445 	 3450 	 0.958934 	 0.00113745	0.00237634
2445 	 3455 	 0.958935 	 0.00113774	0.00237696
2445 	 3460 	 0.958935 	 0.00113804	0.00237757
2445 	 3465 	 0.958936 	 0.00113834	0.00237819
2445 	 3470 	 0.958937 	 0.00113863	0.0023788
2445 	 3475 	 0.958938 	 0.00113892	0.00237942
2445 	 3480 	 0.958939 	 0.00113922	0.00238003
2445 	 3485 	 0.958939 	 0.00113951	0.00238064
2445 	 3490 	 0.95894 	 0.0011398	0.00238125
2445 	 3495 	 0.958941 	 0.00114009	0.00238186
2445 	 3500 	 0.958942 	 0.00114038	0.00238247
2445 	 3505 	 0.958942 	 0.00114068	0.00238308
2445 	 3510 	 0.958943 	 0.00114097	0.00238369
2445 	 3515 	 0.958944 	 0.00114126	0.00238429
2445 	 3520 	 0.958944 	 0.00114154	0.00238489
2445 	 3525 	 0.958945 	 0.00114183	0.0023855
2445 	 3530 	 0.958946 	 0.00114212	0.0023861
2445 	 3535 	 0.958947 	 0.00114241	0.0023867
2445 	 3540 	 0.958947 	 0.0011427	0.0023873
2445 	 3545 	 0.958948 	 0.00114298	0.0023879
2445 	 3550 	 0.958949 	 0.00114327	0.0023885
2445 	 3555 	 0.95895 	 0.00114355	0.00238909
2445 	 3560 	 0.95895 	 0.00114384	0.00238969
2445 	 3565 	 0.958951 	 0.00114412	0.00239028
2445 	 3570 	 0.958952 	 0.00114441	0.00239087
2445 	 3575 	 0.958953 	 0.00114469	0.00239147
2445 	 3580 	 0.958953 	 0.00114497	0.00239206
2445 	 3585 	 0.958954 	 0.00114526	0.00239265
2445 	 3590 	 0.958955 	 0.00114554	0.00239324
2445 	 3595 	 0.958955 	 0.00114582	0.00239382
2445 	 3600 	 0.958956 	 0.0011461	0.00239441
2445 	 3605 	 0.958957 	 0.00114638	0.002395
2445 	 3610 	 0.958958 	 0.00114666	0.00239558
2445 	 3615 	 0.958958 	 0.00114694	0.00239617
2445 	 3620 	 0.958959 	 0.00114722	0.00239675
2445 	 3625 	 0.95896 	 0.0011475	0.00239733
2445 	 3630 	 0.95896 	 0.00114777	0.00239791
2445 	 3635 	 0.958961 	 0.00114805	0.00239849
2445 	 3640 	 0.958962 	 0.00114833	0.00239907
2445 	 3645 	 0.958962 	 0.00114861	0.00239965
2445 	 3650 	 0.958963 	 0.00114888	0.00240022
2445 	 3655 	 0.958964 	 0.00114916	0.0024008
2445 	 3660 	 0.958965 	 0.00114943	0.00240137
2445 	 3665 	 0.958965 	 0.00114971	0.00240195
2445 	 3670 	 0.958966 	 0.00114998	0.00240252
2445 	 3675 	 0.958967 	 0.00115025	0.00240309
2445 	 3680 	 0.958967 	 0.00115053	0.00240366
2445 	 3685 	 0.958968 	 0.0011508	0.00240423
2445 	 3690 	 0.958969 	 0.00115107	0.0024048
2445 	 3695 	 0.958969 	 0.00115134	0.00240537
2445 	 3700 	 0.95897 	 0.00115162	0.00240593
2445 	 3705 	 0.958971 	 0.00115189	0.0024065
2445 	 3710 	 0.958971 	 0.00115216	0.00240707
2445 	 3715 	 0.958972 	 0.00115243	0.00240763
2445 	 3720 	 0.958973 	 0.0011527	0.00240819
2445 	 3725 	 0.958973 	 0.00115296	0.00240875
2445 	 3730 	 0.958974 	 0.00115323	0.00240931
2445 	 3735 	 0.958975 	 0.0011535	0.00240987
2445 	 3740 	 0.958975 	 0.00115377	0.00241043
2445 	 3745 	 0.958976 	 0.00115404	0.00241099
2445 	 3750 	 0.958977 	 0.0011543	0.00241155
2445 	 3755 	 0.958977 	 0.00115457	0.0024121
2445 	 3760 	 0.958978 	 0.00115483	0.00241266
2445 	 3765 	 0.958979 	 0.0011551	0.00241321
2445 	 3770 	 0.958979 	 0.00115536	0.00241377
2445 	 3775 	 0.95898 	 0.00115563	0.00241432
2445 	 3780 	 0.958981 	 0.00115589	0.00241487
2445 	 3785 	 0.958981 	 0.00115616	0.00241542
2445 	 3790 	 0.958982 	 0.00115642	0.00241597
2445 	 3795 	 0.958983 	 0.00115668	0.00241652
2445 	 3800 	 0.958983 	 0.00115694	0.00241707
2445 	 3805 	 0.958984 	 0.0011572	0.00241761
2445 	 3810 	 0.958985 	 0.00115747	0.00241816
2445 	 3815 	 0.958985 	 0.00115773	0.0024187
2445 	 3820 	 0.958986 	 0.00115799	0.00241925
2445 	 3825 	 0.958987 	 0.00115825	0.00241979
2445 	 3830 	 0.958987 	 0.00115851	0.00242033
2445 	 3835 	 0.958988 	 0.00115877	0.00242087
2445 	 3840 	 0.958989 	 0.00115902	0.00242141
2445 	 3845 	 0.958989 	 0.00115928	0.00242195
2445 	 3850 	 0.95899 	 0.00115954	0.00242249
2445 	 3855 	 0.95899 	 0.0011598	0.00242303
2445 	 3860 	 0.958991 	 0.00116005	0.00242356
2445 	 3865 	 0.958992 	 0.00116031	0.0024241
2445 	 3870 	 0.958992 	 0.00116057	0.00242463
2445 	 3875 	 0.958993 	 0.00116082	0.00242517
2445 	 3880 	 0.958994 	 0.00116108	0.0024257
2445 	 3885 	 0.958994 	 0.00116133	0.00242623
2445 	 3890 	 0.958995 	 0.00116159	0.00242677
2445 	 3895 	 0.958996 	 0.00116184	0.0024273
2445 	 3900 	 0.958996 	 0.00116209	0.00242783
2445 	 3905 	 0.958997 	 0.00116235	0.00242835
2445 	 3910 	 0.958997 	 0.0011626	0.00242888
2445 	 3915 	 0.958998 	 0.00116285	0.00242941
2445 	 3920 	 0.958999 	 0.0011631	0.00242993
2445 	 3925 	 0.958999 	 0.00116335	0.00243046
2445 	 3930 	 0.959 	 0.00116361	0.00243098
2445 	 3935 	 0.959 	 0.00116386	0.00243151
2445 	 3940 	 0.959001 	 0.00116411	0.00243203
2445 	 3945 	 0.959002 	 0.00116436	0.00243255
2445 	 3950 	 0.959002 	 0.00116461	0.00243307
2445 	 3955 	 0.959003 	 0.00116485	0.00243359
2445 	 3960 	 0.959004 	 0.0011651	0.00243411
2445 	 3965 	 0.959004 	 0.00116535	0.00243463
2445 	 3970 	 0.959005 	 0.0011656	0.00243515
2445 	 3975 	 0.959005 	 0.00116585	0.00243566
2445 	 3980 	 0.959006 	 0.00116609	0.00243618
2445 	 3985 	 0.959007 	 0.00116634	0.00243669
2445 	 3990 	 0.959007 	 0.00116659	0.00243721
2445 	 3995 	 0.959008 	 0.00116683	0.00243772
2445 	 4000 	 0.959008 	 0.00116708	0.00243823
2445 	 4005 	 0.959009 	 0.00116732	0.00243875
2445 	 4010 	 0.95901 	 0.00116757	0.00243926
2445 	 4015 	 0.95901 	 0.00116781	0.00243977
2445 	 4020 	 0.959011 	 0.00116805	0.00244028
2445 	 4025 	 0.959011 	 0.0011683	0.00244078
2445 	 4030 	 0.959012 	 0.00116854	0.00244129
2445 	 4035 	 0.959013 	 0.00116878	0.0024418
2445 	 4040 	 0.959013 	 0.00116902	0.0024423
2445 	 4045 	 0.959014 	 0.00116927	0.00244281
2445 	 4050 	 0.959014 	 0.00116951	0.00244331
2445 	 4055 	 0.959015 	 0.00116975	0.00244382
2445 	 4060 	 0.959015 	 0.00116999	0.00244432
2445 	 4065 	 0.959016 	 0.00117023	0.00244482
2445 	 4070 	 0.959017 	 0.00117047	0.00244532
2445 	 4075 	 0.959017 	 0.00117071	0.00244582
2445 	 4080 	 0.959018 	 0.00117095	0.00244632
2445 	 4085 	 0.959018 	 0.00117119	0.00244682
2445 	 4090 	 0.959019 	 0.00117142	0.00244732
2445 	 4095 	 0.959019 	 0.00117166	0.00244782
2445 	 4100 	 0.95902 	 0.0011719	0.00244831
2445 	 4105 	 0.959021 	 0.00117214	0.00244881
2445 	 4110 	 0.959021 	 0.00117237	0.0024493
2445 	 4115 	 0.959022 	 0.00117261	0.0024498
2445 	 4120 	 0.959022 	 0.00117285	0.00245029
2445 	 4125 	 0.959023 	 0.00117308	0.00245078
2445 	 4130 	 0.959023 	 0.00117332	0.00245127
2445 	 4135 	 0.959024 	 0.00117355	0.00245176
2445 	 4140 	 0.959025 	 0.00117379	0.00245225
2445 	 4145 	 0.959025 	 0.00117402	0.00245274
2445 	 4150 	 0.959026 	 0.00117425	0.00245323
2445 	 4155 	 0.959026 	 0.00117449	0.00245372
2445 	 4160 	 0.959027 	 0.00117472	0.00245421
2445 	 4165 	 0.959027 	 0.00117495	0.00245469
2445 	 4170 	 0.959028 	 0.00117519	0.00245518
2445 	 4175 	 0.959029 	 0.00117542	0.00245566
2445 	 4180 	 0.959029 	 0.00117565	0.00245615
2445 	 4185 	 0.95903 	 0.00117588	0.00245663
2445 	 4190 	 0.95903 	 0.00117611	0.00245711
2445 	 4195 	 0.959031 	 0.00117634	0.00245759
2445 	 4200 	 0.959031 	 0.00117657	0.00245807
2445 	 4205 	 0.959032 	 0.0011768	0.00245855
2445 	 4210 	 0.959032 	 0.00117703	0.00245903
2445 	 4215 	 0.959033 	 0.00117726	0.00245951
2445 	 4220 	 0.959033 	 0.00117749	0.00245999
2445 	 4225 	 0.959034 	 0.00117772	0.00246047
2445 	 4230 	 0.959035 	 0.00117795	0.00246094
2445 	 4235 	 0.959035 	 0.00117817	0.00246142
2445 	 4240 	 0.959036 	 0.0011784	0.0024619
2445 	 4245 	 0.959036 	 0.00117863	0.00246237
2445 	 4250 	 0.959037 	 0.00117886	0.00246284
2445 	 4255 	 0.959037 	 0.00117908	0.00246332
2445 	 4260 	 0.959038 	 0.00117931	0.00246379
2445 	 4265 	 0.959038 	 0.00117953	0.00246426
2445 	 4270 	 0.959039 	 0.00117976	0.00246473
2445 	 4275 	 0.959039 	 0.00117998	0.0024652
2445 	 4280 	 0.95904 	 0.00118021	0.00246567
2445 	 4285 	 0.95904 	 0.00118043	0.00246614
2445 	 4290 	 0.959041 	 0.00118066	0.00246661
2445 	 4295 	 0.959042 	 0.00118088	0.00246707
2445 	 4300 	 0.959042 	 0.0011811	0.00246754
2445 	 4305 	 0.959043 	 0.00118133	0.002468
2445 	 4310 	 0.959043 	 0.00118155	0.00246847
2445 	 4315 	 0.959044 	 0.00118177	0.00246893
2445 	 4320 	 0.959044 	 0.00118199	0.0024694
2445 	 4325 	 0.959045 	 0.00118221	0.00246986
2445 	 4330 	 0.959045 	 0.00118244	0.00247032
2445 	 4335 	 0.959046 	 0.00118266	0.00247078
2445 	 4340 	 0.959046 	 0.00118288	0.00247124
2445 	 4345 	 0.959047 	 0.0011831	0.0024717
2445 	 4350 	 0.959047 	 0.00118332	0.00247216
2445 	 4355 	 0.959048 	 0.00118354	0.00247262
2445 	 4360 	 0.959048 	 0.00118376	0.00247308
2445 	 4365 	 0.959049 	 0.00118397	0.00247354
2445 	 4370 	 0.959049 	 0.00118419	0.00247399
2445 	 4375 	 0.95905 	 0.00118441	0.00247445
2445 	 4380 	 0.95905 	 0.00118463	0.00247491
2445 	 4385 	 0.959051 	 0.00118485	0.00247536
2445 	 4390 	 0.959051 	 0.00118506	0.00247581
2445 	 4395 	 0.959052 	 0.00118528	0.00247627
2445 	 4400 	 0.959052 	 0.0011855	0.00247672
2445 	 4405 	 0.959053 	 0.00118571	0.00247717
2445 	 4410 	 0.959053 	 0.00118593	0.00247762
2445 	 4415 	 0.959054 	 0.00118615	0.00247807
2445 	 4420 	 0.959054 	 0.00118636	0.00247852
2445 	 4425 	 0.959055 	 0.00118658	0.00247897
2445 	 4430 	 0.959055 	 0.00118679	0.00247942
2445 	 4435 	 0.959056 	 0.001187	0.00247987
2445 	 4440 	 0.959057 	 0.00118722	0.00248032
2445 	 4445 	 0.959057 	 0.00118743	0.00248076
2445 	 4450 	 0.959058 	 0.00118765	0.00248121
2445 	 4455 	 0.959058 	 0.00118786	0.00248165
2445 	 4460 	 0.959058 	 0.00118807	0.0024821
2445 	 4465 	 0.959059 	 0.00118828	0.00248254
2445 	 4470 	 0.959059 	 0.0011885	0.00248299
2445 	 4475 	 0.95906 	 0.00118871	0.00248343
2445 	 4480 	 0.95906 	 0.00118892	0.00248387
2445 	 4485 	 0.959061 	 0.00118913	0.00248431
2445 	 4490 	 0.959061 	 0.00118934	0.00248475
2445 	 4495 	 0.959062 	 0.00118955	0.00248519
2445 	 4500 	 0.959062 	 0.00118976	0.00248563
2445 	 4505 	 0.959063 	 0.00118997	0.00248607
2445 	 4510 	 0.959063 	 0.00119018	0.00248651
2445 	 4515 	 0.959064 	 0.00119039	0.00248695
2445 	 4520 	 0.959064 	 0.0011906	0.00248738
2445 	 4525 	 0.959065 	 0.00119081	0.00248782
2445 	 4530 	 0.959065 	 0.00119102	0.00248825
2445 	 4535 	 0.959066 	 0.00119123	0.00248869
2445 	 4540 	 0.959066 	 0.00119143	0.00248912
2445 	 4545 	 0.959067 	 0.00119164	0.00248956
2445 	 4550 	 0.959067 	 0.00119185	0.00248999
2445 	 4555 	 0.959068 	 0.00119206	0.00249042
2445 	 4560 	 0.959068 	 0.00119226	0.00249085
2445 	 4565 	 0.959069 	 0.00119247	0.00249129
2445 	 4570 	 0.959069 	 0.00119268	0.00249172
2445 	 4575 	 0.95907 	 0.00119288	0.00249215
2445 	 4580 	 0.95907 	 0.00119309	0.00249258
2445 	 4585 	 0.959071 	 0.00119329	0.002493
2445 	 4590 	 0.959071 	 0.0011935	0.00249343
2445 	 4595 	 0.959072 	 0.0011937	0.00249386
2445 	 4600 	 0.959072 	 0.00119391	0.00249429
2445 	 4605 	 0.959073 	 0.00119411	0.00249471
2445 	 4610 	 0.959073 	 0.00119431	0.00249514
2445 	 4615 	 0.959073 	 0.00119452	0.00249556
2445 	 4620 	 0.959074 	 0.00119472	0.00249599
2445 	 4625 	 0.959074 	 0.00119492	0.00249641
2445 	 4630 	 0.959075 	 0.00119513	0.00249683
2445 	 4635 	 0.959075 	 0.00119533	0.00249726
2445 	 4640 	 0.959076 	 0.00119553	0.00249768
2445 	 4645 	 0.959076 	 0.00119573	0.0024981
2445 	 4650 	 0.959077 	 0.00119593	0.00249852
2445 	 4655 	 0.959077 	 0.00119613	0.00249894
2445 	 4660 	 0.959078 	 0.00119633	0.00249936
2445 	 4665 	 0.959078 	 0.00119654	0.00249978
2445 	 4670 	 0.959079 	 0.00119674	0.0025002
2445 	 4675 	 0.959079 	 0.00119694	0.00250062
2445 	 4680 	 0.95908 	 0.00119714	0.00250103
2445 	 4685 	 0.95908 	 0.00119733	0.00250145
2445 	 4690 	 0.95908 	 0.00119753	0.00250187
2445 	 4695 	 0.959081 	 0.00119773	0.00250228
2445 	 4700 	 0.959081 	 0.00119793	0.0025027
2445 	 4705 	 0.959082 	 0.00119813	0.00250311
2445 	 4710 	 0.959082 	 0.00119833	0.00250352
2445 	 4715 	 0.959083 	 0.00119853	0.00250394
2445 	 4720 	 0.959083 	 0.00119872	0.00250435
2445 	 4725 	 0.959084 	 0.00119892	0.00250476
2445 	 4730 	 0.959084 	 0.00119912	0.00250517
2445 	 4735 	 0.959085 	 0.00119931	0.00250558
2445 	 4740 	 0.959085 	 0.00119951	0.00250599
2445 	 4745 	 0.959085 	 0.00119971	0.0025064
2445 	 4750 	 0.959086 	 0.0011999	0.00250681
2445 	 4755 	 0.959086 	 0.0012001	0.00250722
2445 	 4760 	 0.959087 	 0.00120029	0.00250763
2445 	 4765 	 0.959087 	 0.00120049	0.00250804
2445 	 4770 	 0.959088 	 0.00120068	0.00250844
2445 	 4775 	 0.959088 	 0.00120088	0.00250885
2445 	 4780 	 0.959089 	 0.00120107	0.00250926
2445 	 4785 	 0.959089 	 0.00120127	0.00250966
2445 	 4790 	 0.959089 	 0.00120146	0.00251007
2445 	 4795 	 0.95909 	 0.00120165	0.00251047
2445 	 4800 	 0.95909 	 0.00120185	0.00251087
2445 	 4805 	 0.959091 	 0.00120204	0.00251128
2445 	 4810 	 0.959091 	 0.00120223	0.00251168
2445 	 4815 	 0.959092 	 0.00120242	0.00251208
2445 	 4820 	 0.959092 	 0.00120262	0.00251248
2445 	 4825 	 0.959092 	 0.00120281	0.00251288
2445 	 4830 	 0.959093 	 0.001203	0.00251328
2445 	 4835 	 0.959093 	 0.00120319	0.00251368
2445 	 4840 	 0.959094 	 0.00120338	0.00251408
2445 	 4845 	 0.959094 	 0.00120357	0.00251448
2445 	 4850 	 0.959095 	 0.00120376	0.00251488
2445 	 4855 	 0.959095 	 0.00120395	0.00251528
2445 	 4860 	 0.959096 	 0.00120414	0.00251567
2445 	 4865 	 0.959096 	 0.00120433	0.00251607
2445 	 4870 	 0.959096 	 0.00120452	0.00251647
2445 	 4875 	 0.959097 	 0.00120471	0.00251686
2445 	 4880 	 0.959097 	 0.0012049	0.00251726
2445 	 4885 	 0.959098 	 0.00120509	0.00251765
2445 	 4890 	 0.959098 	 0.00120528	0.00251804
2445 	 4895 	 0.959099 	 0.00120547	0.00251844
2445 	 4900 	 0.959099 	 0.00120565	0.00251883
2445 	 4905 	 0.959099 	 0.00120584	0.00251922
2445 	 4910 	 0.9591 	 0.00120603	0.00251961
2445 	 4915 	 0.9591 	 0.00120622	0.00252
2445 	 4920 	 0.959101 	 0.0012064	0.00252039
2445 	 4925 	 0.959101 	 0.00120659	0.00252078
2445 	 4930 	 0.959101 	 0.00120678	0.00252117
2445 	 4935 	 0.959102 	 0.00120696	0.00252156
2445 	 4940 	 0.959102 	 0.00120715	0.00252195
2445 	 4945 	 0.959103 	 0.00120733	0.00252234
2445 	 4950 	 0.959103 	 0.00120752	0.00252273
2445 	 4955 	 0.959104 	 0.0012077	0.00252311
2445 	 4960 	 0.959104 	 0.00120789	0.0025235
2445 	 4965 	 0.959104 	 0.00120807	0.00252389
2445 	 4970 	 0.959105 	 0.00120826	0.00252427
2445 	 4975 	 0.959105 	 0.00120844	0.00252466
2445 	 4980 	 0.959106 	 0.00120863	0.00252504
2445 	 4985 	 0.959106 	 0.00120881	0.00252542
2445 	 4990 	 0.959106 	 0.00120899	0.00252581
2445 	 4995 	 0.959107 	 0.00120918	0.00252619
2445 	 5000 	 0.959107 	 0.00120936	0.00252657
