1360 	 5 	 0.885108 	 0.00310563 	 0.00646726
1360 	 10 	 0.885428 	 0.00293935 	 0.00612098
1360 	 15 	 0.886162 	 0.0026234 	 0.00546304
1360 	 20 	 0.887807 	 0.00208428 	 0.00434037
1360 	 25 	 0.891298 	 0.00138327 	 0.00288056
1360 	 30 	 0.897921 	 0.00105413 	 0.00219515
1360 	 35 	 0.908177 	 0.00108108 	 0.00225128
1360 	 40 	 0.920318 	 0.000952517 	 0.00198355
1360 	 45 	 0.930574 	 0.000888607 	 0.00185046
1360 	 50 	 0.937111 	 0.000776053 	 0.00161608
1360 	 55 	 0.940721 	 0.00062972 	 0.00131135
1360 	 60 	 0.942671 	 0.000562855 	 0.00117211
1360 	 65 	 0.943806 	 0.00053762 	 0.00111955
1360 	 70 	 0.944563 	 0.000511585 	 0.00106534
1360 	 75 	 0.945145 	 0.000479575 	 0.000998681
1360 	 80 	 0.94564 	 0.000448602 	 0.000934182
1360 	 85 	 0.946088 	 0.000425161 	 0.000885368
1360 	 90 	 0.946507 	 0.000412573 	 0.000859155
1360 	 95 	 0.946904 	 0.000411226 	 0.000856349
1360 	 100 	 0.947283 	 0.000419552 	 0.000873688
1360 	 105 	 0.947645 	 0.000435133 	 0.000906134
1360 	 110 	 0.947993 	 0.00045553 	 0.00094861
1360 	 115 	 0.948327 	 0.000478709 	 0.000996878
1360 	 120 	 0.948647 	 0.00050314 	 0.00104775
1360 	 125 	 0.948954 	 0.000527745 	 0.00109899
1360 	 130 	 0.949248 	 0.000551795 	 0.00114907
1360 	 135 	 0.949531 	 0.000574817 	 0.00119702
1360 	 140 	 0.949803 	 0.000596515 	 0.0012422
1360 	 145 	 0.950063 	 0.000616719 	 0.00128427
1360 	 150 	 0.950313 	 0.000635346 	 0.00132306
1360 	 155 	 0.950553 	 0.00065237 	 0.00135852
1360 	 160 	 0.950783 	 0.000667809 	 0.00139066
1360 	 165 	 0.951004 	 0.000681704 	 0.0014196
1360 	 170 	 0.951216 	 0.000694118 	 0.00144545
1360 	 175 	 0.95142 	 0.000705125 	 0.00146837
1360 	 180 	 0.951615 	 0.000714805 	 0.00148853
1360 	 185 	 0.951802 	 0.000723245 	 0.00150611
1360 	 190 	 0.951982 	 0.000730531 	 0.00152128
1360 	 195 	 0.952155 	 0.000736749 	 0.00153423
1360 	 200 	 0.95232 	 0.000741986 	 0.00154513
1360 	 205 	 0.952479 	 0.000746325 	 0.00155417
1360 	 210 	 0.952632 	 0.000749846 	 0.0015615
1360 	 215 	 0.952778 	 0.000752627 	 0.00156729
1360 	 220 	 0.952919 	 0.000754743 	 0.0015717
1360 	 225 	 0.953054 	 0.000756264 	 0.00157487
1360 	 230 	 0.953183 	 0.000757256 	 0.00157693
1360 	 235 	 0.953307 	 0.000757783 	 0.00157803
1360 	 240 	 0.953427 	 0.000757904 	 0.00157828
1360 	 245 	 0.953541 	 0.000757675 	 0.0015778
1360 	 250 	 0.953651 	 0.000757146 	 0.0015767
1360 	 255 	 0.953756 	 0.000756366 	 0.00157508
1360 	 260 	 0.953857 	 0.00075538 	 0.00157303
1360 	 265 	 0.953954 	 0.000754229 	 0.00157063
1360 	 270 	 0.954048 	 0.00075295 	 0.00156797
1360 	 275 	 0.954137 	 0.000751579 	 0.00156511
1360 	 280 	 0.954223 	 0.000750145 	 0.00156212
1360 	 285 	 0.954305 	 0.000748679 	 0.00155907
1360 	 290 	 0.954384 	 0.000747205 	 0.001556
1360 	 295 	 0.95446 	 0.000745746 	 0.00155296
1360 	 300 	 0.954533 	 0.000744323 	 0.00155
1360 	 305 	 0.954602 	 0.000742954 	 0.00154715
1360 	 310 	 0.954669 	 0.000741654 	 0.00154444
1360 	 315 	 0.954734 	 0.000740437 	 0.00154191
1360 	 320 	 0.954795 	 0.000739314 	 0.00153957
1360 	 325 	 0.954855 	 0.000738294 	 0.00153745
1360 	 330 	 0.954912 	 0.000737385 	 0.00153555
1360 	 335 	 0.954966 	 0.000736594 	 0.00153391
1360 	 340 	 0.955018 	 0.000735925 	 0.00153251
1360 	 345 	 0.955069 	 0.00073538 	 0.00153138
1360 	 350 	 0.955117 	 0.000734963 	 0.00153051
1360 	 355 	 0.955163 	 0.000734673 	 0.00152991
1360 	 360 	 0.955208 	 0.000734511 	 0.00152957
1360 	 365 	 0.95525 	 0.000734476 	 0.00152949
1360 	 370 	 0.955291 	 0.000734564 	 0.00152968
1360 	 375 	 0.95533 	 0.000734775 	 0.00153012
1360 	 380 	 0.955368 	 0.000735105 	 0.0015308
1360 	 385 	 0.955404 	 0.000735549 	 0.00153173
1360 	 390 	 0.955439 	 0.000736103 	 0.00153288
1360 	 395 	 0.955472 	 0.000736764 	 0.00153426
1360 	 400 	 0.955504 	 0.000737526 	 0.00153585
1360 	 405 	 0.955535 	 0.000738383 	 0.00153763
1360 	 410 	 0.955564 	 0.000739331 	 0.00153961
1360 	 415 	 0.955592 	 0.000740365 	 0.00154176
1360 	 420 	 0.95562 	 0.000741478 	 0.00154408
1360 	 425 	 0.955646 	 0.000742666 	 0.00154655
1360 	 430 	 0.955671 	 0.000743922 	 0.00154917
1360 	 435 	 0.955695 	 0.000745242 	 0.00155191
1360 	 440 	 0.955718 	 0.000746619 	 0.00155478
1360 	 445 	 0.95574 	 0.00074805 	 0.00155776
1360 	 450 	 0.955761 	 0.000749528 	 0.00156084
1360 	 455 	 0.955781 	 0.000751048 	 0.00156401
1360 	 460 	 0.955801 	 0.000752607 	 0.00156725
1360 	 465 	 0.955819 	 0.000754198 	 0.00157057
1360 	 470 	 0.955837 	 0.000755819 	 0.00157394
1360 	 475 	 0.955855 	 0.000757463 	 0.00157736
1360 	 480 	 0.955871 	 0.000759128 	 0.00158083
1360 	 485 	 0.955887 	 0.000760809 	 0.00158433
1360 	 490 	 0.955902 	 0.000762503 	 0.00158786
1360 	 495 	 0.955917 	 0.000764207 	 0.00159141
1360 	 500 	 0.955931 	 0.000765916 	 0.00159497
1360 	 505 	 0.955944 	 0.000767628 	 0.00159853
1360 	 510 	 0.955957 	 0.00076934 	 0.0016021
1360 	 515 	 0.95597 	 0.000771049 	 0.00160565
1360 	 520 	 0.955982 	 0.000772752 	 0.0016092
1360 	 525 	 0.955993 	 0.000774449 	 0.00161273
1360 	 530 	 0.956004 	 0.000776135 	 0.00161625
1360 	 535 	 0.956015 	 0.000777809 	 0.00161973
1360 	 540 	 0.956025 	 0.000779469 	 0.00162319
1360 	 545 	 0.956034 	 0.000781114 	 0.00162662
1360 	 550 	 0.956044 	 0.000782742 	 0.00163001
1360 	 555 	 0.956053 	 0.000784352 	 0.00163336
1360 	 560 	 0.956061 	 0.000785942 	 0.00163667
1360 	 565 	 0.956069 	 0.000787511 	 0.00163994
1360 	 570 	 0.956077 	 0.000789058 	 0.00164316
1360 	 575 	 0.956085 	 0.000790582 	 0.00164633
1360 	 580 	 0.956092 	 0.000792082 	 0.00164946
1360 	 585 	 0.956099 	 0.000793558 	 0.00165253
1360 	 590 	 0.956106 	 0.00079501 	 0.00165555
1360 	 595 	 0.956112 	 0.000796435 	 0.00165852
1360 	 600 	 0.956118 	 0.000797835 	 0.00166144
1360 	 605 	 0.956124 	 0.000799208 	 0.0016643
1360 	 610 	 0.95613 	 0.000800555 	 0.0016671
1360 	 615 	 0.956135 	 0.000801875 	 0.00166985
1360 	 620 	 0.956141 	 0.000803168 	 0.00167254
1360 	 625 	 0.956146 	 0.000804434 	 0.00167518
1360 	 630 	 0.95615 	 0.000805673 	 0.00167776
1360 	 635 	 0.956155 	 0.000806885 	 0.00168028
1360 	 640 	 0.956159 	 0.00080807 	 0.00168275
1360 	 645 	 0.956164 	 0.000809228 	 0.00168516
1360 	 650 	 0.956168 	 0.000810359 	 0.00168752
1360 	 655 	 0.956172 	 0.000811463 	 0.00168982
1360 	 660 	 0.956175 	 0.000812541 	 0.00169206
1360 	 665 	 0.956179 	 0.000813593 	 0.00169425
1360 	 670 	 0.956183 	 0.00081462 	 0.00169639
1360 	 675 	 0.956186 	 0.00081562 	 0.00169847
1360 	 680 	 0.956189 	 0.000816595 	 0.0017005
1360 	 685 	 0.956192 	 0.000817545 	 0.00170248
1360 	 690 	 0.956195 	 0.000818471 	 0.00170441
1360 	 695 	 0.956198 	 0.000819373 	 0.00170629
1360 	 700 	 0.956201 	 0.00082025 	 0.00170811
1360 	 705 	 0.956203 	 0.000821104 	 0.00170989
1360 	 710 	 0.956206 	 0.000821936 	 0.00171162
1360 	 715 	 0.956208 	 0.000822744 	 0.00171331
1360 	 720 	 0.95621 	 0.00082353 	 0.00171494
1360 	 725 	 0.956213 	 0.000824295 	 0.00171654
1360 	 730 	 0.956215 	 0.000825038 	 0.00171808
1360 	 735 	 0.956217 	 0.00082576 	 0.00171959
1360 	 740 	 0.956219 	 0.000826462 	 0.00172105
1360 	 745 	 0.956221 	 0.000827144 	 0.00172247
1360 	 750 	 0.956222 	 0.000827806 	 0.00172385
1360 	 755 	 0.956224 	 0.000828449 	 0.00172519
1360 	 760 	 0.956226 	 0.000829073 	 0.00172649
1360 	 765 	 0.956227 	 0.000829679 	 0.00172775
1360 	 770 	 0.956229 	 0.000830267 	 0.00172897
1360 	 775 	 0.95623 	 0.000830837 	 0.00173016
1360 	 780 	 0.956232 	 0.000831391 	 0.00173131
1360 	 785 	 0.956233 	 0.000831928 	 0.00173243
1360 	 790 	 0.956234 	 0.000832449 	 0.00173352
1360 	 795 	 0.956236 	 0.000832953 	 0.00173457
1360 	 800 	 0.956237 	 0.000833443 	 0.00173559
1360 	 805 	 0.956238 	 0.000833917 	 0.00173657
1360 	 810 	 0.956239 	 0.000834377 	 0.00173753
1360 	 815 	 0.95624 	 0.000834823 	 0.00173846
1360 	 820 	 0.956241 	 0.000835255 	 0.00173936
1360 	 825 	 0.956242 	 0.000835673 	 0.00174023
1360 	 830 	 0.956243 	 0.000836079 	 0.00174108
1360 	 835 	 0.956244 	 0.000836471 	 0.00174189
1360 	 840 	 0.956245 	 0.000836852 	 0.00174269
1360 	 845 	 0.956246 	 0.00083722 	 0.00174345
1360 	 850 	 0.956246 	 0.000837577 	 0.00174419
1360 	 855 	 0.956247 	 0.000837922 	 0.00174491
1360 	 860 	 0.956248 	 0.000838256 	 0.00174561
1360 	 865 	 0.956249 	 0.000838579 	 0.00174628
1360 	 870 	 0.956249 	 0.000838892 	 0.00174693
1360 	 875 	 0.95625 	 0.000839195 	 0.00174757
1360 	 880 	 0.95625 	 0.000839488 	 0.00174818
1360 	 885 	 0.956251 	 0.000839772 	 0.00174877
1360 	 890 	 0.956252 	 0.000840046 	 0.00174934
1360 	 895 	 0.956252 	 0.000840312 	 0.00174989
1360 	 900 	 0.956253 	 0.000840569 	 0.00175043
1360 	 905 	 0.956253 	 0.000840817 	 0.00175094
1360 	 910 	 0.956254 	 0.000841057 	 0.00175144
1360 	 915 	 0.956254 	 0.000841289 	 0.00175193
1360 	 920 	 0.956255 	 0.000841514 	 0.00175239
1360 	 925 	 0.956255 	 0.000841731 	 0.00175285
1360 	 930 	 0.956255 	 0.000841941 	 0.00175328
1360 	 935 	 0.956256 	 0.000842144 	 0.00175371
1360 	 940 	 0.956256 	 0.00084234 	 0.00175411
1360 	 945 	 0.956257 	 0.00084253 	 0.00175451
1360 	 950 	 0.956257 	 0.000842713 	 0.00175489
1360 	 955 	 0.956257 	 0.00084289 	 0.00175526
1360 	 960 	 0.956258 	 0.000843061 	 0.00175562
1360 	 965 	 0.956258 	 0.000843227 	 0.00175596
1360 	 970 	 0.956258 	 0.000843387 	 0.00175629
1360 	 975 	 0.956258 	 0.000843541 	 0.00175662
1360 	 980 	 0.956259 	 0.00084369 	 0.00175693
1360 	 985 	 0.956259 	 0.000843834 	 0.00175723
1360 	 990 	 0.956259 	 0.000843974 	 0.00175752
1360 	 995 	 0.956259 	 0.000844108 	 0.0017578
1360 	 1000 	 0.95626 	 0.000844238 	 0.00175807
1360 	 1005 	 0.95626 	 0.000844363 	 0.00175833
1360 	 1010 	 0.95626 	 0.000844485 	 0.00175858
1360 	 1015 	 0.95626 	 0.000844602 	 0.00175882
1360 	 1020 	 0.95626 	 0.000844715 	 0.00175906
1360 	 1025 	 0.956261 	 0.000844824 	 0.00175929
1360 	 1030 	 0.956261 	 0.000844929 	 0.00175951
1360 	 1035 	 0.956261 	 0.000845031 	 0.00175972
1360 	 1040 	 0.956261 	 0.000845129 	 0.00175992
1360 	 1045 	 0.956261 	 0.000845224 	 0.00176012
1360 	 1050 	 0.956261 	 0.000845316 	 0.00176031
1360 	 1055 	 0.956262 	 0.000845404 	 0.00176049
1360 	 1060 	 0.956262 	 0.000845489 	 0.00176067
1360 	 1065 	 0.956262 	 0.000845572 	 0.00176084
1360 	 1070 	 0.956262 	 0.000845651 	 0.00176101
1360 	 1075 	 0.956262 	 0.000845728 	 0.00176117
1360 	 1080 	 0.956262 	 0.000845802 	 0.00176132
1360 	 1085 	 0.956262 	 0.000845874 	 0.00176147
1360 	 1090 	 0.956262 	 0.000845942 	 0.00176162
1360 	 1095 	 0.956263 	 0.000846009 	 0.00176175
1360 	 1100 	 0.956263 	 0.000846073 	 0.00176189
1360 	 1105 	 0.956263 	 0.000846135 	 0.00176202
1360 	 1110 	 0.956263 	 0.000846195 	 0.00176214
1360 	 1115 	 0.956263 	 0.000846253 	 0.00176226
1360 	 1120 	 0.956263 	 0.000846308 	 0.00176238
1360 	 1125 	 0.956263 	 0.000846362 	 0.00176249
1360 	 1130 	 0.956263 	 0.000846414 	 0.0017626
1360 	 1135 	 0.956263 	 0.000846464 	 0.0017627
1360 	 1140 	 0.956263 	 0.000846512 	 0.0017628
1360 	 1145 	 0.956263 	 0.000846559 	 0.0017629
1360 	 1150 	 0.956264 	 0.000846604 	 0.00176299
1360 	 1155 	 0.956264 	 0.000846647 	 0.00176308
1360 	 1160 	 0.956264 	 0.000846689 	 0.00176317
1360 	 1165 	 0.956264 	 0.000846729 	 0.00176325
1360 	 1170 	 0.956264 	 0.000846768 	 0.00176333
1360 	 1175 	 0.956264 	 0.000846805 	 0.00176341
1360 	 1180 	 0.956264 	 0.000846842 	 0.00176349
1360 	 1185 	 0.956264 	 0.000846876 	 0.00176356
1360 	 1190 	 0.956264 	 0.00084691 	 0.00176363
1360 	 1195 	 0.956264 	 0.000846943 	 0.0017637
1360 	 1200 	 0.956264 	 0.000846974 	 0.00176376
1360 	 1205 	 0.956264 	 0.000847004 	 0.00176383
1360 	 1210 	 0.956264 	 0.000847033 	 0.00176389
1360 	 1215 	 0.956264 	 0.000847061 	 0.00176395
1360 	 1220 	 0.956264 	 0.000847088 	 0.001764
1360 	 1225 	 0.956264 	 0.000847114 	 0.00176406
1360 	 1230 	 0.956264 	 0.000847139 	 0.00176411
1360 	 1235 	 0.956264 	 0.000847164 	 0.00176416
1360 	 1240 	 0.956264 	 0.000847187 	 0.00176421
1360 	 1245 	 0.956264 	 0.000847209 	 0.00176425
1360 	 1250 	 0.956264 	 0.000847231 	 0.0017643
1360 	 1255 	 0.956264 	 0.000847252 	 0.00176434
1360 	 1260 	 0.956264 	 0.000847272 	 0.00176439
1360 	 1265 	 0.956264 	 0.000847292 	 0.00176443
1360 	 1270 	 0.956265 	 0.000847311 	 0.00176446
1360 	 1275 	 0.956265 	 0.000847329 	 0.0017645
1360 	 1280 	 0.956265 	 0.000847346 	 0.00176454
1360 	 1285 	 0.956265 	 0.000847363 	 0.00176457
1360 	 1290 	 0.956265 	 0.000847379 	 0.00176461
1360 	 1295 	 0.956265 	 0.000847395 	 0.00176464
1360 	 1300 	 0.956265 	 0.00084741 	 0.00176467
1360 	 1305 	 0.956265 	 0.000847424 	 0.0017647
1360 	 1310 	 0.956265 	 0.000847438 	 0.00176473
1360 	 1315 	 0.956265 	 0.000847452 	 0.00176476
1360 	 1320 	 0.956265 	 0.000847465 	 0.00176479
1360 	 1325 	 0.956265 	 0.000847477 	 0.00176481
1360 	 1330 	 0.956265 	 0.000847489 	 0.00176484
1360 	 1335 	 0.956265 	 0.000847501 	 0.00176486
1360 	 1340 	 0.956265 	 0.000847512 	 0.00176488
1360 	 1345 	 0.956265 	 0.000847523 	 0.00176491
1360 	 1350 	 0.956265 	 0.000847533 	 0.00176493
1360 	 1355 	 0.956265 	 0.000847543 	 0.00176495
1360 	 1360 	 0.956265 	 0.000847553 	 0.00176497
1360 	 1365 	 0.956265 	 0.000847562 	 0.00176499
1360 	 1370 	 0.956265 	 0.000847571 	 0.00176501
1360 	 1375 	 0.956265 	 0.00084758 	 0.00176503
1360 	 1380 	 0.956265 	 0.000847588 	 0.00176504
1360 	 1385 	 0.956265 	 0.000847596 	 0.00176506
1360 	 1390 	 0.956265 	 0.000847604 	 0.00176508
1360 	 1395 	 0.956265 	 0.000847611 	 0.00176509
1360 	 1400 	 0.956265 	 0.000847619 	 0.00176511
1360 	 1405 	 0.956265 	 0.000847625 	 0.00176512
1360 	 1410 	 0.956265 	 0.000847632 	 0.00176513
1360 	 1415 	 0.956265 	 0.000847639 	 0.00176515
1360 	 1420 	 0.956265 	 0.000847645 	 0.00176516
1360 	 1425 	 0.956265 	 0.000847651 	 0.00176517
1360 	 1430 	 0.956265 	 0.000847656 	 0.00176519
1360 	 1435 	 0.956265 	 0.000847662 	 0.0017652
1360 	 1440 	 0.956265 	 0.000847667 	 0.00176521
1360 	 1445 	 0.956265 	 0.000847672 	 0.00176522
1360 	 1450 	 0.956265 	 0.000847677 	 0.00176523
1360 	 1455 	 0.956265 	 0.000847682 	 0.00176524
1360 	 1460 	 0.956265 	 0.000847687 	 0.00176525
1360 	 1465 	 0.956265 	 0.000847691 	 0.00176526
1360 	 1470 	 0.956265 	 0.000847695 	 0.00176527
1360 	 1475 	 0.956265 	 0.0008477 	 0.00176527
1360 	 1480 	 0.956265 	 0.000847703 	 0.00176528
1360 	 1485 	 0.956265 	 0.000847707 	 0.00176529
1360 	 1490 	 0.956265 	 0.000847711 	 0.0017653
1360 	 1495 	 0.956265 	 0.000847714 	 0.00176531
1360 	 1500 	 0.956265 	 0.000847718 	 0.00176531
1360 	 1505 	 0.956265 	 0.000847721 	 0.00176532
1360 	 1510 	 0.956265 	 0.000847724 	 0.00176533
1360 	 1515 	 0.956265 	 0.000847727 	 0.00176533
1360 	 1520 	 0.956265 	 0.00084773 	 0.00176534
1360 	 1525 	 0.956265 	 0.000847733 	 0.00176534
1360 	 1530 	 0.956265 	 0.000847736 	 0.00176535
1360 	 1535 	 0.956265 	 0.000847738 	 0.00176536
1360 	 1540 	 0.956265 	 0.000847741 	 0.00176536
1360 	 1545 	 0.956265 	 0.000847743 	 0.00176537
1360 	 1550 	 0.956265 	 0.000847746 	 0.00176537
1360 	 1555 	 0.956265 	 0.000847748 	 0.00176538
1360 	 1560 	 0.956265 	 0.00084775 	 0.00176538
1360 	 1565 	 0.956265 	 0.000847752 	 0.00176538
1360 	 1570 	 0.956265 	 0.000847754 	 0.00176539
1360 	 1575 	 0.956265 	 0.000847756 	 0.00176539
1360 	 1580 	 0.956265 	 0.000847758 	 0.0017654
1360 	 1585 	 0.956265 	 0.00084776 	 0.0017654
1360 	 1590 	 0.956265 	 0.000847761 	 0.0017654
1360 	 1595 	 0.956265 	 0.000847763 	 0.00176541
1360 	 1600 	 0.956265 	 0.000847765 	 0.00176541
1360 	 1605 	 0.956265 	 0.000847766 	 0.00176541
1360 	 1610 	 0.956265 	 0.000847768 	 0.00176542
1360 	 1615 	 0.956265 	 0.000847769 	 0.00176542
1360 	 1620 	 0.956265 	 0.000847771 	 0.00176542
1360 	 1625 	 0.956265 	 0.000847772 	 0.00176543
1360 	 1630 	 0.956265 	 0.000847773 	 0.00176543
1360 	 1635 	 0.956265 	 0.000847774 	 0.00176543
1360 	 1640 	 0.956265 	 0.000847776 	 0.00176543
1360 	 1645 	 0.956265 	 0.000847777 	 0.00176544
1360 	 1650 	 0.956265 	 0.000847778 	 0.00176544
1360 	 1655 	 0.956265 	 0.000847779 	 0.00176544
1360 	 1660 	 0.956265 	 0.00084778 	 0.00176544
1360 	 1665 	 0.956265 	 0.000847781 	 0.00176544
1360 	 1670 	 0.956265 	 0.000847782 	 0.00176545
1360 	 1675 	 0.956265 	 0.000847783 	 0.00176545
1360 	 1680 	 0.956265 	 0.000847784 	 0.00176545
1360 	 1685 	 0.956265 	 0.000847784 	 0.00176545
1360 	 1690 	 0.956265 	 0.000847785 	 0.00176545
1360 	 1695 	 0.956265 	 0.000847786 	 0.00176545
1360 	 1700 	 0.956265 	 0.000847787 	 0.00176546
1360 	 1705 	 0.956265 	 0.000847787 	 0.00176546
1360 	 1710 	 0.956265 	 0.000847788 	 0.00176546
1360 	 1715 	 0.956265 	 0.000847789 	 0.00176546
1360 	 1720 	 0.956265 	 0.000847789 	 0.00176546
1360 	 1725 	 0.956265 	 0.00084779 	 0.00176546
1360 	 1730 	 0.956265 	 0.000847791 	 0.00176546
1360 	 1735 	 0.956265 	 0.000847791 	 0.00176547
1360 	 1740 	 0.956265 	 0.000847792 	 0.00176547
1360 	 1745 	 0.956265 	 0.000847792 	 0.00176547
1360 	 1750 	 0.956265 	 0.000847793 	 0.00176547
1360 	 1755 	 0.956265 	 0.000847793 	 0.00176547
1360 	 1760 	 0.956265 	 0.000847794 	 0.00176547
1360 	 1765 	 0.956265 	 0.000847794 	 0.00176547
1360 	 1770 	 0.956265 	 0.000847795 	 0.00176547
1360 	 1775 	 0.956265 	 0.000847795 	 0.00176547
1360 	 1780 	 0.956265 	 0.000847796 	 0.00176547
1360 	 1785 	 0.956265 	 0.000847796 	 0.00176548
1360 	 1790 	 0.956265 	 0.000847796 	 0.00176548
1360 	 1795 	 0.956265 	 0.000847797 	 0.00176548
1360 	 1800 	 0.956265 	 0.000847797 	 0.00176548
1360 	 1805 	 0.956265 	 0.000847797 	 0.00176548
1360 	 1810 	 0.956265 	 0.000847798 	 0.00176548
1360 	 1815 	 0.956265 	 0.000847798 	 0.00176548
1360 	 1820 	 0.956265 	 0.000847798 	 0.00176548
1360 	 1825 	 0.956265 	 0.000847799 	 0.00176548
1360 	 1830 	 0.956265 	 0.000847799 	 0.00176548
1360 	 1835 	 0.956265 	 0.000847799 	 0.00176548
1360 	 1840 	 0.956265 	 0.000847799 	 0.00176548
1360 	 1845 	 0.956265 	 0.0008478 	 0.00176548
1360 	 1850 	 0.956265 	 0.0008478 	 0.00176548
1360 	 1855 	 0.956265 	 0.0008478 	 0.00176548
1360 	 1860 	 0.956265 	 0.0008478 	 0.00176548
1360 	 1865 	 0.956265 	 0.0008478 	 0.00176549
1360 	 1870 	 0.956265 	 0.000847801 	 0.00176549
1360 	 1875 	 0.956265 	 0.000847801 	 0.00176549
1360 	 1880 	 0.956265 	 0.000847801 	 0.00176549
1360 	 1885 	 0.956265 	 0.000847801 	 0.00176549
1360 	 1890 	 0.956265 	 0.000847801 	 0.00176549
1360 	 1895 	 0.956265 	 0.000847802 	 0.00176549
1360 	 1900 	 0.956265 	 0.000847802 	 0.00176549
1360 	 1905 	 0.956265 	 0.000847802 	 0.00176549
1360 	 1910 	 0.956265 	 0.000847802 	 0.00176549
1360 	 1915 	 0.956265 	 0.000847802 	 0.00176549
1360 	 1920 	 0.956265 	 0.000847802 	 0.00176549
1360 	 1925 	 0.956265 	 0.000847802 	 0.00176549
1360 	 1930 	 0.956265 	 0.000847803 	 0.00176549
1360 	 1935 	 0.956265 	 0.000847803 	 0.00176549
1360 	 1940 	 0.956265 	 0.000847803 	 0.00176549
1360 	 1945 	 0.956265 	 0.000847803 	 0.00176549
1360 	 1950 	 0.956265 	 0.000847803 	 0.00176549
1360 	 1955 	 0.956265 	 0.000847803 	 0.00176549
1360 	 1960 	 0.956265 	 0.000847803 	 0.00176549
1360 	 1965 	 0.956265 	 0.000847803 	 0.00176549
1360 	 1970 	 0.956265 	 0.000847803 	 0.00176549
1360 	 1975 	 0.956265 	 0.000847804 	 0.00176549
1360 	 1980 	 0.956265 	 0.000847804 	 0.00176549
1360 	 1985 	 0.956265 	 0.000847804 	 0.00176549
1360 	 1990 	 0.956265 	 0.000847804 	 0.00176549
1360 	 1995 	 0.956265 	 0.000847804 	 0.00176549
1360 	 2000 	 0.956265 	 0.000847804 	 0.00176549
1360 	 2005 	 0.956265 	 0.000847804 	 0.00176549
1360 	 2010 	 0.956265 	 0.000847804 	 0.00176549
1360 	 2015 	 0.956265 	 0.000847804 	 0.00176549
1360 	 2020 	 0.956265 	 0.000847804 	 0.00176549
1360 	 2025 	 0.956265 	 0.000847804 	 0.00176549
1360 	 2030 	 0.956265 	 0.000847804 	 0.00176549
1360 	 2035 	 0.956265 	 0.000847804 	 0.00176549
1360 	 2040 	 0.956265 	 0.000847804 	 0.00176549
1360 	 2045 	 0.956265 	 0.000847805 	 0.00176549
1360 	 2050 	 0.956265 	 0.000847805 	 0.00176549
1360 	 2055 	 0.956265 	 0.000847805 	 0.00176549
1360 	 2060 	 0.956265 	 0.000847805 	 0.00176549
1360 	 2065 	 0.956265 	 0.000847805 	 0.00176549
1360 	 2070 	 0.956265 	 0.000847805 	 0.00176549
1360 	 2075 	 0.956265 	 0.000847805 	 0.00176549
1360 	 2080 	 0.956265 	 0.000847805 	 0.00176549
1360 	 2085 	 0.956265 	 0.000847805 	 0.00176549
1360 	 2090 	 0.956265 	 0.000847805 	 0.00176549
1360 	 2095 	 0.956265 	 0.000847805 	 0.00176549
1360 	 2100 	 0.956265 	 0.000847805 	 0.00176549
1360 	 2105 	 0.956265 	 0.000847805 	 0.00176549
1360 	 2110 	 0.956265 	 0.000847805 	 0.00176549
1360 	 2115 	 0.956265 	 0.000847805 	 0.00176549
1360 	 2120 	 0.956265 	 0.000847805 	 0.00176549
1360 	 2125 	 0.956265 	 0.000847805 	 0.00176549
1360 	 2130 	 0.956265 	 0.000847805 	 0.00176549
1360 	 2135 	 0.956265 	 0.000847805 	 0.00176549
1360 	 2140 	 0.956265 	 0.000847805 	 0.00176549
1360 	 2145 	 0.956265 	 0.000847805 	 0.00176549
1360 	 2150 	 0.956265 	 0.000847805 	 0.00176549
1360 	 2155 	 0.956265 	 0.000847805 	 0.0017655
1360 	 2160 	 0.956265 	 0.000847805 	 0.0017655
1360 	 2165 	 0.956265 	 0.000847805 	 0.0017655
1360 	 2170 	 0.956265 	 0.000847805 	 0.0017655
1360 	 2175 	 0.956265 	 0.000847805 	 0.0017655
1360 	 2180 	 0.956265 	 0.000847805 	 0.0017655
1360 	 2185 	 0.956265 	 0.000847805 	 0.0017655
1360 	 2190 	 0.956265 	 0.000847805 	 0.0017655
1360 	 2195 	 0.956265 	 0.000847805 	 0.0017655
1360 	 2200 	 0.956265 	 0.000847805 	 0.0017655
1360 	 2205 	 0.956265 	 0.000847805 	 0.0017655
1360 	 2210 	 0.956265 	 0.000847805 	 0.0017655
1360 	 2215 	 0.956265 	 0.000847806 	 0.0017655
1360 	 2220 	 0.956265 	 0.000847806 	 0.0017655
1360 	 2225 	 0.956265 	 0.000847806 	 0.0017655
1360 	 2230 	 0.956265 	 0.000847806 	 0.0017655
1360 	 2235 	 0.956265 	 0.000847806 	 0.0017655
1360 	 2240 	 0.956265 	 0.000847806 	 0.0017655
1360 	 2245 	 0.956265 	 0.000847806 	 0.0017655
1360 	 2250 	 0.956265 	 0.000847806 	 0.0017655
1360 	 2255 	 0.956265 	 0.000847806 	 0.0017655
1360 	 2260 	 0.956265 	 0.000847806 	 0.0017655
1360 	 2265 	 0.956265 	 0.000847806 	 0.0017655
1360 	 2270 	 0.956265 	 0.000847806 	 0.0017655
1360 	 2275 	 0.956265 	 0.000847806 	 0.0017655
1360 	 2280 	 0.956265 	 0.000847806 	 0.0017655
1360 	 2285 	 0.956265 	 0.000847806 	 0.0017655
1360 	 2290 	 0.956265 	 0.000847806 	 0.0017655
1360 	 2295 	 0.956265 	 0.000847806 	 0.0017655
1360 	 2300 	 0.956265 	 0.000847806 	 0.0017655
1360 	 2305 	 0.956265 	 0.000847806 	 0.0017655
1360 	 2310 	 0.956265 	 0.000847806 	 0.0017655
1360 	 2315 	 0.956265 	 0.000847806 	 0.0017655
1360 	 2320 	 0.956265 	 0.000847806 	 0.0017655
1360 	 2325 	 0.956265 	 0.000847806 	 0.0017655
1360 	 2330 	 0.956265 	 0.000847806 	 0.0017655
1360 	 2335 	 0.956265 	 0.000847806 	 0.0017655
1360 	 2340 	 0.956265 	 0.000847806 	 0.0017655
1360 	 2345 	 0.956265 	 0.000847806 	 0.0017655
1360 	 2350 	 0.956265 	 0.000847806 	 0.0017655
1360 	 2355 	 0.956265 	 0.000847806 	 0.0017655
1360 	 2360 	 0.956265 	 0.000847806 	 0.0017655
1360 	 2365 	 0.956265 	 0.000847806 	 0.0017655
1360 	 2370 	 0.956265 	 0.000847806 	 0.0017655
1360 	 2375 	 0.956265 	 0.000847806 	 0.0017655
1360 	 2380 	 0.956265 	 0.000847806 	 0.0017655
1360 	 2385 	 0.956265 	 0.000847806 	 0.0017655
1360 	 2390 	 0.956265 	 0.000847806 	 0.0017655
1360 	 2395 	 0.956265 	 0.000847806 	 0.0017655
1360 	 2400 	 0.956265 	 0.000847806 	 0.0017655
1360 	 2405 	 0.956265 	 0.000847806 	 0.0017655
1360 	 2410 	 0.956265 	 0.000847806 	 0.0017655
1360 	 2415 	 0.956265 	 0.000847806 	 0.0017655
1360 	 2420 	 0.956265 	 0.000847806 	 0.0017655
1360 	 2425 	 0.956265 	 0.000847806 	 0.0017655
1360 	 2430 	 0.956265 	 0.000847806 	 0.0017655
1360 	 2435 	 0.956265 	 0.000847806 	 0.0017655
1360 	 2440 	 0.956265 	 0.000847806 	 0.0017655
1360 	 2445 	 0.956265 	 0.000847806 	 0.0017655
1360 	 2450 	 0.956265 	 0.000847806 	 0.0017655
1360 	 2455 	 0.956265 	 0.000847806 	 0.0017655
1360 	 2460 	 0.956265 	 0.000847806 	 0.0017655
1360 	 2465 	 0.956265 	 0.000847806 	 0.0017655
1360 	 2470 	 0.956265 	 0.000847806 	 0.0017655
1360 	 2475 	 0.956265 	 0.000847806 	 0.0017655
1360 	 2480 	 0.956265 	 0.000847806 	 0.0017655
1360 	 2485 	 0.956265 	 0.000847806 	 0.0017655
1360 	 2490 	 0.956265 	 0.000847806 	 0.0017655
1360 	 2495 	 0.956265 	 0.000847806 	 0.0017655
1360 	 2500 	 0.956265 	 0.000847806 	 0.0017655
1360 	 2505 	 0.956265 	 0.000847806 	 0.0017655
1360 	 2510 	 0.956265 	 0.000847806 	 0.0017655
1360 	 2515 	 0.956265 	 0.000847806 	 0.0017655
1360 	 2520 	 0.956265 	 0.000847806 	 0.0017655
1360 	 2525 	 0.956265 	 0.000847806 	 0.0017655
1360 	 2530 	 0.956265 	 0.000847806 	 0.0017655
1360 	 2535 	 0.956265 	 0.000847806 	 0.0017655
1360 	 2540 	 0.956265 	 0.000847806 	 0.0017655
1360 	 2545 	 0.956265 	 0.000847806 	 0.0017655
1360 	 2550 	 0.956265 	 0.000847806 	 0.0017655
1360 	 2555 	 0.956265 	 0.000847806 	 0.0017655
1360 	 2560 	 0.956265 	 0.000847806 	 0.0017655
1360 	 2565 	 0.956265 	 0.000847806 	 0.0017655
1360 	 2570 	 0.956265 	 0.000847806 	 0.0017655
1360 	 2575 	 0.956265 	 0.000847806 	 0.0017655
1360 	 2580 	 0.956265 	 0.000847806 	 0.0017655
1360 	 2585 	 0.956265 	 0.000847806 	 0.0017655
1360 	 2590 	 0.956265 	 0.000847806 	 0.0017655
1360 	 2595 	 0.956265 	 0.000847806 	 0.0017655
1360 	 2600 	 0.956265 	 0.000847806 	 0.0017655
1360 	 2605 	 0.956265 	 0.000847806 	 0.0017655
1360 	 2610 	 0.956265 	 0.000847806 	 0.0017655
1360 	 2615 	 0.956265 	 0.000847806 	 0.0017655
1360 	 2620 	 0.956265 	 0.000847806 	 0.0017655
1360 	 2625 	 0.956265 	 0.000847806 	 0.0017655
1360 	 2630 	 0.956265 	 0.000847806 	 0.0017655
1360 	 2635 	 0.956265 	 0.000847806 	 0.0017655
1360 	 2640 	 0.956265 	 0.000847806 	 0.0017655
1360 	 2645 	 0.956265 	 0.000847806 	 0.0017655
1360 	 2650 	 0.956265 	 0.000847806 	 0.0017655
1360 	 2655 	 0.956265 	 0.000847806 	 0.0017655
1360 	 2660 	 0.956265 	 0.000847806 	 0.0017655
1360 	 2665 	 0.956265 	 0.000847806 	 0.0017655
1360 	 2670 	 0.956265 	 0.000847806 	 0.0017655
1360 	 2675 	 0.956265 	 0.000847806 	 0.0017655
1360 	 2680 	 0.956265 	 0.000847806 	 0.0017655
1360 	 2685 	 0.956265 	 0.000847806 	 0.0017655
1360 	 2690 	 0.956265 	 0.000847806 	 0.0017655
1360 	 2695 	 0.956265 	 0.000847806 	 0.0017655
1360 	 2700 	 0.956265 	 0.000847806 	 0.0017655
1360 	 2705 	 0.956265 	 0.000847806 	 0.0017655
1360 	 2710 	 0.956265 	 0.000847806 	 0.0017655
1360 	 2715 	 0.956265 	 0.000847806 	 0.0017655
1360 	 2720 	 0.956265 	 0.000847806 	 0.0017655
1360 	 2725 	 0.956265 	 0.000847806 	 0.0017655
1360 	 2730 	 0.956265 	 0.000847806 	 0.0017655
1360 	 2735 	 0.956265 	 0.000847806 	 0.0017655
1360 	 2740 	 0.956265 	 0.000847806 	 0.0017655
1360 	 2745 	 0.956265 	 0.000847806 	 0.0017655
1360 	 2750 	 0.956265 	 0.000847806 	 0.0017655
1360 	 2755 	 0.956265 	 0.000847806 	 0.0017655
1360 	 2760 	 0.956265 	 0.000847806 	 0.0017655
1360 	 2765 	 0.956265 	 0.000847806 	 0.0017655
1360 	 2770 	 0.956265 	 0.000847806 	 0.0017655
1360 	 2775 	 0.956265 	 0.000847806 	 0.0017655
1360 	 2780 	 0.956265 	 0.000847806 	 0.0017655
1360 	 2785 	 0.956265 	 0.000847806 	 0.0017655
1360 	 2790 	 0.956265 	 0.000847806 	 0.0017655
1360 	 2795 	 0.956265 	 0.000847806 	 0.0017655
1360 	 2800 	 0.956265 	 0.000847806 	 0.0017655
1360 	 2805 	 0.956265 	 0.000847806 	 0.0017655
1360 	 2810 	 0.956265 	 0.000847806 	 0.0017655
1360 	 2815 	 0.956265 	 0.000847806 	 0.0017655
1360 	 2820 	 0.956265 	 0.000847806 	 0.0017655
1360 	 2825 	 0.956265 	 0.000847806 	 0.0017655
1360 	 2830 	 0.956265 	 0.000847806 	 0.0017655
1360 	 2835 	 0.956265 	 0.000847806 	 0.0017655
1360 	 2840 	 0.956265 	 0.000847806 	 0.0017655
1360 	 2845 	 0.956265 	 0.000847806 	 0.0017655
1360 	 2850 	 0.956265 	 0.000847806 	 0.0017655
1360 	 2855 	 0.956265 	 0.000847806 	 0.0017655
1360 	 2860 	 0.956265 	 0.000847806 	 0.0017655
1360 	 2865 	 0.956265 	 0.000847806 	 0.0017655
1360 	 2870 	 0.956265 	 0.000847806 	 0.0017655
1360 	 2875 	 0.956265 	 0.000847806 	 0.0017655
1360 	 2880 	 0.956265 	 0.000847806 	 0.0017655
1360 	 2885 	 0.956265 	 0.000847806 	 0.0017655
1360 	 2890 	 0.956265 	 0.000847806 	 0.0017655
1360 	 2895 	 0.956265 	 0.000847806 	 0.0017655
1360 	 2900 	 0.956265 	 0.000847806 	 0.0017655
1360 	 2905 	 0.956265 	 0.000847806 	 0.0017655
1360 	 2910 	 0.956265 	 0.000847806 	 0.0017655
1360 	 2915 	 0.956265 	 0.000847806 	 0.0017655
1360 	 2920 	 0.956265 	 0.000847806 	 0.0017655
1360 	 2925 	 0.956265 	 0.000847806 	 0.0017655
1360 	 2930 	 0.956265 	 0.000847806 	 0.0017655
1360 	 2935 	 0.956265 	 0.000847806 	 0.0017655
1360 	 2940 	 0.956265 	 0.000847806 	 0.0017655
1360 	 2945 	 0.956265 	 0.000847806 	 0.0017655
1360 	 2950 	 0.956265 	 0.000847806 	 0.0017655
1360 	 2955 	 0.956265 	 0.000847806 	 0.0017655
1360 	 2960 	 0.956265 	 0.000847806 	 0.0017655
1360 	 2965 	 0.956265 	 0.000847806 	 0.0017655
1360 	 2970 	 0.956265 	 0.000847806 	 0.0017655
1360 	 2975 	 0.956265 	 0.000847806 	 0.0017655
1360 	 2980 	 0.956265 	 0.000847806 	 0.0017655
1360 	 2985 	 0.956265 	 0.000847806 	 0.0017655
1360 	 2990 	 0.956265 	 0.000847806 	 0.0017655
1360 	 2995 	 0.956265 	 0.000847806 	 0.0017655
1360 	 3000 	 0.956265 	 0.000847806 	 0.0017655
1360 	 3005 	 0.956265 	 0.000847806 	 0.0017655
1360 	 3010 	 0.956265 	 0.000847806 	 0.0017655
1360 	 3015 	 0.956265 	 0.000847806 	 0.0017655
1360 	 3020 	 0.956265 	 0.000847806 	 0.0017655
1360 	 3025 	 0.956265 	 0.000847806 	 0.0017655
1360 	 3030 	 0.956265 	 0.000847806 	 0.0017655
1360 	 3035 	 0.956265 	 0.000847806 	 0.0017655
1360 	 3040 	 0.956265 	 0.000847806 	 0.0017655
1360 	 3045 	 0.956265 	 0.000847806 	 0.0017655
1360 	 3050 	 0.956265 	 0.000847806 	 0.0017655
1360 	 3055 	 0.956265 	 0.000847806 	 0.0017655
1360 	 3060 	 0.956265 	 0.000847806 	 0.0017655
1360 	 3065 	 0.956265 	 0.000847806 	 0.0017655
1360 	 3070 	 0.956265 	 0.000847806 	 0.0017655
1360 	 3075 	 0.956265 	 0.000847806 	 0.0017655
1360 	 3080 	 0.956265 	 0.000847806 	 0.0017655
1360 	 3085 	 0.956265 	 0.000847806 	 0.0017655
1360 	 3090 	 0.956265 	 0.000847806 	 0.0017655
1360 	 3095 	 0.956265 	 0.000847806 	 0.0017655
1360 	 3100 	 0.956265 	 0.000847806 	 0.0017655
1360 	 3105 	 0.956265 	 0.000847806 	 0.0017655
1360 	 3110 	 0.956265 	 0.000847806 	 0.0017655
1360 	 3115 	 0.956265 	 0.000847806 	 0.0017655
1360 	 3120 	 0.956265 	 0.000847806 	 0.0017655
1360 	 3125 	 0.956265 	 0.000847806 	 0.0017655
1360 	 3130 	 0.956265 	 0.000847806 	 0.0017655
1360 	 3135 	 0.956265 	 0.000847806 	 0.0017655
1360 	 3140 	 0.956265 	 0.000847806 	 0.0017655
1360 	 3145 	 0.956265 	 0.000847806 	 0.0017655
1360 	 3150 	 0.956265 	 0.000847806 	 0.0017655
1360 	 3155 	 0.956265 	 0.000847806 	 0.0017655
1360 	 3160 	 0.956265 	 0.000847806 	 0.0017655
1360 	 3165 	 0.956265 	 0.000847806 	 0.0017655
1360 	 3170 	 0.956265 	 0.000847806 	 0.0017655
1360 	 3175 	 0.956265 	 0.000847806 	 0.0017655
1360 	 3180 	 0.956265 	 0.000847806 	 0.0017655
1360 	 3185 	 0.956265 	 0.000847806 	 0.0017655
1360 	 3190 	 0.956265 	 0.000847806 	 0.0017655
1360 	 3195 	 0.956265 	 0.000847806 	 0.0017655
1360 	 3200 	 0.956265 	 0.000847806 	 0.0017655
1360 	 3205 	 0.956265 	 0.000847806 	 0.0017655
1360 	 3210 	 0.956265 	 0.000847806 	 0.0017655
1360 	 3215 	 0.956265 	 0.000847806 	 0.0017655
1360 	 3220 	 0.956265 	 0.000847806 	 0.0017655
1360 	 3225 	 0.956265 	 0.000847806 	 0.0017655
1360 	 3230 	 0.956265 	 0.000847806 	 0.0017655
1360 	 3235 	 0.956265 	 0.000847806 	 0.0017655
1360 	 3240 	 0.956265 	 0.000847806 	 0.0017655
1360 	 3245 	 0.956265 	 0.000847806 	 0.0017655
1360 	 3250 	 0.956265 	 0.000847806 	 0.0017655
1360 	 3255 	 0.956265 	 0.000847806 	 0.0017655
1360 	 3260 	 0.956265 	 0.000847806 	 0.0017655
1360 	 3265 	 0.956265 	 0.000847806 	 0.0017655
1360 	 3270 	 0.956265 	 0.000847806 	 0.0017655
1360 	 3275 	 0.956265 	 0.000847806 	 0.0017655
1360 	 3280 	 0.956265 	 0.000847806 	 0.0017655
1360 	 3285 	 0.956265 	 0.000847806 	 0.0017655
1360 	 3290 	 0.956265 	 0.000847806 	 0.0017655
1360 	 3295 	 0.956265 	 0.000847806 	 0.0017655
1360 	 3300 	 0.956265 	 0.000847806 	 0.0017655
1360 	 3305 	 0.956265 	 0.000847806 	 0.0017655
1360 	 3310 	 0.956265 	 0.000847806 	 0.0017655
1360 	 3315 	 0.956265 	 0.000847806 	 0.0017655
1360 	 3320 	 0.956265 	 0.000847806 	 0.0017655
1360 	 3325 	 0.956265 	 0.000847806 	 0.0017655
1360 	 3330 	 0.956265 	 0.000847806 	 0.0017655
1360 	 3335 	 0.956265 	 0.000847806 	 0.0017655
1360 	 3340 	 0.956265 	 0.000847806 	 0.0017655
1360 	 3345 	 0.956265 	 0.000847806 	 0.0017655
1360 	 3350 	 0.956265 	 0.000847806 	 0.0017655
1360 	 3355 	 0.956265 	 0.000847806 	 0.0017655
1360 	 3360 	 0.956265 	 0.000847806 	 0.0017655
1360 	 3365 	 0.956265 	 0.000847806 	 0.0017655
1360 	 3370 	 0.956265 	 0.000847806 	 0.0017655
1360 	 3375 	 0.956265 	 0.000847806 	 0.0017655
1360 	 3380 	 0.956265 	 0.000847806 	 0.0017655
1360 	 3385 	 0.956265 	 0.000847806 	 0.0017655
1360 	 3390 	 0.956265 	 0.000847806 	 0.0017655
1360 	 3395 	 0.956265 	 0.000847806 	 0.0017655
1360 	 3400 	 0.956265 	 0.000847806 	 0.0017655
1360 	 3405 	 0.956265 	 0.000847806 	 0.0017655
1360 	 3410 	 0.956265 	 0.000847806 	 0.0017655
1360 	 3415 	 0.956265 	 0.000847806 	 0.0017655
1360 	 3420 	 0.956265 	 0.000847806 	 0.0017655
1360 	 3425 	 0.956265 	 0.000847806 	 0.0017655
1360 	 3430 	 0.956265 	 0.000847806 	 0.0017655
1360 	 3435 	 0.956265 	 0.000847806 	 0.0017655
1360 	 3440 	 0.956265 	 0.000847806 	 0.0017655
1360 	 3445 	 0.956265 	 0.000847806 	 0.0017655
1360 	 3450 	 0.956265 	 0.000847806 	 0.0017655
1360 	 3455 	 0.956265 	 0.000847806 	 0.0017655
1360 	 3460 	 0.956265 	 0.000847806 	 0.0017655
1360 	 3465 	 0.956265 	 0.000847806 	 0.0017655
1360 	 3470 	 0.956265 	 0.000847806 	 0.0017655
1360 	 3475 	 0.956265 	 0.000847806 	 0.0017655
1360 	 3480 	 0.956265 	 0.000847806 	 0.0017655
1360 	 3485 	 0.956265 	 0.000847806 	 0.0017655
1360 	 3490 	 0.956265 	 0.000847806 	 0.0017655
1360 	 3495 	 0.956265 	 0.000847806 	 0.0017655
1360 	 3500 	 0.956265 	 0.000847806 	 0.0017655
1360 	 3505 	 0.956265 	 0.000847806 	 0.0017655
1360 	 3510 	 0.956265 	 0.000847806 	 0.0017655
1360 	 3515 	 0.956265 	 0.000847806 	 0.0017655
1360 	 3520 	 0.956265 	 0.000847806 	 0.0017655
1360 	 3525 	 0.956265 	 0.000847806 	 0.0017655
1360 	 3530 	 0.956265 	 0.000847806 	 0.0017655
1360 	 3535 	 0.956265 	 0.000847806 	 0.0017655
1360 	 3540 	 0.956265 	 0.000847806 	 0.0017655
1360 	 3545 	 0.956265 	 0.000847806 	 0.0017655
1360 	 3550 	 0.956265 	 0.000847806 	 0.0017655
1360 	 3555 	 0.956265 	 0.000847806 	 0.0017655
1360 	 3560 	 0.956265 	 0.000847806 	 0.0017655
1360 	 3565 	 0.956265 	 0.000847806 	 0.0017655
1360 	 3570 	 0.956265 	 0.000847806 	 0.0017655
1360 	 3575 	 0.956265 	 0.000847806 	 0.0017655
1360 	 3580 	 0.956265 	 0.000847806 	 0.0017655
1360 	 3585 	 0.956265 	 0.000847806 	 0.0017655
1360 	 3590 	 0.956265 	 0.000847806 	 0.0017655
1360 	 3595 	 0.956265 	 0.000847806 	 0.0017655
1360 	 3600 	 0.956265 	 0.000847806 	 0.0017655
1360 	 3605 	 0.956265 	 0.000847806 	 0.0017655
1360 	 3610 	 0.956265 	 0.000847806 	 0.0017655
1360 	 3615 	 0.956265 	 0.000847806 	 0.0017655
1360 	 3620 	 0.956265 	 0.000847806 	 0.0017655
1360 	 3625 	 0.956265 	 0.000847806 	 0.0017655
1360 	 3630 	 0.956265 	 0.000847806 	 0.0017655
1360 	 3635 	 0.956265 	 0.000847806 	 0.0017655
1360 	 3640 	 0.956265 	 0.000847806 	 0.0017655
1360 	 3645 	 0.956265 	 0.000847806 	 0.0017655
1360 	 3650 	 0.956265 	 0.000847806 	 0.0017655
1360 	 3655 	 0.956265 	 0.000847806 	 0.0017655
1360 	 3660 	 0.956265 	 0.000847806 	 0.0017655
1360 	 3665 	 0.956265 	 0.000847806 	 0.0017655
1360 	 3670 	 0.956265 	 0.000847806 	 0.0017655
1360 	 3675 	 0.956265 	 0.000847806 	 0.0017655
1360 	 3680 	 0.956265 	 0.000847806 	 0.0017655
1360 	 3685 	 0.956265 	 0.000847806 	 0.0017655
1360 	 3690 	 0.956265 	 0.000847806 	 0.0017655
1360 	 3695 	 0.956265 	 0.000847806 	 0.0017655
1360 	 3700 	 0.956265 	 0.000847806 	 0.0017655
1360 	 3705 	 0.956265 	 0.000847806 	 0.0017655
1360 	 3710 	 0.956265 	 0.000847806 	 0.0017655
1360 	 3715 	 0.956265 	 0.000847806 	 0.0017655
1360 	 3720 	 0.956265 	 0.000847806 	 0.0017655
1360 	 3725 	 0.956265 	 0.000847806 	 0.0017655
1360 	 3730 	 0.956265 	 0.000847806 	 0.0017655
1360 	 3735 	 0.956265 	 0.000847806 	 0.0017655
1360 	 3740 	 0.956265 	 0.000847806 	 0.0017655
1360 	 3745 	 0.956265 	 0.000847806 	 0.0017655
1360 	 3750 	 0.956265 	 0.000847806 	 0.0017655
1360 	 3755 	 0.956265 	 0.000847806 	 0.0017655
1360 	 3760 	 0.956265 	 0.000847806 	 0.0017655
1360 	 3765 	 0.956265 	 0.000847806 	 0.0017655
1360 	 3770 	 0.956265 	 0.000847806 	 0.0017655
1360 	 3775 	 0.956265 	 0.000847806 	 0.0017655
1360 	 3780 	 0.956265 	 0.000847806 	 0.0017655
1360 	 3785 	 0.956265 	 0.000847806 	 0.0017655
1360 	 3790 	 0.956265 	 0.000847806 	 0.0017655
1360 	 3795 	 0.956265 	 0.000847806 	 0.0017655
1360 	 3800 	 0.956265 	 0.000847806 	 0.0017655
1360 	 3805 	 0.956265 	 0.000847806 	 0.0017655
1360 	 3810 	 0.956265 	 0.000847806 	 0.0017655
1360 	 3815 	 0.956265 	 0.000847806 	 0.0017655
1360 	 3820 	 0.956265 	 0.000847806 	 0.0017655
1360 	 3825 	 0.956265 	 0.000847806 	 0.0017655
1360 	 3830 	 0.956265 	 0.000847806 	 0.0017655
1360 	 3835 	 0.956265 	 0.000847806 	 0.0017655
1360 	 3840 	 0.956265 	 0.000847806 	 0.0017655
1360 	 3845 	 0.956265 	 0.000847806 	 0.0017655
1360 	 3850 	 0.956265 	 0.000847806 	 0.0017655
1360 	 3855 	 0.956265 	 0.000847806 	 0.0017655
1360 	 3860 	 0.956265 	 0.000847806 	 0.0017655
1360 	 3865 	 0.956265 	 0.000847806 	 0.0017655
1360 	 3870 	 0.956265 	 0.000847806 	 0.0017655
1360 	 3875 	 0.956265 	 0.000847806 	 0.0017655
1360 	 3880 	 0.956265 	 0.000847806 	 0.0017655
1360 	 3885 	 0.956265 	 0.000847806 	 0.0017655
1360 	 3890 	 0.956265 	 0.000847806 	 0.0017655
1360 	 3895 	 0.956265 	 0.000847806 	 0.0017655
1360 	 3900 	 0.956265 	 0.000847806 	 0.0017655
1360 	 3905 	 0.956265 	 0.000847806 	 0.0017655
1360 	 3910 	 0.956265 	 0.000847806 	 0.0017655
1360 	 3915 	 0.956265 	 0.000847806 	 0.0017655
1360 	 3920 	 0.956265 	 0.000847806 	 0.0017655
1360 	 3925 	 0.956265 	 0.000847806 	 0.0017655
1360 	 3930 	 0.956265 	 0.000847806 	 0.0017655
1360 	 3935 	 0.956265 	 0.000847806 	 0.0017655
1360 	 3940 	 0.956265 	 0.000847806 	 0.0017655
1360 	 3945 	 0.956265 	 0.000847806 	 0.0017655
1360 	 3950 	 0.956265 	 0.000847806 	 0.0017655
1360 	 3955 	 0.956265 	 0.000847806 	 0.0017655
1360 	 3960 	 0.956265 	 0.000847806 	 0.0017655
1360 	 3965 	 0.956265 	 0.000847806 	 0.0017655
1360 	 3970 	 0.956265 	 0.000847806 	 0.0017655
1360 	 3975 	 0.956265 	 0.000847806 	 0.0017655
1360 	 3980 	 0.956265 	 0.000847806 	 0.0017655
1360 	 3985 	 0.956265 	 0.000847806 	 0.0017655
1360 	 3990 	 0.956265 	 0.000847806 	 0.0017655
1360 	 3995 	 0.956265 	 0.000847806 	 0.0017655
1360 	 4000 	 0.956265 	 0.000847806 	 0.0017655
1360 	 4005 	 0.956265 	 0.000847806 	 0.0017655
1360 	 4010 	 0.956265 	 0.000847806 	 0.0017655
1360 	 4015 	 0.956265 	 0.000847806 	 0.0017655
1360 	 4020 	 0.956265 	 0.000847806 	 0.0017655
1360 	 4025 	 0.956265 	 0.000847806 	 0.0017655
1360 	 4030 	 0.956265 	 0.000847806 	 0.0017655
1360 	 4035 	 0.956265 	 0.000847806 	 0.0017655
1360 	 4040 	 0.956265 	 0.000847806 	 0.0017655
1360 	 4045 	 0.956265 	 0.000847806 	 0.0017655
1360 	 4050 	 0.956265 	 0.000847806 	 0.0017655
1360 	 4055 	 0.956265 	 0.000847806 	 0.0017655
1360 	 4060 	 0.956265 	 0.000847806 	 0.0017655
1360 	 4065 	 0.956265 	 0.000847806 	 0.0017655
1360 	 4070 	 0.956265 	 0.000847806 	 0.0017655
1360 	 4075 	 0.956265 	 0.000847806 	 0.0017655
1360 	 4080 	 0.956265 	 0.000847806 	 0.0017655
1360 	 4085 	 0.956265 	 0.000847806 	 0.0017655
1360 	 4090 	 0.956265 	 0.000847806 	 0.0017655
1360 	 4095 	 0.956265 	 0.000847806 	 0.0017655
1360 	 4100 	 0.956265 	 0.000847806 	 0.0017655
1360 	 4105 	 0.956265 	 0.000847806 	 0.0017655
1360 	 4110 	 0.956265 	 0.000847806 	 0.0017655
1360 	 4115 	 0.956265 	 0.000847806 	 0.0017655
1360 	 4120 	 0.956265 	 0.000847806 	 0.0017655
1360 	 4125 	 0.956265 	 0.000847806 	 0.0017655
1360 	 4130 	 0.956265 	 0.000847806 	 0.0017655
1360 	 4135 	 0.956265 	 0.000847806 	 0.0017655
1360 	 4140 	 0.956265 	 0.000847806 	 0.0017655
1360 	 4145 	 0.956265 	 0.000847806 	 0.0017655
1360 	 4150 	 0.956265 	 0.000847806 	 0.0017655
1360 	 4155 	 0.956265 	 0.000847806 	 0.0017655
1360 	 4160 	 0.956265 	 0.000847806 	 0.0017655
1360 	 4165 	 0.956265 	 0.000847806 	 0.0017655
1360 	 4170 	 0.956265 	 0.000847806 	 0.0017655
1360 	 4175 	 0.956265 	 0.000847806 	 0.0017655
1360 	 4180 	 0.956265 	 0.000847806 	 0.0017655
1360 	 4185 	 0.956265 	 0.000847806 	 0.0017655
1360 	 4190 	 0.956265 	 0.000847806 	 0.0017655
1360 	 4195 	 0.956265 	 0.000847806 	 0.0017655
1360 	 4200 	 0.956265 	 0.000847806 	 0.0017655
1360 	 4205 	 0.956265 	 0.000847806 	 0.0017655
1360 	 4210 	 0.956265 	 0.000847806 	 0.0017655
1360 	 4215 	 0.956265 	 0.000847806 	 0.0017655
1360 	 4220 	 0.956265 	 0.000847806 	 0.0017655
1360 	 4225 	 0.956265 	 0.000847806 	 0.0017655
1360 	 4230 	 0.956265 	 0.000847806 	 0.0017655
1360 	 4235 	 0.956265 	 0.000847806 	 0.0017655
1360 	 4240 	 0.956265 	 0.000847806 	 0.0017655
1360 	 4245 	 0.956265 	 0.000847806 	 0.0017655
1360 	 4250 	 0.956265 	 0.000847806 	 0.0017655
1360 	 4255 	 0.956265 	 0.000847806 	 0.0017655
1360 	 4260 	 0.956265 	 0.000847806 	 0.0017655
1360 	 4265 	 0.956265 	 0.000847806 	 0.0017655
1360 	 4270 	 0.956265 	 0.000847806 	 0.0017655
1360 	 4275 	 0.956265 	 0.000847806 	 0.0017655
1360 	 4280 	 0.956265 	 0.000847806 	 0.0017655
1360 	 4285 	 0.956265 	 0.000847806 	 0.0017655
1360 	 4290 	 0.956265 	 0.000847806 	 0.0017655
1360 	 4295 	 0.956265 	 0.000847806 	 0.0017655
1360 	 4300 	 0.956265 	 0.000847806 	 0.0017655
1360 	 4305 	 0.956265 	 0.000847806 	 0.0017655
1360 	 4310 	 0.956265 	 0.000847806 	 0.0017655
1360 	 4315 	 0.956265 	 0.000847806 	 0.0017655
1360 	 4320 	 0.956265 	 0.000847806 	 0.0017655
1360 	 4325 	 0.956265 	 0.000847806 	 0.0017655
1360 	 4330 	 0.956265 	 0.000847806 	 0.0017655
1360 	 4335 	 0.956265 	 0.000847806 	 0.0017655
1360 	 4340 	 0.956265 	 0.000847806 	 0.0017655
1360 	 4345 	 0.956265 	 0.000847806 	 0.0017655
1360 	 4350 	 0.956265 	 0.000847806 	 0.0017655
1360 	 4355 	 0.956265 	 0.000847806 	 0.0017655
1360 	 4360 	 0.956265 	 0.000847806 	 0.0017655
1360 	 4365 	 0.956265 	 0.000847806 	 0.0017655
1360 	 4370 	 0.956265 	 0.000847806 	 0.0017655
1360 	 4375 	 0.956265 	 0.000847806 	 0.0017655
1360 	 4380 	 0.956265 	 0.000847806 	 0.0017655
1360 	 4385 	 0.956265 	 0.000847806 	 0.0017655
1360 	 4390 	 0.956265 	 0.000847806 	 0.0017655
1360 	 4395 	 0.956265 	 0.000847806 	 0.0017655
1360 	 4400 	 0.956265 	 0.000847806 	 0.0017655
1360 	 4405 	 0.956265 	 0.000847806 	 0.0017655
1360 	 4410 	 0.956265 	 0.000847806 	 0.0017655
1360 	 4415 	 0.956265 	 0.000847806 	 0.0017655
1360 	 4420 	 0.956265 	 0.000847806 	 0.0017655
1360 	 4425 	 0.956265 	 0.000847806 	 0.0017655
1360 	 4430 	 0.956265 	 0.000847806 	 0.0017655
1360 	 4435 	 0.956265 	 0.000847806 	 0.0017655
1360 	 4440 	 0.956265 	 0.000847806 	 0.0017655
1360 	 4445 	 0.956265 	 0.000847806 	 0.0017655
1360 	 4450 	 0.956265 	 0.000847806 	 0.0017655
1360 	 4455 	 0.956265 	 0.000847806 	 0.0017655
1360 	 4460 	 0.956265 	 0.000847806 	 0.0017655
1360 	 4465 	 0.956265 	 0.000847806 	 0.0017655
1360 	 4470 	 0.956265 	 0.000847806 	 0.0017655
1360 	 4475 	 0.956265 	 0.000847806 	 0.0017655
1360 	 4480 	 0.956265 	 0.000847806 	 0.0017655
1360 	 4485 	 0.956265 	 0.000847806 	 0.0017655
1360 	 4490 	 0.956265 	 0.000847806 	 0.0017655
1360 	 4495 	 0.956265 	 0.000847806 	 0.0017655
1360 	 4500 	 0.956265 	 0.000847806 	 0.0017655
1360 	 4505 	 0.956265 	 0.000847806 	 0.0017655
1360 	 4510 	 0.956265 	 0.000847806 	 0.0017655
1360 	 4515 	 0.956265 	 0.000847806 	 0.0017655
1360 	 4520 	 0.956265 	 0.000847806 	 0.0017655
1360 	 4525 	 0.956265 	 0.000847806 	 0.0017655
1360 	 4530 	 0.956265 	 0.000847806 	 0.0017655
1360 	 4535 	 0.956265 	 0.000847806 	 0.0017655
1360 	 4540 	 0.956265 	 0.000847806 	 0.0017655
1360 	 4545 	 0.956265 	 0.000847806 	 0.0017655
1360 	 4550 	 0.956265 	 0.000847806 	 0.0017655
1360 	 4555 	 0.956265 	 0.000847806 	 0.0017655
1360 	 4560 	 0.956265 	 0.000847806 	 0.0017655
1360 	 4565 	 0.956265 	 0.000847806 	 0.0017655
1360 	 4570 	 0.956265 	 0.000847806 	 0.0017655
1360 	 4575 	 0.956265 	 0.000847806 	 0.0017655
1360 	 4580 	 0.956265 	 0.000847806 	 0.0017655
1360 	 4585 	 0.956265 	 0.000847806 	 0.0017655
1360 	 4590 	 0.956265 	 0.000847806 	 0.0017655
1360 	 4595 	 0.956265 	 0.000847806 	 0.0017655
1360 	 4600 	 0.956265 	 0.000847806 	 0.0017655
1360 	 4605 	 0.956265 	 0.000847806 	 0.0017655
1360 	 4610 	 0.956265 	 0.000847806 	 0.0017655
1360 	 4615 	 0.956265 	 0.000847806 	 0.0017655
1360 	 4620 	 0.956265 	 0.000847806 	 0.0017655
1360 	 4625 	 0.956265 	 0.000847806 	 0.0017655
1360 	 4630 	 0.956265 	 0.000847806 	 0.0017655
1360 	 4635 	 0.956265 	 0.000847806 	 0.0017655
1360 	 4640 	 0.956265 	 0.000847806 	 0.0017655
1360 	 4645 	 0.956265 	 0.000847806 	 0.0017655
1360 	 4650 	 0.956265 	 0.000847806 	 0.0017655
1360 	 4655 	 0.956265 	 0.000847806 	 0.0017655
1360 	 4660 	 0.956265 	 0.000847806 	 0.0017655
1360 	 4665 	 0.956265 	 0.000847806 	 0.0017655
1360 	 4670 	 0.956265 	 0.000847806 	 0.0017655
1360 	 4675 	 0.956265 	 0.000847806 	 0.0017655
1360 	 4680 	 0.956265 	 0.000847806 	 0.0017655
1360 	 4685 	 0.956265 	 0.000847806 	 0.0017655
1360 	 4690 	 0.956265 	 0.000847806 	 0.0017655
1360 	 4695 	 0.956265 	 0.000847806 	 0.0017655
1360 	 4700 	 0.956265 	 0.000847806 	 0.0017655
1360 	 4705 	 0.956265 	 0.000847806 	 0.0017655
1360 	 4710 	 0.956265 	 0.000847806 	 0.0017655
1360 	 4715 	 0.956265 	 0.000847806 	 0.0017655
1360 	 4720 	 0.956265 	 0.000847806 	 0.0017655
1360 	 4725 	 0.956265 	 0.000847806 	 0.0017655
1360 	 4730 	 0.956265 	 0.000847806 	 0.0017655
1360 	 4735 	 0.956265 	 0.000847806 	 0.0017655
1360 	 4740 	 0.956265 	 0.000847806 	 0.0017655
1360 	 4745 	 0.956265 	 0.000847806 	 0.0017655
1360 	 4750 	 0.956265 	 0.000847806 	 0.0017655
1360 	 4755 	 0.956265 	 0.000847806 	 0.0017655
1360 	 4760 	 0.956265 	 0.000847806 	 0.0017655
1360 	 4765 	 0.956265 	 0.000847806 	 0.0017655
1360 	 4770 	 0.956265 	 0.000847806 	 0.0017655
1360 	 4775 	 0.956265 	 0.000847806 	 0.0017655
1360 	 4780 	 0.956265 	 0.000847806 	 0.0017655
1360 	 4785 	 0.956265 	 0.000847806 	 0.0017655
1360 	 4790 	 0.956265 	 0.000847806 	 0.0017655
1360 	 4795 	 0.956265 	 0.000847806 	 0.0017655
1360 	 4800 	 0.956265 	 0.000847806 	 0.0017655
1360 	 4805 	 0.956265 	 0.000847806 	 0.0017655
1360 	 4810 	 0.956265 	 0.000847806 	 0.0017655
1360 	 4815 	 0.956265 	 0.000847806 	 0.0017655
1360 	 4820 	 0.956265 	 0.000847806 	 0.0017655
1360 	 4825 	 0.956265 	 0.000847806 	 0.0017655
1360 	 4830 	 0.956265 	 0.000847806 	 0.0017655
1360 	 4835 	 0.956265 	 0.000847806 	 0.0017655
1360 	 4840 	 0.956265 	 0.000847806 	 0.0017655
1360 	 4845 	 0.956265 	 0.000847806 	 0.0017655
1360 	 4850 	 0.956265 	 0.000847806 	 0.0017655
1360 	 4855 	 0.956265 	 0.000847806 	 0.0017655
1360 	 4860 	 0.956265 	 0.000847806 	 0.0017655
1360 	 4865 	 0.956265 	 0.000847806 	 0.0017655
1360 	 4870 	 0.956265 	 0.000847806 	 0.0017655
1360 	 4875 	 0.956265 	 0.000847806 	 0.0017655
1360 	 4880 	 0.956265 	 0.000847806 	 0.0017655
1360 	 4885 	 0.956265 	 0.000847806 	 0.0017655
1360 	 4890 	 0.956265 	 0.000847806 	 0.0017655
1360 	 4895 	 0.956265 	 0.000847806 	 0.0017655
1360 	 4900 	 0.956265 	 0.000847806 	 0.0017655
1360 	 4905 	 0.956265 	 0.000847806 	 0.0017655
1360 	 4910 	 0.956265 	 0.000847806 	 0.0017655
1360 	 4915 	 0.956265 	 0.000847806 	 0.0017655
1360 	 4920 	 0.956265 	 0.000847806 	 0.0017655
1360 	 4925 	 0.956265 	 0.000847806 	 0.0017655
1360 	 4930 	 0.956265 	 0.000847806 	 0.0017655
1360 	 4935 	 0.956265 	 0.000847806 	 0.0017655
1360 	 4940 	 0.956265 	 0.000847806 	 0.0017655
1360 	 4945 	 0.956265 	 0.000847806 	 0.0017655
1360 	 4950 	 0.956265 	 0.000847806 	 0.0017655
1360 	 4955 	 0.956265 	 0.000847806 	 0.0017655
1360 	 4960 	 0.956265 	 0.000847806 	 0.0017655
1360 	 4965 	 0.956265 	 0.000847806 	 0.0017655
1360 	 4970 	 0.956265 	 0.000847806 	 0.0017655
1360 	 4975 	 0.956265 	 0.000847806 	 0.0017655
1360 	 4980 	 0.956265 	 0.000847806 	 0.0017655
1360 	 4985 	 0.956265 	 0.000847806 	 0.0017655
1360 	 4990 	 0.956265 	 0.000847806 	 0.0017655
1360 	 4995 	 0.956265 	 0.000847806 	 0.0017655
1360 	 5000 	 0.956265 	 0.000847806 	 0.0017655
