1170 	 5 	 0.734488 	 0.00296619 	 0.00617689
1170 	 10 	 0.734488 	 0.00296607 	 0.00617663
1170 	 15 	 0.734488 	 0.00296504 	 0.00617449
1170 	 20 	 0.734493 	 0.0029571 	 0.00615795
1170 	 25 	 0.734541 	 0.00290246 	 0.00604417
1170 	 30 	 0.735001 	 0.00271425 	 0.00565223
1170 	 35 	 0.739199 	 0.00452195 	 0.00941664
1170 	 40 	 0.764579 	 0.00252028 	 0.0052483
1170 	 45 	 0.802935 	 0.00994328 	 0.0207062
1170 	 50 	 0.813872 	 0.00240729 	 0.00501302
1170 	 55 	 0.815967 	 0.00168805 	 0.00351524
1170 	 60 	 0.81696 	 0.00172004 	 0.00358186
1170 	 65 	 0.817819 	 0.00161068 	 0.00335413
1170 	 70 	 0.818644 	 0.0014907 	 0.00310429
1170 	 75 	 0.819448 	 0.00138339 	 0.00288082
1170 	 80 	 0.820232 	 0.00129228 	 0.00269109
1170 	 85 	 0.820997 	 0.0012182 	 0.00253681
1170 	 90 	 0.821742 	 0.00116135 	 0.00241842
1170 	 95 	 0.822469 	 0.00112147 	 0.00233538
1170 	 100 	 0.823178 	 0.00109775 	 0.00228599
1170 	 105 	 0.82387 	 0.00108882 	 0.00226738
1170 	 110 	 0.824544 	 0.00109286 	 0.00227579
1170 	 115 	 0.825201 	 0.0011078 	 0.00230691
1170 	 120 	 0.825842 	 0.00113152 	 0.00235631
1170 	 125 	 0.826467 	 0.00116201 	 0.00241981
1170 	 130 	 0.827077 	 0.00119748 	 0.00249367
1170 	 135 	 0.827671 	 0.0012364 	 0.00257471
1170 	 140 	 0.828251 	 0.0012775 	 0.00266031
1170 	 145 	 0.828816 	 0.00131979 	 0.00274837
1170 	 150 	 0.829367 	 0.00136245 	 0.00283721
1170 	 155 	 0.829905 	 0.00140487 	 0.00292554
1170 	 160 	 0.830429 	 0.00144657 	 0.00301239
1170 	 165 	 0.83094 	 0.0014872 	 0.00309698
1170 	 170 	 0.831438 	 0.00152648 	 0.00317878
1170 	 175 	 0.831924 	 0.00156422 	 0.00325738
1170 	 180 	 0.832398 	 0.0016003 	 0.0033325
1170 	 185 	 0.83286 	 0.00163461 	 0.00340396
1170 	 190 	 0.833311 	 0.00166711 	 0.00347163
1170 	 195 	 0.83375 	 0.00169776 	 0.00353547
1170 	 200 	 0.834179 	 0.00172658 	 0.00359547
1170 	 205 	 0.834597 	 0.00175356 	 0.00365167
1170 	 210 	 0.835004 	 0.00177874 	 0.0037041
1170 	 215 	 0.835402 	 0.00180216 	 0.00375287
1170 	 220 	 0.835789 	 0.00182386 	 0.00379806
1170 	 225 	 0.836167 	 0.0018439 	 0.00383978
1170 	 230 	 0.836535 	 0.00186232 	 0.00387816
1170 	 235 	 0.836895 	 0.0018792 	 0.00391331
1170 	 240 	 0.837245 	 0.0018946 	 0.00394536
1170 	 245 	 0.837587 	 0.00190857 	 0.00397446
1170 	 250 	 0.83792 	 0.00192119 	 0.00400074
1170 	 255 	 0.838245 	 0.00193252 	 0.00402433
1170 	 260 	 0.838562 	 0.00194262 	 0.00404538
1170 	 265 	 0.838871 	 0.00195157 	 0.00406401
1170 	 270 	 0.839172 	 0.00195942 	 0.00408036
1170 	 275 	 0.839466 	 0.00196625 	 0.00409457
1170 	 280 	 0.839752 	 0.0019721 	 0.00410676
1170 	 285 	 0.840031 	 0.00197705 	 0.00411706
1170 	 290 	 0.840304 	 0.00198115 	 0.0041256
1170 	 295 	 0.84057 	 0.00198445 	 0.00413249
1170 	 300 	 0.840829 	 0.00198703 	 0.00413785
1170 	 305 	 0.841081 	 0.00198893 	 0.0041418
1170 	 310 	 0.841327 	 0.0019902 	 0.00414445
1170 	 315 	 0.841568 	 0.0019909 	 0.00414591
1170 	 320 	 0.841802 	 0.00199108 	 0.00414628
1170 	 325 	 0.84203 	 0.00199078 	 0.00414565
1170 	 330 	 0.842253 	 0.00199005 	 0.00414413
1170 	 335 	 0.84247 	 0.00198893 	 0.00414181
1170 	 340 	 0.842682 	 0.00198748 	 0.00413878
1170 	 345 	 0.842889 	 0.00198572 	 0.00413511
1170 	 350 	 0.84309 	 0.00198369 	 0.00413091
1170 	 355 	 0.843286 	 0.00198145 	 0.00412623
1170 	 360 	 0.843478 	 0.00197901 	 0.00412115
1170 	 365 	 0.843665 	 0.00197642 	 0.00411575
1170 	 370 	 0.843847 	 0.0019737 	 0.0041101
1170 	 375 	 0.844024 	 0.0019709 	 0.00410425
1170 	 380 	 0.844198 	 0.00196802 	 0.00409827
1170 	 385 	 0.844366 	 0.00196511 	 0.00409221
1170 	 390 	 0.844531 	 0.00196219 	 0.00408613
1170 	 395 	 0.844692 	 0.00195929 	 0.00408008
1170 	 400 	 0.844848 	 0.00195642 	 0.0040741
1170 	 405 	 0.845001 	 0.0019536 	 0.00406824
1170 	 410 	 0.84515 	 0.00195087 	 0.00406254
1170 	 415 	 0.845295 	 0.00194822 	 0.00405704
1170 	 420 	 0.845437 	 0.00194569 	 0.00405177
1170 	 425 	 0.845575 	 0.00194329 	 0.00404676
1170 	 430 	 0.845709 	 0.00194102 	 0.00404205
1170 	 435 	 0.845841 	 0.00193892 	 0.00403766
1170 	 440 	 0.845969 	 0.00193697 	 0.00403361
1170 	 445 	 0.846094 	 0.0019352 	 0.00402993
1170 	 450 	 0.846215 	 0.00193362 	 0.00402663
1170 	 455 	 0.846334 	 0.00193223 	 0.00402374
1170 	 460 	 0.84645 	 0.00193104 	 0.00402126
1170 	 465 	 0.846563 	 0.00193006 	 0.00401921
1170 	 470 	 0.846673 	 0.00192928 	 0.0040176
1170 	 475 	 0.84678 	 0.00192873 	 0.00401644
1170 	 480 	 0.846885 	 0.00192839 	 0.00401573
1170 	 485 	 0.846987 	 0.00192826 	 0.00401548
1170 	 490 	 0.847086 	 0.00192837 	 0.00401569
1170 	 495 	 0.847184 	 0.00192869 	 0.00401636
1170 	 500 	 0.847278 	 0.00192923 	 0.00401749
1170 	 505 	 0.847371 	 0.00193 	 0.00401909
1170 	 510 	 0.847461 	 0.00193098 	 0.00402114
1170 	 515 	 0.847548 	 0.00193219 	 0.00402365
1170 	 520 	 0.847634 	 0.00193361 	 0.0040266
1170 	 525 	 0.847717 	 0.00193524 	 0.00403
1170 	 530 	 0.847799 	 0.00193708 	 0.00403383
1170 	 535 	 0.847878 	 0.00193912 	 0.00403808
1170 	 540 	 0.847956 	 0.00194136 	 0.00404275
1170 	 545 	 0.848031 	 0.0019438 	 0.00404784
1170 	 550 	 0.848105 	 0.00194643 	 0.00405331
1170 	 555 	 0.848176 	 0.00194925 	 0.00405918
1170 	 560 	 0.848246 	 0.00195225 	 0.00406542
1170 	 565 	 0.848315 	 0.00195542 	 0.00407202
1170 	 570 	 0.848381 	 0.00195876 	 0.00407897
1170 	 575 	 0.848446 	 0.00196226 	 0.00408626
1170 	 580 	 0.848509 	 0.00196591 	 0.00409388
1170 	 585 	 0.848571 	 0.00196972 	 0.0041018
1170 	 590 	 0.848631 	 0.00197367 	 0.00411003
1170 	 595 	 0.84869 	 0.00197776 	 0.00411854
1170 	 600 	 0.848747 	 0.00198198 	 0.00412733
1170 	 605 	 0.848803 	 0.00198632 	 0.00413637
1170 	 610 	 0.848857 	 0.00199078 	 0.00414566
1170 	 615 	 0.84891 	 0.00199536 	 0.00415519
1170 	 620 	 0.848962 	 0.00200003 	 0.00416493
1170 	 625 	 0.849013 	 0.00200481 	 0.00417488
1170 	 630 	 0.849062 	 0.00200968 	 0.00418502
1170 	 635 	 0.84911 	 0.00201464 	 0.00419535
1170 	 640 	 0.849157 	 0.00201968 	 0.00420584
1170 	 645 	 0.849202 	 0.0020248 	 0.00421649
1170 	 650 	 0.849247 	 0.00202998 	 0.00422729
1170 	 655 	 0.84929 	 0.00203523 	 0.00423822
1170 	 660 	 0.849332 	 0.00204053 	 0.00424927
1170 	 665 	 0.849374 	 0.00204589 	 0.00426043
1170 	 670 	 0.849414 	 0.0020513 	 0.00427169
1170 	 675 	 0.849453 	 0.00205675 	 0.00428303
1170 	 680 	 0.849491 	 0.00206224 	 0.00429446
1170 	 685 	 0.849529 	 0.00206775 	 0.00430595
1170 	 690 	 0.849565 	 0.0020733 	 0.00431751
1170 	 695 	 0.8496 	 0.00207887 	 0.00432911
1170 	 700 	 0.849635 	 0.00208446 	 0.00434075
1170 	 705 	 0.849669 	 0.00209007 	 0.00435243
1170 	 710 	 0.849702 	 0.00209569 	 0.00436412
1170 	 715 	 0.849734 	 0.00210131 	 0.00437583
1170 	 720 	 0.849765 	 0.00210694 	 0.00438755
1170 	 725 	 0.849795 	 0.00211257 	 0.00439927
1170 	 730 	 0.849825 	 0.00211819 	 0.00441098
1170 	 735 	 0.849854 	 0.00212381 	 0.00442268
1170 	 740 	 0.849883 	 0.00212941 	 0.00443435
1170 	 745 	 0.84991 	 0.00213501 	 0.004446
1170 	 750 	 0.849937 	 0.00214058 	 0.00445761
1170 	 755 	 0.849963 	 0.00214614 	 0.00446919
1170 	 760 	 0.849989 	 0.00215168 	 0.00448072
1170 	 765 	 0.850014 	 0.00215719 	 0.0044922
1170 	 770 	 0.850038 	 0.00216268 	 0.00450362
1170 	 775 	 0.850062 	 0.00216813 	 0.00451499
1170 	 780 	 0.850085 	 0.00217356 	 0.00452629
1170 	 785 	 0.850107 	 0.00217896 	 0.00453752
1170 	 790 	 0.850129 	 0.00218432 	 0.00454868
1170 	 795 	 0.850151 	 0.00218964 	 0.00455977
1170 	 800 	 0.850172 	 0.00219492 	 0.00457077
1170 	 805 	 0.850192 	 0.00220017 	 0.0045817
1170 	 810 	 0.850212 	 0.00220537 	 0.00459253
1170 	 815 	 0.850231 	 0.00221053 	 0.00460328
1170 	 820 	 0.85025 	 0.00221565 	 0.00461394
1170 	 825 	 0.850269 	 0.00222073 	 0.0046245
1170 	 830 	 0.850287 	 0.00222575 	 0.00463497
1170 	 835 	 0.850304 	 0.00223073 	 0.00464534
1170 	 840 	 0.850321 	 0.00223566 	 0.00465561
1170 	 845 	 0.850338 	 0.00224054 	 0.00466578
1170 	 850 	 0.850354 	 0.00224538 	 0.00467584
1170 	 855 	 0.85037 	 0.00225016 	 0.0046858
1170 	 860 	 0.850386 	 0.00225489 	 0.00469565
1170 	 865 	 0.850401 	 0.00225957 	 0.00470539
1170 	 870 	 0.850415 	 0.00226419 	 0.00471503
1170 	 875 	 0.85043 	 0.00226877 	 0.00472455
1170 	 880 	 0.850444 	 0.00227329 	 0.00473396
1170 	 885 	 0.850457 	 0.00227776 	 0.00474327
1170 	 890 	 0.850471 	 0.00228217 	 0.00475246
1170 	 895 	 0.850484 	 0.00228653 	 0.00476153
1170 	 900 	 0.850496 	 0.00229083 	 0.0047705
1170 	 905 	 0.850509 	 0.00229508 	 0.00477935
1170 	 910 	 0.850521 	 0.00229928 	 0.00478809
1170 	 915 	 0.850532 	 0.00230342 	 0.00479671
1170 	 920 	 0.850544 	 0.00230751 	 0.00480522
1170 	 925 	 0.850555 	 0.00231154 	 0.00481362
1170 	 930 	 0.850566 	 0.00231552 	 0.0048219
1170 	 935 	 0.850576 	 0.00231944 	 0.00483007
1170 	 940 	 0.850587 	 0.00232331 	 0.00483813
1170 	 945 	 0.850597 	 0.00232712 	 0.00484607
1170 	 950 	 0.850607 	 0.00233088 	 0.0048539
1170 	 955 	 0.850616 	 0.00233459 	 0.00486162
1170 	 960 	 0.850625 	 0.00233824 	 0.00486923
1170 	 965 	 0.850635 	 0.00234184 	 0.00487673
1170 	 970 	 0.850643 	 0.00234539 	 0.00488411
1170 	 975 	 0.850652 	 0.00234889 	 0.00489139
1170 	 980 	 0.850661 	 0.00235233 	 0.00489856
1170 	 985 	 0.850669 	 0.00235572 	 0.00490562
1170 	 990 	 0.850677 	 0.00235906 	 0.00491257
1170 	 995 	 0.850685 	 0.00236234 	 0.00491941
1170 	 1000 	 0.850692 	 0.00236558 	 0.00492615
1170 	 1005 	 0.8507 	 0.00236876 	 0.00493279
1170 	 1010 	 0.850707 	 0.0023719 	 0.00493931
1170 	 1015 	 0.850714 	 0.00237499 	 0.00494574
1170 	 1020 	 0.850721 	 0.00237802 	 0.00495206
1170 	 1025 	 0.850728 	 0.00238101 	 0.00495829
1170 	 1030 	 0.850734 	 0.00238395 	 0.00496441
1170 	 1035 	 0.850741 	 0.00238684 	 0.00497043
1170 	 1040 	 0.850747 	 0.00238969 	 0.00497636
1170 	 1045 	 0.850753 	 0.00239249 	 0.00498218
1170 	 1050 	 0.850759 	 0.00239524 	 0.00498791
1170 	 1055 	 0.850765 	 0.00239794 	 0.00499355
1170 	 1060 	 0.85077 	 0.0024006 	 0.00499909
1170 	 1065 	 0.850776 	 0.00240322 	 0.00500454
1170 	 1070 	 0.850781 	 0.00240579 	 0.00500989
1170 	 1075 	 0.850787 	 0.00240832 	 0.00501516
1170 	 1080 	 0.850792 	 0.00241081 	 0.00502033
1170 	 1085 	 0.850797 	 0.00241325 	 0.00502542
1170 	 1090 	 0.850802 	 0.00241565 	 0.00503042
1170 	 1095 	 0.850806 	 0.00241801 	 0.00503533
1170 	 1100 	 0.850811 	 0.00242032 	 0.00504016
1170 	 1105 	 0.850815 	 0.0024226 	 0.0050449
1170 	 1110 	 0.85082 	 0.00242484 	 0.00504956
1170 	 1115 	 0.850824 	 0.00242704 	 0.00505414
1170 	 1120 	 0.850828 	 0.0024292 	 0.00505863
1170 	 1125 	 0.850832 	 0.00243132 	 0.00506305
1170 	 1130 	 0.850836 	 0.0024334 	 0.00506738
1170 	 1135 	 0.85084 	 0.00243545 	 0.00507164
1170 	 1140 	 0.850844 	 0.00243745 	 0.00507583
1170 	 1145 	 0.850848 	 0.00243943 	 0.00507994
1170 	 1150 	 0.850851 	 0.00244136 	 0.00508397
1170 	 1155 	 0.850855 	 0.00244327 	 0.00508793
1170 	 1160 	 0.850858 	 0.00244513 	 0.00509182
1170 	 1165 	 0.850861 	 0.00244697 	 0.00509564
1170 	 1170 	 0.850865 	 0.00244877 	 0.00509938
1170 	 1175 	 0.850868 	 0.00245053 	 0.00510306
1170 	 1180 	 0.850871 	 0.00245227 	 0.00510667
1170 	 1185 	 0.850874 	 0.00245397 	 0.00511021
1170 	 1190 	 0.850877 	 0.00245564 	 0.00511369
1170 	 1195 	 0.85088 	 0.00245728 	 0.00511711
1170 	 1200 	 0.850883 	 0.00245888 	 0.00512045
1170 	 1205 	 0.850885 	 0.00246046 	 0.00512374
1170 	 1210 	 0.850888 	 0.00246201 	 0.00512697
1170 	 1215 	 0.850891 	 0.00246353 	 0.00513013
1170 	 1220 	 0.850893 	 0.00246502 	 0.00513323
1170 	 1225 	 0.850896 	 0.00246648 	 0.00513628
1170 	 1230 	 0.850898 	 0.00246792 	 0.00513927
1170 	 1235 	 0.8509 	 0.00246933 	 0.0051422
1170 	 1240 	 0.850903 	 0.00247071 	 0.00514507
1170 	 1245 	 0.850905 	 0.00247206 	 0.00514789
1170 	 1250 	 0.850907 	 0.00247339 	 0.00515066
1170 	 1255 	 0.850909 	 0.00247469 	 0.00515337
1170 	 1260 	 0.850911 	 0.00247597 	 0.00515603
1170 	 1265 	 0.850913 	 0.00247722 	 0.00515864
1170 	 1270 	 0.850915 	 0.00247845 	 0.0051612
1170 	 1275 	 0.850917 	 0.00247966 	 0.00516371
1170 	 1280 	 0.850919 	 0.00248084 	 0.00516617
1170 	 1285 	 0.850921 	 0.002482 	 0.00516858
1170 	 1290 	 0.850922 	 0.00248313 	 0.00517095
1170 	 1295 	 0.850924 	 0.00248424 	 0.00517327
1170 	 1300 	 0.850926 	 0.00248534 	 0.00517554
1170 	 1305 	 0.850928 	 0.00248641 	 0.00517777
1170 	 1310 	 0.850929 	 0.00248746 	 0.00517995
1170 	 1315 	 0.850931 	 0.00248848 	 0.00518209
1170 	 1320 	 0.850932 	 0.00248949 	 0.00518419
1170 	 1325 	 0.850934 	 0.00249048 	 0.00518625
1170 	 1330 	 0.850935 	 0.00249145 	 0.00518827
1170 	 1335 	 0.850937 	 0.0024924 	 0.00519025
1170 	 1340 	 0.850938 	 0.00249333 	 0.00519219
1170 	 1345 	 0.850939 	 0.00249424 	 0.00519409
1170 	 1350 	 0.850941 	 0.00249514 	 0.00519595
1170 	 1355 	 0.850942 	 0.00249601 	 0.00519777
1170 	 1360 	 0.850943 	 0.00249687 	 0.00519956
1170 	 1365 	 0.850944 	 0.00249771 	 0.00520131
1170 	 1370 	 0.850946 	 0.00249854 	 0.00520303
1170 	 1375 	 0.850947 	 0.00249934 	 0.00520471
1170 	 1380 	 0.850948 	 0.00250014 	 0.00520636
1170 	 1385 	 0.850949 	 0.00250091 	 0.00520797
1170 	 1390 	 0.85095 	 0.00250167 	 0.00520956
1170 	 1395 	 0.850951 	 0.00250242 	 0.00521111
1170 	 1400 	 0.850952 	 0.00250315 	 0.00521263
1170 	 1405 	 0.850953 	 0.00250386 	 0.00521411
1170 	 1410 	 0.850954 	 0.00250456 	 0.00521557
1170 	 1415 	 0.850955 	 0.00250525 	 0.005217
1170 	 1420 	 0.850956 	 0.00250592 	 0.0052184
1170 	 1425 	 0.850957 	 0.00250658 	 0.00521977
1170 	 1430 	 0.850958 	 0.00250722 	 0.00522111
1170 	 1435 	 0.850959 	 0.00250785 	 0.00522243
1170 	 1440 	 0.850959 	 0.00250847 	 0.00522371
1170 	 1445 	 0.85096 	 0.00250908 	 0.00522498
1170 	 1450 	 0.850961 	 0.00250967 	 0.00522621
1170 	 1455 	 0.850962 	 0.00251025 	 0.00522742
1170 	 1460 	 0.850963 	 0.00251082 	 0.00522861
1170 	 1465 	 0.850963 	 0.00251138 	 0.00522977
1170 	 1470 	 0.850964 	 0.00251192 	 0.00523091
1170 	 1475 	 0.850965 	 0.00251246 	 0.00523202
1170 	 1480 	 0.850965 	 0.00251298 	 0.00523311
1170 	 1485 	 0.850966 	 0.0025135 	 0.00523418
1170 	 1490 	 0.850967 	 0.002514 	 0.00523522
1170 	 1495 	 0.850967 	 0.00251449 	 0.00523625
1170 	 1500 	 0.850968 	 0.00251497 	 0.00523725
1170 	 1505 	 0.850969 	 0.00251544 	 0.00523823
1170 	 1510 	 0.850969 	 0.0025159 	 0.00523919
1170 	 1515 	 0.85097 	 0.00251636 	 0.00524013
1170 	 1520 	 0.85097 	 0.0025168 	 0.00524106
1170 	 1525 	 0.850971 	 0.00251723 	 0.00524196
1170 	 1530 	 0.850971 	 0.00251766 	 0.00524284
1170 	 1535 	 0.850972 	 0.00251807 	 0.00524371
1170 	 1540 	 0.850972 	 0.00251848 	 0.00524455
1170 	 1545 	 0.850973 	 0.00251888 	 0.00524538
1170 	 1550 	 0.850973 	 0.00251927 	 0.00524619
1170 	 1555 	 0.850974 	 0.00251965 	 0.00524699
1170 	 1560 	 0.850974 	 0.00252002 	 0.00524777
1170 	 1565 	 0.850975 	 0.00252039 	 0.00524853
1170 	 1570 	 0.850975 	 0.00252074 	 0.00524927
1170 	 1575 	 0.850976 	 0.0025211 	 0.00525
1170 	 1580 	 0.850976 	 0.00252144 	 0.00525072
1170 	 1585 	 0.850976 	 0.00252177 	 0.00525142
1170 	 1590 	 0.850977 	 0.0025221 	 0.0052521
1170 	 1595 	 0.850977 	 0.00252242 	 0.00525277
1170 	 1600 	 0.850978 	 0.00252274 	 0.00525343
1170 	 1605 	 0.850978 	 0.00252305 	 0.00525407
1170 	 1610 	 0.850978 	 0.00252335 	 0.0052547
1170 	 1615 	 0.850979 	 0.00252364 	 0.00525531
1170 	 1620 	 0.850979 	 0.00252393 	 0.00525591
1170 	 1625 	 0.850979 	 0.00252422 	 0.0052565
1170 	 1630 	 0.85098 	 0.00252449 	 0.00525708
1170 	 1635 	 0.85098 	 0.00252476 	 0.00525764
1170 	 1640 	 0.85098 	 0.00252503 	 0.00525819
1170 	 1645 	 0.85098 	 0.00252529 	 0.00525873
1170 	 1650 	 0.850981 	 0.00252554 	 0.00525926
1170 	 1655 	 0.850981 	 0.00252579 	 0.00525978
1170 	 1660 	 0.850981 	 0.00252603 	 0.00526029
1170 	 1665 	 0.850982 	 0.00252627 	 0.00526078
1170 	 1670 	 0.850982 	 0.0025265 	 0.00526127
1170 	 1675 	 0.850982 	 0.00252673 	 0.00526174
1170 	 1680 	 0.850982 	 0.00252695 	 0.00526221
1170 	 1685 	 0.850983 	 0.00252717 	 0.00526266
1170 	 1690 	 0.850983 	 0.00252739 	 0.0052631
1170 	 1695 	 0.850983 	 0.00252759 	 0.00526354
1170 	 1700 	 0.850983 	 0.0025278 	 0.00526396
1170 	 1705 	 0.850984 	 0.002528 	 0.00526438
1170 	 1710 	 0.850984 	 0.00252819 	 0.00526479
1170 	 1715 	 0.850984 	 0.00252839 	 0.00526519
1170 	 1720 	 0.850984 	 0.00252857 	 0.00526558
1170 	 1725 	 0.850984 	 0.00252876 	 0.00526596
1170 	 1730 	 0.850985 	 0.00252894 	 0.00526633
1170 	 1735 	 0.850985 	 0.00252911 	 0.0052667
1170 	 1740 	 0.850985 	 0.00252928 	 0.00526705
1170 	 1745 	 0.850985 	 0.00252945 	 0.0052674
1170 	 1750 	 0.850985 	 0.00252961 	 0.00526774
1170 	 1755 	 0.850985 	 0.00252978 	 0.00526808
1170 	 1760 	 0.850986 	 0.00252993 	 0.00526841
1170 	 1765 	 0.850986 	 0.00253009 	 0.00526873
1170 	 1770 	 0.850986 	 0.00253024 	 0.00526904
1170 	 1775 	 0.850986 	 0.00253038 	 0.00526935
1170 	 1780 	 0.850986 	 0.00253053 	 0.00526965
1170 	 1785 	 0.850986 	 0.00253067 	 0.00526994
1170 	 1790 	 0.850987 	 0.00253081 	 0.00527023
1170 	 1795 	 0.850987 	 0.00253094 	 0.00527051
1170 	 1800 	 0.850987 	 0.00253107 	 0.00527078
1170 	 1805 	 0.850987 	 0.0025312 	 0.00527105
1170 	 1810 	 0.850987 	 0.00253133 	 0.00527131
1170 	 1815 	 0.850987 	 0.00253145 	 0.00527157
1170 	 1820 	 0.850987 	 0.00253157 	 0.00527182
1170 	 1825 	 0.850987 	 0.00253169 	 0.00527206
1170 	 1830 	 0.850988 	 0.0025318 	 0.00527231
1170 	 1835 	 0.850988 	 0.00253192 	 0.00527254
1170 	 1840 	 0.850988 	 0.00253203 	 0.00527277
1170 	 1845 	 0.850988 	 0.00253214 	 0.00527299
1170 	 1850 	 0.850988 	 0.00253224 	 0.00527321
1170 	 1855 	 0.850988 	 0.00253234 	 0.00527343
1170 	 1860 	 0.850988 	 0.00253245 	 0.00527364
1170 	 1865 	 0.850988 	 0.00253254 	 0.00527385
1170 	 1870 	 0.850988 	 0.00253264 	 0.00527405
1170 	 1875 	 0.850988 	 0.00253274 	 0.00527424
1170 	 1880 	 0.850989 	 0.00253283 	 0.00527444
1170 	 1885 	 0.850989 	 0.00253292 	 0.00527462
1170 	 1890 	 0.850989 	 0.00253301 	 0.00527481
1170 	 1895 	 0.850989 	 0.00253309 	 0.00527499
1170 	 1900 	 0.850989 	 0.00253318 	 0.00527516
1170 	 1905 	 0.850989 	 0.00253326 	 0.00527534
1170 	 1910 	 0.850989 	 0.00253334 	 0.0052755
1170 	 1915 	 0.850989 	 0.00253342 	 0.00527567
1170 	 1920 	 0.850989 	 0.0025335 	 0.00527583
1170 	 1925 	 0.850989 	 0.00253357 	 0.00527599
1170 	 1930 	 0.850989 	 0.00253365 	 0.00527614
1170 	 1935 	 0.850989 	 0.00253372 	 0.00527629
1170 	 1940 	 0.850989 	 0.00253379 	 0.00527644
1170 	 1945 	 0.85099 	 0.00253386 	 0.00527658
1170 	 1950 	 0.85099 	 0.00253393 	 0.00527672
1170 	 1955 	 0.85099 	 0.00253399 	 0.00527686
1170 	 1960 	 0.85099 	 0.00253406 	 0.00527699
1170 	 1965 	 0.85099 	 0.00253412 	 0.00527713
1170 	 1970 	 0.85099 	 0.00253418 	 0.00527725
1170 	 1975 	 0.85099 	 0.00253424 	 0.00527738
1170 	 1980 	 0.85099 	 0.0025343 	 0.0052775
1170 	 1985 	 0.85099 	 0.00253436 	 0.00527762
1170 	 1990 	 0.85099 	 0.00253441 	 0.00527774
1170 	 1995 	 0.85099 	 0.00253447 	 0.00527786
1170 	 2000 	 0.85099 	 0.00253452 	 0.00527797
1170 	 2005 	 0.85099 	 0.00253458 	 0.00527808
1170 	 2010 	 0.85099 	 0.00253463 	 0.00527818
1170 	 2015 	 0.85099 	 0.00253468 	 0.00527829
1170 	 2020 	 0.85099 	 0.00253473 	 0.00527839
1170 	 2025 	 0.85099 	 0.00253478 	 0.00527849
1170 	 2030 	 0.85099 	 0.00253482 	 0.00527859
1170 	 2035 	 0.85099 	 0.00253487 	 0.00527869
1170 	 2040 	 0.850991 	 0.00253491 	 0.00527878
1170 	 2045 	 0.850991 	 0.00253496 	 0.00527887
1170 	 2050 	 0.850991 	 0.002535 	 0.00527896
1170 	 2055 	 0.850991 	 0.00253504 	 0.00527905
1170 	 2060 	 0.850991 	 0.00253508 	 0.00527913
1170 	 2065 	 0.850991 	 0.00253512 	 0.00527922
1170 	 2070 	 0.850991 	 0.00253516 	 0.0052793
1170 	 2075 	 0.850991 	 0.0025352 	 0.00527938
1170 	 2080 	 0.850991 	 0.00253524 	 0.00527946
1170 	 2085 	 0.850991 	 0.00253528 	 0.00527953
1170 	 2090 	 0.850991 	 0.00253531 	 0.00527961
1170 	 2095 	 0.850991 	 0.00253535 	 0.00527968
1170 	 2100 	 0.850991 	 0.00253538 	 0.00527975
1170 	 2105 	 0.850991 	 0.00253541 	 0.00527982
1170 	 2110 	 0.850991 	 0.00253545 	 0.00527989
1170 	 2115 	 0.850991 	 0.00253548 	 0.00527996
1170 	 2120 	 0.850991 	 0.00253551 	 0.00528002
1170 	 2125 	 0.850991 	 0.00253554 	 0.00528009
1170 	 2130 	 0.850991 	 0.00253557 	 0.00528015
1170 	 2135 	 0.850991 	 0.0025356 	 0.00528021
1170 	 2140 	 0.850991 	 0.00253563 	 0.00528027
1170 	 2145 	 0.850991 	 0.00253566 	 0.00528033
1170 	 2150 	 0.850991 	 0.00253568 	 0.00528038
1170 	 2155 	 0.850991 	 0.00253571 	 0.00528044
1170 	 2160 	 0.850991 	 0.00253574 	 0.00528049
1170 	 2165 	 0.850991 	 0.00253576 	 0.00528055
1170 	 2170 	 0.850991 	 0.00253579 	 0.0052806
1170 	 2175 	 0.850991 	 0.00253581 	 0.00528065
1170 	 2180 	 0.850991 	 0.00253584 	 0.0052807
1170 	 2185 	 0.850991 	 0.00253586 	 0.00528075
1170 	 2190 	 0.850991 	 0.00253588 	 0.00528079
1170 	 2195 	 0.850991 	 0.0025359 	 0.00528084
1170 	 2200 	 0.850991 	 0.00253592 	 0.00528089
1170 	 2205 	 0.850991 	 0.00253595 	 0.00528093
1170 	 2210 	 0.850991 	 0.00253597 	 0.00528097
1170 	 2215 	 0.850991 	 0.00253599 	 0.00528101
1170 	 2220 	 0.850991 	 0.00253601 	 0.00528106
1170 	 2225 	 0.850991 	 0.00253603 	 0.0052811
1170 	 2230 	 0.850992 	 0.00253604 	 0.00528114
1170 	 2235 	 0.850992 	 0.00253606 	 0.00528117
1170 	 2240 	 0.850992 	 0.00253608 	 0.00528121
1170 	 2245 	 0.850992 	 0.0025361 	 0.00528125
1170 	 2250 	 0.850992 	 0.00253612 	 0.00528128
1170 	 2255 	 0.850992 	 0.00253613 	 0.00528132
1170 	 2260 	 0.850992 	 0.00253615 	 0.00528135
1170 	 2265 	 0.850992 	 0.00253617 	 0.00528139
1170 	 2270 	 0.850992 	 0.00253618 	 0.00528142
1170 	 2275 	 0.850992 	 0.0025362 	 0.00528145
1170 	 2280 	 0.850992 	 0.00253621 	 0.00528148
1170 	 2285 	 0.850992 	 0.00253623 	 0.00528151
1170 	 2290 	 0.850992 	 0.00253624 	 0.00528154
1170 	 2295 	 0.850992 	 0.00253625 	 0.00528157
1170 	 2300 	 0.850992 	 0.00253627 	 0.0052816
1170 	 2305 	 0.850992 	 0.00253628 	 0.00528163
1170 	 2310 	 0.850992 	 0.00253629 	 0.00528166
1170 	 2315 	 0.850992 	 0.00253631 	 0.00528168
1170 	 2320 	 0.850992 	 0.00253632 	 0.00528171
1170 	 2325 	 0.850992 	 0.00253633 	 0.00528173
1170 	 2330 	 0.850992 	 0.00253634 	 0.00528176
1170 	 2335 	 0.850992 	 0.00253636 	 0.00528178
1170 	 2340 	 0.850992 	 0.00253637 	 0.00528181
1170 	 2345 	 0.850992 	 0.00253638 	 0.00528183
1170 	 2350 	 0.850992 	 0.00253639 	 0.00528185
1170 	 2355 	 0.850992 	 0.0025364 	 0.00528187
1170 	 2360 	 0.850992 	 0.00253641 	 0.00528189
1170 	 2365 	 0.850992 	 0.00253642 	 0.00528192
1170 	 2370 	 0.850992 	 0.00253643 	 0.00528194
1170 	 2375 	 0.850992 	 0.00253644 	 0.00528196
1170 	 2380 	 0.850992 	 0.00253645 	 0.00528198
1170 	 2385 	 0.850992 	 0.00253646 	 0.005282
1170 	 2390 	 0.850992 	 0.00253647 	 0.00528201
1170 	 2395 	 0.850992 	 0.00253648 	 0.00528203
1170 	 2400 	 0.850992 	 0.00253648 	 0.00528205
1170 	 2405 	 0.850992 	 0.00253649 	 0.00528207
1170 	 2410 	 0.850992 	 0.0025365 	 0.00528208
1170 	 2415 	 0.850992 	 0.00253651 	 0.0052821
1170 	 2420 	 0.850992 	 0.00253652 	 0.00528212
1170 	 2425 	 0.850992 	 0.00253652 	 0.00528213
1170 	 2430 	 0.850992 	 0.00253653 	 0.00528215
1170 	 2435 	 0.850992 	 0.00253654 	 0.00528216
1170 	 2440 	 0.850992 	 0.00253655 	 0.00528218
1170 	 2445 	 0.850992 	 0.00253655 	 0.00528219
1170 	 2450 	 0.850992 	 0.00253656 	 0.00528221
1170 	 2455 	 0.850992 	 0.00253657 	 0.00528222
1170 	 2460 	 0.850992 	 0.00253657 	 0.00528223
1170 	 2465 	 0.850992 	 0.00253658 	 0.00528225
1170 	 2470 	 0.850992 	 0.00253659 	 0.00528226
1170 	 2475 	 0.850992 	 0.00253659 	 0.00528227
1170 	 2480 	 0.850992 	 0.0025366 	 0.00528229
1170 	 2485 	 0.850992 	 0.0025366 	 0.0052823
1170 	 2490 	 0.850992 	 0.00253661 	 0.00528231
1170 	 2495 	 0.850992 	 0.00253661 	 0.00528232
1170 	 2500 	 0.850992 	 0.00253662 	 0.00528233
1170 	 2505 	 0.850992 	 0.00253662 	 0.00528234
1170 	 2510 	 0.850992 	 0.00253663 	 0.00528235
1170 	 2515 	 0.850992 	 0.00253663 	 0.00528236
1170 	 2520 	 0.850992 	 0.00253664 	 0.00528237
1170 	 2525 	 0.850992 	 0.00253664 	 0.00528238
1170 	 2530 	 0.850992 	 0.00253665 	 0.00528239
1170 	 2535 	 0.850992 	 0.00253665 	 0.0052824
1170 	 2540 	 0.850992 	 0.00253666 	 0.00528241
1170 	 2545 	 0.850992 	 0.00253666 	 0.00528242
1170 	 2550 	 0.850992 	 0.00253667 	 0.00528243
1170 	 2555 	 0.850992 	 0.00253667 	 0.00528244
1170 	 2560 	 0.850992 	 0.00253667 	 0.00528245
1170 	 2565 	 0.850992 	 0.00253668 	 0.00528246
1170 	 2570 	 0.850992 	 0.00253668 	 0.00528246
1170 	 2575 	 0.850992 	 0.00253669 	 0.00528247
1170 	 2580 	 0.850992 	 0.00253669 	 0.00528248
1170 	 2585 	 0.850992 	 0.00253669 	 0.00528249
1170 	 2590 	 0.850992 	 0.0025367 	 0.00528249
1170 	 2595 	 0.850992 	 0.0025367 	 0.0052825
1170 	 2600 	 0.850992 	 0.0025367 	 0.00528251
1170 	 2605 	 0.850992 	 0.00253671 	 0.00528251
1170 	 2610 	 0.850992 	 0.00253671 	 0.00528252
1170 	 2615 	 0.850992 	 0.00253671 	 0.00528253
1170 	 2620 	 0.850992 	 0.00253672 	 0.00528253
1170 	 2625 	 0.850992 	 0.00253672 	 0.00528254
1170 	 2630 	 0.850992 	 0.00253672 	 0.00528255
1170 	 2635 	 0.850992 	 0.00253673 	 0.00528255
1170 	 2640 	 0.850992 	 0.00253673 	 0.00528256
1170 	 2645 	 0.850992 	 0.00253673 	 0.00528256
1170 	 2650 	 0.850992 	 0.00253673 	 0.00528257
1170 	 2655 	 0.850992 	 0.00253674 	 0.00528257
1170 	 2660 	 0.850992 	 0.00253674 	 0.00528258
1170 	 2665 	 0.850992 	 0.00253674 	 0.00528258
1170 	 2670 	 0.850992 	 0.00253674 	 0.00528259
1170 	 2675 	 0.850992 	 0.00253675 	 0.00528259
1170 	 2680 	 0.850992 	 0.00253675 	 0.0052826
1170 	 2685 	 0.850992 	 0.00253675 	 0.0052826
1170 	 2690 	 0.850992 	 0.00253675 	 0.00528261
1170 	 2695 	 0.850992 	 0.00253675 	 0.00528261
1170 	 2700 	 0.850992 	 0.00253676 	 0.00528262
1170 	 2705 	 0.850992 	 0.00253676 	 0.00528262
1170 	 2710 	 0.850992 	 0.00253676 	 0.00528263
1170 	 2715 	 0.850992 	 0.00253676 	 0.00528263
1170 	 2720 	 0.850992 	 0.00253676 	 0.00528263
1170 	 2725 	 0.850992 	 0.00253677 	 0.00528264
1170 	 2730 	 0.850992 	 0.00253677 	 0.00528264
1170 	 2735 	 0.850992 	 0.00253677 	 0.00528264
1170 	 2740 	 0.850992 	 0.00253677 	 0.00528265
1170 	 2745 	 0.850992 	 0.00253677 	 0.00528265
1170 	 2750 	 0.850992 	 0.00253677 	 0.00528266
1170 	 2755 	 0.850992 	 0.00253678 	 0.00528266
1170 	 2760 	 0.850992 	 0.00253678 	 0.00528266
1170 	 2765 	 0.850992 	 0.00253678 	 0.00528266
1170 	 2770 	 0.850992 	 0.00253678 	 0.00528267
1170 	 2775 	 0.850992 	 0.00253678 	 0.00528267
1170 	 2780 	 0.850992 	 0.00253678 	 0.00528267
1170 	 2785 	 0.850992 	 0.00253679 	 0.00528268
1170 	 2790 	 0.850992 	 0.00253679 	 0.00528268
1170 	 2795 	 0.850992 	 0.00253679 	 0.00528268
1170 	 2800 	 0.850992 	 0.00253679 	 0.00528268
1170 	 2805 	 0.850992 	 0.00253679 	 0.00528269
1170 	 2810 	 0.850992 	 0.00253679 	 0.00528269
1170 	 2815 	 0.850992 	 0.00253679 	 0.00528269
1170 	 2820 	 0.850992 	 0.00253679 	 0.00528269
1170 	 2825 	 0.850992 	 0.00253679 	 0.0052827
1170 	 2830 	 0.850992 	 0.0025368 	 0.0052827
1170 	 2835 	 0.850992 	 0.0025368 	 0.0052827
1170 	 2840 	 0.850992 	 0.0025368 	 0.0052827
1170 	 2845 	 0.850992 	 0.0025368 	 0.00528271
1170 	 2850 	 0.850992 	 0.0025368 	 0.00528271
1170 	 2855 	 0.850992 	 0.0025368 	 0.00528271
1170 	 2860 	 0.850992 	 0.0025368 	 0.00528271
1170 	 2865 	 0.850992 	 0.0025368 	 0.00528271
1170 	 2870 	 0.850992 	 0.0025368 	 0.00528272
1170 	 2875 	 0.850992 	 0.0025368 	 0.00528272
1170 	 2880 	 0.850992 	 0.00253681 	 0.00528272
1170 	 2885 	 0.850992 	 0.00253681 	 0.00528272
1170 	 2890 	 0.850992 	 0.00253681 	 0.00528272
1170 	 2895 	 0.850992 	 0.00253681 	 0.00528273
1170 	 2900 	 0.850992 	 0.00253681 	 0.00528273
1170 	 2905 	 0.850992 	 0.00253681 	 0.00528273
1170 	 2910 	 0.850992 	 0.00253681 	 0.00528273
1170 	 2915 	 0.850992 	 0.00253681 	 0.00528273
1170 	 2920 	 0.850992 	 0.00253681 	 0.00528273
1170 	 2925 	 0.850992 	 0.00253681 	 0.00528273
1170 	 2930 	 0.850992 	 0.00253681 	 0.00528274
1170 	 2935 	 0.850992 	 0.00253681 	 0.00528274
1170 	 2940 	 0.850992 	 0.00253681 	 0.00528274
1170 	 2945 	 0.850992 	 0.00253682 	 0.00528274
1170 	 2950 	 0.850992 	 0.00253682 	 0.00528274
1170 	 2955 	 0.850992 	 0.00253682 	 0.00528274
1170 	 2960 	 0.850992 	 0.00253682 	 0.00528274
1170 	 2965 	 0.850992 	 0.00253682 	 0.00528274
1170 	 2970 	 0.850992 	 0.00253682 	 0.00528275
1170 	 2975 	 0.850992 	 0.00253682 	 0.00528275
1170 	 2980 	 0.850992 	 0.00253682 	 0.00528275
1170 	 2985 	 0.850992 	 0.00253682 	 0.00528275
1170 	 2990 	 0.850992 	 0.00253682 	 0.00528275
1170 	 2995 	 0.850992 	 0.00253682 	 0.00528275
1170 	 3000 	 0.850992 	 0.00253682 	 0.00528275
1170 	 3005 	 0.850992 	 0.00253682 	 0.00528275
1170 	 3010 	 0.850992 	 0.00253682 	 0.00528275
1170 	 3015 	 0.850992 	 0.00253682 	 0.00528276
1170 	 3020 	 0.850992 	 0.00253682 	 0.00528276
1170 	 3025 	 0.850992 	 0.00253682 	 0.00528276
1170 	 3030 	 0.850992 	 0.00253682 	 0.00528276
1170 	 3035 	 0.850992 	 0.00253682 	 0.00528276
1170 	 3040 	 0.850992 	 0.00253682 	 0.00528276
1170 	 3045 	 0.850992 	 0.00253683 	 0.00528276
1170 	 3050 	 0.850992 	 0.00253683 	 0.00528276
1170 	 3055 	 0.850992 	 0.00253683 	 0.00528276
1170 	 3060 	 0.850992 	 0.00253683 	 0.00528276
1170 	 3065 	 0.850992 	 0.00253683 	 0.00528276
1170 	 3070 	 0.850992 	 0.00253683 	 0.00528276
1170 	 3075 	 0.850992 	 0.00253683 	 0.00528276
1170 	 3080 	 0.850992 	 0.00253683 	 0.00528277
1170 	 3085 	 0.850992 	 0.00253683 	 0.00528277
1170 	 3090 	 0.850992 	 0.00253683 	 0.00528277
1170 	 3095 	 0.850992 	 0.00253683 	 0.00528277
1170 	 3100 	 0.850992 	 0.00253683 	 0.00528277
1170 	 3105 	 0.850992 	 0.00253683 	 0.00528277
1170 	 3110 	 0.850992 	 0.00253683 	 0.00528277
1170 	 3115 	 0.850992 	 0.00253683 	 0.00528277
1170 	 3120 	 0.850992 	 0.00253683 	 0.00528277
1170 	 3125 	 0.850992 	 0.00253683 	 0.00528277
1170 	 3130 	 0.850992 	 0.00253683 	 0.00528277
1170 	 3135 	 0.850992 	 0.00253683 	 0.00528277
1170 	 3140 	 0.850992 	 0.00253683 	 0.00528277
1170 	 3145 	 0.850992 	 0.00253683 	 0.00528277
1170 	 3150 	 0.850992 	 0.00253683 	 0.00528277
1170 	 3155 	 0.850992 	 0.00253683 	 0.00528277
1170 	 3160 	 0.850992 	 0.00253683 	 0.00528277
1170 	 3165 	 0.850992 	 0.00253683 	 0.00528277
1170 	 3170 	 0.850992 	 0.00253683 	 0.00528278
1170 	 3175 	 0.850992 	 0.00253683 	 0.00528278
1170 	 3180 	 0.850992 	 0.00253683 	 0.00528278
1170 	 3185 	 0.850992 	 0.00253683 	 0.00528278
1170 	 3190 	 0.850992 	 0.00253683 	 0.00528278
1170 	 3195 	 0.850992 	 0.00253683 	 0.00528278
1170 	 3200 	 0.850992 	 0.00253683 	 0.00528278
1170 	 3205 	 0.850992 	 0.00253683 	 0.00528278
1170 	 3210 	 0.850992 	 0.00253683 	 0.00528278
1170 	 3215 	 0.850992 	 0.00253683 	 0.00528278
1170 	 3220 	 0.850992 	 0.00253683 	 0.00528278
1170 	 3225 	 0.850992 	 0.00253683 	 0.00528278
1170 	 3230 	 0.850992 	 0.00253683 	 0.00528278
1170 	 3235 	 0.850992 	 0.00253683 	 0.00528278
1170 	 3240 	 0.850992 	 0.00253683 	 0.00528278
1170 	 3245 	 0.850992 	 0.00253683 	 0.00528278
1170 	 3250 	 0.850992 	 0.00253683 	 0.00528278
1170 	 3255 	 0.850992 	 0.00253684 	 0.00528278
1170 	 3260 	 0.850992 	 0.00253684 	 0.00528278
1170 	 3265 	 0.850992 	 0.00253684 	 0.00528278
1170 	 3270 	 0.850992 	 0.00253684 	 0.00528278
1170 	 3275 	 0.850992 	 0.00253684 	 0.00528278
1170 	 3280 	 0.850992 	 0.00253684 	 0.00528278
1170 	 3285 	 0.850992 	 0.00253684 	 0.00528278
1170 	 3290 	 0.850992 	 0.00253684 	 0.00528278
1170 	 3295 	 0.850992 	 0.00253684 	 0.00528278
1170 	 3300 	 0.850992 	 0.00253684 	 0.00528278
1170 	 3305 	 0.850992 	 0.00253684 	 0.00528278
1170 	 3310 	 0.850992 	 0.00253684 	 0.00528278
1170 	 3315 	 0.850992 	 0.00253684 	 0.00528278
1170 	 3320 	 0.850992 	 0.00253684 	 0.00528278
1170 	 3325 	 0.850992 	 0.00253684 	 0.00528278
1170 	 3330 	 0.850992 	 0.00253684 	 0.00528278
1170 	 3335 	 0.850992 	 0.00253684 	 0.00528278
1170 	 3340 	 0.850992 	 0.00253684 	 0.00528278
1170 	 3345 	 0.850992 	 0.00253684 	 0.00528278
1170 	 3350 	 0.850992 	 0.00253684 	 0.00528278
1170 	 3355 	 0.850992 	 0.00253684 	 0.00528279
1170 	 3360 	 0.850992 	 0.00253684 	 0.00528279
1170 	 3365 	 0.850992 	 0.00253684 	 0.00528279
1170 	 3370 	 0.850992 	 0.00253684 	 0.00528279
1170 	 3375 	 0.850992 	 0.00253684 	 0.00528279
1170 	 3380 	 0.850992 	 0.00253684 	 0.00528279
1170 	 3385 	 0.850992 	 0.00253684 	 0.00528279
1170 	 3390 	 0.850992 	 0.00253684 	 0.00528279
1170 	 3395 	 0.850992 	 0.00253684 	 0.00528279
1170 	 3400 	 0.850992 	 0.00253684 	 0.00528279
1170 	 3405 	 0.850992 	 0.00253684 	 0.00528279
1170 	 3410 	 0.850992 	 0.00253684 	 0.00528279
1170 	 3415 	 0.850992 	 0.00253684 	 0.00528279
1170 	 3420 	 0.850992 	 0.00253684 	 0.00528279
1170 	 3425 	 0.850992 	 0.00253684 	 0.00528279
1170 	 3430 	 0.850992 	 0.00253684 	 0.00528279
1170 	 3435 	 0.850992 	 0.00253684 	 0.00528279
1170 	 3440 	 0.850992 	 0.00253684 	 0.00528279
1170 	 3445 	 0.850992 	 0.00253684 	 0.00528279
1170 	 3450 	 0.850992 	 0.00253684 	 0.00528279
1170 	 3455 	 0.850992 	 0.00253684 	 0.00528279
1170 	 3460 	 0.850992 	 0.00253684 	 0.00528279
1170 	 3465 	 0.850992 	 0.00253684 	 0.00528279
1170 	 3470 	 0.850992 	 0.00253684 	 0.00528279
1170 	 3475 	 0.850992 	 0.00253684 	 0.00528279
1170 	 3480 	 0.850992 	 0.00253684 	 0.00528279
1170 	 3485 	 0.850992 	 0.00253684 	 0.00528279
1170 	 3490 	 0.850992 	 0.00253684 	 0.00528279
1170 	 3495 	 0.850992 	 0.00253684 	 0.00528279
1170 	 3500 	 0.850992 	 0.00253684 	 0.00528279
1170 	 3505 	 0.850992 	 0.00253684 	 0.00528279
1170 	 3510 	 0.850992 	 0.00253684 	 0.00528279
1170 	 3515 	 0.850992 	 0.00253684 	 0.00528279
1170 	 3520 	 0.850992 	 0.00253684 	 0.00528279
1170 	 3525 	 0.850992 	 0.00253684 	 0.00528279
1170 	 3530 	 0.850992 	 0.00253684 	 0.00528279
1170 	 3535 	 0.850992 	 0.00253684 	 0.00528279
1170 	 3540 	 0.850992 	 0.00253684 	 0.00528279
1170 	 3545 	 0.850992 	 0.00253684 	 0.00528279
1170 	 3550 	 0.850992 	 0.00253684 	 0.00528279
1170 	 3555 	 0.850992 	 0.00253684 	 0.00528279
1170 	 3560 	 0.850992 	 0.00253684 	 0.00528279
1170 	 3565 	 0.850992 	 0.00253684 	 0.00528279
1170 	 3570 	 0.850992 	 0.00253684 	 0.00528279
1170 	 3575 	 0.850992 	 0.00253684 	 0.00528279
1170 	 3580 	 0.850992 	 0.00253684 	 0.00528279
1170 	 3585 	 0.850992 	 0.00253684 	 0.00528279
1170 	 3590 	 0.850992 	 0.00253684 	 0.00528279
1170 	 3595 	 0.850992 	 0.00253684 	 0.00528279
1170 	 3600 	 0.850992 	 0.00253684 	 0.00528279
1170 	 3605 	 0.850992 	 0.00253684 	 0.00528279
1170 	 3610 	 0.850992 	 0.00253684 	 0.00528279
1170 	 3615 	 0.850992 	 0.00253684 	 0.00528279
1170 	 3620 	 0.850992 	 0.00253684 	 0.00528279
1170 	 3625 	 0.850992 	 0.00253684 	 0.00528279
1170 	 3630 	 0.850992 	 0.00253684 	 0.00528279
1170 	 3635 	 0.850992 	 0.00253684 	 0.00528279
1170 	 3640 	 0.850992 	 0.00253684 	 0.00528279
1170 	 3645 	 0.850992 	 0.00253684 	 0.00528279
1170 	 3650 	 0.850992 	 0.00253684 	 0.00528279
1170 	 3655 	 0.850992 	 0.00253684 	 0.00528279
1170 	 3660 	 0.850992 	 0.00253684 	 0.00528279
1170 	 3665 	 0.850992 	 0.00253684 	 0.00528279
1170 	 3670 	 0.850992 	 0.00253684 	 0.00528279
1170 	 3675 	 0.850992 	 0.00253684 	 0.00528279
1170 	 3680 	 0.850992 	 0.00253684 	 0.00528279
1170 	 3685 	 0.850992 	 0.00253684 	 0.00528279
1170 	 3690 	 0.850992 	 0.00253684 	 0.00528279
1170 	 3695 	 0.850992 	 0.00253684 	 0.00528279
1170 	 3700 	 0.850992 	 0.00253684 	 0.00528279
1170 	 3705 	 0.850992 	 0.00253684 	 0.00528279
1170 	 3710 	 0.850992 	 0.00253684 	 0.00528279
1170 	 3715 	 0.850992 	 0.00253684 	 0.00528279
1170 	 3720 	 0.850992 	 0.00253684 	 0.00528279
1170 	 3725 	 0.850992 	 0.00253684 	 0.00528279
1170 	 3730 	 0.850992 	 0.00253684 	 0.00528279
1170 	 3735 	 0.850992 	 0.00253684 	 0.00528279
1170 	 3740 	 0.850992 	 0.00253684 	 0.00528279
1170 	 3745 	 0.850992 	 0.00253684 	 0.00528279
1170 	 3750 	 0.850992 	 0.00253684 	 0.00528279
1170 	 3755 	 0.850992 	 0.00253684 	 0.00528279
1170 	 3760 	 0.850992 	 0.00253684 	 0.00528279
1170 	 3765 	 0.850992 	 0.00253684 	 0.00528279
1170 	 3770 	 0.850992 	 0.00253684 	 0.00528279
1170 	 3775 	 0.850992 	 0.00253684 	 0.00528279
1170 	 3780 	 0.850992 	 0.00253684 	 0.00528279
1170 	 3785 	 0.850992 	 0.00253684 	 0.00528279
1170 	 3790 	 0.850992 	 0.00253684 	 0.00528279
1170 	 3795 	 0.850992 	 0.00253684 	 0.00528279
1170 	 3800 	 0.850992 	 0.00253684 	 0.00528279
1170 	 3805 	 0.850992 	 0.00253684 	 0.00528279
1170 	 3810 	 0.850992 	 0.00253684 	 0.00528279
1170 	 3815 	 0.850992 	 0.00253684 	 0.00528279
1170 	 3820 	 0.850992 	 0.00253684 	 0.00528279
1170 	 3825 	 0.850992 	 0.00253684 	 0.00528279
1170 	 3830 	 0.850992 	 0.00253684 	 0.00528279
1170 	 3835 	 0.850992 	 0.00253684 	 0.00528279
1170 	 3840 	 0.850992 	 0.00253684 	 0.00528279
1170 	 3845 	 0.850992 	 0.00253684 	 0.00528279
1170 	 3850 	 0.850992 	 0.00253684 	 0.00528279
1170 	 3855 	 0.850992 	 0.00253684 	 0.00528279
1170 	 3860 	 0.850992 	 0.00253684 	 0.00528279
1170 	 3865 	 0.850992 	 0.00253684 	 0.00528279
1170 	 3870 	 0.850992 	 0.00253684 	 0.00528279
1170 	 3875 	 0.850992 	 0.00253684 	 0.00528279
1170 	 3880 	 0.850992 	 0.00253684 	 0.00528279
1170 	 3885 	 0.850992 	 0.00253684 	 0.00528279
1170 	 3890 	 0.850992 	 0.00253684 	 0.00528279
1170 	 3895 	 0.850992 	 0.00253684 	 0.00528279
1170 	 3900 	 0.850992 	 0.00253684 	 0.00528279
1170 	 3905 	 0.850992 	 0.00253684 	 0.00528279
1170 	 3910 	 0.850992 	 0.00253684 	 0.00528279
1170 	 3915 	 0.850992 	 0.00253684 	 0.00528279
1170 	 3920 	 0.850992 	 0.00253684 	 0.00528279
1170 	 3925 	 0.850992 	 0.00253684 	 0.00528279
1170 	 3930 	 0.850992 	 0.00253684 	 0.00528279
1170 	 3935 	 0.850992 	 0.00253684 	 0.00528279
1170 	 3940 	 0.850992 	 0.00253684 	 0.00528279
1170 	 3945 	 0.850992 	 0.00253684 	 0.00528279
1170 	 3950 	 0.850992 	 0.00253684 	 0.00528279
1170 	 3955 	 0.850992 	 0.00253684 	 0.00528279
1170 	 3960 	 0.850992 	 0.00253684 	 0.00528279
1170 	 3965 	 0.850992 	 0.00253684 	 0.00528279
1170 	 3970 	 0.850992 	 0.00253684 	 0.00528279
1170 	 3975 	 0.850992 	 0.00253684 	 0.00528279
1170 	 3980 	 0.850992 	 0.00253684 	 0.00528279
1170 	 3985 	 0.850992 	 0.00253684 	 0.00528279
1170 	 3990 	 0.850992 	 0.00253684 	 0.00528279
1170 	 3995 	 0.850992 	 0.00253684 	 0.00528279
1170 	 4000 	 0.850992 	 0.00253684 	 0.00528279
1170 	 4005 	 0.850992 	 0.00253684 	 0.00528279
1170 	 4010 	 0.850992 	 0.00253684 	 0.00528279
1170 	 4015 	 0.850992 	 0.00253684 	 0.00528279
1170 	 4020 	 0.850992 	 0.00253684 	 0.00528279
1170 	 4025 	 0.850992 	 0.00253684 	 0.00528279
1170 	 4030 	 0.850992 	 0.00253684 	 0.00528279
1170 	 4035 	 0.850992 	 0.00253684 	 0.00528279
1170 	 4040 	 0.850992 	 0.00253684 	 0.00528279
1170 	 4045 	 0.850992 	 0.00253684 	 0.00528279
1170 	 4050 	 0.850992 	 0.00253684 	 0.00528279
1170 	 4055 	 0.850992 	 0.00253684 	 0.00528279
1170 	 4060 	 0.850992 	 0.00253684 	 0.00528279
1170 	 4065 	 0.850992 	 0.00253684 	 0.00528279
1170 	 4070 	 0.850992 	 0.00253684 	 0.00528279
1170 	 4075 	 0.850992 	 0.00253684 	 0.00528279
1170 	 4080 	 0.850992 	 0.00253684 	 0.00528279
1170 	 4085 	 0.850992 	 0.00253684 	 0.00528279
1170 	 4090 	 0.850992 	 0.00253684 	 0.00528279
1170 	 4095 	 0.850992 	 0.00253684 	 0.00528279
1170 	 4100 	 0.850992 	 0.00253684 	 0.00528279
1170 	 4105 	 0.850992 	 0.00253684 	 0.00528279
1170 	 4110 	 0.850992 	 0.00253684 	 0.00528279
1170 	 4115 	 0.850992 	 0.00253684 	 0.00528279
1170 	 4120 	 0.850992 	 0.00253684 	 0.00528279
1170 	 4125 	 0.850992 	 0.00253684 	 0.00528279
1170 	 4130 	 0.850992 	 0.00253684 	 0.00528279
1170 	 4135 	 0.850992 	 0.00253684 	 0.00528279
1170 	 4140 	 0.850992 	 0.00253684 	 0.00528279
1170 	 4145 	 0.850992 	 0.00253684 	 0.00528279
1170 	 4150 	 0.850992 	 0.00253684 	 0.00528279
1170 	 4155 	 0.850992 	 0.00253684 	 0.00528279
1170 	 4160 	 0.850992 	 0.00253684 	 0.00528279
1170 	 4165 	 0.850992 	 0.00253684 	 0.00528279
1170 	 4170 	 0.850992 	 0.00253684 	 0.00528279
1170 	 4175 	 0.850992 	 0.00253684 	 0.00528279
1170 	 4180 	 0.850992 	 0.00253684 	 0.00528279
1170 	 4185 	 0.850992 	 0.00253684 	 0.00528279
1170 	 4190 	 0.850992 	 0.00253684 	 0.00528279
1170 	 4195 	 0.850992 	 0.00253684 	 0.00528279
1170 	 4200 	 0.850992 	 0.00253684 	 0.00528279
1170 	 4205 	 0.850992 	 0.00253684 	 0.00528279
1170 	 4210 	 0.850992 	 0.00253684 	 0.00528279
1170 	 4215 	 0.850992 	 0.00253684 	 0.00528279
1170 	 4220 	 0.850992 	 0.00253684 	 0.00528279
1170 	 4225 	 0.850992 	 0.00253684 	 0.00528279
1170 	 4230 	 0.850992 	 0.00253684 	 0.00528279
1170 	 4235 	 0.850992 	 0.00253684 	 0.00528279
1170 	 4240 	 0.850992 	 0.00253684 	 0.00528279
1170 	 4245 	 0.850992 	 0.00253684 	 0.00528279
1170 	 4250 	 0.850992 	 0.00253684 	 0.00528279
1170 	 4255 	 0.850992 	 0.00253684 	 0.00528279
1170 	 4260 	 0.850992 	 0.00253684 	 0.00528279
1170 	 4265 	 0.850992 	 0.00253684 	 0.00528279
1170 	 4270 	 0.850992 	 0.00253684 	 0.00528279
1170 	 4275 	 0.850992 	 0.00253684 	 0.00528279
1170 	 4280 	 0.850992 	 0.00253684 	 0.00528279
1170 	 4285 	 0.850992 	 0.00253684 	 0.00528279
1170 	 4290 	 0.850992 	 0.00253684 	 0.00528279
1170 	 4295 	 0.850992 	 0.00253684 	 0.00528279
1170 	 4300 	 0.850992 	 0.00253684 	 0.00528279
1170 	 4305 	 0.850992 	 0.00253684 	 0.00528279
1170 	 4310 	 0.850992 	 0.00253684 	 0.00528279
1170 	 4315 	 0.850992 	 0.00253684 	 0.00528279
1170 	 4320 	 0.850992 	 0.00253684 	 0.00528279
1170 	 4325 	 0.850992 	 0.00253684 	 0.00528279
1170 	 4330 	 0.850992 	 0.00253684 	 0.00528279
1170 	 4335 	 0.850992 	 0.00253684 	 0.00528279
1170 	 4340 	 0.850992 	 0.00253684 	 0.00528279
1170 	 4345 	 0.850992 	 0.00253684 	 0.00528279
1170 	 4350 	 0.850992 	 0.00253684 	 0.00528279
1170 	 4355 	 0.850992 	 0.00253684 	 0.00528279
1170 	 4360 	 0.850992 	 0.00253684 	 0.00528279
1170 	 4365 	 0.850992 	 0.00253684 	 0.00528279
1170 	 4370 	 0.850992 	 0.00253684 	 0.00528279
1170 	 4375 	 0.850992 	 0.00253684 	 0.00528279
1170 	 4380 	 0.850992 	 0.00253684 	 0.00528279
1170 	 4385 	 0.850992 	 0.00253684 	 0.00528279
1170 	 4390 	 0.850992 	 0.00253684 	 0.00528279
1170 	 4395 	 0.850992 	 0.00253684 	 0.00528279
1170 	 4400 	 0.850992 	 0.00253684 	 0.00528279
1170 	 4405 	 0.850992 	 0.00253684 	 0.00528279
1170 	 4410 	 0.850992 	 0.00253684 	 0.00528279
1170 	 4415 	 0.850992 	 0.00253684 	 0.00528279
1170 	 4420 	 0.850992 	 0.00253684 	 0.00528279
1170 	 4425 	 0.850992 	 0.00253684 	 0.00528279
1170 	 4430 	 0.850992 	 0.00253684 	 0.00528279
1170 	 4435 	 0.850992 	 0.00253684 	 0.00528279
1170 	 4440 	 0.850992 	 0.00253684 	 0.00528279
1170 	 4445 	 0.850992 	 0.00253684 	 0.00528279
1170 	 4450 	 0.850992 	 0.00253684 	 0.00528279
1170 	 4455 	 0.850992 	 0.00253684 	 0.00528279
1170 	 4460 	 0.850992 	 0.00253684 	 0.00528279
1170 	 4465 	 0.850992 	 0.00253684 	 0.00528279
1170 	 4470 	 0.850992 	 0.00253684 	 0.00528279
1170 	 4475 	 0.850992 	 0.00253684 	 0.00528279
1170 	 4480 	 0.850992 	 0.00253684 	 0.00528279
1170 	 4485 	 0.850992 	 0.00253684 	 0.00528279
1170 	 4490 	 0.850992 	 0.00253684 	 0.00528279
1170 	 4495 	 0.850992 	 0.00253684 	 0.00528279
1170 	 4500 	 0.850992 	 0.00253684 	 0.00528279
1170 	 4505 	 0.850992 	 0.00253684 	 0.00528279
1170 	 4510 	 0.850992 	 0.00253684 	 0.00528279
1170 	 4515 	 0.850992 	 0.00253684 	 0.00528279
1170 	 4520 	 0.850992 	 0.00253684 	 0.00528279
1170 	 4525 	 0.850992 	 0.00253684 	 0.00528279
1170 	 4530 	 0.850992 	 0.00253684 	 0.00528279
1170 	 4535 	 0.850992 	 0.00253684 	 0.00528279
1170 	 4540 	 0.850992 	 0.00253684 	 0.00528279
1170 	 4545 	 0.850992 	 0.00253684 	 0.00528279
1170 	 4550 	 0.850992 	 0.00253684 	 0.00528279
1170 	 4555 	 0.850992 	 0.00253684 	 0.00528279
1170 	 4560 	 0.850992 	 0.00253684 	 0.00528279
1170 	 4565 	 0.850992 	 0.00253684 	 0.00528279
1170 	 4570 	 0.850992 	 0.00253684 	 0.00528279
1170 	 4575 	 0.850992 	 0.00253684 	 0.00528279
1170 	 4580 	 0.850992 	 0.00253684 	 0.00528279
1170 	 4585 	 0.850992 	 0.00253684 	 0.00528279
1170 	 4590 	 0.850992 	 0.00253684 	 0.00528279
1170 	 4595 	 0.850992 	 0.00253684 	 0.00528279
1170 	 4600 	 0.850992 	 0.00253684 	 0.00528279
1170 	 4605 	 0.850992 	 0.00253684 	 0.00528279
1170 	 4610 	 0.850992 	 0.00253684 	 0.00528279
1170 	 4615 	 0.850992 	 0.00253684 	 0.00528279
1170 	 4620 	 0.850992 	 0.00253684 	 0.00528279
1170 	 4625 	 0.850992 	 0.00253684 	 0.00528279
1170 	 4630 	 0.850992 	 0.00253684 	 0.00528279
1170 	 4635 	 0.850992 	 0.00253684 	 0.00528279
1170 	 4640 	 0.850992 	 0.00253684 	 0.00528279
1170 	 4645 	 0.850992 	 0.00253684 	 0.00528279
1170 	 4650 	 0.850992 	 0.00253684 	 0.00528279
1170 	 4655 	 0.850992 	 0.00253684 	 0.00528279
1170 	 4660 	 0.850992 	 0.00253684 	 0.00528279
1170 	 4665 	 0.850992 	 0.00253684 	 0.00528279
1170 	 4670 	 0.850992 	 0.00253684 	 0.00528279
1170 	 4675 	 0.850992 	 0.00253684 	 0.00528279
1170 	 4680 	 0.850992 	 0.00253684 	 0.00528279
1170 	 4685 	 0.850992 	 0.00253684 	 0.00528279
1170 	 4690 	 0.850992 	 0.00253684 	 0.00528279
1170 	 4695 	 0.850992 	 0.00253684 	 0.00528279
1170 	 4700 	 0.850992 	 0.00253684 	 0.00528279
1170 	 4705 	 0.850992 	 0.00253684 	 0.00528279
1170 	 4710 	 0.850992 	 0.00253684 	 0.00528279
1170 	 4715 	 0.850992 	 0.00253684 	 0.00528279
1170 	 4720 	 0.850992 	 0.00253684 	 0.00528279
1170 	 4725 	 0.850992 	 0.00253684 	 0.00528279
1170 	 4730 	 0.850992 	 0.00253684 	 0.00528279
1170 	 4735 	 0.850992 	 0.00253684 	 0.00528279
1170 	 4740 	 0.850992 	 0.00253684 	 0.00528279
1170 	 4745 	 0.850992 	 0.00253684 	 0.00528279
1170 	 4750 	 0.850992 	 0.00253684 	 0.00528279
1170 	 4755 	 0.850992 	 0.00253684 	 0.00528279
1170 	 4760 	 0.850992 	 0.00253684 	 0.00528279
1170 	 4765 	 0.850992 	 0.00253684 	 0.00528279
1170 	 4770 	 0.850992 	 0.00253684 	 0.00528279
1170 	 4775 	 0.850992 	 0.00253684 	 0.00528279
1170 	 4780 	 0.850992 	 0.00253684 	 0.00528279
1170 	 4785 	 0.850992 	 0.00253684 	 0.00528279
1170 	 4790 	 0.850992 	 0.00253684 	 0.00528279
1170 	 4795 	 0.850992 	 0.00253684 	 0.00528279
1170 	 4800 	 0.850992 	 0.00253684 	 0.00528279
1170 	 4805 	 0.850992 	 0.00253684 	 0.00528279
1170 	 4810 	 0.850992 	 0.00253684 	 0.00528279
1170 	 4815 	 0.850992 	 0.00253684 	 0.00528279
1170 	 4820 	 0.850992 	 0.00253684 	 0.00528279
1170 	 4825 	 0.850992 	 0.00253684 	 0.00528279
1170 	 4830 	 0.850992 	 0.00253684 	 0.00528279
1170 	 4835 	 0.850992 	 0.00253684 	 0.00528279
1170 	 4840 	 0.850992 	 0.00253684 	 0.00528279
1170 	 4845 	 0.850992 	 0.00253684 	 0.00528279
1170 	 4850 	 0.850992 	 0.00253684 	 0.00528279
1170 	 4855 	 0.850992 	 0.00253684 	 0.00528279
1170 	 4860 	 0.850992 	 0.00253684 	 0.00528279
1170 	 4865 	 0.850992 	 0.00253684 	 0.00528279
1170 	 4870 	 0.850992 	 0.00253684 	 0.00528279
1170 	 4875 	 0.850992 	 0.00253684 	 0.00528279
1170 	 4880 	 0.850992 	 0.00253684 	 0.00528279
1170 	 4885 	 0.850992 	 0.00253684 	 0.00528279
1170 	 4890 	 0.850992 	 0.00253684 	 0.00528279
1170 	 4895 	 0.850992 	 0.00253684 	 0.00528279
1170 	 4900 	 0.850992 	 0.00253684 	 0.00528279
1170 	 4905 	 0.850992 	 0.00253684 	 0.00528279
1170 	 4910 	 0.850992 	 0.00253684 	 0.00528279
1170 	 4915 	 0.850992 	 0.00253684 	 0.00528279
1170 	 4920 	 0.850992 	 0.00253684 	 0.00528279
1170 	 4925 	 0.850992 	 0.00253684 	 0.00528279
1170 	 4930 	 0.850992 	 0.00253684 	 0.00528279
1170 	 4935 	 0.850992 	 0.00253684 	 0.00528279
1170 	 4940 	 0.850992 	 0.00253684 	 0.00528279
1170 	 4945 	 0.850992 	 0.00253684 	 0.00528279
1170 	 4950 	 0.850992 	 0.00253684 	 0.00528279
1170 	 4955 	 0.850992 	 0.00253684 	 0.00528279
1170 	 4960 	 0.850992 	 0.00253684 	 0.00528279
1170 	 4965 	 0.850992 	 0.00253684 	 0.00528279
1170 	 4970 	 0.850992 	 0.00253684 	 0.00528279
1170 	 4975 	 0.850992 	 0.00253684 	 0.00528279
1170 	 4980 	 0.850992 	 0.00253684 	 0.00528279
1170 	 4985 	 0.850992 	 0.00253684 	 0.00528279
1170 	 4990 	 0.850992 	 0.00253684 	 0.00528279
1170 	 4995 	 0.850992 	 0.00253684 	 0.00528279
1170 	 5000 	 0.850992 	 0.00253684 	 0.00528279
