700 	 5 	 0.885049 	 0.0031157 	 0.00648823
700 	 10 	 0.885369 	 0.00294888 	 0.00614084
700 	 15 	 0.886103 	 0.00263187 	 0.00548068
700 	 20 	 0.887748 	 0.00209051 	 0.00435334
700 	 25 	 0.891238 	 0.00138432 	 0.00288274
700 	 30 	 0.897861 	 0.00104836 	 0.00218314
700 	 35 	 0.908116 	 0.00107898 	 0.0022469
700 	 40 	 0.920257 	 0.000962942 	 0.00200526
700 	 45 	 0.930512 	 0.000898291 	 0.00187063
700 	 50 	 0.937048 	 0.000769516 	 0.00160246
700 	 55 	 0.940658 	 0.000601082 	 0.00125171
700 	 60 	 0.942607 	 0.000518629 	 0.00108001
700 	 65 	 0.943742 	 0.000489109 	 0.00101853
700 	 70 	 0.9445 	 0.000464988 	 0.000968305
700 	 75 	 0.945081 	 0.000437992 	 0.000912087
700 	 80 	 0.945576 	 0.000414245 	 0.000862637
700 	 85 	 0.946025 	 0.000399758 	 0.000832468
700 	 90 	 0.946443 	 0.000397054 	 0.000826838
700 	 95 	 0.94684 	 0.000405493 	 0.000844411
700 	 100 	 0.947219 	 0.000422654 	 0.000880148
700 	 105 	 0.947582 	 0.000445694 	 0.000928126
700 	 110 	 0.94793 	 0.000472131 	 0.00098318
700 	 115 	 0.948263 	 0.000500093 	 0.00104141
700 	 120 	 0.948583 	 0.000528275 	 0.0011001
700 	 125 	 0.94889 	 0.000555814 	 0.00115744
700 	 130 	 0.949185 	 0.000582158 	 0.0012123
700 	 135 	 0.949467 	 0.000606972 	 0.00126398
700 	 140 	 0.949739 	 0.000630069 	 0.00131208
700 	 145 	 0.949999 	 0.000651359 	 0.00135641
700 	 150 	 0.950249 	 0.000670819 	 0.00139693
700 	 155 	 0.950489 	 0.000688469 	 0.00143369
700 	 160 	 0.950719 	 0.000704363 	 0.00146679
700 	 165 	 0.95094 	 0.000718569 	 0.00149637
700 	 170 	 0.951152 	 0.000731171 	 0.00152261
700 	 175 	 0.951356 	 0.000742261 	 0.00154571
700 	 180 	 0.951551 	 0.000751932 	 0.00156584
700 	 185 	 0.951738 	 0.000760279 	 0.00158323
700 	 190 	 0.951918 	 0.0007674 	 0.00159806
700 	 195 	 0.952091 	 0.000773387 	 0.00161052
700 	 200 	 0.952257 	 0.000778332 	 0.00162082
700 	 205 	 0.952416 	 0.000782324 	 0.00162913
700 	 210 	 0.952568 	 0.000785447 	 0.00163564
700 	 215 	 0.952714 	 0.000787782 	 0.0016405
700 	 220 	 0.952855 	 0.000789406 	 0.00164388
700 	 225 	 0.95299 	 0.000790394 	 0.00164594
700 	 230 	 0.953119 	 0.000790813 	 0.00164681
700 	 235 	 0.953243 	 0.000790729 	 0.00164664
700 	 240 	 0.953363 	 0.000790204 	 0.00164554
700 	 245 	 0.953477 	 0.000789294 	 0.00164365
700 	 250 	 0.953587 	 0.000788053 	 0.00164107
700 	 255 	 0.953692 	 0.000786531 	 0.0016379
700 	 260 	 0.953793 	 0.000784775 	 0.00163424
700 	 265 	 0.95389 	 0.000782826 	 0.00163018
700 	 270 	 0.953983 	 0.000780724 	 0.0016258
700 	 275 	 0.954073 	 0.000778507 	 0.00162119
700 	 280 	 0.954159 	 0.000776206 	 0.00161639
700 	 285 	 0.954241 	 0.000773852 	 0.00161149
700 	 290 	 0.95432 	 0.000771472 	 0.00160654
700 	 295 	 0.954396 	 0.000769091 	 0.00160158
700 	 300 	 0.954468 	 0.000766732 	 0.00159666
700 	 305 	 0.954538 	 0.000764413 	 0.00159184
700 	 310 	 0.954605 	 0.000762152 	 0.00158713
700 	 315 	 0.95467 	 0.000759965 	 0.00158257
700 	 320 	 0.954731 	 0.000757864 	 0.0015782
700 	 325 	 0.954791 	 0.000755861 	 0.00157403
700 	 330 	 0.954847 	 0.000753966 	 0.00157008
700 	 335 	 0.954902 	 0.000752185 	 0.00156637
700 	 340 	 0.954954 	 0.000750526 	 0.00156292
700 	 345 	 0.955005 	 0.000748994 	 0.00155973
700 	 350 	 0.955053 	 0.00074759 	 0.0015568
700 	 355 	 0.955099 	 0.000746319 	 0.00155416
700 	 360 	 0.955143 	 0.000745181 	 0.00155179
700 	 365 	 0.955186 	 0.000744177 	 0.0015497
700 	 370 	 0.955227 	 0.000743305 	 0.00154788
700 	 375 	 0.955266 	 0.000742565 	 0.00154634
700 	 380 	 0.955304 	 0.000741955 	 0.00154507
700 	 385 	 0.95534 	 0.00074147 	 0.00154406
700 	 390 	 0.955375 	 0.000741109 	 0.00154331
700 	 395 	 0.955408 	 0.000740868 	 0.00154281
700 	 400 	 0.95544 	 0.000740742 	 0.00154254
700 	 405 	 0.955471 	 0.000740727 	 0.00154251
700 	 410 	 0.9555 	 0.000740818 	 0.0015427
700 	 415 	 0.955528 	 0.000741011 	 0.0015431
700 	 420 	 0.955555 	 0.0007413 	 0.0015437
700 	 425 	 0.955581 	 0.00074168 	 0.0015445
700 	 430 	 0.955606 	 0.000742147 	 0.00154547
700 	 435 	 0.95563 	 0.000742694 	 0.00154661
700 	 440 	 0.955653 	 0.000743317 	 0.00154791
700 	 445 	 0.955675 	 0.000744011 	 0.00154935
700 	 450 	 0.955697 	 0.00074477 	 0.00155093
700 	 455 	 0.955717 	 0.000745589 	 0.00155264
700 	 460 	 0.955736 	 0.000746465 	 0.00155446
700 	 465 	 0.955755 	 0.000747391 	 0.00155639
700 	 470 	 0.955773 	 0.000748363 	 0.00155841
700 	 475 	 0.95579 	 0.000749378 	 0.00156053
700 	 480 	 0.955807 	 0.00075043 	 0.00156272
700 	 485 	 0.955823 	 0.000751515 	 0.00156498
700 	 490 	 0.955838 	 0.00075263 	 0.0015673
700 	 495 	 0.955853 	 0.000753771 	 0.00156968
700 	 500 	 0.955867 	 0.000754934 	 0.0015721
700 	 505 	 0.95588 	 0.000756116 	 0.00157456
700 	 510 	 0.955893 	 0.000757314 	 0.00157705
700 	 515 	 0.955906 	 0.000758524 	 0.00157957
700 	 520 	 0.955917 	 0.000759743 	 0.00158211
700 	 525 	 0.955929 	 0.00076097 	 0.00158467
700 	 530 	 0.95594 	 0.000762201 	 0.00158723
700 	 535 	 0.95595 	 0.000763435 	 0.0015898
700 	 540 	 0.95596 	 0.000764668 	 0.00159237
700 	 545 	 0.95597 	 0.000765899 	 0.00159493
700 	 550 	 0.955979 	 0.000767126 	 0.00159749
700 	 555 	 0.955988 	 0.000768347 	 0.00160003
700 	 560 	 0.955997 	 0.000769561 	 0.00160256
700 	 565 	 0.956005 	 0.000770766 	 0.00160507
700 	 570 	 0.956013 	 0.000771961 	 0.00160755
700 	 575 	 0.956021 	 0.000773144 	 0.00161002
700 	 580 	 0.956028 	 0.000774314 	 0.00161246
700 	 585 	 0.956035 	 0.000775471 	 0.00161486
700 	 590 	 0.956042 	 0.000776613 	 0.00161724
700 	 595 	 0.956048 	 0.000777739 	 0.00161959
700 	 600 	 0.956054 	 0.00077885 	 0.0016219
700 	 605 	 0.95606 	 0.000779943 	 0.00162418
700 	 610 	 0.956066 	 0.000781019 	 0.00162642
700 	 615 	 0.956071 	 0.000782077 	 0.00162862
700 	 620 	 0.956076 	 0.000783117 	 0.00163079
700 	 625 	 0.956081 	 0.000784138 	 0.00163291
700 	 630 	 0.956086 	 0.00078514 	 0.001635
700 	 635 	 0.956091 	 0.000786123 	 0.00163705
700 	 640 	 0.956095 	 0.000787086 	 0.00163905
700 	 645 	 0.9561 	 0.000788029 	 0.00164102
700 	 650 	 0.956104 	 0.000788953 	 0.00164294
700 	 655 	 0.956108 	 0.000789857 	 0.00164482
700 	 660 	 0.956111 	 0.000790742 	 0.00164666
700 	 665 	 0.956115 	 0.000791607 	 0.00164847
700 	 670 	 0.956118 	 0.000792452 	 0.00165022
700 	 675 	 0.956122 	 0.000793277 	 0.00165194
700 	 680 	 0.956125 	 0.000794083 	 0.00165362
700 	 685 	 0.956128 	 0.00079487 	 0.00165526
700 	 690 	 0.956131 	 0.000795637 	 0.00165686
700 	 695 	 0.956134 	 0.000796386 	 0.00165842
700 	 700 	 0.956136 	 0.000797116 	 0.00165994
700 	 705 	 0.956139 	 0.000797827 	 0.00166142
700 	 710 	 0.956142 	 0.00079852 	 0.00166286
700 	 715 	 0.956144 	 0.000799195 	 0.00166427
700 	 720 	 0.956146 	 0.000799852 	 0.00166564
700 	 725 	 0.956148 	 0.000800492 	 0.00166697
700 	 730 	 0.956151 	 0.000801115 	 0.00166827
700 	 735 	 0.956153 	 0.000801721 	 0.00166953
700 	 740 	 0.956155 	 0.00080231 	 0.00167075
700 	 745 	 0.956156 	 0.000802883 	 0.00167195
700 	 750 	 0.956158 	 0.00080344 	 0.00167311
700 	 755 	 0.95616 	 0.000803981 	 0.00167423
700 	 760 	 0.956162 	 0.000804507 	 0.00167533
700 	 765 	 0.956163 	 0.000805018 	 0.00167639
700 	 770 	 0.956165 	 0.000805514 	 0.00167743
700 	 775 	 0.956166 	 0.000805996 	 0.00167843
700 	 780 	 0.956168 	 0.000806464 	 0.0016794
700 	 785 	 0.956169 	 0.000806918 	 0.00168035
700 	 790 	 0.95617 	 0.000807359 	 0.00168127
700 	 795 	 0.956171 	 0.000807786 	 0.00168216
700 	 800 	 0.956173 	 0.000808201 	 0.00168302
700 	 805 	 0.956174 	 0.000808604 	 0.00168386
700 	 810 	 0.956175 	 0.000808994 	 0.00168467
700 	 815 	 0.956176 	 0.000809372 	 0.00168546
700 	 820 	 0.956177 	 0.000809739 	 0.00168622
700 	 825 	 0.956178 	 0.000810095 	 0.00168697
700 	 830 	 0.956179 	 0.000810439 	 0.00168768
700 	 835 	 0.95618 	 0.000810773 	 0.00168838
700 	 840 	 0.956181 	 0.000811097 	 0.00168905
700 	 845 	 0.956181 	 0.00081141 	 0.0016897
700 	 850 	 0.956182 	 0.000811714 	 0.00169034
700 	 855 	 0.956183 	 0.000812008 	 0.00169095
700 	 860 	 0.956184 	 0.000812293 	 0.00169154
700 	 865 	 0.956184 	 0.000812569 	 0.00169212
700 	 870 	 0.956185 	 0.000812836 	 0.00169267
700 	 875 	 0.956186 	 0.000813094 	 0.00169321
700 	 880 	 0.956186 	 0.000813344 	 0.00169373
700 	 885 	 0.956187 	 0.000813586 	 0.00169424
700 	 890 	 0.956187 	 0.000813821 	 0.00169472
700 	 895 	 0.956188 	 0.000814047 	 0.0016952
700 	 900 	 0.956188 	 0.000814267 	 0.00169565
700 	 905 	 0.956189 	 0.000814479 	 0.00169609
700 	 910 	 0.956189 	 0.000814684 	 0.00169652
700 	 915 	 0.95619 	 0.000814883 	 0.00169694
700 	 920 	 0.95619 	 0.000815075 	 0.00169734
700 	 925 	 0.956191 	 0.00081526 	 0.00169772
700 	 930 	 0.956191 	 0.00081544 	 0.0016981
700 	 935 	 0.956192 	 0.000815614 	 0.00169846
700 	 940 	 0.956192 	 0.000815781 	 0.00169881
700 	 945 	 0.956192 	 0.000815944 	 0.00169915
700 	 950 	 0.956193 	 0.000816101 	 0.00169947
700 	 955 	 0.956193 	 0.000816252 	 0.00169979
700 	 960 	 0.956193 	 0.000816399 	 0.00170009
700 	 965 	 0.956194 	 0.00081654 	 0.00170039
700 	 970 	 0.956194 	 0.000816677 	 0.00170067
700 	 975 	 0.956194 	 0.00081681 	 0.00170095
700 	 980 	 0.956194 	 0.000816937 	 0.00170121
700 	 985 	 0.956195 	 0.000817061 	 0.00170147
700 	 990 	 0.956195 	 0.00081718 	 0.00170172
700 	 995 	 0.956195 	 0.000817296 	 0.00170196
700 	 1000 	 0.956195 	 0.000817407 	 0.00170219
700 	 1005 	 0.956196 	 0.000817514 	 0.00170242
700 	 1010 	 0.956196 	 0.000817618 	 0.00170263
700 	 1015 	 0.956196 	 0.000817719 	 0.00170284
700 	 1020 	 0.956196 	 0.000817816 	 0.00170304
700 	 1025 	 0.956196 	 0.000817909 	 0.00170324
700 	 1030 	 0.956197 	 0.000817999 	 0.00170343
700 	 1035 	 0.956197 	 0.000818087 	 0.00170361
700 	 1040 	 0.956197 	 0.000818171 	 0.00170378
700 	 1045 	 0.956197 	 0.000818252 	 0.00170395
700 	 1050 	 0.956197 	 0.000818331 	 0.00170412
700 	 1055 	 0.956197 	 0.000818407 	 0.00170427
700 	 1060 	 0.956198 	 0.00081848 	 0.00170443
700 	 1065 	 0.956198 	 0.000818551 	 0.00170457
700 	 1070 	 0.956198 	 0.000818619 	 0.00170472
700 	 1075 	 0.956198 	 0.000818685 	 0.00170485
700 	 1080 	 0.956198 	 0.000818748 	 0.00170499
700 	 1085 	 0.956198 	 0.000818809 	 0.00170511
700 	 1090 	 0.956198 	 0.000818869 	 0.00170524
700 	 1095 	 0.956198 	 0.000818926 	 0.00170536
700 	 1100 	 0.956199 	 0.000818981 	 0.00170547
700 	 1105 	 0.956199 	 0.000819034 	 0.00170558
700 	 1110 	 0.956199 	 0.000819085 	 0.00170569
700 	 1115 	 0.956199 	 0.000819135 	 0.00170579
700 	 1120 	 0.956199 	 0.000819183 	 0.00170589
700 	 1125 	 0.956199 	 0.000819229 	 0.00170599
700 	 1130 	 0.956199 	 0.000819273 	 0.00170608
700 	 1135 	 0.956199 	 0.000819316 	 0.00170617
700 	 1140 	 0.956199 	 0.000819357 	 0.00170625
700 	 1145 	 0.956199 	 0.000819397 	 0.00170634
700 	 1150 	 0.956199 	 0.000819436 	 0.00170642
700 	 1155 	 0.956199 	 0.000819473 	 0.0017065
700 	 1160 	 0.956199 	 0.000819509 	 0.00170657
700 	 1165 	 0.9562 	 0.000819544 	 0.00170664
700 	 1170 	 0.9562 	 0.000819577 	 0.00170671
700 	 1175 	 0.9562 	 0.000819609 	 0.00170678
700 	 1180 	 0.9562 	 0.00081964 	 0.00170684
700 	 1185 	 0.9562 	 0.00081967 	 0.00170691
700 	 1190 	 0.9562 	 0.000819699 	 0.00170697
700 	 1195 	 0.9562 	 0.000819727 	 0.00170702
700 	 1200 	 0.9562 	 0.000819753 	 0.00170708
700 	 1205 	 0.9562 	 0.000819779 	 0.00170713
700 	 1210 	 0.9562 	 0.000819804 	 0.00170718
700 	 1215 	 0.9562 	 0.000819828 	 0.00170723
700 	 1220 	 0.9562 	 0.000819852 	 0.00170728
700 	 1225 	 0.9562 	 0.000819874 	 0.00170733
700 	 1230 	 0.9562 	 0.000819895 	 0.00170737
700 	 1235 	 0.9562 	 0.000819916 	 0.00170742
700 	 1240 	 0.9562 	 0.000819936 	 0.00170746
700 	 1245 	 0.9562 	 0.000819956 	 0.0017075
700 	 1250 	 0.9562 	 0.000819974 	 0.00170754
700 	 1255 	 0.9562 	 0.000819992 	 0.00170758
700 	 1260 	 0.9562 	 0.00082001 	 0.00170761
700 	 1265 	 0.9562 	 0.000820026 	 0.00170765
700 	 1270 	 0.9562 	 0.000820042 	 0.00170768
700 	 1275 	 0.9562 	 0.000820058 	 0.00170771
700 	 1280 	 0.9562 	 0.000820073 	 0.00170774
700 	 1285 	 0.9562 	 0.000820087 	 0.00170777
700 	 1290 	 0.9562 	 0.000820101 	 0.0017078
700 	 1295 	 0.9562 	 0.000820115 	 0.00170783
700 	 1300 	 0.9562 	 0.000820127 	 0.00170786
700 	 1305 	 0.9562 	 0.00082014 	 0.00170788
700 	 1310 	 0.9562 	 0.000820152 	 0.00170791
700 	 1315 	 0.956201 	 0.000820163 	 0.00170793
700 	 1320 	 0.956201 	 0.000820175 	 0.00170796
700 	 1325 	 0.956201 	 0.000820185 	 0.00170798
700 	 1330 	 0.956201 	 0.000820196 	 0.001708
700 	 1335 	 0.956201 	 0.000820206 	 0.00170802
700 	 1340 	 0.956201 	 0.000820215 	 0.00170804
700 	 1345 	 0.956201 	 0.000820224 	 0.00170806
700 	 1350 	 0.956201 	 0.000820233 	 0.00170808
700 	 1355 	 0.956201 	 0.000820242 	 0.0017081
700 	 1360 	 0.956201 	 0.00082025 	 0.00170811
700 	 1365 	 0.956201 	 0.000820258 	 0.00170813
700 	 1370 	 0.956201 	 0.000820266 	 0.00170815
700 	 1375 	 0.956201 	 0.000820273 	 0.00170816
700 	 1380 	 0.956201 	 0.00082028 	 0.00170818
700 	 1385 	 0.956201 	 0.000820287 	 0.00170819
700 	 1390 	 0.956201 	 0.000820294 	 0.0017082
700 	 1395 	 0.956201 	 0.0008203 	 0.00170822
700 	 1400 	 0.956201 	 0.000820307 	 0.00170823
700 	 1405 	 0.956201 	 0.000820312 	 0.00170824
700 	 1410 	 0.956201 	 0.000820318 	 0.00170826
700 	 1415 	 0.956201 	 0.000820324 	 0.00170827
700 	 1420 	 0.956201 	 0.000820329 	 0.00170828
700 	 1425 	 0.956201 	 0.000820334 	 0.00170829
700 	 1430 	 0.956201 	 0.000820339 	 0.0017083
700 	 1435 	 0.956201 	 0.000820344 	 0.00170831
700 	 1440 	 0.956201 	 0.000820348 	 0.00170832
700 	 1445 	 0.956201 	 0.000820353 	 0.00170833
700 	 1450 	 0.956201 	 0.000820357 	 0.00170834
700 	 1455 	 0.956201 	 0.000820361 	 0.00170834
700 	 1460 	 0.956201 	 0.000820365 	 0.00170835
700 	 1465 	 0.956201 	 0.000820369 	 0.00170836
700 	 1470 	 0.956201 	 0.000820372 	 0.00170837
700 	 1475 	 0.956201 	 0.000820376 	 0.00170838
700 	 1480 	 0.956201 	 0.000820379 	 0.00170838
700 	 1485 	 0.956201 	 0.000820383 	 0.00170839
700 	 1490 	 0.956201 	 0.000820386 	 0.0017084
700 	 1495 	 0.956201 	 0.000820389 	 0.0017084
700 	 1500 	 0.956201 	 0.000820392 	 0.00170841
700 	 1505 	 0.956201 	 0.000820394 	 0.00170841
700 	 1510 	 0.956201 	 0.000820397 	 0.00170842
700 	 1515 	 0.956201 	 0.0008204 	 0.00170842
700 	 1520 	 0.956201 	 0.000820402 	 0.00170843
700 	 1525 	 0.956201 	 0.000820405 	 0.00170844
700 	 1530 	 0.956201 	 0.000820407 	 0.00170844
700 	 1535 	 0.956201 	 0.000820409 	 0.00170844
700 	 1540 	 0.956201 	 0.000820411 	 0.00170845
700 	 1545 	 0.956201 	 0.000820413 	 0.00170845
700 	 1550 	 0.956201 	 0.000820415 	 0.00170846
700 	 1555 	 0.956201 	 0.000820417 	 0.00170846
700 	 1560 	 0.956201 	 0.000820419 	 0.00170847
700 	 1565 	 0.956201 	 0.000820421 	 0.00170847
700 	 1570 	 0.956201 	 0.000820423 	 0.00170847
700 	 1575 	 0.956201 	 0.000820424 	 0.00170848
700 	 1580 	 0.956201 	 0.000820426 	 0.00170848
700 	 1585 	 0.956201 	 0.000820427 	 0.00170848
700 	 1590 	 0.956201 	 0.000820429 	 0.00170849
700 	 1595 	 0.956201 	 0.00082043 	 0.00170849
700 	 1600 	 0.956201 	 0.000820432 	 0.00170849
700 	 1605 	 0.956201 	 0.000820433 	 0.00170849
700 	 1610 	 0.956201 	 0.000820434 	 0.0017085
700 	 1615 	 0.956201 	 0.000820436 	 0.0017085
700 	 1620 	 0.956201 	 0.000820437 	 0.0017085
700 	 1625 	 0.956201 	 0.000820438 	 0.0017085
700 	 1630 	 0.956201 	 0.000820439 	 0.00170851
700 	 1635 	 0.956201 	 0.00082044 	 0.00170851
700 	 1640 	 0.956201 	 0.000820441 	 0.00170851
700 	 1645 	 0.956201 	 0.000820442 	 0.00170851
700 	 1650 	 0.956201 	 0.000820443 	 0.00170851
700 	 1655 	 0.956201 	 0.000820444 	 0.00170852
700 	 1660 	 0.956201 	 0.000820445 	 0.00170852
700 	 1665 	 0.956201 	 0.000820446 	 0.00170852
700 	 1670 	 0.956201 	 0.000820446 	 0.00170852
700 	 1675 	 0.956201 	 0.000820447 	 0.00170852
700 	 1680 	 0.956201 	 0.000820448 	 0.00170853
700 	 1685 	 0.956201 	 0.000820449 	 0.00170853
700 	 1690 	 0.956201 	 0.000820449 	 0.00170853
700 	 1695 	 0.956201 	 0.00082045 	 0.00170853
700 	 1700 	 0.956201 	 0.000820451 	 0.00170853
700 	 1705 	 0.956201 	 0.000820451 	 0.00170853
700 	 1710 	 0.956201 	 0.000820452 	 0.00170853
700 	 1715 	 0.956201 	 0.000820452 	 0.00170853
700 	 1720 	 0.956201 	 0.000820453 	 0.00170854
700 	 1725 	 0.956201 	 0.000820453 	 0.00170854
700 	 1730 	 0.956201 	 0.000820454 	 0.00170854
700 	 1735 	 0.956201 	 0.000820454 	 0.00170854
700 	 1740 	 0.956201 	 0.000820455 	 0.00170854
700 	 1745 	 0.956201 	 0.000820455 	 0.00170854
700 	 1750 	 0.956201 	 0.000820456 	 0.00170854
700 	 1755 	 0.956201 	 0.000820456 	 0.00170854
700 	 1760 	 0.956201 	 0.000820457 	 0.00170854
700 	 1765 	 0.956201 	 0.000820457 	 0.00170854
700 	 1770 	 0.956201 	 0.000820457 	 0.00170854
700 	 1775 	 0.956201 	 0.000820458 	 0.00170855
700 	 1780 	 0.956201 	 0.000820458 	 0.00170855
700 	 1785 	 0.956201 	 0.000820458 	 0.00170855
700 	 1790 	 0.956201 	 0.000820459 	 0.00170855
700 	 1795 	 0.956201 	 0.000820459 	 0.00170855
700 	 1800 	 0.956201 	 0.000820459 	 0.00170855
700 	 1805 	 0.956201 	 0.00082046 	 0.00170855
700 	 1810 	 0.956201 	 0.00082046 	 0.00170855
700 	 1815 	 0.956201 	 0.00082046 	 0.00170855
700 	 1820 	 0.956201 	 0.00082046 	 0.00170855
700 	 1825 	 0.956201 	 0.000820461 	 0.00170855
700 	 1830 	 0.956201 	 0.000820461 	 0.00170855
700 	 1835 	 0.956201 	 0.000820461 	 0.00170855
700 	 1840 	 0.956201 	 0.000820461 	 0.00170855
700 	 1845 	 0.956201 	 0.000820462 	 0.00170855
700 	 1850 	 0.956201 	 0.000820462 	 0.00170855
700 	 1855 	 0.956201 	 0.000820462 	 0.00170855
700 	 1860 	 0.956201 	 0.000820462 	 0.00170855
700 	 1865 	 0.956201 	 0.000820462 	 0.00170856
700 	 1870 	 0.956201 	 0.000820463 	 0.00170856
700 	 1875 	 0.956201 	 0.000820463 	 0.00170856
700 	 1880 	 0.956201 	 0.000820463 	 0.00170856
700 	 1885 	 0.956201 	 0.000820463 	 0.00170856
700 	 1890 	 0.956201 	 0.000820463 	 0.00170856
700 	 1895 	 0.956201 	 0.000820463 	 0.00170856
700 	 1900 	 0.956201 	 0.000820463 	 0.00170856
700 	 1905 	 0.956201 	 0.000820464 	 0.00170856
700 	 1910 	 0.956201 	 0.000820464 	 0.00170856
700 	 1915 	 0.956201 	 0.000820464 	 0.00170856
700 	 1920 	 0.956201 	 0.000820464 	 0.00170856
700 	 1925 	 0.956201 	 0.000820464 	 0.00170856
700 	 1930 	 0.956201 	 0.000820464 	 0.00170856
700 	 1935 	 0.956201 	 0.000820464 	 0.00170856
700 	 1940 	 0.956201 	 0.000820464 	 0.00170856
700 	 1945 	 0.956201 	 0.000820464 	 0.00170856
700 	 1950 	 0.956201 	 0.000820465 	 0.00170856
700 	 1955 	 0.956201 	 0.000820465 	 0.00170856
700 	 1960 	 0.956201 	 0.000820465 	 0.00170856
700 	 1965 	 0.956201 	 0.000820465 	 0.00170856
700 	 1970 	 0.956201 	 0.000820465 	 0.00170856
700 	 1975 	 0.956201 	 0.000820465 	 0.00170856
700 	 1980 	 0.956201 	 0.000820465 	 0.00170856
700 	 1985 	 0.956201 	 0.000820465 	 0.00170856
700 	 1990 	 0.956201 	 0.000820465 	 0.00170856
700 	 1995 	 0.956201 	 0.000820465 	 0.00170856
700 	 2000 	 0.956201 	 0.000820465 	 0.00170856
700 	 2005 	 0.956201 	 0.000820465 	 0.00170856
700 	 2010 	 0.956201 	 0.000820465 	 0.00170856
700 	 2015 	 0.956201 	 0.000820466 	 0.00170856
700 	 2020 	 0.956201 	 0.000820466 	 0.00170856
700 	 2025 	 0.956201 	 0.000820466 	 0.00170856
700 	 2030 	 0.956201 	 0.000820466 	 0.00170856
700 	 2035 	 0.956201 	 0.000820466 	 0.00170856
700 	 2040 	 0.956201 	 0.000820466 	 0.00170856
700 	 2045 	 0.956201 	 0.000820466 	 0.00170856
700 	 2050 	 0.956201 	 0.000820466 	 0.00170856
700 	 2055 	 0.956201 	 0.000820466 	 0.00170856
700 	 2060 	 0.956201 	 0.000820466 	 0.00170856
700 	 2065 	 0.956201 	 0.000820466 	 0.00170856
700 	 2070 	 0.956201 	 0.000820466 	 0.00170856
700 	 2075 	 0.956201 	 0.000820466 	 0.00170856
700 	 2080 	 0.956201 	 0.000820466 	 0.00170856
700 	 2085 	 0.956201 	 0.000820466 	 0.00170856
700 	 2090 	 0.956201 	 0.000820466 	 0.00170856
700 	 2095 	 0.956201 	 0.000820466 	 0.00170856
700 	 2100 	 0.956201 	 0.000820466 	 0.00170856
700 	 2105 	 0.956201 	 0.000820466 	 0.00170856
700 	 2110 	 0.956201 	 0.000820466 	 0.00170856
700 	 2115 	 0.956201 	 0.000820466 	 0.00170856
700 	 2120 	 0.956201 	 0.000820466 	 0.00170856
700 	 2125 	 0.956201 	 0.000820466 	 0.00170856
700 	 2130 	 0.956201 	 0.000820466 	 0.00170856
700 	 2135 	 0.956201 	 0.000820466 	 0.00170856
700 	 2140 	 0.956201 	 0.000820466 	 0.00170856
700 	 2145 	 0.956201 	 0.000820466 	 0.00170856
700 	 2150 	 0.956201 	 0.000820466 	 0.00170856
700 	 2155 	 0.956201 	 0.000820466 	 0.00170856
700 	 2160 	 0.956201 	 0.000820467 	 0.00170856
700 	 2165 	 0.956201 	 0.000820467 	 0.00170856
700 	 2170 	 0.956201 	 0.000820467 	 0.00170856
700 	 2175 	 0.956201 	 0.000820467 	 0.00170856
700 	 2180 	 0.956201 	 0.000820467 	 0.00170856
700 	 2185 	 0.956201 	 0.000820467 	 0.00170856
700 	 2190 	 0.956201 	 0.000820467 	 0.00170856
700 	 2195 	 0.956201 	 0.000820467 	 0.00170856
700 	 2200 	 0.956201 	 0.000820467 	 0.00170856
700 	 2205 	 0.956201 	 0.000820467 	 0.00170856
700 	 2210 	 0.956201 	 0.000820467 	 0.00170856
700 	 2215 	 0.956201 	 0.000820467 	 0.00170856
700 	 2220 	 0.956201 	 0.000820467 	 0.00170856
700 	 2225 	 0.956201 	 0.000820467 	 0.00170856
700 	 2230 	 0.956201 	 0.000820467 	 0.00170856
700 	 2235 	 0.956201 	 0.000820467 	 0.00170856
700 	 2240 	 0.956201 	 0.000820467 	 0.00170856
700 	 2245 	 0.956201 	 0.000820467 	 0.00170856
700 	 2250 	 0.956201 	 0.000820467 	 0.00170856
700 	 2255 	 0.956201 	 0.000820467 	 0.00170856
700 	 2260 	 0.956201 	 0.000820467 	 0.00170856
700 	 2265 	 0.956201 	 0.000820467 	 0.00170856
700 	 2270 	 0.956201 	 0.000820467 	 0.00170856
700 	 2275 	 0.956201 	 0.000820467 	 0.00170856
700 	 2280 	 0.956201 	 0.000820467 	 0.00170856
700 	 2285 	 0.956201 	 0.000820467 	 0.00170856
700 	 2290 	 0.956201 	 0.000820467 	 0.00170856
700 	 2295 	 0.956201 	 0.000820467 	 0.00170856
700 	 2300 	 0.956201 	 0.000820467 	 0.00170856
700 	 2305 	 0.956201 	 0.000820467 	 0.00170856
700 	 2310 	 0.956201 	 0.000820467 	 0.00170856
700 	 2315 	 0.956201 	 0.000820467 	 0.00170856
700 	 2320 	 0.956201 	 0.000820467 	 0.00170856
700 	 2325 	 0.956201 	 0.000820467 	 0.00170856
700 	 2330 	 0.956201 	 0.000820467 	 0.00170856
700 	 2335 	 0.956201 	 0.000820467 	 0.00170856
700 	 2340 	 0.956201 	 0.000820467 	 0.00170856
700 	 2345 	 0.956201 	 0.000820467 	 0.00170856
700 	 2350 	 0.956201 	 0.000820467 	 0.00170856
700 	 2355 	 0.956201 	 0.000820467 	 0.00170856
700 	 2360 	 0.956201 	 0.000820467 	 0.00170856
700 	 2365 	 0.956201 	 0.000820467 	 0.00170856
700 	 2370 	 0.956201 	 0.000820467 	 0.00170856
700 	 2375 	 0.956201 	 0.000820467 	 0.00170856
700 	 2380 	 0.956201 	 0.000820467 	 0.00170856
700 	 2385 	 0.956201 	 0.000820467 	 0.00170856
700 	 2390 	 0.956201 	 0.000820467 	 0.00170856
700 	 2395 	 0.956201 	 0.000820467 	 0.00170856
700 	 2400 	 0.956201 	 0.000820467 	 0.00170856
700 	 2405 	 0.956201 	 0.000820467 	 0.00170856
700 	 2410 	 0.956201 	 0.000820467 	 0.00170856
700 	 2415 	 0.956201 	 0.000820467 	 0.00170856
700 	 2420 	 0.956201 	 0.000820467 	 0.00170856
700 	 2425 	 0.956201 	 0.000820467 	 0.00170856
700 	 2430 	 0.956201 	 0.000820467 	 0.00170856
700 	 2435 	 0.956201 	 0.000820467 	 0.00170856
700 	 2440 	 0.956201 	 0.000820467 	 0.00170856
700 	 2445 	 0.956201 	 0.000820467 	 0.00170856
700 	 2450 	 0.956201 	 0.000820467 	 0.00170856
700 	 2455 	 0.956201 	 0.000820467 	 0.00170856
700 	 2460 	 0.956201 	 0.000820467 	 0.00170856
700 	 2465 	 0.956201 	 0.000820467 	 0.00170856
700 	 2470 	 0.956201 	 0.000820467 	 0.00170856
700 	 2475 	 0.956201 	 0.000820467 	 0.00170856
700 	 2480 	 0.956201 	 0.000820467 	 0.00170856
700 	 2485 	 0.956201 	 0.000820467 	 0.00170856
700 	 2490 	 0.956201 	 0.000820467 	 0.00170856
700 	 2495 	 0.956201 	 0.000820467 	 0.00170856
700 	 2500 	 0.956201 	 0.000820467 	 0.00170856
700 	 2505 	 0.956201 	 0.000820467 	 0.00170856
700 	 2510 	 0.956201 	 0.000820467 	 0.00170856
700 	 2515 	 0.956201 	 0.000820467 	 0.00170856
700 	 2520 	 0.956201 	 0.000820467 	 0.00170856
700 	 2525 	 0.956201 	 0.000820467 	 0.00170856
700 	 2530 	 0.956201 	 0.000820467 	 0.00170856
700 	 2535 	 0.956201 	 0.000820467 	 0.00170856
700 	 2540 	 0.956201 	 0.000820467 	 0.00170856
700 	 2545 	 0.956201 	 0.000820467 	 0.00170856
700 	 2550 	 0.956201 	 0.000820467 	 0.00170856
700 	 2555 	 0.956201 	 0.000820467 	 0.00170856
700 	 2560 	 0.956201 	 0.000820467 	 0.00170856
700 	 2565 	 0.956201 	 0.000820467 	 0.00170856
700 	 2570 	 0.956201 	 0.000820467 	 0.00170856
700 	 2575 	 0.956201 	 0.000820467 	 0.00170856
700 	 2580 	 0.956201 	 0.000820467 	 0.00170856
700 	 2585 	 0.956201 	 0.000820467 	 0.00170856
700 	 2590 	 0.956201 	 0.000820467 	 0.00170856
700 	 2595 	 0.956201 	 0.000820467 	 0.00170856
700 	 2600 	 0.956201 	 0.000820467 	 0.00170856
700 	 2605 	 0.956201 	 0.000820467 	 0.00170856
700 	 2610 	 0.956201 	 0.000820467 	 0.00170856
700 	 2615 	 0.956201 	 0.000820467 	 0.00170856
700 	 2620 	 0.956201 	 0.000820467 	 0.00170856
700 	 2625 	 0.956201 	 0.000820467 	 0.00170856
700 	 2630 	 0.956201 	 0.000820467 	 0.00170856
700 	 2635 	 0.956201 	 0.000820467 	 0.00170856
700 	 2640 	 0.956201 	 0.000820467 	 0.00170856
700 	 2645 	 0.956201 	 0.000820467 	 0.00170856
700 	 2650 	 0.956201 	 0.000820467 	 0.00170856
700 	 2655 	 0.956201 	 0.000820467 	 0.00170856
700 	 2660 	 0.956201 	 0.000820467 	 0.00170856
700 	 2665 	 0.956201 	 0.000820467 	 0.00170856
700 	 2670 	 0.956201 	 0.000820467 	 0.00170856
700 	 2675 	 0.956201 	 0.000820467 	 0.00170856
700 	 2680 	 0.956201 	 0.000820467 	 0.00170856
700 	 2685 	 0.956201 	 0.000820467 	 0.00170856
700 	 2690 	 0.956201 	 0.000820467 	 0.00170856
700 	 2695 	 0.956201 	 0.000820467 	 0.00170856
700 	 2700 	 0.956201 	 0.000820467 	 0.00170856
700 	 2705 	 0.956201 	 0.000820467 	 0.00170856
700 	 2710 	 0.956201 	 0.000820467 	 0.00170856
700 	 2715 	 0.956201 	 0.000820467 	 0.00170856
700 	 2720 	 0.956201 	 0.000820467 	 0.00170856
700 	 2725 	 0.956201 	 0.000820467 	 0.00170856
700 	 2730 	 0.956201 	 0.000820467 	 0.00170856
700 	 2735 	 0.956201 	 0.000820467 	 0.00170856
700 	 2740 	 0.956201 	 0.000820467 	 0.00170856
700 	 2745 	 0.956201 	 0.000820467 	 0.00170856
700 	 2750 	 0.956201 	 0.000820467 	 0.00170856
700 	 2755 	 0.956201 	 0.000820467 	 0.00170856
700 	 2760 	 0.956201 	 0.000820467 	 0.00170856
700 	 2765 	 0.956201 	 0.000820467 	 0.00170856
700 	 2770 	 0.956201 	 0.000820467 	 0.00170856
700 	 2775 	 0.956201 	 0.000820467 	 0.00170856
700 	 2780 	 0.956201 	 0.000820467 	 0.00170856
700 	 2785 	 0.956201 	 0.000820467 	 0.00170856
700 	 2790 	 0.956201 	 0.000820467 	 0.00170856
700 	 2795 	 0.956201 	 0.000820467 	 0.00170856
700 	 2800 	 0.956201 	 0.000820467 	 0.00170856
700 	 2805 	 0.956201 	 0.000820467 	 0.00170856
700 	 2810 	 0.956201 	 0.000820467 	 0.00170856
700 	 2815 	 0.956201 	 0.000820467 	 0.00170856
700 	 2820 	 0.956201 	 0.000820467 	 0.00170856
700 	 2825 	 0.956201 	 0.000820467 	 0.00170856
700 	 2830 	 0.956201 	 0.000820467 	 0.00170856
700 	 2835 	 0.956201 	 0.000820467 	 0.00170856
700 	 2840 	 0.956201 	 0.000820467 	 0.00170856
700 	 2845 	 0.956201 	 0.000820467 	 0.00170856
700 	 2850 	 0.956201 	 0.000820467 	 0.00170856
700 	 2855 	 0.956201 	 0.000820467 	 0.00170856
700 	 2860 	 0.956201 	 0.000820467 	 0.00170856
700 	 2865 	 0.956201 	 0.000820467 	 0.00170856
700 	 2870 	 0.956201 	 0.000820467 	 0.00170856
700 	 2875 	 0.956201 	 0.000820467 	 0.00170856
700 	 2880 	 0.956201 	 0.000820467 	 0.00170856
700 	 2885 	 0.956201 	 0.000820467 	 0.00170856
700 	 2890 	 0.956201 	 0.000820467 	 0.00170856
700 	 2895 	 0.956201 	 0.000820467 	 0.00170856
700 	 2900 	 0.956201 	 0.000820467 	 0.00170856
700 	 2905 	 0.956201 	 0.000820467 	 0.00170856
700 	 2910 	 0.956201 	 0.000820467 	 0.00170856
700 	 2915 	 0.956201 	 0.000820467 	 0.00170856
700 	 2920 	 0.956201 	 0.000820467 	 0.00170856
700 	 2925 	 0.956201 	 0.000820467 	 0.00170856
700 	 2930 	 0.956201 	 0.000820467 	 0.00170856
700 	 2935 	 0.956201 	 0.000820467 	 0.00170856
700 	 2940 	 0.956201 	 0.000820467 	 0.00170856
700 	 2945 	 0.956201 	 0.000820467 	 0.00170856
700 	 2950 	 0.956201 	 0.000820467 	 0.00170856
700 	 2955 	 0.956201 	 0.000820467 	 0.00170856
700 	 2960 	 0.956201 	 0.000820467 	 0.00170856
700 	 2965 	 0.956201 	 0.000820467 	 0.00170856
700 	 2970 	 0.956201 	 0.000820467 	 0.00170856
700 	 2975 	 0.956201 	 0.000820467 	 0.00170856
700 	 2980 	 0.956201 	 0.000820467 	 0.00170856
700 	 2985 	 0.956201 	 0.000820467 	 0.00170856
700 	 2990 	 0.956201 	 0.000820467 	 0.00170856
700 	 2995 	 0.956201 	 0.000820467 	 0.00170856
700 	 3000 	 0.956201 	 0.000820467 	 0.00170856
700 	 3005 	 0.956201 	 0.000820467 	 0.00170856
700 	 3010 	 0.956201 	 0.000820467 	 0.00170856
700 	 3015 	 0.956201 	 0.000820467 	 0.00170856
700 	 3020 	 0.956201 	 0.000820467 	 0.00170856
700 	 3025 	 0.956201 	 0.000820467 	 0.00170856
700 	 3030 	 0.956201 	 0.000820467 	 0.00170856
700 	 3035 	 0.956201 	 0.000820467 	 0.00170856
700 	 3040 	 0.956201 	 0.000820467 	 0.00170856
700 	 3045 	 0.956201 	 0.000820467 	 0.00170856
700 	 3050 	 0.956201 	 0.000820467 	 0.00170856
700 	 3055 	 0.956201 	 0.000820467 	 0.00170856
700 	 3060 	 0.956201 	 0.000820467 	 0.00170856
700 	 3065 	 0.956201 	 0.000820467 	 0.00170856
700 	 3070 	 0.956201 	 0.000820467 	 0.00170856
700 	 3075 	 0.956201 	 0.000820467 	 0.00170856
700 	 3080 	 0.956201 	 0.000820467 	 0.00170856
700 	 3085 	 0.956201 	 0.000820467 	 0.00170856
700 	 3090 	 0.956201 	 0.000820467 	 0.00170856
700 	 3095 	 0.956201 	 0.000820467 	 0.00170856
700 	 3100 	 0.956201 	 0.000820467 	 0.00170856
700 	 3105 	 0.956201 	 0.000820467 	 0.00170856
700 	 3110 	 0.956201 	 0.000820467 	 0.00170856
700 	 3115 	 0.956201 	 0.000820467 	 0.00170856
700 	 3120 	 0.956201 	 0.000820467 	 0.00170856
700 	 3125 	 0.956201 	 0.000820467 	 0.00170856
700 	 3130 	 0.956201 	 0.000820467 	 0.00170856
700 	 3135 	 0.956201 	 0.000820467 	 0.00170856
700 	 3140 	 0.956201 	 0.000820467 	 0.00170856
700 	 3145 	 0.956201 	 0.000820467 	 0.00170856
700 	 3150 	 0.956201 	 0.000820467 	 0.00170856
700 	 3155 	 0.956201 	 0.000820467 	 0.00170856
700 	 3160 	 0.956201 	 0.000820467 	 0.00170856
700 	 3165 	 0.956201 	 0.000820467 	 0.00170856
700 	 3170 	 0.956201 	 0.000820467 	 0.00170856
700 	 3175 	 0.956201 	 0.000820467 	 0.00170856
700 	 3180 	 0.956201 	 0.000820467 	 0.00170856
700 	 3185 	 0.956201 	 0.000820467 	 0.00170856
700 	 3190 	 0.956201 	 0.000820467 	 0.00170856
700 	 3195 	 0.956201 	 0.000820467 	 0.00170856
700 	 3200 	 0.956201 	 0.000820467 	 0.00170856
700 	 3205 	 0.956201 	 0.000820467 	 0.00170856
700 	 3210 	 0.956201 	 0.000820467 	 0.00170856
700 	 3215 	 0.956201 	 0.000820467 	 0.00170856
700 	 3220 	 0.956201 	 0.000820467 	 0.00170856
700 	 3225 	 0.956201 	 0.000820467 	 0.00170856
700 	 3230 	 0.956201 	 0.000820467 	 0.00170856
700 	 3235 	 0.956201 	 0.000820467 	 0.00170856
700 	 3240 	 0.956201 	 0.000820467 	 0.00170856
700 	 3245 	 0.956201 	 0.000820467 	 0.00170856
700 	 3250 	 0.956201 	 0.000820467 	 0.00170856
700 	 3255 	 0.956201 	 0.000820467 	 0.00170856
700 	 3260 	 0.956201 	 0.000820467 	 0.00170856
700 	 3265 	 0.956201 	 0.000820467 	 0.00170856
700 	 3270 	 0.956201 	 0.000820467 	 0.00170856
700 	 3275 	 0.956201 	 0.000820467 	 0.00170856
700 	 3280 	 0.956201 	 0.000820467 	 0.00170856
700 	 3285 	 0.956201 	 0.000820467 	 0.00170856
700 	 3290 	 0.956201 	 0.000820467 	 0.00170856
700 	 3295 	 0.956201 	 0.000820467 	 0.00170856
700 	 3300 	 0.956201 	 0.000820467 	 0.00170856
700 	 3305 	 0.956201 	 0.000820467 	 0.00170856
700 	 3310 	 0.956201 	 0.000820467 	 0.00170856
700 	 3315 	 0.956201 	 0.000820467 	 0.00170856
700 	 3320 	 0.956201 	 0.000820467 	 0.00170856
700 	 3325 	 0.956201 	 0.000820467 	 0.00170856
700 	 3330 	 0.956201 	 0.000820467 	 0.00170856
700 	 3335 	 0.956201 	 0.000820467 	 0.00170856
700 	 3340 	 0.956201 	 0.000820467 	 0.00170856
700 	 3345 	 0.956201 	 0.000820467 	 0.00170856
700 	 3350 	 0.956201 	 0.000820467 	 0.00170856
700 	 3355 	 0.956201 	 0.000820467 	 0.00170856
700 	 3360 	 0.956201 	 0.000820467 	 0.00170856
700 	 3365 	 0.956201 	 0.000820467 	 0.00170856
700 	 3370 	 0.956201 	 0.000820467 	 0.00170856
700 	 3375 	 0.956201 	 0.000820467 	 0.00170856
700 	 3380 	 0.956201 	 0.000820467 	 0.00170856
700 	 3385 	 0.956201 	 0.000820467 	 0.00170856
700 	 3390 	 0.956201 	 0.000820467 	 0.00170856
700 	 3395 	 0.956201 	 0.000820467 	 0.00170856
700 	 3400 	 0.956201 	 0.000820467 	 0.00170856
700 	 3405 	 0.956201 	 0.000820467 	 0.00170856
700 	 3410 	 0.956201 	 0.000820467 	 0.00170856
700 	 3415 	 0.956201 	 0.000820467 	 0.00170856
700 	 3420 	 0.956201 	 0.000820467 	 0.00170856
700 	 3425 	 0.956201 	 0.000820467 	 0.00170856
700 	 3430 	 0.956201 	 0.000820467 	 0.00170856
700 	 3435 	 0.956201 	 0.000820467 	 0.00170856
700 	 3440 	 0.956201 	 0.000820467 	 0.00170856
700 	 3445 	 0.956201 	 0.000820467 	 0.00170856
700 	 3450 	 0.956201 	 0.000820467 	 0.00170856
700 	 3455 	 0.956201 	 0.000820467 	 0.00170856
700 	 3460 	 0.956201 	 0.000820467 	 0.00170856
700 	 3465 	 0.956201 	 0.000820467 	 0.00170856
700 	 3470 	 0.956201 	 0.000820467 	 0.00170856
700 	 3475 	 0.956201 	 0.000820467 	 0.00170856
700 	 3480 	 0.956201 	 0.000820467 	 0.00170856
700 	 3485 	 0.956201 	 0.000820467 	 0.00170856
700 	 3490 	 0.956201 	 0.000820467 	 0.00170856
700 	 3495 	 0.956201 	 0.000820467 	 0.00170856
700 	 3500 	 0.956201 	 0.000820467 	 0.00170856
700 	 3505 	 0.956201 	 0.000820467 	 0.00170856
700 	 3510 	 0.956201 	 0.000820467 	 0.00170856
700 	 3515 	 0.956201 	 0.000820467 	 0.00170856
700 	 3520 	 0.956201 	 0.000820467 	 0.00170856
700 	 3525 	 0.956201 	 0.000820467 	 0.00170856
700 	 3530 	 0.956201 	 0.000820467 	 0.00170856
700 	 3535 	 0.956201 	 0.000820467 	 0.00170856
700 	 3540 	 0.956201 	 0.000820467 	 0.00170856
700 	 3545 	 0.956201 	 0.000820467 	 0.00170856
700 	 3550 	 0.956201 	 0.000820467 	 0.00170856
700 	 3555 	 0.956201 	 0.000820467 	 0.00170856
700 	 3560 	 0.956201 	 0.000820467 	 0.00170856
700 	 3565 	 0.956201 	 0.000820467 	 0.00170856
700 	 3570 	 0.956201 	 0.000820467 	 0.00170856
700 	 3575 	 0.956201 	 0.000820467 	 0.00170856
700 	 3580 	 0.956201 	 0.000820467 	 0.00170856
700 	 3585 	 0.956201 	 0.000820467 	 0.00170856
700 	 3590 	 0.956201 	 0.000820467 	 0.00170856
700 	 3595 	 0.956201 	 0.000820467 	 0.00170856
700 	 3600 	 0.956201 	 0.000820467 	 0.00170856
700 	 3605 	 0.956201 	 0.000820467 	 0.00170856
700 	 3610 	 0.956201 	 0.000820467 	 0.00170856
700 	 3615 	 0.956201 	 0.000820467 	 0.00170856
700 	 3620 	 0.956201 	 0.000820467 	 0.00170856
700 	 3625 	 0.956201 	 0.000820467 	 0.00170856
700 	 3630 	 0.956201 	 0.000820467 	 0.00170856
700 	 3635 	 0.956201 	 0.000820467 	 0.00170856
700 	 3640 	 0.956201 	 0.000820467 	 0.00170856
700 	 3645 	 0.956201 	 0.000820467 	 0.00170856
700 	 3650 	 0.956201 	 0.000820467 	 0.00170856
700 	 3655 	 0.956201 	 0.000820467 	 0.00170856
700 	 3660 	 0.956201 	 0.000820467 	 0.00170856
700 	 3665 	 0.956201 	 0.000820467 	 0.00170856
700 	 3670 	 0.956201 	 0.000820467 	 0.00170856
700 	 3675 	 0.956201 	 0.000820467 	 0.00170856
700 	 3680 	 0.956201 	 0.000820467 	 0.00170856
700 	 3685 	 0.956201 	 0.000820467 	 0.00170856
700 	 3690 	 0.956201 	 0.000820467 	 0.00170856
700 	 3695 	 0.956201 	 0.000820467 	 0.00170856
700 	 3700 	 0.956201 	 0.000820467 	 0.00170856
700 	 3705 	 0.956201 	 0.000820467 	 0.00170856
700 	 3710 	 0.956201 	 0.000820467 	 0.00170856
700 	 3715 	 0.956201 	 0.000820467 	 0.00170856
700 	 3720 	 0.956201 	 0.000820467 	 0.00170856
700 	 3725 	 0.956201 	 0.000820467 	 0.00170856
700 	 3730 	 0.956201 	 0.000820467 	 0.00170856
700 	 3735 	 0.956201 	 0.000820467 	 0.00170856
700 	 3740 	 0.956201 	 0.000820467 	 0.00170856
700 	 3745 	 0.956201 	 0.000820467 	 0.00170856
700 	 3750 	 0.956201 	 0.000820467 	 0.00170856
700 	 3755 	 0.956201 	 0.000820467 	 0.00170856
700 	 3760 	 0.956201 	 0.000820467 	 0.00170856
700 	 3765 	 0.956201 	 0.000820467 	 0.00170856
700 	 3770 	 0.956201 	 0.000820467 	 0.00170856
700 	 3775 	 0.956201 	 0.000820467 	 0.00170856
700 	 3780 	 0.956201 	 0.000820467 	 0.00170856
700 	 3785 	 0.956201 	 0.000820467 	 0.00170856
700 	 3790 	 0.956201 	 0.000820467 	 0.00170856
700 	 3795 	 0.956201 	 0.000820467 	 0.00170856
700 	 3800 	 0.956201 	 0.000820467 	 0.00170856
700 	 3805 	 0.956201 	 0.000820467 	 0.00170856
700 	 3810 	 0.956201 	 0.000820467 	 0.00170856
700 	 3815 	 0.956201 	 0.000820467 	 0.00170856
700 	 3820 	 0.956201 	 0.000820467 	 0.00170856
700 	 3825 	 0.956201 	 0.000820467 	 0.00170856
700 	 3830 	 0.956201 	 0.000820467 	 0.00170856
700 	 3835 	 0.956201 	 0.000820467 	 0.00170856
700 	 3840 	 0.956201 	 0.000820467 	 0.00170856
700 	 3845 	 0.956201 	 0.000820467 	 0.00170856
700 	 3850 	 0.956201 	 0.000820467 	 0.00170856
700 	 3855 	 0.956201 	 0.000820467 	 0.00170856
700 	 3860 	 0.956201 	 0.000820467 	 0.00170856
700 	 3865 	 0.956201 	 0.000820467 	 0.00170856
700 	 3870 	 0.956201 	 0.000820467 	 0.00170856
700 	 3875 	 0.956201 	 0.000820467 	 0.00170856
700 	 3880 	 0.956201 	 0.000820467 	 0.00170856
700 	 3885 	 0.956201 	 0.000820467 	 0.00170856
700 	 3890 	 0.956201 	 0.000820467 	 0.00170856
700 	 3895 	 0.956201 	 0.000820467 	 0.00170856
700 	 3900 	 0.956201 	 0.000820467 	 0.00170856
700 	 3905 	 0.956201 	 0.000820467 	 0.00170856
700 	 3910 	 0.956201 	 0.000820467 	 0.00170856
700 	 3915 	 0.956201 	 0.000820467 	 0.00170856
700 	 3920 	 0.956201 	 0.000820467 	 0.00170856
700 	 3925 	 0.956201 	 0.000820467 	 0.00170856
700 	 3930 	 0.956201 	 0.000820467 	 0.00170856
700 	 3935 	 0.956201 	 0.000820467 	 0.00170856
700 	 3940 	 0.956201 	 0.000820467 	 0.00170856
700 	 3945 	 0.956201 	 0.000820467 	 0.00170856
700 	 3950 	 0.956201 	 0.000820467 	 0.00170856
700 	 3955 	 0.956201 	 0.000820467 	 0.00170856
700 	 3960 	 0.956201 	 0.000820467 	 0.00170856
700 	 3965 	 0.956201 	 0.000820467 	 0.00170856
700 	 3970 	 0.956201 	 0.000820467 	 0.00170856
700 	 3975 	 0.956201 	 0.000820467 	 0.00170856
700 	 3980 	 0.956201 	 0.000820467 	 0.00170856
700 	 3985 	 0.956201 	 0.000820467 	 0.00170856
700 	 3990 	 0.956201 	 0.000820467 	 0.00170856
700 	 3995 	 0.956201 	 0.000820467 	 0.00170856
700 	 4000 	 0.956201 	 0.000820467 	 0.00170856
700 	 4005 	 0.956201 	 0.000820467 	 0.00170856
700 	 4010 	 0.956201 	 0.000820467 	 0.00170856
700 	 4015 	 0.956201 	 0.000820467 	 0.00170856
700 	 4020 	 0.956201 	 0.000820467 	 0.00170856
700 	 4025 	 0.956201 	 0.000820467 	 0.00170856
700 	 4030 	 0.956201 	 0.000820467 	 0.00170856
700 	 4035 	 0.956201 	 0.000820467 	 0.00170856
700 	 4040 	 0.956201 	 0.000820467 	 0.00170856
700 	 4045 	 0.956201 	 0.000820467 	 0.00170856
700 	 4050 	 0.956201 	 0.000820467 	 0.00170856
700 	 4055 	 0.956201 	 0.000820467 	 0.00170856
700 	 4060 	 0.956201 	 0.000820467 	 0.00170856
700 	 4065 	 0.956201 	 0.000820467 	 0.00170856
700 	 4070 	 0.956201 	 0.000820467 	 0.00170856
700 	 4075 	 0.956201 	 0.000820467 	 0.00170856
700 	 4080 	 0.956201 	 0.000820467 	 0.00170856
700 	 4085 	 0.956201 	 0.000820467 	 0.00170856
700 	 4090 	 0.956201 	 0.000820467 	 0.00170856
700 	 4095 	 0.956201 	 0.000820467 	 0.00170856
700 	 4100 	 0.956201 	 0.000820467 	 0.00170856
700 	 4105 	 0.956201 	 0.000820467 	 0.00170856
700 	 4110 	 0.956201 	 0.000820467 	 0.00170856
700 	 4115 	 0.956201 	 0.000820467 	 0.00170856
700 	 4120 	 0.956201 	 0.000820467 	 0.00170856
700 	 4125 	 0.956201 	 0.000820467 	 0.00170856
700 	 4130 	 0.956201 	 0.000820467 	 0.00170856
700 	 4135 	 0.956201 	 0.000820467 	 0.00170856
700 	 4140 	 0.956201 	 0.000820467 	 0.00170856
700 	 4145 	 0.956201 	 0.000820467 	 0.00170856
700 	 4150 	 0.956201 	 0.000820467 	 0.00170856
700 	 4155 	 0.956201 	 0.000820467 	 0.00170856
700 	 4160 	 0.956201 	 0.000820467 	 0.00170856
700 	 4165 	 0.956201 	 0.000820467 	 0.00170856
700 	 4170 	 0.956201 	 0.000820467 	 0.00170856
700 	 4175 	 0.956201 	 0.000820467 	 0.00170856
700 	 4180 	 0.956201 	 0.000820467 	 0.00170856
700 	 4185 	 0.956201 	 0.000820467 	 0.00170856
700 	 4190 	 0.956201 	 0.000820467 	 0.00170856
700 	 4195 	 0.956201 	 0.000820467 	 0.00170856
700 	 4200 	 0.956201 	 0.000820467 	 0.00170856
700 	 4205 	 0.956201 	 0.000820467 	 0.00170856
700 	 4210 	 0.956201 	 0.000820467 	 0.00170856
700 	 4215 	 0.956201 	 0.000820467 	 0.00170856
700 	 4220 	 0.956201 	 0.000820467 	 0.00170856
700 	 4225 	 0.956201 	 0.000820467 	 0.00170856
700 	 4230 	 0.956201 	 0.000820467 	 0.00170856
700 	 4235 	 0.956201 	 0.000820467 	 0.00170856
700 	 4240 	 0.956201 	 0.000820467 	 0.00170856
700 	 4245 	 0.956201 	 0.000820467 	 0.00170856
700 	 4250 	 0.956201 	 0.000820467 	 0.00170856
700 	 4255 	 0.956201 	 0.000820467 	 0.00170856
700 	 4260 	 0.956201 	 0.000820467 	 0.00170856
700 	 4265 	 0.956201 	 0.000820467 	 0.00170856
700 	 4270 	 0.956201 	 0.000820467 	 0.00170856
700 	 4275 	 0.956201 	 0.000820467 	 0.00170856
700 	 4280 	 0.956201 	 0.000820467 	 0.00170856
700 	 4285 	 0.956201 	 0.000820467 	 0.00170856
700 	 4290 	 0.956201 	 0.000820467 	 0.00170856
700 	 4295 	 0.956201 	 0.000820467 	 0.00170856
700 	 4300 	 0.956201 	 0.000820467 	 0.00170856
700 	 4305 	 0.956201 	 0.000820467 	 0.00170856
700 	 4310 	 0.956201 	 0.000820467 	 0.00170856
700 	 4315 	 0.956201 	 0.000820467 	 0.00170856
700 	 4320 	 0.956201 	 0.000820467 	 0.00170856
700 	 4325 	 0.956201 	 0.000820467 	 0.00170856
700 	 4330 	 0.956201 	 0.000820467 	 0.00170856
700 	 4335 	 0.956201 	 0.000820467 	 0.00170856
700 	 4340 	 0.956201 	 0.000820467 	 0.00170856
700 	 4345 	 0.956201 	 0.000820467 	 0.00170856
700 	 4350 	 0.956201 	 0.000820467 	 0.00170856
700 	 4355 	 0.956201 	 0.000820467 	 0.00170856
700 	 4360 	 0.956201 	 0.000820467 	 0.00170856
700 	 4365 	 0.956201 	 0.000820467 	 0.00170856
700 	 4370 	 0.956201 	 0.000820467 	 0.00170856
700 	 4375 	 0.956201 	 0.000820467 	 0.00170856
700 	 4380 	 0.956201 	 0.000820467 	 0.00170856
700 	 4385 	 0.956201 	 0.000820467 	 0.00170856
700 	 4390 	 0.956201 	 0.000820467 	 0.00170856
700 	 4395 	 0.956201 	 0.000820467 	 0.00170856
700 	 4400 	 0.956201 	 0.000820467 	 0.00170856
700 	 4405 	 0.956201 	 0.000820467 	 0.00170856
700 	 4410 	 0.956201 	 0.000820467 	 0.00170856
700 	 4415 	 0.956201 	 0.000820467 	 0.00170856
700 	 4420 	 0.956201 	 0.000820467 	 0.00170856
700 	 4425 	 0.956201 	 0.000820467 	 0.00170856
700 	 4430 	 0.956201 	 0.000820467 	 0.00170856
700 	 4435 	 0.956201 	 0.000820467 	 0.00170856
700 	 4440 	 0.956201 	 0.000820467 	 0.00170856
700 	 4445 	 0.956201 	 0.000820467 	 0.00170856
700 	 4450 	 0.956201 	 0.000820467 	 0.00170856
700 	 4455 	 0.956201 	 0.000820467 	 0.00170856
700 	 4460 	 0.956201 	 0.000820467 	 0.00170856
700 	 4465 	 0.956201 	 0.000820467 	 0.00170856
700 	 4470 	 0.956201 	 0.000820467 	 0.00170856
700 	 4475 	 0.956201 	 0.000820467 	 0.00170856
700 	 4480 	 0.956201 	 0.000820467 	 0.00170856
700 	 4485 	 0.956201 	 0.000820467 	 0.00170856
700 	 4490 	 0.956201 	 0.000820467 	 0.00170856
700 	 4495 	 0.956201 	 0.000820467 	 0.00170856
700 	 4500 	 0.956201 	 0.000820467 	 0.00170856
700 	 4505 	 0.956201 	 0.000820467 	 0.00170856
700 	 4510 	 0.956201 	 0.000820467 	 0.00170856
700 	 4515 	 0.956201 	 0.000820467 	 0.00170856
700 	 4520 	 0.956201 	 0.000820467 	 0.00170856
700 	 4525 	 0.956201 	 0.000820467 	 0.00170856
700 	 4530 	 0.956201 	 0.000820467 	 0.00170856
700 	 4535 	 0.956201 	 0.000820467 	 0.00170856
700 	 4540 	 0.956201 	 0.000820467 	 0.00170856
700 	 4545 	 0.956201 	 0.000820467 	 0.00170856
700 	 4550 	 0.956201 	 0.000820467 	 0.00170856
700 	 4555 	 0.956201 	 0.000820467 	 0.00170856
700 	 4560 	 0.956201 	 0.000820467 	 0.00170856
700 	 4565 	 0.956201 	 0.000820467 	 0.00170856
700 	 4570 	 0.956201 	 0.000820467 	 0.00170856
700 	 4575 	 0.956201 	 0.000820467 	 0.00170856
700 	 4580 	 0.956201 	 0.000820467 	 0.00170856
700 	 4585 	 0.956201 	 0.000820467 	 0.00170856
700 	 4590 	 0.956201 	 0.000820467 	 0.00170856
700 	 4595 	 0.956201 	 0.000820467 	 0.00170856
700 	 4600 	 0.956201 	 0.000820467 	 0.00170856
700 	 4605 	 0.956201 	 0.000820467 	 0.00170856
700 	 4610 	 0.956201 	 0.000820467 	 0.00170856
700 	 4615 	 0.956201 	 0.000820467 	 0.00170856
700 	 4620 	 0.956201 	 0.000820467 	 0.00170856
700 	 4625 	 0.956201 	 0.000820467 	 0.00170856
700 	 4630 	 0.956201 	 0.000820467 	 0.00170856
700 	 4635 	 0.956201 	 0.000820467 	 0.00170856
700 	 4640 	 0.956201 	 0.000820467 	 0.00170856
700 	 4645 	 0.956201 	 0.000820467 	 0.00170856
700 	 4650 	 0.956201 	 0.000820467 	 0.00170856
700 	 4655 	 0.956201 	 0.000820467 	 0.00170856
700 	 4660 	 0.956201 	 0.000820467 	 0.00170856
700 	 4665 	 0.956201 	 0.000820467 	 0.00170856
700 	 4670 	 0.956201 	 0.000820467 	 0.00170856
700 	 4675 	 0.956201 	 0.000820467 	 0.00170856
700 	 4680 	 0.956201 	 0.000820467 	 0.00170856
700 	 4685 	 0.956201 	 0.000820467 	 0.00170856
700 	 4690 	 0.956201 	 0.000820467 	 0.00170856
700 	 4695 	 0.956201 	 0.000820467 	 0.00170856
700 	 4700 	 0.956201 	 0.000820467 	 0.00170856
700 	 4705 	 0.956201 	 0.000820467 	 0.00170856
700 	 4710 	 0.956201 	 0.000820467 	 0.00170856
700 	 4715 	 0.956201 	 0.000820467 	 0.00170856
700 	 4720 	 0.956201 	 0.000820467 	 0.00170856
700 	 4725 	 0.956201 	 0.000820467 	 0.00170856
700 	 4730 	 0.956201 	 0.000820467 	 0.00170856
700 	 4735 	 0.956201 	 0.000820467 	 0.00170856
700 	 4740 	 0.956201 	 0.000820467 	 0.00170856
700 	 4745 	 0.956201 	 0.000820467 	 0.00170856
700 	 4750 	 0.956201 	 0.000820467 	 0.00170856
700 	 4755 	 0.956201 	 0.000820467 	 0.00170856
700 	 4760 	 0.956201 	 0.000820467 	 0.00170856
700 	 4765 	 0.956201 	 0.000820467 	 0.00170856
700 	 4770 	 0.956201 	 0.000820467 	 0.00170856
700 	 4775 	 0.956201 	 0.000820467 	 0.00170856
700 	 4780 	 0.956201 	 0.000820467 	 0.00170856
700 	 4785 	 0.956201 	 0.000820467 	 0.00170856
700 	 4790 	 0.956201 	 0.000820467 	 0.00170856
700 	 4795 	 0.956201 	 0.000820467 	 0.00170856
700 	 4800 	 0.956201 	 0.000820467 	 0.00170856
700 	 4805 	 0.956201 	 0.000820467 	 0.00170856
700 	 4810 	 0.956201 	 0.000820467 	 0.00170856
700 	 4815 	 0.956201 	 0.000820467 	 0.00170856
700 	 4820 	 0.956201 	 0.000820467 	 0.00170856
700 	 4825 	 0.956201 	 0.000820467 	 0.00170856
700 	 4830 	 0.956201 	 0.000820467 	 0.00170856
700 	 4835 	 0.956201 	 0.000820467 	 0.00170856
700 	 4840 	 0.956201 	 0.000820467 	 0.00170856
700 	 4845 	 0.956201 	 0.000820467 	 0.00170856
700 	 4850 	 0.956201 	 0.000820467 	 0.00170856
700 	 4855 	 0.956201 	 0.000820467 	 0.00170856
700 	 4860 	 0.956201 	 0.000820467 	 0.00170856
700 	 4865 	 0.956201 	 0.000820467 	 0.00170856
700 	 4870 	 0.956201 	 0.000820467 	 0.00170856
700 	 4875 	 0.956201 	 0.000820467 	 0.00170856
700 	 4880 	 0.956201 	 0.000820467 	 0.00170856
700 	 4885 	 0.956201 	 0.000820467 	 0.00170856
700 	 4890 	 0.956201 	 0.000820467 	 0.00170856
700 	 4895 	 0.956201 	 0.000820467 	 0.00170856
700 	 4900 	 0.956201 	 0.000820467 	 0.00170856
700 	 4905 	 0.956201 	 0.000820467 	 0.00170856
700 	 4910 	 0.956201 	 0.000820467 	 0.00170856
700 	 4915 	 0.956201 	 0.000820467 	 0.00170856
700 	 4920 	 0.956201 	 0.000820467 	 0.00170856
700 	 4925 	 0.956201 	 0.000820467 	 0.00170856
700 	 4930 	 0.956201 	 0.000820467 	 0.00170856
700 	 4935 	 0.956201 	 0.000820467 	 0.00170856
700 	 4940 	 0.956201 	 0.000820467 	 0.00170856
700 	 4945 	 0.956201 	 0.000820467 	 0.00170856
700 	 4950 	 0.956201 	 0.000820467 	 0.00170856
700 	 4955 	 0.956201 	 0.000820467 	 0.00170856
700 	 4960 	 0.956201 	 0.000820467 	 0.00170856
700 	 4965 	 0.956201 	 0.000820467 	 0.00170856
700 	 4970 	 0.956201 	 0.000820467 	 0.00170856
700 	 4975 	 0.956201 	 0.000820467 	 0.00170856
700 	 4980 	 0.956201 	 0.000820467 	 0.00170856
700 	 4985 	 0.956201 	 0.000820467 	 0.00170856
700 	 4990 	 0.956201 	 0.000820467 	 0.00170856
700 	 4995 	 0.956201 	 0.000820467 	 0.00170856
700 	 5000 	 0.956201 	 0.000820467 	 0.00170856
