4670 	 5 	 0.877081 	 0.00533454	0.0111448
4670 	 10 	 0.879695 	 0.004316	0.00901691
4670 	 15 	 0.883363 	 0.00322397	0.00673546
4670 	 20 	 0.88821 	 0.00217625	0.00454657
4670 	 25 	 0.894131 	 0.0013238	0.00276566
4670 	 30 	 0.90071 	 0.00112626	0.00235296
4670 	 35 	 0.913134 	 0.00188573	0.00393964
4670 	 40 	 0.92214 	 0.00105324	0.00220042
4670 	 45 	 0.929264 	 0.000770481	0.00160967
4670 	 50 	 0.934716 	 0.000770739	0.00161021
4670 	 55 	 0.938774 	 0.000777519	0.00162438
4670 	 60 	 0.941755 	 0.000764221	0.0015966
4670 	 65 	 0.943946 	 0.000757291	0.00158212
4670 	 70 	 0.945577 	 0.000760969	0.0015898
4670 	 75 	 0.946816 	 0.000765825	0.00159995
4670 	 80 	 0.947783 	 0.000764233	0.00159662
4670 	 85 	 0.948559 	 0.000754149	0.00157556
4670 	 90 	 0.949198 	 0.000737123	0.00153998
4670 	 95 	 0.949737 	 0.000715956	0.00149576
4670 	 100 	 0.950202 	 0.00069336	0.00144856
4670 	 105 	 0.95061 	 0.000671421	0.00140272
4670 	 110 	 0.950973 	 0.000651499	0.0013611
4670 	 115 	 0.9513 	 0.000634327	0.00132522
4670 	 120 	 0.951597 	 0.000620166	0.00129564
4670 	 125 	 0.951869 	 0.000608962	0.00127223
4670 	 130 	 0.95212 	 0.000600472	0.0012545
4670 	 135 	 0.952352 	 0.000594363	0.00124173
4670 	 140 	 0.952568 	 0.000590274	0.00123319
4670 	 145 	 0.952769 	 0.000587858	0.00122814
4670 	 150 	 0.952958 	 0.000586801	0.00122593
4670 	 155 	 0.953134 	 0.000586831	0.001226
4670 	 160 	 0.953301 	 0.00058772	0.00122786
4670 	 165 	 0.953458 	 0.000589281	0.00123112
4670 	 170 	 0.953606 	 0.000591361	0.00123546
4670 	 175 	 0.953746 	 0.000593839	0.00124064
4670 	 180 	 0.953879 	 0.000596618	0.00124644
4670 	 185 	 0.954006 	 0.000599623	0.00125272
4670 	 190 	 0.954126 	 0.000602794	0.00125935
4670 	 195 	 0.95424 	 0.000606084	0.00126622
4670 	 200 	 0.95435 	 0.000609457	0.00127327
4670 	 205 	 0.954454 	 0.000612885	0.00128043
4670 	 210 	 0.954554 	 0.000616347	0.00128766
4670 	 215 	 0.954649 	 0.000619826	0.00129493
4670 	 220 	 0.954741 	 0.000623309	0.00130221
4670 	 225 	 0.954829 	 0.000626786	0.00130947
4670 	 230 	 0.954913 	 0.000630252	0.00131671
4670 	 235 	 0.954994 	 0.0006337	0.00132391
4670 	 240 	 0.955072 	 0.000637126	0.00133107
4670 	 245 	 0.955147 	 0.000640528	0.00133818
4670 	 250 	 0.95522 	 0.000643905	0.00134523
4670 	 255 	 0.95529 	 0.000647254	0.00135223
4670 	 260 	 0.955357 	 0.000650575	0.00135917
4670 	 265 	 0.955422 	 0.000653868	0.00136605
4670 	 270 	 0.955485 	 0.000657133	0.00137287
4670 	 275 	 0.955546 	 0.000660369	0.00137963
4670 	 280 	 0.955605 	 0.000663578	0.00138634
4670 	 285 	 0.955662 	 0.00066676	0.00139298
4670 	 290 	 0.955717 	 0.000669915	0.00139957
4670 	 295 	 0.955771 	 0.000673044	0.00140611
4670 	 300 	 0.955823 	 0.000676147	0.00141259
4670 	 305 	 0.955873 	 0.000679225	0.00141903
4670 	 310 	 0.955922 	 0.000682279	0.0014254
4670 	 315 	 0.95597 	 0.000685308	0.00143173
4670 	 320 	 0.956016 	 0.000688315	0.00143801
4670 	 325 	 0.956061 	 0.000691298	0.00144425
4670 	 330 	 0.956105 	 0.000694259	0.00145043
4670 	 335 	 0.956147 	 0.000697198	0.00145657
4670 	 340 	 0.956189 	 0.000700116	0.00146267
4670 	 345 	 0.956229 	 0.000703013	0.00146872
4670 	 350 	 0.956269 	 0.00070589	0.00147473
4670 	 355 	 0.956307 	 0.000708746	0.0014807
4670 	 360 	 0.956345 	 0.000711582	0.00148663
4670 	 365 	 0.956381 	 0.000714399	0.00149251
4670 	 370 	 0.956417 	 0.000717197	0.00149836
4670 	 375 	 0.956452 	 0.000719976	0.00150416
4670 	 380 	 0.956486 	 0.000722737	0.00150993
4670 	 385 	 0.956519 	 0.000725479	0.00151566
4670 	 390 	 0.956551 	 0.000728204	0.00152135
4670 	 395 	 0.956583 	 0.00073091	0.001527
4670 	 400 	 0.956614 	 0.000733599	0.00153262
4670 	 405 	 0.956645 	 0.000736271	0.0015382
4670 	 410 	 0.956674 	 0.000738925	0.00154375
4670 	 415 	 0.956703 	 0.000741563	0.00154926
4670 	 420 	 0.956732 	 0.000744184	0.00155474
4670 	 425 	 0.95676 	 0.000746788	0.00156018
4670 	 430 	 0.956787 	 0.000749376	0.00156558
4670 	 435 	 0.956814 	 0.000751948	0.00157096
4670 	 440 	 0.95684 	 0.000754503	0.0015763
4670 	 445 	 0.956866 	 0.000757043	0.0015816
4670 	 450 	 0.956891 	 0.000759567	0.00158687
4670 	 455 	 0.956916 	 0.000762075	0.00159211
4670 	 460 	 0.95694 	 0.000764568	0.00159732
4670 	 465 	 0.956964 	 0.000767045	0.0016025
4670 	 470 	 0.956987 	 0.000769507	0.00160764
4670 	 475 	 0.95701 	 0.000771953	0.00161275
4670 	 480 	 0.957033 	 0.000774385	0.00161783
4670 	 485 	 0.957055 	 0.000776802	0.00162288
4670 	 490 	 0.957077 	 0.000779204	0.0016279
4670 	 495 	 0.957098 	 0.000781591	0.00163289
4670 	 500 	 0.957119 	 0.000783964	0.00163784
4670 	 505 	 0.957139 	 0.000786322	0.00164277
4670 	 510 	 0.95716 	 0.000788666	0.00164767
4670 	 515 	 0.95718 	 0.000790996	0.00165254
4670 	 520 	 0.957199 	 0.000793312	0.00165737
4670 	 525 	 0.957218 	 0.000795613	0.00166218
4670 	 530 	 0.957237 	 0.000797901	0.00166696
4670 	 535 	 0.957256 	 0.000800175	0.00167171
4670 	 540 	 0.957274 	 0.000802435	0.00167643
4670 	 545 	 0.957292 	 0.000804681	0.00168113
4670 	 550 	 0.95731 	 0.000806914	0.00168579
4670 	 555 	 0.957327 	 0.000809133	0.00169043
4670 	 560 	 0.957345 	 0.000811339	0.00169504
4670 	 565 	 0.957361 	 0.000813532	0.00169962
4670 	 570 	 0.957378 	 0.000815712	0.00170417
4670 	 575 	 0.957394 	 0.000817879	0.0017087
4670 	 580 	 0.957411 	 0.000820033	0.0017132
4670 	 585 	 0.957427 	 0.000822174	0.00171767
4670 	 590 	 0.957442 	 0.000824302	0.00172212
4670 	 595 	 0.957458 	 0.000826417	0.00172654
4670 	 600 	 0.957473 	 0.00082852	0.00173093
4670 	 605 	 0.957488 	 0.000830611	0.0017353
4670 	 610 	 0.957503 	 0.000832689	0.00173964
4670 	 615 	 0.957517 	 0.000834755	0.00174396
4670 	 620 	 0.957532 	 0.000836809	0.00174825
4670 	 625 	 0.957546 	 0.00083885	0.00175251
4670 	 630 	 0.95756 	 0.00084088	0.00175675
4670 	 635 	 0.957574 	 0.000842898	0.00176097
4670 	 640 	 0.957587 	 0.000844904	0.00176516
4670 	 645 	 0.957601 	 0.000846898	0.00176932
4670 	 650 	 0.957614 	 0.00084888	0.00177347
4670 	 655 	 0.957627 	 0.000850851	0.00177758
4670 	 660 	 0.95764 	 0.000852811	0.00178168
4670 	 665 	 0.957653 	 0.000854759	0.00178575
4670 	 670 	 0.957665 	 0.000856696	0.00178979
4670 	 675 	 0.957678 	 0.000858622	0.00179382
4670 	 680 	 0.95769 	 0.000860536	0.00179782
4670 	 685 	 0.957702 	 0.00086244	0.00180179
4670 	 690 	 0.957714 	 0.000864333	0.00180575
4670 	 695 	 0.957726 	 0.000866214	0.00180968
4670 	 700 	 0.957737 	 0.000868086	0.00181359
4670 	 705 	 0.957749 	 0.000869946	0.00181748
4670 	 710 	 0.95776 	 0.000871796	0.00182134
4670 	 715 	 0.957771 	 0.000873635	0.00182518
4670 	 720 	 0.957783 	 0.000875464	0.001829
4670 	 725 	 0.957793 	 0.000877282	0.0018328
4670 	 730 	 0.957804 	 0.000879091	0.00183658
4670 	 735 	 0.957815 	 0.000880889	0.00184034
4670 	 740 	 0.957826 	 0.000882677	0.00184407
4670 	 745 	 0.957836 	 0.000884455	0.00184779
4670 	 750 	 0.957846 	 0.000886223	0.00185148
4670 	 755 	 0.957857 	 0.000887981	0.00185515
4670 	 760 	 0.957867 	 0.000889729	0.00185881
4670 	 765 	 0.957877 	 0.000891468	0.00186244
4670 	 770 	 0.957887 	 0.000893197	0.00186605
4670 	 775 	 0.957896 	 0.000894916	0.00186964
4670 	 780 	 0.957906 	 0.000896626	0.00187322
4670 	 785 	 0.957916 	 0.000898327	0.00187677
4670 	 790 	 0.957925 	 0.000900018	0.0018803
4670 	 795 	 0.957934 	 0.0009017	0.00188382
4670 	 800 	 0.957944 	 0.000903373	0.00188731
4670 	 805 	 0.957953 	 0.000905036	0.00189079
4670 	 810 	 0.957962 	 0.000906691	0.00189424
4670 	 815 	 0.957971 	 0.000908337	0.00189768
4670 	 820 	 0.95798 	 0.000909974	0.0019011
4670 	 825 	 0.957988 	 0.000911602	0.0019045
4670 	 830 	 0.957997 	 0.000913221	0.00190789
4670 	 835 	 0.958006 	 0.000914832	0.00191125
4670 	 840 	 0.958014 	 0.000916434	0.0019146
4670 	 845 	 0.958023 	 0.000918027	0.00191793
4670 	 850 	 0.958031 	 0.000919612	0.00192124
4670 	 855 	 0.958039 	 0.000921188	0.00192453
4670 	 860 	 0.958047 	 0.000922757	0.00192781
4670 	 865 	 0.958055 	 0.000924317	0.00193107
4670 	 870 	 0.958063 	 0.000925868	0.00193431
4670 	 875 	 0.958071 	 0.000927412	0.00193753
4670 	 880 	 0.958079 	 0.000928947	0.00194074
4670 	 885 	 0.958087 	 0.000930475	0.00194393
4670 	 890 	 0.958095 	 0.000931994	0.00194711
4670 	 895 	 0.958102 	 0.000933506	0.00195026
4670 	 900 	 0.95811 	 0.00093501	0.00195341
4670 	 905 	 0.958117 	 0.000936506	0.00195653
4670 	 910 	 0.958125 	 0.000937994	0.00195964
4670 	 915 	 0.958132 	 0.000939475	0.00196273
4670 	 920 	 0.958139 	 0.000940948	0.00196581
4670 	 925 	 0.958146 	 0.000942414	0.00196887
4670 	 930 	 0.958154 	 0.000943872	0.00197192
4670 	 935 	 0.958161 	 0.000945322	0.00197495
4670 	 940 	 0.958168 	 0.000946766	0.00197797
4670 	 945 	 0.958175 	 0.000948202	0.00198097
4670 	 950 	 0.958181 	 0.00094963	0.00198395
4670 	 955 	 0.958188 	 0.000951052	0.00198692
4670 	 960 	 0.958195 	 0.000952467	0.00198988
4670 	 965 	 0.958202 	 0.000953874	0.00199282
4670 	 970 	 0.958208 	 0.000955274	0.00199574
4670 	 975 	 0.958215 	 0.000956668	0.00199865
4670 	 980 	 0.958221 	 0.000958054	0.00200155
4670 	 985 	 0.958228 	 0.000959434	0.00200443
4670 	 990 	 0.958234 	 0.000960807	0.0020073
4670 	 995 	 0.958241 	 0.000962173	0.00201015
4670 	 1000 	 0.958247 	 0.000963532	0.00201299
4670 	 1005 	 0.958253 	 0.000964885	0.00201582
4670 	 1010 	 0.958259 	 0.000966231	0.00201863
4670 	 1015 	 0.958265 	 0.000967571	0.00202143
4670 	 1020 	 0.958272 	 0.000968904	0.00202422
4670 	 1025 	 0.958278 	 0.000970231	0.00202699
4670 	 1030 	 0.958284 	 0.000971551	0.00202975
4670 	 1035 	 0.958289 	 0.000972865	0.00203249
4670 	 1040 	 0.958295 	 0.000974173	0.00203522
4670 	 1045 	 0.958301 	 0.000975474	0.00203794
4670 	 1050 	 0.958307 	 0.000976769	0.00204065
4670 	 1055 	 0.958313 	 0.000978058	0.00204334
4670 	 1060 	 0.958318 	 0.000979341	0.00204602
4670 	 1065 	 0.958324 	 0.000980618	0.00204869
4670 	 1070 	 0.95833 	 0.000981889	0.00205134
4670 	 1075 	 0.958335 	 0.000983154	0.00205399
4670 	 1080 	 0.958341 	 0.000984412	0.00205662
4670 	 1085 	 0.958346 	 0.000985665	0.00205923
4670 	 1090 	 0.958352 	 0.000986913	0.00206184
4670 	 1095 	 0.958357 	 0.000988154	0.00206443
4670 	 1100 	 0.958362 	 0.00098939	0.00206701
4670 	 1105 	 0.958368 	 0.000990619	0.00206958
4670 	 1110 	 0.958373 	 0.000991844	0.00207214
4670 	 1115 	 0.958378 	 0.000993062	0.00207469
4670 	 1120 	 0.958383 	 0.000994275	0.00207722
4670 	 1125 	 0.958389 	 0.000995482	0.00207974
4670 	 1130 	 0.958394 	 0.000996684	0.00208226
4670 	 1135 	 0.958399 	 0.000997881	0.00208475
4670 	 1140 	 0.958404 	 0.000999072	0.00208724
4670 	 1145 	 0.958409 	 0.00100026	0.00208972
4670 	 1150 	 0.958414 	 0.00100144	0.00209219
4670 	 1155 	 0.958419 	 0.00100261	0.00209464
4670 	 1160 	 0.958423 	 0.00100378	0.00209708
4670 	 1165 	 0.958428 	 0.00100495	0.00209952
4670 	 1170 	 0.958433 	 0.00100611	0.00210194
4670 	 1175 	 0.958438 	 0.00100726	0.00210435
4670 	 1180 	 0.958443 	 0.00100841	0.00210675
4670 	 1185 	 0.958447 	 0.00100955	0.00210914
4670 	 1190 	 0.958452 	 0.00101069	0.00211152
4670 	 1195 	 0.958457 	 0.00101182	0.00211389
4670 	 1200 	 0.958461 	 0.00101295	0.00211624
4670 	 1205 	 0.958466 	 0.00101408	0.00211859
4670 	 1210 	 0.95847 	 0.0010152	0.00212093
4670 	 1215 	 0.958475 	 0.00101631	0.00212326
4670 	 1220 	 0.958479 	 0.00101742	0.00212557
4670 	 1225 	 0.958484 	 0.00101852	0.00212788
4670 	 1230 	 0.958488 	 0.00101962	0.00213018
4670 	 1235 	 0.958493 	 0.00102072	0.00213247
4670 	 1240 	 0.958497 	 0.00102181	0.00213474
4670 	 1245 	 0.958501 	 0.00102289	0.00213701
4670 	 1250 	 0.958506 	 0.00102397	0.00213927
4670 	 1255 	 0.95851 	 0.00102505	0.00214152
4670 	 1260 	 0.958514 	 0.00102612	0.00214376
4670 	 1265 	 0.958518 	 0.00102719	0.00214599
4670 	 1270 	 0.958522 	 0.00102825	0.00214821
4670 	 1275 	 0.958527 	 0.00102931	0.00215042
4670 	 1280 	 0.958531 	 0.00103036	0.00215262
4670 	 1285 	 0.958535 	 0.00103141	0.00215481
4670 	 1290 	 0.958539 	 0.00103246	0.00215699
4670 	 1295 	 0.958543 	 0.0010335	0.00215917
4670 	 1300 	 0.958547 	 0.00103453	0.00216133
4670 	 1305 	 0.958551 	 0.00103557	0.00216349
4670 	 1310 	 0.958555 	 0.00103659	0.00216563
4670 	 1315 	 0.958559 	 0.00103762	0.00216777
4670 	 1320 	 0.958563 	 0.00103864	0.0021699
4670 	 1325 	 0.958567 	 0.00103965	0.00217202
4670 	 1330 	 0.958571 	 0.00104066	0.00217413
4670 	 1335 	 0.958574 	 0.00104167	0.00217623
4670 	 1340 	 0.958578 	 0.00104267	0.00217833
4670 	 1345 	 0.958582 	 0.00104367	0.00218041
4670 	 1350 	 0.958586 	 0.00104466	0.00218249
4670 	 1355 	 0.958589 	 0.00104565	0.00218456
4670 	 1360 	 0.958593 	 0.00104664	0.00218662
4670 	 1365 	 0.958597 	 0.00104762	0.00218867
4670 	 1370 	 0.958601 	 0.0010486	0.00219072
4670 	 1375 	 0.958604 	 0.00104957	0.00219275
4670 	 1380 	 0.958608 	 0.00105054	0.00219478
4670 	 1385 	 0.958611 	 0.00105151	0.0021968
4670 	 1390 	 0.958615 	 0.00105247	0.00219881
4670 	 1395 	 0.958619 	 0.00105343	0.00220081
4670 	 1400 	 0.958622 	 0.00105439	0.00220281
4670 	 1405 	 0.958626 	 0.00105534	0.0022048
4670 	 1410 	 0.958629 	 0.00105629	0.00220678
4670 	 1415 	 0.958633 	 0.00105723	0.00220875
4670 	 1420 	 0.958636 	 0.00105817	0.00221071
4670 	 1425 	 0.95864 	 0.00105911	0.00221267
4670 	 1430 	 0.958643 	 0.00106004	0.00221462
4670 	 1435 	 0.958646 	 0.00106097	0.00221656
4670 	 1440 	 0.95865 	 0.0010619	0.00221849
4670 	 1445 	 0.958653 	 0.00106282	0.00222042
4670 	 1450 	 0.958656 	 0.00106374	0.00222234
4670 	 1455 	 0.95866 	 0.00106465	0.00222425
4670 	 1460 	 0.958663 	 0.00106556	0.00222615
4670 	 1465 	 0.958666 	 0.00106647	0.00222805
4670 	 1470 	 0.95867 	 0.00106737	0.00222994
4670 	 1475 	 0.958673 	 0.00106828	0.00223182
4670 	 1480 	 0.958676 	 0.00106917	0.0022337
4670 	 1485 	 0.958679 	 0.00107007	0.00223557
4670 	 1490 	 0.958682 	 0.00107096	0.00223743
4670 	 1495 	 0.958686 	 0.00107185	0.00223928
4670 	 1500 	 0.958689 	 0.00107273	0.00224113
4670 	 1505 	 0.958692 	 0.00107361	0.00224297
4670 	 1510 	 0.958695 	 0.00107449	0.0022448
4670 	 1515 	 0.958698 	 0.00107536	0.00224663
4670 	 1520 	 0.958701 	 0.00107623	0.00224845
4670 	 1525 	 0.958704 	 0.0010771	0.00225026
4670 	 1530 	 0.958707 	 0.00107797	0.00225207
4670 	 1535 	 0.95871 	 0.00107883	0.00225387
4670 	 1540 	 0.958713 	 0.00107968	0.00225566
4670 	 1545 	 0.958716 	 0.00108054	0.00225744
4670 	 1550 	 0.958719 	 0.00108139	0.00225922
4670 	 1555 	 0.958722 	 0.00108224	0.002261
4670 	 1560 	 0.958725 	 0.00108309	0.00226276
4670 	 1565 	 0.958728 	 0.00108393	0.00226452
4670 	 1570 	 0.958731 	 0.00108477	0.00226628
4670 	 1575 	 0.958734 	 0.0010856	0.00226802
4670 	 1580 	 0.958737 	 0.00108644	0.00226977
4670 	 1585 	 0.95874 	 0.00108727	0.0022715
4670 	 1590 	 0.958742 	 0.00108809	0.00227323
4670 	 1595 	 0.958745 	 0.00108892	0.00227495
4670 	 1600 	 0.958748 	 0.00108974	0.00227667
4670 	 1605 	 0.958751 	 0.00109056	0.00227838
4670 	 1610 	 0.958754 	 0.00109137	0.00228008
4670 	 1615 	 0.958756 	 0.00109219	0.00228178
4670 	 1620 	 0.958759 	 0.001093	0.00228347
4670 	 1625 	 0.958762 	 0.0010938	0.00228515
4670 	 1630 	 0.958765 	 0.00109461	0.00228683
4670 	 1635 	 0.958767 	 0.00109541	0.00228851
4670 	 1640 	 0.95877 	 0.00109621	0.00229018
4670 	 1645 	 0.958773 	 0.001097	0.00229184
4670 	 1650 	 0.958776 	 0.0010978	0.00229349
4670 	 1655 	 0.958778 	 0.00109858	0.00229514
4670 	 1660 	 0.958781 	 0.00109937	0.00229679
4670 	 1665 	 0.958783 	 0.00110016	0.00229843
4670 	 1670 	 0.958786 	 0.00110094	0.00230006
4670 	 1675 	 0.958789 	 0.00110172	0.00230169
4670 	 1680 	 0.958791 	 0.00110249	0.00230331
4670 	 1685 	 0.958794 	 0.00110327	0.00230493
4670 	 1690 	 0.958796 	 0.00110404	0.00230654
4670 	 1695 	 0.958799 	 0.00110481	0.00230814
4670 	 1700 	 0.958802 	 0.00110557	0.00230974
4670 	 1705 	 0.958804 	 0.00110633	0.00231134
4670 	 1710 	 0.958807 	 0.0011071	0.00231292
4670 	 1715 	 0.958809 	 0.00110785	0.00231451
4670 	 1720 	 0.958812 	 0.00110861	0.00231608
4670 	 1725 	 0.958814 	 0.00110936	0.00231766
4670 	 1730 	 0.958817 	 0.00111011	0.00231922
4670 	 1735 	 0.958819 	 0.00111086	0.00232079
4670 	 1740 	 0.958821 	 0.0011116	0.00232234
4670 	 1745 	 0.958824 	 0.00111235	0.00232389
4670 	 1750 	 0.958826 	 0.00111309	0.00232544
4670 	 1755 	 0.958829 	 0.00111382	0.00232698
4670 	 1760 	 0.958831 	 0.00111456	0.00232852
4670 	 1765 	 0.958833 	 0.00111529	0.00233005
4670 	 1770 	 0.958836 	 0.00111602	0.00233157
4670 	 1775 	 0.958838 	 0.00111675	0.00233309
4670 	 1780 	 0.958841 	 0.00111748	0.00233461
4670 	 1785 	 0.958843 	 0.0011182	0.00233612
4670 	 1790 	 0.958845 	 0.00111892	0.00233763
4670 	 1795 	 0.958848 	 0.00111964	0.00233913
4670 	 1800 	 0.95885 	 0.00112035	0.00234062
4670 	 1805 	 0.958852 	 0.00112107	0.00234211
4670 	 1810 	 0.958854 	 0.00112178	0.0023436
4670 	 1815 	 0.958857 	 0.00112249	0.00234508
4670 	 1820 	 0.958859 	 0.00112319	0.00234656
4670 	 1825 	 0.958861 	 0.0011239	0.00234803
4670 	 1830 	 0.958863 	 0.0011246	0.00234949
4670 	 1835 	 0.958866 	 0.0011253	0.00235096
4670 	 1840 	 0.958868 	 0.001126	0.00235241
4670 	 1845 	 0.95887 	 0.00112669	0.00235387
4670 	 1850 	 0.958872 	 0.00112739	0.00235531
4670 	 1855 	 0.958875 	 0.00112808	0.00235676
4670 	 1860 	 0.958877 	 0.00112877	0.0023582
4670 	 1865 	 0.958879 	 0.00112945	0.00235963
4670 	 1870 	 0.958881 	 0.00113014	0.00236106
4670 	 1875 	 0.958883 	 0.00113082	0.00236249
4670 	 1880 	 0.958885 	 0.0011315	0.00236391
4670 	 1885 	 0.958888 	 0.00113218	0.00236532
4670 	 1890 	 0.95889 	 0.00113285	0.00236673
4670 	 1895 	 0.958892 	 0.00113352	0.00236814
4670 	 1900 	 0.958894 	 0.0011342	0.00236954
4670 	 1905 	 0.958896 	 0.00113487	0.00237094
4670 	 1910 	 0.958898 	 0.00113553	0.00237233
4670 	 1915 	 0.9589 	 0.0011362	0.00237372
4670 	 1920 	 0.958902 	 0.00113686	0.00237511
4670 	 1925 	 0.958904 	 0.00113752	0.00237649
4670 	 1930 	 0.958906 	 0.00113818	0.00237787
4670 	 1935 	 0.958908 	 0.00113884	0.00237924
4670 	 1940 	 0.95891 	 0.00113949	0.00238061
4670 	 1945 	 0.958912 	 0.00114015	0.00238197
4670 	 1950 	 0.958914 	 0.0011408	0.00238333
4670 	 1955 	 0.958916 	 0.00114144	0.00238469
4670 	 1960 	 0.958918 	 0.00114209	0.00238604
4670 	 1965 	 0.95892 	 0.00114274	0.00238738
4670 	 1970 	 0.958922 	 0.00114338	0.00238873
4670 	 1975 	 0.958924 	 0.00114402	0.00239007
4670 	 1980 	 0.958926 	 0.00114466	0.0023914
4670 	 1985 	 0.958928 	 0.0011453	0.00239273
4670 	 1990 	 0.95893 	 0.00114593	0.00239406
4670 	 1995 	 0.958932 	 0.00114656	0.00239538
4670 	 2000 	 0.958934 	 0.0011472	0.0023967
4670 	 2005 	 0.958936 	 0.00114782	0.00239801
4670 	 2010 	 0.958938 	 0.00114845	0.00239933
4670 	 2015 	 0.95894 	 0.00114908	0.00240063
4670 	 2020 	 0.958942 	 0.0011497	0.00240194
4670 	 2025 	 0.958944 	 0.00115032	0.00240323
4670 	 2030 	 0.958946 	 0.00115094	0.00240453
4670 	 2035 	 0.958947 	 0.00115156	0.00240582
4670 	 2040 	 0.958949 	 0.00115218	0.00240711
4670 	 2045 	 0.958951 	 0.00115279	0.00240839
4670 	 2050 	 0.958953 	 0.0011534	0.00240967
4670 	 2055 	 0.958955 	 0.00115402	0.00241095
4670 	 2060 	 0.958957 	 0.00115462	0.00241222
4670 	 2065 	 0.958958 	 0.00115523	0.00241349
4670 	 2070 	 0.95896 	 0.00115584	0.00241475
4670 	 2075 	 0.958962 	 0.00115644	0.00241602
4670 	 2080 	 0.958964 	 0.00115704	0.00241727
4670 	 2085 	 0.958966 	 0.00115764	0.00241853
4670 	 2090 	 0.958967 	 0.00115824	0.00241978
4670 	 2095 	 0.958969 	 0.00115884	0.00242102
4670 	 2100 	 0.958971 	 0.00115943	0.00242227
4670 	 2105 	 0.958973 	 0.00116003	0.00242351
4670 	 2110 	 0.958975 	 0.00116062	0.00242474
4670 	 2115 	 0.958976 	 0.00116121	0.00242597
4670 	 2120 	 0.958978 	 0.0011618	0.0024272
4670 	 2125 	 0.95898 	 0.00116238	0.00242843
4670 	 2130 	 0.958982 	 0.00116297	0.00242965
4670 	 2135 	 0.958983 	 0.00116355	0.00243087
4670 	 2140 	 0.958985 	 0.00116413	0.00243208
4670 	 2145 	 0.958987 	 0.00116471	0.00243329
4670 	 2150 	 0.958988 	 0.00116529	0.0024345
4670 	 2155 	 0.95899 	 0.00116587	0.00243571
4670 	 2160 	 0.958992 	 0.00116644	0.00243691
4670 	 2165 	 0.958994 	 0.00116701	0.0024381
4670 	 2170 	 0.958995 	 0.00116759	0.0024393
4670 	 2175 	 0.958997 	 0.00116816	0.00244049
4670 	 2180 	 0.958999 	 0.00116872	0.00244168
4670 	 2185 	 0.959 	 0.00116929	0.00244286
4670 	 2190 	 0.959002 	 0.00116986	0.00244404
4670 	 2195 	 0.959004 	 0.00117042	0.00244522
4670 	 2200 	 0.959005 	 0.00117098	0.00244639
4670 	 2205 	 0.959007 	 0.00117154	0.00244756
4670 	 2210 	 0.959008 	 0.0011721	0.00244873
4670 	 2215 	 0.95901 	 0.00117266	0.0024499
4670 	 2220 	 0.959012 	 0.00117321	0.00245106
4670 	 2225 	 0.959013 	 0.00117377	0.00245222
4670 	 2230 	 0.959015 	 0.00117432	0.00245337
4670 	 2235 	 0.959016 	 0.00117487	0.00245452
4670 	 2240 	 0.959018 	 0.00117542	0.00245567
4670 	 2245 	 0.95902 	 0.00117597	0.00245682
4670 	 2250 	 0.959021 	 0.00117652	0.00245796
4670 	 2255 	 0.959023 	 0.00117706	0.0024591
4670 	 2260 	 0.959024 	 0.00117761	0.00246023
4670 	 2265 	 0.959026 	 0.00117815	0.00246137
4670 	 2270 	 0.959028 	 0.00117869	0.0024625
4670 	 2275 	 0.959029 	 0.00117923	0.00246362
4670 	 2280 	 0.959031 	 0.00117977	0.00246475
4670 	 2285 	 0.959032 	 0.0011803	0.00246587
4670 	 2290 	 0.959034 	 0.00118084	0.00246698
4670 	 2295 	 0.959035 	 0.00118137	0.0024681
4670 	 2300 	 0.959037 	 0.0011819	0.00246921
4670 	 2305 	 0.959038 	 0.00118243	0.00247032
4670 	 2310 	 0.95904 	 0.00118296	0.00247142
4670 	 2315 	 0.959041 	 0.00118349	0.00247253
4670 	 2320 	 0.959043 	 0.00118402	0.00247363
4670 	 2325 	 0.959044 	 0.00118454	0.00247472
4670 	 2330 	 0.959046 	 0.00118507	0.00247582
4670 	 2335 	 0.959047 	 0.00118559	0.00247691
4670 	 2340 	 0.959049 	 0.00118611	0.002478
4670 	 2345 	 0.95905 	 0.00118663	0.00247908
4670 	 2350 	 0.959052 	 0.00118715	0.00248016
4670 	 2355 	 0.959053 	 0.00118766	0.00248124
4670 	 2360 	 0.959055 	 0.00118818	0.00248232
4670 	 2365 	 0.959056 	 0.00118869	0.00248339
4670 	 2370 	 0.959057 	 0.0011892	0.00248446
4670 	 2375 	 0.959059 	 0.00118972	0.00248553
4670 	 2380 	 0.95906 	 0.00119023	0.0024866
4670 	 2385 	 0.959062 	 0.00119073	0.00248766
4670 	 2390 	 0.959063 	 0.00119124	0.00248872
4670 	 2395 	 0.959065 	 0.00119175	0.00248978
4670 	 2400 	 0.959066 	 0.00119225	0.00249083
4670 	 2405 	 0.959067 	 0.00119276	0.00249188
4670 	 2410 	 0.959069 	 0.00119326	0.00249293
4670 	 2415 	 0.95907 	 0.00119376	0.00249398
4670 	 2420 	 0.959072 	 0.00119426	0.00249502
4670 	 2425 	 0.959073 	 0.00119476	0.00249606
4670 	 2430 	 0.959074 	 0.00119525	0.0024971
4670 	 2435 	 0.959076 	 0.00119575	0.00249814
4670 	 2440 	 0.959077 	 0.00119624	0.00249917
4670 	 2445 	 0.959079 	 0.00119674	0.0025002
4670 	 2450 	 0.95908 	 0.00119723	0.00250123
4670 	 2455 	 0.959081 	 0.00119772	0.00250225
4670 	 2460 	 0.959083 	 0.00119821	0.00250327
4670 	 2465 	 0.959084 	 0.0011987	0.00250429
4670 	 2470 	 0.959085 	 0.00119918	0.00250531
4670 	 2475 	 0.959087 	 0.00119967	0.00250632
4670 	 2480 	 0.959088 	 0.00120015	0.00250734
4670 	 2485 	 0.959089 	 0.00120064	0.00250835
4670 	 2490 	 0.959091 	 0.00120112	0.00250935
4670 	 2495 	 0.959092 	 0.0012016	0.00251036
4670 	 2500 	 0.959093 	 0.00120208	0.00251136
4670 	 2505 	 0.959095 	 0.00120256	0.00251236
4670 	 2510 	 0.959096 	 0.00120303	0.00251336
4670 	 2515 	 0.959097 	 0.00120351	0.00251435
4670 	 2520 	 0.959099 	 0.00120398	0.00251534
4670 	 2525 	 0.9591 	 0.00120446	0.00251633
4670 	 2530 	 0.959101 	 0.00120493	0.00251732
4670 	 2535 	 0.959103 	 0.0012054	0.0025183
4670 	 2540 	 0.959104 	 0.00120587	0.00251928
4670 	 2545 	 0.959105 	 0.00120634	0.00252026
4670 	 2550 	 0.959106 	 0.00120681	0.00252124
4670 	 2555 	 0.959108 	 0.00120727	0.00252222
4670 	 2560 	 0.959109 	 0.00120774	0.00252319
4670 	 2565 	 0.95911 	 0.0012082	0.00252416
4670 	 2570 	 0.959111 	 0.00120867	0.00252513
4670 	 2575 	 0.959113 	 0.00120913	0.00252609
4670 	 2580 	 0.959114 	 0.00120959	0.00252705
4670 	 2585 	 0.959115 	 0.00121005	0.00252801
4670 	 2590 	 0.959116 	 0.00121051	0.00252897
4670 	 2595 	 0.959118 	 0.00121097	0.00252993
4670 	 2600 	 0.959119 	 0.00121142	0.00253088
4670 	 2605 	 0.95912 	 0.00121188	0.00253183
4670 	 2610 	 0.959121 	 0.00121233	0.00253278
4670 	 2615 	 0.959123 	 0.00121279	0.00253373
4670 	 2620 	 0.959124 	 0.00121324	0.00253467
4670 	 2625 	 0.959125 	 0.00121369	0.00253562
4670 	 2630 	 0.959126 	 0.00121414	0.00253656
4670 	 2635 	 0.959128 	 0.00121459	0.00253749
4670 	 2640 	 0.959129 	 0.00121503	0.00253843
4670 	 2645 	 0.95913 	 0.00121548	0.00253936
4670 	 2650 	 0.959131 	 0.00121593	0.00254029
4670 	 2655 	 0.959132 	 0.00121637	0.00254122
4670 	 2660 	 0.959133 	 0.00121681	0.00254215
4670 	 2665 	 0.959135 	 0.00121726	0.00254307
4670 	 2670 	 0.959136 	 0.0012177	0.00254399
4670 	 2675 	 0.959137 	 0.00121814	0.00254491
4670 	 2680 	 0.959138 	 0.00121858	0.00254583
4670 	 2685 	 0.959139 	 0.00121902	0.00254675
4670 	 2690 	 0.959141 	 0.00121945	0.00254766
4670 	 2695 	 0.959142 	 0.00121989	0.00254857
4670 	 2700 	 0.959143 	 0.00122032	0.00254948
4670 	 2705 	 0.959144 	 0.00122076	0.00255039
4670 	 2710 	 0.959145 	 0.00122119	0.00255129
4670 	 2715 	 0.959146 	 0.00122162	0.0025522
4670 	 2720 	 0.959147 	 0.00122206	0.0025531
4670 	 2725 	 0.959149 	 0.00122249	0.00255399
4670 	 2730 	 0.95915 	 0.00122291	0.00255489
4670 	 2735 	 0.959151 	 0.00122334	0.00255579
4670 	 2740 	 0.959152 	 0.00122377	0.00255668
4670 	 2745 	 0.959153 	 0.0012242	0.00255757
4670 	 2750 	 0.959154 	 0.00122462	0.00255846
4670 	 2755 	 0.959155 	 0.00122505	0.00255934
4670 	 2760 	 0.959157 	 0.00122547	0.00256023
4670 	 2765 	 0.959158 	 0.00122589	0.00256111
4670 	 2770 	 0.959159 	 0.00122631	0.00256199
4670 	 2775 	 0.95916 	 0.00122673	0.00256287
4670 	 2780 	 0.959161 	 0.00122715	0.00256374
4670 	 2785 	 0.959162 	 0.00122757	0.00256462
4670 	 2790 	 0.959163 	 0.00122799	0.00256549
4670 	 2795 	 0.959164 	 0.0012284	0.00256636
4670 	 2800 	 0.959165 	 0.00122882	0.00256723
4670 	 2805 	 0.959166 	 0.00122923	0.00256809
4670 	 2810 	 0.959168 	 0.00122965	0.00256896
4670 	 2815 	 0.959169 	 0.00123006	0.00256982
4670 	 2820 	 0.95917 	 0.00123047	0.00257068
4670 	 2825 	 0.959171 	 0.00123088	0.00257154
4670 	 2830 	 0.959172 	 0.00123129	0.00257239
4670 	 2835 	 0.959173 	 0.0012317	0.00257325
4670 	 2840 	 0.959174 	 0.00123211	0.0025741
4670 	 2845 	 0.959175 	 0.00123252	0.00257495
4670 	 2850 	 0.959176 	 0.00123292	0.0025758
4670 	 2855 	 0.959177 	 0.00123333	0.00257665
4670 	 2860 	 0.959178 	 0.00123373	0.00257749
4670 	 2865 	 0.959179 	 0.00123414	0.00257833
4670 	 2870 	 0.95918 	 0.00123454	0.00257918
4670 	 2875 	 0.959181 	 0.00123494	0.00258001
4670 	 2880 	 0.959182 	 0.00123534	0.00258085
4670 	 2885 	 0.959183 	 0.00123574	0.00258169
4670 	 2890 	 0.959184 	 0.00123614	0.00258252
4670 	 2895 	 0.959186 	 0.00123654	0.00258335
4670 	 2900 	 0.959187 	 0.00123694	0.00258418
4670 	 2905 	 0.959188 	 0.00123733	0.00258501
4670 	 2910 	 0.959189 	 0.00123773	0.00258584
4670 	 2915 	 0.95919 	 0.00123812	0.00258666
4670 	 2920 	 0.959191 	 0.00123852	0.00258748
4670 	 2925 	 0.959192 	 0.00123891	0.00258831
4670 	 2930 	 0.959193 	 0.0012393	0.00258912
4670 	 2935 	 0.959194 	 0.00123969	0.00258994
4670 	 2940 	 0.959195 	 0.00124008	0.00259076
4670 	 2945 	 0.959196 	 0.00124047	0.00259157
4670 	 2950 	 0.959197 	 0.00124086	0.00259238
4670 	 2955 	 0.959198 	 0.00124125	0.00259319
4670 	 2960 	 0.959199 	 0.00124163	0.002594
4670 	 2965 	 0.9592 	 0.00124202	0.00259481
4670 	 2970 	 0.959201 	 0.00124241	0.00259561
4670 	 2975 	 0.959202 	 0.00124279	0.00259642
4670 	 2980 	 0.959203 	 0.00124317	0.00259722
4670 	 2985 	 0.959204 	 0.00124356	0.00259802
4670 	 2990 	 0.959205 	 0.00124394	0.00259882
4670 	 2995 	 0.959206 	 0.00124432	0.00259961
4670 	 3000 	 0.959207 	 0.0012447	0.00260041
4670 	 3005 	 0.959207 	 0.00124508	0.0026012
4670 	 3010 	 0.959208 	 0.00124546	0.00260199
4670 	 3015 	 0.959209 	 0.00124584	0.00260278
4670 	 3020 	 0.95921 	 0.00124621	0.00260357
4670 	 3025 	 0.959211 	 0.00124659	0.00260435
4670 	 3030 	 0.959212 	 0.00124697	0.00260514
4670 	 3035 	 0.959213 	 0.00124734	0.00260592
4670 	 3040 	 0.959214 	 0.00124771	0.0026067
4670 	 3045 	 0.959215 	 0.00124809	0.00260748
4670 	 3050 	 0.959216 	 0.00124846	0.00260826
4670 	 3055 	 0.959217 	 0.00124883	0.00260904
4670 	 3060 	 0.959218 	 0.0012492	0.00260981
4670 	 3065 	 0.959219 	 0.00124957	0.00261058
4670 	 3070 	 0.95922 	 0.00124994	0.00261136
4670 	 3075 	 0.959221 	 0.00125031	0.00261212
4670 	 3080 	 0.959222 	 0.00125068	0.00261289
4670 	 3085 	 0.959223 	 0.00125104	0.00261366
4670 	 3090 	 0.959224 	 0.00125141	0.00261442
4670 	 3095 	 0.959224 	 0.00125178	0.00261519
4670 	 3100 	 0.959225 	 0.00125214	0.00261595
4670 	 3105 	 0.959226 	 0.0012525	0.00261671
4670 	 3110 	 0.959227 	 0.00125287	0.00261747
4670 	 3115 	 0.959228 	 0.00125323	0.00261822
4670 	 3120 	 0.959229 	 0.00125359	0.00261898
4670 	 3125 	 0.95923 	 0.00125395	0.00261973
4670 	 3130 	 0.959231 	 0.00125431	0.00262049
4670 	 3135 	 0.959232 	 0.00125467	0.00262124
4670 	 3140 	 0.959233 	 0.00125503	0.00262199
4670 	 3145 	 0.959234 	 0.00125539	0.00262273
4670 	 3150 	 0.959234 	 0.00125575	0.00262348
4670 	 3155 	 0.959235 	 0.0012561	0.00262422
4670 	 3160 	 0.959236 	 0.00125646	0.00262497
4670 	 3165 	 0.959237 	 0.00125681	0.00262571
4670 	 3170 	 0.959238 	 0.00125717	0.00262645
4670 	 3175 	 0.959239 	 0.00125752	0.00262719
4670 	 3180 	 0.95924 	 0.00125787	0.00262792
4670 	 3185 	 0.959241 	 0.00125822	0.00262866
4670 	 3190 	 0.959242 	 0.00125858	0.00262939
4670 	 3195 	 0.959242 	 0.00125893	0.00263013
4670 	 3200 	 0.959243 	 0.00125928	0.00263086
4670 	 3205 	 0.959244 	 0.00125963	0.00263159
4670 	 3210 	 0.959245 	 0.00125997	0.00263232
4670 	 3215 	 0.959246 	 0.00126032	0.00263304
4670 	 3220 	 0.959247 	 0.00126067	0.00263377
4670 	 3225 	 0.959248 	 0.00126102	0.00263449
4670 	 3230 	 0.959248 	 0.00126136	0.00263521
4670 	 3235 	 0.959249 	 0.00126171	0.00263593
4670 	 3240 	 0.95925 	 0.00126205	0.00263665
4670 	 3245 	 0.959251 	 0.00126239	0.00263737
4670 	 3250 	 0.959252 	 0.00126274	0.00263809
4670 	 3255 	 0.959253 	 0.00126308	0.0026388
4670 	 3260 	 0.959254 	 0.00126342	0.00263952
4670 	 3265 	 0.959254 	 0.00126376	0.00264023
4670 	 3270 	 0.959255 	 0.0012641	0.00264094
4670 	 3275 	 0.959256 	 0.00126444	0.00264165
4670 	 3280 	 0.959257 	 0.00126478	0.00264236
4670 	 3285 	 0.959258 	 0.00126512	0.00264306
4670 	 3290 	 0.959259 	 0.00126546	0.00264377
4670 	 3295 	 0.959259 	 0.00126579	0.00264447
4670 	 3300 	 0.95926 	 0.00126613	0.00264517
4670 	 3305 	 0.959261 	 0.00126646	0.00264588
4670 	 3310 	 0.959262 	 0.0012668	0.00264658
4670 	 3315 	 0.959263 	 0.00126713	0.00264727
4670 	 3320 	 0.959264 	 0.00126747	0.00264797
4670 	 3325 	 0.959264 	 0.0012678	0.00264867
4670 	 3330 	 0.959265 	 0.00126813	0.00264936
4670 	 3335 	 0.959266 	 0.00126846	0.00265005
4670 	 3340 	 0.959267 	 0.0012688	0.00265074
4670 	 3345 	 0.959268 	 0.00126913	0.00265143
4670 	 3350 	 0.959268 	 0.00126946	0.00265212
4670 	 3355 	 0.959269 	 0.00126978	0.00265281
4670 	 3360 	 0.95927 	 0.00127011	0.0026535
4670 	 3365 	 0.959271 	 0.00127044	0.00265418
4670 	 3370 	 0.959272 	 0.00127077	0.00265487
4670 	 3375 	 0.959272 	 0.00127109	0.00265555
4670 	 3380 	 0.959273 	 0.00127142	0.00265623
4670 	 3385 	 0.959274 	 0.00127175	0.00265691
4670 	 3390 	 0.959275 	 0.00127207	0.00265759
4670 	 3395 	 0.959276 	 0.00127239	0.00265826
4670 	 3400 	 0.959276 	 0.00127272	0.00265894
4670 	 3405 	 0.959277 	 0.00127304	0.00265961
4670 	 3410 	 0.959278 	 0.00127336	0.00266029
4670 	 3415 	 0.959279 	 0.00127368	0.00266096
4670 	 3420 	 0.95928 	 0.001274	0.00266163
4670 	 3425 	 0.95928 	 0.00127432	0.0026623
4670 	 3430 	 0.959281 	 0.00127464	0.00266296
4670 	 3435 	 0.959282 	 0.00127496	0.00266363
4670 	 3440 	 0.959283 	 0.00127528	0.0026643
4670 	 3445 	 0.959283 	 0.0012756	0.00266496
4670 	 3450 	 0.959284 	 0.00127592	0.00266562
4670 	 3455 	 0.959285 	 0.00127623	0.00266628
4670 	 3460 	 0.959286 	 0.00127655	0.00266695
4670 	 3465 	 0.959286 	 0.00127687	0.0026676
4670 	 3470 	 0.959287 	 0.00127718	0.00266826
4670 	 3475 	 0.959288 	 0.00127749	0.00266892
4670 	 3480 	 0.959289 	 0.00127781	0.00266957
4670 	 3485 	 0.959289 	 0.00127812	0.00267023
4670 	 3490 	 0.95929 	 0.00127843	0.00267088
4670 	 3495 	 0.959291 	 0.00127875	0.00267153
4670 	 3500 	 0.959292 	 0.00127906	0.00267218
4670 	 3505 	 0.959292 	 0.00127937	0.00267283
4670 	 3510 	 0.959293 	 0.00127968	0.00267348
4670 	 3515 	 0.959294 	 0.00127999	0.00267413
4670 	 3520 	 0.959295 	 0.0012803	0.00267477
4670 	 3525 	 0.959295 	 0.0012806	0.00267542
4670 	 3530 	 0.959296 	 0.00128091	0.00267606
4670 	 3535 	 0.959297 	 0.00128122	0.0026767
4670 	 3540 	 0.959298 	 0.00128153	0.00267734
4670 	 3545 	 0.959298 	 0.00128183	0.00267798
4670 	 3550 	 0.959299 	 0.00128214	0.00267862
4670 	 3555 	 0.9593 	 0.00128244	0.00267926
4670 	 3560 	 0.959301 	 0.00128275	0.00267989
4670 	 3565 	 0.959301 	 0.00128305	0.00268053
4670 	 3570 	 0.959302 	 0.00128336	0.00268116
4670 	 3575 	 0.959303 	 0.00128366	0.0026818
4670 	 3580 	 0.959303 	 0.00128396	0.00268243
4670 	 3585 	 0.959304 	 0.00128426	0.00268306
4670 	 3590 	 0.959305 	 0.00128456	0.00268369
4670 	 3595 	 0.959306 	 0.00128486	0.00268431
4670 	 3600 	 0.959306 	 0.00128516	0.00268494
4670 	 3605 	 0.959307 	 0.00128546	0.00268557
4670 	 3610 	 0.959308 	 0.00128576	0.00268619
4670 	 3615 	 0.959308 	 0.00128606	0.00268682
4670 	 3620 	 0.959309 	 0.00128636	0.00268744
4670 	 3625 	 0.95931 	 0.00128666	0.00268806
4670 	 3630 	 0.959311 	 0.00128695	0.00268868
4670 	 3635 	 0.959311 	 0.00128725	0.0026893
4670 	 3640 	 0.959312 	 0.00128754	0.00268992
4670 	 3645 	 0.959313 	 0.00128784	0.00269053
4670 	 3650 	 0.959313 	 0.00128813	0.00269115
4670 	 3655 	 0.959314 	 0.00128843	0.00269176
4670 	 3660 	 0.959315 	 0.00128872	0.00269238
4670 	 3665 	 0.959315 	 0.00128902	0.00269299
4670 	 3670 	 0.959316 	 0.00128931	0.0026936
4670 	 3675 	 0.959317 	 0.0012896	0.00269421
4670 	 3680 	 0.959318 	 0.00128989	0.00269482
4670 	 3685 	 0.959318 	 0.00129018	0.00269543
4670 	 3690 	 0.959319 	 0.00129047	0.00269603
4670 	 3695 	 0.95932 	 0.00129076	0.00269664
4670 	 3700 	 0.95932 	 0.00129105	0.00269724
4670 	 3705 	 0.959321 	 0.00129134	0.00269785
4670 	 3710 	 0.959322 	 0.00129163	0.00269845
4670 	 3715 	 0.959322 	 0.00129192	0.00269905
4670 	 3720 	 0.959323 	 0.0012922	0.00269965
4670 	 3725 	 0.959324 	 0.00129249	0.00270025
4670 	 3730 	 0.959324 	 0.00129278	0.00270085
4670 	 3735 	 0.959325 	 0.00129306	0.00270145
4670 	 3740 	 0.959326 	 0.00129335	0.00270204
4670 	 3745 	 0.959326 	 0.00129363	0.00270264
4670 	 3750 	 0.959327 	 0.00129392	0.00270323
4670 	 3755 	 0.959328 	 0.0012942	0.00270382
4670 	 3760 	 0.959328 	 0.00129449	0.00270442
4670 	 3765 	 0.959329 	 0.00129477	0.00270501
4670 	 3770 	 0.95933 	 0.00129505	0.0027056
4670 	 3775 	 0.95933 	 0.00129533	0.00270618
4670 	 3780 	 0.959331 	 0.00129561	0.00270677
4670 	 3785 	 0.959332 	 0.00129589	0.00270736
4670 	 3790 	 0.959332 	 0.00129617	0.00270795
4670 	 3795 	 0.959333 	 0.00129645	0.00270853
4670 	 3800 	 0.959334 	 0.00129673	0.00270911
4670 	 3805 	 0.959334 	 0.00129701	0.0027097
4670 	 3810 	 0.959335 	 0.00129729	0.00271028
4670 	 3815 	 0.959336 	 0.00129757	0.00271086
4670 	 3820 	 0.959336 	 0.00129785	0.00271144
4670 	 3825 	 0.959337 	 0.00129812	0.00271202
4670 	 3830 	 0.959338 	 0.0012984	0.00271259
4670 	 3835 	 0.959338 	 0.00129868	0.00271317
4670 	 3840 	 0.959339 	 0.00129895	0.00271375
4670 	 3845 	 0.959339 	 0.00129923	0.00271432
4670 	 3850 	 0.95934 	 0.0012995	0.0027149
4670 	 3855 	 0.959341 	 0.00129978	0.00271547
4670 	 3860 	 0.959341 	 0.00130005	0.00271604
4670 	 3865 	 0.959342 	 0.00130032	0.00271661
4670 	 3870 	 0.959343 	 0.0013006	0.00271718
4670 	 3875 	 0.959343 	 0.00130087	0.00271775
4670 	 3880 	 0.959344 	 0.00130114	0.00271832
4670 	 3885 	 0.959344 	 0.00130141	0.00271888
4670 	 3890 	 0.959345 	 0.00130168	0.00271945
4670 	 3895 	 0.959346 	 0.00130195	0.00272001
4670 	 3900 	 0.959346 	 0.00130222	0.00272058
4670 	 3905 	 0.959347 	 0.00130249	0.00272114
4670 	 3910 	 0.959348 	 0.00130276	0.0027217
4670 	 3915 	 0.959348 	 0.00130303	0.00272226
4670 	 3920 	 0.959349 	 0.0013033	0.00272283
4670 	 3925 	 0.959349 	 0.00130356	0.00272338
4670 	 3930 	 0.95935 	 0.00130383	0.00272394
4670 	 3935 	 0.959351 	 0.0013041	0.0027245
4670 	 3940 	 0.959351 	 0.00130437	0.00272506
4670 	 3945 	 0.959352 	 0.00130463	0.00272561
4670 	 3950 	 0.959353 	 0.0013049	0.00272617
4670 	 3955 	 0.959353 	 0.00130516	0.00272672
4670 	 3960 	 0.959354 	 0.00130543	0.00272727
4670 	 3965 	 0.959354 	 0.00130569	0.00272782
4670 	 3970 	 0.959355 	 0.00130595	0.00272838
4670 	 3975 	 0.959356 	 0.00130622	0.00272893
4670 	 3980 	 0.959356 	 0.00130648	0.00272947
4670 	 3985 	 0.959357 	 0.00130674	0.00273002
4670 	 3990 	 0.959357 	 0.001307	0.00273057
4670 	 3995 	 0.959358 	 0.00130727	0.00273112
4670 	 4000 	 0.959359 	 0.00130753	0.00273166
4670 	 4005 	 0.959359 	 0.00130779	0.00273221
4670 	 4010 	 0.95936 	 0.00130805	0.00273275
4670 	 4015 	 0.95936 	 0.00130831	0.00273329
4670 	 4020 	 0.959361 	 0.00130857	0.00273383
4670 	 4025 	 0.959362 	 0.00130883	0.00273437
4670 	 4030 	 0.959362 	 0.00130908	0.00273491
4670 	 4035 	 0.959363 	 0.00130934	0.00273545
4670 	 4040 	 0.959363 	 0.0013096	0.00273599
4670 	 4045 	 0.959364 	 0.00130986	0.00273653
4670 	 4050 	 0.959364 	 0.00131011	0.00273707
4670 	 4055 	 0.959365 	 0.00131037	0.0027376
4670 	 4060 	 0.959366 	 0.00131063	0.00273814
4670 	 4065 	 0.959366 	 0.00131088	0.00273867
4670 	 4070 	 0.959367 	 0.00131114	0.0027392
4670 	 4075 	 0.959367 	 0.00131139	0.00273973
4670 	 4080 	 0.959368 	 0.00131164	0.00274027
4670 	 4085 	 0.959369 	 0.0013119	0.0027408
4670 	 4090 	 0.959369 	 0.00131215	0.00274132
4670 	 4095 	 0.95937 	 0.00131241	0.00274185
4670 	 4100 	 0.95937 	 0.00131266	0.00274238
4670 	 4105 	 0.959371 	 0.00131291	0.00274291
4670 	 4110 	 0.959371 	 0.00131316	0.00274343
4670 	 4115 	 0.959372 	 0.00131341	0.00274396
4670 	 4120 	 0.959373 	 0.00131366	0.00274448
4670 	 4125 	 0.959373 	 0.00131391	0.00274501
4670 	 4130 	 0.959374 	 0.00131416	0.00274553
4670 	 4135 	 0.959374 	 0.00131441	0.00274605
4670 	 4140 	 0.959375 	 0.00131466	0.00274657
4670 	 4145 	 0.959375 	 0.00131491	0.00274709
4670 	 4150 	 0.959376 	 0.00131516	0.00274761
4670 	 4155 	 0.959377 	 0.00131541	0.00274813
4670 	 4160 	 0.959377 	 0.00131566	0.00274865
4670 	 4165 	 0.959378 	 0.0013159	0.00274916
4670 	 4170 	 0.959378 	 0.00131615	0.00274968
4670 	 4175 	 0.959379 	 0.0013164	0.0027502
4670 	 4180 	 0.959379 	 0.00131664	0.00275071
4670 	 4185 	 0.95938 	 0.00131689	0.00275122
4670 	 4190 	 0.95938 	 0.00131714	0.00275174
4670 	 4195 	 0.959381 	 0.00131738	0.00275225
4670 	 4200 	 0.959382 	 0.00131763	0.00275276
4670 	 4205 	 0.959382 	 0.00131787	0.00275327
4670 	 4210 	 0.959383 	 0.00131811	0.00275378
4670 	 4215 	 0.959383 	 0.00131836	0.00275429
4670 	 4220 	 0.959384 	 0.0013186	0.0027548
4670 	 4225 	 0.959384 	 0.00131884	0.0027553
4670 	 4230 	 0.959385 	 0.00131908	0.00275581
4670 	 4235 	 0.959385 	 0.00131933	0.00275631
4670 	 4240 	 0.959386 	 0.00131957	0.00275682
4670 	 4245 	 0.959386 	 0.00131981	0.00275732
4670 	 4250 	 0.959387 	 0.00132005	0.00275783
4670 	 4255 	 0.959388 	 0.00132029	0.00275833
4670 	 4260 	 0.959388 	 0.00132053	0.00275883
4670 	 4265 	 0.959389 	 0.00132077	0.00275933
4670 	 4270 	 0.959389 	 0.00132101	0.00275983
4670 	 4275 	 0.95939 	 0.00132125	0.00276033
4670 	 4280 	 0.95939 	 0.00132149	0.00276083
4670 	 4285 	 0.959391 	 0.00132173	0.00276132
4670 	 4290 	 0.959391 	 0.00132196	0.00276182
4670 	 4295 	 0.959392 	 0.0013222	0.00276232
4670 	 4300 	 0.959392 	 0.00132244	0.00276281
4670 	 4305 	 0.959393 	 0.00132267	0.00276331
4670 	 4310 	 0.959393 	 0.00132291	0.0027638
4670 	 4315 	 0.959394 	 0.00132315	0.00276429
4670 	 4320 	 0.959394 	 0.00132338	0.00276479
4670 	 4325 	 0.959395 	 0.00132362	0.00276528
4670 	 4330 	 0.959395 	 0.00132385	0.00276577
4670 	 4335 	 0.959396 	 0.00132409	0.00276626
4670 	 4340 	 0.959397 	 0.00132432	0.00276675
4670 	 4345 	 0.959397 	 0.00132455	0.00276724
4670 	 4350 	 0.959398 	 0.00132479	0.00276772
4670 	 4355 	 0.959398 	 0.00132502	0.00276821
4670 	 4360 	 0.959399 	 0.00132525	0.0027687
4670 	 4365 	 0.959399 	 0.00132549	0.00276918
4670 	 4370 	 0.9594 	 0.00132572	0.00276967
4670 	 4375 	 0.9594 	 0.00132595	0.00277015
4670 	 4380 	 0.959401 	 0.00132618	0.00277063
4670 	 4385 	 0.959401 	 0.00132641	0.00277112
4670 	 4390 	 0.959402 	 0.00132664	0.0027716
4670 	 4395 	 0.959402 	 0.00132687	0.00277208
4670 	 4400 	 0.959403 	 0.0013271	0.00277256
4670 	 4405 	 0.959403 	 0.00132733	0.00277304
4670 	 4410 	 0.959404 	 0.00132756	0.00277352
4670 	 4415 	 0.959404 	 0.00132779	0.00277399
4670 	 4420 	 0.959405 	 0.00132802	0.00277447
4670 	 4425 	 0.959405 	 0.00132825	0.00277495
4670 	 4430 	 0.959406 	 0.00132847	0.00277542
4670 	 4435 	 0.959406 	 0.0013287	0.0027759
4670 	 4440 	 0.959407 	 0.00132893	0.00277637
4670 	 4445 	 0.959407 	 0.00132916	0.00277685
4670 	 4450 	 0.959408 	 0.00132938	0.00277732
4670 	 4455 	 0.959408 	 0.00132961	0.00277779
4670 	 4460 	 0.959409 	 0.00132983	0.00277826
4670 	 4465 	 0.959409 	 0.00133006	0.00277873
4670 	 4470 	 0.95941 	 0.00133028	0.0027792
4670 	 4475 	 0.95941 	 0.00133051	0.00277967
4670 	 4480 	 0.959411 	 0.00133073	0.00278014
4670 	 4485 	 0.959411 	 0.00133096	0.00278061
4670 	 4490 	 0.959412 	 0.00133118	0.00278108
4670 	 4495 	 0.959412 	 0.0013314	0.00278155
4670 	 4500 	 0.959413 	 0.00133163	0.00278201
4670 	 4505 	 0.959413 	 0.00133185	0.00278248
4670 	 4510 	 0.959414 	 0.00133207	0.00278294
4670 	 4515 	 0.959414 	 0.00133229	0.0027834
4670 	 4520 	 0.959415 	 0.00133252	0.00278387
4670 	 4525 	 0.959415 	 0.00133274	0.00278433
4670 	 4530 	 0.959416 	 0.00133296	0.00278479
4670 	 4535 	 0.959416 	 0.00133318	0.00278525
4670 	 4540 	 0.959417 	 0.0013334	0.00278571
4670 	 4545 	 0.959417 	 0.00133362	0.00278617
4670 	 4550 	 0.959418 	 0.00133384	0.00278663
4670 	 4555 	 0.959418 	 0.00133406	0.00278709
4670 	 4560 	 0.959419 	 0.00133428	0.00278755
4670 	 4565 	 0.959419 	 0.0013345	0.00278801
4670 	 4570 	 0.959419 	 0.00133471	0.00278846
4670 	 4575 	 0.95942 	 0.00133493	0.00278892
4670 	 4580 	 0.95942 	 0.00133515	0.00278937
4670 	 4585 	 0.959421 	 0.00133537	0.00278983
4670 	 4590 	 0.959421 	 0.00133559	0.00279028
4670 	 4595 	 0.959422 	 0.0013358	0.00279073
4670 	 4600 	 0.959422 	 0.00133602	0.00279119
4670 	 4605 	 0.959423 	 0.00133623	0.00279164
4670 	 4610 	 0.959423 	 0.00133645	0.00279209
4670 	 4615 	 0.959424 	 0.00133667	0.00279254
4670 	 4620 	 0.959424 	 0.00133688	0.00279299
4670 	 4625 	 0.959425 	 0.0013371	0.00279344
4670 	 4630 	 0.959425 	 0.00133731	0.00279389
4670 	 4635 	 0.959426 	 0.00133753	0.00279433
4670 	 4640 	 0.959426 	 0.00133774	0.00279478
4670 	 4645 	 0.959427 	 0.00133795	0.00279523
4670 	 4650 	 0.959427 	 0.00133817	0.00279567
4670 	 4655 	 0.959427 	 0.00133838	0.00279612
4670 	 4660 	 0.959428 	 0.00133859	0.00279656
4670 	 4665 	 0.959428 	 0.0013388	0.00279701
4670 	 4670 	 0.959429 	 0.00133902	0.00279745
4670 	 4675 	 0.959429 	 0.00133923	0.00279789
4670 	 4680 	 0.95943 	 0.00133944	0.00279834
4670 	 4685 	 0.95943 	 0.00133965	0.00279878
4670 	 4690 	 0.959431 	 0.00133986	0.00279922
4670 	 4695 	 0.959431 	 0.00134007	0.00279966
4670 	 4700 	 0.959432 	 0.00134028	0.0028001
4670 	 4705 	 0.959432 	 0.00134049	0.00280054
4670 	 4710 	 0.959433 	 0.0013407	0.00280097
4670 	 4715 	 0.959433 	 0.00134091	0.00280141
4670 	 4720 	 0.959433 	 0.00134112	0.00280185
4670 	 4725 	 0.959434 	 0.00134133	0.00280228
4670 	 4730 	 0.959434 	 0.00134154	0.00280272
4670 	 4735 	 0.959435 	 0.00134175	0.00280316
4670 	 4740 	 0.959435 	 0.00134196	0.00280359
4670 	 4745 	 0.959436 	 0.00134216	0.00280402
4670 	 4750 	 0.959436 	 0.00134237	0.00280446
4670 	 4755 	 0.959437 	 0.00134258	0.00280489
4670 	 4760 	 0.959437 	 0.00134278	0.00280532
4670 	 4765 	 0.959437 	 0.00134299	0.00280575
4670 	 4770 	 0.959438 	 0.0013432	0.00280618
4670 	 4775 	 0.959438 	 0.0013434	0.00280661
4670 	 4780 	 0.959439 	 0.00134361	0.00280704
4670 	 4785 	 0.959439 	 0.00134381	0.00280747
4670 	 4790 	 0.95944 	 0.00134402	0.0028079
4670 	 4795 	 0.95944 	 0.00134422	0.00280833
4670 	 4800 	 0.959441 	 0.00134443	0.00280876
4670 	 4805 	 0.959441 	 0.00134463	0.00280918
4670 	 4810 	 0.959441 	 0.00134484	0.00280961
4670 	 4815 	 0.959442 	 0.00134504	0.00281003
4670 	 4820 	 0.959442 	 0.00134524	0.00281046
4670 	 4825 	 0.959443 	 0.00134545	0.00281088
4670 	 4830 	 0.959443 	 0.00134565	0.00281131
4670 	 4835 	 0.959444 	 0.00134585	0.00281173
4670 	 4840 	 0.959444 	 0.00134605	0.00281215
4670 	 4845 	 0.959444 	 0.00134626	0.00281257
4670 	 4850 	 0.959445 	 0.00134646	0.00281299
4670 	 4855 	 0.959445 	 0.00134666	0.00281342
4670 	 4860 	 0.959446 	 0.00134686	0.00281384
4670 	 4865 	 0.959446 	 0.00134706	0.00281425
4670 	 4870 	 0.959447 	 0.00134726	0.00281467
4670 	 4875 	 0.959447 	 0.00134746	0.00281509
4670 	 4880 	 0.959447 	 0.00134766	0.00281551
4670 	 4885 	 0.959448 	 0.00134786	0.00281593
4670 	 4890 	 0.959448 	 0.00134806	0.00281634
4670 	 4895 	 0.959449 	 0.00134826	0.00281676
4670 	 4900 	 0.959449 	 0.00134846	0.00281717
4670 	 4905 	 0.95945 	 0.00134866	0.00281759
4670 	 4910 	 0.95945 	 0.00134885	0.002818
4670 	 4915 	 0.95945 	 0.00134905	0.00281842
4670 	 4920 	 0.959451 	 0.00134925	0.00281883
4670 	 4925 	 0.959451 	 0.00134945	0.00281924
4670 	 4930 	 0.959452 	 0.00134965	0.00281965
4670 	 4935 	 0.959452 	 0.00134984	0.00282007
4670 	 4940 	 0.959453 	 0.00135004	0.00282048
4670 	 4945 	 0.959453 	 0.00135024	0.00282089
4670 	 4950 	 0.959453 	 0.00135043	0.0028213
4670 	 4955 	 0.959454 	 0.00135063	0.00282171
4670 	 4960 	 0.959454 	 0.00135082	0.00282212
4670 	 4965 	 0.959455 	 0.00135102	0.00282252
4670 	 4970 	 0.959455 	 0.00135121	0.00282293
4670 	 4975 	 0.959455 	 0.00135141	0.00282334
4670 	 4980 	 0.959456 	 0.0013516	0.00282374
4670 	 4985 	 0.959456 	 0.0013518	0.00282415
4670 	 4990 	 0.959457 	 0.00135199	0.00282456
4670 	 4995 	 0.959457 	 0.00135218	0.00282496
4670 	 5000 	 0.959458 	 0.00135238	0.00282536
