3655 	 5 	 0.734597 	 0.00295529 	 0.00615418
3655 	 10 	 0.734598 	 0.00295517 	 0.00615393
3655 	 15 	 0.734598 	 0.00295421 	 0.00615193
3655 	 20 	 0.734603 	 0.00294678 	 0.00613646
3655 	 25 	 0.734651 	 0.00289591 	 0.00603054
3655 	 30 	 0.735111 	 0.00273366 	 0.00569265
3655 	 35 	 0.73931 	 0.00459702 	 0.00957296
3655 	 40 	 0.764694 	 0.00252314 	 0.00525425
3655 	 45 	 0.803055 	 0.00987491 	 0.0205638
3655 	 50 	 0.813994 	 0.00241748 	 0.00503422
3655 	 55 	 0.816089 	 0.00181176 	 0.00377287
3655 	 60 	 0.817082 	 0.00184667 	 0.00384556
3655 	 65 	 0.817941 	 0.00173381 	 0.00361055
3655 	 70 	 0.818767 	 0.00160874 	 0.00335009
3655 	 75 	 0.819571 	 0.00149494 	 0.00311312
3655 	 80 	 0.820355 	 0.00139586 	 0.00290677
3655 	 85 	 0.82112 	 0.00131221 	 0.00273258
3655 	 90 	 0.821866 	 0.00124425 	 0.00259106
3655 	 95 	 0.822593 	 0.00119192 	 0.00248209
3655 	 100 	 0.823302 	 0.00115478 	 0.00240474
3655 	 105 	 0.823993 	 0.00113195 	 0.00235721
3655 	 110 	 0.824667 	 0.00112216 	 0.00233683
3655 	 115 	 0.825325 	 0.00112383 	 0.00234029
3655 	 120 	 0.825966 	 0.00113517 	 0.00236392
3655 	 125 	 0.826591 	 0.00115441 	 0.00240398
3655 	 130 	 0.827201 	 0.00117983 	 0.00245692
3655 	 135 	 0.827795 	 0.0012099 	 0.00251953
3655 	 140 	 0.828375 	 0.00124328 	 0.00258905
3655 	 145 	 0.82894 	 0.00127887 	 0.00266315
3655 	 150 	 0.829491 	 0.00131574 	 0.00273994
3655 	 155 	 0.830029 	 0.00135317 	 0.00281788
3655 	 160 	 0.830553 	 0.00139058 	 0.00289578
3655 	 165 	 0.831064 	 0.00142751 	 0.00297269
3655 	 170 	 0.831563 	 0.00146362 	 0.00304788
3655 	 175 	 0.832049 	 0.00149864 	 0.00312082
3655 	 180 	 0.832523 	 0.00153239 	 0.00319109
3655 	 185 	 0.832985 	 0.00156471 	 0.0032584
3655 	 190 	 0.833436 	 0.00159552 	 0.00332256
3655 	 195 	 0.833875 	 0.00162475 	 0.00338343
3655 	 200 	 0.834304 	 0.00165237 	 0.00344095
3655 	 205 	 0.834722 	 0.00167837 	 0.00349509
3655 	 210 	 0.835129 	 0.00170275 	 0.00354586
3655 	 215 	 0.835527 	 0.00172554 	 0.00359331
3655 	 220 	 0.835914 	 0.00174676 	 0.00363749
3655 	 225 	 0.836292 	 0.00176644 	 0.0036785
3655 	 230 	 0.836661 	 0.00178465 	 0.00371641
3655 	 235 	 0.83702 	 0.00180143 	 0.00375134
3655 	 240 	 0.83737 	 0.00181682 	 0.0037834
3655 	 245 	 0.837712 	 0.0018309 	 0.00381271
3655 	 250 	 0.838045 	 0.00184371 	 0.0038394
3655 	 255 	 0.83837 	 0.00185532 	 0.00386357
3655 	 260 	 0.838687 	 0.00186579 	 0.00388537
3655 	 265 	 0.838996 	 0.00187517 	 0.00390491
3655 	 270 	 0.839297 	 0.00188354 	 0.00392233
3655 	 275 	 0.839591 	 0.00189094 	 0.00393775
3655 	 280 	 0.839878 	 0.00189744 	 0.00395129
3655 	 285 	 0.840157 	 0.0019031 	 0.00396308
3655 	 290 	 0.84043 	 0.00190798 	 0.00397322
3655 	 295 	 0.840695 	 0.00191212 	 0.00398185
3655 	 300 	 0.840954 	 0.00191558 	 0.00398907
3655 	 305 	 0.841207 	 0.00191843 	 0.00399499
3655 	 310 	 0.841453 	 0.0019207 	 0.00399972
3655 	 315 	 0.841694 	 0.00192244 	 0.00400336
3655 	 320 	 0.841928 	 0.00192372 	 0.00400601
3655 	 325 	 0.842156 	 0.00192457 	 0.00400777
3655 	 330 	 0.842379 	 0.00192503 	 0.00400874
3655 	 335 	 0.842596 	 0.00192515 	 0.004009
3655 	 340 	 0.842808 	 0.00192498 	 0.00400864
3655 	 345 	 0.843015 	 0.00192455 	 0.00400773
3655 	 350 	 0.843216 	 0.00192389 	 0.00400637
3655 	 355 	 0.843413 	 0.00192305 	 0.00400461
3655 	 360 	 0.843604 	 0.00192206 	 0.00400255
3655 	 365 	 0.843791 	 0.00192094 	 0.00400023
3655 	 370 	 0.843973 	 0.00191974 	 0.00399773
3655 	 375 	 0.844151 	 0.00191848 	 0.0039951
3655 	 380 	 0.844324 	 0.00191719 	 0.00399241
3655 	 385 	 0.844493 	 0.00191589 	 0.00398971
3655 	 390 	 0.844658 	 0.00191461 	 0.00398704
3655 	 395 	 0.844818 	 0.00191337 	 0.00398446
3655 	 400 	 0.844975 	 0.00191219 	 0.00398201
3655 	 405 	 0.845128 	 0.0019111 	 0.00397972
3655 	 410 	 0.845276 	 0.0019101 	 0.00397764
3655 	 415 	 0.845422 	 0.00190921 	 0.0039758
3655 	 420 	 0.845563 	 0.00190846 	 0.00397424
3655 	 425 	 0.845701 	 0.00190785 	 0.00397297
3655 	 430 	 0.845836 	 0.0019074 	 0.00397202
3655 	 435 	 0.845967 	 0.00190711 	 0.00397143
3655 	 440 	 0.846095 	 0.001907 	 0.0039712
3655 	 445 	 0.84622 	 0.00190708 	 0.00397136
3655 	 450 	 0.846342 	 0.00190735 	 0.00397192
3655 	 455 	 0.846461 	 0.00190782 	 0.0039729
3655 	 460 	 0.846577 	 0.00190849 	 0.0039743
3655 	 465 	 0.846689 	 0.00190938 	 0.00397614
3655 	 470 	 0.8468 	 0.00191047 	 0.00397842
3655 	 475 	 0.846907 	 0.00191178 	 0.00398114
3655 	 480 	 0.847012 	 0.0019133 	 0.00398432
3655 	 485 	 0.847114 	 0.00191504 	 0.00398794
3655 	 490 	 0.847213 	 0.001917 	 0.00399201
3655 	 495 	 0.84731 	 0.00191917 	 0.00399653
3655 	 500 	 0.847405 	 0.00192155 	 0.0040015
3655 	 505 	 0.847497 	 0.00192415 	 0.00400691
3655 	 510 	 0.847587 	 0.00192695 	 0.00401275
3655 	 515 	 0.847675 	 0.00192996 	 0.00401901
3655 	 520 	 0.847761 	 0.00193317 	 0.0040257
3655 	 525 	 0.847844 	 0.00193658 	 0.0040328
3655 	 530 	 0.847926 	 0.00194019 	 0.0040403
3655 	 535 	 0.848005 	 0.00194397 	 0.00404819
3655 	 540 	 0.848082 	 0.00194795 	 0.00405646
3655 	 545 	 0.848158 	 0.00195209 	 0.0040651
3655 	 550 	 0.848232 	 0.00195641 	 0.0040741
3655 	 555 	 0.848303 	 0.0019609 	 0.00408344
3655 	 560 	 0.848373 	 0.00196554 	 0.00409311
3655 	 565 	 0.848442 	 0.00197034 	 0.0041031
3655 	 570 	 0.848508 	 0.00197528 	 0.00411339
3655 	 575 	 0.848573 	 0.00198037 	 0.00412397
3655 	 580 	 0.848636 	 0.00198558 	 0.00413483
3655 	 585 	 0.848698 	 0.00199092 	 0.00414596
3655 	 590 	 0.848758 	 0.00199639 	 0.00415733
3655 	 595 	 0.848817 	 0.00200196 	 0.00416894
3655 	 600 	 0.848874 	 0.00200764 	 0.00418078
3655 	 605 	 0.84893 	 0.00201342 	 0.00419282
3655 	 610 	 0.848984 	 0.0020193 	 0.00420505
3655 	 615 	 0.849037 	 0.00202526 	 0.00421747
3655 	 620 	 0.849089 	 0.00203131 	 0.00423005
3655 	 625 	 0.84914 	 0.00203742 	 0.00424279
3655 	 630 	 0.849189 	 0.00204361 	 0.00425568
3655 	 635 	 0.849237 	 0.00204986 	 0.00426869
3655 	 640 	 0.849284 	 0.00205617 	 0.00428182
3655 	 645 	 0.849329 	 0.00206252 	 0.00429506
3655 	 650 	 0.849374 	 0.00206893 	 0.00430839
3655 	 655 	 0.849417 	 0.00207537 	 0.00432181
3655 	 660 	 0.849459 	 0.00208184 	 0.00433529
3655 	 665 	 0.849501 	 0.00208835 	 0.00434884
3655 	 670 	 0.849541 	 0.00209488 	 0.00436244
3655 	 675 	 0.84958 	 0.00210143 	 0.00437608
3655 	 680 	 0.849618 	 0.00210799 	 0.00438975
3655 	 685 	 0.849656 	 0.00211457 	 0.00440344
3655 	 690 	 0.849692 	 0.00212115 	 0.00441714
3655 	 695 	 0.849728 	 0.00212773 	 0.00443085
3655 	 700 	 0.849762 	 0.00213431 	 0.00444455
3655 	 705 	 0.849796 	 0.00214088 	 0.00445824
3655 	 710 	 0.849829 	 0.00214745 	 0.00447191
3655 	 715 	 0.849861 	 0.002154 	 0.00448555
3655 	 720 	 0.849892 	 0.00216053 	 0.00449916
3655 	 725 	 0.849923 	 0.00216705 	 0.00451272
3655 	 730 	 0.849952 	 0.00217354 	 0.00452624
3655 	 735 	 0.849981 	 0.00218 	 0.0045397
3655 	 740 	 0.85001 	 0.00218644 	 0.00455311
3655 	 745 	 0.850037 	 0.00219284 	 0.00456644
3655 	 750 	 0.850064 	 0.00219921 	 0.00457971
3655 	 755 	 0.85009 	 0.00220555 	 0.0045929
3655 	 760 	 0.850116 	 0.00221184 	 0.00460601
3655 	 765 	 0.850141 	 0.0022181 	 0.00461903
3655 	 770 	 0.850165 	 0.00222431 	 0.00463197
3655 	 775 	 0.850189 	 0.00223047 	 0.00464481
3655 	 780 	 0.850212 	 0.00223659 	 0.00465755
3655 	 785 	 0.850235 	 0.00224266 	 0.00467019
3655 	 790 	 0.850257 	 0.00224869 	 0.00468273
3655 	 795 	 0.850278 	 0.00225466 	 0.00469516
3655 	 800 	 0.850299 	 0.00226057 	 0.00470748
3655 	 805 	 0.850319 	 0.00226644 	 0.00471969
3655 	 810 	 0.850339 	 0.00227224 	 0.00473179
3655 	 815 	 0.850359 	 0.002278 	 0.00474377
3655 	 820 	 0.850378 	 0.00228369 	 0.00475563
3655 	 825 	 0.850396 	 0.00228933 	 0.00476736
3655 	 830 	 0.850414 	 0.0022949 	 0.00477898
3655 	 835 	 0.850432 	 0.00230042 	 0.00479047
3655 	 840 	 0.850449 	 0.00230588 	 0.00480183
3655 	 845 	 0.850465 	 0.00231128 	 0.00481307
3655 	 850 	 0.850482 	 0.00231661 	 0.00482418
3655 	 855 	 0.850497 	 0.00232188 	 0.00483516
3655 	 860 	 0.850513 	 0.0023271 	 0.00484601
3655 	 865 	 0.850528 	 0.00233224 	 0.00485673
3655 	 870 	 0.850543 	 0.00233733 	 0.00486732
3655 	 875 	 0.850557 	 0.00234235 	 0.00487778
3655 	 880 	 0.850571 	 0.00234731 	 0.00488811
3655 	 885 	 0.850585 	 0.00235221 	 0.0048983
3655 	 890 	 0.850598 	 0.00235704 	 0.00490837
3655 	 895 	 0.850611 	 0.00236181 	 0.0049183
3655 	 900 	 0.850624 	 0.00236651 	 0.00492809
3655 	 905 	 0.850636 	 0.00237115 	 0.00493776
3655 	 910 	 0.850648 	 0.00237573 	 0.00494729
3655 	 915 	 0.85066 	 0.00238025 	 0.0049567
3655 	 920 	 0.850671 	 0.0023847 	 0.00496597
3655 	 925 	 0.850682 	 0.00238909 	 0.00497511
3655 	 930 	 0.850693 	 0.00239341 	 0.00498412
3655 	 935 	 0.850704 	 0.00239768 	 0.004993
3655 	 940 	 0.850714 	 0.00240188 	 0.00500175
3655 	 945 	 0.850724 	 0.00240602 	 0.00501037
3655 	 950 	 0.850734 	 0.0024101 	 0.00501887
3655 	 955 	 0.850744 	 0.00241412 	 0.00502724
3655 	 960 	 0.850753 	 0.00241808 	 0.00503548
3655 	 965 	 0.850762 	 0.00242198 	 0.0050436
3655 	 970 	 0.850771 	 0.00242582 	 0.00505159
3655 	 975 	 0.85078 	 0.0024296 	 0.00505946
3655 	 980 	 0.850788 	 0.00243332 	 0.00506721
3655 	 985 	 0.850796 	 0.00243698 	 0.00507484
3655 	 990 	 0.850804 	 0.00244058 	 0.00508235
3655 	 995 	 0.850812 	 0.00244413 	 0.00508973
3655 	 1000 	 0.85082 	 0.00244762 	 0.005097
3655 	 1005 	 0.850827 	 0.00245106 	 0.00510416
3655 	 1010 	 0.850834 	 0.00245444 	 0.00511119
3655 	 1015 	 0.850842 	 0.00245776 	 0.00511812
3655 	 1020 	 0.850848 	 0.00246103 	 0.00512493
3655 	 1025 	 0.850855 	 0.00246425 	 0.00513163
3655 	 1030 	 0.850862 	 0.00246741 	 0.00513821
3655 	 1035 	 0.850868 	 0.00247052 	 0.00514469
3655 	 1040 	 0.850874 	 0.00247358 	 0.00515106
3655 	 1045 	 0.85088 	 0.00247659 	 0.00515732
3655 	 1050 	 0.850886 	 0.00247954 	 0.00516348
3655 	 1055 	 0.850892 	 0.00248245 	 0.00516953
3655 	 1060 	 0.850898 	 0.00248531 	 0.00517547
3655 	 1065 	 0.850903 	 0.00248811 	 0.00518132
3655 	 1070 	 0.850909 	 0.00249087 	 0.00518707
3655 	 1075 	 0.850914 	 0.00249358 	 0.00519271
3655 	 1080 	 0.850919 	 0.00249625 	 0.00519826
3655 	 1085 	 0.850924 	 0.00249886 	 0.00520371
3655 	 1090 	 0.850929 	 0.00250144 	 0.00520906
3655 	 1095 	 0.850934 	 0.00250396 	 0.00521433
3655 	 1100 	 0.850938 	 0.00250644 	 0.00521949
3655 	 1105 	 0.850943 	 0.00250888 	 0.00522457
3655 	 1110 	 0.850947 	 0.00251128 	 0.00522956
3655 	 1115 	 0.850951 	 0.00251363 	 0.00523445
3655 	 1120 	 0.850956 	 0.00251594 	 0.00523926
3655 	 1125 	 0.85096 	 0.0025182 	 0.00524398
3655 	 1130 	 0.850964 	 0.00252043 	 0.00524862
3655 	 1135 	 0.850968 	 0.00252262 	 0.00525317
3655 	 1140 	 0.850971 	 0.00252476 	 0.00525764
3655 	 1145 	 0.850975 	 0.00252687 	 0.00526203
3655 	 1150 	 0.850979 	 0.00252894 	 0.00526634
3655 	 1155 	 0.850982 	 0.00253097 	 0.00527057
3655 	 1160 	 0.850986 	 0.00253296 	 0.00527472
3655 	 1165 	 0.850989 	 0.00253492 	 0.00527879
3655 	 1170 	 0.850992 	 0.00253684 	 0.00528279
3655 	 1175 	 0.850995 	 0.00253872 	 0.00528671
3655 	 1180 	 0.850998 	 0.00254057 	 0.00529057
3655 	 1185 	 0.851001 	 0.00254239 	 0.00529434
3655 	 1190 	 0.851004 	 0.00254417 	 0.00529805
3655 	 1195 	 0.851007 	 0.00254592 	 0.00530169
3655 	 1200 	 0.85101 	 0.00254763 	 0.00530526
3655 	 1205 	 0.851013 	 0.00254931 	 0.00530876
3655 	 1210 	 0.851015 	 0.00255096 	 0.0053122
3655 	 1215 	 0.851018 	 0.00255258 	 0.00531557
3655 	 1220 	 0.85102 	 0.00255417 	 0.00531888
3655 	 1225 	 0.851023 	 0.00255573 	 0.00532212
3655 	 1230 	 0.851025 	 0.00255725 	 0.0053253
3655 	 1235 	 0.851028 	 0.00255875 	 0.00532842
3655 	 1240 	 0.85103 	 0.00256022 	 0.00533148
3655 	 1245 	 0.851032 	 0.00256166 	 0.00533448
3655 	 1250 	 0.851034 	 0.00256308 	 0.00533743
3655 	 1255 	 0.851036 	 0.00256446 	 0.00534031
3655 	 1260 	 0.851039 	 0.00256582 	 0.00534314
3655 	 1265 	 0.851041 	 0.00256715 	 0.00534592
3655 	 1270 	 0.851043 	 0.00256846 	 0.00534864
3655 	 1275 	 0.851044 	 0.00256974 	 0.00535131
3655 	 1280 	 0.851046 	 0.002571 	 0.00535393
3655 	 1285 	 0.851048 	 0.00257223 	 0.00535649
3655 	 1290 	 0.85105 	 0.00257344 	 0.00535901
3655 	 1295 	 0.851052 	 0.00257462 	 0.00536147
3655 	 1300 	 0.851053 	 0.00257578 	 0.00536389
3655 	 1305 	 0.851055 	 0.00257692 	 0.00536626
3655 	 1310 	 0.851057 	 0.00257804 	 0.00536858
3655 	 1315 	 0.851058 	 0.00257913 	 0.00537086
3655 	 1320 	 0.85106 	 0.0025802 	 0.00537309
3655 	 1325 	 0.851061 	 0.00258125 	 0.00537527
3655 	 1330 	 0.851063 	 0.00258228 	 0.00537742
3655 	 1335 	 0.851064 	 0.00258329 	 0.00537952
3655 	 1340 	 0.851065 	 0.00258428 	 0.00538158
3655 	 1345 	 0.851067 	 0.00258525 	 0.00538359
3655 	 1350 	 0.851068 	 0.0025862 	 0.00538557
3655 	 1355 	 0.851069 	 0.00258713 	 0.00538751
3655 	 1360 	 0.851071 	 0.00258804 	 0.00538941
3655 	 1365 	 0.851072 	 0.00258893 	 0.00539127
3655 	 1370 	 0.851073 	 0.00258981 	 0.00539309
3655 	 1375 	 0.851074 	 0.00259066 	 0.00539487
3655 	 1380 	 0.851075 	 0.0025915 	 0.00539662
3655 	 1385 	 0.851076 	 0.00259233 	 0.00539834
3655 	 1390 	 0.851077 	 0.00259313 	 0.00540002
3655 	 1395 	 0.851078 	 0.00259392 	 0.00540166
3655 	 1400 	 0.85108 	 0.0025947 	 0.00540327
3655 	 1405 	 0.851081 	 0.00259546 	 0.00540485
3655 	 1410 	 0.851081 	 0.0025962 	 0.0054064
3655 	 1415 	 0.851082 	 0.00259693 	 0.00540792
3655 	 1420 	 0.851083 	 0.00259764 	 0.0054094
3655 	 1425 	 0.851084 	 0.00259834 	 0.00541085
3655 	 1430 	 0.851085 	 0.00259902 	 0.00541228
3655 	 1435 	 0.851086 	 0.00259969 	 0.00541367
3655 	 1440 	 0.851087 	 0.00260035 	 0.00541504
3655 	 1445 	 0.851088 	 0.00260099 	 0.00541638
3655 	 1450 	 0.851088 	 0.00260162 	 0.00541769
3655 	 1455 	 0.851089 	 0.00260223 	 0.00541897
3655 	 1460 	 0.85109 	 0.00260284 	 0.00542023
3655 	 1465 	 0.851091 	 0.00260343 	 0.00542146
3655 	 1470 	 0.851091 	 0.00260401 	 0.00542267
3655 	 1475 	 0.851092 	 0.00260458 	 0.00542385
3655 	 1480 	 0.851093 	 0.00260513 	 0.005425
3655 	 1485 	 0.851093 	 0.00260567 	 0.00542613
3655 	 1490 	 0.851094 	 0.00260621 	 0.00542724
3655 	 1495 	 0.851095 	 0.00260673 	 0.00542833
3655 	 1500 	 0.851095 	 0.00260724 	 0.00542939
3655 	 1505 	 0.851096 	 0.00260774 	 0.00543043
3655 	 1510 	 0.851097 	 0.00260823 	 0.00543145
3655 	 1515 	 0.851097 	 0.00260871 	 0.00543245
3655 	 1520 	 0.851098 	 0.00260918 	 0.00543343
3655 	 1525 	 0.851098 	 0.00260964 	 0.00543438
3655 	 1530 	 0.851099 	 0.00261009 	 0.00543532
3655 	 1535 	 0.851099 	 0.00261053 	 0.00543624
3655 	 1540 	 0.8511 	 0.00261096 	 0.00543713
3655 	 1545 	 0.8511 	 0.00261138 	 0.00543801
3655 	 1550 	 0.851101 	 0.00261179 	 0.00543887
3655 	 1555 	 0.851101 	 0.0026122 	 0.00543971
3655 	 1560 	 0.851102 	 0.00261259 	 0.00544054
3655 	 1565 	 0.851102 	 0.00261298 	 0.00544135
3655 	 1570 	 0.851103 	 0.00261336 	 0.00544213
3655 	 1575 	 0.851103 	 0.00261373 	 0.00544291
3655 	 1580 	 0.851103 	 0.00261409 	 0.00544366
3655 	 1585 	 0.851104 	 0.00261445 	 0.00544441
3655 	 1590 	 0.851104 	 0.0026148 	 0.00544513
3655 	 1595 	 0.851105 	 0.00261514 	 0.00544584
3655 	 1600 	 0.851105 	 0.00261547 	 0.00544654
3655 	 1605 	 0.851105 	 0.0026158 	 0.00544722
3655 	 1610 	 0.851106 	 0.00261612 	 0.00544788
3655 	 1615 	 0.851106 	 0.00261643 	 0.00544853
3655 	 1620 	 0.851106 	 0.00261674 	 0.00544917
3655 	 1625 	 0.851107 	 0.00261704 	 0.00544979
3655 	 1630 	 0.851107 	 0.00261733 	 0.0054504
3655 	 1635 	 0.851107 	 0.00261762 	 0.005451
3655 	 1640 	 0.851108 	 0.0026179 	 0.00545159
3655 	 1645 	 0.851108 	 0.00261817 	 0.00545216
3655 	 1650 	 0.851108 	 0.00261844 	 0.00545272
3655 	 1655 	 0.851108 	 0.0026187 	 0.00545327
3655 	 1660 	 0.851109 	 0.00261896 	 0.0054538
3655 	 1665 	 0.851109 	 0.00261921 	 0.00545433
3655 	 1670 	 0.851109 	 0.00261946 	 0.00545484
3655 	 1675 	 0.85111 	 0.0026197 	 0.00545534
3655 	 1680 	 0.85111 	 0.00261994 	 0.00545583
3655 	 1685 	 0.85111 	 0.00262017 	 0.00545632
3655 	 1690 	 0.85111 	 0.00262039 	 0.00545679
3655 	 1695 	 0.85111 	 0.00262061 	 0.00545725
3655 	 1700 	 0.851111 	 0.00262083 	 0.0054577
3655 	 1705 	 0.851111 	 0.00262104 	 0.00545814
3655 	 1710 	 0.851111 	 0.00262125 	 0.00545857
3655 	 1715 	 0.851111 	 0.00262145 	 0.00545899
3655 	 1720 	 0.851112 	 0.00262165 	 0.0054594
3655 	 1725 	 0.851112 	 0.00262185 	 0.00545981
3655 	 1730 	 0.851112 	 0.00262204 	 0.0054602
3655 	 1735 	 0.851112 	 0.00262222 	 0.00546059
3655 	 1740 	 0.851112 	 0.0026224 	 0.00546097
3655 	 1745 	 0.851112 	 0.00262258 	 0.00546134
3655 	 1750 	 0.851113 	 0.00262275 	 0.0054617
3655 	 1755 	 0.851113 	 0.00262292 	 0.00546206
3655 	 1760 	 0.851113 	 0.00262309 	 0.0054624
3655 	 1765 	 0.851113 	 0.00262325 	 0.00546274
3655 	 1770 	 0.851113 	 0.00262341 	 0.00546307
3655 	 1775 	 0.851113 	 0.00262357 	 0.0054634
3655 	 1780 	 0.851114 	 0.00262372 	 0.00546371
3655 	 1785 	 0.851114 	 0.00262387 	 0.00546402
3655 	 1790 	 0.851114 	 0.00262402 	 0.00546433
3655 	 1795 	 0.851114 	 0.00262416 	 0.00546463
3655 	 1800 	 0.851114 	 0.0026243 	 0.00546492
3655 	 1805 	 0.851114 	 0.00262443 	 0.0054652
3655 	 1810 	 0.851114 	 0.00262457 	 0.00546548
3655 	 1815 	 0.851115 	 0.0026247 	 0.00546575
3655 	 1820 	 0.851115 	 0.00262483 	 0.00546602
3655 	 1825 	 0.851115 	 0.00262495 	 0.00546628
3655 	 1830 	 0.851115 	 0.00262507 	 0.00546653
3655 	 1835 	 0.851115 	 0.00262519 	 0.00546678
3655 	 1840 	 0.851115 	 0.00262531 	 0.00546702
3655 	 1845 	 0.851115 	 0.00262542 	 0.00546726
3655 	 1850 	 0.851115 	 0.00262554 	 0.00546749
3655 	 1855 	 0.851115 	 0.00262564 	 0.00546772
3655 	 1860 	 0.851116 	 0.00262575 	 0.00546794
3655 	 1865 	 0.851116 	 0.00262586 	 0.00546816
3655 	 1870 	 0.851116 	 0.00262596 	 0.00546837
3655 	 1875 	 0.851116 	 0.00262606 	 0.00546858
3655 	 1880 	 0.851116 	 0.00262616 	 0.00546879
3655 	 1885 	 0.851116 	 0.00262625 	 0.00546899
3655 	 1890 	 0.851116 	 0.00262635 	 0.00546918
3655 	 1895 	 0.851116 	 0.00262644 	 0.00546937
3655 	 1900 	 0.851116 	 0.00262653 	 0.00546956
3655 	 1905 	 0.851116 	 0.00262661 	 0.00546974
3655 	 1910 	 0.851116 	 0.0026267 	 0.00546992
3655 	 1915 	 0.851117 	 0.00262678 	 0.00547009
3655 	 1920 	 0.851117 	 0.00262686 	 0.00547026
3655 	 1925 	 0.851117 	 0.00262694 	 0.00547043
3655 	 1930 	 0.851117 	 0.00262702 	 0.00547059
3655 	 1935 	 0.851117 	 0.0026271 	 0.00547075
3655 	 1940 	 0.851117 	 0.00262717 	 0.00547091
3655 	 1945 	 0.851117 	 0.00262725 	 0.00547106
3655 	 1950 	 0.851117 	 0.00262732 	 0.00547121
3655 	 1955 	 0.851117 	 0.00262739 	 0.00547135
3655 	 1960 	 0.851117 	 0.00262746 	 0.0054715
3655 	 1965 	 0.851117 	 0.00262752 	 0.00547163
3655 	 1970 	 0.851117 	 0.00262759 	 0.00547177
3655 	 1975 	 0.851117 	 0.00262765 	 0.0054719
3655 	 1980 	 0.851117 	 0.00262772 	 0.00547203
3655 	 1985 	 0.851117 	 0.00262778 	 0.00547216
3655 	 1990 	 0.851117 	 0.00262784 	 0.00547229
3655 	 1995 	 0.851118 	 0.0026279 	 0.00547241
3655 	 2000 	 0.851118 	 0.00262795 	 0.00547253
3655 	 2005 	 0.851118 	 0.00262801 	 0.00547264
3655 	 2010 	 0.851118 	 0.00262806 	 0.00547276
3655 	 2015 	 0.851118 	 0.00262812 	 0.00547287
3655 	 2020 	 0.851118 	 0.00262817 	 0.00547298
3655 	 2025 	 0.851118 	 0.00262822 	 0.00547308
3655 	 2030 	 0.851118 	 0.00262827 	 0.00547319
3655 	 2035 	 0.851118 	 0.00262832 	 0.00547329
3655 	 2040 	 0.851118 	 0.00262837 	 0.00547339
3655 	 2045 	 0.851118 	 0.00262841 	 0.00547348
3655 	 2050 	 0.851118 	 0.00262846 	 0.00547358
3655 	 2055 	 0.851118 	 0.0026285 	 0.00547367
3655 	 2060 	 0.851118 	 0.00262855 	 0.00547376
3655 	 2065 	 0.851118 	 0.00262859 	 0.00547385
3655 	 2070 	 0.851118 	 0.00262863 	 0.00547394
3655 	 2075 	 0.851118 	 0.00262867 	 0.00547402
3655 	 2080 	 0.851118 	 0.00262871 	 0.0054741
3655 	 2085 	 0.851118 	 0.00262875 	 0.00547418
3655 	 2090 	 0.851118 	 0.00262879 	 0.00547426
3655 	 2095 	 0.851118 	 0.00262882 	 0.00547434
3655 	 2100 	 0.851118 	 0.00262886 	 0.00547442
3655 	 2105 	 0.851118 	 0.0026289 	 0.00547449
3655 	 2110 	 0.851118 	 0.00262893 	 0.00547456
3655 	 2115 	 0.851118 	 0.00262896 	 0.00547463
3655 	 2120 	 0.851118 	 0.002629 	 0.0054747
3655 	 2125 	 0.851119 	 0.00262903 	 0.00547477
3655 	 2130 	 0.851119 	 0.00262906 	 0.00547484
3655 	 2135 	 0.851119 	 0.00262909 	 0.0054749
3655 	 2140 	 0.851119 	 0.00262912 	 0.00547496
3655 	 2145 	 0.851119 	 0.00262915 	 0.00547502
3655 	 2150 	 0.851119 	 0.00262918 	 0.00547508
3655 	 2155 	 0.851119 	 0.00262921 	 0.00547514
3655 	 2160 	 0.851119 	 0.00262924 	 0.0054752
3655 	 2165 	 0.851119 	 0.00262926 	 0.00547526
3655 	 2170 	 0.851119 	 0.00262929 	 0.00547531
3655 	 2175 	 0.851119 	 0.00262932 	 0.00547537
3655 	 2180 	 0.851119 	 0.00262934 	 0.00547542
3655 	 2185 	 0.851119 	 0.00262937 	 0.00547547
3655 	 2190 	 0.851119 	 0.00262939 	 0.00547552
3655 	 2195 	 0.851119 	 0.00262941 	 0.00547557
3655 	 2200 	 0.851119 	 0.00262944 	 0.00547562
3655 	 2205 	 0.851119 	 0.00262946 	 0.00547566
3655 	 2210 	 0.851119 	 0.00262948 	 0.00547571
3655 	 2215 	 0.851119 	 0.0026295 	 0.00547575
3655 	 2220 	 0.851119 	 0.00262952 	 0.0054758
3655 	 2225 	 0.851119 	 0.00262954 	 0.00547584
3655 	 2230 	 0.851119 	 0.00262956 	 0.00547588
3655 	 2235 	 0.851119 	 0.00262958 	 0.00547592
3655 	 2240 	 0.851119 	 0.0026296 	 0.00547596
3655 	 2245 	 0.851119 	 0.00262962 	 0.005476
3655 	 2250 	 0.851119 	 0.00262964 	 0.00547604
3655 	 2255 	 0.851119 	 0.00262966 	 0.00547607
3655 	 2260 	 0.851119 	 0.00262967 	 0.00547611
3655 	 2265 	 0.851119 	 0.00262969 	 0.00547615
3655 	 2270 	 0.851119 	 0.00262971 	 0.00547618
3655 	 2275 	 0.851119 	 0.00262972 	 0.00547621
3655 	 2280 	 0.851119 	 0.00262974 	 0.00547625
3655 	 2285 	 0.851119 	 0.00262975 	 0.00547628
3655 	 2290 	 0.851119 	 0.00262977 	 0.00547631
3655 	 2295 	 0.851119 	 0.00262978 	 0.00547634
3655 	 2300 	 0.851119 	 0.0026298 	 0.00547637
3655 	 2305 	 0.851119 	 0.00262981 	 0.0054764
3655 	 2310 	 0.851119 	 0.00262983 	 0.00547643
3655 	 2315 	 0.851119 	 0.00262984 	 0.00547646
3655 	 2320 	 0.851119 	 0.00262985 	 0.00547649
3655 	 2325 	 0.851119 	 0.00262987 	 0.00547651
3655 	 2330 	 0.851119 	 0.00262988 	 0.00547654
3655 	 2335 	 0.851119 	 0.00262989 	 0.00547657
3655 	 2340 	 0.851119 	 0.0026299 	 0.00547659
3655 	 2345 	 0.851119 	 0.00262992 	 0.00547661
3655 	 2350 	 0.851119 	 0.00262993 	 0.00547664
3655 	 2355 	 0.851119 	 0.00262994 	 0.00547666
3655 	 2360 	 0.851119 	 0.00262995 	 0.00547668
3655 	 2365 	 0.851119 	 0.00262996 	 0.00547671
3655 	 2370 	 0.851119 	 0.00262997 	 0.00547673
3655 	 2375 	 0.851119 	 0.00262998 	 0.00547675
3655 	 2380 	 0.851119 	 0.00262999 	 0.00547677
3655 	 2385 	 0.851119 	 0.00263 	 0.00547679
3655 	 2390 	 0.851119 	 0.00263001 	 0.00547681
3655 	 2395 	 0.851119 	 0.00263002 	 0.00547683
3655 	 2400 	 0.851119 	 0.00263003 	 0.00547685
3655 	 2405 	 0.851119 	 0.00263004 	 0.00547687
3655 	 2410 	 0.851119 	 0.00263005 	 0.00547689
3655 	 2415 	 0.851119 	 0.00263005 	 0.0054769
3655 	 2420 	 0.851119 	 0.00263006 	 0.00547692
3655 	 2425 	 0.851119 	 0.00263007 	 0.00547694
3655 	 2430 	 0.851119 	 0.00263008 	 0.00547695
3655 	 2435 	 0.851119 	 0.00263009 	 0.00547697
3655 	 2440 	 0.851119 	 0.00263009 	 0.00547699
3655 	 2445 	 0.851119 	 0.0026301 	 0.005477
3655 	 2450 	 0.851119 	 0.00263011 	 0.00547702
3655 	 2455 	 0.851119 	 0.00263012 	 0.00547703
3655 	 2460 	 0.851119 	 0.00263012 	 0.00547704
3655 	 2465 	 0.851119 	 0.00263013 	 0.00547706
3655 	 2470 	 0.851119 	 0.00263014 	 0.00547707
3655 	 2475 	 0.851119 	 0.00263014 	 0.00547709
3655 	 2480 	 0.851119 	 0.00263015 	 0.0054771
3655 	 2485 	 0.851119 	 0.00263015 	 0.00547711
3655 	 2490 	 0.851119 	 0.00263016 	 0.00547712
3655 	 2495 	 0.851119 	 0.00263017 	 0.00547714
3655 	 2500 	 0.851119 	 0.00263017 	 0.00547715
3655 	 2505 	 0.851119 	 0.00263018 	 0.00547716
3655 	 2510 	 0.851119 	 0.00263018 	 0.00547717
3655 	 2515 	 0.851119 	 0.00263019 	 0.00547718
3655 	 2520 	 0.851119 	 0.00263019 	 0.00547719
3655 	 2525 	 0.851119 	 0.0026302 	 0.0054772
3655 	 2530 	 0.851119 	 0.0026302 	 0.00547721
3655 	 2535 	 0.851119 	 0.00263021 	 0.00547722
3655 	 2540 	 0.851119 	 0.00263021 	 0.00547723
3655 	 2545 	 0.851119 	 0.00263022 	 0.00547724
3655 	 2550 	 0.851119 	 0.00263022 	 0.00547725
3655 	 2555 	 0.851119 	 0.00263023 	 0.00547726
3655 	 2560 	 0.851119 	 0.00263023 	 0.00547727
3655 	 2565 	 0.851119 	 0.00263023 	 0.00547728
3655 	 2570 	 0.851119 	 0.00263024 	 0.00547729
3655 	 2575 	 0.851119 	 0.00263024 	 0.0054773
3655 	 2580 	 0.851119 	 0.00263025 	 0.0054773
3655 	 2585 	 0.851119 	 0.00263025 	 0.00547731
3655 	 2590 	 0.851119 	 0.00263025 	 0.00547732
3655 	 2595 	 0.851119 	 0.00263026 	 0.00547733
3655 	 2600 	 0.851119 	 0.00263026 	 0.00547733
3655 	 2605 	 0.851119 	 0.00263026 	 0.00547734
3655 	 2610 	 0.851119 	 0.00263027 	 0.00547735
3655 	 2615 	 0.851119 	 0.00263027 	 0.00547735
3655 	 2620 	 0.851119 	 0.00263027 	 0.00547736
3655 	 2625 	 0.851119 	 0.00263028 	 0.00547737
3655 	 2630 	 0.851119 	 0.00263028 	 0.00547737
3655 	 2635 	 0.851119 	 0.00263028 	 0.00547738
3655 	 2640 	 0.851119 	 0.00263029 	 0.00547739
3655 	 2645 	 0.851119 	 0.00263029 	 0.00547739
3655 	 2650 	 0.851119 	 0.00263029 	 0.0054774
3655 	 2655 	 0.851119 	 0.00263029 	 0.0054774
3655 	 2660 	 0.851119 	 0.0026303 	 0.00547741
3655 	 2665 	 0.851119 	 0.0026303 	 0.00547742
3655 	 2670 	 0.851119 	 0.0026303 	 0.00547742
3655 	 2675 	 0.851119 	 0.0026303 	 0.00547743
3655 	 2680 	 0.851119 	 0.00263031 	 0.00547743
3655 	 2685 	 0.851119 	 0.00263031 	 0.00547744
3655 	 2690 	 0.851119 	 0.00263031 	 0.00547744
3655 	 2695 	 0.851119 	 0.00263031 	 0.00547744
3655 	 2700 	 0.851119 	 0.00263032 	 0.00547745
3655 	 2705 	 0.851119 	 0.00263032 	 0.00547745
3655 	 2710 	 0.851119 	 0.00263032 	 0.00547746
3655 	 2715 	 0.851119 	 0.00263032 	 0.00547746
3655 	 2720 	 0.851119 	 0.00263032 	 0.00547747
3655 	 2725 	 0.851119 	 0.00263033 	 0.00547747
3655 	 2730 	 0.851119 	 0.00263033 	 0.00547747
3655 	 2735 	 0.851119 	 0.00263033 	 0.00547748
3655 	 2740 	 0.851119 	 0.00263033 	 0.00547748
3655 	 2745 	 0.851119 	 0.00263033 	 0.00547749
3655 	 2750 	 0.85112 	 0.00263034 	 0.00547749
3655 	 2755 	 0.85112 	 0.00263034 	 0.00547749
3655 	 2760 	 0.85112 	 0.00263034 	 0.0054775
3655 	 2765 	 0.85112 	 0.00263034 	 0.0054775
3655 	 2770 	 0.85112 	 0.00263034 	 0.0054775
3655 	 2775 	 0.85112 	 0.00263034 	 0.00547751
3655 	 2780 	 0.85112 	 0.00263035 	 0.00547751
3655 	 2785 	 0.85112 	 0.00263035 	 0.00547751
3655 	 2790 	 0.85112 	 0.00263035 	 0.00547752
3655 	 2795 	 0.85112 	 0.00263035 	 0.00547752
3655 	 2800 	 0.85112 	 0.00263035 	 0.00547752
3655 	 2805 	 0.85112 	 0.00263035 	 0.00547752
3655 	 2810 	 0.85112 	 0.00263035 	 0.00547753
3655 	 2815 	 0.85112 	 0.00263035 	 0.00547753
3655 	 2820 	 0.85112 	 0.00263036 	 0.00547753
3655 	 2825 	 0.85112 	 0.00263036 	 0.00547753
3655 	 2830 	 0.85112 	 0.00263036 	 0.00547754
3655 	 2835 	 0.85112 	 0.00263036 	 0.00547754
3655 	 2840 	 0.85112 	 0.00263036 	 0.00547754
3655 	 2845 	 0.85112 	 0.00263036 	 0.00547754
3655 	 2850 	 0.85112 	 0.00263036 	 0.00547755
3655 	 2855 	 0.85112 	 0.00263036 	 0.00547755
3655 	 2860 	 0.85112 	 0.00263036 	 0.00547755
3655 	 2865 	 0.85112 	 0.00263037 	 0.00547755
3655 	 2870 	 0.85112 	 0.00263037 	 0.00547755
3655 	 2875 	 0.85112 	 0.00263037 	 0.00547756
3655 	 2880 	 0.85112 	 0.00263037 	 0.00547756
3655 	 2885 	 0.85112 	 0.00263037 	 0.00547756
3655 	 2890 	 0.85112 	 0.00263037 	 0.00547756
3655 	 2895 	 0.85112 	 0.00263037 	 0.00547756
3655 	 2900 	 0.85112 	 0.00263037 	 0.00547757
3655 	 2905 	 0.85112 	 0.00263037 	 0.00547757
3655 	 2910 	 0.85112 	 0.00263037 	 0.00547757
3655 	 2915 	 0.85112 	 0.00263037 	 0.00547757
3655 	 2920 	 0.85112 	 0.00263038 	 0.00547757
3655 	 2925 	 0.85112 	 0.00263038 	 0.00547757
3655 	 2930 	 0.85112 	 0.00263038 	 0.00547758
3655 	 2935 	 0.85112 	 0.00263038 	 0.00547758
3655 	 2940 	 0.85112 	 0.00263038 	 0.00547758
3655 	 2945 	 0.85112 	 0.00263038 	 0.00547758
3655 	 2950 	 0.85112 	 0.00263038 	 0.00547758
3655 	 2955 	 0.85112 	 0.00263038 	 0.00547758
3655 	 2960 	 0.85112 	 0.00263038 	 0.00547758
3655 	 2965 	 0.85112 	 0.00263038 	 0.00547758
3655 	 2970 	 0.85112 	 0.00263038 	 0.00547759
3655 	 2975 	 0.85112 	 0.00263038 	 0.00547759
3655 	 2980 	 0.85112 	 0.00263038 	 0.00547759
3655 	 2985 	 0.85112 	 0.00263038 	 0.00547759
3655 	 2990 	 0.85112 	 0.00263038 	 0.00547759
3655 	 2995 	 0.85112 	 0.00263038 	 0.00547759
3655 	 3000 	 0.85112 	 0.00263039 	 0.00547759
3655 	 3005 	 0.85112 	 0.00263039 	 0.00547759
3655 	 3010 	 0.85112 	 0.00263039 	 0.00547759
3655 	 3015 	 0.85112 	 0.00263039 	 0.0054776
3655 	 3020 	 0.85112 	 0.00263039 	 0.0054776
3655 	 3025 	 0.85112 	 0.00263039 	 0.0054776
3655 	 3030 	 0.85112 	 0.00263039 	 0.0054776
3655 	 3035 	 0.85112 	 0.00263039 	 0.0054776
3655 	 3040 	 0.85112 	 0.00263039 	 0.0054776
3655 	 3045 	 0.85112 	 0.00263039 	 0.0054776
3655 	 3050 	 0.85112 	 0.00263039 	 0.0054776
3655 	 3055 	 0.85112 	 0.00263039 	 0.0054776
3655 	 3060 	 0.85112 	 0.00263039 	 0.0054776
3655 	 3065 	 0.85112 	 0.00263039 	 0.0054776
3655 	 3070 	 0.85112 	 0.00263039 	 0.0054776
3655 	 3075 	 0.85112 	 0.00263039 	 0.00547761
3655 	 3080 	 0.85112 	 0.00263039 	 0.00547761
3655 	 3085 	 0.85112 	 0.00263039 	 0.00547761
3655 	 3090 	 0.85112 	 0.00263039 	 0.00547761
3655 	 3095 	 0.85112 	 0.00263039 	 0.00547761
3655 	 3100 	 0.85112 	 0.00263039 	 0.00547761
3655 	 3105 	 0.85112 	 0.00263039 	 0.00547761
3655 	 3110 	 0.85112 	 0.00263039 	 0.00547761
3655 	 3115 	 0.85112 	 0.00263039 	 0.00547761
3655 	 3120 	 0.85112 	 0.00263039 	 0.00547761
3655 	 3125 	 0.85112 	 0.00263039 	 0.00547761
3655 	 3130 	 0.85112 	 0.00263039 	 0.00547761
3655 	 3135 	 0.85112 	 0.0026304 	 0.00547761
3655 	 3140 	 0.85112 	 0.0026304 	 0.00547761
3655 	 3145 	 0.85112 	 0.0026304 	 0.00547761
3655 	 3150 	 0.85112 	 0.0026304 	 0.00547761
3655 	 3155 	 0.85112 	 0.0026304 	 0.00547762
3655 	 3160 	 0.85112 	 0.0026304 	 0.00547762
3655 	 3165 	 0.85112 	 0.0026304 	 0.00547762
3655 	 3170 	 0.85112 	 0.0026304 	 0.00547762
3655 	 3175 	 0.85112 	 0.0026304 	 0.00547762
3655 	 3180 	 0.85112 	 0.0026304 	 0.00547762
3655 	 3185 	 0.85112 	 0.0026304 	 0.00547762
3655 	 3190 	 0.85112 	 0.0026304 	 0.00547762
3655 	 3195 	 0.85112 	 0.0026304 	 0.00547762
3655 	 3200 	 0.85112 	 0.0026304 	 0.00547762
3655 	 3205 	 0.85112 	 0.0026304 	 0.00547762
3655 	 3210 	 0.85112 	 0.0026304 	 0.00547762
3655 	 3215 	 0.85112 	 0.0026304 	 0.00547762
3655 	 3220 	 0.85112 	 0.0026304 	 0.00547762
3655 	 3225 	 0.85112 	 0.0026304 	 0.00547762
3655 	 3230 	 0.85112 	 0.0026304 	 0.00547762
3655 	 3235 	 0.85112 	 0.0026304 	 0.00547762
3655 	 3240 	 0.85112 	 0.0026304 	 0.00547762
3655 	 3245 	 0.85112 	 0.0026304 	 0.00547762
3655 	 3250 	 0.85112 	 0.0026304 	 0.00547762
3655 	 3255 	 0.85112 	 0.0026304 	 0.00547762
3655 	 3260 	 0.85112 	 0.0026304 	 0.00547762
3655 	 3265 	 0.85112 	 0.0026304 	 0.00547762
3655 	 3270 	 0.85112 	 0.0026304 	 0.00547762
3655 	 3275 	 0.85112 	 0.0026304 	 0.00547762
3655 	 3280 	 0.85112 	 0.0026304 	 0.00547762
3655 	 3285 	 0.85112 	 0.0026304 	 0.00547762
3655 	 3290 	 0.85112 	 0.0026304 	 0.00547762
3655 	 3295 	 0.85112 	 0.0026304 	 0.00547762
3655 	 3300 	 0.85112 	 0.0026304 	 0.00547763
3655 	 3305 	 0.85112 	 0.0026304 	 0.00547763
3655 	 3310 	 0.85112 	 0.0026304 	 0.00547763
3655 	 3315 	 0.85112 	 0.0026304 	 0.00547763
3655 	 3320 	 0.85112 	 0.0026304 	 0.00547763
3655 	 3325 	 0.85112 	 0.0026304 	 0.00547763
3655 	 3330 	 0.85112 	 0.0026304 	 0.00547763
3655 	 3335 	 0.85112 	 0.0026304 	 0.00547763
3655 	 3340 	 0.85112 	 0.0026304 	 0.00547763
3655 	 3345 	 0.85112 	 0.0026304 	 0.00547763
3655 	 3350 	 0.85112 	 0.0026304 	 0.00547763
3655 	 3355 	 0.85112 	 0.0026304 	 0.00547763
3655 	 3360 	 0.85112 	 0.0026304 	 0.00547763
3655 	 3365 	 0.85112 	 0.0026304 	 0.00547763
3655 	 3370 	 0.85112 	 0.0026304 	 0.00547763
3655 	 3375 	 0.85112 	 0.0026304 	 0.00547763
3655 	 3380 	 0.85112 	 0.0026304 	 0.00547763
3655 	 3385 	 0.85112 	 0.0026304 	 0.00547763
3655 	 3390 	 0.85112 	 0.0026304 	 0.00547763
3655 	 3395 	 0.85112 	 0.0026304 	 0.00547763
3655 	 3400 	 0.85112 	 0.0026304 	 0.00547763
3655 	 3405 	 0.85112 	 0.0026304 	 0.00547763
3655 	 3410 	 0.85112 	 0.0026304 	 0.00547763
3655 	 3415 	 0.85112 	 0.0026304 	 0.00547763
3655 	 3420 	 0.85112 	 0.0026304 	 0.00547763
3655 	 3425 	 0.85112 	 0.0026304 	 0.00547763
3655 	 3430 	 0.85112 	 0.0026304 	 0.00547763
3655 	 3435 	 0.85112 	 0.0026304 	 0.00547763
3655 	 3440 	 0.85112 	 0.0026304 	 0.00547763
3655 	 3445 	 0.85112 	 0.0026304 	 0.00547763
3655 	 3450 	 0.85112 	 0.0026304 	 0.00547763
3655 	 3455 	 0.85112 	 0.0026304 	 0.00547763
3655 	 3460 	 0.85112 	 0.0026304 	 0.00547763
3655 	 3465 	 0.85112 	 0.0026304 	 0.00547763
3655 	 3470 	 0.85112 	 0.0026304 	 0.00547763
3655 	 3475 	 0.85112 	 0.0026304 	 0.00547763
3655 	 3480 	 0.85112 	 0.0026304 	 0.00547763
3655 	 3485 	 0.85112 	 0.0026304 	 0.00547763
3655 	 3490 	 0.85112 	 0.0026304 	 0.00547763
3655 	 3495 	 0.85112 	 0.0026304 	 0.00547763
3655 	 3500 	 0.85112 	 0.0026304 	 0.00547763
3655 	 3505 	 0.85112 	 0.0026304 	 0.00547763
3655 	 3510 	 0.85112 	 0.0026304 	 0.00547763
3655 	 3515 	 0.85112 	 0.0026304 	 0.00547763
3655 	 3520 	 0.85112 	 0.0026304 	 0.00547763
3655 	 3525 	 0.85112 	 0.0026304 	 0.00547763
3655 	 3530 	 0.85112 	 0.0026304 	 0.00547763
3655 	 3535 	 0.85112 	 0.0026304 	 0.00547763
3655 	 3540 	 0.85112 	 0.0026304 	 0.00547763
3655 	 3545 	 0.85112 	 0.0026304 	 0.00547763
3655 	 3550 	 0.85112 	 0.0026304 	 0.00547763
3655 	 3555 	 0.85112 	 0.0026304 	 0.00547763
3655 	 3560 	 0.85112 	 0.0026304 	 0.00547763
3655 	 3565 	 0.85112 	 0.0026304 	 0.00547763
3655 	 3570 	 0.85112 	 0.0026304 	 0.00547763
3655 	 3575 	 0.85112 	 0.0026304 	 0.00547763
3655 	 3580 	 0.85112 	 0.0026304 	 0.00547763
3655 	 3585 	 0.85112 	 0.0026304 	 0.00547763
3655 	 3590 	 0.85112 	 0.0026304 	 0.00547763
3655 	 3595 	 0.85112 	 0.0026304 	 0.00547763
3655 	 3600 	 0.85112 	 0.0026304 	 0.00547763
3655 	 3605 	 0.85112 	 0.0026304 	 0.00547763
3655 	 3610 	 0.85112 	 0.0026304 	 0.00547763
3655 	 3615 	 0.85112 	 0.0026304 	 0.00547763
3655 	 3620 	 0.85112 	 0.0026304 	 0.00547763
3655 	 3625 	 0.85112 	 0.0026304 	 0.00547763
3655 	 3630 	 0.85112 	 0.0026304 	 0.00547763
3655 	 3635 	 0.85112 	 0.0026304 	 0.00547763
3655 	 3640 	 0.85112 	 0.0026304 	 0.00547763
3655 	 3645 	 0.85112 	 0.0026304 	 0.00547763
3655 	 3650 	 0.85112 	 0.0026304 	 0.00547763
3655 	 3655 	 0.85112 	 0.0026304 	 0.00547763
3655 	 3660 	 0.85112 	 0.0026304 	 0.00547763
3655 	 3665 	 0.85112 	 0.0026304 	 0.00547763
3655 	 3670 	 0.85112 	 0.0026304 	 0.00547763
3655 	 3675 	 0.85112 	 0.0026304 	 0.00547763
3655 	 3680 	 0.85112 	 0.0026304 	 0.00547763
3655 	 3685 	 0.85112 	 0.0026304 	 0.00547763
3655 	 3690 	 0.85112 	 0.0026304 	 0.00547763
3655 	 3695 	 0.85112 	 0.0026304 	 0.00547763
3655 	 3700 	 0.85112 	 0.0026304 	 0.00547763
3655 	 3705 	 0.85112 	 0.0026304 	 0.00547763
3655 	 3710 	 0.85112 	 0.0026304 	 0.00547763
3655 	 3715 	 0.85112 	 0.0026304 	 0.00547763
3655 	 3720 	 0.85112 	 0.0026304 	 0.00547763
3655 	 3725 	 0.85112 	 0.0026304 	 0.00547763
3655 	 3730 	 0.85112 	 0.0026304 	 0.00547763
3655 	 3735 	 0.85112 	 0.0026304 	 0.00547763
3655 	 3740 	 0.85112 	 0.0026304 	 0.00547763
3655 	 3745 	 0.85112 	 0.0026304 	 0.00547763
3655 	 3750 	 0.85112 	 0.0026304 	 0.00547763
3655 	 3755 	 0.85112 	 0.0026304 	 0.00547763
3655 	 3760 	 0.85112 	 0.0026304 	 0.00547763
3655 	 3765 	 0.85112 	 0.0026304 	 0.00547763
3655 	 3770 	 0.85112 	 0.0026304 	 0.00547763
3655 	 3775 	 0.85112 	 0.0026304 	 0.00547763
3655 	 3780 	 0.85112 	 0.0026304 	 0.00547763
3655 	 3785 	 0.85112 	 0.0026304 	 0.00547763
3655 	 3790 	 0.85112 	 0.0026304 	 0.00547763
3655 	 3795 	 0.85112 	 0.0026304 	 0.00547763
3655 	 3800 	 0.85112 	 0.0026304 	 0.00547763
3655 	 3805 	 0.85112 	 0.0026304 	 0.00547763
3655 	 3810 	 0.85112 	 0.0026304 	 0.00547763
3655 	 3815 	 0.85112 	 0.0026304 	 0.00547763
3655 	 3820 	 0.85112 	 0.0026304 	 0.00547763
3655 	 3825 	 0.85112 	 0.0026304 	 0.00547763
3655 	 3830 	 0.85112 	 0.0026304 	 0.00547763
3655 	 3835 	 0.85112 	 0.0026304 	 0.00547763
3655 	 3840 	 0.85112 	 0.0026304 	 0.00547763
3655 	 3845 	 0.85112 	 0.0026304 	 0.00547763
3655 	 3850 	 0.85112 	 0.0026304 	 0.00547763
3655 	 3855 	 0.85112 	 0.0026304 	 0.00547763
3655 	 3860 	 0.85112 	 0.0026304 	 0.00547763
3655 	 3865 	 0.85112 	 0.0026304 	 0.00547763
3655 	 3870 	 0.85112 	 0.0026304 	 0.00547763
3655 	 3875 	 0.85112 	 0.0026304 	 0.00547763
3655 	 3880 	 0.85112 	 0.0026304 	 0.00547763
3655 	 3885 	 0.85112 	 0.0026304 	 0.00547763
3655 	 3890 	 0.85112 	 0.0026304 	 0.00547763
3655 	 3895 	 0.85112 	 0.0026304 	 0.00547763
3655 	 3900 	 0.85112 	 0.0026304 	 0.00547763
3655 	 3905 	 0.85112 	 0.0026304 	 0.00547763
3655 	 3910 	 0.85112 	 0.0026304 	 0.00547763
3655 	 3915 	 0.85112 	 0.0026304 	 0.00547763
3655 	 3920 	 0.85112 	 0.0026304 	 0.00547763
3655 	 3925 	 0.85112 	 0.0026304 	 0.00547763
3655 	 3930 	 0.85112 	 0.0026304 	 0.00547763
3655 	 3935 	 0.85112 	 0.0026304 	 0.00547763
3655 	 3940 	 0.85112 	 0.0026304 	 0.00547763
3655 	 3945 	 0.85112 	 0.0026304 	 0.00547763
3655 	 3950 	 0.85112 	 0.0026304 	 0.00547763
3655 	 3955 	 0.85112 	 0.0026304 	 0.00547763
3655 	 3960 	 0.85112 	 0.0026304 	 0.00547763
3655 	 3965 	 0.85112 	 0.0026304 	 0.00547763
3655 	 3970 	 0.85112 	 0.0026304 	 0.00547763
3655 	 3975 	 0.85112 	 0.0026304 	 0.00547763
3655 	 3980 	 0.85112 	 0.0026304 	 0.00547763
3655 	 3985 	 0.85112 	 0.0026304 	 0.00547763
3655 	 3990 	 0.85112 	 0.0026304 	 0.00547763
3655 	 3995 	 0.85112 	 0.0026304 	 0.00547763
3655 	 4000 	 0.85112 	 0.0026304 	 0.00547763
3655 	 4005 	 0.85112 	 0.0026304 	 0.00547763
3655 	 4010 	 0.85112 	 0.0026304 	 0.00547763
3655 	 4015 	 0.85112 	 0.0026304 	 0.00547763
3655 	 4020 	 0.85112 	 0.0026304 	 0.00547763
3655 	 4025 	 0.85112 	 0.0026304 	 0.00547763
3655 	 4030 	 0.85112 	 0.0026304 	 0.00547763
3655 	 4035 	 0.85112 	 0.0026304 	 0.00547763
3655 	 4040 	 0.85112 	 0.0026304 	 0.00547763
3655 	 4045 	 0.85112 	 0.0026304 	 0.00547763
3655 	 4050 	 0.85112 	 0.0026304 	 0.00547763
3655 	 4055 	 0.85112 	 0.0026304 	 0.00547763
3655 	 4060 	 0.85112 	 0.0026304 	 0.00547763
3655 	 4065 	 0.85112 	 0.0026304 	 0.00547763
3655 	 4070 	 0.85112 	 0.0026304 	 0.00547763
3655 	 4075 	 0.85112 	 0.0026304 	 0.00547763
3655 	 4080 	 0.85112 	 0.0026304 	 0.00547763
3655 	 4085 	 0.85112 	 0.0026304 	 0.00547763
3655 	 4090 	 0.85112 	 0.0026304 	 0.00547763
3655 	 4095 	 0.85112 	 0.0026304 	 0.00547763
3655 	 4100 	 0.85112 	 0.0026304 	 0.00547763
3655 	 4105 	 0.85112 	 0.0026304 	 0.00547763
3655 	 4110 	 0.85112 	 0.0026304 	 0.00547763
3655 	 4115 	 0.85112 	 0.0026304 	 0.00547763
3655 	 4120 	 0.85112 	 0.0026304 	 0.00547763
3655 	 4125 	 0.85112 	 0.0026304 	 0.00547763
3655 	 4130 	 0.85112 	 0.0026304 	 0.00547763
3655 	 4135 	 0.85112 	 0.0026304 	 0.00547763
3655 	 4140 	 0.85112 	 0.0026304 	 0.00547763
3655 	 4145 	 0.85112 	 0.0026304 	 0.00547763
3655 	 4150 	 0.85112 	 0.0026304 	 0.00547763
3655 	 4155 	 0.85112 	 0.0026304 	 0.00547763
3655 	 4160 	 0.85112 	 0.0026304 	 0.00547763
3655 	 4165 	 0.85112 	 0.0026304 	 0.00547763
3655 	 4170 	 0.85112 	 0.0026304 	 0.00547763
3655 	 4175 	 0.85112 	 0.0026304 	 0.00547763
3655 	 4180 	 0.85112 	 0.0026304 	 0.00547763
3655 	 4185 	 0.85112 	 0.0026304 	 0.00547763
3655 	 4190 	 0.85112 	 0.0026304 	 0.00547763
3655 	 4195 	 0.85112 	 0.0026304 	 0.00547763
3655 	 4200 	 0.85112 	 0.0026304 	 0.00547763
3655 	 4205 	 0.85112 	 0.0026304 	 0.00547763
3655 	 4210 	 0.85112 	 0.0026304 	 0.00547763
3655 	 4215 	 0.85112 	 0.0026304 	 0.00547763
3655 	 4220 	 0.85112 	 0.0026304 	 0.00547763
3655 	 4225 	 0.85112 	 0.0026304 	 0.00547763
3655 	 4230 	 0.85112 	 0.0026304 	 0.00547763
3655 	 4235 	 0.85112 	 0.0026304 	 0.00547763
3655 	 4240 	 0.85112 	 0.0026304 	 0.00547763
3655 	 4245 	 0.85112 	 0.0026304 	 0.00547763
3655 	 4250 	 0.85112 	 0.0026304 	 0.00547763
3655 	 4255 	 0.85112 	 0.0026304 	 0.00547763
3655 	 4260 	 0.85112 	 0.0026304 	 0.00547763
3655 	 4265 	 0.85112 	 0.0026304 	 0.00547763
3655 	 4270 	 0.85112 	 0.0026304 	 0.00547763
3655 	 4275 	 0.85112 	 0.0026304 	 0.00547763
3655 	 4280 	 0.85112 	 0.0026304 	 0.00547763
3655 	 4285 	 0.85112 	 0.0026304 	 0.00547763
3655 	 4290 	 0.85112 	 0.0026304 	 0.00547763
3655 	 4295 	 0.85112 	 0.0026304 	 0.00547763
3655 	 4300 	 0.85112 	 0.0026304 	 0.00547763
3655 	 4305 	 0.85112 	 0.0026304 	 0.00547763
3655 	 4310 	 0.85112 	 0.0026304 	 0.00547763
3655 	 4315 	 0.85112 	 0.0026304 	 0.00547763
3655 	 4320 	 0.85112 	 0.0026304 	 0.00547763
3655 	 4325 	 0.85112 	 0.0026304 	 0.00547763
3655 	 4330 	 0.85112 	 0.0026304 	 0.00547763
3655 	 4335 	 0.85112 	 0.0026304 	 0.00547763
3655 	 4340 	 0.85112 	 0.0026304 	 0.00547763
3655 	 4345 	 0.85112 	 0.0026304 	 0.00547763
3655 	 4350 	 0.85112 	 0.0026304 	 0.00547763
3655 	 4355 	 0.85112 	 0.0026304 	 0.00547763
3655 	 4360 	 0.85112 	 0.0026304 	 0.00547763
3655 	 4365 	 0.85112 	 0.0026304 	 0.00547763
3655 	 4370 	 0.85112 	 0.0026304 	 0.00547763
3655 	 4375 	 0.85112 	 0.0026304 	 0.00547763
3655 	 4380 	 0.85112 	 0.0026304 	 0.00547763
3655 	 4385 	 0.85112 	 0.0026304 	 0.00547763
3655 	 4390 	 0.85112 	 0.0026304 	 0.00547763
3655 	 4395 	 0.85112 	 0.0026304 	 0.00547763
3655 	 4400 	 0.85112 	 0.0026304 	 0.00547763
3655 	 4405 	 0.85112 	 0.0026304 	 0.00547763
3655 	 4410 	 0.85112 	 0.0026304 	 0.00547763
3655 	 4415 	 0.85112 	 0.0026304 	 0.00547763
3655 	 4420 	 0.85112 	 0.0026304 	 0.00547763
3655 	 4425 	 0.85112 	 0.0026304 	 0.00547763
3655 	 4430 	 0.85112 	 0.0026304 	 0.00547763
3655 	 4435 	 0.85112 	 0.0026304 	 0.00547763
3655 	 4440 	 0.85112 	 0.0026304 	 0.00547763
3655 	 4445 	 0.85112 	 0.0026304 	 0.00547763
3655 	 4450 	 0.85112 	 0.0026304 	 0.00547763
3655 	 4455 	 0.85112 	 0.0026304 	 0.00547763
3655 	 4460 	 0.85112 	 0.0026304 	 0.00547763
3655 	 4465 	 0.85112 	 0.0026304 	 0.00547763
3655 	 4470 	 0.85112 	 0.0026304 	 0.00547763
3655 	 4475 	 0.85112 	 0.0026304 	 0.00547763
3655 	 4480 	 0.85112 	 0.0026304 	 0.00547763
3655 	 4485 	 0.85112 	 0.0026304 	 0.00547763
3655 	 4490 	 0.85112 	 0.0026304 	 0.00547763
3655 	 4495 	 0.85112 	 0.0026304 	 0.00547763
3655 	 4500 	 0.85112 	 0.0026304 	 0.00547763
3655 	 4505 	 0.85112 	 0.0026304 	 0.00547763
3655 	 4510 	 0.85112 	 0.0026304 	 0.00547763
3655 	 4515 	 0.85112 	 0.0026304 	 0.00547763
3655 	 4520 	 0.85112 	 0.0026304 	 0.00547763
3655 	 4525 	 0.85112 	 0.0026304 	 0.00547763
3655 	 4530 	 0.85112 	 0.0026304 	 0.00547763
3655 	 4535 	 0.85112 	 0.0026304 	 0.00547763
3655 	 4540 	 0.85112 	 0.0026304 	 0.00547763
3655 	 4545 	 0.85112 	 0.0026304 	 0.00547763
3655 	 4550 	 0.85112 	 0.0026304 	 0.00547763
3655 	 4555 	 0.85112 	 0.0026304 	 0.00547763
3655 	 4560 	 0.85112 	 0.0026304 	 0.00547763
3655 	 4565 	 0.85112 	 0.0026304 	 0.00547763
3655 	 4570 	 0.85112 	 0.0026304 	 0.00547763
3655 	 4575 	 0.85112 	 0.0026304 	 0.00547763
3655 	 4580 	 0.85112 	 0.0026304 	 0.00547763
3655 	 4585 	 0.85112 	 0.0026304 	 0.00547763
3655 	 4590 	 0.85112 	 0.0026304 	 0.00547763
3655 	 4595 	 0.85112 	 0.0026304 	 0.00547763
3655 	 4600 	 0.85112 	 0.0026304 	 0.00547763
3655 	 4605 	 0.85112 	 0.0026304 	 0.00547763
3655 	 4610 	 0.85112 	 0.0026304 	 0.00547763
3655 	 4615 	 0.85112 	 0.0026304 	 0.00547763
3655 	 4620 	 0.85112 	 0.0026304 	 0.00547763
3655 	 4625 	 0.85112 	 0.0026304 	 0.00547763
3655 	 4630 	 0.85112 	 0.0026304 	 0.00547763
3655 	 4635 	 0.85112 	 0.0026304 	 0.00547763
3655 	 4640 	 0.85112 	 0.0026304 	 0.00547763
3655 	 4645 	 0.85112 	 0.0026304 	 0.00547763
3655 	 4650 	 0.85112 	 0.0026304 	 0.00547763
3655 	 4655 	 0.85112 	 0.0026304 	 0.00547763
3655 	 4660 	 0.85112 	 0.0026304 	 0.00547763
3655 	 4665 	 0.85112 	 0.0026304 	 0.00547763
3655 	 4670 	 0.85112 	 0.0026304 	 0.00547763
3655 	 4675 	 0.85112 	 0.0026304 	 0.00547763
3655 	 4680 	 0.85112 	 0.0026304 	 0.00547763
3655 	 4685 	 0.85112 	 0.0026304 	 0.00547763
3655 	 4690 	 0.85112 	 0.0026304 	 0.00547763
3655 	 4695 	 0.85112 	 0.0026304 	 0.00547763
3655 	 4700 	 0.85112 	 0.0026304 	 0.00547763
3655 	 4705 	 0.85112 	 0.0026304 	 0.00547763
3655 	 4710 	 0.85112 	 0.0026304 	 0.00547763
3655 	 4715 	 0.85112 	 0.0026304 	 0.00547763
3655 	 4720 	 0.85112 	 0.0026304 	 0.00547763
3655 	 4725 	 0.85112 	 0.0026304 	 0.00547763
3655 	 4730 	 0.85112 	 0.0026304 	 0.00547763
3655 	 4735 	 0.85112 	 0.0026304 	 0.00547763
3655 	 4740 	 0.85112 	 0.0026304 	 0.00547763
3655 	 4745 	 0.85112 	 0.0026304 	 0.00547763
3655 	 4750 	 0.85112 	 0.0026304 	 0.00547763
3655 	 4755 	 0.85112 	 0.0026304 	 0.00547763
3655 	 4760 	 0.85112 	 0.0026304 	 0.00547763
3655 	 4765 	 0.85112 	 0.0026304 	 0.00547763
3655 	 4770 	 0.85112 	 0.0026304 	 0.00547763
3655 	 4775 	 0.85112 	 0.0026304 	 0.00547763
3655 	 4780 	 0.85112 	 0.0026304 	 0.00547763
3655 	 4785 	 0.85112 	 0.0026304 	 0.00547763
3655 	 4790 	 0.85112 	 0.0026304 	 0.00547763
3655 	 4795 	 0.85112 	 0.0026304 	 0.00547763
3655 	 4800 	 0.85112 	 0.0026304 	 0.00547763
3655 	 4805 	 0.85112 	 0.0026304 	 0.00547763
3655 	 4810 	 0.85112 	 0.0026304 	 0.00547763
3655 	 4815 	 0.85112 	 0.0026304 	 0.00547763
3655 	 4820 	 0.85112 	 0.0026304 	 0.00547763
3655 	 4825 	 0.85112 	 0.0026304 	 0.00547763
3655 	 4830 	 0.85112 	 0.0026304 	 0.00547763
3655 	 4835 	 0.85112 	 0.0026304 	 0.00547763
3655 	 4840 	 0.85112 	 0.0026304 	 0.00547763
3655 	 4845 	 0.85112 	 0.0026304 	 0.00547763
3655 	 4850 	 0.85112 	 0.0026304 	 0.00547763
3655 	 4855 	 0.85112 	 0.0026304 	 0.00547763
3655 	 4860 	 0.85112 	 0.0026304 	 0.00547763
3655 	 4865 	 0.85112 	 0.0026304 	 0.00547763
3655 	 4870 	 0.85112 	 0.0026304 	 0.00547763
3655 	 4875 	 0.85112 	 0.0026304 	 0.00547763
3655 	 4880 	 0.85112 	 0.0026304 	 0.00547763
3655 	 4885 	 0.85112 	 0.0026304 	 0.00547763
3655 	 4890 	 0.85112 	 0.0026304 	 0.00547763
3655 	 4895 	 0.85112 	 0.0026304 	 0.00547763
3655 	 4900 	 0.85112 	 0.0026304 	 0.00547763
3655 	 4905 	 0.85112 	 0.0026304 	 0.00547763
3655 	 4910 	 0.85112 	 0.0026304 	 0.00547763
3655 	 4915 	 0.85112 	 0.0026304 	 0.00547763
3655 	 4920 	 0.85112 	 0.0026304 	 0.00547763
3655 	 4925 	 0.85112 	 0.0026304 	 0.00547763
3655 	 4930 	 0.85112 	 0.0026304 	 0.00547763
3655 	 4935 	 0.85112 	 0.0026304 	 0.00547763
3655 	 4940 	 0.85112 	 0.0026304 	 0.00547763
3655 	 4945 	 0.85112 	 0.0026304 	 0.00547763
3655 	 4950 	 0.85112 	 0.0026304 	 0.00547763
3655 	 4955 	 0.85112 	 0.0026304 	 0.00547763
3655 	 4960 	 0.85112 	 0.0026304 	 0.00547763
3655 	 4965 	 0.85112 	 0.0026304 	 0.00547763
3655 	 4970 	 0.85112 	 0.0026304 	 0.00547763
3655 	 4975 	 0.85112 	 0.0026304 	 0.00547763
3655 	 4980 	 0.85112 	 0.0026304 	 0.00547763
3655 	 4985 	 0.85112 	 0.0026304 	 0.00547763
3655 	 4990 	 0.85112 	 0.0026304 	 0.00547763
3655 	 4995 	 0.85112 	 0.0026304 	 0.00547763
3655 	 5000 	 0.85112 	 0.0026304 	 0.00547763
