4060 	 5 	 0.877023 	 0.00532954	0.0111344
4060 	 10 	 0.879637 	 0.00430936	0.00900304
4060 	 15 	 0.883305 	 0.00321528	0.0067173
4060 	 20 	 0.888151 	 0.00216532	0.00452375
4060 	 25 	 0.894073 	 0.00131139	0.00273973
4060 	 30 	 0.90065 	 0.0011183	0.00233632
4060 	 35 	 0.913074 	 0.00187625	0.00391983
4060 	 40 	 0.922079 	 0.00103985	0.00217244
4060 	 45 	 0.929203 	 0.000755652	0.0015787
4060 	 50 	 0.934654 	 0.000754387	0.00157605
4060 	 55 	 0.938712 	 0.000757147	0.00158182
4060 	 60 	 0.941693 	 0.000739066	0.00154404
4060 	 65 	 0.943883 	 0.000728637	0.00152226
4060 	 70 	 0.945514 	 0.000730793	0.00152676
4060 	 75 	 0.946754 	 0.000735599	0.0015368
4060 	 80 	 0.947721 	 0.000734743	0.00153501
4060 	 85 	 0.948496 	 0.000725753	0.00151623
4060 	 90 	 0.949135 	 0.000709979	0.00148328
4060 	 95 	 0.949674 	 0.000690141	0.00144183
4060 	 100 	 0.950139 	 0.000668918	0.00139749
4060 	 105 	 0.950547 	 0.000648378	0.00135458
4060 	 110 	 0.95091 	 0.000629862	0.0013159
4060 	 115 	 0.951237 	 0.000614084	0.00128293
4060 	 120 	 0.951534 	 0.000601281	0.00125619
4060 	 125 	 0.951807 	 0.000591376	0.00123549
4060 	 130 	 0.952057 	 0.000584107	0.00122031
4060 	 135 	 0.952289 	 0.000579128	0.0012099
4060 	 140 	 0.952505 	 0.000576069	0.00120351
4060 	 145 	 0.952706 	 0.000574579	0.0012004
4060 	 150 	 0.952895 	 0.000574345	0.00119991
4060 	 155 	 0.953072 	 0.000575097	0.00120148
4060 	 160 	 0.953238 	 0.000576615	0.00120465
4060 	 165 	 0.953395 	 0.000578717	0.00120905
4060 	 170 	 0.953543 	 0.000581259	0.00121436
4060 	 175 	 0.953683 	 0.000584126	0.00122035
4060 	 180 	 0.953816 	 0.000587229	0.00122683
4060 	 185 	 0.953943 	 0.0005905	0.00123366
4060 	 190 	 0.954063 	 0.000593885	0.00124073
4060 	 195 	 0.954178 	 0.000597342	0.00124796
4060 	 200 	 0.954287 	 0.000600841	0.00125527
4060 	 205 	 0.954391 	 0.00060436	0.00126262
4060 	 210 	 0.954491 	 0.000607879	0.00126997
4060 	 215 	 0.954587 	 0.000611387	0.0012773
4060 	 220 	 0.954678 	 0.000614875	0.00128459
4060 	 225 	 0.954766 	 0.000618335	0.00129181
4060 	 230 	 0.95485 	 0.000621763	0.00129898
4060 	 235 	 0.954931 	 0.000625157	0.00130607
4060 	 240 	 0.955009 	 0.000628514	0.00131308
4060 	 245 	 0.955084 	 0.000631833	0.00132002
4060 	 250 	 0.955157 	 0.000635115	0.00132687
4060 	 255 	 0.955227 	 0.00063836	0.00133365
4060 	 260 	 0.955294 	 0.000641568	0.00134035
4060 	 265 	 0.955359 	 0.00064474	0.00134698
4060 	 270 	 0.955422 	 0.000647877	0.00135353
4060 	 275 	 0.955483 	 0.000650981	0.00136002
4060 	 280 	 0.955542 	 0.000654051	0.00136643
4060 	 285 	 0.955599 	 0.000657091	0.00137278
4060 	 290 	 0.955654 	 0.0006601	0.00137907
4060 	 295 	 0.955708 	 0.00066308	0.00138529
4060 	 300 	 0.95576 	 0.000666031	0.00139146
4060 	 305 	 0.95581 	 0.000668956	0.00139757
4060 	 310 	 0.955859 	 0.000671855	0.00140363
4060 	 315 	 0.955907 	 0.000674728	0.00140963
4060 	 320 	 0.955953 	 0.000677577	0.00141558
4060 	 325 	 0.955998 	 0.000680403	0.00142149
4060 	 330 	 0.956042 	 0.000683207	0.00142734
4060 	 335 	 0.956084 	 0.000685988	0.00143315
4060 	 340 	 0.956126 	 0.000688749	0.00143892
4060 	 345 	 0.956166 	 0.000691489	0.00144465
4060 	 350 	 0.956206 	 0.000694208	0.00145033
4060 	 355 	 0.956244 	 0.000696909	0.00145597
4060 	 360 	 0.956282 	 0.00069959	0.00146157
4060 	 365 	 0.956318 	 0.000702253	0.00146713
4060 	 370 	 0.956354 	 0.000704898	0.00147266
4060 	 375 	 0.956389 	 0.000707525	0.00147815
4060 	 380 	 0.956423 	 0.000710135	0.0014836
4060 	 385 	 0.956456 	 0.000712728	0.00148902
4060 	 390 	 0.956488 	 0.000715304	0.0014944
4060 	 395 	 0.95652 	 0.000717864	0.00149975
4060 	 400 	 0.956551 	 0.000720407	0.00150506
4060 	 405 	 0.956582 	 0.000722935	0.00151034
4060 	 410 	 0.956611 	 0.000725447	0.00151559
4060 	 415 	 0.95664 	 0.000727944	0.00152081
4060 	 420 	 0.956669 	 0.000730426	0.00152599
4060 	 425 	 0.956697 	 0.000732893	0.00153115
4060 	 430 	 0.956724 	 0.000735344	0.00153627
4060 	 435 	 0.956751 	 0.000737782	0.00154136
4060 	 440 	 0.956777 	 0.000740204	0.00154642
4060 	 445 	 0.956803 	 0.000742613	0.00155145
4060 	 450 	 0.956828 	 0.000745007	0.00155645
4060 	 455 	 0.956853 	 0.000747387	0.00156143
4060 	 460 	 0.956877 	 0.000749753	0.00156637
4060 	 465 	 0.956901 	 0.000752105	0.00157129
4060 	 470 	 0.956924 	 0.000754444	0.00157617
4060 	 475 	 0.956947 	 0.000756769	0.00158103
4060 	 480 	 0.95697 	 0.000759081	0.00158586
4060 	 485 	 0.956992 	 0.000761379	0.00159066
4060 	 490 	 0.957014 	 0.000763664	0.00159543
4060 	 495 	 0.957035 	 0.000765935	0.00160018
4060 	 500 	 0.957056 	 0.000768194	0.0016049
4060 	 505 	 0.957076 	 0.00077044	0.00160959
4060 	 510 	 0.957097 	 0.000772673	0.00161425
4060 	 515 	 0.957117 	 0.000774893	0.00161889
4060 	 520 	 0.957136 	 0.0007771	0.0016235
4060 	 525 	 0.957155 	 0.000779295	0.00162809
4060 	 530 	 0.957174 	 0.000781477	0.00163265
4060 	 535 	 0.957193 	 0.000783647	0.00163718
4060 	 540 	 0.957211 	 0.000785804	0.00164169
4060 	 545 	 0.957229 	 0.000787949	0.00164617
4060 	 550 	 0.957247 	 0.000790082	0.00165063
4060 	 555 	 0.957264 	 0.000792203	0.00165506
4060 	 560 	 0.957281 	 0.000794312	0.00165946
4060 	 565 	 0.957298 	 0.000796408	0.00166384
4060 	 570 	 0.957315 	 0.000798493	0.0016682
4060 	 575 	 0.957331 	 0.000800567	0.00167253
4060 	 580 	 0.957348 	 0.000802628	0.00167684
4060 	 585 	 0.957364 	 0.000804678	0.00168112
4060 	 590 	 0.957379 	 0.000806716	0.00168538
4060 	 595 	 0.957395 	 0.000808743	0.00168961
4060 	 600 	 0.95741 	 0.000810758	0.00169382
4060 	 605 	 0.957425 	 0.000812762	0.00169801
4060 	 610 	 0.95744 	 0.000814755	0.00170217
4060 	 615 	 0.957454 	 0.000816736	0.00170631
4060 	 620 	 0.957469 	 0.000818706	0.00171043
4060 	 625 	 0.957483 	 0.000820666	0.00171452
4060 	 630 	 0.957497 	 0.000822614	0.00171859
4060 	 635 	 0.957511 	 0.000824552	0.00172264
4060 	 640 	 0.957524 	 0.000826479	0.00172666
4060 	 645 	 0.957538 	 0.000828395	0.00173067
4060 	 650 	 0.957551 	 0.0008303	0.00173465
4060 	 655 	 0.957564 	 0.000832195	0.00173861
4060 	 660 	 0.957577 	 0.000834079	0.00174254
4060 	 665 	 0.95759 	 0.000835953	0.00174646
4060 	 670 	 0.957602 	 0.000837816	0.00175035
4060 	 675 	 0.957615 	 0.000839669	0.00175422
4060 	 680 	 0.957627 	 0.000841512	0.00175807
4060 	 685 	 0.957639 	 0.000843345	0.0017619
4060 	 690 	 0.957651 	 0.000845168	0.00176571
4060 	 695 	 0.957663 	 0.00084698	0.0017695
4060 	 700 	 0.957674 	 0.000848783	0.00177326
4060 	 705 	 0.957686 	 0.000850576	0.00177701
4060 	 710 	 0.957697 	 0.000852359	0.00178073
4060 	 715 	 0.957708 	 0.000854133	0.00178444
4060 	 720 	 0.957719 	 0.000855896	0.00178812
4060 	 725 	 0.95773 	 0.000857651	0.00179179
4060 	 730 	 0.957741 	 0.000859395	0.00179543
4060 	 735 	 0.957752 	 0.000861131	0.00179906
4060 	 740 	 0.957763 	 0.000862856	0.00180266
4060 	 745 	 0.957773 	 0.000864573	0.00180625
4060 	 750 	 0.957783 	 0.00086628	0.00180982
4060 	 755 	 0.957794 	 0.000867978	0.00181337
4060 	 760 	 0.957804 	 0.000869667	0.00181689
4060 	 765 	 0.957814 	 0.000871348	0.0018204
4060 	 770 	 0.957823 	 0.000873019	0.00182389
4060 	 775 	 0.957833 	 0.000874681	0.00182737
4060 	 780 	 0.957843 	 0.000876334	0.00183082
4060 	 785 	 0.957852 	 0.000877979	0.00183426
4060 	 790 	 0.957862 	 0.000879614	0.00183767
4060 	 795 	 0.957871 	 0.000881242	0.00184107
4060 	 800 	 0.95788 	 0.00088286	0.00184446
4060 	 805 	 0.95789 	 0.00088447	0.00184782
4060 	 810 	 0.957899 	 0.000886072	0.00185117
4060 	 815 	 0.957908 	 0.000887665	0.00185449
4060 	 820 	 0.957916 	 0.00088925	0.00185781
4060 	 825 	 0.957925 	 0.000890827	0.0018611
4060 	 830 	 0.957934 	 0.000892395	0.00186438
4060 	 835 	 0.957943 	 0.000893956	0.00186764
4060 	 840 	 0.957951 	 0.000895508	0.00187088
4060 	 845 	 0.957959 	 0.000897052	0.00187411
4060 	 850 	 0.957968 	 0.000898589	0.00187732
4060 	 855 	 0.957976 	 0.000900117	0.00188051
4060 	 860 	 0.957984 	 0.000901638	0.00188369
4060 	 865 	 0.957992 	 0.00090315	0.00188685
4060 	 870 	 0.958 	 0.000904655	0.00188999
4060 	 875 	 0.958008 	 0.000906153	0.00189312
4060 	 880 	 0.958016 	 0.000907643	0.00189623
4060 	 885 	 0.958024 	 0.000909125	0.00189933
4060 	 890 	 0.958031 	 0.0009106	0.00190241
4060 	 895 	 0.958039 	 0.000912067	0.00190547
4060 	 900 	 0.958047 	 0.000913527	0.00190852
4060 	 905 	 0.958054 	 0.000914979	0.00191156
4060 	 910 	 0.958061 	 0.000916425	0.00191458
4060 	 915 	 0.958069 	 0.000917863	0.00191758
4060 	 920 	 0.958076 	 0.000919294	0.00192057
4060 	 925 	 0.958083 	 0.000920718	0.00192355
4060 	 930 	 0.95809 	 0.000922134	0.00192651
4060 	 935 	 0.958097 	 0.000923544	0.00192945
4060 	 940 	 0.958104 	 0.000924947	0.00193238
4060 	 945 	 0.958111 	 0.000926343	0.0019353
4060 	 950 	 0.958118 	 0.000927732	0.0019382
4060 	 955 	 0.958125 	 0.000929114	0.00194109
4060 	 960 	 0.958132 	 0.00093049	0.00194396
4060 	 965 	 0.958139 	 0.000931858	0.00194682
4060 	 970 	 0.958145 	 0.00093322	0.00194967
4060 	 975 	 0.958152 	 0.000934576	0.0019525
4060 	 980 	 0.958158 	 0.000935925	0.00195532
4060 	 985 	 0.958165 	 0.000937267	0.00195812
4060 	 990 	 0.958171 	 0.000938603	0.00196091
4060 	 995 	 0.958177 	 0.000939933	0.00196369
4060 	 1000 	 0.958184 	 0.000941256	0.00196646
4060 	 1005 	 0.95819 	 0.000942573	0.00196921
4060 	 1010 	 0.958196 	 0.000943884	0.00197195
4060 	 1015 	 0.958202 	 0.000945188	0.00197467
4060 	 1020 	 0.958208 	 0.000946487	0.00197738
4060 	 1025 	 0.958214 	 0.000947779	0.00198008
4060 	 1030 	 0.95822 	 0.000949065	0.00198277
4060 	 1035 	 0.958226 	 0.000950345	0.00198544
4060 	 1040 	 0.958232 	 0.000951619	0.0019881
4060 	 1045 	 0.958238 	 0.000952887	0.00199075
4060 	 1050 	 0.958244 	 0.000954149	0.00199339
4060 	 1055 	 0.95825 	 0.000955405	0.00199602
4060 	 1060 	 0.958255 	 0.000956655	0.00199863
4060 	 1065 	 0.958261 	 0.0009579	0.00200123
4060 	 1070 	 0.958267 	 0.000959139	0.00200382
4060 	 1075 	 0.958272 	 0.000960372	0.00200639
4060 	 1080 	 0.958278 	 0.0009616	0.00200896
4060 	 1085 	 0.958283 	 0.000962822	0.00201151
4060 	 1090 	 0.958289 	 0.000964038	0.00201405
4060 	 1095 	 0.958294 	 0.000965249	0.00201658
4060 	 1100 	 0.958299 	 0.000966454	0.0020191
4060 	 1105 	 0.958305 	 0.000967654	0.0020216
4060 	 1110 	 0.95831 	 0.000968848	0.0020241
4060 	 1115 	 0.958315 	 0.000970037	0.00202658
4060 	 1120 	 0.95832 	 0.000971221	0.00202906
4060 	 1125 	 0.958325 	 0.000972399	0.00203152
4060 	 1130 	 0.95833 	 0.000973572	0.00203397
4060 	 1135 	 0.958336 	 0.00097474	0.00203641
4060 	 1140 	 0.958341 	 0.000975903	0.00203884
4060 	 1145 	 0.958346 	 0.00097706	0.00204126
4060 	 1150 	 0.958351 	 0.000978212	0.00204366
4060 	 1155 	 0.958355 	 0.00097936	0.00204606
4060 	 1160 	 0.95836 	 0.000980502	0.00204845
4060 	 1165 	 0.958365 	 0.000981639	0.00205082
4060 	 1170 	 0.95837 	 0.000982771	0.00205319
4060 	 1175 	 0.958375 	 0.000983898	0.00205554
4060 	 1180 	 0.95838 	 0.000985021	0.00205789
4060 	 1185 	 0.958384 	 0.000986138	0.00206022
4060 	 1190 	 0.958389 	 0.000987251	0.00206255
4060 	 1195 	 0.958394 	 0.000988359	0.00206486
4060 	 1200 	 0.958398 	 0.000989462	0.00206717
4060 	 1205 	 0.958403 	 0.00099056	0.00206946
4060 	 1210 	 0.958407 	 0.000991653	0.00207174
4060 	 1215 	 0.958412 	 0.000992742	0.00207402
4060 	 1220 	 0.958416 	 0.000993826	0.00207628
4060 	 1225 	 0.958421 	 0.000994906	0.00207854
4060 	 1230 	 0.958425 	 0.000995981	0.00208079
4060 	 1235 	 0.958429 	 0.000997051	0.00208302
4060 	 1240 	 0.958434 	 0.000998117	0.00208525
4060 	 1245 	 0.958438 	 0.000999179	0.00208747
4060 	 1250 	 0.958442 	 0.00100024	0.00208967
4060 	 1255 	 0.958447 	 0.00100129	0.00209187
4060 	 1260 	 0.958451 	 0.00100234	0.00209406
4060 	 1265 	 0.958455 	 0.00100338	0.00209624
4060 	 1270 	 0.958459 	 0.00100442	0.00209842
4060 	 1275 	 0.958463 	 0.00100545	0.00210058
4060 	 1280 	 0.958468 	 0.00100649	0.00210273
4060 	 1285 	 0.958472 	 0.00100751	0.00210488
4060 	 1290 	 0.958476 	 0.00100853	0.00210701
4060 	 1295 	 0.95848 	 0.00100955	0.00210914
4060 	 1300 	 0.958484 	 0.00101057	0.00211126
4060 	 1305 	 0.958488 	 0.00101158	0.00211337
4060 	 1310 	 0.958492 	 0.00101258	0.00211547
4060 	 1315 	 0.958496 	 0.00101358	0.00211756
4060 	 1320 	 0.9585 	 0.00101458	0.00211964
4060 	 1325 	 0.958504 	 0.00101557	0.00212172
4060 	 1330 	 0.958507 	 0.00101656	0.00212379
4060 	 1335 	 0.958511 	 0.00101755	0.00212584
4060 	 1340 	 0.958515 	 0.00101853	0.0021279
4060 	 1345 	 0.958519 	 0.00101951	0.00212994
4060 	 1350 	 0.958523 	 0.00102048	0.00213197
4060 	 1355 	 0.958526 	 0.00102145	0.002134
4060 	 1360 	 0.95853 	 0.00102242	0.00213602
4060 	 1365 	 0.958534 	 0.00102338	0.00213803
4060 	 1370 	 0.958537 	 0.00102434	0.00214003
4060 	 1375 	 0.958541 	 0.00102529	0.00214202
4060 	 1380 	 0.958545 	 0.00102624	0.00214401
4060 	 1385 	 0.958548 	 0.00102719	0.00214599
4060 	 1390 	 0.958552 	 0.00102813	0.00214796
4060 	 1395 	 0.958555 	 0.00102907	0.00214992
4060 	 1400 	 0.958559 	 0.00103001	0.00215187
4060 	 1405 	 0.958563 	 0.00103094	0.00215382
4060 	 1410 	 0.958566 	 0.00103187	0.00215576
4060 	 1415 	 0.95857 	 0.00103279	0.0021577
4060 	 1420 	 0.958573 	 0.00103372	0.00215962
4060 	 1425 	 0.958576 	 0.00103463	0.00216154
4060 	 1430 	 0.95858 	 0.00103555	0.00216345
4060 	 1435 	 0.958583 	 0.00103646	0.00216535
4060 	 1440 	 0.958587 	 0.00103737	0.00216725
4060 	 1445 	 0.95859 	 0.00103827	0.00216914
4060 	 1450 	 0.958593 	 0.00103917	0.00217102
4060 	 1455 	 0.958597 	 0.00104007	0.00217289
4060 	 1460 	 0.9586 	 0.00104096	0.00217476
4060 	 1465 	 0.958603 	 0.00104185	0.00217662
4060 	 1470 	 0.958606 	 0.00104274	0.00217847
4060 	 1475 	 0.95861 	 0.00104362	0.00218032
4060 	 1480 	 0.958613 	 0.0010445	0.00218216
4060 	 1485 	 0.958616 	 0.00104538	0.00218399
4060 	 1490 	 0.958619 	 0.00104625	0.00218581
4060 	 1495 	 0.958622 	 0.00104712	0.00218763
4060 	 1500 	 0.958626 	 0.00104799	0.00218944
4060 	 1505 	 0.958629 	 0.00104885	0.00219125
4060 	 1510 	 0.958632 	 0.00104972	0.00219305
4060 	 1515 	 0.958635 	 0.00105057	0.00219484
4060 	 1520 	 0.958638 	 0.00105143	0.00219662
4060 	 1525 	 0.958641 	 0.00105228	0.0021984
4060 	 1530 	 0.958644 	 0.00105313	0.00220017
4060 	 1535 	 0.958647 	 0.00105397	0.00220194
4060 	 1540 	 0.95865 	 0.00105481	0.0022037
4060 	 1545 	 0.958653 	 0.00105565	0.00220545
4060 	 1550 	 0.958656 	 0.00105649	0.0022072
4060 	 1555 	 0.958659 	 0.00105732	0.00220894
4060 	 1560 	 0.958662 	 0.00105815	0.00221067
4060 	 1565 	 0.958665 	 0.00105898	0.0022124
4060 	 1570 	 0.958668 	 0.0010598	0.00221412
4060 	 1575 	 0.958671 	 0.00106062	0.00221583
4060 	 1580 	 0.958674 	 0.00106144	0.00221754
4060 	 1585 	 0.958676 	 0.00106226	0.00221925
4060 	 1590 	 0.958679 	 0.00106307	0.00222094
4060 	 1595 	 0.958682 	 0.00106388	0.00222263
4060 	 1600 	 0.958685 	 0.00106468	0.00222432
4060 	 1605 	 0.958688 	 0.00106549	0.002226
4060 	 1610 	 0.958691 	 0.00106629	0.00222767
4060 	 1615 	 0.958693 	 0.00106709	0.00222934
4060 	 1620 	 0.958696 	 0.00106788	0.002231
4060 	 1625 	 0.958699 	 0.00106867	0.00223265
4060 	 1630 	 0.958702 	 0.00106946	0.0022343
4060 	 1635 	 0.958704 	 0.00107025	0.00223595
4060 	 1640 	 0.958707 	 0.00107103	0.00223758
4060 	 1645 	 0.95871 	 0.00107181	0.00223922
4060 	 1650 	 0.958712 	 0.00107259	0.00224084
4060 	 1655 	 0.958715 	 0.00107337	0.00224246
4060 	 1660 	 0.958718 	 0.00107414	0.00224408
4060 	 1665 	 0.95872 	 0.00107491	0.00224569
4060 	 1670 	 0.958723 	 0.00107568	0.00224729
4060 	 1675 	 0.958726 	 0.00107645	0.00224889
4060 	 1680 	 0.958728 	 0.00107721	0.00225048
4060 	 1685 	 0.958731 	 0.00107797	0.00225207
4060 	 1690 	 0.958733 	 0.00107873	0.00225366
4060 	 1695 	 0.958736 	 0.00107948	0.00225523
4060 	 1700 	 0.958738 	 0.00108023	0.0022568
4060 	 1705 	 0.958741 	 0.00108098	0.00225837
4060 	 1710 	 0.958743 	 0.00108173	0.00225993
4060 	 1715 	 0.958746 	 0.00108247	0.00226149
4060 	 1720 	 0.958748 	 0.00108322	0.00226304
4060 	 1725 	 0.958751 	 0.00108396	0.00226458
4060 	 1730 	 0.958753 	 0.00108469	0.00226612
4060 	 1735 	 0.958756 	 0.00108543	0.00226766
4060 	 1740 	 0.958758 	 0.00108616	0.00226919
4060 	 1745 	 0.958761 	 0.00108689	0.00227071
4060 	 1750 	 0.958763 	 0.00108762	0.00227223
4060 	 1755 	 0.958766 	 0.00108834	0.00227375
4060 	 1760 	 0.958768 	 0.00108907	0.00227526
4060 	 1765 	 0.95877 	 0.00108979	0.00227676
4060 	 1770 	 0.958773 	 0.0010905	0.00227826
4060 	 1775 	 0.958775 	 0.00109122	0.00227976
4060 	 1780 	 0.958777 	 0.00109193	0.00228125
4060 	 1785 	 0.95878 	 0.00109264	0.00228273
4060 	 1790 	 0.958782 	 0.00109335	0.00228421
4060 	 1795 	 0.958784 	 0.00109406	0.00228569
4060 	 1800 	 0.958787 	 0.00109476	0.00228716
4060 	 1805 	 0.958789 	 0.00109546	0.00228862
4060 	 1810 	 0.958791 	 0.00109616	0.00229009
4060 	 1815 	 0.958794 	 0.00109686	0.00229154
4060 	 1820 	 0.958796 	 0.00109756	0.00229299
4060 	 1825 	 0.958798 	 0.00109825	0.00229444
4060 	 1830 	 0.9588 	 0.00109894	0.00229588
4060 	 1835 	 0.958803 	 0.00109963	0.00229732
4060 	 1840 	 0.958805 	 0.00110031	0.00229875
4060 	 1845 	 0.958807 	 0.001101	0.00230018
4060 	 1850 	 0.958809 	 0.00110168	0.00230161
4060 	 1855 	 0.958811 	 0.00110236	0.00230303
4060 	 1860 	 0.958814 	 0.00110304	0.00230444
4060 	 1865 	 0.958816 	 0.00110371	0.00230585
4060 	 1870 	 0.958818 	 0.00110438	0.00230726
4060 	 1875 	 0.95882 	 0.00110505	0.00230866
4060 	 1880 	 0.958822 	 0.00110572	0.00231006
4060 	 1885 	 0.958824 	 0.00110639	0.00231145
4060 	 1890 	 0.958826 	 0.00110705	0.00231284
4060 	 1895 	 0.958829 	 0.00110772	0.00231422
4060 	 1900 	 0.958831 	 0.00110838	0.0023156
4060 	 1905 	 0.958833 	 0.00110904	0.00231698
4060 	 1910 	 0.958835 	 0.00110969	0.00231835
4060 	 1915 	 0.958837 	 0.00111035	0.00231972
4060 	 1920 	 0.958839 	 0.001111	0.00232108
4060 	 1925 	 0.958841 	 0.00111165	0.00232244
4060 	 1930 	 0.958843 	 0.0011123	0.00232379
4060 	 1935 	 0.958845 	 0.00111294	0.00232514
4060 	 1940 	 0.958847 	 0.00111359	0.00232649
4060 	 1945 	 0.958849 	 0.00111423	0.00232783
4060 	 1950 	 0.958851 	 0.00111487	0.00232917
4060 	 1955 	 0.958853 	 0.00111551	0.00233051
4060 	 1960 	 0.958855 	 0.00111615	0.00233184
4060 	 1965 	 0.958857 	 0.00111678	0.00233316
4060 	 1970 	 0.958859 	 0.00111741	0.00233448
4060 	 1975 	 0.958861 	 0.00111805	0.0023358
4060 	 1980 	 0.958863 	 0.00111867	0.00233711
4060 	 1985 	 0.958865 	 0.0011193	0.00233842
4060 	 1990 	 0.958867 	 0.00111993	0.00233973
4060 	 1995 	 0.958869 	 0.00112055	0.00234103
4060 	 2000 	 0.958871 	 0.00112117	0.00234233
4060 	 2005 	 0.958873 	 0.00112179	0.00234363
4060 	 2010 	 0.958875 	 0.00112241	0.00234492
4060 	 2015 	 0.958877 	 0.00112302	0.0023462
4060 	 2020 	 0.958879 	 0.00112364	0.00234749
4060 	 2025 	 0.95888 	 0.00112425	0.00234876
4060 	 2030 	 0.958882 	 0.00112486	0.00235004
4060 	 2035 	 0.958884 	 0.00112547	0.00235131
4060 	 2040 	 0.958886 	 0.00112608	0.00235258
4060 	 2045 	 0.958888 	 0.00112668	0.00235384
4060 	 2050 	 0.95889 	 0.00112728	0.0023551
4060 	 2055 	 0.958892 	 0.00112789	0.00235636
4060 	 2060 	 0.958893 	 0.00112849	0.00235761
4060 	 2065 	 0.958895 	 0.00112908	0.00235886
4060 	 2070 	 0.958897 	 0.00112968	0.00236011
4060 	 2075 	 0.958899 	 0.00113027	0.00236135
4060 	 2080 	 0.958901 	 0.00113087	0.00236259
4060 	 2085 	 0.958903 	 0.00113146	0.00236382
4060 	 2090 	 0.958904 	 0.00113205	0.00236505
4060 	 2095 	 0.958906 	 0.00113264	0.00236628
4060 	 2100 	 0.958908 	 0.00113322	0.00236751
4060 	 2105 	 0.95891 	 0.00113381	0.00236873
4060 	 2110 	 0.958911 	 0.00113439	0.00236994
4060 	 2115 	 0.958913 	 0.00113497	0.00237116
4060 	 2120 	 0.958915 	 0.00113555	0.00237237
4060 	 2125 	 0.958917 	 0.00113613	0.00237358
4060 	 2130 	 0.958918 	 0.0011367	0.00237478
4060 	 2135 	 0.95892 	 0.00113728	0.00237598
4060 	 2140 	 0.958922 	 0.00113785	0.00237718
4060 	 2145 	 0.958924 	 0.00113842	0.00237837
4060 	 2150 	 0.958925 	 0.00113899	0.00237956
4060 	 2155 	 0.958927 	 0.00113956	0.00238075
4060 	 2160 	 0.958929 	 0.00114012	0.00238193
4060 	 2165 	 0.95893 	 0.00114069	0.00238311
4060 	 2170 	 0.958932 	 0.00114125	0.00238428
4060 	 2175 	 0.958934 	 0.00114181	0.00238546
4060 	 2180 	 0.958935 	 0.00114237	0.00238663
4060 	 2185 	 0.958937 	 0.00114293	0.00238779
4060 	 2190 	 0.958939 	 0.00114349	0.00238896
4060 	 2195 	 0.95894 	 0.00114404	0.00239012
4060 	 2200 	 0.958942 	 0.0011446	0.00239128
4060 	 2205 	 0.958944 	 0.00114515	0.00239243
4060 	 2210 	 0.958945 	 0.0011457	0.00239358
4060 	 2215 	 0.958947 	 0.00114625	0.00239473
4060 	 2220 	 0.958949 	 0.0011468	0.00239587
4060 	 2225 	 0.95895 	 0.00114734	0.00239701
4060 	 2230 	 0.958952 	 0.00114789	0.00239815
4060 	 2235 	 0.958953 	 0.00114843	0.00239929
4060 	 2240 	 0.958955 	 0.00114897	0.00240042
4060 	 2245 	 0.958956 	 0.00114951	0.00240155
4060 	 2250 	 0.958958 	 0.00115005	0.00240267
4060 	 2255 	 0.95896 	 0.00115059	0.00240379
4060 	 2260 	 0.958961 	 0.00115113	0.00240491
4060 	 2265 	 0.958963 	 0.00115166	0.00240603
4060 	 2270 	 0.958964 	 0.00115219	0.00240714
4060 	 2275 	 0.958966 	 0.00115273	0.00240825
4060 	 2280 	 0.958967 	 0.00115326	0.00240936
4060 	 2285 	 0.958969 	 0.00115378	0.00241047
4060 	 2290 	 0.958971 	 0.00115431	0.00241157
4060 	 2295 	 0.958972 	 0.00115484	0.00241267
4060 	 2300 	 0.958974 	 0.00115536	0.00241376
4060 	 2305 	 0.958975 	 0.00115589	0.00241486
4060 	 2310 	 0.958977 	 0.00115641	0.00241595
4060 	 2315 	 0.958978 	 0.00115693	0.00241703
4060 	 2320 	 0.95898 	 0.00115745	0.00241812
4060 	 2325 	 0.958981 	 0.00115796	0.0024192
4060 	 2330 	 0.958983 	 0.00115848	0.00242028
4060 	 2335 	 0.958984 	 0.001159	0.00242135
4060 	 2340 	 0.958986 	 0.00115951	0.00242242
4060 	 2345 	 0.958987 	 0.00116002	0.00242349
4060 	 2350 	 0.958988 	 0.00116053	0.00242456
4060 	 2355 	 0.95899 	 0.00116104	0.00242563
4060 	 2360 	 0.958991 	 0.00116155	0.00242669
4060 	 2365 	 0.958993 	 0.00116206	0.00242775
4060 	 2370 	 0.958994 	 0.00116256	0.0024288
4060 	 2375 	 0.958996 	 0.00116307	0.00242986
4060 	 2380 	 0.958997 	 0.00116357	0.00243091
4060 	 2385 	 0.958999 	 0.00116407	0.00243195
4060 	 2390 	 0.959 	 0.00116457	0.002433
4060 	 2395 	 0.959001 	 0.00116507	0.00243404
4060 	 2400 	 0.959003 	 0.00116557	0.00243508
4060 	 2405 	 0.959004 	 0.00116606	0.00243612
4060 	 2410 	 0.959006 	 0.00116656	0.00243715
4060 	 2415 	 0.959007 	 0.00116705	0.00243818
4060 	 2420 	 0.959009 	 0.00116754	0.00243921
4060 	 2425 	 0.95901 	 0.00116804	0.00244024
4060 	 2430 	 0.959011 	 0.00116853	0.00244126
4060 	 2435 	 0.959013 	 0.00116901	0.00244228
4060 	 2440 	 0.959014 	 0.0011695	0.0024433
4060 	 2445 	 0.959015 	 0.00116999	0.00244432
4060 	 2450 	 0.959017 	 0.00117047	0.00244533
4060 	 2455 	 0.959018 	 0.00117096	0.00244634
4060 	 2460 	 0.95902 	 0.00117144	0.00244735
4060 	 2465 	 0.959021 	 0.00117192	0.00244836
4060 	 2470 	 0.959022 	 0.0011724	0.00244936
4060 	 2475 	 0.959024 	 0.00117288	0.00245036
4060 	 2480 	 0.959025 	 0.00117336	0.00245136
4060 	 2485 	 0.959026 	 0.00117384	0.00245236
4060 	 2490 	 0.959028 	 0.00117431	0.00245335
4060 	 2495 	 0.959029 	 0.00117479	0.00245434
4060 	 2500 	 0.95903 	 0.00117526	0.00245533
4060 	 2505 	 0.959032 	 0.00117573	0.00245631
4060 	 2510 	 0.959033 	 0.0011762	0.0024573
4060 	 2515 	 0.959034 	 0.00117667	0.00245828
4060 	 2520 	 0.959035 	 0.00117714	0.00245926
4060 	 2525 	 0.959037 	 0.00117761	0.00246023
4060 	 2530 	 0.959038 	 0.00117807	0.00246121
4060 	 2535 	 0.959039 	 0.00117854	0.00246218
4060 	 2540 	 0.959041 	 0.001179	0.00246315
4060 	 2545 	 0.959042 	 0.00117946	0.00246411
4060 	 2550 	 0.959043 	 0.00117992	0.00246508
4060 	 2555 	 0.959044 	 0.00118039	0.00246604
4060 	 2560 	 0.959046 	 0.00118084	0.002467
4060 	 2565 	 0.959047 	 0.0011813	0.00246796
4060 	 2570 	 0.959048 	 0.00118176	0.00246891
4060 	 2575 	 0.95905 	 0.00118222	0.00246986
4060 	 2580 	 0.959051 	 0.00118267	0.00247081
4060 	 2585 	 0.959052 	 0.00118312	0.00247176
4060 	 2590 	 0.959053 	 0.00118358	0.00247271
4060 	 2595 	 0.959055 	 0.00118403	0.00247365
4060 	 2600 	 0.959056 	 0.00118448	0.00247459
4060 	 2605 	 0.959057 	 0.00118493	0.00247553
4060 	 2610 	 0.959058 	 0.00118538	0.00247647
4060 	 2615 	 0.959059 	 0.00118582	0.0024774
4060 	 2620 	 0.959061 	 0.00118627	0.00247833
4060 	 2625 	 0.959062 	 0.00118671	0.00247926
4060 	 2630 	 0.959063 	 0.00118716	0.00248019
4060 	 2635 	 0.959064 	 0.0011876	0.00248112
4060 	 2640 	 0.959066 	 0.00118804	0.00248204
4060 	 2645 	 0.959067 	 0.00118848	0.00248296
4060 	 2650 	 0.959068 	 0.00118892	0.00248388
4060 	 2655 	 0.959069 	 0.00118936	0.00248479
4060 	 2660 	 0.95907 	 0.0011898	0.00248571
4060 	 2665 	 0.959072 	 0.00119024	0.00248662
4060 	 2670 	 0.959073 	 0.00119067	0.00248753
4060 	 2675 	 0.959074 	 0.00119111	0.00248844
4060 	 2680 	 0.959075 	 0.00119154	0.00248935
4060 	 2685 	 0.959076 	 0.00119197	0.00249025
4060 	 2690 	 0.959077 	 0.0011924	0.00249115
4060 	 2695 	 0.959079 	 0.00119284	0.00249205
4060 	 2700 	 0.95908 	 0.00119326	0.00249295
4060 	 2705 	 0.959081 	 0.00119369	0.00249384
4060 	 2710 	 0.959082 	 0.00119412	0.00249474
4060 	 2715 	 0.959083 	 0.00119455	0.00249563
4060 	 2720 	 0.959084 	 0.00119497	0.00249652
4060 	 2725 	 0.959085 	 0.0011954	0.0024974
4060 	 2730 	 0.959087 	 0.00119582	0.00249829
4060 	 2735 	 0.959088 	 0.00119624	0.00249917
4060 	 2740 	 0.959089 	 0.00119667	0.00250005
4060 	 2745 	 0.95909 	 0.00119709	0.00250093
4060 	 2750 	 0.959091 	 0.00119751	0.00250181
4060 	 2755 	 0.959092 	 0.00119792	0.00250268
4060 	 2760 	 0.959093 	 0.00119834	0.00250356
4060 	 2765 	 0.959094 	 0.00119876	0.00250443
4060 	 2770 	 0.959096 	 0.00119918	0.0025053
4060 	 2775 	 0.959097 	 0.00119959	0.00250616
4060 	 2780 	 0.959098 	 0.0012	0.00250703
4060 	 2785 	 0.959099 	 0.00120042	0.00250789
4060 	 2790 	 0.9591 	 0.00120083	0.00250875
4060 	 2795 	 0.959101 	 0.00120124	0.00250961
4060 	 2800 	 0.959102 	 0.00120165	0.00251047
4060 	 2805 	 0.959103 	 0.00120206	0.00251132
4060 	 2810 	 0.959104 	 0.00120247	0.00251218
4060 	 2815 	 0.959105 	 0.00120288	0.00251303
4060 	 2820 	 0.959107 	 0.00120328	0.00251388
4060 	 2825 	 0.959108 	 0.00120369	0.00251472
4060 	 2830 	 0.959109 	 0.00120409	0.00251557
4060 	 2835 	 0.95911 	 0.0012045	0.00251641
4060 	 2840 	 0.959111 	 0.0012049	0.00251725
4060 	 2845 	 0.959112 	 0.0012053	0.00251809
4060 	 2850 	 0.959113 	 0.0012057	0.00251893
4060 	 2855 	 0.959114 	 0.0012061	0.00251977
4060 	 2860 	 0.959115 	 0.0012065	0.0025206
4060 	 2865 	 0.959116 	 0.0012069	0.00252144
4060 	 2870 	 0.959117 	 0.0012073	0.00252227
4060 	 2875 	 0.959118 	 0.00120769	0.00252309
4060 	 2880 	 0.959119 	 0.00120809	0.00252392
4060 	 2885 	 0.95912 	 0.00120849	0.00252475
4060 	 2890 	 0.959121 	 0.00120888	0.00252557
4060 	 2895 	 0.959122 	 0.00120927	0.00252639
4060 	 2900 	 0.959123 	 0.00120967	0.00252721
4060 	 2905 	 0.959124 	 0.00121006	0.00252803
4060 	 2910 	 0.959125 	 0.00121045	0.00252884
4060 	 2915 	 0.959126 	 0.00121084	0.00252966
4060 	 2920 	 0.959127 	 0.00121123	0.00253047
4060 	 2925 	 0.959128 	 0.00121161	0.00253128
4060 	 2930 	 0.959129 	 0.001212	0.00253209
4060 	 2935 	 0.959131 	 0.00121239	0.0025329
4060 	 2940 	 0.959132 	 0.00121277	0.0025337
4060 	 2945 	 0.959133 	 0.00121316	0.00253451
4060 	 2950 	 0.959134 	 0.00121354	0.00253531
4060 	 2955 	 0.959135 	 0.00121392	0.00253611
4060 	 2960 	 0.959136 	 0.00121431	0.00253691
4060 	 2965 	 0.959136 	 0.00121469	0.00253771
4060 	 2970 	 0.959137 	 0.00121507	0.0025385
4060 	 2975 	 0.959138 	 0.00121545	0.00253929
4060 	 2980 	 0.959139 	 0.00121583	0.00254009
4060 	 2985 	 0.95914 	 0.00121621	0.00254088
4060 	 2990 	 0.959141 	 0.00121658	0.00254166
4060 	 2995 	 0.959142 	 0.00121696	0.00254245
4060 	 3000 	 0.959143 	 0.00121734	0.00254324
4060 	 3005 	 0.959144 	 0.00121771	0.00254402
4060 	 3010 	 0.959145 	 0.00121808	0.0025448
4060 	 3015 	 0.959146 	 0.00121846	0.00254558
4060 	 3020 	 0.959147 	 0.00121883	0.00254636
4060 	 3025 	 0.959148 	 0.0012192	0.00254714
4060 	 3030 	 0.959149 	 0.00121957	0.00254791
4060 	 3035 	 0.95915 	 0.00121994	0.00254868
4060 	 3040 	 0.959151 	 0.00122031	0.00254946
4060 	 3045 	 0.959152 	 0.00122068	0.00255023
4060 	 3050 	 0.959153 	 0.00122105	0.00255099
4060 	 3055 	 0.959154 	 0.00122142	0.00255176
4060 	 3060 	 0.959155 	 0.00122178	0.00255253
4060 	 3065 	 0.959156 	 0.00122215	0.00255329
4060 	 3070 	 0.959157 	 0.00122251	0.00255405
4060 	 3075 	 0.959158 	 0.00122288	0.00255481
4060 	 3080 	 0.959159 	 0.00122324	0.00255557
4060 	 3085 	 0.959159 	 0.0012236	0.00255633
4060 	 3090 	 0.95916 	 0.00122396	0.00255708
4060 	 3095 	 0.959161 	 0.00122433	0.00255784
4060 	 3100 	 0.959162 	 0.00122469	0.00255859
4060 	 3105 	 0.959163 	 0.00122505	0.00255934
4060 	 3110 	 0.959164 	 0.0012254	0.00256009
4060 	 3115 	 0.959165 	 0.00122576	0.00256084
4060 	 3120 	 0.959166 	 0.00122612	0.00256159
4060 	 3125 	 0.959167 	 0.00122648	0.00256233
4060 	 3130 	 0.959168 	 0.00122683	0.00256307
4060 	 3135 	 0.959169 	 0.00122719	0.00256382
4060 	 3140 	 0.95917 	 0.00122754	0.00256456
4060 	 3145 	 0.95917 	 0.00122789	0.0025653
4060 	 3150 	 0.959171 	 0.00122825	0.00256603
4060 	 3155 	 0.959172 	 0.0012286	0.00256677
4060 	 3160 	 0.959173 	 0.00122895	0.0025675
4060 	 3165 	 0.959174 	 0.0012293	0.00256824
4060 	 3170 	 0.959175 	 0.00122965	0.00256897
4060 	 3175 	 0.959176 	 0.00123	0.0025697
4060 	 3180 	 0.959177 	 0.00123035	0.00257043
4060 	 3185 	 0.959177 	 0.0012307	0.00257115
4060 	 3190 	 0.959178 	 0.00123105	0.00257188
4060 	 3195 	 0.959179 	 0.00123139	0.0025726
4060 	 3200 	 0.95918 	 0.00123174	0.00257332
4060 	 3205 	 0.959181 	 0.00123208	0.00257404
4060 	 3210 	 0.959182 	 0.00123243	0.00257476
4060 	 3215 	 0.959183 	 0.00123277	0.00257548
4060 	 3220 	 0.959184 	 0.00123311	0.0025762
4060 	 3225 	 0.959184 	 0.00123346	0.00257691
4060 	 3230 	 0.959185 	 0.0012338	0.00257763
4060 	 3235 	 0.959186 	 0.00123414	0.00257834
4060 	 3240 	 0.959187 	 0.00123448	0.00257905
4060 	 3245 	 0.959188 	 0.00123482	0.00257976
4060 	 3250 	 0.959189 	 0.00123516	0.00258047
4060 	 3255 	 0.95919 	 0.0012355	0.00258118
4060 	 3260 	 0.95919 	 0.00123583	0.00258188
4060 	 3265 	 0.959191 	 0.00123617	0.00258259
4060 	 3270 	 0.959192 	 0.00123651	0.00258329
4060 	 3275 	 0.959193 	 0.00123684	0.00258399
4060 	 3280 	 0.959194 	 0.00123718	0.00258469
4060 	 3285 	 0.959195 	 0.00123751	0.00258539
4060 	 3290 	 0.959195 	 0.00123785	0.00258608
4060 	 3295 	 0.959196 	 0.00123818	0.00258678
4060 	 3300 	 0.959197 	 0.00123851	0.00258747
4060 	 3305 	 0.959198 	 0.00123884	0.00258817
4060 	 3310 	 0.959199 	 0.00123917	0.00258886
4060 	 3315 	 0.9592 	 0.0012395	0.00258955
4060 	 3320 	 0.9592 	 0.00123983	0.00259024
4060 	 3325 	 0.959201 	 0.00124016	0.00259093
4060 	 3330 	 0.959202 	 0.00124049	0.00259161
4060 	 3335 	 0.959203 	 0.00124082	0.0025923
4060 	 3340 	 0.959204 	 0.00124115	0.00259298
4060 	 3345 	 0.959204 	 0.00124147	0.00259366
4060 	 3350 	 0.959205 	 0.0012418	0.00259434
4060 	 3355 	 0.959206 	 0.00124212	0.00259502
4060 	 3360 	 0.959207 	 0.00124245	0.0025957
4060 	 3365 	 0.959208 	 0.00124277	0.00259638
4060 	 3370 	 0.959208 	 0.0012431	0.00259705
4060 	 3375 	 0.959209 	 0.00124342	0.00259773
4060 	 3380 	 0.95921 	 0.00124374	0.0025984
4060 	 3385 	 0.959211 	 0.00124406	0.00259907
4060 	 3390 	 0.959212 	 0.00124438	0.00259974
4060 	 3395 	 0.959212 	 0.0012447	0.00260041
4060 	 3400 	 0.959213 	 0.00124502	0.00260108
4060 	 3405 	 0.959214 	 0.00124534	0.00260175
4060 	 3410 	 0.959215 	 0.00124566	0.00260241
4060 	 3415 	 0.959216 	 0.00124598	0.00260308
4060 	 3420 	 0.959216 	 0.0012463	0.00260374
4060 	 3425 	 0.959217 	 0.00124661	0.0026044
4060 	 3430 	 0.959218 	 0.00124693	0.00260506
4060 	 3435 	 0.959219 	 0.00124724	0.00260572
4060 	 3440 	 0.959219 	 0.00124756	0.00260638
4060 	 3445 	 0.95922 	 0.00124787	0.00260703
4060 	 3450 	 0.959221 	 0.00124819	0.00260769
4060 	 3455 	 0.959222 	 0.0012485	0.00260834
4060 	 3460 	 0.959222 	 0.00124881	0.002609
4060 	 3465 	 0.959223 	 0.00124912	0.00260965
4060 	 3470 	 0.959224 	 0.00124944	0.0026103
4060 	 3475 	 0.959225 	 0.00124975	0.00261095
4060 	 3480 	 0.959226 	 0.00125006	0.0026116
4060 	 3485 	 0.959226 	 0.00125037	0.00261224
4060 	 3490 	 0.959227 	 0.00125068	0.00261289
4060 	 3495 	 0.959228 	 0.00125098	0.00261353
4060 	 3500 	 0.959229 	 0.00125129	0.00261418
4060 	 3505 	 0.959229 	 0.0012516	0.00261482
4060 	 3510 	 0.95923 	 0.00125191	0.00261546
4060 	 3515 	 0.959231 	 0.00125221	0.0026161
4060 	 3520 	 0.959232 	 0.00125252	0.00261674
4060 	 3525 	 0.959232 	 0.00125282	0.00261737
4060 	 3530 	 0.959233 	 0.00125313	0.00261801
4060 	 3535 	 0.959234 	 0.00125343	0.00261864
4060 	 3540 	 0.959234 	 0.00125373	0.00261928
4060 	 3545 	 0.959235 	 0.00125404	0.00261991
4060 	 3550 	 0.959236 	 0.00125434	0.00262054
4060 	 3555 	 0.959237 	 0.00125464	0.00262117
4060 	 3560 	 0.959237 	 0.00125494	0.0026218
4060 	 3565 	 0.959238 	 0.00125524	0.00262243
4060 	 3570 	 0.959239 	 0.00125554	0.00262306
4060 	 3575 	 0.95924 	 0.00125584	0.00262368
4060 	 3580 	 0.95924 	 0.00125614	0.00262431
4060 	 3585 	 0.959241 	 0.00125644	0.00262493
4060 	 3590 	 0.959242 	 0.00125674	0.00262555
4060 	 3595 	 0.959242 	 0.00125703	0.00262617
4060 	 3600 	 0.959243 	 0.00125733	0.00262679
4060 	 3605 	 0.959244 	 0.00125763	0.00262741
4060 	 3610 	 0.959245 	 0.00125792	0.00262803
4060 	 3615 	 0.959245 	 0.00125822	0.00262865
4060 	 3620 	 0.959246 	 0.00125851	0.00262926
4060 	 3625 	 0.959247 	 0.00125881	0.00262988
4060 	 3630 	 0.959247 	 0.0012591	0.00263049
4060 	 3635 	 0.959248 	 0.00125939	0.0026311
4060 	 3640 	 0.959249 	 0.00125968	0.00263171
4060 	 3645 	 0.95925 	 0.00125998	0.00263232
4060 	 3650 	 0.95925 	 0.00126027	0.00263293
4060 	 3655 	 0.959251 	 0.00126056	0.00263354
4060 	 3660 	 0.959252 	 0.00126085	0.00263414
4060 	 3665 	 0.959252 	 0.00126114	0.00263475
4060 	 3670 	 0.959253 	 0.00126143	0.00263535
4060 	 3675 	 0.959254 	 0.00126172	0.00263596
4060 	 3680 	 0.959254 	 0.00126201	0.00263656
4060 	 3685 	 0.959255 	 0.00126229	0.00263716
4060 	 3690 	 0.959256 	 0.00126258	0.00263776
4060 	 3695 	 0.959256 	 0.00126287	0.00263836
4060 	 3700 	 0.959257 	 0.00126315	0.00263896
4060 	 3705 	 0.959258 	 0.00126344	0.00263956
4060 	 3710 	 0.959258 	 0.00126373	0.00264015
4060 	 3715 	 0.959259 	 0.00126401	0.00264075
4060 	 3720 	 0.95926 	 0.00126429	0.00264134
4060 	 3725 	 0.95926 	 0.00126458	0.00264193
4060 	 3730 	 0.959261 	 0.00126486	0.00264253
4060 	 3735 	 0.959262 	 0.00126514	0.00264312
4060 	 3740 	 0.959263 	 0.00126543	0.00264371
4060 	 3745 	 0.959263 	 0.00126571	0.00264429
4060 	 3750 	 0.959264 	 0.00126599	0.00264488
4060 	 3755 	 0.959265 	 0.00126627	0.00264547
4060 	 3760 	 0.959265 	 0.00126655	0.00264605
4060 	 3765 	 0.959266 	 0.00126683	0.00264664
4060 	 3770 	 0.959267 	 0.00126711	0.00264722
4060 	 3775 	 0.959267 	 0.00126739	0.0026478
4060 	 3780 	 0.959268 	 0.00126767	0.00264839
4060 	 3785 	 0.959268 	 0.00126794	0.00264897
4060 	 3790 	 0.959269 	 0.00126822	0.00264955
4060 	 3795 	 0.95927 	 0.0012685	0.00265012
4060 	 3800 	 0.95927 	 0.00126877	0.0026507
4060 	 3805 	 0.959271 	 0.00126905	0.00265128
4060 	 3810 	 0.959272 	 0.00126933	0.00265185
4060 	 3815 	 0.959272 	 0.0012696	0.00265243
4060 	 3820 	 0.959273 	 0.00126988	0.002653
4060 	 3825 	 0.959274 	 0.00127015	0.00265357
4060 	 3830 	 0.959274 	 0.00127042	0.00265415
4060 	 3835 	 0.959275 	 0.0012707	0.00265472
4060 	 3840 	 0.959276 	 0.00127097	0.00265529
4060 	 3845 	 0.959276 	 0.00127124	0.00265585
4060 	 3850 	 0.959277 	 0.00127151	0.00265642
4060 	 3855 	 0.959278 	 0.00127178	0.00265699
4060 	 3860 	 0.959278 	 0.00127205	0.00265755
4060 	 3865 	 0.959279 	 0.00127232	0.00265812
4060 	 3870 	 0.959279 	 0.00127259	0.00265868
4060 	 3875 	 0.95928 	 0.00127286	0.00265924
4060 	 3880 	 0.959281 	 0.00127313	0.00265981
4060 	 3885 	 0.959281 	 0.0012734	0.00266037
4060 	 3890 	 0.959282 	 0.00127367	0.00266093
4060 	 3895 	 0.959283 	 0.00127394	0.00266149
4060 	 3900 	 0.959283 	 0.0012742	0.00266204
4060 	 3905 	 0.959284 	 0.00127447	0.0026626
4060 	 3910 	 0.959284 	 0.00127474	0.00266316
4060 	 3915 	 0.959285 	 0.001275	0.00266371
4060 	 3920 	 0.959286 	 0.00127527	0.00266427
4060 	 3925 	 0.959286 	 0.00127553	0.00266482
4060 	 3930 	 0.959287 	 0.0012758	0.00266537
4060 	 3935 	 0.959288 	 0.00127606	0.00266592
4060 	 3940 	 0.959288 	 0.00127632	0.00266647
4060 	 3945 	 0.959289 	 0.00127659	0.00266702
4060 	 3950 	 0.959289 	 0.00127685	0.00266757
4060 	 3955 	 0.95929 	 0.00127711	0.00266812
4060 	 3960 	 0.959291 	 0.00127737	0.00266867
4060 	 3965 	 0.959291 	 0.00127764	0.00266921
4060 	 3970 	 0.959292 	 0.0012779	0.00266976
4060 	 3975 	 0.959292 	 0.00127816	0.0026703
4060 	 3980 	 0.959293 	 0.00127842	0.00267085
4060 	 3985 	 0.959294 	 0.00127868	0.00267139
4060 	 3990 	 0.959294 	 0.00127894	0.00267193
4060 	 3995 	 0.959295 	 0.00127919	0.00267247
4060 	 4000 	 0.959295 	 0.00127945	0.00267301
4060 	 4005 	 0.959296 	 0.00127971	0.00267355
4060 	 4010 	 0.959297 	 0.00127997	0.00267409
4060 	 4015 	 0.959297 	 0.00128023	0.00267462
4060 	 4020 	 0.959298 	 0.00128048	0.00267516
4060 	 4025 	 0.959298 	 0.00128074	0.00267569
4060 	 4030 	 0.959299 	 0.00128099	0.00267623
4060 	 4035 	 0.9593 	 0.00128125	0.00267676
4060 	 4040 	 0.9593 	 0.0012815	0.0026773
4060 	 4045 	 0.959301 	 0.00128176	0.00267783
4060 	 4050 	 0.959301 	 0.00128201	0.00267836
4060 	 4055 	 0.959302 	 0.00128227	0.00267889
4060 	 4060 	 0.959302 	 0.00128252	0.00267942
4060 	 4065 	 0.959303 	 0.00128277	0.00267994
4060 	 4070 	 0.959304 	 0.00128302	0.00268047
4060 	 4075 	 0.959304 	 0.00128328	0.002681
4060 	 4080 	 0.959305 	 0.00128353	0.00268152
4060 	 4085 	 0.959305 	 0.00128378	0.00268205
4060 	 4090 	 0.959306 	 0.00128403	0.00268257
4060 	 4095 	 0.959307 	 0.00128428	0.0026831
4060 	 4100 	 0.959307 	 0.00128453	0.00268362
4060 	 4105 	 0.959308 	 0.00128478	0.00268414
4060 	 4110 	 0.959308 	 0.00128503	0.00268466
4060 	 4115 	 0.959309 	 0.00128528	0.00268518
4060 	 4120 	 0.959309 	 0.00128553	0.0026857
4060 	 4125 	 0.95931 	 0.00128577	0.00268622
4060 	 4130 	 0.959311 	 0.00128602	0.00268673
4060 	 4135 	 0.959311 	 0.00128627	0.00268725
4060 	 4140 	 0.959312 	 0.00128652	0.00268777
4060 	 4145 	 0.959312 	 0.00128676	0.00268828
4060 	 4150 	 0.959313 	 0.00128701	0.0026888
4060 	 4155 	 0.959313 	 0.00128725	0.00268931
4060 	 4160 	 0.959314 	 0.0012875	0.00268982
4060 	 4165 	 0.959314 	 0.00128774	0.00269033
4060 	 4170 	 0.959315 	 0.00128799	0.00269084
4060 	 4175 	 0.959316 	 0.00128823	0.00269135
4060 	 4180 	 0.959316 	 0.00128848	0.00269186
4060 	 4185 	 0.959317 	 0.00128872	0.00269237
4060 	 4190 	 0.959317 	 0.00128896	0.00269288
4060 	 4195 	 0.959318 	 0.0012892	0.00269338
4060 	 4200 	 0.959318 	 0.00128945	0.00269389
4060 	 4205 	 0.959319 	 0.00128969	0.00269439
4060 	 4210 	 0.959319 	 0.00128993	0.0026949
4060 	 4215 	 0.95932 	 0.00129017	0.0026954
4060 	 4220 	 0.959321 	 0.00129041	0.00269591
4060 	 4225 	 0.959321 	 0.00129065	0.00269641
4060 	 4230 	 0.959322 	 0.00129089	0.00269691
4060 	 4235 	 0.959322 	 0.00129113	0.00269741
4060 	 4240 	 0.959323 	 0.00129137	0.00269791
4060 	 4245 	 0.959323 	 0.00129161	0.00269841
4060 	 4250 	 0.959324 	 0.00129185	0.0026989
4060 	 4255 	 0.959324 	 0.00129209	0.0026994
4060 	 4260 	 0.959325 	 0.00129232	0.0026999
4060 	 4265 	 0.959325 	 0.00129256	0.00270039
4060 	 4270 	 0.959326 	 0.0012928	0.00270089
4060 	 4275 	 0.959326 	 0.00129303	0.00270138
4060 	 4280 	 0.959327 	 0.00129327	0.00270188
4060 	 4285 	 0.959328 	 0.00129351	0.00270237
4060 	 4290 	 0.959328 	 0.00129374	0.00270286
4060 	 4295 	 0.959329 	 0.00129398	0.00270335
4060 	 4300 	 0.959329 	 0.00129421	0.00270384
4060 	 4305 	 0.95933 	 0.00129444	0.00270433
4060 	 4310 	 0.95933 	 0.00129468	0.00270482
4060 	 4315 	 0.959331 	 0.00129491	0.00270531
4060 	 4320 	 0.959331 	 0.00129515	0.00270579
4060 	 4325 	 0.959332 	 0.00129538	0.00270628
4060 	 4330 	 0.959332 	 0.00129561	0.00270677
4060 	 4335 	 0.959333 	 0.00129584	0.00270725
4060 	 4340 	 0.959333 	 0.00129607	0.00270774
4060 	 4345 	 0.959334 	 0.00129631	0.00270822
4060 	 4350 	 0.959334 	 0.00129654	0.0027087
4060 	 4355 	 0.959335 	 0.00129677	0.00270918
4060 	 4360 	 0.959335 	 0.001297	0.00270966
4060 	 4365 	 0.959336 	 0.00129723	0.00271015
4060 	 4370 	 0.959336 	 0.00129746	0.00271062
4060 	 4375 	 0.959337 	 0.00129769	0.0027111
4060 	 4380 	 0.959337 	 0.00129792	0.00271158
4060 	 4385 	 0.959338 	 0.00129814	0.00271206
4060 	 4390 	 0.959338 	 0.00129837	0.00271254
4060 	 4395 	 0.959339 	 0.0012986	0.00271301
4060 	 4400 	 0.95934 	 0.00129883	0.00271349
4060 	 4405 	 0.95934 	 0.00129906	0.00271396
4060 	 4410 	 0.959341 	 0.00129928	0.00271444
4060 	 4415 	 0.959341 	 0.00129951	0.00271491
4060 	 4420 	 0.959342 	 0.00129973	0.00271538
4060 	 4425 	 0.959342 	 0.00129996	0.00271585
4060 	 4430 	 0.959343 	 0.00130019	0.00271633
4060 	 4435 	 0.959343 	 0.00130041	0.0027168
4060 	 4440 	 0.959344 	 0.00130064	0.00271727
4060 	 4445 	 0.959344 	 0.00130086	0.00271773
4060 	 4450 	 0.959345 	 0.00130108	0.0027182
4060 	 4455 	 0.959345 	 0.00130131	0.00271867
4060 	 4460 	 0.959346 	 0.00130153	0.00271914
4060 	 4465 	 0.959346 	 0.00130176	0.0027196
4060 	 4470 	 0.959347 	 0.00130198	0.00272007
4060 	 4475 	 0.959347 	 0.0013022	0.00272053
4060 	 4480 	 0.959348 	 0.00130242	0.002721
4060 	 4485 	 0.959348 	 0.00130264	0.00272146
4060 	 4490 	 0.959349 	 0.00130287	0.00272192
4060 	 4495 	 0.959349 	 0.00130309	0.00272239
4060 	 4500 	 0.95935 	 0.00130331	0.00272285
4060 	 4505 	 0.95935 	 0.00130353	0.00272331
4060 	 4510 	 0.95935 	 0.00130375	0.00272377
4060 	 4515 	 0.959351 	 0.00130397	0.00272423
4060 	 4520 	 0.959351 	 0.00130419	0.00272469
4060 	 4525 	 0.959352 	 0.00130441	0.00272514
4060 	 4530 	 0.959352 	 0.00130463	0.0027256
4060 	 4535 	 0.959353 	 0.00130484	0.00272606
4060 	 4540 	 0.959353 	 0.00130506	0.00272651
4060 	 4545 	 0.959354 	 0.00130528	0.00272697
4060 	 4550 	 0.959354 	 0.0013055	0.00272742
4060 	 4555 	 0.959355 	 0.00130572	0.00272788
4060 	 4560 	 0.959355 	 0.00130593	0.00272833
4060 	 4565 	 0.959356 	 0.00130615	0.00272878
4060 	 4570 	 0.959356 	 0.00130637	0.00272923
4060 	 4575 	 0.959357 	 0.00130658	0.00272969
4060 	 4580 	 0.959357 	 0.0013068	0.00273014
4060 	 4585 	 0.959358 	 0.00130701	0.00273059
4060 	 4590 	 0.959358 	 0.00130723	0.00273104
4060 	 4595 	 0.959359 	 0.00130744	0.00273148
4060 	 4600 	 0.959359 	 0.00130766	0.00273193
4060 	 4605 	 0.95936 	 0.00130787	0.00273238
4060 	 4610 	 0.95936 	 0.00130808	0.00273283
4060 	 4615 	 0.959361 	 0.0013083	0.00273327
4060 	 4620 	 0.959361 	 0.00130851	0.00273372
4060 	 4625 	 0.959361 	 0.00130872	0.00273416
4060 	 4630 	 0.959362 	 0.00130894	0.00273461
4060 	 4635 	 0.959362 	 0.00130915	0.00273505
4060 	 4640 	 0.959363 	 0.00130936	0.00273549
4060 	 4645 	 0.959363 	 0.00130957	0.00273593
4060 	 4650 	 0.959364 	 0.00130978	0.00273638
4060 	 4655 	 0.959364 	 0.00130999	0.00273682
4060 	 4660 	 0.959365 	 0.0013102	0.00273726
4060 	 4665 	 0.959365 	 0.00131042	0.0027377
4060 	 4670 	 0.959366 	 0.00131063	0.00273814
4060 	 4675 	 0.959366 	 0.00131084	0.00273857
4060 	 4680 	 0.959367 	 0.00131104	0.00273901
4060 	 4685 	 0.959367 	 0.00131125	0.00273945
4060 	 4690 	 0.959367 	 0.00131146	0.00273988
4060 	 4695 	 0.959368 	 0.00131167	0.00274032
4060 	 4700 	 0.959368 	 0.00131188	0.00274076
4060 	 4705 	 0.959369 	 0.00131209	0.00274119
4060 	 4710 	 0.959369 	 0.0013123	0.00274162
4060 	 4715 	 0.95937 	 0.0013125	0.00274206
4060 	 4720 	 0.95937 	 0.00131271	0.00274249
4060 	 4725 	 0.959371 	 0.00131292	0.00274292
4060 	 4730 	 0.959371 	 0.00131312	0.00274335
4060 	 4735 	 0.959372 	 0.00131333	0.00274378
4060 	 4740 	 0.959372 	 0.00131354	0.00274421
4060 	 4745 	 0.959372 	 0.00131374	0.00274464
4060 	 4750 	 0.959373 	 0.00131395	0.00274507
4060 	 4755 	 0.959373 	 0.00131415	0.0027455
4060 	 4760 	 0.959374 	 0.00131436	0.00274593
4060 	 4765 	 0.959374 	 0.00131456	0.00274636
4060 	 4770 	 0.959375 	 0.00131477	0.00274678
4060 	 4775 	 0.959375 	 0.00131497	0.00274721
4060 	 4780 	 0.959376 	 0.00131517	0.00274764
4060 	 4785 	 0.959376 	 0.00131538	0.00274806
4060 	 4790 	 0.959376 	 0.00131558	0.00274848
4060 	 4795 	 0.959377 	 0.00131578	0.00274891
4060 	 4800 	 0.959377 	 0.00131598	0.00274933
4060 	 4805 	 0.959378 	 0.00131619	0.00274975
4060 	 4810 	 0.959378 	 0.00131639	0.00275018
4060 	 4815 	 0.959379 	 0.00131659	0.0027506
4060 	 4820 	 0.959379 	 0.00131679	0.00275102
4060 	 4825 	 0.95938 	 0.00131699	0.00275144
4060 	 4830 	 0.95938 	 0.00131719	0.00275186
4060 	 4835 	 0.95938 	 0.00131739	0.00275228
4060 	 4840 	 0.959381 	 0.00131759	0.00275269
4060 	 4845 	 0.959381 	 0.00131779	0.00275311
4060 	 4850 	 0.959382 	 0.00131799	0.00275353
4060 	 4855 	 0.959382 	 0.00131819	0.00275395
4060 	 4860 	 0.959383 	 0.00131839	0.00275436
4060 	 4865 	 0.959383 	 0.00131859	0.00275478
4060 	 4870 	 0.959383 	 0.00131879	0.00275519
4060 	 4875 	 0.959384 	 0.00131899	0.00275561
4060 	 4880 	 0.959384 	 0.00131919	0.00275602
4060 	 4885 	 0.959385 	 0.00131938	0.00275643
4060 	 4890 	 0.959385 	 0.00131958	0.00275685
4060 	 4895 	 0.959386 	 0.00131978	0.00275726
4060 	 4900 	 0.959386 	 0.00131998	0.00275767
4060 	 4905 	 0.959386 	 0.00132017	0.00275808
4060 	 4910 	 0.959387 	 0.00132037	0.00275849
4060 	 4915 	 0.959387 	 0.00132056	0.0027589
4060 	 4920 	 0.959388 	 0.00132076	0.00275931
4060 	 4925 	 0.959388 	 0.00132096	0.00275972
4060 	 4930 	 0.959389 	 0.00132115	0.00276013
4060 	 4935 	 0.959389 	 0.00132135	0.00276053
4060 	 4940 	 0.959389 	 0.00132154	0.00276094
4060 	 4945 	 0.95939 	 0.00132174	0.00276135
4060 	 4950 	 0.95939 	 0.00132193	0.00276175
4060 	 4955 	 0.959391 	 0.00132212	0.00276216
4060 	 4960 	 0.959391 	 0.00132232	0.00276256
4060 	 4965 	 0.959391 	 0.00132251	0.00276297
4060 	 4970 	 0.959392 	 0.0013227	0.00276337
4060 	 4975 	 0.959392 	 0.0013229	0.00276377
4060 	 4980 	 0.959393 	 0.00132309	0.00276418
4060 	 4985 	 0.959393 	 0.00132328	0.00276458
4060 	 4990 	 0.959394 	 0.00132347	0.00276498
4060 	 4995 	 0.959394 	 0.00132367	0.00276538
4060 	 5000 	 0.959394 	 0.00132386	0.00276578
