4875 	 5 	 0.885109 	 0.00310554 	 0.00646707
4875 	 10 	 0.885428 	 0.00293926 	 0.00612081
4875 	 15 	 0.886163 	 0.00262332 	 0.00546288
4875 	 20 	 0.887808 	 0.00208423 	 0.00434026
4875 	 25 	 0.891299 	 0.00138326 	 0.00288055
4875 	 30 	 0.897921 	 0.00105419 	 0.00219528
4875 	 35 	 0.908177 	 0.00108111 	 0.00225134
4875 	 40 	 0.920319 	 0.000952433 	 0.00198337
4875 	 45 	 0.930574 	 0.00088853 	 0.0018503
4875 	 50 	 0.937111 	 0.000776126 	 0.00161623
4875 	 55 	 0.940722 	 0.000629993 	 0.00131192
4875 	 60 	 0.942671 	 0.000563264 	 0.00117296
4875 	 65 	 0.943806 	 0.000538065 	 0.00112048
4875 	 70 	 0.944563 	 0.000512016 	 0.00106624
4875 	 75 	 0.945145 	 0.000479966 	 0.000999495
4875 	 80 	 0.94564 	 0.000448933 	 0.000934872
4875 	 85 	 0.946088 	 0.000425419 	 0.000885904
4875 	 90 	 0.946507 	 0.000412746 	 0.000859515
4875 	 95 	 0.946904 	 0.000411312 	 0.000856529
4875 	 100 	 0.947283 	 0.000419558 	 0.0008737
4875 	 105 	 0.947646 	 0.000435069 	 0.000906
4875 	 110 	 0.947993 	 0.000455408 	 0.000948355
4875 	 115 	 0.948327 	 0.00047854 	 0.000996525
4875 	 120 	 0.948647 	 0.000502934 	 0.00104732
4875 	 125 	 0.948954 	 0.000527509 	 0.0010985
4875 	 130 	 0.949249 	 0.000551537 	 0.00114854
4875 	 135 	 0.949531 	 0.00057454 	 0.00119644
4875 	 140 	 0.949803 	 0.000596224 	 0.0012416
4875 	 145 	 0.950063 	 0.000616418 	 0.00128365
4875 	 150 	 0.950313 	 0.000635036 	 0.00132242
4875 	 155 	 0.950553 	 0.000652054 	 0.00135786
4875 	 160 	 0.950783 	 0.000667487 	 0.00139
4875 	 165 	 0.951004 	 0.000681379 	 0.00141892
4875 	 170 	 0.951216 	 0.000693791 	 0.00144477
4875 	 175 	 0.95142 	 0.000704797 	 0.00146769
4875 	 180 	 0.951615 	 0.000714477 	 0.00148785
4875 	 185 	 0.951803 	 0.000722918 	 0.00150543
4875 	 190 	 0.951982 	 0.000730205 	 0.0015206
4875 	 195 	 0.952155 	 0.000736425 	 0.00153355
4875 	 200 	 0.952321 	 0.000741664 	 0.00154446
4875 	 205 	 0.95248 	 0.000746006 	 0.00155351
4875 	 210 	 0.952632 	 0.000749531 	 0.00156085
4875 	 215 	 0.952779 	 0.000752317 	 0.00156665
4875 	 220 	 0.952919 	 0.000754437 	 0.00157106
4875 	 225 	 0.953054 	 0.000755963 	 0.00157424
4875 	 230 	 0.953184 	 0.00075696 	 0.00157632
4875 	 235 	 0.953308 	 0.000757493 	 0.00157743
4875 	 240 	 0.953427 	 0.00075762 	 0.00157769
4875 	 245 	 0.953541 	 0.000757397 	 0.00157723
4875 	 250 	 0.953651 	 0.000756875 	 0.00157614
4875 	 255 	 0.953756 	 0.000756102 	 0.00157453
4875 	 260 	 0.953858 	 0.000755123 	 0.00157249
4875 	 265 	 0.953955 	 0.000753979 	 0.00157011
4875 	 270 	 0.954048 	 0.000752708 	 0.00156746
4875 	 275 	 0.954137 	 0.000751344 	 0.00156462
4875 	 280 	 0.954223 	 0.000749919 	 0.00156165
4875 	 285 	 0.954305 	 0.000748461 	 0.00155862
4875 	 290 	 0.954384 	 0.000746995 	 0.00155556
4875 	 295 	 0.95446 	 0.000745545 	 0.00155255
4875 	 300 	 0.954533 	 0.000744131 	 0.0015496
4875 	 305 	 0.954603 	 0.000742771 	 0.00154677
4875 	 310 	 0.95467 	 0.00074148 	 0.00154408
4875 	 315 	 0.954734 	 0.000740271 	 0.00154156
4875 	 320 	 0.954796 	 0.000739157 	 0.00153924
4875 	 325 	 0.954855 	 0.000738146 	 0.00153714
4875 	 330 	 0.954912 	 0.000737247 	 0.00153526
4875 	 335 	 0.954966 	 0.000736465 	 0.00153364
4875 	 340 	 0.955019 	 0.000735804 	 0.00153226
4875 	 345 	 0.955069 	 0.000735269 	 0.00153115
4875 	 350 	 0.955117 	 0.000734861 	 0.0015303
4875 	 355 	 0.955163 	 0.00073458 	 0.00152971
4875 	 360 	 0.955208 	 0.000734427 	 0.00152939
4875 	 365 	 0.95525 	 0.0007344 	 0.00152934
4875 	 370 	 0.955291 	 0.000734498 	 0.00152954
4875 	 375 	 0.955331 	 0.000734717 	 0.00153
4875 	 380 	 0.955368 	 0.000735055 	 0.0015307
4875 	 385 	 0.955404 	 0.000735508 	 0.00153164
4875 	 390 	 0.955439 	 0.00073607 	 0.00153282
4875 	 395 	 0.955472 	 0.000736739 	 0.00153421
4875 	 400 	 0.955504 	 0.000737509 	 0.00153581
4875 	 405 	 0.955535 	 0.000738374 	 0.00153761
4875 	 410 	 0.955565 	 0.00073933 	 0.0015396
4875 	 415 	 0.955593 	 0.000740372 	 0.00154177
4875 	 420 	 0.95562 	 0.000741492 	 0.00154411
4875 	 425 	 0.955646 	 0.000742687 	 0.00154659
4875 	 430 	 0.955671 	 0.00074395 	 0.00154922
4875 	 435 	 0.955695 	 0.000745277 	 0.00155199
4875 	 440 	 0.955718 	 0.000746661 	 0.00155487
4875 	 445 	 0.95574 	 0.000748098 	 0.00155786
4875 	 450 	 0.955761 	 0.000749583 	 0.00156095
4875 	 455 	 0.955781 	 0.00075111 	 0.00156413
4875 	 460 	 0.955801 	 0.000752674 	 0.00156739
4875 	 465 	 0.95582 	 0.000754272 	 0.00157072
4875 	 470 	 0.955838 	 0.000755898 	 0.0015741
4875 	 475 	 0.955855 	 0.000757548 	 0.00157754
4875 	 480 	 0.955871 	 0.000759218 	 0.00158102
4875 	 485 	 0.955887 	 0.000760905 	 0.00158453
4875 	 490 	 0.955902 	 0.000762604 	 0.00158807
4875 	 495 	 0.955917 	 0.000764312 	 0.00159163
4875 	 500 	 0.955931 	 0.000766026 	 0.0015952
4875 	 505 	 0.955945 	 0.000767743 	 0.00159877
4875 	 510 	 0.955958 	 0.000769459 	 0.00160234
4875 	 515 	 0.95597 	 0.000771173 	 0.00160591
4875 	 520 	 0.955982 	 0.000772881 	 0.00160947
4875 	 525 	 0.955993 	 0.000774581 	 0.00161301
4875 	 530 	 0.956004 	 0.000776271 	 0.00161653
4875 	 535 	 0.956015 	 0.000777949 	 0.00162002
4875 	 540 	 0.956025 	 0.000779613 	 0.00162349
4875 	 545 	 0.956035 	 0.000781262 	 0.00162692
4875 	 550 	 0.956044 	 0.000782893 	 0.00163032
4875 	 555 	 0.956053 	 0.000784506 	 0.00163368
4875 	 560 	 0.956061 	 0.000786099 	 0.001637
4875 	 565 	 0.95607 	 0.000787672 	 0.00164027
4875 	 570 	 0.956077 	 0.000789222 	 0.0016435
4875 	 575 	 0.956085 	 0.000790749 	 0.00164668
4875 	 580 	 0.956092 	 0.000792252 	 0.00164981
4875 	 585 	 0.956099 	 0.000793731 	 0.00165289
4875 	 590 	 0.956106 	 0.000795185 	 0.00165592
4875 	 595 	 0.956112 	 0.000796613 	 0.00165889
4875 	 600 	 0.956119 	 0.000798016 	 0.00166181
4875 	 605 	 0.956125 	 0.000799391 	 0.00166468
4875 	 610 	 0.95613 	 0.000800741 	 0.00166749
4875 	 615 	 0.956136 	 0.000802063 	 0.00167024
4875 	 620 	 0.956141 	 0.000803358 	 0.00167294
4875 	 625 	 0.956146 	 0.000804626 	 0.00167558
4875 	 630 	 0.956151 	 0.000805867 	 0.00167816
4875 	 635 	 0.956155 	 0.000807081 	 0.00168069
4875 	 640 	 0.95616 	 0.000808268 	 0.00168316
4875 	 645 	 0.956164 	 0.000809428 	 0.00168558
4875 	 650 	 0.956168 	 0.000810561 	 0.00168794
4875 	 655 	 0.956172 	 0.000811667 	 0.00169024
4875 	 660 	 0.956176 	 0.000812747 	 0.00169249
4875 	 665 	 0.956179 	 0.0008138 	 0.00169468
4875 	 670 	 0.956183 	 0.000814828 	 0.00169682
4875 	 675 	 0.956186 	 0.00081583 	 0.00169891
4875 	 680 	 0.956189 	 0.000816806 	 0.00170094
4875 	 685 	 0.956192 	 0.000817758 	 0.00170292
4875 	 690 	 0.956195 	 0.000818685 	 0.00170485
4875 	 695 	 0.956198 	 0.000819588 	 0.00170673
4875 	 700 	 0.956201 	 0.000820467 	 0.00170856
4875 	 705 	 0.956204 	 0.000821322 	 0.00171035
4875 	 710 	 0.956206 	 0.000822155 	 0.00171208
4875 	 715 	 0.956208 	 0.000822964 	 0.00171377
4875 	 720 	 0.956211 	 0.000823752 	 0.00171541
4875 	 725 	 0.956213 	 0.000824517 	 0.001717
4875 	 730 	 0.956215 	 0.000825262 	 0.00171855
4875 	 735 	 0.956217 	 0.000825985 	 0.00172006
4875 	 740 	 0.956219 	 0.000826688 	 0.00172152
4875 	 745 	 0.956221 	 0.00082737 	 0.00172294
4875 	 750 	 0.956223 	 0.000828033 	 0.00172432
4875 	 755 	 0.956224 	 0.000828677 	 0.00172566
4875 	 760 	 0.956226 	 0.000829302 	 0.00172696
4875 	 765 	 0.956228 	 0.000829909 	 0.00172823
4875 	 770 	 0.956229 	 0.000830498 	 0.00172945
4875 	 775 	 0.956231 	 0.000831069 	 0.00173064
4875 	 780 	 0.956232 	 0.000831623 	 0.0017318
4875 	 785 	 0.956233 	 0.000832161 	 0.00173292
4875 	 790 	 0.956235 	 0.000832682 	 0.001734
4875 	 795 	 0.956236 	 0.000833188 	 0.00173506
4875 	 800 	 0.956237 	 0.000833678 	 0.00173608
4875 	 805 	 0.956238 	 0.000834153 	 0.00173707
4875 	 810 	 0.956239 	 0.000834614 	 0.00173802
4875 	 815 	 0.95624 	 0.00083506 	 0.00173895
4875 	 820 	 0.956241 	 0.000835492 	 0.00173985
4875 	 825 	 0.956242 	 0.000835911 	 0.00174073
4875 	 830 	 0.956243 	 0.000836317 	 0.00174157
4875 	 835 	 0.956244 	 0.00083671 	 0.00174239
4875 	 840 	 0.956245 	 0.000837091 	 0.00174318
4875 	 845 	 0.956246 	 0.00083746 	 0.00174395
4875 	 850 	 0.956247 	 0.000837817 	 0.00174469
4875 	 855 	 0.956247 	 0.000838163 	 0.00174541
4875 	 860 	 0.956248 	 0.000838497 	 0.00174611
4875 	 865 	 0.956249 	 0.000838821 	 0.00174679
4875 	 870 	 0.956249 	 0.000839134 	 0.00174744
4875 	 875 	 0.95625 	 0.000839438 	 0.00174807
4875 	 880 	 0.956251 	 0.000839731 	 0.00174868
4875 	 885 	 0.956251 	 0.000840015 	 0.00174927
4875 	 890 	 0.956252 	 0.00084029 	 0.00174985
4875 	 895 	 0.956252 	 0.000840556 	 0.0017504
4875 	 900 	 0.956253 	 0.000840813 	 0.00175093
4875 	 905 	 0.956253 	 0.000841062 	 0.00175145
4875 	 910 	 0.956254 	 0.000841302 	 0.00175195
4875 	 915 	 0.956254 	 0.000841535 	 0.00175244
4875 	 920 	 0.956255 	 0.000841759 	 0.0017529
4875 	 925 	 0.956255 	 0.000841977 	 0.00175336
4875 	 930 	 0.956256 	 0.000842187 	 0.0017538
4875 	 935 	 0.956256 	 0.00084239 	 0.00175422
4875 	 940 	 0.956256 	 0.000842587 	 0.00175463
4875 	 945 	 0.956257 	 0.000842777 	 0.00175502
4875 	 950 	 0.956257 	 0.00084296 	 0.00175541
4875 	 955 	 0.956257 	 0.000843137 	 0.00175577
4875 	 960 	 0.956258 	 0.000843309 	 0.00175613
4875 	 965 	 0.956258 	 0.000843474 	 0.00175648
4875 	 970 	 0.956258 	 0.000843634 	 0.00175681
4875 	 975 	 0.956259 	 0.000843789 	 0.00175713
4875 	 980 	 0.956259 	 0.000843938 	 0.00175744
4875 	 985 	 0.956259 	 0.000844083 	 0.00175774
4875 	 990 	 0.956259 	 0.000844222 	 0.00175803
4875 	 995 	 0.95626 	 0.000844357 	 0.00175831
4875 	 1000 	 0.95626 	 0.000844487 	 0.00175858
4875 	 1005 	 0.95626 	 0.000844612 	 0.00175885
4875 	 1010 	 0.95626 	 0.000844734 	 0.0017591
4875 	 1015 	 0.956261 	 0.000844851 	 0.00175934
4875 	 1020 	 0.956261 	 0.000844964 	 0.00175958
4875 	 1025 	 0.956261 	 0.000845073 	 0.00175981
4875 	 1030 	 0.956261 	 0.000845179 	 0.00176003
4875 	 1035 	 0.956261 	 0.000845281 	 0.00176024
4875 	 1040 	 0.956261 	 0.000845379 	 0.00176044
4875 	 1045 	 0.956262 	 0.000845474 	 0.00176064
4875 	 1050 	 0.956262 	 0.000845566 	 0.00176083
4875 	 1055 	 0.956262 	 0.000845654 	 0.00176102
4875 	 1060 	 0.956262 	 0.00084574 	 0.00176119
4875 	 1065 	 0.956262 	 0.000845822 	 0.00176137
4875 	 1070 	 0.956262 	 0.000845902 	 0.00176153
4875 	 1075 	 0.956262 	 0.000845979 	 0.00176169
4875 	 1080 	 0.956263 	 0.000846053 	 0.00176185
4875 	 1085 	 0.956263 	 0.000846124 	 0.00176199
4875 	 1090 	 0.956263 	 0.000846193 	 0.00176214
4875 	 1095 	 0.956263 	 0.00084626 	 0.00176228
4875 	 1100 	 0.956263 	 0.000846324 	 0.00176241
4875 	 1105 	 0.956263 	 0.000846386 	 0.00176254
4875 	 1110 	 0.956263 	 0.000846446 	 0.00176267
4875 	 1115 	 0.956263 	 0.000846504 	 0.00176279
4875 	 1120 	 0.956263 	 0.00084656 	 0.0017629
4875 	 1125 	 0.956263 	 0.000846614 	 0.00176301
4875 	 1130 	 0.956264 	 0.000846666 	 0.00176312
4875 	 1135 	 0.956264 	 0.000846716 	 0.00176323
4875 	 1140 	 0.956264 	 0.000846764 	 0.00176333
4875 	 1145 	 0.956264 	 0.000846811 	 0.00176342
4875 	 1150 	 0.956264 	 0.000846855 	 0.00176352
4875 	 1155 	 0.956264 	 0.000846899 	 0.00176361
4875 	 1160 	 0.956264 	 0.000846941 	 0.00176369
4875 	 1165 	 0.956264 	 0.000846981 	 0.00176378
4875 	 1170 	 0.956264 	 0.00084702 	 0.00176386
4875 	 1175 	 0.956264 	 0.000847057 	 0.00176394
4875 	 1180 	 0.956264 	 0.000847094 	 0.00176401
4875 	 1185 	 0.956264 	 0.000847129 	 0.00176409
4875 	 1190 	 0.956264 	 0.000847162 	 0.00176416
4875 	 1195 	 0.956264 	 0.000847195 	 0.00176422
4875 	 1200 	 0.956264 	 0.000847226 	 0.00176429
4875 	 1205 	 0.956264 	 0.000847256 	 0.00176435
4875 	 1210 	 0.956264 	 0.000847285 	 0.00176441
4875 	 1215 	 0.956264 	 0.000847313 	 0.00176447
4875 	 1220 	 0.956264 	 0.00084734 	 0.00176453
4875 	 1225 	 0.956265 	 0.000847367 	 0.00176458
4875 	 1230 	 0.956265 	 0.000847392 	 0.00176463
4875 	 1235 	 0.956265 	 0.000847416 	 0.00176468
4875 	 1240 	 0.956265 	 0.000847439 	 0.00176473
4875 	 1245 	 0.956265 	 0.000847462 	 0.00176478
4875 	 1250 	 0.956265 	 0.000847484 	 0.00176483
4875 	 1255 	 0.956265 	 0.000847505 	 0.00176487
4875 	 1260 	 0.956265 	 0.000847525 	 0.00176491
4875 	 1265 	 0.956265 	 0.000847544 	 0.00176495
4875 	 1270 	 0.956265 	 0.000847563 	 0.00176499
4875 	 1275 	 0.956265 	 0.000847581 	 0.00176503
4875 	 1280 	 0.956265 	 0.000847599 	 0.00176506
4875 	 1285 	 0.956265 	 0.000847616 	 0.0017651
4875 	 1290 	 0.956265 	 0.000847632 	 0.00176513
4875 	 1295 	 0.956265 	 0.000847647 	 0.00176517
4875 	 1300 	 0.956265 	 0.000847662 	 0.0017652
4875 	 1305 	 0.956265 	 0.000847677 	 0.00176523
4875 	 1310 	 0.956265 	 0.000847691 	 0.00176526
4875 	 1315 	 0.956265 	 0.000847704 	 0.00176529
4875 	 1320 	 0.956265 	 0.000847717 	 0.00176531
4875 	 1325 	 0.956265 	 0.00084773 	 0.00176534
4875 	 1330 	 0.956265 	 0.000847742 	 0.00176536
4875 	 1335 	 0.956265 	 0.000847754 	 0.00176539
4875 	 1340 	 0.956265 	 0.000847765 	 0.00176541
4875 	 1345 	 0.956265 	 0.000847776 	 0.00176543
4875 	 1350 	 0.956265 	 0.000847786 	 0.00176546
4875 	 1355 	 0.956265 	 0.000847796 	 0.00176548
4875 	 1360 	 0.956265 	 0.000847806 	 0.0017655
4875 	 1365 	 0.956265 	 0.000847815 	 0.00176552
4875 	 1370 	 0.956265 	 0.000847824 	 0.00176553
4875 	 1375 	 0.956265 	 0.000847833 	 0.00176555
4875 	 1380 	 0.956265 	 0.000847841 	 0.00176557
4875 	 1385 	 0.956265 	 0.000847849 	 0.00176559
4875 	 1390 	 0.956265 	 0.000847857 	 0.0017656
4875 	 1395 	 0.956265 	 0.000847864 	 0.00176562
4875 	 1400 	 0.956265 	 0.000847872 	 0.00176563
4875 	 1405 	 0.956265 	 0.000847878 	 0.00176565
4875 	 1410 	 0.956265 	 0.000847885 	 0.00176566
4875 	 1415 	 0.956265 	 0.000847892 	 0.00176567
4875 	 1420 	 0.956265 	 0.000847898 	 0.00176569
4875 	 1425 	 0.956265 	 0.000847904 	 0.0017657
4875 	 1430 	 0.956265 	 0.00084791 	 0.00176571
4875 	 1435 	 0.956265 	 0.000847915 	 0.00176572
4875 	 1440 	 0.956265 	 0.00084792 	 0.00176573
4875 	 1445 	 0.956265 	 0.000847926 	 0.00176575
4875 	 1450 	 0.956265 	 0.00084793 	 0.00176576
4875 	 1455 	 0.956265 	 0.000847935 	 0.00176577
4875 	 1460 	 0.956265 	 0.00084794 	 0.00176578
4875 	 1465 	 0.956265 	 0.000847944 	 0.00176578
4875 	 1470 	 0.956265 	 0.000847949 	 0.00176579
4875 	 1475 	 0.956265 	 0.000847953 	 0.0017658
4875 	 1480 	 0.956265 	 0.000847957 	 0.00176581
4875 	 1485 	 0.956265 	 0.00084796 	 0.00176582
4875 	 1490 	 0.956265 	 0.000847964 	 0.00176583
4875 	 1495 	 0.956265 	 0.000847968 	 0.00176583
4875 	 1500 	 0.956265 	 0.000847971 	 0.00176584
4875 	 1505 	 0.956265 	 0.000847974 	 0.00176585
4875 	 1510 	 0.956265 	 0.000847977 	 0.00176585
4875 	 1515 	 0.956265 	 0.00084798 	 0.00176586
4875 	 1520 	 0.956265 	 0.000847983 	 0.00176587
4875 	 1525 	 0.956265 	 0.000847986 	 0.00176587
4875 	 1530 	 0.956265 	 0.000847989 	 0.00176588
4875 	 1535 	 0.956265 	 0.000847992 	 0.00176588
4875 	 1540 	 0.956265 	 0.000847994 	 0.00176589
4875 	 1545 	 0.956265 	 0.000847996 	 0.00176589
4875 	 1550 	 0.956265 	 0.000847999 	 0.0017659
4875 	 1555 	 0.956265 	 0.000848001 	 0.0017659
4875 	 1560 	 0.956265 	 0.000848003 	 0.00176591
4875 	 1565 	 0.956265 	 0.000848005 	 0.00176591
4875 	 1570 	 0.956265 	 0.000848007 	 0.00176592
4875 	 1575 	 0.956265 	 0.000848009 	 0.00176592
4875 	 1580 	 0.956265 	 0.000848011 	 0.00176592
4875 	 1585 	 0.956265 	 0.000848013 	 0.00176593
4875 	 1590 	 0.956265 	 0.000848015 	 0.00176593
4875 	 1595 	 0.956265 	 0.000848016 	 0.00176593
4875 	 1600 	 0.956265 	 0.000848018 	 0.00176594
4875 	 1605 	 0.956265 	 0.000848019 	 0.00176594
4875 	 1610 	 0.956265 	 0.000848021 	 0.00176594
4875 	 1615 	 0.956265 	 0.000848022 	 0.00176595
4875 	 1620 	 0.956265 	 0.000848024 	 0.00176595
4875 	 1625 	 0.956265 	 0.000848025 	 0.00176595
4875 	 1630 	 0.956265 	 0.000848026 	 0.00176596
4875 	 1635 	 0.956265 	 0.000848028 	 0.00176596
4875 	 1640 	 0.956265 	 0.000848029 	 0.00176596
4875 	 1645 	 0.956265 	 0.00084803 	 0.00176596
4875 	 1650 	 0.956265 	 0.000848031 	 0.00176596
4875 	 1655 	 0.956265 	 0.000848032 	 0.00176597
4875 	 1660 	 0.956265 	 0.000848033 	 0.00176597
4875 	 1665 	 0.956265 	 0.000848034 	 0.00176597
4875 	 1670 	 0.956265 	 0.000848035 	 0.00176597
4875 	 1675 	 0.956265 	 0.000848036 	 0.00176598
4875 	 1680 	 0.956265 	 0.000848037 	 0.00176598
4875 	 1685 	 0.956265 	 0.000848038 	 0.00176598
4875 	 1690 	 0.956265 	 0.000848038 	 0.00176598
4875 	 1695 	 0.956265 	 0.000848039 	 0.00176598
4875 	 1700 	 0.956265 	 0.00084804 	 0.00176598
4875 	 1705 	 0.956265 	 0.000848041 	 0.00176599
4875 	 1710 	 0.956265 	 0.000848041 	 0.00176599
4875 	 1715 	 0.956265 	 0.000848042 	 0.00176599
4875 	 1720 	 0.956265 	 0.000848043 	 0.00176599
4875 	 1725 	 0.956265 	 0.000848043 	 0.00176599
4875 	 1730 	 0.956265 	 0.000848044 	 0.00176599
4875 	 1735 	 0.956265 	 0.000848044 	 0.00176599
4875 	 1740 	 0.956265 	 0.000848045 	 0.00176599
4875 	 1745 	 0.956265 	 0.000848046 	 0.001766
4875 	 1750 	 0.956265 	 0.000848046 	 0.001766
4875 	 1755 	 0.956265 	 0.000848047 	 0.001766
4875 	 1760 	 0.956265 	 0.000848047 	 0.001766
4875 	 1765 	 0.956265 	 0.000848047 	 0.001766
4875 	 1770 	 0.956265 	 0.000848048 	 0.001766
4875 	 1775 	 0.956265 	 0.000848048 	 0.001766
4875 	 1780 	 0.956265 	 0.000848049 	 0.001766
4875 	 1785 	 0.956265 	 0.000848049 	 0.001766
4875 	 1790 	 0.956265 	 0.00084805 	 0.001766
4875 	 1795 	 0.956265 	 0.00084805 	 0.001766
4875 	 1800 	 0.956265 	 0.00084805 	 0.00176601
4875 	 1805 	 0.956265 	 0.000848051 	 0.00176601
4875 	 1810 	 0.956265 	 0.000848051 	 0.00176601
4875 	 1815 	 0.956265 	 0.000848051 	 0.00176601
4875 	 1820 	 0.956265 	 0.000848051 	 0.00176601
4875 	 1825 	 0.956265 	 0.000848052 	 0.00176601
4875 	 1830 	 0.956265 	 0.000848052 	 0.00176601
4875 	 1835 	 0.956265 	 0.000848052 	 0.00176601
4875 	 1840 	 0.956265 	 0.000848053 	 0.00176601
4875 	 1845 	 0.956265 	 0.000848053 	 0.00176601
4875 	 1850 	 0.956265 	 0.000848053 	 0.00176601
4875 	 1855 	 0.956265 	 0.000848053 	 0.00176601
4875 	 1860 	 0.956265 	 0.000848054 	 0.00176601
4875 	 1865 	 0.956265 	 0.000848054 	 0.00176601
4875 	 1870 	 0.956265 	 0.000848054 	 0.00176601
4875 	 1875 	 0.956265 	 0.000848054 	 0.00176601
4875 	 1880 	 0.956265 	 0.000848054 	 0.00176601
4875 	 1885 	 0.956265 	 0.000848054 	 0.00176601
4875 	 1890 	 0.956265 	 0.000848055 	 0.00176601
4875 	 1895 	 0.956265 	 0.000848055 	 0.00176601
4875 	 1900 	 0.956265 	 0.000848055 	 0.00176602
4875 	 1905 	 0.956265 	 0.000848055 	 0.00176602
4875 	 1910 	 0.956265 	 0.000848055 	 0.00176602
4875 	 1915 	 0.956265 	 0.000848055 	 0.00176602
4875 	 1920 	 0.956265 	 0.000848056 	 0.00176602
4875 	 1925 	 0.956265 	 0.000848056 	 0.00176602
4875 	 1930 	 0.956265 	 0.000848056 	 0.00176602
4875 	 1935 	 0.956265 	 0.000848056 	 0.00176602
4875 	 1940 	 0.956265 	 0.000848056 	 0.00176602
4875 	 1945 	 0.956265 	 0.000848056 	 0.00176602
4875 	 1950 	 0.956265 	 0.000848056 	 0.00176602
4875 	 1955 	 0.956265 	 0.000848056 	 0.00176602
4875 	 1960 	 0.956265 	 0.000848057 	 0.00176602
4875 	 1965 	 0.956265 	 0.000848057 	 0.00176602
4875 	 1970 	 0.956265 	 0.000848057 	 0.00176602
4875 	 1975 	 0.956265 	 0.000848057 	 0.00176602
4875 	 1980 	 0.956265 	 0.000848057 	 0.00176602
4875 	 1985 	 0.956265 	 0.000848057 	 0.00176602
4875 	 1990 	 0.956265 	 0.000848057 	 0.00176602
4875 	 1995 	 0.956265 	 0.000848057 	 0.00176602
4875 	 2000 	 0.956265 	 0.000848057 	 0.00176602
4875 	 2005 	 0.956265 	 0.000848057 	 0.00176602
4875 	 2010 	 0.956265 	 0.000848057 	 0.00176602
4875 	 2015 	 0.956265 	 0.000848057 	 0.00176602
4875 	 2020 	 0.956265 	 0.000848057 	 0.00176602
4875 	 2025 	 0.956265 	 0.000848058 	 0.00176602
4875 	 2030 	 0.956265 	 0.000848058 	 0.00176602
4875 	 2035 	 0.956265 	 0.000848058 	 0.00176602
4875 	 2040 	 0.956265 	 0.000848058 	 0.00176602
4875 	 2045 	 0.956265 	 0.000848058 	 0.00176602
4875 	 2050 	 0.956265 	 0.000848058 	 0.00176602
4875 	 2055 	 0.956265 	 0.000848058 	 0.00176602
4875 	 2060 	 0.956265 	 0.000848058 	 0.00176602
4875 	 2065 	 0.956265 	 0.000848058 	 0.00176602
4875 	 2070 	 0.956265 	 0.000848058 	 0.00176602
4875 	 2075 	 0.956265 	 0.000848058 	 0.00176602
4875 	 2080 	 0.956265 	 0.000848058 	 0.00176602
4875 	 2085 	 0.956265 	 0.000848058 	 0.00176602
4875 	 2090 	 0.956265 	 0.000848058 	 0.00176602
4875 	 2095 	 0.956265 	 0.000848058 	 0.00176602
4875 	 2100 	 0.956265 	 0.000848058 	 0.00176602
4875 	 2105 	 0.956265 	 0.000848058 	 0.00176602
4875 	 2110 	 0.956265 	 0.000848058 	 0.00176602
4875 	 2115 	 0.956265 	 0.000848058 	 0.00176602
4875 	 2120 	 0.956265 	 0.000848058 	 0.00176602
4875 	 2125 	 0.956265 	 0.000848058 	 0.00176602
4875 	 2130 	 0.956265 	 0.000848058 	 0.00176602
4875 	 2135 	 0.956265 	 0.000848058 	 0.00176602
4875 	 2140 	 0.956265 	 0.000848058 	 0.00176602
4875 	 2145 	 0.956265 	 0.000848058 	 0.00176602
4875 	 2150 	 0.956265 	 0.000848059 	 0.00176602
4875 	 2155 	 0.956265 	 0.000848059 	 0.00176602
4875 	 2160 	 0.956265 	 0.000848059 	 0.00176602
4875 	 2165 	 0.956265 	 0.000848059 	 0.00176602
4875 	 2170 	 0.956265 	 0.000848059 	 0.00176602
4875 	 2175 	 0.956265 	 0.000848059 	 0.00176602
4875 	 2180 	 0.956265 	 0.000848059 	 0.00176602
4875 	 2185 	 0.956265 	 0.000848059 	 0.00176602
4875 	 2190 	 0.956265 	 0.000848059 	 0.00176602
4875 	 2195 	 0.956265 	 0.000848059 	 0.00176602
4875 	 2200 	 0.956265 	 0.000848059 	 0.00176602
4875 	 2205 	 0.956265 	 0.000848059 	 0.00176602
4875 	 2210 	 0.956265 	 0.000848059 	 0.00176602
4875 	 2215 	 0.956265 	 0.000848059 	 0.00176602
4875 	 2220 	 0.956265 	 0.000848059 	 0.00176602
4875 	 2225 	 0.956265 	 0.000848059 	 0.00176602
4875 	 2230 	 0.956265 	 0.000848059 	 0.00176602
4875 	 2235 	 0.956265 	 0.000848059 	 0.00176602
4875 	 2240 	 0.956265 	 0.000848059 	 0.00176602
4875 	 2245 	 0.956265 	 0.000848059 	 0.00176602
4875 	 2250 	 0.956265 	 0.000848059 	 0.00176602
4875 	 2255 	 0.956265 	 0.000848059 	 0.00176602
4875 	 2260 	 0.956265 	 0.000848059 	 0.00176602
4875 	 2265 	 0.956265 	 0.000848059 	 0.00176602
4875 	 2270 	 0.956265 	 0.000848059 	 0.00176602
4875 	 2275 	 0.956265 	 0.000848059 	 0.00176602
4875 	 2280 	 0.956265 	 0.000848059 	 0.00176602
4875 	 2285 	 0.956265 	 0.000848059 	 0.00176602
4875 	 2290 	 0.956265 	 0.000848059 	 0.00176602
4875 	 2295 	 0.956265 	 0.000848059 	 0.00176602
4875 	 2300 	 0.956265 	 0.000848059 	 0.00176602
4875 	 2305 	 0.956265 	 0.000848059 	 0.00176602
4875 	 2310 	 0.956265 	 0.000848059 	 0.00176602
4875 	 2315 	 0.956265 	 0.000848059 	 0.00176602
4875 	 2320 	 0.956265 	 0.000848059 	 0.00176602
4875 	 2325 	 0.956265 	 0.000848059 	 0.00176602
4875 	 2330 	 0.956265 	 0.000848059 	 0.00176602
4875 	 2335 	 0.956265 	 0.000848059 	 0.00176602
4875 	 2340 	 0.956265 	 0.000848059 	 0.00176602
4875 	 2345 	 0.956265 	 0.000848059 	 0.00176602
4875 	 2350 	 0.956265 	 0.000848059 	 0.00176602
4875 	 2355 	 0.956265 	 0.000848059 	 0.00176602
4875 	 2360 	 0.956265 	 0.000848059 	 0.00176602
4875 	 2365 	 0.956265 	 0.000848059 	 0.00176602
4875 	 2370 	 0.956265 	 0.000848059 	 0.00176602
4875 	 2375 	 0.956265 	 0.000848059 	 0.00176602
4875 	 2380 	 0.956265 	 0.000848059 	 0.00176602
4875 	 2385 	 0.956265 	 0.000848059 	 0.00176602
4875 	 2390 	 0.956265 	 0.000848059 	 0.00176602
4875 	 2395 	 0.956265 	 0.000848059 	 0.00176602
4875 	 2400 	 0.956265 	 0.000848059 	 0.00176602
4875 	 2405 	 0.956265 	 0.000848059 	 0.00176602
4875 	 2410 	 0.956265 	 0.000848059 	 0.00176602
4875 	 2415 	 0.956265 	 0.000848059 	 0.00176602
4875 	 2420 	 0.956265 	 0.000848059 	 0.00176602
4875 	 2425 	 0.956265 	 0.000848059 	 0.00176602
4875 	 2430 	 0.956265 	 0.000848059 	 0.00176602
4875 	 2435 	 0.956265 	 0.000848059 	 0.00176602
4875 	 2440 	 0.956265 	 0.000848059 	 0.00176602
4875 	 2445 	 0.956265 	 0.000848059 	 0.00176602
4875 	 2450 	 0.956265 	 0.000848059 	 0.00176602
4875 	 2455 	 0.956265 	 0.000848059 	 0.00176602
4875 	 2460 	 0.956265 	 0.000848059 	 0.00176602
4875 	 2465 	 0.956265 	 0.000848059 	 0.00176602
4875 	 2470 	 0.956265 	 0.000848059 	 0.00176602
4875 	 2475 	 0.956265 	 0.000848059 	 0.00176602
4875 	 2480 	 0.956265 	 0.000848059 	 0.00176602
4875 	 2485 	 0.956265 	 0.000848059 	 0.00176602
4875 	 2490 	 0.956265 	 0.000848059 	 0.00176602
4875 	 2495 	 0.956265 	 0.000848059 	 0.00176602
4875 	 2500 	 0.956265 	 0.000848059 	 0.00176602
4875 	 2505 	 0.956265 	 0.000848059 	 0.00176602
4875 	 2510 	 0.956265 	 0.000848059 	 0.00176602
4875 	 2515 	 0.956265 	 0.000848059 	 0.00176602
4875 	 2520 	 0.956265 	 0.000848059 	 0.00176602
4875 	 2525 	 0.956265 	 0.000848059 	 0.00176602
4875 	 2530 	 0.956265 	 0.000848059 	 0.00176602
4875 	 2535 	 0.956265 	 0.000848059 	 0.00176602
4875 	 2540 	 0.956265 	 0.000848059 	 0.00176602
4875 	 2545 	 0.956265 	 0.000848059 	 0.00176602
4875 	 2550 	 0.956265 	 0.000848059 	 0.00176602
4875 	 2555 	 0.956265 	 0.000848059 	 0.00176602
4875 	 2560 	 0.956265 	 0.000848059 	 0.00176602
4875 	 2565 	 0.956265 	 0.000848059 	 0.00176602
4875 	 2570 	 0.956265 	 0.000848059 	 0.00176602
4875 	 2575 	 0.956265 	 0.000848059 	 0.00176602
4875 	 2580 	 0.956265 	 0.000848059 	 0.00176602
4875 	 2585 	 0.956265 	 0.000848059 	 0.00176602
4875 	 2590 	 0.956265 	 0.000848059 	 0.00176602
4875 	 2595 	 0.956265 	 0.000848059 	 0.00176602
4875 	 2600 	 0.956265 	 0.000848059 	 0.00176602
4875 	 2605 	 0.956265 	 0.000848059 	 0.00176602
4875 	 2610 	 0.956265 	 0.000848059 	 0.00176602
4875 	 2615 	 0.956265 	 0.000848059 	 0.00176602
4875 	 2620 	 0.956265 	 0.000848059 	 0.00176602
4875 	 2625 	 0.956265 	 0.000848059 	 0.00176602
4875 	 2630 	 0.956265 	 0.000848059 	 0.00176602
4875 	 2635 	 0.956265 	 0.000848059 	 0.00176602
4875 	 2640 	 0.956265 	 0.000848059 	 0.00176602
4875 	 2645 	 0.956265 	 0.000848059 	 0.00176602
4875 	 2650 	 0.956265 	 0.000848059 	 0.00176602
4875 	 2655 	 0.956265 	 0.000848059 	 0.00176602
4875 	 2660 	 0.956265 	 0.000848059 	 0.00176602
4875 	 2665 	 0.956265 	 0.000848059 	 0.00176602
4875 	 2670 	 0.956265 	 0.000848059 	 0.00176602
4875 	 2675 	 0.956265 	 0.000848059 	 0.00176602
4875 	 2680 	 0.956265 	 0.000848059 	 0.00176602
4875 	 2685 	 0.956265 	 0.000848059 	 0.00176602
4875 	 2690 	 0.956265 	 0.000848059 	 0.00176602
4875 	 2695 	 0.956265 	 0.000848059 	 0.00176602
4875 	 2700 	 0.956265 	 0.000848059 	 0.00176602
4875 	 2705 	 0.956265 	 0.000848059 	 0.00176602
4875 	 2710 	 0.956265 	 0.000848059 	 0.00176602
4875 	 2715 	 0.956265 	 0.000848059 	 0.00176602
4875 	 2720 	 0.956265 	 0.000848059 	 0.00176602
4875 	 2725 	 0.956265 	 0.000848059 	 0.00176602
4875 	 2730 	 0.956265 	 0.000848059 	 0.00176602
4875 	 2735 	 0.956265 	 0.000848059 	 0.00176602
4875 	 2740 	 0.956265 	 0.000848059 	 0.00176602
4875 	 2745 	 0.956265 	 0.000848059 	 0.00176602
4875 	 2750 	 0.956265 	 0.000848059 	 0.00176602
4875 	 2755 	 0.956265 	 0.000848059 	 0.00176602
4875 	 2760 	 0.956265 	 0.000848059 	 0.00176602
4875 	 2765 	 0.956265 	 0.000848059 	 0.00176602
4875 	 2770 	 0.956265 	 0.000848059 	 0.00176602
4875 	 2775 	 0.956265 	 0.000848059 	 0.00176602
4875 	 2780 	 0.956265 	 0.000848059 	 0.00176602
4875 	 2785 	 0.956265 	 0.000848059 	 0.00176602
4875 	 2790 	 0.956265 	 0.000848059 	 0.00176602
4875 	 2795 	 0.956265 	 0.000848059 	 0.00176602
4875 	 2800 	 0.956265 	 0.000848059 	 0.00176602
4875 	 2805 	 0.956265 	 0.000848059 	 0.00176602
4875 	 2810 	 0.956265 	 0.000848059 	 0.00176602
4875 	 2815 	 0.956265 	 0.000848059 	 0.00176602
4875 	 2820 	 0.956265 	 0.000848059 	 0.00176602
4875 	 2825 	 0.956265 	 0.000848059 	 0.00176602
4875 	 2830 	 0.956265 	 0.000848059 	 0.00176602
4875 	 2835 	 0.956265 	 0.000848059 	 0.00176602
4875 	 2840 	 0.956265 	 0.000848059 	 0.00176602
4875 	 2845 	 0.956265 	 0.000848059 	 0.00176602
4875 	 2850 	 0.956265 	 0.000848059 	 0.00176602
4875 	 2855 	 0.956265 	 0.000848059 	 0.00176602
4875 	 2860 	 0.956265 	 0.000848059 	 0.00176602
4875 	 2865 	 0.956265 	 0.000848059 	 0.00176602
4875 	 2870 	 0.956265 	 0.000848059 	 0.00176602
4875 	 2875 	 0.956265 	 0.000848059 	 0.00176602
4875 	 2880 	 0.956265 	 0.000848059 	 0.00176602
4875 	 2885 	 0.956265 	 0.000848059 	 0.00176602
4875 	 2890 	 0.956265 	 0.000848059 	 0.00176602
4875 	 2895 	 0.956265 	 0.000848059 	 0.00176602
4875 	 2900 	 0.956265 	 0.000848059 	 0.00176602
4875 	 2905 	 0.956265 	 0.000848059 	 0.00176602
4875 	 2910 	 0.956265 	 0.000848059 	 0.00176602
4875 	 2915 	 0.956265 	 0.000848059 	 0.00176602
4875 	 2920 	 0.956265 	 0.000848059 	 0.00176602
4875 	 2925 	 0.956265 	 0.000848059 	 0.00176602
4875 	 2930 	 0.956265 	 0.000848059 	 0.00176602
4875 	 2935 	 0.956265 	 0.000848059 	 0.00176602
4875 	 2940 	 0.956265 	 0.000848059 	 0.00176602
4875 	 2945 	 0.956265 	 0.000848059 	 0.00176602
4875 	 2950 	 0.956265 	 0.000848059 	 0.00176602
4875 	 2955 	 0.956265 	 0.000848059 	 0.00176602
4875 	 2960 	 0.956265 	 0.000848059 	 0.00176602
4875 	 2965 	 0.956265 	 0.000848059 	 0.00176602
4875 	 2970 	 0.956265 	 0.000848059 	 0.00176602
4875 	 2975 	 0.956265 	 0.000848059 	 0.00176602
4875 	 2980 	 0.956265 	 0.000848059 	 0.00176602
4875 	 2985 	 0.956265 	 0.000848059 	 0.00176602
4875 	 2990 	 0.956265 	 0.000848059 	 0.00176602
4875 	 2995 	 0.956265 	 0.000848059 	 0.00176602
4875 	 3000 	 0.956265 	 0.000848059 	 0.00176602
4875 	 3005 	 0.956265 	 0.000848059 	 0.00176602
4875 	 3010 	 0.956265 	 0.000848059 	 0.00176602
4875 	 3015 	 0.956265 	 0.000848059 	 0.00176602
4875 	 3020 	 0.956265 	 0.000848059 	 0.00176602
4875 	 3025 	 0.956265 	 0.000848059 	 0.00176602
4875 	 3030 	 0.956265 	 0.000848059 	 0.00176602
4875 	 3035 	 0.956265 	 0.000848059 	 0.00176602
4875 	 3040 	 0.956265 	 0.000848059 	 0.00176602
4875 	 3045 	 0.956265 	 0.000848059 	 0.00176602
4875 	 3050 	 0.956265 	 0.000848059 	 0.00176602
4875 	 3055 	 0.956265 	 0.000848059 	 0.00176602
4875 	 3060 	 0.956265 	 0.000848059 	 0.00176602
4875 	 3065 	 0.956265 	 0.000848059 	 0.00176602
4875 	 3070 	 0.956265 	 0.000848059 	 0.00176602
4875 	 3075 	 0.956265 	 0.000848059 	 0.00176602
4875 	 3080 	 0.956265 	 0.000848059 	 0.00176602
4875 	 3085 	 0.956265 	 0.000848059 	 0.00176602
4875 	 3090 	 0.956265 	 0.000848059 	 0.00176602
4875 	 3095 	 0.956265 	 0.000848059 	 0.00176602
4875 	 3100 	 0.956265 	 0.000848059 	 0.00176602
4875 	 3105 	 0.956265 	 0.000848059 	 0.00176602
4875 	 3110 	 0.956265 	 0.000848059 	 0.00176602
4875 	 3115 	 0.956265 	 0.000848059 	 0.00176602
4875 	 3120 	 0.956265 	 0.000848059 	 0.00176602
4875 	 3125 	 0.956265 	 0.000848059 	 0.00176602
4875 	 3130 	 0.956265 	 0.000848059 	 0.00176602
4875 	 3135 	 0.956265 	 0.000848059 	 0.00176602
4875 	 3140 	 0.956265 	 0.000848059 	 0.00176602
4875 	 3145 	 0.956265 	 0.000848059 	 0.00176602
4875 	 3150 	 0.956265 	 0.000848059 	 0.00176602
4875 	 3155 	 0.956265 	 0.000848059 	 0.00176602
4875 	 3160 	 0.956265 	 0.000848059 	 0.00176602
4875 	 3165 	 0.956265 	 0.000848059 	 0.00176602
4875 	 3170 	 0.956265 	 0.000848059 	 0.00176602
4875 	 3175 	 0.956265 	 0.000848059 	 0.00176602
4875 	 3180 	 0.956265 	 0.000848059 	 0.00176602
4875 	 3185 	 0.956265 	 0.000848059 	 0.00176602
4875 	 3190 	 0.956265 	 0.000848059 	 0.00176602
4875 	 3195 	 0.956265 	 0.000848059 	 0.00176602
4875 	 3200 	 0.956265 	 0.000848059 	 0.00176602
4875 	 3205 	 0.956265 	 0.000848059 	 0.00176602
4875 	 3210 	 0.956265 	 0.000848059 	 0.00176602
4875 	 3215 	 0.956265 	 0.000848059 	 0.00176602
4875 	 3220 	 0.956265 	 0.000848059 	 0.00176602
4875 	 3225 	 0.956265 	 0.000848059 	 0.00176602
4875 	 3230 	 0.956265 	 0.000848059 	 0.00176602
4875 	 3235 	 0.956265 	 0.000848059 	 0.00176602
4875 	 3240 	 0.956265 	 0.000848059 	 0.00176602
4875 	 3245 	 0.956265 	 0.000848059 	 0.00176602
4875 	 3250 	 0.956265 	 0.000848059 	 0.00176602
4875 	 3255 	 0.956265 	 0.000848059 	 0.00176602
4875 	 3260 	 0.956265 	 0.000848059 	 0.00176602
4875 	 3265 	 0.956265 	 0.000848059 	 0.00176602
4875 	 3270 	 0.956265 	 0.000848059 	 0.00176602
4875 	 3275 	 0.956265 	 0.000848059 	 0.00176602
4875 	 3280 	 0.956265 	 0.000848059 	 0.00176602
4875 	 3285 	 0.956265 	 0.000848059 	 0.00176602
4875 	 3290 	 0.956265 	 0.000848059 	 0.00176602
4875 	 3295 	 0.956265 	 0.000848059 	 0.00176602
4875 	 3300 	 0.956265 	 0.000848059 	 0.00176602
4875 	 3305 	 0.956265 	 0.000848059 	 0.00176602
4875 	 3310 	 0.956265 	 0.000848059 	 0.00176602
4875 	 3315 	 0.956265 	 0.000848059 	 0.00176602
4875 	 3320 	 0.956265 	 0.000848059 	 0.00176602
4875 	 3325 	 0.956265 	 0.000848059 	 0.00176602
4875 	 3330 	 0.956265 	 0.000848059 	 0.00176602
4875 	 3335 	 0.956265 	 0.000848059 	 0.00176602
4875 	 3340 	 0.956265 	 0.000848059 	 0.00176602
4875 	 3345 	 0.956265 	 0.000848059 	 0.00176602
4875 	 3350 	 0.956265 	 0.000848059 	 0.00176602
4875 	 3355 	 0.956265 	 0.000848059 	 0.00176602
4875 	 3360 	 0.956265 	 0.000848059 	 0.00176602
4875 	 3365 	 0.956265 	 0.000848059 	 0.00176602
4875 	 3370 	 0.956265 	 0.000848059 	 0.00176602
4875 	 3375 	 0.956265 	 0.000848059 	 0.00176602
4875 	 3380 	 0.956265 	 0.000848059 	 0.00176602
4875 	 3385 	 0.956265 	 0.000848059 	 0.00176602
4875 	 3390 	 0.956265 	 0.000848059 	 0.00176602
4875 	 3395 	 0.956265 	 0.000848059 	 0.00176602
4875 	 3400 	 0.956265 	 0.000848059 	 0.00176602
4875 	 3405 	 0.956265 	 0.000848059 	 0.00176602
4875 	 3410 	 0.956265 	 0.000848059 	 0.00176602
4875 	 3415 	 0.956265 	 0.000848059 	 0.00176602
4875 	 3420 	 0.956265 	 0.000848059 	 0.00176602
4875 	 3425 	 0.956265 	 0.000848059 	 0.00176602
4875 	 3430 	 0.956265 	 0.000848059 	 0.00176602
4875 	 3435 	 0.956265 	 0.000848059 	 0.00176602
4875 	 3440 	 0.956265 	 0.000848059 	 0.00176602
4875 	 3445 	 0.956265 	 0.000848059 	 0.00176602
4875 	 3450 	 0.956265 	 0.000848059 	 0.00176602
4875 	 3455 	 0.956265 	 0.000848059 	 0.00176602
4875 	 3460 	 0.956265 	 0.000848059 	 0.00176602
4875 	 3465 	 0.956265 	 0.000848059 	 0.00176602
4875 	 3470 	 0.956265 	 0.000848059 	 0.00176602
4875 	 3475 	 0.956265 	 0.000848059 	 0.00176602
4875 	 3480 	 0.956265 	 0.000848059 	 0.00176602
4875 	 3485 	 0.956265 	 0.000848059 	 0.00176602
4875 	 3490 	 0.956265 	 0.000848059 	 0.00176602
4875 	 3495 	 0.956265 	 0.000848059 	 0.00176602
4875 	 3500 	 0.956265 	 0.000848059 	 0.00176602
4875 	 3505 	 0.956265 	 0.000848059 	 0.00176602
4875 	 3510 	 0.956265 	 0.000848059 	 0.00176602
4875 	 3515 	 0.956265 	 0.000848059 	 0.00176602
4875 	 3520 	 0.956265 	 0.000848059 	 0.00176602
4875 	 3525 	 0.956265 	 0.000848059 	 0.00176602
4875 	 3530 	 0.956265 	 0.000848059 	 0.00176602
4875 	 3535 	 0.956265 	 0.000848059 	 0.00176602
4875 	 3540 	 0.956265 	 0.000848059 	 0.00176602
4875 	 3545 	 0.956265 	 0.000848059 	 0.00176602
4875 	 3550 	 0.956265 	 0.000848059 	 0.00176602
4875 	 3555 	 0.956265 	 0.000848059 	 0.00176602
4875 	 3560 	 0.956265 	 0.000848059 	 0.00176602
4875 	 3565 	 0.956265 	 0.000848059 	 0.00176602
4875 	 3570 	 0.956265 	 0.000848059 	 0.00176602
4875 	 3575 	 0.956265 	 0.000848059 	 0.00176602
4875 	 3580 	 0.956265 	 0.000848059 	 0.00176602
4875 	 3585 	 0.956265 	 0.000848059 	 0.00176602
4875 	 3590 	 0.956265 	 0.000848059 	 0.00176602
4875 	 3595 	 0.956265 	 0.000848059 	 0.00176602
4875 	 3600 	 0.956265 	 0.000848059 	 0.00176602
4875 	 3605 	 0.956265 	 0.000848059 	 0.00176602
4875 	 3610 	 0.956265 	 0.000848059 	 0.00176602
4875 	 3615 	 0.956265 	 0.000848059 	 0.00176602
4875 	 3620 	 0.956265 	 0.000848059 	 0.00176602
4875 	 3625 	 0.956265 	 0.000848059 	 0.00176602
4875 	 3630 	 0.956265 	 0.000848059 	 0.00176602
4875 	 3635 	 0.956265 	 0.000848059 	 0.00176602
4875 	 3640 	 0.956265 	 0.000848059 	 0.00176602
4875 	 3645 	 0.956265 	 0.000848059 	 0.00176602
4875 	 3650 	 0.956265 	 0.000848059 	 0.00176602
4875 	 3655 	 0.956265 	 0.000848059 	 0.00176602
4875 	 3660 	 0.956265 	 0.000848059 	 0.00176602
4875 	 3665 	 0.956265 	 0.000848059 	 0.00176602
4875 	 3670 	 0.956265 	 0.000848059 	 0.00176602
4875 	 3675 	 0.956265 	 0.000848059 	 0.00176602
4875 	 3680 	 0.956265 	 0.000848059 	 0.00176602
4875 	 3685 	 0.956265 	 0.000848059 	 0.00176602
4875 	 3690 	 0.956265 	 0.000848059 	 0.00176602
4875 	 3695 	 0.956265 	 0.000848059 	 0.00176602
4875 	 3700 	 0.956265 	 0.000848059 	 0.00176602
4875 	 3705 	 0.956265 	 0.000848059 	 0.00176602
4875 	 3710 	 0.956265 	 0.000848059 	 0.00176602
4875 	 3715 	 0.956265 	 0.000848059 	 0.00176602
4875 	 3720 	 0.956265 	 0.000848059 	 0.00176602
4875 	 3725 	 0.956265 	 0.000848059 	 0.00176602
4875 	 3730 	 0.956265 	 0.000848059 	 0.00176602
4875 	 3735 	 0.956265 	 0.000848059 	 0.00176602
4875 	 3740 	 0.956265 	 0.000848059 	 0.00176602
4875 	 3745 	 0.956265 	 0.000848059 	 0.00176602
4875 	 3750 	 0.956265 	 0.000848059 	 0.00176602
4875 	 3755 	 0.956265 	 0.000848059 	 0.00176602
4875 	 3760 	 0.956265 	 0.000848059 	 0.00176602
4875 	 3765 	 0.956265 	 0.000848059 	 0.00176602
4875 	 3770 	 0.956265 	 0.000848059 	 0.00176602
4875 	 3775 	 0.956265 	 0.000848059 	 0.00176602
4875 	 3780 	 0.956265 	 0.000848059 	 0.00176602
4875 	 3785 	 0.956265 	 0.000848059 	 0.00176602
4875 	 3790 	 0.956265 	 0.000848059 	 0.00176602
4875 	 3795 	 0.956265 	 0.000848059 	 0.00176602
4875 	 3800 	 0.956265 	 0.000848059 	 0.00176602
4875 	 3805 	 0.956265 	 0.000848059 	 0.00176602
4875 	 3810 	 0.956265 	 0.000848059 	 0.00176602
4875 	 3815 	 0.956265 	 0.000848059 	 0.00176602
4875 	 3820 	 0.956265 	 0.000848059 	 0.00176602
4875 	 3825 	 0.956265 	 0.000848059 	 0.00176602
4875 	 3830 	 0.956265 	 0.000848059 	 0.00176602
4875 	 3835 	 0.956265 	 0.000848059 	 0.00176602
4875 	 3840 	 0.956265 	 0.000848059 	 0.00176602
4875 	 3845 	 0.956265 	 0.000848059 	 0.00176602
4875 	 3850 	 0.956265 	 0.000848059 	 0.00176602
4875 	 3855 	 0.956265 	 0.000848059 	 0.00176602
4875 	 3860 	 0.956265 	 0.000848059 	 0.00176602
4875 	 3865 	 0.956265 	 0.000848059 	 0.00176602
4875 	 3870 	 0.956265 	 0.000848059 	 0.00176602
4875 	 3875 	 0.956265 	 0.000848059 	 0.00176602
4875 	 3880 	 0.956265 	 0.000848059 	 0.00176602
4875 	 3885 	 0.956265 	 0.000848059 	 0.00176602
4875 	 3890 	 0.956265 	 0.000848059 	 0.00176602
4875 	 3895 	 0.956265 	 0.000848059 	 0.00176602
4875 	 3900 	 0.956265 	 0.000848059 	 0.00176602
4875 	 3905 	 0.956265 	 0.000848059 	 0.00176602
4875 	 3910 	 0.956265 	 0.000848059 	 0.00176602
4875 	 3915 	 0.956265 	 0.000848059 	 0.00176602
4875 	 3920 	 0.956265 	 0.000848059 	 0.00176602
4875 	 3925 	 0.956265 	 0.000848059 	 0.00176602
4875 	 3930 	 0.956265 	 0.000848059 	 0.00176602
4875 	 3935 	 0.956265 	 0.000848059 	 0.00176602
4875 	 3940 	 0.956265 	 0.000848059 	 0.00176602
4875 	 3945 	 0.956265 	 0.000848059 	 0.00176602
4875 	 3950 	 0.956265 	 0.000848059 	 0.00176602
4875 	 3955 	 0.956265 	 0.000848059 	 0.00176602
4875 	 3960 	 0.956265 	 0.000848059 	 0.00176602
4875 	 3965 	 0.956265 	 0.000848059 	 0.00176602
4875 	 3970 	 0.956265 	 0.000848059 	 0.00176602
4875 	 3975 	 0.956265 	 0.000848059 	 0.00176602
4875 	 3980 	 0.956265 	 0.000848059 	 0.00176602
4875 	 3985 	 0.956265 	 0.000848059 	 0.00176602
4875 	 3990 	 0.956265 	 0.000848059 	 0.00176602
4875 	 3995 	 0.956265 	 0.000848059 	 0.00176602
4875 	 4000 	 0.956265 	 0.000848059 	 0.00176602
4875 	 4005 	 0.956265 	 0.000848059 	 0.00176602
4875 	 4010 	 0.956265 	 0.000848059 	 0.00176602
4875 	 4015 	 0.956265 	 0.000848059 	 0.00176602
4875 	 4020 	 0.956265 	 0.000848059 	 0.00176602
4875 	 4025 	 0.956265 	 0.000848059 	 0.00176602
4875 	 4030 	 0.956265 	 0.000848059 	 0.00176602
4875 	 4035 	 0.956265 	 0.000848059 	 0.00176602
4875 	 4040 	 0.956265 	 0.000848059 	 0.00176602
4875 	 4045 	 0.956265 	 0.000848059 	 0.00176602
4875 	 4050 	 0.956265 	 0.000848059 	 0.00176602
4875 	 4055 	 0.956265 	 0.000848059 	 0.00176602
4875 	 4060 	 0.956265 	 0.000848059 	 0.00176602
4875 	 4065 	 0.956265 	 0.000848059 	 0.00176602
4875 	 4070 	 0.956265 	 0.000848059 	 0.00176602
4875 	 4075 	 0.956265 	 0.000848059 	 0.00176602
4875 	 4080 	 0.956265 	 0.000848059 	 0.00176602
4875 	 4085 	 0.956265 	 0.000848059 	 0.00176602
4875 	 4090 	 0.956265 	 0.000848059 	 0.00176602
4875 	 4095 	 0.956265 	 0.000848059 	 0.00176602
4875 	 4100 	 0.956265 	 0.000848059 	 0.00176602
4875 	 4105 	 0.956265 	 0.000848059 	 0.00176602
4875 	 4110 	 0.956265 	 0.000848059 	 0.00176602
4875 	 4115 	 0.956265 	 0.000848059 	 0.00176602
4875 	 4120 	 0.956265 	 0.000848059 	 0.00176602
4875 	 4125 	 0.956265 	 0.000848059 	 0.00176602
4875 	 4130 	 0.956265 	 0.000848059 	 0.00176602
4875 	 4135 	 0.956265 	 0.000848059 	 0.00176602
4875 	 4140 	 0.956265 	 0.000848059 	 0.00176602
4875 	 4145 	 0.956265 	 0.000848059 	 0.00176602
4875 	 4150 	 0.956265 	 0.000848059 	 0.00176602
4875 	 4155 	 0.956265 	 0.000848059 	 0.00176602
4875 	 4160 	 0.956265 	 0.000848059 	 0.00176602
4875 	 4165 	 0.956265 	 0.000848059 	 0.00176602
4875 	 4170 	 0.956265 	 0.000848059 	 0.00176602
4875 	 4175 	 0.956265 	 0.000848059 	 0.00176602
4875 	 4180 	 0.956265 	 0.000848059 	 0.00176602
4875 	 4185 	 0.956265 	 0.000848059 	 0.00176602
4875 	 4190 	 0.956265 	 0.000848059 	 0.00176602
4875 	 4195 	 0.956265 	 0.000848059 	 0.00176602
4875 	 4200 	 0.956265 	 0.000848059 	 0.00176602
4875 	 4205 	 0.956265 	 0.000848059 	 0.00176602
4875 	 4210 	 0.956265 	 0.000848059 	 0.00176602
4875 	 4215 	 0.956265 	 0.000848059 	 0.00176602
4875 	 4220 	 0.956265 	 0.000848059 	 0.00176602
4875 	 4225 	 0.956265 	 0.000848059 	 0.00176602
4875 	 4230 	 0.956265 	 0.000848059 	 0.00176602
4875 	 4235 	 0.956265 	 0.000848059 	 0.00176602
4875 	 4240 	 0.956265 	 0.000848059 	 0.00176602
4875 	 4245 	 0.956265 	 0.000848059 	 0.00176602
4875 	 4250 	 0.956265 	 0.000848059 	 0.00176602
4875 	 4255 	 0.956265 	 0.000848059 	 0.00176602
4875 	 4260 	 0.956265 	 0.000848059 	 0.00176602
4875 	 4265 	 0.956265 	 0.000848059 	 0.00176602
4875 	 4270 	 0.956265 	 0.000848059 	 0.00176602
4875 	 4275 	 0.956265 	 0.000848059 	 0.00176602
4875 	 4280 	 0.956265 	 0.000848059 	 0.00176602
4875 	 4285 	 0.956265 	 0.000848059 	 0.00176602
4875 	 4290 	 0.956265 	 0.000848059 	 0.00176602
4875 	 4295 	 0.956265 	 0.000848059 	 0.00176602
4875 	 4300 	 0.956265 	 0.000848059 	 0.00176602
4875 	 4305 	 0.956265 	 0.000848059 	 0.00176602
4875 	 4310 	 0.956265 	 0.000848059 	 0.00176602
4875 	 4315 	 0.956265 	 0.000848059 	 0.00176602
4875 	 4320 	 0.956265 	 0.000848059 	 0.00176602
4875 	 4325 	 0.956265 	 0.000848059 	 0.00176602
4875 	 4330 	 0.956265 	 0.000848059 	 0.00176602
4875 	 4335 	 0.956265 	 0.000848059 	 0.00176602
4875 	 4340 	 0.956265 	 0.000848059 	 0.00176602
4875 	 4345 	 0.956265 	 0.000848059 	 0.00176602
4875 	 4350 	 0.956265 	 0.000848059 	 0.00176602
4875 	 4355 	 0.956265 	 0.000848059 	 0.00176602
4875 	 4360 	 0.956265 	 0.000848059 	 0.00176602
4875 	 4365 	 0.956265 	 0.000848059 	 0.00176602
4875 	 4370 	 0.956265 	 0.000848059 	 0.00176602
4875 	 4375 	 0.956265 	 0.000848059 	 0.00176602
4875 	 4380 	 0.956265 	 0.000848059 	 0.00176602
4875 	 4385 	 0.956265 	 0.000848059 	 0.00176602
4875 	 4390 	 0.956265 	 0.000848059 	 0.00176602
4875 	 4395 	 0.956265 	 0.000848059 	 0.00176602
4875 	 4400 	 0.956265 	 0.000848059 	 0.00176602
4875 	 4405 	 0.956265 	 0.000848059 	 0.00176602
4875 	 4410 	 0.956265 	 0.000848059 	 0.00176602
4875 	 4415 	 0.956265 	 0.000848059 	 0.00176602
4875 	 4420 	 0.956265 	 0.000848059 	 0.00176602
4875 	 4425 	 0.956265 	 0.000848059 	 0.00176602
4875 	 4430 	 0.956265 	 0.000848059 	 0.00176602
4875 	 4435 	 0.956265 	 0.000848059 	 0.00176602
4875 	 4440 	 0.956265 	 0.000848059 	 0.00176602
4875 	 4445 	 0.956265 	 0.000848059 	 0.00176602
4875 	 4450 	 0.956265 	 0.000848059 	 0.00176602
4875 	 4455 	 0.956265 	 0.000848059 	 0.00176602
4875 	 4460 	 0.956265 	 0.000848059 	 0.00176602
4875 	 4465 	 0.956265 	 0.000848059 	 0.00176602
4875 	 4470 	 0.956265 	 0.000848059 	 0.00176602
4875 	 4475 	 0.956265 	 0.000848059 	 0.00176602
4875 	 4480 	 0.956265 	 0.000848059 	 0.00176602
4875 	 4485 	 0.956265 	 0.000848059 	 0.00176602
4875 	 4490 	 0.956265 	 0.000848059 	 0.00176602
4875 	 4495 	 0.956265 	 0.000848059 	 0.00176602
4875 	 4500 	 0.956265 	 0.000848059 	 0.00176602
4875 	 4505 	 0.956265 	 0.000848059 	 0.00176602
4875 	 4510 	 0.956265 	 0.000848059 	 0.00176602
4875 	 4515 	 0.956265 	 0.000848059 	 0.00176602
4875 	 4520 	 0.956265 	 0.000848059 	 0.00176602
4875 	 4525 	 0.956265 	 0.000848059 	 0.00176602
4875 	 4530 	 0.956265 	 0.000848059 	 0.00176602
4875 	 4535 	 0.956265 	 0.000848059 	 0.00176602
4875 	 4540 	 0.956265 	 0.000848059 	 0.00176602
4875 	 4545 	 0.956265 	 0.000848059 	 0.00176602
4875 	 4550 	 0.956265 	 0.000848059 	 0.00176602
4875 	 4555 	 0.956265 	 0.000848059 	 0.00176602
4875 	 4560 	 0.956265 	 0.000848059 	 0.00176602
4875 	 4565 	 0.956265 	 0.000848059 	 0.00176602
4875 	 4570 	 0.956265 	 0.000848059 	 0.00176602
4875 	 4575 	 0.956265 	 0.000848059 	 0.00176602
4875 	 4580 	 0.956265 	 0.000848059 	 0.00176602
4875 	 4585 	 0.956265 	 0.000848059 	 0.00176602
4875 	 4590 	 0.956265 	 0.000848059 	 0.00176602
4875 	 4595 	 0.956265 	 0.000848059 	 0.00176602
4875 	 4600 	 0.956265 	 0.000848059 	 0.00176602
4875 	 4605 	 0.956265 	 0.000848059 	 0.00176602
4875 	 4610 	 0.956265 	 0.000848059 	 0.00176602
4875 	 4615 	 0.956265 	 0.000848059 	 0.00176602
4875 	 4620 	 0.956265 	 0.000848059 	 0.00176602
4875 	 4625 	 0.956265 	 0.000848059 	 0.00176602
4875 	 4630 	 0.956265 	 0.000848059 	 0.00176602
4875 	 4635 	 0.956265 	 0.000848059 	 0.00176602
4875 	 4640 	 0.956265 	 0.000848059 	 0.00176602
4875 	 4645 	 0.956265 	 0.000848059 	 0.00176602
4875 	 4650 	 0.956265 	 0.000848059 	 0.00176602
4875 	 4655 	 0.956265 	 0.000848059 	 0.00176602
4875 	 4660 	 0.956265 	 0.000848059 	 0.00176602
4875 	 4665 	 0.956265 	 0.000848059 	 0.00176602
4875 	 4670 	 0.956265 	 0.000848059 	 0.00176602
4875 	 4675 	 0.956265 	 0.000848059 	 0.00176602
4875 	 4680 	 0.956265 	 0.000848059 	 0.00176602
4875 	 4685 	 0.956265 	 0.000848059 	 0.00176602
4875 	 4690 	 0.956265 	 0.000848059 	 0.00176602
4875 	 4695 	 0.956265 	 0.000848059 	 0.00176602
4875 	 4700 	 0.956265 	 0.000848059 	 0.00176602
4875 	 4705 	 0.956265 	 0.000848059 	 0.00176602
4875 	 4710 	 0.956265 	 0.000848059 	 0.00176602
4875 	 4715 	 0.956265 	 0.000848059 	 0.00176602
4875 	 4720 	 0.956265 	 0.000848059 	 0.00176602
4875 	 4725 	 0.956265 	 0.000848059 	 0.00176602
4875 	 4730 	 0.956265 	 0.000848059 	 0.00176602
4875 	 4735 	 0.956265 	 0.000848059 	 0.00176602
4875 	 4740 	 0.956265 	 0.000848059 	 0.00176602
4875 	 4745 	 0.956265 	 0.000848059 	 0.00176602
4875 	 4750 	 0.956265 	 0.000848059 	 0.00176602
4875 	 4755 	 0.956265 	 0.000848059 	 0.00176602
4875 	 4760 	 0.956265 	 0.000848059 	 0.00176602
4875 	 4765 	 0.956265 	 0.000848059 	 0.00176602
4875 	 4770 	 0.956265 	 0.000848059 	 0.00176602
4875 	 4775 	 0.956265 	 0.000848059 	 0.00176602
4875 	 4780 	 0.956265 	 0.000848059 	 0.00176602
4875 	 4785 	 0.956265 	 0.000848059 	 0.00176602
4875 	 4790 	 0.956265 	 0.000848059 	 0.00176602
4875 	 4795 	 0.956265 	 0.000848059 	 0.00176602
4875 	 4800 	 0.956265 	 0.000848059 	 0.00176602
4875 	 4805 	 0.956265 	 0.000848059 	 0.00176602
4875 	 4810 	 0.956265 	 0.000848059 	 0.00176602
4875 	 4815 	 0.956265 	 0.000848059 	 0.00176602
4875 	 4820 	 0.956265 	 0.000848059 	 0.00176602
4875 	 4825 	 0.956265 	 0.000848059 	 0.00176602
4875 	 4830 	 0.956265 	 0.000848059 	 0.00176602
4875 	 4835 	 0.956265 	 0.000848059 	 0.00176602
4875 	 4840 	 0.956265 	 0.000848059 	 0.00176602
4875 	 4845 	 0.956265 	 0.000848059 	 0.00176602
4875 	 4850 	 0.956265 	 0.000848059 	 0.00176602
4875 	 4855 	 0.956265 	 0.000848059 	 0.00176602
4875 	 4860 	 0.956265 	 0.000848059 	 0.00176602
4875 	 4865 	 0.956265 	 0.000848059 	 0.00176602
4875 	 4870 	 0.956265 	 0.000848059 	 0.00176602
4875 	 4875 	 0.956265 	 0.000848059 	 0.00176602
4875 	 4880 	 0.956265 	 0.000848059 	 0.00176602
4875 	 4885 	 0.956265 	 0.000848059 	 0.00176602
4875 	 4890 	 0.956265 	 0.000848059 	 0.00176602
4875 	 4895 	 0.956265 	 0.000848059 	 0.00176602
4875 	 4900 	 0.956265 	 0.000848059 	 0.00176602
4875 	 4905 	 0.956265 	 0.000848059 	 0.00176602
4875 	 4910 	 0.956265 	 0.000848059 	 0.00176602
4875 	 4915 	 0.956265 	 0.000848059 	 0.00176602
4875 	 4920 	 0.956265 	 0.000848059 	 0.00176602
4875 	 4925 	 0.956265 	 0.000848059 	 0.00176602
4875 	 4930 	 0.956265 	 0.000848059 	 0.00176602
4875 	 4935 	 0.956265 	 0.000848059 	 0.00176602
4875 	 4940 	 0.956265 	 0.000848059 	 0.00176602
4875 	 4945 	 0.956265 	 0.000848059 	 0.00176602
4875 	 4950 	 0.956265 	 0.000848059 	 0.00176602
4875 	 4955 	 0.956265 	 0.000848059 	 0.00176602
4875 	 4960 	 0.956265 	 0.000848059 	 0.00176602
4875 	 4965 	 0.956265 	 0.000848059 	 0.00176602
4875 	 4970 	 0.956265 	 0.000848059 	 0.00176602
4875 	 4975 	 0.956265 	 0.000848059 	 0.00176602
4875 	 4980 	 0.956265 	 0.000848059 	 0.00176602
4875 	 4985 	 0.956265 	 0.000848059 	 0.00176602
4875 	 4990 	 0.956265 	 0.000848059 	 0.00176602
4875 	 4995 	 0.956265 	 0.000848059 	 0.00176602
4875 	 5000 	 0.956265 	 0.000848059 	 0.00176602
