1300 	 5 	 0.885108 	 0.00310568 	 0.00646737
1300 	 10 	 0.885428 	 0.0029394 	 0.00612108
1300 	 15 	 0.886162 	 0.00262344 	 0.00546313
1300 	 20 	 0.887807 	 0.00208431 	 0.00434044
1300 	 25 	 0.891298 	 0.00138327 	 0.00288056
1300 	 30 	 0.897921 	 0.00105409 	 0.00219507
1300 	 35 	 0.908177 	 0.00108107 	 0.00225124
1300 	 40 	 0.920318 	 0.000952564 	 0.00198365
1300 	 45 	 0.930574 	 0.00088865 	 0.00185055
1300 	 50 	 0.937111 	 0.000776012 	 0.00161599
1300 	 55 	 0.940721 	 0.000629565 	 0.00131103
1300 	 60 	 0.94267 	 0.000562625 	 0.00117163
1300 	 65 	 0.943806 	 0.000537368 	 0.00111903
1300 	 70 	 0.944563 	 0.000511342 	 0.00106483
1300 	 75 	 0.945144 	 0.000479354 	 0.000998222
1300 	 80 	 0.94564 	 0.000448414 	 0.000933792
1300 	 85 	 0.946088 	 0.000425016 	 0.000885066
1300 	 90 	 0.946507 	 0.000412476 	 0.000858952
1300 	 95 	 0.946904 	 0.000411177 	 0.000856247
1300 	 100 	 0.947283 	 0.000419549 	 0.000873681
1300 	 105 	 0.947645 	 0.000435169 	 0.000906209
1300 	 110 	 0.947993 	 0.000455599 	 0.000948753
1300 	 115 	 0.948326 	 0.000478804 	 0.000997075
1300 	 120 	 0.948646 	 0.000503256 	 0.00104799
1300 	 125 	 0.948954 	 0.000527877 	 0.00109927
1300 	 130 	 0.949248 	 0.00055194 	 0.00114938
1300 	 135 	 0.949531 	 0.000574972 	 0.00119734
1300 	 140 	 0.949802 	 0.000596678 	 0.00124254
1300 	 145 	 0.950063 	 0.000616889 	 0.00128463
1300 	 150 	 0.950313 	 0.00063552 	 0.00132343
1300 	 155 	 0.950553 	 0.000652548 	 0.00135889
1300 	 160 	 0.950783 	 0.000667989 	 0.00139104
1300 	 165 	 0.951004 	 0.000681886 	 0.00141998
1300 	 170 	 0.951216 	 0.000694301 	 0.00144583
1300 	 175 	 0.951419 	 0.000705309 	 0.00146876
1300 	 180 	 0.951615 	 0.00071499 	 0.00148892
1300 	 185 	 0.951802 	 0.000723429 	 0.00150649
1300 	 190 	 0.951982 	 0.000730714 	 0.00152166
1300 	 195 	 0.952155 	 0.000736931 	 0.00153461
1300 	 200 	 0.95232 	 0.000742167 	 0.00154551
1300 	 205 	 0.952479 	 0.000746503 	 0.00155454
1300 	 210 	 0.952632 	 0.000750023 	 0.00156187
1300 	 215 	 0.952778 	 0.000752802 	 0.00156766
1300 	 220 	 0.952919 	 0.000754915 	 0.00157206
1300 	 225 	 0.953054 	 0.000756433 	 0.00157522
1300 	 230 	 0.953183 	 0.000757423 	 0.00157728
1300 	 235 	 0.953307 	 0.000757946 	 0.00157837
1300 	 240 	 0.953426 	 0.000758064 	 0.00157862
1300 	 245 	 0.953541 	 0.000757831 	 0.00157813
1300 	 250 	 0.953651 	 0.000757298 	 0.00157702
1300 	 255 	 0.953756 	 0.000756515 	 0.00157539
1300 	 260 	 0.953857 	 0.000755525 	 0.00157333
1300 	 265 	 0.953954 	 0.000754369 	 0.00157092
1300 	 270 	 0.954047 	 0.000753086 	 0.00156825
1300 	 275 	 0.954137 	 0.00075171 	 0.00156538
1300 	 280 	 0.954222 	 0.000750272 	 0.00156239
1300 	 285 	 0.954305 	 0.000748801 	 0.00155933
1300 	 290 	 0.954384 	 0.000747322 	 0.00155625
1300 	 295 	 0.95446 	 0.000745859 	 0.0015532
1300 	 300 	 0.954532 	 0.000744431 	 0.00155023
1300 	 305 	 0.954602 	 0.000743057 	 0.00154736
1300 	 310 	 0.954669 	 0.000741752 	 0.00154465
1300 	 315 	 0.954734 	 0.00074053 	 0.0015421
1300 	 320 	 0.954795 	 0.000739401 	 0.00153975
1300 	 325 	 0.954854 	 0.000738376 	 0.00153762
1300 	 330 	 0.954911 	 0.000737463 	 0.00153571
1300 	 335 	 0.954966 	 0.000736666 	 0.00153406
1300 	 340 	 0.955018 	 0.000735992 	 0.00153265
1300 	 345 	 0.955068 	 0.000735442 	 0.00153151
1300 	 350 	 0.955117 	 0.00073502 	 0.00153063
1300 	 355 	 0.955163 	 0.000734725 	 0.00153001
1300 	 360 	 0.955207 	 0.000734558 	 0.00152967
1300 	 365 	 0.95525 	 0.000734517 	 0.00152958
1300 	 370 	 0.955291 	 0.000734601 	 0.00152976
1300 	 375 	 0.95533 	 0.000734807 	 0.00153018
1300 	 380 	 0.955368 	 0.000735132 	 0.00153086
1300 	 385 	 0.955404 	 0.000735571 	 0.00153178
1300 	 390 	 0.955439 	 0.000736121 	 0.00153292
1300 	 395 	 0.955472 	 0.000736777 	 0.00153429
1300 	 400 	 0.955504 	 0.000737534 	 0.00153586
1300 	 405 	 0.955535 	 0.000738387 	 0.00153764
1300 	 410 	 0.955564 	 0.000739331 	 0.00153961
1300 	 415 	 0.955592 	 0.000740361 	 0.00154175
1300 	 420 	 0.955619 	 0.00074147 	 0.00154406
1300 	 425 	 0.955645 	 0.000742653 	 0.00154652
1300 	 430 	 0.95567 	 0.000743906 	 0.00154913
1300 	 435 	 0.955694 	 0.000745221 	 0.00155187
1300 	 440 	 0.955717 	 0.000746595 	 0.00155473
1300 	 445 	 0.955739 	 0.000748022 	 0.0015577
1300 	 450 	 0.955761 	 0.000749496 	 0.00156077
1300 	 455 	 0.955781 	 0.000751013 	 0.00156393
1300 	 460 	 0.9558 	 0.000752568 	 0.00156717
1300 	 465 	 0.955819 	 0.000754156 	 0.00157048
1300 	 470 	 0.955837 	 0.000755773 	 0.00157385
1300 	 475 	 0.955854 	 0.000757415 	 0.00157726
1300 	 480 	 0.955871 	 0.000759077 	 0.00158072
1300 	 485 	 0.955887 	 0.000760755 	 0.00158422
1300 	 490 	 0.955902 	 0.000762446 	 0.00158774
1300 	 495 	 0.955917 	 0.000764147 	 0.00159128
1300 	 500 	 0.955931 	 0.000765853 	 0.00159484
1300 	 505 	 0.955944 	 0.000767562 	 0.00159839
1300 	 510 	 0.955957 	 0.000769272 	 0.00160195
1300 	 515 	 0.955969 	 0.000770978 	 0.00160551
1300 	 520 	 0.955981 	 0.00077268 	 0.00160905
1300 	 525 	 0.955993 	 0.000774373 	 0.00161258
1300 	 530 	 0.956004 	 0.000776057 	 0.00161608
1300 	 535 	 0.956014 	 0.000777729 	 0.00161957
1300 	 540 	 0.956024 	 0.000779388 	 0.00162302
1300 	 545 	 0.956034 	 0.000781031 	 0.00162644
1300 	 550 	 0.956043 	 0.000782657 	 0.00162983
1300 	 555 	 0.956052 	 0.000784264 	 0.00163318
1300 	 560 	 0.956061 	 0.000785852 	 0.00163648
1300 	 565 	 0.956069 	 0.000787419 	 0.00163975
1300 	 570 	 0.956077 	 0.000788965 	 0.00164296
1300 	 575 	 0.956085 	 0.000790487 	 0.00164613
1300 	 580 	 0.956092 	 0.000791986 	 0.00164926
1300 	 585 	 0.956099 	 0.00079346 	 0.00165233
1300 	 590 	 0.956106 	 0.00079491 	 0.00165534
1300 	 595 	 0.956112 	 0.000796334 	 0.00165831
1300 	 600 	 0.956118 	 0.000797733 	 0.00166122
1300 	 605 	 0.956124 	 0.000799105 	 0.00166408
1300 	 610 	 0.95613 	 0.00080045 	 0.00166688
1300 	 615 	 0.956135 	 0.000801769 	 0.00166963
1300 	 620 	 0.95614 	 0.000803061 	 0.00167232
1300 	 625 	 0.956145 	 0.000804325 	 0.00167495
1300 	 630 	 0.95615 	 0.000805563 	 0.00167753
1300 	 635 	 0.956155 	 0.000806774 	 0.00168005
1300 	 640 	 0.956159 	 0.000807958 	 0.00168252
1300 	 645 	 0.956164 	 0.000809114 	 0.00168492
1300 	 650 	 0.956168 	 0.000810245 	 0.00168728
1300 	 655 	 0.956172 	 0.000811348 	 0.00168958
1300 	 660 	 0.956175 	 0.000812425 	 0.00169182
1300 	 665 	 0.956179 	 0.000813476 	 0.00169401
1300 	 670 	 0.956182 	 0.000814501 	 0.00169614
1300 	 675 	 0.956186 	 0.000815501 	 0.00169822
1300 	 680 	 0.956189 	 0.000816475 	 0.00170025
1300 	 685 	 0.956192 	 0.000817425 	 0.00170223
1300 	 690 	 0.956195 	 0.00081835 	 0.00170416
1300 	 695 	 0.956198 	 0.000819251 	 0.00170603
1300 	 700 	 0.9562 	 0.000820127 	 0.00170786
1300 	 705 	 0.956203 	 0.000820981 	 0.00170964
1300 	 710 	 0.956206 	 0.000821811 	 0.00171136
1300 	 715 	 0.956208 	 0.000822619 	 0.00171305
1300 	 720 	 0.95621 	 0.000823405 	 0.00171468
1300 	 725 	 0.956212 	 0.000824169 	 0.00171627
1300 	 730 	 0.956215 	 0.000824911 	 0.00171782
1300 	 735 	 0.956217 	 0.000825633 	 0.00171932
1300 	 740 	 0.956219 	 0.000826334 	 0.00172078
1300 	 745 	 0.95622 	 0.000827015 	 0.0017222
1300 	 750 	 0.956222 	 0.000827677 	 0.00172358
1300 	 755 	 0.956224 	 0.00082832 	 0.00172492
1300 	 760 	 0.956226 	 0.000828943 	 0.00172622
1300 	 765 	 0.956227 	 0.000829549 	 0.00172748
1300 	 770 	 0.956229 	 0.000830136 	 0.0017287
1300 	 775 	 0.95623 	 0.000830706 	 0.00172989
1300 	 780 	 0.956232 	 0.000831259 	 0.00173104
1300 	 785 	 0.956233 	 0.000831796 	 0.00173216
1300 	 790 	 0.956234 	 0.000832316 	 0.00173324
1300 	 795 	 0.956235 	 0.000832821 	 0.00173429
1300 	 800 	 0.956237 	 0.00083331 	 0.00173531
1300 	 805 	 0.956238 	 0.000833784 	 0.0017363
1300 	 810 	 0.956239 	 0.000834244 	 0.00173725
1300 	 815 	 0.95624 	 0.000834689 	 0.00173818
1300 	 820 	 0.956241 	 0.000835121 	 0.00173908
1300 	 825 	 0.956242 	 0.000835539 	 0.00173995
1300 	 830 	 0.956243 	 0.000835944 	 0.00174079
1300 	 835 	 0.956244 	 0.000836336 	 0.00174161
1300 	 840 	 0.956245 	 0.000836716 	 0.0017424
1300 	 845 	 0.956245 	 0.000837084 	 0.00174317
1300 	 850 	 0.956246 	 0.00083744 	 0.00174391
1300 	 855 	 0.956247 	 0.000837785 	 0.00174463
1300 	 860 	 0.956248 	 0.000838119 	 0.00174532
1300 	 865 	 0.956248 	 0.000838442 	 0.001746
1300 	 870 	 0.956249 	 0.000838755 	 0.00174665
1300 	 875 	 0.95625 	 0.000839058 	 0.00174728
1300 	 880 	 0.95625 	 0.000839351 	 0.00174789
1300 	 885 	 0.956251 	 0.000839634 	 0.00174848
1300 	 890 	 0.956251 	 0.000839909 	 0.00174905
1300 	 895 	 0.956252 	 0.000840174 	 0.0017496
1300 	 900 	 0.956252 	 0.00084043 	 0.00175014
1300 	 905 	 0.956253 	 0.000840678 	 0.00175065
1300 	 910 	 0.956253 	 0.000840918 	 0.00175115
1300 	 915 	 0.956254 	 0.000841151 	 0.00175164
1300 	 920 	 0.956254 	 0.000841375 	 0.0017521
1300 	 925 	 0.956255 	 0.000841592 	 0.00175256
1300 	 930 	 0.956255 	 0.000841802 	 0.00175299
1300 	 935 	 0.956256 	 0.000842005 	 0.00175342
1300 	 940 	 0.956256 	 0.000842201 	 0.00175382
1300 	 945 	 0.956256 	 0.00084239 	 0.00175422
1300 	 950 	 0.956257 	 0.000842573 	 0.0017546
1300 	 955 	 0.956257 	 0.00084275 	 0.00175497
1300 	 960 	 0.956257 	 0.000842921 	 0.00175532
1300 	 965 	 0.956258 	 0.000843087 	 0.00175567
1300 	 970 	 0.956258 	 0.000843246 	 0.001756
1300 	 975 	 0.956258 	 0.000843401 	 0.00175632
1300 	 980 	 0.956258 	 0.00084355 	 0.00175663
1300 	 985 	 0.956259 	 0.000843694 	 0.00175693
1300 	 990 	 0.956259 	 0.000843833 	 0.00175722
1300 	 995 	 0.956259 	 0.000843967 	 0.0017575
1300 	 1000 	 0.956259 	 0.000844097 	 0.00175777
1300 	 1005 	 0.95626 	 0.000844222 	 0.00175803
1300 	 1010 	 0.95626 	 0.000844344 	 0.00175829
1300 	 1015 	 0.95626 	 0.000844461 	 0.00175853
1300 	 1020 	 0.95626 	 0.000844573 	 0.00175876
1300 	 1025 	 0.95626 	 0.000844683 	 0.00175899
1300 	 1030 	 0.956261 	 0.000844788 	 0.00175921
1300 	 1035 	 0.956261 	 0.00084489 	 0.00175942
1300 	 1040 	 0.956261 	 0.000844988 	 0.00175963
1300 	 1045 	 0.956261 	 0.000845082 	 0.00175982
1300 	 1050 	 0.956261 	 0.000845174 	 0.00176002
1300 	 1055 	 0.956261 	 0.000845262 	 0.0017602
1300 	 1060 	 0.956262 	 0.000845348 	 0.00176038
1300 	 1065 	 0.956262 	 0.00084543 	 0.00176055
1300 	 1070 	 0.956262 	 0.000845509 	 0.00176071
1300 	 1075 	 0.956262 	 0.000845586 	 0.00176087
1300 	 1080 	 0.956262 	 0.00084566 	 0.00176103
1300 	 1085 	 0.956262 	 0.000845731 	 0.00176118
1300 	 1090 	 0.956262 	 0.0008458 	 0.00176132
1300 	 1095 	 0.956262 	 0.000845867 	 0.00176146
1300 	 1100 	 0.956263 	 0.000845931 	 0.00176159
1300 	 1105 	 0.956263 	 0.000845993 	 0.00176172
1300 	 1110 	 0.956263 	 0.000846053 	 0.00176185
1300 	 1115 	 0.956263 	 0.00084611 	 0.00176197
1300 	 1120 	 0.956263 	 0.000846166 	 0.00176208
1300 	 1125 	 0.956263 	 0.00084622 	 0.00176219
1300 	 1130 	 0.956263 	 0.000846272 	 0.0017623
1300 	 1135 	 0.956263 	 0.000846322 	 0.00176241
1300 	 1140 	 0.956263 	 0.00084637 	 0.00176251
1300 	 1145 	 0.956263 	 0.000846416 	 0.0017626
1300 	 1150 	 0.956263 	 0.000846461 	 0.0017627
1300 	 1155 	 0.956263 	 0.000846504 	 0.00176279
1300 	 1160 	 0.956263 	 0.000846546 	 0.00176287
1300 	 1165 	 0.956264 	 0.000846586 	 0.00176296
1300 	 1170 	 0.956264 	 0.000846625 	 0.00176304
1300 	 1175 	 0.956264 	 0.000846663 	 0.00176312
1300 	 1180 	 0.956264 	 0.000846699 	 0.00176319
1300 	 1185 	 0.956264 	 0.000846734 	 0.00176326
1300 	 1190 	 0.956264 	 0.000846767 	 0.00176333
1300 	 1195 	 0.956264 	 0.0008468 	 0.0017634
1300 	 1200 	 0.956264 	 0.000846831 	 0.00176347
1300 	 1205 	 0.956264 	 0.000846861 	 0.00176353
1300 	 1210 	 0.956264 	 0.00084689 	 0.00176359
1300 	 1215 	 0.956264 	 0.000846918 	 0.00176365
1300 	 1220 	 0.956264 	 0.000846945 	 0.0017637
1300 	 1225 	 0.956264 	 0.000846971 	 0.00176376
1300 	 1230 	 0.956264 	 0.000846996 	 0.00176381
1300 	 1235 	 0.956264 	 0.000847021 	 0.00176386
1300 	 1240 	 0.956264 	 0.000847044 	 0.00176391
1300 	 1245 	 0.956264 	 0.000847066 	 0.00176396
1300 	 1250 	 0.956264 	 0.000847088 	 0.001764
1300 	 1255 	 0.956264 	 0.000847109 	 0.00176405
1300 	 1260 	 0.956264 	 0.000847129 	 0.00176409
1300 	 1265 	 0.956264 	 0.000847149 	 0.00176413
1300 	 1270 	 0.956264 	 0.000847167 	 0.00176417
1300 	 1275 	 0.956264 	 0.000847186 	 0.0017642
1300 	 1280 	 0.956264 	 0.000847203 	 0.00176424
1300 	 1285 	 0.956264 	 0.00084722 	 0.00176428
1300 	 1290 	 0.956264 	 0.000847236 	 0.00176431
1300 	 1295 	 0.956264 	 0.000847252 	 0.00176434
1300 	 1300 	 0.956264 	 0.000847267 	 0.00176437
1300 	 1305 	 0.956264 	 0.000847281 	 0.0017644
1300 	 1310 	 0.956264 	 0.000847295 	 0.00176443
1300 	 1315 	 0.956265 	 0.000847309 	 0.00176446
1300 	 1320 	 0.956265 	 0.000847321 	 0.00176449
1300 	 1325 	 0.956265 	 0.000847334 	 0.00176451
1300 	 1330 	 0.956265 	 0.000847346 	 0.00176454
1300 	 1335 	 0.956265 	 0.000847358 	 0.00176456
1300 	 1340 	 0.956265 	 0.000847369 	 0.00176459
1300 	 1345 	 0.956265 	 0.00084738 	 0.00176461
1300 	 1350 	 0.956265 	 0.00084739 	 0.00176463
1300 	 1355 	 0.956265 	 0.0008474 	 0.00176465
1300 	 1360 	 0.956265 	 0.00084741 	 0.00176467
1300 	 1365 	 0.956265 	 0.000847419 	 0.00176469
1300 	 1370 	 0.956265 	 0.000847428 	 0.00176471
1300 	 1375 	 0.956265 	 0.000847437 	 0.00176473
1300 	 1380 	 0.956265 	 0.000847445 	 0.00176474
1300 	 1385 	 0.956265 	 0.000847453 	 0.00176476
1300 	 1390 	 0.956265 	 0.000847461 	 0.00176478
1300 	 1395 	 0.956265 	 0.000847468 	 0.00176479
1300 	 1400 	 0.956265 	 0.000847475 	 0.00176481
1300 	 1405 	 0.956265 	 0.000847482 	 0.00176482
1300 	 1410 	 0.956265 	 0.000847489 	 0.00176484
1300 	 1415 	 0.956265 	 0.000847495 	 0.00176485
1300 	 1420 	 0.956265 	 0.000847501 	 0.00176486
1300 	 1425 	 0.956265 	 0.000847507 	 0.00176487
1300 	 1430 	 0.956265 	 0.000847513 	 0.00176489
1300 	 1435 	 0.956265 	 0.000847519 	 0.0017649
1300 	 1440 	 0.956265 	 0.000847524 	 0.00176491
1300 	 1445 	 0.956265 	 0.000847529 	 0.00176492
1300 	 1450 	 0.956265 	 0.000847534 	 0.00176493
1300 	 1455 	 0.956265 	 0.000847539 	 0.00176494
1300 	 1460 	 0.956265 	 0.000847543 	 0.00176495
1300 	 1465 	 0.956265 	 0.000847548 	 0.00176496
1300 	 1470 	 0.956265 	 0.000847552 	 0.00176497
1300 	 1475 	 0.956265 	 0.000847556 	 0.00176498
1300 	 1480 	 0.956265 	 0.00084756 	 0.00176498
1300 	 1485 	 0.956265 	 0.000847564 	 0.00176499
1300 	 1490 	 0.956265 	 0.000847568 	 0.001765
1300 	 1495 	 0.956265 	 0.000847571 	 0.00176501
1300 	 1500 	 0.956265 	 0.000847575 	 0.00176501
1300 	 1505 	 0.956265 	 0.000847578 	 0.00176502
1300 	 1510 	 0.956265 	 0.000847581 	 0.00176503
1300 	 1515 	 0.956265 	 0.000847584 	 0.00176503
1300 	 1520 	 0.956265 	 0.000847587 	 0.00176504
1300 	 1525 	 0.956265 	 0.00084759 	 0.00176505
1300 	 1530 	 0.956265 	 0.000847592 	 0.00176505
1300 	 1535 	 0.956265 	 0.000847595 	 0.00176506
1300 	 1540 	 0.956265 	 0.000847598 	 0.00176506
1300 	 1545 	 0.956265 	 0.0008476 	 0.00176507
1300 	 1550 	 0.956265 	 0.000847602 	 0.00176507
1300 	 1555 	 0.956265 	 0.000847605 	 0.00176508
1300 	 1560 	 0.956265 	 0.000847607 	 0.00176508
1300 	 1565 	 0.956265 	 0.000847609 	 0.00176509
1300 	 1570 	 0.956265 	 0.000847611 	 0.00176509
1300 	 1575 	 0.956265 	 0.000847613 	 0.00176509
1300 	 1580 	 0.956265 	 0.000847615 	 0.0017651
1300 	 1585 	 0.956265 	 0.000847616 	 0.0017651
1300 	 1590 	 0.956265 	 0.000847618 	 0.00176511
1300 	 1595 	 0.956265 	 0.00084762 	 0.00176511
1300 	 1600 	 0.956265 	 0.000847621 	 0.00176511
1300 	 1605 	 0.956265 	 0.000847623 	 0.00176512
1300 	 1610 	 0.956265 	 0.000847624 	 0.00176512
1300 	 1615 	 0.956265 	 0.000847626 	 0.00176512
1300 	 1620 	 0.956265 	 0.000847627 	 0.00176512
1300 	 1625 	 0.956265 	 0.000847628 	 0.00176513
1300 	 1630 	 0.956265 	 0.00084763 	 0.00176513
1300 	 1635 	 0.956265 	 0.000847631 	 0.00176513
1300 	 1640 	 0.956265 	 0.000847632 	 0.00176513
1300 	 1645 	 0.956265 	 0.000847633 	 0.00176514
1300 	 1650 	 0.956265 	 0.000847634 	 0.00176514
1300 	 1655 	 0.956265 	 0.000847635 	 0.00176514
1300 	 1660 	 0.956265 	 0.000847636 	 0.00176514
1300 	 1665 	 0.956265 	 0.000847637 	 0.00176515
1300 	 1670 	 0.956265 	 0.000847638 	 0.00176515
1300 	 1675 	 0.956265 	 0.000847639 	 0.00176515
1300 	 1680 	 0.956265 	 0.00084764 	 0.00176515
1300 	 1685 	 0.956265 	 0.000847641 	 0.00176515
1300 	 1690 	 0.956265 	 0.000847642 	 0.00176515
1300 	 1695 	 0.956265 	 0.000847643 	 0.00176516
1300 	 1700 	 0.956265 	 0.000847643 	 0.00176516
1300 	 1705 	 0.956265 	 0.000847644 	 0.00176516
1300 	 1710 	 0.956265 	 0.000847645 	 0.00176516
1300 	 1715 	 0.956265 	 0.000847645 	 0.00176516
1300 	 1720 	 0.956265 	 0.000847646 	 0.00176516
1300 	 1725 	 0.956265 	 0.000847647 	 0.00176516
1300 	 1730 	 0.956265 	 0.000847647 	 0.00176517
1300 	 1735 	 0.956265 	 0.000847648 	 0.00176517
1300 	 1740 	 0.956265 	 0.000847648 	 0.00176517
1300 	 1745 	 0.956265 	 0.000847649 	 0.00176517
1300 	 1750 	 0.956265 	 0.000847649 	 0.00176517
1300 	 1755 	 0.956265 	 0.00084765 	 0.00176517
1300 	 1760 	 0.956265 	 0.00084765 	 0.00176517
1300 	 1765 	 0.956265 	 0.000847651 	 0.00176517
1300 	 1770 	 0.956265 	 0.000847651 	 0.00176517
1300 	 1775 	 0.956265 	 0.000847652 	 0.00176518
1300 	 1780 	 0.956265 	 0.000847652 	 0.00176518
1300 	 1785 	 0.956265 	 0.000847653 	 0.00176518
1300 	 1790 	 0.956265 	 0.000847653 	 0.00176518
1300 	 1795 	 0.956265 	 0.000847653 	 0.00176518
1300 	 1800 	 0.956265 	 0.000847654 	 0.00176518
1300 	 1805 	 0.956265 	 0.000847654 	 0.00176518
1300 	 1810 	 0.956265 	 0.000847654 	 0.00176518
1300 	 1815 	 0.956265 	 0.000847655 	 0.00176518
1300 	 1820 	 0.956265 	 0.000847655 	 0.00176518
1300 	 1825 	 0.956265 	 0.000847655 	 0.00176518
1300 	 1830 	 0.956265 	 0.000847655 	 0.00176518
1300 	 1835 	 0.956265 	 0.000847656 	 0.00176518
1300 	 1840 	 0.956265 	 0.000847656 	 0.00176518
1300 	 1845 	 0.956265 	 0.000847656 	 0.00176518
1300 	 1850 	 0.956265 	 0.000847656 	 0.00176519
1300 	 1855 	 0.956265 	 0.000847657 	 0.00176519
1300 	 1860 	 0.956265 	 0.000847657 	 0.00176519
1300 	 1865 	 0.956265 	 0.000847657 	 0.00176519
1300 	 1870 	 0.956265 	 0.000847657 	 0.00176519
1300 	 1875 	 0.956265 	 0.000847657 	 0.00176519
1300 	 1880 	 0.956265 	 0.000847658 	 0.00176519
1300 	 1885 	 0.956265 	 0.000847658 	 0.00176519
1300 	 1890 	 0.956265 	 0.000847658 	 0.00176519
1300 	 1895 	 0.956265 	 0.000847658 	 0.00176519
1300 	 1900 	 0.956265 	 0.000847658 	 0.00176519
1300 	 1905 	 0.956265 	 0.000847659 	 0.00176519
1300 	 1910 	 0.956265 	 0.000847659 	 0.00176519
1300 	 1915 	 0.956265 	 0.000847659 	 0.00176519
1300 	 1920 	 0.956265 	 0.000847659 	 0.00176519
1300 	 1925 	 0.956265 	 0.000847659 	 0.00176519
1300 	 1930 	 0.956265 	 0.000847659 	 0.00176519
1300 	 1935 	 0.956265 	 0.000847659 	 0.00176519
1300 	 1940 	 0.956265 	 0.000847659 	 0.00176519
1300 	 1945 	 0.956265 	 0.00084766 	 0.00176519
1300 	 1950 	 0.956265 	 0.00084766 	 0.00176519
1300 	 1955 	 0.956265 	 0.00084766 	 0.00176519
1300 	 1960 	 0.956265 	 0.00084766 	 0.00176519
1300 	 1965 	 0.956265 	 0.00084766 	 0.00176519
1300 	 1970 	 0.956265 	 0.00084766 	 0.00176519
1300 	 1975 	 0.956265 	 0.00084766 	 0.00176519
1300 	 1980 	 0.956265 	 0.00084766 	 0.00176519
1300 	 1985 	 0.956265 	 0.00084766 	 0.00176519
1300 	 1990 	 0.956265 	 0.00084766 	 0.00176519
1300 	 1995 	 0.956265 	 0.00084766 	 0.00176519
1300 	 2000 	 0.956265 	 0.000847661 	 0.00176519
1300 	 2005 	 0.956265 	 0.000847661 	 0.00176519
1300 	 2010 	 0.956265 	 0.000847661 	 0.00176519
1300 	 2015 	 0.956265 	 0.000847661 	 0.00176519
1300 	 2020 	 0.956265 	 0.000847661 	 0.00176519
1300 	 2025 	 0.956265 	 0.000847661 	 0.00176519
1300 	 2030 	 0.956265 	 0.000847661 	 0.00176519
1300 	 2035 	 0.956265 	 0.000847661 	 0.00176519
1300 	 2040 	 0.956265 	 0.000847661 	 0.00176519
1300 	 2045 	 0.956265 	 0.000847661 	 0.00176519
1300 	 2050 	 0.956265 	 0.000847661 	 0.00176519
1300 	 2055 	 0.956265 	 0.000847661 	 0.0017652
1300 	 2060 	 0.956265 	 0.000847661 	 0.0017652
1300 	 2065 	 0.956265 	 0.000847661 	 0.0017652
1300 	 2070 	 0.956265 	 0.000847661 	 0.0017652
1300 	 2075 	 0.956265 	 0.000847661 	 0.0017652
1300 	 2080 	 0.956265 	 0.000847661 	 0.0017652
1300 	 2085 	 0.956265 	 0.000847661 	 0.0017652
1300 	 2090 	 0.956265 	 0.000847662 	 0.0017652
1300 	 2095 	 0.956265 	 0.000847662 	 0.0017652
1300 	 2100 	 0.956265 	 0.000847662 	 0.0017652
1300 	 2105 	 0.956265 	 0.000847662 	 0.0017652
1300 	 2110 	 0.956265 	 0.000847662 	 0.0017652
1300 	 2115 	 0.956265 	 0.000847662 	 0.0017652
1300 	 2120 	 0.956265 	 0.000847662 	 0.0017652
1300 	 2125 	 0.956265 	 0.000847662 	 0.0017652
1300 	 2130 	 0.956265 	 0.000847662 	 0.0017652
1300 	 2135 	 0.956265 	 0.000847662 	 0.0017652
1300 	 2140 	 0.956265 	 0.000847662 	 0.0017652
1300 	 2145 	 0.956265 	 0.000847662 	 0.0017652
1300 	 2150 	 0.956265 	 0.000847662 	 0.0017652
1300 	 2155 	 0.956265 	 0.000847662 	 0.0017652
1300 	 2160 	 0.956265 	 0.000847662 	 0.0017652
1300 	 2165 	 0.956265 	 0.000847662 	 0.0017652
1300 	 2170 	 0.956265 	 0.000847662 	 0.0017652
1300 	 2175 	 0.956265 	 0.000847662 	 0.0017652
1300 	 2180 	 0.956265 	 0.000847662 	 0.0017652
1300 	 2185 	 0.956265 	 0.000847662 	 0.0017652
1300 	 2190 	 0.956265 	 0.000847662 	 0.0017652
1300 	 2195 	 0.956265 	 0.000847662 	 0.0017652
1300 	 2200 	 0.956265 	 0.000847662 	 0.0017652
1300 	 2205 	 0.956265 	 0.000847662 	 0.0017652
1300 	 2210 	 0.956265 	 0.000847662 	 0.0017652
1300 	 2215 	 0.956265 	 0.000847662 	 0.0017652
1300 	 2220 	 0.956265 	 0.000847662 	 0.0017652
1300 	 2225 	 0.956265 	 0.000847662 	 0.0017652
1300 	 2230 	 0.956265 	 0.000847662 	 0.0017652
1300 	 2235 	 0.956265 	 0.000847662 	 0.0017652
1300 	 2240 	 0.956265 	 0.000847662 	 0.0017652
1300 	 2245 	 0.956265 	 0.000847662 	 0.0017652
1300 	 2250 	 0.956265 	 0.000847662 	 0.0017652
1300 	 2255 	 0.956265 	 0.000847662 	 0.0017652
1300 	 2260 	 0.956265 	 0.000847662 	 0.0017652
1300 	 2265 	 0.956265 	 0.000847662 	 0.0017652
1300 	 2270 	 0.956265 	 0.000847662 	 0.0017652
1300 	 2275 	 0.956265 	 0.000847662 	 0.0017652
1300 	 2280 	 0.956265 	 0.000847662 	 0.0017652
1300 	 2285 	 0.956265 	 0.000847662 	 0.0017652
1300 	 2290 	 0.956265 	 0.000847662 	 0.0017652
1300 	 2295 	 0.956265 	 0.000847662 	 0.0017652
1300 	 2300 	 0.956265 	 0.000847662 	 0.0017652
1300 	 2305 	 0.956265 	 0.000847662 	 0.0017652
1300 	 2310 	 0.956265 	 0.000847662 	 0.0017652
1300 	 2315 	 0.956265 	 0.000847662 	 0.0017652
1300 	 2320 	 0.956265 	 0.000847662 	 0.0017652
1300 	 2325 	 0.956265 	 0.000847662 	 0.0017652
1300 	 2330 	 0.956265 	 0.000847662 	 0.0017652
1300 	 2335 	 0.956265 	 0.000847662 	 0.0017652
1300 	 2340 	 0.956265 	 0.000847662 	 0.0017652
1300 	 2345 	 0.956265 	 0.000847662 	 0.0017652
1300 	 2350 	 0.956265 	 0.000847662 	 0.0017652
1300 	 2355 	 0.956265 	 0.000847662 	 0.0017652
1300 	 2360 	 0.956265 	 0.000847662 	 0.0017652
1300 	 2365 	 0.956265 	 0.000847662 	 0.0017652
1300 	 2370 	 0.956265 	 0.000847662 	 0.0017652
1300 	 2375 	 0.956265 	 0.000847662 	 0.0017652
1300 	 2380 	 0.956265 	 0.000847662 	 0.0017652
1300 	 2385 	 0.956265 	 0.000847662 	 0.0017652
1300 	 2390 	 0.956265 	 0.000847662 	 0.0017652
1300 	 2395 	 0.956265 	 0.000847662 	 0.0017652
1300 	 2400 	 0.956265 	 0.000847662 	 0.0017652
1300 	 2405 	 0.956265 	 0.000847662 	 0.0017652
1300 	 2410 	 0.956265 	 0.000847662 	 0.0017652
1300 	 2415 	 0.956265 	 0.000847662 	 0.0017652
1300 	 2420 	 0.956265 	 0.000847662 	 0.0017652
1300 	 2425 	 0.956265 	 0.000847662 	 0.0017652
1300 	 2430 	 0.956265 	 0.000847662 	 0.0017652
1300 	 2435 	 0.956265 	 0.000847662 	 0.0017652
1300 	 2440 	 0.956265 	 0.000847662 	 0.0017652
1300 	 2445 	 0.956265 	 0.000847662 	 0.0017652
1300 	 2450 	 0.956265 	 0.000847662 	 0.0017652
1300 	 2455 	 0.956265 	 0.000847662 	 0.0017652
1300 	 2460 	 0.956265 	 0.000847662 	 0.0017652
1300 	 2465 	 0.956265 	 0.000847662 	 0.0017652
1300 	 2470 	 0.956265 	 0.000847662 	 0.0017652
1300 	 2475 	 0.956265 	 0.000847662 	 0.0017652
1300 	 2480 	 0.956265 	 0.000847662 	 0.0017652
1300 	 2485 	 0.956265 	 0.000847662 	 0.0017652
1300 	 2490 	 0.956265 	 0.000847662 	 0.0017652
1300 	 2495 	 0.956265 	 0.000847662 	 0.0017652
1300 	 2500 	 0.956265 	 0.000847662 	 0.0017652
1300 	 2505 	 0.956265 	 0.000847662 	 0.0017652
1300 	 2510 	 0.956265 	 0.000847662 	 0.0017652
1300 	 2515 	 0.956265 	 0.000847662 	 0.0017652
1300 	 2520 	 0.956265 	 0.000847662 	 0.0017652
1300 	 2525 	 0.956265 	 0.000847662 	 0.0017652
1300 	 2530 	 0.956265 	 0.000847662 	 0.0017652
1300 	 2535 	 0.956265 	 0.000847662 	 0.0017652
1300 	 2540 	 0.956265 	 0.000847662 	 0.0017652
1300 	 2545 	 0.956265 	 0.000847662 	 0.0017652
1300 	 2550 	 0.956265 	 0.000847662 	 0.0017652
1300 	 2555 	 0.956265 	 0.000847662 	 0.0017652
1300 	 2560 	 0.956265 	 0.000847662 	 0.0017652
1300 	 2565 	 0.956265 	 0.000847662 	 0.0017652
1300 	 2570 	 0.956265 	 0.000847662 	 0.0017652
1300 	 2575 	 0.956265 	 0.000847662 	 0.0017652
1300 	 2580 	 0.956265 	 0.000847662 	 0.0017652
1300 	 2585 	 0.956265 	 0.000847662 	 0.0017652
1300 	 2590 	 0.956265 	 0.000847662 	 0.0017652
1300 	 2595 	 0.956265 	 0.000847662 	 0.0017652
1300 	 2600 	 0.956265 	 0.000847662 	 0.0017652
1300 	 2605 	 0.956265 	 0.000847662 	 0.0017652
1300 	 2610 	 0.956265 	 0.000847662 	 0.0017652
1300 	 2615 	 0.956265 	 0.000847662 	 0.0017652
1300 	 2620 	 0.956265 	 0.000847662 	 0.0017652
1300 	 2625 	 0.956265 	 0.000847662 	 0.0017652
1300 	 2630 	 0.956265 	 0.000847662 	 0.0017652
1300 	 2635 	 0.956265 	 0.000847662 	 0.0017652
1300 	 2640 	 0.956265 	 0.000847662 	 0.0017652
1300 	 2645 	 0.956265 	 0.000847662 	 0.0017652
1300 	 2650 	 0.956265 	 0.000847662 	 0.0017652
1300 	 2655 	 0.956265 	 0.000847662 	 0.0017652
1300 	 2660 	 0.956265 	 0.000847662 	 0.0017652
1300 	 2665 	 0.956265 	 0.000847662 	 0.0017652
1300 	 2670 	 0.956265 	 0.000847662 	 0.0017652
1300 	 2675 	 0.956265 	 0.000847662 	 0.0017652
1300 	 2680 	 0.956265 	 0.000847662 	 0.0017652
1300 	 2685 	 0.956265 	 0.000847662 	 0.0017652
1300 	 2690 	 0.956265 	 0.000847662 	 0.0017652
1300 	 2695 	 0.956265 	 0.000847662 	 0.0017652
1300 	 2700 	 0.956265 	 0.000847662 	 0.0017652
1300 	 2705 	 0.956265 	 0.000847662 	 0.0017652
1300 	 2710 	 0.956265 	 0.000847662 	 0.0017652
1300 	 2715 	 0.956265 	 0.000847662 	 0.0017652
1300 	 2720 	 0.956265 	 0.000847662 	 0.0017652
1300 	 2725 	 0.956265 	 0.000847662 	 0.0017652
1300 	 2730 	 0.956265 	 0.000847662 	 0.0017652
1300 	 2735 	 0.956265 	 0.000847662 	 0.0017652
1300 	 2740 	 0.956265 	 0.000847662 	 0.0017652
1300 	 2745 	 0.956265 	 0.000847662 	 0.0017652
1300 	 2750 	 0.956265 	 0.000847662 	 0.0017652
1300 	 2755 	 0.956265 	 0.000847662 	 0.0017652
1300 	 2760 	 0.956265 	 0.000847662 	 0.0017652
1300 	 2765 	 0.956265 	 0.000847662 	 0.0017652
1300 	 2770 	 0.956265 	 0.000847662 	 0.0017652
1300 	 2775 	 0.956265 	 0.000847662 	 0.0017652
1300 	 2780 	 0.956265 	 0.000847662 	 0.0017652
1300 	 2785 	 0.956265 	 0.000847662 	 0.0017652
1300 	 2790 	 0.956265 	 0.000847662 	 0.0017652
1300 	 2795 	 0.956265 	 0.000847662 	 0.0017652
1300 	 2800 	 0.956265 	 0.000847662 	 0.0017652
1300 	 2805 	 0.956265 	 0.000847662 	 0.0017652
1300 	 2810 	 0.956265 	 0.000847662 	 0.0017652
1300 	 2815 	 0.956265 	 0.000847662 	 0.0017652
1300 	 2820 	 0.956265 	 0.000847662 	 0.0017652
1300 	 2825 	 0.956265 	 0.000847662 	 0.0017652
1300 	 2830 	 0.956265 	 0.000847662 	 0.0017652
1300 	 2835 	 0.956265 	 0.000847662 	 0.0017652
1300 	 2840 	 0.956265 	 0.000847662 	 0.0017652
1300 	 2845 	 0.956265 	 0.000847662 	 0.0017652
1300 	 2850 	 0.956265 	 0.000847662 	 0.0017652
1300 	 2855 	 0.956265 	 0.000847662 	 0.0017652
1300 	 2860 	 0.956265 	 0.000847662 	 0.0017652
1300 	 2865 	 0.956265 	 0.000847662 	 0.0017652
1300 	 2870 	 0.956265 	 0.000847662 	 0.0017652
1300 	 2875 	 0.956265 	 0.000847662 	 0.0017652
1300 	 2880 	 0.956265 	 0.000847662 	 0.0017652
1300 	 2885 	 0.956265 	 0.000847662 	 0.0017652
1300 	 2890 	 0.956265 	 0.000847662 	 0.0017652
1300 	 2895 	 0.956265 	 0.000847662 	 0.0017652
1300 	 2900 	 0.956265 	 0.000847662 	 0.0017652
1300 	 2905 	 0.956265 	 0.000847662 	 0.0017652
1300 	 2910 	 0.956265 	 0.000847662 	 0.0017652
1300 	 2915 	 0.956265 	 0.000847662 	 0.0017652
1300 	 2920 	 0.956265 	 0.000847662 	 0.0017652
1300 	 2925 	 0.956265 	 0.000847662 	 0.0017652
1300 	 2930 	 0.956265 	 0.000847662 	 0.0017652
1300 	 2935 	 0.956265 	 0.000847662 	 0.0017652
1300 	 2940 	 0.956265 	 0.000847662 	 0.0017652
1300 	 2945 	 0.956265 	 0.000847662 	 0.0017652
1300 	 2950 	 0.956265 	 0.000847662 	 0.0017652
1300 	 2955 	 0.956265 	 0.000847662 	 0.0017652
1300 	 2960 	 0.956265 	 0.000847662 	 0.0017652
1300 	 2965 	 0.956265 	 0.000847662 	 0.0017652
1300 	 2970 	 0.956265 	 0.000847662 	 0.0017652
1300 	 2975 	 0.956265 	 0.000847662 	 0.0017652
1300 	 2980 	 0.956265 	 0.000847662 	 0.0017652
1300 	 2985 	 0.956265 	 0.000847662 	 0.0017652
1300 	 2990 	 0.956265 	 0.000847662 	 0.0017652
1300 	 2995 	 0.956265 	 0.000847662 	 0.0017652
1300 	 3000 	 0.956265 	 0.000847662 	 0.0017652
1300 	 3005 	 0.956265 	 0.000847662 	 0.0017652
1300 	 3010 	 0.956265 	 0.000847662 	 0.0017652
1300 	 3015 	 0.956265 	 0.000847662 	 0.0017652
1300 	 3020 	 0.956265 	 0.000847662 	 0.0017652
1300 	 3025 	 0.956265 	 0.000847662 	 0.0017652
1300 	 3030 	 0.956265 	 0.000847662 	 0.0017652
1300 	 3035 	 0.956265 	 0.000847662 	 0.0017652
1300 	 3040 	 0.956265 	 0.000847662 	 0.0017652
1300 	 3045 	 0.956265 	 0.000847662 	 0.0017652
1300 	 3050 	 0.956265 	 0.000847662 	 0.0017652
1300 	 3055 	 0.956265 	 0.000847662 	 0.0017652
1300 	 3060 	 0.956265 	 0.000847662 	 0.0017652
1300 	 3065 	 0.956265 	 0.000847662 	 0.0017652
1300 	 3070 	 0.956265 	 0.000847662 	 0.0017652
1300 	 3075 	 0.956265 	 0.000847662 	 0.0017652
1300 	 3080 	 0.956265 	 0.000847662 	 0.0017652
1300 	 3085 	 0.956265 	 0.000847662 	 0.0017652
1300 	 3090 	 0.956265 	 0.000847662 	 0.0017652
1300 	 3095 	 0.956265 	 0.000847662 	 0.0017652
1300 	 3100 	 0.956265 	 0.000847662 	 0.0017652
1300 	 3105 	 0.956265 	 0.000847662 	 0.0017652
1300 	 3110 	 0.956265 	 0.000847662 	 0.0017652
1300 	 3115 	 0.956265 	 0.000847662 	 0.0017652
1300 	 3120 	 0.956265 	 0.000847662 	 0.0017652
1300 	 3125 	 0.956265 	 0.000847662 	 0.0017652
1300 	 3130 	 0.956265 	 0.000847662 	 0.0017652
1300 	 3135 	 0.956265 	 0.000847662 	 0.0017652
1300 	 3140 	 0.956265 	 0.000847662 	 0.0017652
1300 	 3145 	 0.956265 	 0.000847662 	 0.0017652
1300 	 3150 	 0.956265 	 0.000847662 	 0.0017652
1300 	 3155 	 0.956265 	 0.000847662 	 0.0017652
1300 	 3160 	 0.956265 	 0.000847662 	 0.0017652
1300 	 3165 	 0.956265 	 0.000847662 	 0.0017652
1300 	 3170 	 0.956265 	 0.000847662 	 0.0017652
1300 	 3175 	 0.956265 	 0.000847662 	 0.0017652
1300 	 3180 	 0.956265 	 0.000847662 	 0.0017652
1300 	 3185 	 0.956265 	 0.000847662 	 0.0017652
1300 	 3190 	 0.956265 	 0.000847662 	 0.0017652
1300 	 3195 	 0.956265 	 0.000847662 	 0.0017652
1300 	 3200 	 0.956265 	 0.000847662 	 0.0017652
1300 	 3205 	 0.956265 	 0.000847662 	 0.0017652
1300 	 3210 	 0.956265 	 0.000847662 	 0.0017652
1300 	 3215 	 0.956265 	 0.000847662 	 0.0017652
1300 	 3220 	 0.956265 	 0.000847662 	 0.0017652
1300 	 3225 	 0.956265 	 0.000847662 	 0.0017652
1300 	 3230 	 0.956265 	 0.000847662 	 0.0017652
1300 	 3235 	 0.956265 	 0.000847662 	 0.0017652
1300 	 3240 	 0.956265 	 0.000847662 	 0.0017652
1300 	 3245 	 0.956265 	 0.000847662 	 0.0017652
1300 	 3250 	 0.956265 	 0.000847662 	 0.0017652
1300 	 3255 	 0.956265 	 0.000847662 	 0.0017652
1300 	 3260 	 0.956265 	 0.000847662 	 0.0017652
1300 	 3265 	 0.956265 	 0.000847662 	 0.0017652
1300 	 3270 	 0.956265 	 0.000847662 	 0.0017652
1300 	 3275 	 0.956265 	 0.000847662 	 0.0017652
1300 	 3280 	 0.956265 	 0.000847662 	 0.0017652
1300 	 3285 	 0.956265 	 0.000847662 	 0.0017652
1300 	 3290 	 0.956265 	 0.000847662 	 0.0017652
1300 	 3295 	 0.956265 	 0.000847662 	 0.0017652
1300 	 3300 	 0.956265 	 0.000847662 	 0.0017652
1300 	 3305 	 0.956265 	 0.000847662 	 0.0017652
1300 	 3310 	 0.956265 	 0.000847662 	 0.0017652
1300 	 3315 	 0.956265 	 0.000847662 	 0.0017652
1300 	 3320 	 0.956265 	 0.000847662 	 0.0017652
1300 	 3325 	 0.956265 	 0.000847662 	 0.0017652
1300 	 3330 	 0.956265 	 0.000847662 	 0.0017652
1300 	 3335 	 0.956265 	 0.000847662 	 0.0017652
1300 	 3340 	 0.956265 	 0.000847662 	 0.0017652
1300 	 3345 	 0.956265 	 0.000847662 	 0.0017652
1300 	 3350 	 0.956265 	 0.000847662 	 0.0017652
1300 	 3355 	 0.956265 	 0.000847662 	 0.0017652
1300 	 3360 	 0.956265 	 0.000847662 	 0.0017652
1300 	 3365 	 0.956265 	 0.000847662 	 0.0017652
1300 	 3370 	 0.956265 	 0.000847662 	 0.0017652
1300 	 3375 	 0.956265 	 0.000847662 	 0.0017652
1300 	 3380 	 0.956265 	 0.000847662 	 0.0017652
1300 	 3385 	 0.956265 	 0.000847662 	 0.0017652
1300 	 3390 	 0.956265 	 0.000847662 	 0.0017652
1300 	 3395 	 0.956265 	 0.000847662 	 0.0017652
1300 	 3400 	 0.956265 	 0.000847662 	 0.0017652
1300 	 3405 	 0.956265 	 0.000847662 	 0.0017652
1300 	 3410 	 0.956265 	 0.000847662 	 0.0017652
1300 	 3415 	 0.956265 	 0.000847662 	 0.0017652
1300 	 3420 	 0.956265 	 0.000847662 	 0.0017652
1300 	 3425 	 0.956265 	 0.000847662 	 0.0017652
1300 	 3430 	 0.956265 	 0.000847662 	 0.0017652
1300 	 3435 	 0.956265 	 0.000847662 	 0.0017652
1300 	 3440 	 0.956265 	 0.000847662 	 0.0017652
1300 	 3445 	 0.956265 	 0.000847662 	 0.0017652
1300 	 3450 	 0.956265 	 0.000847662 	 0.0017652
1300 	 3455 	 0.956265 	 0.000847662 	 0.0017652
1300 	 3460 	 0.956265 	 0.000847662 	 0.0017652
1300 	 3465 	 0.956265 	 0.000847662 	 0.0017652
1300 	 3470 	 0.956265 	 0.000847662 	 0.0017652
1300 	 3475 	 0.956265 	 0.000847662 	 0.0017652
1300 	 3480 	 0.956265 	 0.000847662 	 0.0017652
1300 	 3485 	 0.956265 	 0.000847662 	 0.0017652
1300 	 3490 	 0.956265 	 0.000847662 	 0.0017652
1300 	 3495 	 0.956265 	 0.000847662 	 0.0017652
1300 	 3500 	 0.956265 	 0.000847662 	 0.0017652
1300 	 3505 	 0.956265 	 0.000847662 	 0.0017652
1300 	 3510 	 0.956265 	 0.000847662 	 0.0017652
1300 	 3515 	 0.956265 	 0.000847662 	 0.0017652
1300 	 3520 	 0.956265 	 0.000847662 	 0.0017652
1300 	 3525 	 0.956265 	 0.000847662 	 0.0017652
1300 	 3530 	 0.956265 	 0.000847662 	 0.0017652
1300 	 3535 	 0.956265 	 0.000847662 	 0.0017652
1300 	 3540 	 0.956265 	 0.000847662 	 0.0017652
1300 	 3545 	 0.956265 	 0.000847662 	 0.0017652
1300 	 3550 	 0.956265 	 0.000847662 	 0.0017652
1300 	 3555 	 0.956265 	 0.000847662 	 0.0017652
1300 	 3560 	 0.956265 	 0.000847662 	 0.0017652
1300 	 3565 	 0.956265 	 0.000847662 	 0.0017652
1300 	 3570 	 0.956265 	 0.000847662 	 0.0017652
1300 	 3575 	 0.956265 	 0.000847662 	 0.0017652
1300 	 3580 	 0.956265 	 0.000847662 	 0.0017652
1300 	 3585 	 0.956265 	 0.000847662 	 0.0017652
1300 	 3590 	 0.956265 	 0.000847662 	 0.0017652
1300 	 3595 	 0.956265 	 0.000847662 	 0.0017652
1300 	 3600 	 0.956265 	 0.000847662 	 0.0017652
1300 	 3605 	 0.956265 	 0.000847662 	 0.0017652
1300 	 3610 	 0.956265 	 0.000847662 	 0.0017652
1300 	 3615 	 0.956265 	 0.000847662 	 0.0017652
1300 	 3620 	 0.956265 	 0.000847662 	 0.0017652
1300 	 3625 	 0.956265 	 0.000847662 	 0.0017652
1300 	 3630 	 0.956265 	 0.000847662 	 0.0017652
1300 	 3635 	 0.956265 	 0.000847662 	 0.0017652
1300 	 3640 	 0.956265 	 0.000847662 	 0.0017652
1300 	 3645 	 0.956265 	 0.000847662 	 0.0017652
1300 	 3650 	 0.956265 	 0.000847662 	 0.0017652
1300 	 3655 	 0.956265 	 0.000847662 	 0.0017652
1300 	 3660 	 0.956265 	 0.000847662 	 0.0017652
1300 	 3665 	 0.956265 	 0.000847662 	 0.0017652
1300 	 3670 	 0.956265 	 0.000847662 	 0.0017652
1300 	 3675 	 0.956265 	 0.000847662 	 0.0017652
1300 	 3680 	 0.956265 	 0.000847662 	 0.0017652
1300 	 3685 	 0.956265 	 0.000847662 	 0.0017652
1300 	 3690 	 0.956265 	 0.000847662 	 0.0017652
1300 	 3695 	 0.956265 	 0.000847662 	 0.0017652
1300 	 3700 	 0.956265 	 0.000847662 	 0.0017652
1300 	 3705 	 0.956265 	 0.000847662 	 0.0017652
1300 	 3710 	 0.956265 	 0.000847662 	 0.0017652
1300 	 3715 	 0.956265 	 0.000847662 	 0.0017652
1300 	 3720 	 0.956265 	 0.000847662 	 0.0017652
1300 	 3725 	 0.956265 	 0.000847662 	 0.0017652
1300 	 3730 	 0.956265 	 0.000847662 	 0.0017652
1300 	 3735 	 0.956265 	 0.000847662 	 0.0017652
1300 	 3740 	 0.956265 	 0.000847662 	 0.0017652
1300 	 3745 	 0.956265 	 0.000847662 	 0.0017652
1300 	 3750 	 0.956265 	 0.000847662 	 0.0017652
1300 	 3755 	 0.956265 	 0.000847662 	 0.0017652
1300 	 3760 	 0.956265 	 0.000847662 	 0.0017652
1300 	 3765 	 0.956265 	 0.000847662 	 0.0017652
1300 	 3770 	 0.956265 	 0.000847662 	 0.0017652
1300 	 3775 	 0.956265 	 0.000847662 	 0.0017652
1300 	 3780 	 0.956265 	 0.000847662 	 0.0017652
1300 	 3785 	 0.956265 	 0.000847662 	 0.0017652
1300 	 3790 	 0.956265 	 0.000847662 	 0.0017652
1300 	 3795 	 0.956265 	 0.000847662 	 0.0017652
1300 	 3800 	 0.956265 	 0.000847662 	 0.0017652
1300 	 3805 	 0.956265 	 0.000847662 	 0.0017652
1300 	 3810 	 0.956265 	 0.000847662 	 0.0017652
1300 	 3815 	 0.956265 	 0.000847662 	 0.0017652
1300 	 3820 	 0.956265 	 0.000847662 	 0.0017652
1300 	 3825 	 0.956265 	 0.000847662 	 0.0017652
1300 	 3830 	 0.956265 	 0.000847662 	 0.0017652
1300 	 3835 	 0.956265 	 0.000847662 	 0.0017652
1300 	 3840 	 0.956265 	 0.000847662 	 0.0017652
1300 	 3845 	 0.956265 	 0.000847662 	 0.0017652
1300 	 3850 	 0.956265 	 0.000847662 	 0.0017652
1300 	 3855 	 0.956265 	 0.000847662 	 0.0017652
1300 	 3860 	 0.956265 	 0.000847662 	 0.0017652
1300 	 3865 	 0.956265 	 0.000847662 	 0.0017652
1300 	 3870 	 0.956265 	 0.000847662 	 0.0017652
1300 	 3875 	 0.956265 	 0.000847662 	 0.0017652
1300 	 3880 	 0.956265 	 0.000847662 	 0.0017652
1300 	 3885 	 0.956265 	 0.000847662 	 0.0017652
1300 	 3890 	 0.956265 	 0.000847662 	 0.0017652
1300 	 3895 	 0.956265 	 0.000847662 	 0.0017652
1300 	 3900 	 0.956265 	 0.000847662 	 0.0017652
1300 	 3905 	 0.956265 	 0.000847662 	 0.0017652
1300 	 3910 	 0.956265 	 0.000847662 	 0.0017652
1300 	 3915 	 0.956265 	 0.000847662 	 0.0017652
1300 	 3920 	 0.956265 	 0.000847662 	 0.0017652
1300 	 3925 	 0.956265 	 0.000847662 	 0.0017652
1300 	 3930 	 0.956265 	 0.000847662 	 0.0017652
1300 	 3935 	 0.956265 	 0.000847662 	 0.0017652
1300 	 3940 	 0.956265 	 0.000847662 	 0.0017652
1300 	 3945 	 0.956265 	 0.000847662 	 0.0017652
1300 	 3950 	 0.956265 	 0.000847662 	 0.0017652
1300 	 3955 	 0.956265 	 0.000847662 	 0.0017652
1300 	 3960 	 0.956265 	 0.000847662 	 0.0017652
1300 	 3965 	 0.956265 	 0.000847662 	 0.0017652
1300 	 3970 	 0.956265 	 0.000847662 	 0.0017652
1300 	 3975 	 0.956265 	 0.000847662 	 0.0017652
1300 	 3980 	 0.956265 	 0.000847662 	 0.0017652
1300 	 3985 	 0.956265 	 0.000847662 	 0.0017652
1300 	 3990 	 0.956265 	 0.000847662 	 0.0017652
1300 	 3995 	 0.956265 	 0.000847662 	 0.0017652
1300 	 4000 	 0.956265 	 0.000847662 	 0.0017652
1300 	 4005 	 0.956265 	 0.000847662 	 0.0017652
1300 	 4010 	 0.956265 	 0.000847662 	 0.0017652
1300 	 4015 	 0.956265 	 0.000847662 	 0.0017652
1300 	 4020 	 0.956265 	 0.000847662 	 0.0017652
1300 	 4025 	 0.956265 	 0.000847662 	 0.0017652
1300 	 4030 	 0.956265 	 0.000847662 	 0.0017652
1300 	 4035 	 0.956265 	 0.000847662 	 0.0017652
1300 	 4040 	 0.956265 	 0.000847662 	 0.0017652
1300 	 4045 	 0.956265 	 0.000847662 	 0.0017652
1300 	 4050 	 0.956265 	 0.000847662 	 0.0017652
1300 	 4055 	 0.956265 	 0.000847662 	 0.0017652
1300 	 4060 	 0.956265 	 0.000847662 	 0.0017652
1300 	 4065 	 0.956265 	 0.000847662 	 0.0017652
1300 	 4070 	 0.956265 	 0.000847662 	 0.0017652
1300 	 4075 	 0.956265 	 0.000847662 	 0.0017652
1300 	 4080 	 0.956265 	 0.000847662 	 0.0017652
1300 	 4085 	 0.956265 	 0.000847662 	 0.0017652
1300 	 4090 	 0.956265 	 0.000847662 	 0.0017652
1300 	 4095 	 0.956265 	 0.000847662 	 0.0017652
1300 	 4100 	 0.956265 	 0.000847662 	 0.0017652
1300 	 4105 	 0.956265 	 0.000847662 	 0.0017652
1300 	 4110 	 0.956265 	 0.000847662 	 0.0017652
1300 	 4115 	 0.956265 	 0.000847662 	 0.0017652
1300 	 4120 	 0.956265 	 0.000847662 	 0.0017652
1300 	 4125 	 0.956265 	 0.000847662 	 0.0017652
1300 	 4130 	 0.956265 	 0.000847662 	 0.0017652
1300 	 4135 	 0.956265 	 0.000847662 	 0.0017652
1300 	 4140 	 0.956265 	 0.000847662 	 0.0017652
1300 	 4145 	 0.956265 	 0.000847662 	 0.0017652
1300 	 4150 	 0.956265 	 0.000847662 	 0.0017652
1300 	 4155 	 0.956265 	 0.000847662 	 0.0017652
1300 	 4160 	 0.956265 	 0.000847662 	 0.0017652
1300 	 4165 	 0.956265 	 0.000847662 	 0.0017652
1300 	 4170 	 0.956265 	 0.000847662 	 0.0017652
1300 	 4175 	 0.956265 	 0.000847662 	 0.0017652
1300 	 4180 	 0.956265 	 0.000847662 	 0.0017652
1300 	 4185 	 0.956265 	 0.000847662 	 0.0017652
1300 	 4190 	 0.956265 	 0.000847662 	 0.0017652
1300 	 4195 	 0.956265 	 0.000847662 	 0.0017652
1300 	 4200 	 0.956265 	 0.000847662 	 0.0017652
1300 	 4205 	 0.956265 	 0.000847662 	 0.0017652
1300 	 4210 	 0.956265 	 0.000847662 	 0.0017652
1300 	 4215 	 0.956265 	 0.000847662 	 0.0017652
1300 	 4220 	 0.956265 	 0.000847662 	 0.0017652
1300 	 4225 	 0.956265 	 0.000847662 	 0.0017652
1300 	 4230 	 0.956265 	 0.000847662 	 0.0017652
1300 	 4235 	 0.956265 	 0.000847662 	 0.0017652
1300 	 4240 	 0.956265 	 0.000847662 	 0.0017652
1300 	 4245 	 0.956265 	 0.000847662 	 0.0017652
1300 	 4250 	 0.956265 	 0.000847662 	 0.0017652
1300 	 4255 	 0.956265 	 0.000847662 	 0.0017652
1300 	 4260 	 0.956265 	 0.000847662 	 0.0017652
1300 	 4265 	 0.956265 	 0.000847662 	 0.0017652
1300 	 4270 	 0.956265 	 0.000847662 	 0.0017652
1300 	 4275 	 0.956265 	 0.000847662 	 0.0017652
1300 	 4280 	 0.956265 	 0.000847662 	 0.0017652
1300 	 4285 	 0.956265 	 0.000847662 	 0.0017652
1300 	 4290 	 0.956265 	 0.000847662 	 0.0017652
1300 	 4295 	 0.956265 	 0.000847662 	 0.0017652
1300 	 4300 	 0.956265 	 0.000847662 	 0.0017652
1300 	 4305 	 0.956265 	 0.000847662 	 0.0017652
1300 	 4310 	 0.956265 	 0.000847662 	 0.0017652
1300 	 4315 	 0.956265 	 0.000847662 	 0.0017652
1300 	 4320 	 0.956265 	 0.000847662 	 0.0017652
1300 	 4325 	 0.956265 	 0.000847662 	 0.0017652
1300 	 4330 	 0.956265 	 0.000847662 	 0.0017652
1300 	 4335 	 0.956265 	 0.000847662 	 0.0017652
1300 	 4340 	 0.956265 	 0.000847662 	 0.0017652
1300 	 4345 	 0.956265 	 0.000847662 	 0.0017652
1300 	 4350 	 0.956265 	 0.000847662 	 0.0017652
1300 	 4355 	 0.956265 	 0.000847662 	 0.0017652
1300 	 4360 	 0.956265 	 0.000847662 	 0.0017652
1300 	 4365 	 0.956265 	 0.000847662 	 0.0017652
1300 	 4370 	 0.956265 	 0.000847662 	 0.0017652
1300 	 4375 	 0.956265 	 0.000847662 	 0.0017652
1300 	 4380 	 0.956265 	 0.000847662 	 0.0017652
1300 	 4385 	 0.956265 	 0.000847662 	 0.0017652
1300 	 4390 	 0.956265 	 0.000847662 	 0.0017652
1300 	 4395 	 0.956265 	 0.000847662 	 0.0017652
1300 	 4400 	 0.956265 	 0.000847662 	 0.0017652
1300 	 4405 	 0.956265 	 0.000847662 	 0.0017652
1300 	 4410 	 0.956265 	 0.000847662 	 0.0017652
1300 	 4415 	 0.956265 	 0.000847662 	 0.0017652
1300 	 4420 	 0.956265 	 0.000847662 	 0.0017652
1300 	 4425 	 0.956265 	 0.000847662 	 0.0017652
1300 	 4430 	 0.956265 	 0.000847662 	 0.0017652
1300 	 4435 	 0.956265 	 0.000847662 	 0.0017652
1300 	 4440 	 0.956265 	 0.000847662 	 0.0017652
1300 	 4445 	 0.956265 	 0.000847662 	 0.0017652
1300 	 4450 	 0.956265 	 0.000847662 	 0.0017652
1300 	 4455 	 0.956265 	 0.000847662 	 0.0017652
1300 	 4460 	 0.956265 	 0.000847662 	 0.0017652
1300 	 4465 	 0.956265 	 0.000847662 	 0.0017652
1300 	 4470 	 0.956265 	 0.000847662 	 0.0017652
1300 	 4475 	 0.956265 	 0.000847662 	 0.0017652
1300 	 4480 	 0.956265 	 0.000847662 	 0.0017652
1300 	 4485 	 0.956265 	 0.000847662 	 0.0017652
1300 	 4490 	 0.956265 	 0.000847662 	 0.0017652
1300 	 4495 	 0.956265 	 0.000847662 	 0.0017652
1300 	 4500 	 0.956265 	 0.000847662 	 0.0017652
1300 	 4505 	 0.956265 	 0.000847662 	 0.0017652
1300 	 4510 	 0.956265 	 0.000847662 	 0.0017652
1300 	 4515 	 0.956265 	 0.000847662 	 0.0017652
1300 	 4520 	 0.956265 	 0.000847662 	 0.0017652
1300 	 4525 	 0.956265 	 0.000847662 	 0.0017652
1300 	 4530 	 0.956265 	 0.000847662 	 0.0017652
1300 	 4535 	 0.956265 	 0.000847662 	 0.0017652
1300 	 4540 	 0.956265 	 0.000847662 	 0.0017652
1300 	 4545 	 0.956265 	 0.000847662 	 0.0017652
1300 	 4550 	 0.956265 	 0.000847662 	 0.0017652
1300 	 4555 	 0.956265 	 0.000847662 	 0.0017652
1300 	 4560 	 0.956265 	 0.000847662 	 0.0017652
1300 	 4565 	 0.956265 	 0.000847662 	 0.0017652
1300 	 4570 	 0.956265 	 0.000847662 	 0.0017652
1300 	 4575 	 0.956265 	 0.000847662 	 0.0017652
1300 	 4580 	 0.956265 	 0.000847662 	 0.0017652
1300 	 4585 	 0.956265 	 0.000847662 	 0.0017652
1300 	 4590 	 0.956265 	 0.000847662 	 0.0017652
1300 	 4595 	 0.956265 	 0.000847662 	 0.0017652
1300 	 4600 	 0.956265 	 0.000847662 	 0.0017652
1300 	 4605 	 0.956265 	 0.000847662 	 0.0017652
1300 	 4610 	 0.956265 	 0.000847662 	 0.0017652
1300 	 4615 	 0.956265 	 0.000847662 	 0.0017652
1300 	 4620 	 0.956265 	 0.000847662 	 0.0017652
1300 	 4625 	 0.956265 	 0.000847662 	 0.0017652
1300 	 4630 	 0.956265 	 0.000847662 	 0.0017652
1300 	 4635 	 0.956265 	 0.000847662 	 0.0017652
1300 	 4640 	 0.956265 	 0.000847662 	 0.0017652
1300 	 4645 	 0.956265 	 0.000847662 	 0.0017652
1300 	 4650 	 0.956265 	 0.000847662 	 0.0017652
1300 	 4655 	 0.956265 	 0.000847662 	 0.0017652
1300 	 4660 	 0.956265 	 0.000847662 	 0.0017652
1300 	 4665 	 0.956265 	 0.000847662 	 0.0017652
1300 	 4670 	 0.956265 	 0.000847662 	 0.0017652
1300 	 4675 	 0.956265 	 0.000847662 	 0.0017652
1300 	 4680 	 0.956265 	 0.000847662 	 0.0017652
1300 	 4685 	 0.956265 	 0.000847662 	 0.0017652
1300 	 4690 	 0.956265 	 0.000847662 	 0.0017652
1300 	 4695 	 0.956265 	 0.000847662 	 0.0017652
1300 	 4700 	 0.956265 	 0.000847662 	 0.0017652
1300 	 4705 	 0.956265 	 0.000847662 	 0.0017652
1300 	 4710 	 0.956265 	 0.000847662 	 0.0017652
1300 	 4715 	 0.956265 	 0.000847662 	 0.0017652
1300 	 4720 	 0.956265 	 0.000847662 	 0.0017652
1300 	 4725 	 0.956265 	 0.000847662 	 0.0017652
1300 	 4730 	 0.956265 	 0.000847662 	 0.0017652
1300 	 4735 	 0.956265 	 0.000847662 	 0.0017652
1300 	 4740 	 0.956265 	 0.000847662 	 0.0017652
1300 	 4745 	 0.956265 	 0.000847662 	 0.0017652
1300 	 4750 	 0.956265 	 0.000847662 	 0.0017652
1300 	 4755 	 0.956265 	 0.000847662 	 0.0017652
1300 	 4760 	 0.956265 	 0.000847662 	 0.0017652
1300 	 4765 	 0.956265 	 0.000847662 	 0.0017652
1300 	 4770 	 0.956265 	 0.000847662 	 0.0017652
1300 	 4775 	 0.956265 	 0.000847662 	 0.0017652
1300 	 4780 	 0.956265 	 0.000847662 	 0.0017652
1300 	 4785 	 0.956265 	 0.000847662 	 0.0017652
1300 	 4790 	 0.956265 	 0.000847662 	 0.0017652
1300 	 4795 	 0.956265 	 0.000847662 	 0.0017652
1300 	 4800 	 0.956265 	 0.000847662 	 0.0017652
1300 	 4805 	 0.956265 	 0.000847662 	 0.0017652
1300 	 4810 	 0.956265 	 0.000847662 	 0.0017652
1300 	 4815 	 0.956265 	 0.000847662 	 0.0017652
1300 	 4820 	 0.956265 	 0.000847662 	 0.0017652
1300 	 4825 	 0.956265 	 0.000847662 	 0.0017652
1300 	 4830 	 0.956265 	 0.000847662 	 0.0017652
1300 	 4835 	 0.956265 	 0.000847662 	 0.0017652
1300 	 4840 	 0.956265 	 0.000847662 	 0.0017652
1300 	 4845 	 0.956265 	 0.000847662 	 0.0017652
1300 	 4850 	 0.956265 	 0.000847662 	 0.0017652
1300 	 4855 	 0.956265 	 0.000847662 	 0.0017652
1300 	 4860 	 0.956265 	 0.000847662 	 0.0017652
1300 	 4865 	 0.956265 	 0.000847662 	 0.0017652
1300 	 4870 	 0.956265 	 0.000847662 	 0.0017652
1300 	 4875 	 0.956265 	 0.000847662 	 0.0017652
1300 	 4880 	 0.956265 	 0.000847662 	 0.0017652
1300 	 4885 	 0.956265 	 0.000847662 	 0.0017652
1300 	 4890 	 0.956265 	 0.000847662 	 0.0017652
1300 	 4895 	 0.956265 	 0.000847662 	 0.0017652
1300 	 4900 	 0.956265 	 0.000847662 	 0.0017652
1300 	 4905 	 0.956265 	 0.000847662 	 0.0017652
1300 	 4910 	 0.956265 	 0.000847662 	 0.0017652
1300 	 4915 	 0.956265 	 0.000847662 	 0.0017652
1300 	 4920 	 0.956265 	 0.000847662 	 0.0017652
1300 	 4925 	 0.956265 	 0.000847662 	 0.0017652
1300 	 4930 	 0.956265 	 0.000847662 	 0.0017652
1300 	 4935 	 0.956265 	 0.000847662 	 0.0017652
1300 	 4940 	 0.956265 	 0.000847662 	 0.0017652
1300 	 4945 	 0.956265 	 0.000847662 	 0.0017652
1300 	 4950 	 0.956265 	 0.000847662 	 0.0017652
1300 	 4955 	 0.956265 	 0.000847662 	 0.0017652
1300 	 4960 	 0.956265 	 0.000847662 	 0.0017652
1300 	 4965 	 0.956265 	 0.000847662 	 0.0017652
1300 	 4970 	 0.956265 	 0.000847662 	 0.0017652
1300 	 4975 	 0.956265 	 0.000847662 	 0.0017652
1300 	 4980 	 0.956265 	 0.000847662 	 0.0017652
1300 	 4985 	 0.956265 	 0.000847662 	 0.0017652
1300 	 4990 	 0.956265 	 0.000847662 	 0.0017652
1300 	 4995 	 0.956265 	 0.000847662 	 0.0017652
1300 	 5000 	 0.956265 	 0.000847662 	 0.0017652
