2330 	 5 	 0.876731 	 0.00530946	0.0110924
2330 	 10 	 0.879344 	 0.00428257	0.00894707
2330 	 15 	 0.88301 	 0.00318022	0.00664405
2330 	 20 	 0.887855 	 0.00212179	0.00443281
2330 	 25 	 0.893774 	 0.00126391	0.00264054
2330 	 30 	 0.90035 	 0.0010919	0.00228117
2330 	 35 	 0.912769 	 0.00183987	0.00384383
2330 	 40 	 0.921772 	 0.000990153	0.00206861
2330 	 45 	 0.928893 	 0.000702929	0.00146855
2330 	 50 	 0.934343 	 0.00069411	0.00145012
2330 	 55 	 0.938399 	 0.00067659	0.00141352
2330 	 60 	 0.941379 	 0.000633777	0.00132408
2330 	 65 	 0.943569 	 0.000604475	0.00126286
2330 	 70 	 0.945199 	 0.000598303	0.00124996
2330 	 75 	 0.946438 	 0.000603068	0.00125992
2330 	 80 	 0.947405 	 0.000606603	0.0012673
2330 	 85 	 0.94818 	 0.000604006	0.00126188
2330 	 90 	 0.948819 	 0.000595513	0.00124414
2330 	 95 	 0.949358 	 0.000583396	0.00121882
2330 	 100 	 0.949822 	 0.000570136	0.00119112
2330 	 105 	 0.95023 	 0.000557665	0.00116506
2330 	 110 	 0.950593 	 0.000547189	0.00114318
2330 	 115 	 0.95092 	 0.000539267	0.00112663
2330 	 120 	 0.951217 	 0.000533987	0.0011156
2330 	 125 	 0.951489 	 0.000531141	0.00110965
2330 	 130 	 0.95174 	 0.000530371	0.00110804
2330 	 135 	 0.951972 	 0.000531273	0.00110993
2330 	 140 	 0.952187 	 0.000533457	0.00111449
2330 	 145 	 0.952389 	 0.000536582	0.00112102
2330 	 150 	 0.952577 	 0.000540361	0.00112891
2330 	 155 	 0.952754 	 0.000544569	0.0011377
2330 	 160 	 0.95292 	 0.000549031	0.00114703
2330 	 165 	 0.953077 	 0.000553617	0.00115661
2330 	 170 	 0.953225 	 0.000558232	0.00116625
2330 	 175 	 0.953365 	 0.000562807	0.00117581
2330 	 180 	 0.953498 	 0.000567295	0.00118518
2330 	 185 	 0.953625 	 0.000571667	0.00119432
2330 	 190 	 0.953745 	 0.000575902	0.00120316
2330 	 195 	 0.953859 	 0.00057999	0.0012117
2330 	 200 	 0.953969 	 0.000583928	0.00121993
2330 	 205 	 0.954073 	 0.000587715	0.00122784
2330 	 210 	 0.954173 	 0.000591354	0.00123545
2330 	 215 	 0.954268 	 0.000594852	0.00124275
2330 	 220 	 0.95436 	 0.000598215	0.00124978
2330 	 225 	 0.954448 	 0.000601449	0.00125654
2330 	 230 	 0.954532 	 0.000604564	0.00126304
2330 	 235 	 0.954613 	 0.000607567	0.00126932
2330 	 240 	 0.954691 	 0.000610465	0.00127537
2330 	 245 	 0.954766 	 0.000613267	0.00128123
2330 	 250 	 0.954838 	 0.00061598	0.00128689
2330 	 255 	 0.954908 	 0.000618609	0.00129239
2330 	 260 	 0.954975 	 0.000621163	0.00129772
2330 	 265 	 0.955041 	 0.000623647	0.00130291
2330 	 270 	 0.955103 	 0.000626067	0.00130797
2330 	 275 	 0.955164 	 0.000628428	0.0013129
2330 	 280 	 0.955223 	 0.000630735	0.00131772
2330 	 285 	 0.95528 	 0.000632991	0.00132243
2330 	 290 	 0.955335 	 0.000635203	0.00132705
2330 	 295 	 0.955389 	 0.000637372	0.00133159
2330 	 300 	 0.955441 	 0.000639503	0.00133604
2330 	 305 	 0.955491 	 0.000641599	0.00134042
2330 	 310 	 0.95554 	 0.000643663	0.00134473
2330 	 315 	 0.955588 	 0.000645697	0.00134898
2330 	 320 	 0.955634 	 0.000647704	0.00135317
2330 	 325 	 0.955679 	 0.000649686	0.00135731
2330 	 330 	 0.955723 	 0.000651644	0.0013614
2330 	 335 	 0.955766 	 0.000653582	0.00136545
2330 	 340 	 0.955807 	 0.000655499	0.00136946
2330 	 345 	 0.955847 	 0.000657399	0.00137343
2330 	 350 	 0.955887 	 0.000659282	0.00137736
2330 	 355 	 0.955925 	 0.000661149	0.00138126
2330 	 360 	 0.955963 	 0.000663002	0.00138513
2330 	 365 	 0.955999 	 0.000664842	0.00138898
2330 	 370 	 0.956035 	 0.000666669	0.00139279
2330 	 375 	 0.95607 	 0.000668484	0.00139659
2330 	 380 	 0.956104 	 0.000670289	0.00140035
2330 	 385 	 0.956137 	 0.000672083	0.0014041
2330 	 390 	 0.956169 	 0.000673867	0.00140783
2330 	 395 	 0.956201 	 0.000675642	0.00141154
2330 	 400 	 0.956232 	 0.000677409	0.00141523
2330 	 405 	 0.956263 	 0.000679168	0.0014189
2330 	 410 	 0.956292 	 0.000680918	0.00142256
2330 	 415 	 0.956321 	 0.000682661	0.0014262
2330 	 420 	 0.95635 	 0.000684397	0.00142983
2330 	 425 	 0.956378 	 0.000686126	0.00143344
2330 	 430 	 0.956405 	 0.000687849	0.00143704
2330 	 435 	 0.956432 	 0.000689565	0.00144063
2330 	 440 	 0.956458 	 0.000691274	0.0014442
2330 	 445 	 0.956484 	 0.000692978	0.00144776
2330 	 450 	 0.956509 	 0.000694676	0.0014513
2330 	 455 	 0.956534 	 0.000696367	0.00145484
2330 	 460 	 0.956558 	 0.000698054	0.00145836
2330 	 465 	 0.956582 	 0.000699734	0.00146187
2330 	 470 	 0.956605 	 0.000701409	0.00146537
2330 	 475 	 0.956628 	 0.000703079	0.00146886
2330 	 480 	 0.956651 	 0.000704743	0.00147234
2330 	 485 	 0.956673 	 0.000706402	0.0014758
2330 	 490 	 0.956694 	 0.000708055	0.00147926
2330 	 495 	 0.956716 	 0.000709704	0.0014827
2330 	 500 	 0.956737 	 0.000711347	0.00148613
2330 	 505 	 0.956757 	 0.000712985	0.00148955
2330 	 510 	 0.956777 	 0.000714617	0.00149297
2330 	 515 	 0.956797 	 0.000716245	0.00149637
2330 	 520 	 0.956817 	 0.000717867	0.00149975
2330 	 525 	 0.956836 	 0.000719484	0.00150313
2330 	 530 	 0.956855 	 0.000721096	0.0015065
2330 	 535 	 0.956874 	 0.000722702	0.00150986
2330 	 540 	 0.956892 	 0.000724304	0.0015132
2330 	 545 	 0.95691 	 0.0007259	0.00151654
2330 	 550 	 0.956928 	 0.000727491	0.00151986
2330 	 555 	 0.956945 	 0.000729077	0.00152317
2330 	 560 	 0.956962 	 0.000730658	0.00152648
2330 	 565 	 0.956979 	 0.000732233	0.00152977
2330 	 570 	 0.956996 	 0.000733803	0.00153305
2330 	 575 	 0.957012 	 0.000735368	0.00153632
2330 	 580 	 0.957028 	 0.000736928	0.00153958
2330 	 585 	 0.957044 	 0.000738482	0.00154282
2330 	 590 	 0.95706 	 0.000740031	0.00154606
2330 	 595 	 0.957075 	 0.000741574	0.00154928
2330 	 600 	 0.957091 	 0.000743113	0.0015525
2330 	 605 	 0.957106 	 0.000744646	0.0015557
2330 	 610 	 0.95712 	 0.000746173	0.00155889
2330 	 615 	 0.957135 	 0.000747695	0.00156207
2330 	 620 	 0.957149 	 0.000749212	0.00156524
2330 	 625 	 0.957164 	 0.000750724	0.0015684
2330 	 630 	 0.957178 	 0.00075223	0.00157154
2330 	 635 	 0.957191 	 0.00075373	0.00157468
2330 	 640 	 0.957205 	 0.000755225	0.0015778
2330 	 645 	 0.957218 	 0.000756715	0.00158092
2330 	 650 	 0.957232 	 0.000758199	0.00158402
2330 	 655 	 0.957245 	 0.000759678	0.00158711
2330 	 660 	 0.957258 	 0.000761151	0.00159018
2330 	 665 	 0.95727 	 0.000762619	0.00159325
2330 	 670 	 0.957283 	 0.000764082	0.00159631
2330 	 675 	 0.957295 	 0.000765539	0.00159935
2330 	 680 	 0.957307 	 0.00076699	0.00160238
2330 	 685 	 0.95732 	 0.000768436	0.0016054
2330 	 690 	 0.957331 	 0.000769877	0.00160841
2330 	 695 	 0.957343 	 0.000771312	0.00161141
2330 	 700 	 0.957355 	 0.000772742	0.0016144
2330 	 705 	 0.957366 	 0.000774166	0.00161737
2330 	 710 	 0.957378 	 0.000775584	0.00162034
2330 	 715 	 0.957389 	 0.000776998	0.00162329
2330 	 720 	 0.9574 	 0.000778405	0.00162623
2330 	 725 	 0.957411 	 0.000779808	0.00162916
2330 	 730 	 0.957422 	 0.000781205	0.00163208
2330 	 735 	 0.957433 	 0.000782596	0.00163499
2330 	 740 	 0.957443 	 0.000783982	0.00163788
2330 	 745 	 0.957454 	 0.000785363	0.00164077
2330 	 750 	 0.957464 	 0.000786738	0.00164364
2330 	 755 	 0.957474 	 0.000788108	0.0016465
2330 	 760 	 0.957484 	 0.000789472	0.00164935
2330 	 765 	 0.957494 	 0.000790831	0.00165219
2330 	 770 	 0.957504 	 0.000792185	0.00165502
2330 	 775 	 0.957514 	 0.000793533	0.00165783
2330 	 780 	 0.957524 	 0.000794876	0.00166064
2330 	 785 	 0.957533 	 0.000796213	0.00166343
2330 	 790 	 0.957542 	 0.000797546	0.00166622
2330 	 795 	 0.957552 	 0.000798873	0.00166899
2330 	 800 	 0.957561 	 0.000800194	0.00167175
2330 	 805 	 0.95757 	 0.000801511	0.0016745
2330 	 810 	 0.957579 	 0.000802822	0.00167724
2330 	 815 	 0.957588 	 0.000804127	0.00167997
2330 	 820 	 0.957597 	 0.000805428	0.00168269
2330 	 825 	 0.957606 	 0.000806723	0.00168539
2330 	 830 	 0.957614 	 0.000808014	0.00168809
2330 	 835 	 0.957623 	 0.000809299	0.00169077
2330 	 840 	 0.957632 	 0.000810578	0.00169345
2330 	 845 	 0.95764 	 0.000811853	0.00169611
2330 	 850 	 0.957648 	 0.000813122	0.00169876
2330 	 855 	 0.957657 	 0.000814387	0.0017014
2330 	 860 	 0.957665 	 0.000815646	0.00170403
2330 	 865 	 0.957673 	 0.0008169	0.00170665
2330 	 870 	 0.957681 	 0.000818149	0.00170926
2330 	 875 	 0.957689 	 0.000819394	0.00171186
2330 	 880 	 0.957697 	 0.000820633	0.00171445
2330 	 885 	 0.957704 	 0.000821867	0.00171703
2330 	 890 	 0.957712 	 0.000823096	0.0017196
2330 	 895 	 0.95772 	 0.00082432	0.00172215
2330 	 900 	 0.957727 	 0.000825539	0.0017247
2330 	 905 	 0.957735 	 0.000826753	0.00172724
2330 	 910 	 0.957742 	 0.000827963	0.00172976
2330 	 915 	 0.957749 	 0.000829167	0.00173228
2330 	 920 	 0.957757 	 0.000830367	0.00173479
2330 	 925 	 0.957764 	 0.000831561	0.00173728
2330 	 930 	 0.957771 	 0.000832751	0.00173977
2330 	 935 	 0.957778 	 0.000833937	0.00174225
2330 	 940 	 0.957785 	 0.000835117	0.00174471
2330 	 945 	 0.957792 	 0.000836293	0.00174717
2330 	 950 	 0.957799 	 0.000837463	0.00174961
2330 	 955 	 0.957806 	 0.00083863	0.00175205
2330 	 960 	 0.957812 	 0.000839791	0.00175448
2330 	 965 	 0.957819 	 0.000840948	0.00175689
2330 	 970 	 0.957826 	 0.0008421	0.0017593
2330 	 975 	 0.957832 	 0.000843247	0.0017617
2330 	 980 	 0.957839 	 0.00084439	0.00176409
2330 	 985 	 0.957845 	 0.000845529	0.00176646
2330 	 990 	 0.957852 	 0.000846662	0.00176883
2330 	 995 	 0.957858 	 0.000847792	0.00177119
2330 	 1000 	 0.957864 	 0.000848916	0.00177354
2330 	 1005 	 0.95787 	 0.000850037	0.00177588
2330 	 1010 	 0.957877 	 0.000851152	0.00177821
2330 	 1015 	 0.957883 	 0.000852264	0.00178053
2330 	 1020 	 0.957889 	 0.000853371	0.00178285
2330 	 1025 	 0.957895 	 0.000854473	0.00178515
2330 	 1030 	 0.957901 	 0.000855571	0.00178744
2330 	 1035 	 0.957907 	 0.000856665	0.00178973
2330 	 1040 	 0.957913 	 0.000857754	0.001792
2330 	 1045 	 0.957919 	 0.000858839	0.00179427
2330 	 1050 	 0.957924 	 0.00085992	0.00179653
2330 	 1055 	 0.95793 	 0.000860997	0.00179878
2330 	 1060 	 0.957936 	 0.000862069	0.00180102
2330 	 1065 	 0.957941 	 0.000863137	0.00180325
2330 	 1070 	 0.957947 	 0.000864201	0.00180547
2330 	 1075 	 0.957953 	 0.00086526	0.00180769
2330 	 1080 	 0.957958 	 0.000866316	0.00180989
2330 	 1085 	 0.957964 	 0.000867367	0.00181209
2330 	 1090 	 0.957969 	 0.000868414	0.00181428
2330 	 1095 	 0.957974 	 0.000869457	0.00181645
2330 	 1100 	 0.95798 	 0.000870496	0.00181863
2330 	 1105 	 0.957985 	 0.000871531	0.00182079
2330 	 1110 	 0.95799 	 0.000872562	0.00182294
2330 	 1115 	 0.957996 	 0.000873589	0.00182509
2330 	 1120 	 0.958001 	 0.000874612	0.00182722
2330 	 1125 	 0.958006 	 0.000875631	0.00182935
2330 	 1130 	 0.958011 	 0.000876646	0.00183147
2330 	 1135 	 0.958016 	 0.000877657	0.00183358
2330 	 1140 	 0.958021 	 0.000878664	0.00183569
2330 	 1145 	 0.958026 	 0.000879667	0.00183779
2330 	 1150 	 0.958031 	 0.000880667	0.00183987
2330 	 1155 	 0.958036 	 0.000881662	0.00184195
2330 	 1160 	 0.958041 	 0.000882654	0.00184402
2330 	 1165 	 0.958046 	 0.000883642	0.00184609
2330 	 1170 	 0.95805 	 0.000884626	0.00184814
2330 	 1175 	 0.958055 	 0.000885606	0.00185019
2330 	 1180 	 0.95806 	 0.000886583	0.00185223
2330 	 1185 	 0.958065 	 0.000887556	0.00185427
2330 	 1190 	 0.958069 	 0.000888525	0.00185629
2330 	 1195 	 0.958074 	 0.00088949	0.00185831
2330 	 1200 	 0.958079 	 0.000890452	0.00186032
2330 	 1205 	 0.958083 	 0.000891411	0.00186232
2330 	 1210 	 0.958088 	 0.000892365	0.00186431
2330 	 1215 	 0.958092 	 0.000893316	0.0018663
2330 	 1220 	 0.958097 	 0.000894263	0.00186828
2330 	 1225 	 0.958101 	 0.000895207	0.00187025
2330 	 1230 	 0.958105 	 0.000896148	0.00187222
2330 	 1235 	 0.95811 	 0.000897084	0.00187417
2330 	 1240 	 0.958114 	 0.000898018	0.00187612
2330 	 1245 	 0.958119 	 0.000898947	0.00187806
2330 	 1250 	 0.958123 	 0.000899874	0.00188
2330 	 1255 	 0.958127 	 0.000900796	0.00188193
2330 	 1260 	 0.958131 	 0.000901716	0.00188385
2330 	 1265 	 0.958136 	 0.000902632	0.00188576
2330 	 1270 	 0.95814 	 0.000903544	0.00188767
2330 	 1275 	 0.958144 	 0.000904454	0.00188957
2330 	 1280 	 0.958148 	 0.00090536	0.00189146
2330 	 1285 	 0.958152 	 0.000906262	0.00189335
2330 	 1290 	 0.958156 	 0.000907161	0.00189523
2330 	 1295 	 0.95816 	 0.000908057	0.0018971
2330 	 1300 	 0.958164 	 0.00090895	0.00189896
2330 	 1305 	 0.958168 	 0.000909839	0.00190082
2330 	 1310 	 0.958172 	 0.000910725	0.00190267
2330 	 1315 	 0.958176 	 0.000911608	0.00190452
2330 	 1320 	 0.95818 	 0.000912488	0.00190635
2330 	 1325 	 0.958184 	 0.000913364	0.00190818
2330 	 1330 	 0.958188 	 0.000914238	0.00191001
2330 	 1335 	 0.958192 	 0.000915108	0.00191183
2330 	 1340 	 0.958195 	 0.000915975	0.00191364
2330 	 1345 	 0.958199 	 0.000916838	0.00191544
2330 	 1350 	 0.958203 	 0.000917699	0.00191724
2330 	 1355 	 0.958207 	 0.000918557	0.00191903
2330 	 1360 	 0.95821 	 0.000919411	0.00192082
2330 	 1365 	 0.958214 	 0.000920263	0.0019226
2330 	 1370 	 0.958218 	 0.000921111	0.00192437
2330 	 1375 	 0.958221 	 0.000921957	0.00192614
2330 	 1380 	 0.958225 	 0.000922799	0.0019279
2330 	 1385 	 0.958229 	 0.000923639	0.00192965
2330 	 1390 	 0.958232 	 0.000924475	0.0019314
2330 	 1395 	 0.958236 	 0.000925309	0.00193314
2330 	 1400 	 0.958239 	 0.000926139	0.00193487
2330 	 1405 	 0.958243 	 0.000926967	0.0019366
2330 	 1410 	 0.958246 	 0.000927792	0.00193833
2330 	 1415 	 0.95825 	 0.000928613	0.00194004
2330 	 1420 	 0.958253 	 0.000929432	0.00194175
2330 	 1425 	 0.958257 	 0.000930248	0.00194346
2330 	 1430 	 0.95826 	 0.000931062	0.00194516
2330 	 1435 	 0.958264 	 0.000931872	0.00194685
2330 	 1440 	 0.958267 	 0.000932679	0.00194854
2330 	 1445 	 0.95827 	 0.000933484	0.00195022
2330 	 1450 	 0.958274 	 0.000934286	0.00195189
2330 	 1455 	 0.958277 	 0.000935085	0.00195356
2330 	 1460 	 0.95828 	 0.000935882	0.00195523
2330 	 1465 	 0.958283 	 0.000936675	0.00195689
2330 	 1470 	 0.958287 	 0.000937466	0.00195854
2330 	 1475 	 0.95829 	 0.000938254	0.00196018
2330 	 1480 	 0.958293 	 0.00093904	0.00196183
2330 	 1485 	 0.958296 	 0.000939823	0.00196346
2330 	 1490 	 0.9583 	 0.000940603	0.00196509
2330 	 1495 	 0.958303 	 0.00094138	0.00196672
2330 	 1500 	 0.958306 	 0.000942155	0.00196833
2330 	 1505 	 0.958309 	 0.000942927	0.00196995
2330 	 1510 	 0.958312 	 0.000943697	0.00197156
2330 	 1515 	 0.958315 	 0.000944464	0.00197316
2330 	 1520 	 0.958318 	 0.000945228	0.00197475
2330 	 1525 	 0.958321 	 0.00094599	0.00197635
2330 	 1530 	 0.958324 	 0.000946749	0.00197793
2330 	 1535 	 0.958327 	 0.000947506	0.00197951
2330 	 1540 	 0.95833 	 0.00094826	0.00198109
2330 	 1545 	 0.958333 	 0.000949012	0.00198266
2330 	 1550 	 0.958336 	 0.000949761	0.00198422
2330 	 1555 	 0.958339 	 0.000950508	0.00198578
2330 	 1560 	 0.958342 	 0.000951252	0.00198734
2330 	 1565 	 0.958345 	 0.000951994	0.00198889
2330 	 1570 	 0.958348 	 0.000952733	0.00199043
2330 	 1575 	 0.958351 	 0.00095347	0.00199197
2330 	 1580 	 0.958354 	 0.000954204	0.00199351
2330 	 1585 	 0.958357 	 0.000954936	0.00199503
2330 	 1590 	 0.95836 	 0.000955665	0.00199656
2330 	 1595 	 0.958362 	 0.000956392	0.00199808
2330 	 1600 	 0.958365 	 0.000957117	0.00199959
2330 	 1605 	 0.958368 	 0.00095784	0.0020011
2330 	 1610 	 0.958371 	 0.00095856	0.00200261
2330 	 1615 	 0.958374 	 0.000959277	0.0020041
2330 	 1620 	 0.958376 	 0.000959993	0.0020056
2330 	 1625 	 0.958379 	 0.000960706	0.00200709
2330 	 1630 	 0.958382 	 0.000961416	0.00200857
2330 	 1635 	 0.958385 	 0.000962125	0.00201005
2330 	 1640 	 0.958387 	 0.000962831	0.00201153
2330 	 1645 	 0.95839 	 0.000963535	0.002013
2330 	 1650 	 0.958393 	 0.000964236	0.00201446
2330 	 1655 	 0.958395 	 0.000964935	0.00201593
2330 	 1660 	 0.958398 	 0.000965633	0.00201738
2330 	 1665 	 0.958401 	 0.000966327	0.00201883
2330 	 1670 	 0.958403 	 0.00096702	0.00202028
2330 	 1675 	 0.958406 	 0.00096771	0.00202172
2330 	 1680 	 0.958408 	 0.000968399	0.00202316
2330 	 1685 	 0.958411 	 0.000969085	0.00202459
2330 	 1690 	 0.958414 	 0.000969769	0.00202602
2330 	 1695 	 0.958416 	 0.00097045	0.00202745
2330 	 1700 	 0.958419 	 0.00097113	0.00202887
2330 	 1705 	 0.958421 	 0.000971807	0.00203028
2330 	 1710 	 0.958424 	 0.000972483	0.00203169
2330 	 1715 	 0.958426 	 0.000973156	0.0020331
2330 	 1720 	 0.958429 	 0.000973827	0.0020345
2330 	 1725 	 0.958431 	 0.000974496	0.0020359
2330 	 1730 	 0.958434 	 0.000975163	0.00203729
2330 	 1735 	 0.958436 	 0.000975828	0.00203868
2330 	 1740 	 0.958439 	 0.00097649	0.00204007
2330 	 1745 	 0.958441 	 0.000977151	0.00204145
2330 	 1750 	 0.958443 	 0.00097781	0.00204282
2330 	 1755 	 0.958446 	 0.000978466	0.00204419
2330 	 1760 	 0.958448 	 0.000979121	0.00204556
2330 	 1765 	 0.958451 	 0.000979773	0.00204693
2330 	 1770 	 0.958453 	 0.000980424	0.00204828
2330 	 1775 	 0.958455 	 0.000981073	0.00204964
2330 	 1780 	 0.958458 	 0.000981719	0.00205099
2330 	 1785 	 0.95846 	 0.000982364	0.00205234
2330 	 1790 	 0.958462 	 0.000983006	0.00205368
2330 	 1795 	 0.958465 	 0.000983647	0.00205502
2330 	 1800 	 0.958467 	 0.000984286	0.00205635
2330 	 1805 	 0.958469 	 0.000984923	0.00205768
2330 	 1810 	 0.958472 	 0.000985558	0.00205901
2330 	 1815 	 0.958474 	 0.00098619	0.00206033
2330 	 1820 	 0.958476 	 0.000986822	0.00206165
2330 	 1825 	 0.958478 	 0.000987451	0.00206296
2330 	 1830 	 0.958481 	 0.000988078	0.00206427
2330 	 1835 	 0.958483 	 0.000988703	0.00206558
2330 	 1840 	 0.958485 	 0.000989327	0.00206688
2330 	 1845 	 0.958487 	 0.000989948	0.00206818
2330 	 1850 	 0.958489 	 0.000990568	0.00206948
2330 	 1855 	 0.958492 	 0.000991186	0.00207077
2330 	 1860 	 0.958494 	 0.000991802	0.00207206
2330 	 1865 	 0.958496 	 0.000992417	0.00207334
2330 	 1870 	 0.958498 	 0.000993029	0.00207462
2330 	 1875 	 0.9585 	 0.00099364	0.00207589
2330 	 1880 	 0.958503 	 0.000994248	0.00207717
2330 	 1885 	 0.958505 	 0.000994856	0.00207843
2330 	 1890 	 0.958507 	 0.000995461	0.0020797
2330 	 1895 	 0.958509 	 0.000996064	0.00208096
2330 	 1900 	 0.958511 	 0.000996666	0.00208222
2330 	 1905 	 0.958513 	 0.000997266	0.00208347
2330 	 1910 	 0.958515 	 0.000997864	0.00208472
2330 	 1915 	 0.958517 	 0.000998461	0.00208597
2330 	 1920 	 0.958519 	 0.000999055	0.00208721
2330 	 1925 	 0.958521 	 0.000999648	0.00208845
2330 	 1930 	 0.958523 	 0.00100024	0.00208968
2330 	 1935 	 0.958525 	 0.00100083	0.00209091
2330 	 1940 	 0.958527 	 0.00100142	0.00209214
2330 	 1945 	 0.95853 	 0.001002	0.00209337
2330 	 1950 	 0.958532 	 0.00100259	0.00209459
2330 	 1955 	 0.958534 	 0.00100317	0.00209581
2330 	 1960 	 0.958536 	 0.00100375	0.00209702
2330 	 1965 	 0.958538 	 0.00100433	0.00209823
2330 	 1970 	 0.958539 	 0.00100491	0.00209944
2330 	 1975 	 0.958541 	 0.00100549	0.00210064
2330 	 1980 	 0.958543 	 0.00100606	0.00210184
2330 	 1985 	 0.958545 	 0.00100663	0.00210304
2330 	 1990 	 0.958547 	 0.0010072	0.00210423
2330 	 1995 	 0.958549 	 0.00100777	0.00210542
2330 	 2000 	 0.958551 	 0.00100834	0.00210661
2330 	 2005 	 0.958553 	 0.00100891	0.00210779
2330 	 2010 	 0.958555 	 0.00100947	0.00210897
2330 	 2015 	 0.958557 	 0.00101004	0.00211015
2330 	 2020 	 0.958559 	 0.0010106	0.00211132
2330 	 2025 	 0.958561 	 0.00101116	0.00211249
2330 	 2030 	 0.958563 	 0.00101172	0.00211366
2330 	 2035 	 0.958564 	 0.00101227	0.00211482
2330 	 2040 	 0.958566 	 0.00101283	0.00211598
2330 	 2045 	 0.958568 	 0.00101338	0.00211714
2330 	 2050 	 0.95857 	 0.00101394	0.0021183
2330 	 2055 	 0.958572 	 0.00101449	0.00211945
2330 	 2060 	 0.958574 	 0.00101504	0.00212059
2330 	 2065 	 0.958576 	 0.00101558	0.00212174
2330 	 2070 	 0.958577 	 0.00101613	0.00212288
2330 	 2075 	 0.958579 	 0.00101667	0.00212402
2330 	 2080 	 0.958581 	 0.00101722	0.00212515
2330 	 2085 	 0.958583 	 0.00101776	0.00212629
2330 	 2090 	 0.958585 	 0.0010183	0.00212741
2330 	 2095 	 0.958586 	 0.00101884	0.00212854
2330 	 2100 	 0.958588 	 0.00101938	0.00212966
2330 	 2105 	 0.95859 	 0.00101991	0.00213078
2330 	 2110 	 0.958592 	 0.00102045	0.0021319
2330 	 2115 	 0.958593 	 0.00102098	0.00213301
2330 	 2120 	 0.958595 	 0.00102151	0.00213412
2330 	 2125 	 0.958597 	 0.00102204	0.00213523
2330 	 2130 	 0.958599 	 0.00102257	0.00213633
2330 	 2135 	 0.9586 	 0.0010231	0.00213744
2330 	 2140 	 0.958602 	 0.00102362	0.00213853
2330 	 2145 	 0.958604 	 0.00102415	0.00213963
2330 	 2150 	 0.958606 	 0.00102467	0.00214072
2330 	 2155 	 0.958607 	 0.00102519	0.00214181
2330 	 2160 	 0.958609 	 0.00102571	0.0021429
2330 	 2165 	 0.958611 	 0.00102623	0.00214398
2330 	 2170 	 0.958612 	 0.00102675	0.00214507
2330 	 2175 	 0.958614 	 0.00102726	0.00214614
2330 	 2180 	 0.958616 	 0.00102778	0.00214722
2330 	 2185 	 0.958617 	 0.00102829	0.00214829
2330 	 2190 	 0.958619 	 0.0010288	0.00214936
2330 	 2195 	 0.958621 	 0.00102932	0.00215043
2330 	 2200 	 0.958622 	 0.00102982	0.00215149
2330 	 2205 	 0.958624 	 0.00103033	0.00215255
2330 	 2210 	 0.958625 	 0.00103084	0.00215361
2330 	 2215 	 0.958627 	 0.00103134	0.00215467
2330 	 2220 	 0.958629 	 0.00103185	0.00215572
2330 	 2225 	 0.95863 	 0.00103235	0.00215677
2330 	 2230 	 0.958632 	 0.00103285	0.00215782
2330 	 2235 	 0.958634 	 0.00103335	0.00215886
2330 	 2240 	 0.958635 	 0.00103385	0.0021599
2330 	 2245 	 0.958637 	 0.00103435	0.00216094
2330 	 2250 	 0.958638 	 0.00103485	0.00216198
2330 	 2255 	 0.95864 	 0.00103534	0.00216301
2330 	 2260 	 0.958641 	 0.00103583	0.00216405
2330 	 2265 	 0.958643 	 0.00103633	0.00216507
2330 	 2270 	 0.958645 	 0.00103682	0.0021661
2330 	 2275 	 0.958646 	 0.00103731	0.00216712
2330 	 2280 	 0.958648 	 0.0010378	0.00216814
2330 	 2285 	 0.958649 	 0.00103828	0.00216916
2330 	 2290 	 0.958651 	 0.00103877	0.00217018
2330 	 2295 	 0.958652 	 0.00103925	0.00217119
2330 	 2300 	 0.958654 	 0.00103974	0.0021722
2330 	 2305 	 0.958655 	 0.00104022	0.00217321
2330 	 2310 	 0.958657 	 0.0010407	0.00217421
2330 	 2315 	 0.958658 	 0.00104118	0.00217522
2330 	 2320 	 0.95866 	 0.00104166	0.00217622
2330 	 2325 	 0.958661 	 0.00104214	0.00217721
2330 	 2330 	 0.958663 	 0.00104261	0.00217821
2330 	 2335 	 0.958664 	 0.00104309	0.0021792
2330 	 2340 	 0.958666 	 0.00104356	0.00218019
2330 	 2345 	 0.958667 	 0.00104403	0.00218118
2330 	 2350 	 0.958669 	 0.00104451	0.00218216
2330 	 2355 	 0.95867 	 0.00104498	0.00218315
2330 	 2360 	 0.958672 	 0.00104545	0.00218413
2330 	 2365 	 0.958673 	 0.00104591	0.0021851
2330 	 2370 	 0.958675 	 0.00104638	0.00218608
2330 	 2375 	 0.958676 	 0.00104685	0.00218705
2330 	 2380 	 0.958677 	 0.00104731	0.00218802
2330 	 2385 	 0.958679 	 0.00104777	0.00218899
2330 	 2390 	 0.95868 	 0.00104824	0.00218996
2330 	 2395 	 0.958682 	 0.0010487	0.00219092
2330 	 2400 	 0.958683 	 0.00104916	0.00219188
2330 	 2405 	 0.958685 	 0.00104962	0.00219284
2330 	 2410 	 0.958686 	 0.00105007	0.00219379
2330 	 2415 	 0.958687 	 0.00105053	0.00219475
2330 	 2420 	 0.958689 	 0.00105099	0.0021957
2330 	 2425 	 0.95869 	 0.00105144	0.00219665
2330 	 2430 	 0.958692 	 0.00105189	0.0021976
2330 	 2435 	 0.958693 	 0.00105234	0.00219854
2330 	 2440 	 0.958694 	 0.0010528	0.00219948
2330 	 2445 	 0.958696 	 0.00105325	0.00220042
2330 	 2450 	 0.958697 	 0.00105369	0.00220136
2330 	 2455 	 0.958698 	 0.00105414	0.00220229
2330 	 2460 	 0.9587 	 0.00105459	0.00220323
2330 	 2465 	 0.958701 	 0.00105503	0.00220416
2330 	 2470 	 0.958702 	 0.00105548	0.00220509
2330 	 2475 	 0.958704 	 0.00105592	0.00220601
2330 	 2480 	 0.958705 	 0.00105636	0.00220694
2330 	 2485 	 0.958706 	 0.00105681	0.00220786
2330 	 2490 	 0.958708 	 0.00105725	0.00220878
2330 	 2495 	 0.958709 	 0.00105768	0.0022097
2330 	 2500 	 0.95871 	 0.00105812	0.00221061
2330 	 2505 	 0.958712 	 0.00105856	0.00221153
2330 	 2510 	 0.958713 	 0.001059	0.00221244
2330 	 2515 	 0.958714 	 0.00105943	0.00221334
2330 	 2520 	 0.958716 	 0.00105987	0.00221425
2330 	 2525 	 0.958717 	 0.0010603	0.00221516
2330 	 2530 	 0.958718 	 0.00106073	0.00221606
2330 	 2535 	 0.95872 	 0.00106116	0.00221696
2330 	 2540 	 0.958721 	 0.00106159	0.00221786
2330 	 2545 	 0.958722 	 0.00106202	0.00221875
2330 	 2550 	 0.958723 	 0.00106245	0.00221965
2330 	 2555 	 0.958725 	 0.00106287	0.00222054
2330 	 2560 	 0.958726 	 0.0010633	0.00222143
2330 	 2565 	 0.958727 	 0.00106372	0.00222231
2330 	 2570 	 0.958728 	 0.00106415	0.0022232
2330 	 2575 	 0.95873 	 0.00106457	0.00222408
2330 	 2580 	 0.958731 	 0.00106499	0.00222497
2330 	 2585 	 0.958732 	 0.00106541	0.00222584
2330 	 2590 	 0.958733 	 0.00106583	0.00222672
2330 	 2595 	 0.958735 	 0.00106625	0.0022276
2330 	 2600 	 0.958736 	 0.00106667	0.00222847
2330 	 2605 	 0.958737 	 0.00106709	0.00222934
2330 	 2610 	 0.958738 	 0.0010675	0.00223021
2330 	 2615 	 0.95874 	 0.00106792	0.00223108
2330 	 2620 	 0.958741 	 0.00106833	0.00223194
2330 	 2625 	 0.958742 	 0.00106875	0.00223281
2330 	 2630 	 0.958743 	 0.00106916	0.00223367
2330 	 2635 	 0.958745 	 0.00106957	0.00223453
2330 	 2640 	 0.958746 	 0.00106998	0.00223538
2330 	 2645 	 0.958747 	 0.00107039	0.00223624
2330 	 2650 	 0.958748 	 0.0010708	0.00223709
2330 	 2655 	 0.958749 	 0.00107121	0.00223794
2330 	 2660 	 0.958751 	 0.00107161	0.00223879
2330 	 2665 	 0.958752 	 0.00107202	0.00223964
2330 	 2670 	 0.958753 	 0.00107242	0.00224049
2330 	 2675 	 0.958754 	 0.00107283	0.00224133
2330 	 2680 	 0.958755 	 0.00107323	0.00224217
2330 	 2685 	 0.958756 	 0.00107363	0.00224301
2330 	 2690 	 0.958758 	 0.00107403	0.00224385
2330 	 2695 	 0.958759 	 0.00107443	0.00224469
2330 	 2700 	 0.95876 	 0.00107483	0.00224552
2330 	 2705 	 0.958761 	 0.00107523	0.00224635
2330 	 2710 	 0.958762 	 0.00107563	0.00224718
2330 	 2715 	 0.958763 	 0.00107602	0.00224801
2330 	 2720 	 0.958765 	 0.00107642	0.00224884
2330 	 2725 	 0.958766 	 0.00107682	0.00224966
2330 	 2730 	 0.958767 	 0.00107721	0.00225049
2330 	 2735 	 0.958768 	 0.0010776	0.00225131
2330 	 2740 	 0.958769 	 0.00107799	0.00225213
2330 	 2745 	 0.95877 	 0.00107839	0.00225294
2330 	 2750 	 0.958771 	 0.00107878	0.00225376
2330 	 2755 	 0.958772 	 0.00107917	0.00225457
2330 	 2760 	 0.958774 	 0.00107955	0.00225539
2330 	 2765 	 0.958775 	 0.00107994	0.0022562
2330 	 2770 	 0.958776 	 0.00108033	0.00225701
2330 	 2775 	 0.958777 	 0.00108072	0.00225781
2330 	 2780 	 0.958778 	 0.0010811	0.00225862
2330 	 2785 	 0.958779 	 0.00108149	0.00225942
2330 	 2790 	 0.95878 	 0.00108187	0.00226022
2330 	 2795 	 0.958781 	 0.00108225	0.00226102
2330 	 2800 	 0.958782 	 0.00108263	0.00226182
2330 	 2805 	 0.958783 	 0.00108302	0.00226262
2330 	 2810 	 0.958785 	 0.0010834	0.00226341
2330 	 2815 	 0.958786 	 0.00108378	0.0022642
2330 	 2820 	 0.958787 	 0.00108415	0.002265
2330 	 2825 	 0.958788 	 0.00108453	0.00226578
2330 	 2830 	 0.958789 	 0.00108491	0.00226657
2330 	 2835 	 0.95879 	 0.00108529	0.00226736
2330 	 2840 	 0.958791 	 0.00108566	0.00226814
2330 	 2845 	 0.958792 	 0.00108604	0.00226893
2330 	 2850 	 0.958793 	 0.00108641	0.00226971
2330 	 2855 	 0.958794 	 0.00108678	0.00227049
2330 	 2860 	 0.958795 	 0.00108715	0.00227126
2330 	 2865 	 0.958796 	 0.00108753	0.00227204
2330 	 2870 	 0.958797 	 0.0010879	0.00227281
2330 	 2875 	 0.958798 	 0.00108827	0.00227359
2330 	 2880 	 0.958799 	 0.00108863	0.00227436
2330 	 2885 	 0.9588 	 0.001089	0.00227513
2330 	 2890 	 0.958801 	 0.00108937	0.00227589
2330 	 2895 	 0.958803 	 0.00108974	0.00227666
2330 	 2900 	 0.958804 	 0.0010901	0.00227742
2330 	 2905 	 0.958805 	 0.00109047	0.00227819
2330 	 2910 	 0.958806 	 0.00109083	0.00227895
2330 	 2915 	 0.958807 	 0.0010912	0.00227971
2330 	 2920 	 0.958808 	 0.00109156	0.00228047
2330 	 2925 	 0.958809 	 0.00109192	0.00228122
2330 	 2930 	 0.95881 	 0.00109228	0.00228198
2330 	 2935 	 0.958811 	 0.00109264	0.00228273
2330 	 2940 	 0.958812 	 0.001093	0.00228348
2330 	 2945 	 0.958813 	 0.00109336	0.00228423
2330 	 2950 	 0.958814 	 0.00109372	0.00228498
2330 	 2955 	 0.958815 	 0.00109408	0.00228573
2330 	 2960 	 0.958816 	 0.00109443	0.00228647
2330 	 2965 	 0.958817 	 0.00109479	0.00228722
2330 	 2970 	 0.958818 	 0.00109515	0.00228796
2330 	 2975 	 0.958819 	 0.0010955	0.0022887
2330 	 2980 	 0.95882 	 0.00109585	0.00228944
2330 	 2985 	 0.958821 	 0.00109621	0.00229018
2330 	 2990 	 0.958822 	 0.00109656	0.00229091
2330 	 2995 	 0.958823 	 0.00109691	0.00229165
2330 	 3000 	 0.958824 	 0.00109726	0.00229238
2330 	 3005 	 0.958824 	 0.00109761	0.00229311
2330 	 3010 	 0.958825 	 0.00109796	0.00229384
2330 	 3015 	 0.958826 	 0.00109831	0.00229457
2330 	 3020 	 0.958827 	 0.00109866	0.0022953
2330 	 3025 	 0.958828 	 0.00109901	0.00229602
2330 	 3030 	 0.958829 	 0.00109935	0.00229675
2330 	 3035 	 0.95883 	 0.0010997	0.00229747
2330 	 3040 	 0.958831 	 0.00110004	0.00229819
2330 	 3045 	 0.958832 	 0.00110039	0.00229891
2330 	 3050 	 0.958833 	 0.00110073	0.00229963
2330 	 3055 	 0.958834 	 0.00110107	0.00230035
2330 	 3060 	 0.958835 	 0.00110142	0.00230106
2330 	 3065 	 0.958836 	 0.00110176	0.00230177
2330 	 3070 	 0.958837 	 0.0011021	0.00230249
2330 	 3075 	 0.958838 	 0.00110244	0.0023032
2330 	 3080 	 0.958839 	 0.00110278	0.00230391
2330 	 3085 	 0.95884 	 0.00110312	0.00230462
2330 	 3090 	 0.958841 	 0.00110346	0.00230532
2330 	 3095 	 0.958841 	 0.00110379	0.00230603
2330 	 3100 	 0.958842 	 0.00110413	0.00230673
2330 	 3105 	 0.958843 	 0.00110447	0.00230743
2330 	 3110 	 0.958844 	 0.0011048	0.00230813
2330 	 3115 	 0.958845 	 0.00110514	0.00230883
2330 	 3120 	 0.958846 	 0.00110547	0.00230953
2330 	 3125 	 0.958847 	 0.00110581	0.00231023
2330 	 3130 	 0.958848 	 0.00110614	0.00231092
2330 	 3135 	 0.958849 	 0.00110647	0.00231162
2330 	 3140 	 0.95885 	 0.0011068	0.00231231
2330 	 3145 	 0.958851 	 0.00110713	0.002313
2330 	 3150 	 0.958851 	 0.00110746	0.00231369
2330 	 3155 	 0.958852 	 0.00110779	0.00231438
2330 	 3160 	 0.958853 	 0.00110812	0.00231507
2330 	 3165 	 0.958854 	 0.00110845	0.00231575
2330 	 3170 	 0.958855 	 0.00110878	0.00231644
2330 	 3175 	 0.958856 	 0.0011091	0.00231712
2330 	 3180 	 0.958857 	 0.00110943	0.0023178
2330 	 3185 	 0.958858 	 0.00110976	0.00231848
2330 	 3190 	 0.958859 	 0.00111008	0.00231916
2330 	 3195 	 0.958859 	 0.00111041	0.00231984
2330 	 3200 	 0.95886 	 0.00111073	0.00232052
2330 	 3205 	 0.958861 	 0.00111105	0.00232119
2330 	 3210 	 0.958862 	 0.00111138	0.00232187
2330 	 3215 	 0.958863 	 0.0011117	0.00232254
2330 	 3220 	 0.958864 	 0.00111202	0.00232321
2330 	 3225 	 0.958865 	 0.00111234	0.00232388
2330 	 3230 	 0.958865 	 0.00111266	0.00232455
2330 	 3235 	 0.958866 	 0.00111298	0.00232522
2330 	 3240 	 0.958867 	 0.0011133	0.00232588
2330 	 3245 	 0.958868 	 0.00111362	0.00232655
2330 	 3250 	 0.958869 	 0.00111393	0.00232721
2330 	 3255 	 0.95887 	 0.00111425	0.00232787
2330 	 3260 	 0.958871 	 0.00111457	0.00232853
2330 	 3265 	 0.958871 	 0.00111488	0.00232919
2330 	 3270 	 0.958872 	 0.0011152	0.00232985
2330 	 3275 	 0.958873 	 0.00111551	0.00233051
2330 	 3280 	 0.958874 	 0.00111583	0.00233116
2330 	 3285 	 0.958875 	 0.00111614	0.00233182
2330 	 3290 	 0.958876 	 0.00111645	0.00233247
2330 	 3295 	 0.958876 	 0.00111676	0.00233312
2330 	 3300 	 0.958877 	 0.00111708	0.00233378
2330 	 3305 	 0.958878 	 0.00111739	0.00233443
2330 	 3310 	 0.958879 	 0.0011177	0.00233507
2330 	 3315 	 0.95888 	 0.00111801	0.00233572
2330 	 3320 	 0.958881 	 0.00111832	0.00233637
2330 	 3325 	 0.958881 	 0.00111862	0.00233701
2330 	 3330 	 0.958882 	 0.00111893	0.00233765
2330 	 3335 	 0.958883 	 0.00111924	0.0023383
2330 	 3340 	 0.958884 	 0.00111955	0.00233894
2330 	 3345 	 0.958885 	 0.00111985	0.00233958
2330 	 3350 	 0.958885 	 0.00112016	0.00234022
2330 	 3355 	 0.958886 	 0.00112046	0.00234085
2330 	 3360 	 0.958887 	 0.00112077	0.00234149
2330 	 3365 	 0.958888 	 0.00112107	0.00234213
2330 	 3370 	 0.958889 	 0.00112138	0.00234276
2330 	 3375 	 0.958889 	 0.00112168	0.00234339
2330 	 3380 	 0.95889 	 0.00112198	0.00234402
2330 	 3385 	 0.958891 	 0.00112228	0.00234465
2330 	 3390 	 0.958892 	 0.00112258	0.00234528
2330 	 3395 	 0.958893 	 0.00112288	0.00234591
2330 	 3400 	 0.958893 	 0.00112318	0.00234654
2330 	 3405 	 0.958894 	 0.00112348	0.00234716
2330 	 3410 	 0.958895 	 0.00112378	0.00234779
2330 	 3415 	 0.958896 	 0.00112408	0.00234841
2330 	 3420 	 0.958896 	 0.00112438	0.00234903
2330 	 3425 	 0.958897 	 0.00112468	0.00234965
2330 	 3430 	 0.958898 	 0.00112497	0.00235027
2330 	 3435 	 0.958899 	 0.00112527	0.00235089
2330 	 3440 	 0.9589 	 0.00112557	0.00235151
2330 	 3445 	 0.9589 	 0.00112586	0.00235213
2330 	 3450 	 0.958901 	 0.00112615	0.00235274
2330 	 3455 	 0.958902 	 0.00112645	0.00235336
2330 	 3460 	 0.958903 	 0.00112674	0.00235397
2330 	 3465 	 0.958903 	 0.00112704	0.00235458
2330 	 3470 	 0.958904 	 0.00112733	0.00235519
2330 	 3475 	 0.958905 	 0.00112762	0.0023558
2330 	 3480 	 0.958906 	 0.00112791	0.00235641
2330 	 3485 	 0.958906 	 0.0011282	0.00235702
2330 	 3490 	 0.958907 	 0.00112849	0.00235762
2330 	 3495 	 0.958908 	 0.00112878	0.00235823
2330 	 3500 	 0.958909 	 0.00112907	0.00235883
2330 	 3505 	 0.958909 	 0.00112936	0.00235944
2330 	 3510 	 0.95891 	 0.00112965	0.00236004
2330 	 3515 	 0.958911 	 0.00112994	0.00236064
2330 	 3520 	 0.958912 	 0.00113022	0.00236124
2330 	 3525 	 0.958912 	 0.00113051	0.00236184
2330 	 3530 	 0.958913 	 0.00113079	0.00236244
2330 	 3535 	 0.958914 	 0.00113108	0.00236303
2330 	 3540 	 0.958915 	 0.00113137	0.00236363
2330 	 3545 	 0.958915 	 0.00113165	0.00236422
2330 	 3550 	 0.958916 	 0.00113193	0.00236482
2330 	 3555 	 0.958917 	 0.00113222	0.00236541
2330 	 3560 	 0.958918 	 0.0011325	0.002366
2330 	 3565 	 0.958918 	 0.00113278	0.00236659
2330 	 3570 	 0.958919 	 0.00113307	0.00236718
2330 	 3575 	 0.95892 	 0.00113335	0.00236777
2330 	 3580 	 0.95892 	 0.00113363	0.00236836
2330 	 3585 	 0.958921 	 0.00113391	0.00236894
2330 	 3590 	 0.958922 	 0.00113419	0.00236953
2330 	 3595 	 0.958923 	 0.00113447	0.00237011
2330 	 3600 	 0.958923 	 0.00113475	0.00237069
2330 	 3605 	 0.958924 	 0.00113503	0.00237127
2330 	 3610 	 0.958925 	 0.0011353	0.00237186
2330 	 3615 	 0.958925 	 0.00113558	0.00237244
2330 	 3620 	 0.958926 	 0.00113586	0.00237301
2330 	 3625 	 0.958927 	 0.00113613	0.00237359
2330 	 3630 	 0.958928 	 0.00113641	0.00237417
2330 	 3635 	 0.958928 	 0.00113669	0.00237474
2330 	 3640 	 0.958929 	 0.00113696	0.00237532
2330 	 3645 	 0.95893 	 0.00113724	0.00237589
2330 	 3650 	 0.95893 	 0.00113751	0.00237647
2330 	 3655 	 0.958931 	 0.00113778	0.00237704
2330 	 3660 	 0.958932 	 0.00113806	0.00237761
2330 	 3665 	 0.958932 	 0.00113833	0.00237818
2330 	 3670 	 0.958933 	 0.0011386	0.00237875
2330 	 3675 	 0.958934 	 0.00113887	0.00237932
2330 	 3680 	 0.958934 	 0.00113915	0.00237988
2330 	 3685 	 0.958935 	 0.00113942	0.00238045
2330 	 3690 	 0.958936 	 0.00113969	0.00238101
2330 	 3695 	 0.958937 	 0.00113996	0.00238158
2330 	 3700 	 0.958937 	 0.00114023	0.00238214
2330 	 3705 	 0.958938 	 0.00114049	0.0023827
2330 	 3710 	 0.958939 	 0.00114076	0.00238326
2330 	 3715 	 0.958939 	 0.00114103	0.00238382
2330 	 3720 	 0.95894 	 0.0011413	0.00238438
2330 	 3725 	 0.958941 	 0.00114157	0.00238494
2330 	 3730 	 0.958941 	 0.00114183	0.0023855
2330 	 3735 	 0.958942 	 0.0011421	0.00238605
2330 	 3740 	 0.958943 	 0.00114236	0.00238661
2330 	 3745 	 0.958943 	 0.00114263	0.00238716
2330 	 3750 	 0.958944 	 0.00114289	0.00238772
2330 	 3755 	 0.958945 	 0.00114316	0.00238827
2330 	 3760 	 0.958945 	 0.00114342	0.00238882
2330 	 3765 	 0.958946 	 0.00114369	0.00238937
2330 	 3770 	 0.958947 	 0.00114395	0.00238992
2330 	 3775 	 0.958947 	 0.00114421	0.00239047
2330 	 3780 	 0.958948 	 0.00114447	0.00239102
2330 	 3785 	 0.958949 	 0.00114474	0.00239156
2330 	 3790 	 0.958949 	 0.001145	0.00239211
2330 	 3795 	 0.95895 	 0.00114526	0.00239265
2330 	 3800 	 0.958951 	 0.00114552	0.0023932
2330 	 3805 	 0.958951 	 0.00114578	0.00239374
2330 	 3810 	 0.958952 	 0.00114604	0.00239428
2330 	 3815 	 0.958953 	 0.0011463	0.00239482
2330 	 3820 	 0.958953 	 0.00114656	0.00239536
2330 	 3825 	 0.958954 	 0.00114681	0.0023959
2330 	 3830 	 0.958954 	 0.00114707	0.00239644
2330 	 3835 	 0.958955 	 0.00114733	0.00239698
2330 	 3840 	 0.958956 	 0.00114759	0.00239752
2330 	 3845 	 0.958956 	 0.00114784	0.00239805
2330 	 3850 	 0.958957 	 0.0011481	0.00239859
2330 	 3855 	 0.958958 	 0.00114835	0.00239912
2330 	 3860 	 0.958958 	 0.00114861	0.00239965
2330 	 3865 	 0.958959 	 0.00114886	0.00240019
2330 	 3870 	 0.95896 	 0.00114912	0.00240072
2330 	 3875 	 0.95896 	 0.00114937	0.00240125
2330 	 3880 	 0.958961 	 0.00114963	0.00240178
2330 	 3885 	 0.958961 	 0.00114988	0.00240231
2330 	 3890 	 0.958962 	 0.00115013	0.00240283
2330 	 3895 	 0.958963 	 0.00115038	0.00240336
2330 	 3900 	 0.958963 	 0.00115064	0.00240389
2330 	 3905 	 0.958964 	 0.00115089	0.00240441
2330 	 3910 	 0.958965 	 0.00115114	0.00240494
2330 	 3915 	 0.958965 	 0.00115139	0.00240546
2330 	 3920 	 0.958966 	 0.00115164	0.00240598
2330 	 3925 	 0.958966 	 0.00115189	0.0024065
2330 	 3930 	 0.958967 	 0.00115214	0.00240703
2330 	 3935 	 0.958968 	 0.00115239	0.00240755
2330 	 3940 	 0.958968 	 0.00115264	0.00240806
2330 	 3945 	 0.958969 	 0.00115288	0.00240858
2330 	 3950 	 0.958969 	 0.00115313	0.0024091
2330 	 3955 	 0.95897 	 0.00115338	0.00240962
2330 	 3960 	 0.958971 	 0.00115363	0.00241013
2330 	 3965 	 0.958971 	 0.00115387	0.00241065
2330 	 3970 	 0.958972 	 0.00115412	0.00241116
2330 	 3975 	 0.958973 	 0.00115436	0.00241168
2330 	 3980 	 0.958973 	 0.00115461	0.00241219
2330 	 3985 	 0.958974 	 0.00115485	0.0024127
2330 	 3990 	 0.958974 	 0.0011551	0.00241321
2330 	 3995 	 0.958975 	 0.00115534	0.00241372
2330 	 4000 	 0.958976 	 0.00115559	0.00241423
2330 	 4005 	 0.958976 	 0.00115583	0.00241474
2330 	 4010 	 0.958977 	 0.00115607	0.00241525
2330 	 4015 	 0.958977 	 0.00115631	0.00241575
2330 	 4020 	 0.958978 	 0.00115656	0.00241626
2330 	 4025 	 0.958978 	 0.0011568	0.00241676
2330 	 4030 	 0.958979 	 0.00115704	0.00241727
2330 	 4035 	 0.95898 	 0.00115728	0.00241777
2330 	 4040 	 0.95898 	 0.00115752	0.00241827
2330 	 4045 	 0.958981 	 0.00115776	0.00241878
2330 	 4050 	 0.958981 	 0.001158	0.00241928
2330 	 4055 	 0.958982 	 0.00115824	0.00241978
2330 	 4060 	 0.958983 	 0.00115848	0.00242028
2330 	 4065 	 0.958983 	 0.00115872	0.00242078
2330 	 4070 	 0.958984 	 0.00115896	0.00242127
2330 	 4075 	 0.958984 	 0.0011592	0.00242177
2330 	 4080 	 0.958985 	 0.00115943	0.00242227
2330 	 4085 	 0.958985 	 0.00115967	0.00242276
2330 	 4090 	 0.958986 	 0.00115991	0.00242326
2330 	 4095 	 0.958987 	 0.00116014	0.00242375
2330 	 4100 	 0.958987 	 0.00116038	0.00242424
2330 	 4105 	 0.958988 	 0.00116061	0.00242474
2330 	 4110 	 0.958988 	 0.00116085	0.00242523
2330 	 4115 	 0.958989 	 0.00116109	0.00242572
2330 	 4120 	 0.958989 	 0.00116132	0.00242621
2330 	 4125 	 0.95899 	 0.00116155	0.0024267
2330 	 4130 	 0.958991 	 0.00116179	0.00242719
2330 	 4135 	 0.958991 	 0.00116202	0.00242767
2330 	 4140 	 0.958992 	 0.00116225	0.00242816
2330 	 4145 	 0.958992 	 0.00116249	0.00242865
2330 	 4150 	 0.958993 	 0.00116272	0.00242913
2330 	 4155 	 0.958993 	 0.00116295	0.00242962
2330 	 4160 	 0.958994 	 0.00116318	0.0024301
2330 	 4165 	 0.958995 	 0.00116341	0.00243058
2330 	 4170 	 0.958995 	 0.00116365	0.00243107
2330 	 4175 	 0.958996 	 0.00116388	0.00243155
2330 	 4180 	 0.958996 	 0.00116411	0.00243203
2330 	 4185 	 0.958997 	 0.00116434	0.00243251
2330 	 4190 	 0.958997 	 0.00116457	0.00243299
2330 	 4195 	 0.958998 	 0.00116479	0.00243347
2330 	 4200 	 0.958998 	 0.00116502	0.00243395
2330 	 4205 	 0.958999 	 0.00116525	0.00243442
2330 	 4210 	 0.959 	 0.00116548	0.0024349
2330 	 4215 	 0.959 	 0.00116571	0.00243538
2330 	 4220 	 0.959001 	 0.00116593	0.00243585
2330 	 4225 	 0.959001 	 0.00116616	0.00243632
2330 	 4230 	 0.959002 	 0.00116639	0.0024368
2330 	 4235 	 0.959002 	 0.00116661	0.00243727
2330 	 4240 	 0.959003 	 0.00116684	0.00243774
2330 	 4245 	 0.959003 	 0.00116707	0.00243821
2330 	 4250 	 0.959004 	 0.00116729	0.00243869
2330 	 4255 	 0.959004 	 0.00116752	0.00243916
2330 	 4260 	 0.959005 	 0.00116774	0.00243962
2330 	 4265 	 0.959006 	 0.00116797	0.00244009
2330 	 4270 	 0.959006 	 0.00116819	0.00244056
2330 	 4275 	 0.959007 	 0.00116841	0.00244103
2330 	 4280 	 0.959007 	 0.00116864	0.00244149
2330 	 4285 	 0.959008 	 0.00116886	0.00244196
2330 	 4290 	 0.959008 	 0.00116908	0.00244242
2330 	 4295 	 0.959009 	 0.0011693	0.00244289
2330 	 4300 	 0.959009 	 0.00116953	0.00244335
2330 	 4305 	 0.95901 	 0.00116975	0.00244382
2330 	 4310 	 0.95901 	 0.00116997	0.00244428
2330 	 4315 	 0.959011 	 0.00117019	0.00244474
2330 	 4320 	 0.959011 	 0.00117041	0.0024452
2330 	 4325 	 0.959012 	 0.00117063	0.00244566
2330 	 4330 	 0.959012 	 0.00117085	0.00244612
2330 	 4335 	 0.959013 	 0.00117107	0.00244658
2330 	 4340 	 0.959013 	 0.00117129	0.00244704
2330 	 4345 	 0.959014 	 0.00117151	0.00244749
2330 	 4350 	 0.959014 	 0.00117173	0.00244795
2330 	 4355 	 0.959015 	 0.00117194	0.00244841
2330 	 4360 	 0.959016 	 0.00117216	0.00244886
2330 	 4365 	 0.959016 	 0.00117238	0.00244931
2330 	 4370 	 0.959017 	 0.0011726	0.00244977
2330 	 4375 	 0.959017 	 0.00117281	0.00245022
2330 	 4380 	 0.959018 	 0.00117303	0.00245067
2330 	 4385 	 0.959018 	 0.00117325	0.00245113
2330 	 4390 	 0.959019 	 0.00117346	0.00245158
2330 	 4395 	 0.959019 	 0.00117368	0.00245203
2330 	 4400 	 0.95902 	 0.00117389	0.00245248
2330 	 4405 	 0.95902 	 0.00117411	0.00245293
2330 	 4410 	 0.959021 	 0.00117432	0.00245338
2330 	 4415 	 0.959021 	 0.00117454	0.00245382
2330 	 4420 	 0.959022 	 0.00117475	0.00245427
2330 	 4425 	 0.959022 	 0.00117497	0.00245472
2330 	 4430 	 0.959023 	 0.00117518	0.00245516
2330 	 4435 	 0.959023 	 0.00117539	0.00245561
2330 	 4440 	 0.959024 	 0.0011756	0.00245605
2330 	 4445 	 0.959024 	 0.00117582	0.0024565
2330 	 4450 	 0.959025 	 0.00117603	0.00245694
2330 	 4455 	 0.959025 	 0.00117624	0.00245738
2330 	 4460 	 0.959026 	 0.00117645	0.00245782
2330 	 4465 	 0.959026 	 0.00117666	0.00245826
2330 	 4470 	 0.959027 	 0.00117687	0.00245871
2330 	 4475 	 0.959027 	 0.00117709	0.00245915
2330 	 4480 	 0.959028 	 0.0011773	0.00245958
2330 	 4485 	 0.959028 	 0.00117751	0.00246002
2330 	 4490 	 0.959029 	 0.00117772	0.00246046
2330 	 4495 	 0.959029 	 0.00117792	0.0024609
2330 	 4500 	 0.95903 	 0.00117813	0.00246134
2330 	 4505 	 0.95903 	 0.00117834	0.00246177
2330 	 4510 	 0.959031 	 0.00117855	0.00246221
2330 	 4515 	 0.959031 	 0.00117876	0.00246264
2330 	 4520 	 0.959032 	 0.00117897	0.00246308
2330 	 4525 	 0.959032 	 0.00117917	0.00246351
2330 	 4530 	 0.959033 	 0.00117938	0.00246394
2330 	 4535 	 0.959033 	 0.00117959	0.00246438
2330 	 4540 	 0.959033 	 0.0011798	0.00246481
2330 	 4545 	 0.959034 	 0.00118	0.00246524
2330 	 4550 	 0.959034 	 0.00118021	0.00246567
2330 	 4555 	 0.959035 	 0.00118041	0.0024661
2330 	 4560 	 0.959035 	 0.00118062	0.00246653
2330 	 4565 	 0.959036 	 0.00118082	0.00246696
2330 	 4570 	 0.959036 	 0.00118103	0.00246738
2330 	 4575 	 0.959037 	 0.00118123	0.00246781
2330 	 4580 	 0.959037 	 0.00118144	0.00246824
2330 	 4585 	 0.959038 	 0.00118164	0.00246866
2330 	 4590 	 0.959038 	 0.00118185	0.00246909
2330 	 4595 	 0.959039 	 0.00118205	0.00246952
2330 	 4600 	 0.959039 	 0.00118225	0.00246994
2330 	 4605 	 0.95904 	 0.00118245	0.00247036
2330 	 4610 	 0.95904 	 0.00118266	0.00247079
2330 	 4615 	 0.959041 	 0.00118286	0.00247121
2330 	 4620 	 0.959041 	 0.00118306	0.00247163
2330 	 4625 	 0.959042 	 0.00118326	0.00247205
2330 	 4630 	 0.959042 	 0.00118346	0.00247247
2330 	 4635 	 0.959043 	 0.00118367	0.00247289
2330 	 4640 	 0.959043 	 0.00118387	0.00247331
2330 	 4645 	 0.959043 	 0.00118407	0.00247373
2330 	 4650 	 0.959044 	 0.00118427	0.00247415
2330 	 4655 	 0.959044 	 0.00118447	0.00247457
2330 	 4660 	 0.959045 	 0.00118467	0.00247498
2330 	 4665 	 0.959045 	 0.00118487	0.0024754
2330 	 4670 	 0.959046 	 0.00118507	0.00247582
2330 	 4675 	 0.959046 	 0.00118526	0.00247623
2330 	 4680 	 0.959047 	 0.00118546	0.00247665
2330 	 4685 	 0.959047 	 0.00118566	0.00247706
2330 	 4690 	 0.959048 	 0.00118586	0.00247748
2330 	 4695 	 0.959048 	 0.00118606	0.00247789
2330 	 4700 	 0.959048 	 0.00118625	0.0024783
2330 	 4705 	 0.959049 	 0.00118645	0.00247871
2330 	 4710 	 0.959049 	 0.00118665	0.00247912
2330 	 4715 	 0.95905 	 0.00118684	0.00247953
2330 	 4720 	 0.95905 	 0.00118704	0.00247994
2330 	 4725 	 0.959051 	 0.00118724	0.00248035
2330 	 4730 	 0.959051 	 0.00118743	0.00248076
2330 	 4735 	 0.959052 	 0.00118763	0.00248117
2330 	 4740 	 0.959052 	 0.00118782	0.00248158
2330 	 4745 	 0.959053 	 0.00118802	0.00248199
2330 	 4750 	 0.959053 	 0.00118821	0.00248239
2330 	 4755 	 0.959053 	 0.00118841	0.0024828
2330 	 4760 	 0.959054 	 0.0011886	0.00248321
2330 	 4765 	 0.959054 	 0.0011888	0.00248361
2330 	 4770 	 0.959055 	 0.00118899	0.00248402
2330 	 4775 	 0.959055 	 0.00118918	0.00248442
2330 	 4780 	 0.959056 	 0.00118938	0.00248482
2330 	 4785 	 0.959056 	 0.00118957	0.00248523
2330 	 4790 	 0.959057 	 0.00118976	0.00248563
2330 	 4795 	 0.959057 	 0.00118995	0.00248603
2330 	 4800 	 0.959057 	 0.00119015	0.00248643
2330 	 4805 	 0.959058 	 0.00119034	0.00248683
2330 	 4810 	 0.959058 	 0.00119053	0.00248723
2330 	 4815 	 0.959059 	 0.00119072	0.00248763
2330 	 4820 	 0.959059 	 0.00119091	0.00248803
2330 	 4825 	 0.95906 	 0.0011911	0.00248843
2330 	 4830 	 0.95906 	 0.00119129	0.00248883
2330 	 4835 	 0.959061 	 0.00119148	0.00248922
2330 	 4840 	 0.959061 	 0.00119167	0.00248962
2330 	 4845 	 0.959061 	 0.00119186	0.00249002
2330 	 4850 	 0.959062 	 0.00119205	0.00249041
2330 	 4855 	 0.959062 	 0.00119224	0.00249081
2330 	 4860 	 0.959063 	 0.00119243	0.0024912
2330 	 4865 	 0.959063 	 0.00119262	0.0024916
2330 	 4870 	 0.959064 	 0.00119281	0.00249199
2330 	 4875 	 0.959064 	 0.00119299	0.00249238
2330 	 4880 	 0.959064 	 0.00119318	0.00249278
2330 	 4885 	 0.959065 	 0.00119337	0.00249317
2330 	 4890 	 0.959065 	 0.00119356	0.00249356
2330 	 4895 	 0.959066 	 0.00119374	0.00249395
2330 	 4900 	 0.959066 	 0.00119393	0.00249434
2330 	 4905 	 0.959067 	 0.00119412	0.00249473
2330 	 4910 	 0.959067 	 0.0011943	0.00249512
2330 	 4915 	 0.959067 	 0.00119449	0.00249551
2330 	 4920 	 0.959068 	 0.00119468	0.0024959
2330 	 4925 	 0.959068 	 0.00119486	0.00249628
2330 	 4930 	 0.959069 	 0.00119505	0.00249667
2330 	 4935 	 0.959069 	 0.00119523	0.00249706
2330 	 4940 	 0.959069 	 0.00119542	0.00249744
2330 	 4945 	 0.95907 	 0.0011956	0.00249783
2330 	 4950 	 0.95907 	 0.00119579	0.00249822
2330 	 4955 	 0.959071 	 0.00119597	0.0024986
2330 	 4960 	 0.959071 	 0.00119615	0.00249898
2330 	 4965 	 0.959072 	 0.00119634	0.00249937
2330 	 4970 	 0.959072 	 0.00119652	0.00249975
2330 	 4975 	 0.959072 	 0.0011967	0.00250013
2330 	 4980 	 0.959073 	 0.00119689	0.00250052
2330 	 4985 	 0.959073 	 0.00119707	0.0025009
2330 	 4990 	 0.959074 	 0.00119725	0.00250128
2330 	 4995 	 0.959074 	 0.00119743	0.00250166
2330 	 5000 	 0.959074 	 0.00119762	0.00250204
