500 	 5 	 0.874969 	 0.00526862	0.0110071
500 	 10 	 0.877577 	 0.00422864	0.0088344
500 	 15 	 0.881236 	 0.00311366	0.00650501
500 	 20 	 0.886071 	 0.00205241	0.00428785
500 	 25 	 0.891979 	 0.00122586	0.00256104
500 	 30 	 0.898541 	 0.00112509	0.00235053
500 	 35 	 0.910935 	 0.00180597	0.00377301
500 	 40 	 0.91992 	 0.000980067	0.00204754
500 	 45 	 0.927027 	 0.000737273	0.0015403
500 	 50 	 0.932465 	 0.000699831	0.00146207
500 	 55 	 0.936514 	 0.000608936	0.00127218
500 	 60 	 0.939487 	 0.000470649	0.000983272
500 	 65 	 0.941673 	 0.000348623	0.000728337
500 	 70 	 0.9433 	 0.000293339	0.000612839
500 	 75 	 0.944537 	 0.00030727	0.000641943
500 	 80 	 0.945501 	 0.000351509	0.000734366
500 	 85 	 0.946275 	 0.000399052	0.000833692
500 	 90 	 0.946912 	 0.000441841	0.000923086
500 	 95 	 0.94745 	 0.000479263	0.00100127
500 	 100 	 0.947914 	 0.000512433	0.00107057
500 	 105 	 0.948321 	 0.000542426	0.00113323
500 	 110 	 0.948683 	 0.000569918	0.00119066
500 	 115 	 0.949009 	 0.000595256	0.0012436
500 	 120 	 0.949306 	 0.000618596	0.00129236
500 	 125 	 0.949577 	 0.000640013	0.0013371
500 	 130 	 0.949828 	 0.00065956	0.00137794
500 	 135 	 0.950059 	 0.000677299	0.001415
500 	 140 	 0.950274 	 0.000693311	0.00144845
500 	 145 	 0.950475 	 0.000707692	0.0014785
500 	 150 	 0.950663 	 0.000720552	0.00150536
500 	 155 	 0.95084 	 0.000732005	0.00152929
500 	 160 	 0.951006 	 0.000742165	0.00155052
500 	 165 	 0.951162 	 0.000751147	0.00156928
500 	 170 	 0.95131 	 0.000759057	0.00158581
500 	 175 	 0.95145 	 0.000765996	0.0016003
500 	 180 	 0.951583 	 0.000772057	0.00161297
500 	 185 	 0.951709 	 0.000777328	0.00162398
500 	 190 	 0.951829 	 0.000781885	0.0016335
500 	 195 	 0.951943 	 0.0007858	0.00164168
500 	 200 	 0.952052 	 0.000789137	0.00164865
500 	 205 	 0.952156 	 0.000791954	0.00165454
500 	 210 	 0.952256 	 0.000794303	0.00165944
500 	 215 	 0.952351 	 0.000796232	0.00166347
500 	 220 	 0.952442 	 0.000797782	0.00166671
500 	 225 	 0.95253 	 0.000798991	0.00166924
500 	 230 	 0.952614 	 0.000799895	0.00167113
500 	 235 	 0.952695 	 0.000800523	0.00167244
500 	 240 	 0.952773 	 0.000800904	0.00167323
500 	 245 	 0.952848 	 0.000801062	0.00167356
500 	 250 	 0.95292 	 0.00080102	0.00167348
500 	 255 	 0.95299 	 0.000800798	0.00167301
500 	 260 	 0.953057 	 0.000800416	0.00167221
500 	 265 	 0.953122 	 0.000799889	0.00167111
500 	 270 	 0.953184 	 0.000799233	0.00166974
500 	 275 	 0.953245 	 0.000798461	0.00166813
500 	 280 	 0.953304 	 0.000797585	0.0016663
500 	 285 	 0.953361 	 0.000796617	0.00166428
500 	 290 	 0.953416 	 0.000795567	0.00166209
500 	 295 	 0.953469 	 0.000794445	0.00165974
500 	 300 	 0.953521 	 0.000793258	0.00165726
500 	 305 	 0.953572 	 0.000792014	0.00165466
500 	 310 	 0.95362 	 0.00079072	0.00165196
500 	 315 	 0.953668 	 0.000789382	0.00164916
500 	 320 	 0.953714 	 0.000788007	0.00164629
500 	 325 	 0.953759 	 0.000786599	0.00164335
500 	 330 	 0.953803 	 0.000785163	0.00164035
500 	 335 	 0.953845 	 0.000783703	0.0016373
500 	 340 	 0.953887 	 0.000782224	0.00163421
500 	 345 	 0.953927 	 0.000780729	0.00163109
500 	 350 	 0.953966 	 0.000779221	0.00162793
500 	 355 	 0.954005 	 0.000777703	0.00162476
500 	 360 	 0.954042 	 0.000776178	0.00162158
500 	 365 	 0.954078 	 0.000774649	0.00161838
500 	 370 	 0.954114 	 0.000773117	0.00161518
500 	 375 	 0.954149 	 0.000771584	0.00161198
500 	 380 	 0.954183 	 0.000770054	0.00160878
500 	 385 	 0.954216 	 0.000768526	0.00160559
500 	 390 	 0.954248 	 0.000767003	0.00160241
500 	 395 	 0.95428 	 0.000765487	0.00159924
500 	 400 	 0.954311 	 0.000763977	0.00159609
500 	 405 	 0.954341 	 0.000762477	0.00159295
500 	 410 	 0.954371 	 0.000760986	0.00158984
500 	 415 	 0.9544 	 0.000759505	0.00158674
500 	 420 	 0.954428 	 0.000758036	0.00158368
500 	 425 	 0.954456 	 0.000756579	0.00158063
500 	 430 	 0.954484 	 0.000755135	0.00157761
500 	 435 	 0.95451 	 0.000753704	0.00157462
500 	 440 	 0.954536 	 0.000752287	0.00157166
500 	 445 	 0.954562 	 0.000750884	0.00156873
500 	 450 	 0.954587 	 0.000749497	0.00156584
500 	 455 	 0.954612 	 0.000748124	0.00156297
500 	 460 	 0.954636 	 0.000746768	0.00156013
500 	 465 	 0.95466 	 0.000745427	0.00155733
500 	 470 	 0.954683 	 0.000744102	0.00155456
500 	 475 	 0.954706 	 0.000742793	0.00155183
500 	 480 	 0.954729 	 0.000741501	0.00154913
500 	 485 	 0.954751 	 0.000740225	0.00154647
500 	 490 	 0.954772 	 0.000738966	0.00154384
500 	 495 	 0.954793 	 0.000737724	0.00154124
500 	 500 	 0.954814 	 0.000736499	0.00153868
500 	 505 	 0.954835 	 0.000735291	0.00153616
500 	 510 	 0.954855 	 0.0007341	0.00153367
500 	 515 	 0.954875 	 0.000732925	0.00153121
500 	 520 	 0.954894 	 0.000731768	0.0015288
500 	 525 	 0.954914 	 0.000730627	0.00152641
500 	 530 	 0.954933 	 0.000729504	0.00152407
500 	 535 	 0.954951 	 0.000728397	0.00152175
500 	 540 	 0.954969 	 0.000727307	0.00151948
500 	 545 	 0.954987 	 0.000726233	0.00151723
500 	 550 	 0.955005 	 0.000725176	0.00151503
500 	 555 	 0.955022 	 0.000724136	0.00151285
500 	 560 	 0.95504 	 0.000723112	0.00151071
500 	 565 	 0.955056 	 0.000722104	0.00150861
500 	 570 	 0.955073 	 0.000721112	0.00150653
500 	 575 	 0.955089 	 0.000720136	0.0015045
500 	 580 	 0.955106 	 0.000719176	0.00150249
500 	 585 	 0.955121 	 0.000718232	0.00150052
500 	 590 	 0.955137 	 0.000717303	0.00149858
500 	 595 	 0.955152 	 0.00071639	0.00149667
500 	 600 	 0.955168 	 0.000715492	0.00149479
500 	 605 	 0.955183 	 0.00071461	0.00149295
500 	 610 	 0.955197 	 0.000713742	0.00149114
500 	 615 	 0.955212 	 0.000712889	0.00148936
500 	 620 	 0.955226 	 0.000712051	0.0014876
500 	 625 	 0.95524 	 0.000711227	0.00148588
500 	 630 	 0.955254 	 0.000710418	0.00148419
500 	 635 	 0.955268 	 0.000709623	0.00148253
500 	 640 	 0.955282 	 0.000708842	0.0014809
500 	 645 	 0.955295 	 0.000708075	0.0014793
500 	 650 	 0.955308 	 0.000707321	0.00147772
500 	 655 	 0.955321 	 0.000706581	0.00147618
500 	 660 	 0.955334 	 0.000705854	0.00147466
500 	 665 	 0.955347 	 0.000705141	0.00147317
500 	 670 	 0.955359 	 0.000704441	0.00147171
500 	 675 	 0.955372 	 0.000703753	0.00147027
500 	 680 	 0.955384 	 0.000703079	0.00146886
500 	 685 	 0.955396 	 0.000702417	0.00146748
500 	 690 	 0.955408 	 0.000701767	0.00146612
500 	 695 	 0.95542 	 0.000701129	0.00146479
500 	 700 	 0.955431 	 0.000700504	0.00146348
500 	 705 	 0.955443 	 0.000699891	0.0014622
500 	 710 	 0.955454 	 0.000699289	0.00146094
500 	 715 	 0.955465 	 0.000698699	0.00145971
500 	 720 	 0.955476 	 0.00069812	0.0014585
500 	 725 	 0.955487 	 0.000697553	0.00145732
500 	 730 	 0.955498 	 0.000696997	0.00145615
500 	 735 	 0.955509 	 0.000696452	0.00145501
500 	 740 	 0.955519 	 0.000695917	0.0014539
500 	 745 	 0.95553 	 0.000695394	0.0014528
500 	 750 	 0.95554 	 0.000694881	0.00145173
500 	 755 	 0.95555 	 0.000694378	0.00145068
500 	 760 	 0.95556 	 0.000693886	0.00144965
500 	 765 	 0.95557 	 0.000693403	0.00144865
500 	 770 	 0.95558 	 0.000692931	0.00144766
500 	 775 	 0.95559 	 0.000692469	0.00144669
500 	 780 	 0.9556 	 0.000692016	0.00144575
500 	 785 	 0.955609 	 0.000691573	0.00144482
500 	 790 	 0.955619 	 0.000691139	0.00144392
500 	 795 	 0.955628 	 0.000690715	0.00144303
500 	 800 	 0.955637 	 0.0006903	0.00144216
500 	 805 	 0.955646 	 0.000689894	0.00144131
500 	 810 	 0.955655 	 0.000689496	0.00144048
500 	 815 	 0.955664 	 0.000689108	0.00143967
500 	 820 	 0.955673 	 0.000688728	0.00143888
500 	 825 	 0.955682 	 0.000688357	0.0014381
500 	 830 	 0.95569 	 0.000687994	0.00143735
500 	 835 	 0.955699 	 0.00068764	0.0014366
500 	 840 	 0.955708 	 0.000687293	0.00143588
500 	 845 	 0.955716 	 0.000686955	0.00143517
500 	 850 	 0.955724 	 0.000686625	0.00143448
500 	 855 	 0.955732 	 0.000686302	0.00143381
500 	 860 	 0.955741 	 0.000685987	0.00143315
500 	 865 	 0.955749 	 0.00068568	0.00143251
500 	 870 	 0.955757 	 0.000685381	0.00143188
500 	 875 	 0.955765 	 0.000685088	0.00143127
500 	 880 	 0.955772 	 0.000684803	0.00143068
500 	 885 	 0.95578 	 0.000684526	0.0014301
500 	 890 	 0.955788 	 0.000684255	0.00142953
500 	 895 	 0.955795 	 0.000683991	0.00142898
500 	 900 	 0.955803 	 0.000683734	0.00142845
500 	 905 	 0.95581 	 0.000683484	0.00142792
500 	 910 	 0.955818 	 0.000683241	0.00142741
500 	 915 	 0.955825 	 0.000683004	0.00142692
500 	 920 	 0.955832 	 0.000682773	0.00142644
500 	 925 	 0.955839 	 0.000682549	0.00142597
500 	 930 	 0.955847 	 0.000682332	0.00142552
500 	 935 	 0.955854 	 0.00068212	0.00142507
500 	 940 	 0.955861 	 0.000681915	0.00142464
500 	 945 	 0.955868 	 0.000681715	0.00142423
500 	 950 	 0.955874 	 0.000681522	0.00142382
500 	 955 	 0.955881 	 0.000681334	0.00142343
500 	 960 	 0.955888 	 0.000681153	0.00142305
500 	 965 	 0.955895 	 0.000680977	0.00142268
500 	 970 	 0.955901 	 0.000680806	0.00142233
500 	 975 	 0.955908 	 0.000680641	0.00142198
500 	 980 	 0.955914 	 0.000680481	0.00142165
500 	 985 	 0.955921 	 0.000680327	0.00142133
500 	 990 	 0.955927 	 0.000680178	0.00142102
500 	 995 	 0.955933 	 0.000680035	0.00142072
500 	 1000 	 0.95594 	 0.000679896	0.00142043
500 	 1005 	 0.955946 	 0.000679762	0.00142015
500 	 1010 	 0.955952 	 0.000679634	0.00141988
500 	 1015 	 0.955958 	 0.00067951	0.00141962
500 	 1020 	 0.955964 	 0.000679391	0.00141937
500 	 1025 	 0.95597 	 0.000679277	0.00141913
500 	 1030 	 0.955976 	 0.000679168	0.00141891
500 	 1035 	 0.955982 	 0.000679063	0.00141869
500 	 1040 	 0.955988 	 0.000678963	0.00141848
500 	 1045 	 0.955994 	 0.000678868	0.00141828
500 	 1050 	 0.956 	 0.000678776	0.00141809
500 	 1055 	 0.956005 	 0.000678689	0.00141791
500 	 1060 	 0.956011 	 0.000678607	0.00141773
500 	 1065 	 0.956017 	 0.000678529	0.00141757
500 	 1070 	 0.956022 	 0.000678454	0.00141741
500 	 1075 	 0.956028 	 0.000678384	0.00141727
500 	 1080 	 0.956033 	 0.000678318	0.00141713
500 	 1085 	 0.956039 	 0.000678256	0.001417
500 	 1090 	 0.956044 	 0.000678198	0.00141688
500 	 1095 	 0.95605 	 0.000678144	0.00141677
500 	 1100 	 0.956055 	 0.000678094	0.00141666
500 	 1105 	 0.95606 	 0.000678047	0.00141656
500 	 1110 	 0.956065 	 0.000678004	0.00141647
500 	 1115 	 0.956071 	 0.000677965	0.00141639
500 	 1120 	 0.956076 	 0.000677929	0.00141632
500 	 1125 	 0.956081 	 0.000677897	0.00141625
500 	 1130 	 0.956086 	 0.000677869	0.00141619
500 	 1135 	 0.956091 	 0.000677844	0.00141614
500 	 1140 	 0.956096 	 0.000677822	0.00141609
500 	 1145 	 0.956101 	 0.000677804	0.00141606
500 	 1150 	 0.956106 	 0.000677789	0.00141602
500 	 1155 	 0.956111 	 0.000677777	0.001416
500 	 1160 	 0.956116 	 0.000677768	0.00141598
500 	 1165 	 0.956121 	 0.000677763	0.00141597
500 	 1170 	 0.956125 	 0.000677761	0.00141597
500 	 1175 	 0.95613 	 0.000677761	0.00141597
500 	 1180 	 0.956135 	 0.000677765	0.00141597
500 	 1185 	 0.95614 	 0.000677772	0.00141599
500 	 1190 	 0.956144 	 0.000677782	0.00141601
500 	 1195 	 0.956149 	 0.000677794	0.00141604
500 	 1200 	 0.956154 	 0.00067781	0.00141607
500 	 1205 	 0.956158 	 0.000677828	0.00141611
500 	 1210 	 0.956163 	 0.000677849	0.00141615
500 	 1215 	 0.956167 	 0.000677873	0.0014162
500 	 1220 	 0.956172 	 0.000677899	0.00141625
500 	 1225 	 0.956176 	 0.000677928	0.00141632
500 	 1230 	 0.95618 	 0.00067796	0.00141638
500 	 1235 	 0.956185 	 0.000677994	0.00141645
500 	 1240 	 0.956189 	 0.000678031	0.00141653
500 	 1245 	 0.956194 	 0.00067807	0.00141661
500 	 1250 	 0.956198 	 0.000678112	0.0014167
500 	 1255 	 0.956202 	 0.000678156	0.00141679
500 	 1260 	 0.956206 	 0.000678203	0.00141689
500 	 1265 	 0.95621 	 0.000678251	0.00141699
500 	 1270 	 0.956215 	 0.000678303	0.0014171
500 	 1275 	 0.956219 	 0.000678356	0.00141721
500 	 1280 	 0.956223 	 0.000678412	0.00141733
500 	 1285 	 0.956227 	 0.00067847	0.00141745
500 	 1290 	 0.956231 	 0.00067853	0.00141757
500 	 1295 	 0.956235 	 0.000678593	0.0014177
500 	 1300 	 0.956239 	 0.000678657	0.00141784
500 	 1305 	 0.956243 	 0.000678723	0.00141798
500 	 1310 	 0.956247 	 0.000678792	0.00141812
500 	 1315 	 0.956251 	 0.000678863	0.00141827
500 	 1320 	 0.956255 	 0.000678935	0.00141842
500 	 1325 	 0.956259 	 0.00067901	0.00141858
500 	 1330 	 0.956263 	 0.000679086	0.00141874
500 	 1335 	 0.956266 	 0.000679165	0.0014189
500 	 1340 	 0.95627 	 0.000679245	0.00141907
500 	 1345 	 0.956274 	 0.000679327	0.00141924
500 	 1350 	 0.956278 	 0.000679412	0.00141941
500 	 1355 	 0.956281 	 0.000679497	0.00141959
500 	 1360 	 0.956285 	 0.000679585	0.00141978
500 	 1365 	 0.956289 	 0.000679674	0.00141996
500 	 1370 	 0.956293 	 0.000679765	0.00142015
500 	 1375 	 0.956296 	 0.000679858	0.00142035
500 	 1380 	 0.9563 	 0.000679953	0.00142054
500 	 1385 	 0.956303 	 0.000680049	0.00142075
500 	 1390 	 0.956307 	 0.000680146	0.00142095
500 	 1395 	 0.956311 	 0.000680246	0.00142116
500 	 1400 	 0.956314 	 0.000680347	0.00142137
500 	 1405 	 0.956318 	 0.000680449	0.00142158
500 	 1410 	 0.956321 	 0.000680553	0.0014218
500 	 1415 	 0.956325 	 0.000680658	0.00142202
500 	 1420 	 0.956328 	 0.000680765	0.00142224
500 	 1425 	 0.956331 	 0.000680874	0.00142247
500 	 1430 	 0.956335 	 0.000680984	0.0014227
500 	 1435 	 0.956338 	 0.000681095	0.00142293
500 	 1440 	 0.956342 	 0.000681208	0.00142317
500 	 1445 	 0.956345 	 0.000681322	0.00142341
500 	 1450 	 0.956348 	 0.000681437	0.00142365
500 	 1455 	 0.956352 	 0.000681554	0.00142389
500 	 1460 	 0.956355 	 0.000681672	0.00142414
500 	 1465 	 0.956358 	 0.000681791	0.00142439
500 	 1470 	 0.956361 	 0.000681912	0.00142464
500 	 1475 	 0.956365 	 0.000682034	0.00142489
500 	 1480 	 0.956368 	 0.000682157	0.00142515
500 	 1485 	 0.956371 	 0.000682281	0.00142541
500 	 1490 	 0.956374 	 0.000682407	0.00142567
500 	 1495 	 0.956377 	 0.000682533	0.00142594
500 	 1500 	 0.95638 	 0.000682661	0.0014262
500 	 1505 	 0.956384 	 0.00068279	0.00142647
500 	 1510 	 0.956387 	 0.00068292	0.00142674
500 	 1515 	 0.95639 	 0.000683051	0.00142702
500 	 1520 	 0.956393 	 0.000683184	0.0014273
500 	 1525 	 0.956396 	 0.000683317	0.00142757
500 	 1530 	 0.956399 	 0.000683452	0.00142785
500 	 1535 	 0.956402 	 0.000683587	0.00142814
500 	 1540 	 0.956405 	 0.000683724	0.00142842
500 	 1545 	 0.956408 	 0.000683861	0.00142871
500 	 1550 	 0.956411 	 0.000684	0.001429
500 	 1555 	 0.956414 	 0.000684139	0.00142929
500 	 1560 	 0.956417 	 0.000684279	0.00142958
500 	 1565 	 0.95642 	 0.000684421	0.00142988
500 	 1570 	 0.956423 	 0.000684563	0.00143018
500 	 1575 	 0.956426 	 0.000684706	0.00143048
500 	 1580 	 0.956428 	 0.000684851	0.00143078
500 	 1585 	 0.956431 	 0.000684996	0.00143108
500 	 1590 	 0.956434 	 0.000685142	0.00143139
500 	 1595 	 0.956437 	 0.000685288	0.00143169
500 	 1600 	 0.95644 	 0.000685436	0.001432
500 	 1605 	 0.956443 	 0.000685584	0.00143231
500 	 1610 	 0.956445 	 0.000685734	0.00143262
500 	 1615 	 0.956448 	 0.000685884	0.00143294
500 	 1620 	 0.956451 	 0.000686035	0.00143325
500 	 1625 	 0.956454 	 0.000686186	0.00143357
500 	 1630 	 0.956456 	 0.000686339	0.00143389
500 	 1635 	 0.956459 	 0.000686492	0.00143421
500 	 1640 	 0.956462 	 0.000686646	0.00143453
500 	 1645 	 0.956464 	 0.000686801	0.00143485
500 	 1650 	 0.956467 	 0.000686956	0.00143518
500 	 1655 	 0.95647 	 0.000687112	0.0014355
500 	 1660 	 0.956472 	 0.000687269	0.00143583
500 	 1665 	 0.956475 	 0.000687426	0.00143616
500 	 1670 	 0.956478 	 0.000687584	0.00143649
500 	 1675 	 0.95648 	 0.000687743	0.00143682
500 	 1680 	 0.956483 	 0.000687903	0.00143715
500 	 1685 	 0.956485 	 0.000688063	0.00143749
500 	 1690 	 0.956488 	 0.000688223	0.00143782
500 	 1695 	 0.95649 	 0.000688385	0.00143816
500 	 1700 	 0.956493 	 0.000688547	0.0014385
500 	 1705 	 0.956496 	 0.000688709	0.00143884
500 	 1710 	 0.956498 	 0.000688872	0.00143918
500 	 1715 	 0.956501 	 0.000689036	0.00143952
500 	 1720 	 0.956503 	 0.0006892	0.00143987
500 	 1725 	 0.956506 	 0.000689365	0.00144021
500 	 1730 	 0.956508 	 0.000689531	0.00144055
500 	 1735 	 0.95651 	 0.000689696	0.0014409
500 	 1740 	 0.956513 	 0.000689863	0.00144125
500 	 1745 	 0.956515 	 0.00069003	0.0014416
500 	 1750 	 0.956518 	 0.000690197	0.00144195
500 	 1755 	 0.95652 	 0.000690365	0.0014423
500 	 1760 	 0.956523 	 0.000690534	0.00144265
500 	 1765 	 0.956525 	 0.000690703	0.001443
500 	 1770 	 0.956527 	 0.000690872	0.00144336
500 	 1775 	 0.95653 	 0.000691042	0.00144371
500 	 1780 	 0.956532 	 0.000691212	0.00144407
500 	 1785 	 0.956534 	 0.000691383	0.00144443
500 	 1790 	 0.956537 	 0.000691554	0.00144478
500 	 1795 	 0.956539 	 0.000691726	0.00144514
500 	 1800 	 0.956541 	 0.000691898	0.0014455
500 	 1805 	 0.956544 	 0.000692071	0.00144586
500 	 1810 	 0.956546 	 0.000692243	0.00144622
500 	 1815 	 0.956548 	 0.000692417	0.00144658
500 	 1820 	 0.95655 	 0.00069259	0.00144695
500 	 1825 	 0.956553 	 0.000692765	0.00144731
500 	 1830 	 0.956555 	 0.000692939	0.00144768
500 	 1835 	 0.956557 	 0.000693114	0.00144804
500 	 1840 	 0.956559 	 0.000693289	0.00144841
500 	 1845 	 0.956562 	 0.000693465	0.00144877
500 	 1850 	 0.956564 	 0.00069364	0.00144914
500 	 1855 	 0.956566 	 0.000693817	0.00144951
500 	 1860 	 0.956568 	 0.000693993	0.00144988
500 	 1865 	 0.95657 	 0.00069417	0.00145025
500 	 1870 	 0.956572 	 0.000694347	0.00145062
500 	 1875 	 0.956575 	 0.000694525	0.00145099
500 	 1880 	 0.956577 	 0.000694703	0.00145136
500 	 1885 	 0.956579 	 0.000694881	0.00145173
500 	 1890 	 0.956581 	 0.000695059	0.00145211
500 	 1895 	 0.956583 	 0.000695238	0.00145248
500 	 1900 	 0.956585 	 0.000695417	0.00145285
500 	 1905 	 0.956587 	 0.000695596	0.00145323
500 	 1910 	 0.956589 	 0.000695776	0.0014536
500 	 1915 	 0.956591 	 0.000695956	0.00145398
500 	 1920 	 0.956593 	 0.000696136	0.00145435
500 	 1925 	 0.956596 	 0.000696316	0.00145473
500 	 1930 	 0.956598 	 0.000696497	0.00145511
500 	 1935 	 0.9566 	 0.000696678	0.00145549
500 	 1940 	 0.956602 	 0.000696859	0.00145586
500 	 1945 	 0.956604 	 0.00069704	0.00145624
500 	 1950 	 0.956606 	 0.000697221	0.00145662
500 	 1955 	 0.956608 	 0.000697403	0.001457
500 	 1960 	 0.95661 	 0.000697585	0.00145738
500 	 1965 	 0.956612 	 0.000697767	0.00145776
500 	 1970 	 0.956614 	 0.00069795	0.00145814
500 	 1975 	 0.956616 	 0.000698132	0.00145853
500 	 1980 	 0.956618 	 0.000698315	0.00145891
500 	 1985 	 0.956619 	 0.000698498	0.00145929
500 	 1990 	 0.956621 	 0.000698681	0.00145967
500 	 1995 	 0.956623 	 0.000698864	0.00146005
500 	 2000 	 0.956625 	 0.000699048	0.00146044
500 	 2005 	 0.956627 	 0.000699231	0.00146082
500 	 2010 	 0.956629 	 0.000699415	0.00146121
500 	 2015 	 0.956631 	 0.000699599	0.00146159
500 	 2020 	 0.956633 	 0.000699783	0.00146197
500 	 2025 	 0.956635 	 0.000699967	0.00146236
500 	 2030 	 0.956637 	 0.000700152	0.00146274
500 	 2035 	 0.956639 	 0.000700336	0.00146313
500 	 2040 	 0.95664 	 0.000700521	0.00146352
500 	 2045 	 0.956642 	 0.000700706	0.0014639
500 	 2050 	 0.956644 	 0.000700891	0.00146429
500 	 2055 	 0.956646 	 0.000701076	0.00146468
500 	 2060 	 0.956648 	 0.000701261	0.00146506
500 	 2065 	 0.95665 	 0.000701447	0.00146545
500 	 2070 	 0.956651 	 0.000701632	0.00146584
500 	 2075 	 0.956653 	 0.000701818	0.00146622
500 	 2080 	 0.956655 	 0.000702003	0.00146661
500 	 2085 	 0.956657 	 0.000702189	0.001467
500 	 2090 	 0.956659 	 0.000702375	0.00146739
500 	 2095 	 0.95666 	 0.000702561	0.00146778
500 	 2100 	 0.956662 	 0.000702747	0.00146817
500 	 2105 	 0.956664 	 0.000702933	0.00146855
500 	 2110 	 0.956666 	 0.000703119	0.00146894
500 	 2115 	 0.956667 	 0.000703305	0.00146933
500 	 2120 	 0.956669 	 0.000703492	0.00146972
500 	 2125 	 0.956671 	 0.000703678	0.00147011
500 	 2130 	 0.956673 	 0.000703865	0.0014705
500 	 2135 	 0.956674 	 0.000704051	0.00147089
500 	 2140 	 0.956676 	 0.000704238	0.00147128
500 	 2145 	 0.956678 	 0.000704425	0.00147167
500 	 2150 	 0.956679 	 0.000704611	0.00147206
500 	 2155 	 0.956681 	 0.000704798	0.00147245
500 	 2160 	 0.956683 	 0.000704985	0.00147284
500 	 2165 	 0.956685 	 0.000705172	0.00147323
500 	 2170 	 0.956686 	 0.000705359	0.00147362
500 	 2175 	 0.956688 	 0.000705546	0.00147401
500 	 2180 	 0.95669 	 0.000705733	0.0014744
500 	 2185 	 0.956691 	 0.00070592	0.00147479
500 	 2190 	 0.956693 	 0.000706107	0.00147519
500 	 2195 	 0.956695 	 0.000706294	0.00147558
500 	 2200 	 0.956696 	 0.000706481	0.00147597
500 	 2205 	 0.956698 	 0.000706668	0.00147636
500 	 2210 	 0.956699 	 0.000706855	0.00147675
500 	 2215 	 0.956701 	 0.000707043	0.00147714
500 	 2220 	 0.956703 	 0.00070723	0.00147753
500 	 2225 	 0.956704 	 0.000707417	0.00147792
500 	 2230 	 0.956706 	 0.000707604	0.00147831
500 	 2235 	 0.956707 	 0.000707791	0.00147871
500 	 2240 	 0.956709 	 0.000707979	0.0014791
500 	 2245 	 0.956711 	 0.000708166	0.00147949
500 	 2250 	 0.956712 	 0.000708353	0.00147988
500 	 2255 	 0.956714 	 0.00070854	0.00148027
500 	 2260 	 0.956715 	 0.000708728	0.00148066
500 	 2265 	 0.956717 	 0.000708915	0.00148105
500 	 2270 	 0.956718 	 0.000709102	0.00148144
500 	 2275 	 0.95672 	 0.000709289	0.00148183
500 	 2280 	 0.956722 	 0.000709476	0.00148223
500 	 2285 	 0.956723 	 0.000709663	0.00148262
500 	 2290 	 0.956725 	 0.000709851	0.00148301
500 	 2295 	 0.956726 	 0.000710038	0.0014834
500 	 2300 	 0.956728 	 0.000710225	0.00148379
500 	 2305 	 0.956729 	 0.000710412	0.00148418
500 	 2310 	 0.956731 	 0.000710599	0.00148457
500 	 2315 	 0.956732 	 0.000710786	0.00148496
500 	 2320 	 0.956734 	 0.000710973	0.00148535
500 	 2325 	 0.956735 	 0.00071116	0.00148574
500 	 2330 	 0.956737 	 0.000711347	0.00148613
500 	 2335 	 0.956738 	 0.000711534	0.00148652
500 	 2340 	 0.95674 	 0.00071172	0.00148691
500 	 2345 	 0.956741 	 0.000711907	0.0014873
500 	 2350 	 0.956743 	 0.000712094	0.00148769
500 	 2355 	 0.956744 	 0.000712281	0.00148808
500 	 2360 	 0.956745 	 0.000712467	0.00148847
500 	 2365 	 0.956747 	 0.000712654	0.00148886
500 	 2370 	 0.956748 	 0.00071284	0.00148925
500 	 2375 	 0.95675 	 0.000713027	0.00148964
500 	 2380 	 0.956751 	 0.000713213	0.00149003
500 	 2385 	 0.956753 	 0.0007134	0.00149042
500 	 2390 	 0.956754 	 0.000713586	0.00149081
500 	 2395 	 0.956756 	 0.000713772	0.0014912
500 	 2400 	 0.956757 	 0.000713958	0.00149159
500 	 2405 	 0.956758 	 0.000714144	0.00149198
500 	 2410 	 0.95676 	 0.00071433	0.00149237
500 	 2415 	 0.956761 	 0.000714516	0.00149275
500 	 2420 	 0.956763 	 0.000714702	0.00149314
500 	 2425 	 0.956764 	 0.000714888	0.00149353
500 	 2430 	 0.956765 	 0.000715074	0.00149392
500 	 2435 	 0.956767 	 0.00071526	0.00149431
500 	 2440 	 0.956768 	 0.000715445	0.0014947
500 	 2445 	 0.956769 	 0.000715631	0.00149508
500 	 2450 	 0.956771 	 0.000715816	0.00149547
500 	 2455 	 0.956772 	 0.000716002	0.00149586
500 	 2460 	 0.956774 	 0.000716187	0.00149624
500 	 2465 	 0.956775 	 0.000716372	0.00149663
500 	 2470 	 0.956776 	 0.000716557	0.00149702
500 	 2475 	 0.956778 	 0.000716742	0.00149741
500 	 2480 	 0.956779 	 0.000716927	0.00149779
500 	 2485 	 0.95678 	 0.000717112	0.00149818
500 	 2490 	 0.956782 	 0.000717297	0.00149856
500 	 2495 	 0.956783 	 0.000717482	0.00149895
500 	 2500 	 0.956784 	 0.000717666	0.00149934
500 	 2505 	 0.956786 	 0.000717851	0.00149972
500 	 2510 	 0.956787 	 0.000718035	0.00150011
500 	 2515 	 0.956788 	 0.000718219	0.00150049
500 	 2520 	 0.956789 	 0.000718404	0.00150088
500 	 2525 	 0.956791 	 0.000718588	0.00150126
500 	 2530 	 0.956792 	 0.000718772	0.00150165
500 	 2535 	 0.956793 	 0.000718956	0.00150203
500 	 2540 	 0.956795 	 0.00071914	0.00150241
500 	 2545 	 0.956796 	 0.000719323	0.0015028
500 	 2550 	 0.956797 	 0.000719507	0.00150318
500 	 2555 	 0.956798 	 0.00071969	0.00150356
500 	 2560 	 0.9568 	 0.000719874	0.00150395
500 	 2565 	 0.956801 	 0.000720057	0.00150433
500 	 2570 	 0.956802 	 0.00072024	0.00150471
500 	 2575 	 0.956803 	 0.000720423	0.0015051
500 	 2580 	 0.956805 	 0.000720606	0.00150548
500 	 2585 	 0.956806 	 0.000720789	0.00150586
500 	 2590 	 0.956807 	 0.000720972	0.00150624
500 	 2595 	 0.956808 	 0.000721155	0.00150662
500 	 2600 	 0.95681 	 0.000721337	0.001507
500 	 2605 	 0.956811 	 0.00072152	0.00150739
500 	 2610 	 0.956812 	 0.000721702	0.00150777
500 	 2615 	 0.956813 	 0.000721884	0.00150815
500 	 2620 	 0.956815 	 0.000722066	0.00150853
500 	 2625 	 0.956816 	 0.000722248	0.00150891
500 	 2630 	 0.956817 	 0.00072243	0.00150929
500 	 2635 	 0.956818 	 0.000722612	0.00150967
500 	 2640 	 0.956819 	 0.000722793	0.00151005
500 	 2645 	 0.956821 	 0.000722975	0.00151043
500 	 2650 	 0.956822 	 0.000723156	0.0015108
500 	 2655 	 0.956823 	 0.000723337	0.00151118
500 	 2660 	 0.956824 	 0.000723518	0.00151156
500 	 2665 	 0.956825 	 0.000723699	0.00151194
500 	 2670 	 0.956827 	 0.00072388	0.00151232
500 	 2675 	 0.956828 	 0.000724061	0.00151269
500 	 2680 	 0.956829 	 0.000724241	0.00151307
500 	 2685 	 0.95683 	 0.000724422	0.00151345
500 	 2690 	 0.956831 	 0.000724602	0.00151383
500 	 2695 	 0.956832 	 0.000724782	0.0015142
500 	 2700 	 0.956834 	 0.000724962	0.00151458
500 	 2705 	 0.956835 	 0.000725142	0.00151495
500 	 2710 	 0.956836 	 0.000725322	0.00151533
500 	 2715 	 0.956837 	 0.000725502	0.00151571
500 	 2720 	 0.956838 	 0.000725681	0.00151608
500 	 2725 	 0.956839 	 0.000725861	0.00151645
500 	 2730 	 0.95684 	 0.00072604	0.00151683
500 	 2735 	 0.956842 	 0.000726219	0.0015172
500 	 2740 	 0.956843 	 0.000726398	0.00151758
500 	 2745 	 0.956844 	 0.000726577	0.00151795
500 	 2750 	 0.956845 	 0.000726755	0.00151832
500 	 2755 	 0.956846 	 0.000726934	0.0015187
500 	 2760 	 0.956847 	 0.000727113	0.00151907
500 	 2765 	 0.956848 	 0.000727291	0.00151944
500 	 2770 	 0.956849 	 0.000727469	0.00151982
500 	 2775 	 0.956851 	 0.000727647	0.00152019
500 	 2780 	 0.956852 	 0.000727825	0.00152056
500 	 2785 	 0.956853 	 0.000728003	0.00152093
500 	 2790 	 0.956854 	 0.00072818	0.0015213
500 	 2795 	 0.956855 	 0.000728358	0.00152167
500 	 2800 	 0.956856 	 0.000728535	0.00152204
500 	 2805 	 0.956857 	 0.000728712	0.00152241
500 	 2810 	 0.956858 	 0.000728889	0.00152278
500 	 2815 	 0.956859 	 0.000729066	0.00152315
500 	 2820 	 0.95686 	 0.000729243	0.00152352
500 	 2825 	 0.956861 	 0.000729419	0.00152389
500 	 2830 	 0.956862 	 0.000729596	0.00152426
500 	 2835 	 0.956864 	 0.000729772	0.00152463
500 	 2840 	 0.956865 	 0.000729948	0.001525
500 	 2845 	 0.956866 	 0.000730124	0.00152536
500 	 2850 	 0.956867 	 0.0007303	0.00152573
500 	 2855 	 0.956868 	 0.000730476	0.0015261
500 	 2860 	 0.956869 	 0.000730651	0.00152646
500 	 2865 	 0.95687 	 0.000730827	0.00152683
500 	 2870 	 0.956871 	 0.000731002	0.0015272
500 	 2875 	 0.956872 	 0.000731177	0.00152756
500 	 2880 	 0.956873 	 0.000731352	0.00152793
500 	 2885 	 0.956874 	 0.000731527	0.00152829
500 	 2890 	 0.956875 	 0.000731702	0.00152866
500 	 2895 	 0.956876 	 0.000731876	0.00152902
500 	 2900 	 0.956877 	 0.000732051	0.00152939
500 	 2905 	 0.956878 	 0.000732225	0.00152975
500 	 2910 	 0.956879 	 0.000732399	0.00153011
500 	 2915 	 0.95688 	 0.000732573	0.00153048
500 	 2920 	 0.956881 	 0.000732747	0.00153084
500 	 2925 	 0.956882 	 0.00073292	0.0015312
500 	 2930 	 0.956883 	 0.000733094	0.00153157
500 	 2935 	 0.956884 	 0.000733267	0.00153193
500 	 2940 	 0.956885 	 0.00073344	0.00153229
500 	 2945 	 0.956886 	 0.000733613	0.00153265
500 	 2950 	 0.956887 	 0.000733786	0.00153301
500 	 2955 	 0.956888 	 0.000733959	0.00153337
500 	 2960 	 0.956889 	 0.000734131	0.00153373
500 	 2965 	 0.95689 	 0.000734303	0.00153409
500 	 2970 	 0.956891 	 0.000734476	0.00153445
500 	 2975 	 0.956892 	 0.000734648	0.00153481
500 	 2980 	 0.956893 	 0.00073482	0.00153517
500 	 2985 	 0.956894 	 0.000734991	0.00153553
500 	 2990 	 0.956895 	 0.000735163	0.00153589
500 	 2995 	 0.956896 	 0.000735334	0.00153625
500 	 3000 	 0.956897 	 0.000735506	0.00153661
500 	 3005 	 0.956898 	 0.000735677	0.00153696
500 	 3010 	 0.956899 	 0.000735848	0.00153732
500 	 3015 	 0.9569 	 0.000736019	0.00153768
500 	 3020 	 0.956901 	 0.000736189	0.00153803
500 	 3025 	 0.956902 	 0.00073636	0.00153839
500 	 3030 	 0.956903 	 0.00073653	0.00153875
500 	 3035 	 0.956904 	 0.0007367	0.0015391
500 	 3040 	 0.956905 	 0.00073687	0.00153946
500 	 3045 	 0.956906 	 0.00073704	0.00153981
500 	 3050 	 0.956907 	 0.00073721	0.00154017
500 	 3055 	 0.956908 	 0.000737379	0.00154052
500 	 3060 	 0.956908 	 0.000737549	0.00154087
500 	 3065 	 0.956909 	 0.000737718	0.00154123
500 	 3070 	 0.95691 	 0.000737887	0.00154158
500 	 3075 	 0.956911 	 0.000738056	0.00154193
500 	 3080 	 0.956912 	 0.000738225	0.00154229
500 	 3085 	 0.956913 	 0.000738393	0.00154264
500 	 3090 	 0.956914 	 0.000738562	0.00154299
500 	 3095 	 0.956915 	 0.00073873	0.00154334
500 	 3100 	 0.956916 	 0.000738898	0.00154369
500 	 3105 	 0.956917 	 0.000739066	0.00154404
500 	 3110 	 0.956918 	 0.000739234	0.00154439
500 	 3115 	 0.956919 	 0.000739401	0.00154474
500 	 3120 	 0.95692 	 0.000739569	0.00154509
500 	 3125 	 0.95692 	 0.000739736	0.00154544
500 	 3130 	 0.956921 	 0.000739903	0.00154579
500 	 3135 	 0.956922 	 0.00074007	0.00154614
500 	 3140 	 0.956923 	 0.000740237	0.00154649
500 	 3145 	 0.956924 	 0.000740403	0.00154684
500 	 3150 	 0.956925 	 0.00074057	0.00154719
500 	 3155 	 0.956926 	 0.000740736	0.00154753
500 	 3160 	 0.956927 	 0.000740902	0.00154788
500 	 3165 	 0.956928 	 0.000741068	0.00154823
500 	 3170 	 0.956928 	 0.000741234	0.00154857
500 	 3175 	 0.956929 	 0.0007414	0.00154892
500 	 3180 	 0.95693 	 0.000741565	0.00154927
500 	 3185 	 0.956931 	 0.000741731	0.00154961
500 	 3190 	 0.956932 	 0.000741896	0.00154996
500 	 3195 	 0.956933 	 0.000742061	0.0015503
500 	 3200 	 0.956934 	 0.000742226	0.00155064
500 	 3205 	 0.956935 	 0.00074239	0.00155099
500 	 3210 	 0.956935 	 0.000742555	0.00155133
500 	 3215 	 0.956936 	 0.000742719	0.00155168
500 	 3220 	 0.956937 	 0.000742884	0.00155202
500 	 3225 	 0.956938 	 0.000743048	0.00155236
500 	 3230 	 0.956939 	 0.000743211	0.0015527
500 	 3235 	 0.95694 	 0.000743375	0.00155305
500 	 3240 	 0.956941 	 0.000743539	0.00155339
500 	 3245 	 0.956941 	 0.000743702	0.00155373
500 	 3250 	 0.956942 	 0.000743865	0.00155407
500 	 3255 	 0.956943 	 0.000744028	0.00155441
500 	 3260 	 0.956944 	 0.000744191	0.00155475
500 	 3265 	 0.956945 	 0.000744354	0.00155509
500 	 3270 	 0.956946 	 0.000744517	0.00155543
500 	 3275 	 0.956947 	 0.000744679	0.00155577
500 	 3280 	 0.956947 	 0.000744841	0.00155611
500 	 3285 	 0.956948 	 0.000745003	0.00155645
500 	 3290 	 0.956949 	 0.000745165	0.00155679
500 	 3295 	 0.95695 	 0.000745327	0.00155712
500 	 3300 	 0.956951 	 0.000745489	0.00155746
500 	 3305 	 0.956951 	 0.00074565	0.0015578
500 	 3310 	 0.956952 	 0.000745811	0.00155814
500 	 3315 	 0.956953 	 0.000745972	0.00155847
500 	 3320 	 0.956954 	 0.000746133	0.00155881
500 	 3325 	 0.956955 	 0.000746294	0.00155914
500 	 3330 	 0.956956 	 0.000746455	0.00155948
500 	 3335 	 0.956956 	 0.000746615	0.00155982
500 	 3340 	 0.956957 	 0.000746775	0.00156015
500 	 3345 	 0.956958 	 0.000746936	0.00156048
500 	 3350 	 0.956959 	 0.000747096	0.00156082
500 	 3355 	 0.95696 	 0.000747255	0.00156115
500 	 3360 	 0.95696 	 0.000747415	0.00156149
500 	 3365 	 0.956961 	 0.000747574	0.00156182
500 	 3370 	 0.956962 	 0.000747734	0.00156215
500 	 3375 	 0.956963 	 0.000747893	0.00156248
500 	 3380 	 0.956964 	 0.000748052	0.00156282
500 	 3385 	 0.956964 	 0.000748211	0.00156315
500 	 3390 	 0.956965 	 0.000748369	0.00156348
500 	 3395 	 0.956966 	 0.000748528	0.00156381
500 	 3400 	 0.956967 	 0.000748686	0.00156414
500 	 3405 	 0.956968 	 0.000748844	0.00156447
500 	 3410 	 0.956968 	 0.000749002	0.0015648
500 	 3415 	 0.956969 	 0.00074916	0.00156513
500 	 3420 	 0.95697 	 0.000749318	0.00156546
500 	 3425 	 0.956971 	 0.000749475	0.00156579
500 	 3430 	 0.956971 	 0.000749633	0.00156612
500 	 3435 	 0.956972 	 0.00074979	0.00156645
500 	 3440 	 0.956973 	 0.000749947	0.00156678
500 	 3445 	 0.956974 	 0.000750104	0.0015671
500 	 3450 	 0.956974 	 0.000750261	0.00156743
500 	 3455 	 0.956975 	 0.000750417	0.00156776
500 	 3460 	 0.956976 	 0.000750573	0.00156808
500 	 3465 	 0.956977 	 0.00075073	0.00156841
500 	 3470 	 0.956978 	 0.000750886	0.00156874
500 	 3475 	 0.956978 	 0.000751042	0.00156906
500 	 3480 	 0.956979 	 0.000751197	0.00156939
500 	 3485 	 0.95698 	 0.000751353	0.00156971
500 	 3490 	 0.956981 	 0.000751508	0.00157004
500 	 3495 	 0.956981 	 0.000751664	0.00157036
500 	 3500 	 0.956982 	 0.000751819	0.00157069
500 	 3505 	 0.956983 	 0.000751974	0.00157101
500 	 3510 	 0.956984 	 0.000752128	0.00157133
500 	 3515 	 0.956984 	 0.000752283	0.00157166
500 	 3520 	 0.956985 	 0.000752437	0.00157198
500 	 3525 	 0.956986 	 0.000752592	0.0015723
500 	 3530 	 0.956986 	 0.000752746	0.00157262
500 	 3535 	 0.956987 	 0.0007529	0.00157294
500 	 3540 	 0.956988 	 0.000753054	0.00157327
500 	 3545 	 0.956989 	 0.000753207	0.00157359
500 	 3550 	 0.956989 	 0.000753361	0.00157391
500 	 3555 	 0.95699 	 0.000753514	0.00157423
500 	 3560 	 0.956991 	 0.000753667	0.00157455
500 	 3565 	 0.956992 	 0.00075382	0.00157487
500 	 3570 	 0.956992 	 0.000753973	0.00157519
500 	 3575 	 0.956993 	 0.000754126	0.00157551
500 	 3580 	 0.956994 	 0.000754278	0.00157582
500 	 3585 	 0.956994 	 0.00075443	0.00157614
500 	 3590 	 0.956995 	 0.000754583	0.00157646
500 	 3595 	 0.956996 	 0.000754735	0.00157678
500 	 3600 	 0.956997 	 0.000754887	0.0015771
500 	 3605 	 0.956997 	 0.000755038	0.00157741
500 	 3610 	 0.956998 	 0.00075519	0.00157773
500 	 3615 	 0.956999 	 0.000755341	0.00157805
500 	 3620 	 0.956999 	 0.000755492	0.00157836
500 	 3625 	 0.957 	 0.000755644	0.00157868
500 	 3630 	 0.957001 	 0.000755794	0.00157899
500 	 3635 	 0.957002 	 0.000755945	0.00157931
500 	 3640 	 0.957002 	 0.000756096	0.00157962
500 	 3645 	 0.957003 	 0.000756246	0.00157994
500 	 3650 	 0.957004 	 0.000756397	0.00158025
500 	 3655 	 0.957004 	 0.000756547	0.00158056
500 	 3660 	 0.957005 	 0.000756697	0.00158088
500 	 3665 	 0.957006 	 0.000756846	0.00158119
500 	 3670 	 0.957006 	 0.000756996	0.0015815
500 	 3675 	 0.957007 	 0.000757146	0.00158182
500 	 3680 	 0.957008 	 0.000757295	0.00158213
500 	 3685 	 0.957008 	 0.000757444	0.00158244
500 	 3690 	 0.957009 	 0.000757593	0.00158275
500 	 3695 	 0.95701 	 0.000757742	0.00158306
500 	 3700 	 0.957011 	 0.000757891	0.00158337
500 	 3705 	 0.957011 	 0.000758039	0.00158368
500 	 3710 	 0.957012 	 0.000758188	0.00158399
500 	 3715 	 0.957013 	 0.000758336	0.0015843
500 	 3720 	 0.957013 	 0.000758484	0.00158461
500 	 3725 	 0.957014 	 0.000758632	0.00158492
500 	 3730 	 0.957015 	 0.00075878	0.00158523
500 	 3735 	 0.957015 	 0.000758927	0.00158554
500 	 3740 	 0.957016 	 0.000759075	0.00158585
500 	 3745 	 0.957017 	 0.000759222	0.00158615
500 	 3750 	 0.957017 	 0.000759369	0.00158646
500 	 3755 	 0.957018 	 0.000759516	0.00158677
500 	 3760 	 0.957019 	 0.000759663	0.00158707
500 	 3765 	 0.957019 	 0.00075981	0.00158738
500 	 3770 	 0.95702 	 0.000759956	0.00158769
500 	 3775 	 0.957021 	 0.000760103	0.00158799
500 	 3780 	 0.957021 	 0.000760249	0.0015883
500 	 3785 	 0.957022 	 0.000760395	0.0015886
500 	 3790 	 0.957023 	 0.000760541	0.00158891
500 	 3795 	 0.957023 	 0.000760686	0.00158921
500 	 3800 	 0.957024 	 0.000760832	0.00158952
500 	 3805 	 0.957024 	 0.000760977	0.00158982
500 	 3810 	 0.957025 	 0.000761123	0.00159012
500 	 3815 	 0.957026 	 0.000761268	0.00159043
500 	 3820 	 0.957026 	 0.000761413	0.00159073
500 	 3825 	 0.957027 	 0.000761558	0.00159103
500 	 3830 	 0.957028 	 0.000761702	0.00159134
500 	 3835 	 0.957028 	 0.000761847	0.00159164
500 	 3840 	 0.957029 	 0.000761991	0.00159194
500 	 3845 	 0.95703 	 0.000762135	0.00159224
500 	 3850 	 0.95703 	 0.00076228	0.00159254
500 	 3855 	 0.957031 	 0.000762423	0.00159284
500 	 3860 	 0.957032 	 0.000762567	0.00159314
500 	 3865 	 0.957032 	 0.000762711	0.00159344
500 	 3870 	 0.957033 	 0.000762854	0.00159374
500 	 3875 	 0.957033 	 0.000762998	0.00159404
500 	 3880 	 0.957034 	 0.000763141	0.00159434
500 	 3885 	 0.957035 	 0.000763284	0.00159464
500 	 3890 	 0.957035 	 0.000763426	0.00159494
500 	 3895 	 0.957036 	 0.000763569	0.00159524
500 	 3900 	 0.957037 	 0.000763712	0.00159553
500 	 3905 	 0.957037 	 0.000763854	0.00159583
500 	 3910 	 0.957038 	 0.000763996	0.00159613
500 	 3915 	 0.957038 	 0.000764138	0.00159642
500 	 3920 	 0.957039 	 0.00076428	0.00159672
500 	 3925 	 0.95704 	 0.000764422	0.00159702
500 	 3930 	 0.95704 	 0.000764564	0.00159731
500 	 3935 	 0.957041 	 0.000764705	0.00159761
500 	 3940 	 0.957041 	 0.000764847	0.0015979
500 	 3945 	 0.957042 	 0.000764988	0.0015982
500 	 3950 	 0.957043 	 0.000765129	0.00159849
500 	 3955 	 0.957043 	 0.00076527	0.00159879
500 	 3960 	 0.957044 	 0.00076541	0.00159908
500 	 3965 	 0.957045 	 0.000765551	0.00159938
500 	 3970 	 0.957045 	 0.000765691	0.00159967
500 	 3975 	 0.957046 	 0.000765832	0.00159996
500 	 3980 	 0.957046 	 0.000765972	0.00160025
500 	 3985 	 0.957047 	 0.000766112	0.00160055
500 	 3990 	 0.957048 	 0.000766252	0.00160084
500 	 3995 	 0.957048 	 0.000766391	0.00160113
500 	 4000 	 0.957049 	 0.000766531	0.00160142
500 	 4005 	 0.957049 	 0.00076667	0.00160171
500 	 4010 	 0.95705 	 0.00076681	0.00160201
500 	 4015 	 0.957051 	 0.000766949	0.0016023
500 	 4020 	 0.957051 	 0.000767088	0.00160259
500 	 4025 	 0.957052 	 0.000767227	0.00160288
500 	 4030 	 0.957052 	 0.000767365	0.00160317
500 	 4035 	 0.957053 	 0.000767504	0.00160346
500 	 4040 	 0.957053 	 0.000767642	0.00160374
500 	 4045 	 0.957054 	 0.00076778	0.00160403
500 	 4050 	 0.957055 	 0.000767918	0.00160432
500 	 4055 	 0.957055 	 0.000768056	0.00160461
500 	 4060 	 0.957056 	 0.000768194	0.0016049
500 	 4065 	 0.957056 	 0.000768332	0.00160518
500 	 4070 	 0.957057 	 0.000768469	0.00160547
500 	 4075 	 0.957058 	 0.000768607	0.00160576
500 	 4080 	 0.957058 	 0.000768744	0.00160605
500 	 4085 	 0.957059 	 0.000768881	0.00160633
500 	 4090 	 0.957059 	 0.000769018	0.00160662
500 	 4095 	 0.95706 	 0.000769155	0.0016069
500 	 4100 	 0.95706 	 0.000769291	0.00160719
500 	 4105 	 0.957061 	 0.000769428	0.00160747
500 	 4110 	 0.957062 	 0.000769564	0.00160776
500 	 4115 	 0.957062 	 0.0007697	0.00160804
500 	 4120 	 0.957063 	 0.000769836	0.00160833
500 	 4125 	 0.957063 	 0.000769972	0.00160861
500 	 4130 	 0.957064 	 0.000770108	0.0016089
500 	 4135 	 0.957064 	 0.000770244	0.00160918
500 	 4140 	 0.957065 	 0.000770379	0.00160946
500 	 4145 	 0.957066 	 0.000770514	0.00160974
500 	 4150 	 0.957066 	 0.00077065	0.00161003
500 	 4155 	 0.957067 	 0.000770785	0.00161031
500 	 4160 	 0.957067 	 0.000770919	0.00161059
500 	 4165 	 0.957068 	 0.000771054	0.00161087
500 	 4170 	 0.957068 	 0.000771189	0.00161115
500 	 4175 	 0.957069 	 0.000771323	0.00161143
500 	 4180 	 0.957069 	 0.000771458	0.00161172
500 	 4185 	 0.95707 	 0.000771592	0.001612
500 	 4190 	 0.957071 	 0.000771726	0.00161228
500 	 4195 	 0.957071 	 0.00077186	0.00161256
500 	 4200 	 0.957072 	 0.000771994	0.00161284
500 	 4205 	 0.957072 	 0.000772127	0.00161311
500 	 4210 	 0.957073 	 0.000772261	0.00161339
500 	 4215 	 0.957073 	 0.000772394	0.00161367
500 	 4220 	 0.957074 	 0.000772527	0.00161395
500 	 4225 	 0.957074 	 0.00077266	0.00161423
500 	 4230 	 0.957075 	 0.000772793	0.00161451
500 	 4235 	 0.957075 	 0.000772926	0.00161478
500 	 4240 	 0.957076 	 0.000773059	0.00161506
500 	 4245 	 0.957077 	 0.000773191	0.00161534
500 	 4250 	 0.957077 	 0.000773324	0.00161561
500 	 4255 	 0.957078 	 0.000773456	0.00161589
500 	 4260 	 0.957078 	 0.000773588	0.00161617
500 	 4265 	 0.957079 	 0.00077372	0.00161644
500 	 4270 	 0.957079 	 0.000773852	0.00161672
500 	 4275 	 0.95708 	 0.000773983	0.00161699
500 	 4280 	 0.95708 	 0.000774115	0.00161727
500 	 4285 	 0.957081 	 0.000774246	0.00161754
500 	 4290 	 0.957081 	 0.000774378	0.00161782
500 	 4295 	 0.957082 	 0.000774509	0.00161809
500 	 4300 	 0.957082 	 0.00077464	0.00161836
500 	 4305 	 0.957083 	 0.000774771	0.00161864
500 	 4310 	 0.957083 	 0.000774901	0.00161891
500 	 4315 	 0.957084 	 0.000775032	0.00161918
500 	 4320 	 0.957085 	 0.000775162	0.00161946
500 	 4325 	 0.957085 	 0.000775293	0.00161973
500 	 4330 	 0.957086 	 0.000775423	0.00162
500 	 4335 	 0.957086 	 0.000775553	0.00162027
500 	 4340 	 0.957087 	 0.000775683	0.00162054
500 	 4345 	 0.957087 	 0.000775812	0.00162081
500 	 4350 	 0.957088 	 0.000775942	0.00162108
500 	 4355 	 0.957088 	 0.000776072	0.00162135
500 	 4360 	 0.957089 	 0.000776201	0.00162163
500 	 4365 	 0.957089 	 0.00077633	0.0016219
500 	 4370 	 0.95709 	 0.000776459	0.00162216
500 	 4375 	 0.95709 	 0.000776588	0.00162243
500 	 4380 	 0.957091 	 0.000776717	0.0016227
500 	 4385 	 0.957091 	 0.000776846	0.00162297
500 	 4390 	 0.957092 	 0.000776974	0.00162324
500 	 4395 	 0.957092 	 0.000777103	0.00162351
500 	 4400 	 0.957093 	 0.000777231	0.00162378
500 	 4405 	 0.957093 	 0.000777359	0.00162404
500 	 4410 	 0.957094 	 0.000777487	0.00162431
500 	 4415 	 0.957094 	 0.000777615	0.00162458
500 	 4420 	 0.957095 	 0.000777743	0.00162485
500 	 4425 	 0.957095 	 0.00077787	0.00162511
500 	 4430 	 0.957096 	 0.000777998	0.00162538
500 	 4435 	 0.957096 	 0.000778125	0.00162565
500 	 4440 	 0.957097 	 0.000778252	0.00162591
500 	 4445 	 0.957097 	 0.000778379	0.00162618
500 	 4450 	 0.957098 	 0.000778506	0.00162644
500 	 4455 	 0.957098 	 0.000778633	0.00162671
500 	 4460 	 0.957099 	 0.00077876	0.00162697
500 	 4465 	 0.957099 	 0.000778886	0.00162724
500 	 4470 	 0.9571 	 0.000779013	0.0016275
500 	 4475 	 0.9571 	 0.000779139	0.00162776
500 	 4480 	 0.957101 	 0.000779265	0.00162803
500 	 4485 	 0.957101 	 0.000779391	0.00162829
500 	 4490 	 0.957102 	 0.000779517	0.00162855
500 	 4495 	 0.957102 	 0.000779643	0.00162882
500 	 4500 	 0.957103 	 0.000779769	0.00162908
500 	 4505 	 0.957103 	 0.000779894	0.00162934
500 	 4510 	 0.957104 	 0.00078002	0.0016296
500 	 4515 	 0.957104 	 0.000780145	0.00162986
500 	 4520 	 0.957105 	 0.00078027	0.00163013
500 	 4525 	 0.957105 	 0.000780395	0.00163039
500 	 4530 	 0.957106 	 0.00078052	0.00163065
500 	 4535 	 0.957106 	 0.000780645	0.00163091
500 	 4540 	 0.957107 	 0.000780769	0.00163117
500 	 4545 	 0.957107 	 0.000780894	0.00163143
500 	 4550 	 0.957108 	 0.000781018	0.00163169
500 	 4555 	 0.957108 	 0.000781142	0.00163195
500 	 4560 	 0.957109 	 0.000781266	0.00163221
500 	 4565 	 0.957109 	 0.00078139	0.00163247
500 	 4570 	 0.957109 	 0.000781514	0.00163273
500 	 4575 	 0.95711 	 0.000781638	0.00163298
500 	 4580 	 0.95711 	 0.000781761	0.00163324
500 	 4585 	 0.957111 	 0.000781885	0.0016335
500 	 4590 	 0.957111 	 0.000782008	0.00163376
500 	 4595 	 0.957112 	 0.000782131	0.00163401
500 	 4600 	 0.957112 	 0.000782254	0.00163427
500 	 4605 	 0.957113 	 0.000782377	0.00163453
500 	 4610 	 0.957113 	 0.0007825	0.00163479
500 	 4615 	 0.957114 	 0.000782623	0.00163504
500 	 4620 	 0.957114 	 0.000782745	0.0016353
500 	 4625 	 0.957115 	 0.000782868	0.00163555
500 	 4630 	 0.957115 	 0.00078299	0.00163581
500 	 4635 	 0.957116 	 0.000783112	0.00163606
500 	 4640 	 0.957116 	 0.000783234	0.00163632
500 	 4645 	 0.957117 	 0.000783356	0.00163657
500 	 4650 	 0.957117 	 0.000783478	0.00163683
500 	 4655 	 0.957117 	 0.0007836	0.00163708
500 	 4660 	 0.957118 	 0.000783721	0.00163734
500 	 4665 	 0.957118 	 0.000783843	0.00163759
500 	 4670 	 0.957119 	 0.000783964	0.00163784
500 	 4675 	 0.957119 	 0.000784085	0.0016381
500 	 4680 	 0.95712 	 0.000784206	0.00163835
500 	 4685 	 0.95712 	 0.000784327	0.0016386
500 	 4690 	 0.957121 	 0.000784448	0.00163886
500 	 4695 	 0.957121 	 0.000784569	0.00163911
500 	 4700 	 0.957122 	 0.000784689	0.00163936
500 	 4705 	 0.957122 	 0.00078481	0.00163961
500 	 4710 	 0.957122 	 0.00078493	0.00163986
500 	 4715 	 0.957123 	 0.00078505	0.00164011
500 	 4720 	 0.957123 	 0.000785171	0.00164036
500 	 4725 	 0.957124 	 0.00078529	0.00164061
500 	 4730 	 0.957124 	 0.00078541	0.00164087
500 	 4735 	 0.957125 	 0.00078553	0.00164112
500 	 4740 	 0.957125 	 0.00078565	0.00164137
500 	 4745 	 0.957126 	 0.000785769	0.00164161
500 	 4750 	 0.957126 	 0.000785888	0.00164186
500 	 4755 	 0.957127 	 0.000786008	0.00164211
500 	 4760 	 0.957127 	 0.000786127	0.00164236
500 	 4765 	 0.957127 	 0.000786246	0.00164261
500 	 4770 	 0.957128 	 0.000786365	0.00164286
500 	 4775 	 0.957128 	 0.000786483	0.00164311
500 	 4780 	 0.957129 	 0.000786602	0.00164335
500 	 4785 	 0.957129 	 0.000786721	0.0016436
500 	 4790 	 0.95713 	 0.000786839	0.00164385
500 	 4795 	 0.95713 	 0.000786957	0.0016441
500 	 4800 	 0.957131 	 0.000787075	0.00164434
500 	 4805 	 0.957131 	 0.000787193	0.00164459
500 	 4810 	 0.957131 	 0.000787311	0.00164484
500 	 4815 	 0.957132 	 0.000787429	0.00164508
500 	 4820 	 0.957132 	 0.000787547	0.00164533
500 	 4825 	 0.957133 	 0.000787664	0.00164557
500 	 4830 	 0.957133 	 0.000787782	0.00164582
500 	 4835 	 0.957134 	 0.000787899	0.00164606
500 	 4840 	 0.957134 	 0.000788016	0.00164631
500 	 4845 	 0.957134 	 0.000788133	0.00164655
500 	 4850 	 0.957135 	 0.00078825	0.0016468
500 	 4855 	 0.957135 	 0.000788367	0.00164704
500 	 4860 	 0.957136 	 0.000788484	0.00164729
500 	 4865 	 0.957136 	 0.0007886	0.00164753
500 	 4870 	 0.957137 	 0.000788717	0.00164777
500 	 4875 	 0.957137 	 0.000788833	0.00164802
500 	 4880 	 0.957137 	 0.000788949	0.00164826
500 	 4885 	 0.957138 	 0.000789066	0.0016485
500 	 4890 	 0.957138 	 0.000789182	0.00164874
500 	 4895 	 0.957139 	 0.000789297	0.00164899
500 	 4900 	 0.957139 	 0.000789413	0.00164923
500 	 4905 	 0.95714 	 0.000789529	0.00164947
500 	 4910 	 0.95714 	 0.000789644	0.00164971
500 	 4915 	 0.95714 	 0.00078976	0.00164995
500 	 4920 	 0.957141 	 0.000789875	0.00165019
500 	 4925 	 0.957141 	 0.00078999	0.00165043
500 	 4930 	 0.957142 	 0.000790106	0.00165067
500 	 4935 	 0.957142 	 0.000790221	0.00165091
500 	 4940 	 0.957143 	 0.000790335	0.00165115
500 	 4945 	 0.957143 	 0.00079045	0.00165139
500 	 4950 	 0.957143 	 0.000790565	0.00165163
500 	 4955 	 0.957144 	 0.000790679	0.00165187
500 	 4960 	 0.957144 	 0.000790794	0.00165211
500 	 4965 	 0.957145 	 0.000790908	0.00165235
500 	 4970 	 0.957145 	 0.000791022	0.00165259
500 	 4975 	 0.957145 	 0.000791136	0.00165283
500 	 4980 	 0.957146 	 0.00079125	0.00165307
500 	 4985 	 0.957146 	 0.000791364	0.0016533
500 	 4990 	 0.957147 	 0.000791478	0.00165354
500 	 4995 	 0.957147 	 0.000791591	0.00165378
500 	 5000 	 0.957147 	 0.000791705	0.00165402
