155 	 5 	 0.716394 	 0.00331226 	 0.00689755
155 	 10 	 0.716394 	 0.00331207 	 0.00689715
155 	 15 	 0.716395 	 0.00331054 	 0.00689396
155 	 20 	 0.7164 	 0.00329868 	 0.00686927
155 	 25 	 0.716446 	 0.00321487 	 0.00669475
155 	 30 	 0.716895 	 0.00279705 	 0.00582465
155 	 35 	 0.72099 	 0.0037779 	 0.00786721
155 	 40 	 0.745745 	 0.00282659 	 0.00588618
155 	 45 	 0.783156 	 0.0105276 	 0.0219231
155 	 50 	 0.793823 	 0.00271409 	 0.00565191
155 	 55 	 0.795866 	 0.000775865 	 0.00161568
155 	 60 	 0.796835 	 0.000758251 	 0.001579
155 	 65 	 0.797672 	 0.000839838 	 0.0017489
155 	 70 	 0.798478 	 0.000942582 	 0.00196286
155 	 75 	 0.799262 	 0.00105638 	 0.00219984
155 	 80 	 0.800027 	 0.00117453 	 0.00244588
155 	 85 	 0.800773 	 0.00129321 	 0.00269302
155 	 90 	 0.8015 	 0.00141016 	 0.00293657
155 	 95 	 0.802209 	 0.00152406 	 0.00317376
155 	 100 	 0.8029 	 0.00163411 	 0.00340291
155 	 105 	 0.803574 	 0.00173982 	 0.00362305
155 	 110 	 0.804232 	 0.00184095 	 0.00383364
155 	 115 	 0.804873 	 0.00193735 	 0.0040344
155 	 120 	 0.805498 	 0.00202901 	 0.00422527
155 	 125 	 0.806108 	 0.00211594 	 0.00440629
155 	 130 	 0.806703 	 0.0021982 	 0.0045776
155 	 135 	 0.807282 	 0.00227589 	 0.00473939
155 	 140 	 0.807848 	 0.00234912 	 0.00489188
155 	 145 	 0.808399 	 0.00241801 	 0.00503534
155 	 150 	 0.808937 	 0.00248269 	 0.00517003
155 	 155 	 0.809461 	 0.00254329 	 0.00529623
155 	 160 	 0.809972 	 0.00259996 	 0.00541423
155 	 165 	 0.81047 	 0.00265282 	 0.00552432
155 	 170 	 0.810957 	 0.00270203 	 0.00562679
155 	 175 	 0.811431 	 0.00274771 	 0.00572191
155 	 180 	 0.811893 	 0.00279 	 0.00580998
155 	 185 	 0.812344 	 0.00282904 	 0.00589127
155 	 190 	 0.812783 	 0.00286494 	 0.00596604
155 	 195 	 0.813212 	 0.00289784 	 0.00603456
155 	 200 	 0.81363 	 0.00292787 	 0.00609709
155 	 205 	 0.814037 	 0.00295514 	 0.00615387
155 	 210 	 0.814435 	 0.00297977 	 0.00620515
155 	 215 	 0.814822 	 0.00300186 	 0.00625117
155 	 220 	 0.8152 	 0.00302154 	 0.00629215
155 	 225 	 0.815569 	 0.00303891 	 0.00632832
155 	 230 	 0.815928 	 0.00305407 	 0.00635989
155 	 235 	 0.816279 	 0.00306712 	 0.00638707
155 	 240 	 0.81662 	 0.00307816 	 0.00641005
155 	 245 	 0.816954 	 0.00308728 	 0.00642904
155 	 250 	 0.817279 	 0.00309457 	 0.00644422
155 	 255 	 0.817596 	 0.00310011 	 0.00645577
155 	 260 	 0.817905 	 0.003104 	 0.00646387
155 	 265 	 0.818206 	 0.00310632 	 0.00646868
155 	 270 	 0.8185 	 0.00310713 	 0.00647038
155 	 275 	 0.818786 	 0.00310652 	 0.00646911
155 	 280 	 0.819066 	 0.00310456 	 0.00646503
155 	 285 	 0.819338 	 0.00310132 	 0.00645828
155 	 290 	 0.819604 	 0.00309686 	 0.006449
155 	 295 	 0.819863 	 0.00309126 	 0.00643734
155 	 300 	 0.820116 	 0.00308458 	 0.00642342
155 	 305 	 0.820362 	 0.00307687 	 0.00640736
155 	 310 	 0.820602 	 0.00306819 	 0.00638929
155 	 315 	 0.820837 	 0.00305861 	 0.00636933
155 	 320 	 0.821065 	 0.00304816 	 0.00634758
155 	 325 	 0.821288 	 0.00303691 	 0.00632416
155 	 330 	 0.821505 	 0.00302491 	 0.00629917
155 	 335 	 0.821717 	 0.0030122 	 0.0062727
155 	 340 	 0.821924 	 0.00299883 	 0.00624485
155 	 345 	 0.822125 	 0.00298484 	 0.00621572
155 	 350 	 0.822321 	 0.00297028 	 0.0061854
155 	 355 	 0.822513 	 0.00295518 	 0.00615396
155 	 360 	 0.8227 	 0.00293959 	 0.00612149
155 	 365 	 0.822882 	 0.00292354 	 0.00608807
155 	 370 	 0.82306 	 0.00290707 	 0.00605377
155 	 375 	 0.823233 	 0.00289022 	 0.00601867
155 	 380 	 0.823402 	 0.00287301 	 0.00598283
155 	 385 	 0.823566 	 0.00285547 	 0.00594632
155 	 390 	 0.823727 	 0.00283765 	 0.0059092
155 	 395 	 0.823884 	 0.00281956 	 0.00587154
155 	 400 	 0.824036 	 0.00280124 	 0.00583339
155 	 405 	 0.824185 	 0.00278271 	 0.0057948
155 	 410 	 0.824331 	 0.002764 	 0.00575583
155 	 415 	 0.824472 	 0.00274513 	 0.00571653
155 	 420 	 0.82461 	 0.00272612 	 0.00567696
155 	 425 	 0.824745 	 0.002707 	 0.00563714
155 	 430 	 0.824876 	 0.00268779 	 0.00559714
155 	 435 	 0.825004 	 0.00266851 	 0.00555698
155 	 440 	 0.825129 	 0.00264917 	 0.00551672
155 	 445 	 0.825251 	 0.0026298 	 0.00547638
155 	 450 	 0.82537 	 0.00261042 	 0.00543601
155 	 455 	 0.825486 	 0.00259103 	 0.00539564
155 	 460 	 0.825598 	 0.00257166 	 0.0053553
155 	 465 	 0.825709 	 0.00255232 	 0.00531502
155 	 470 	 0.825816 	 0.00253302 	 0.00527484
155 	 475 	 0.825921 	 0.00251378 	 0.00523478
155 	 480 	 0.826023 	 0.00249462 	 0.00519487
155 	 485 	 0.826122 	 0.00247553 	 0.00515513
155 	 490 	 0.826219 	 0.00245655 	 0.00511558
155 	 495 	 0.826314 	 0.00243766 	 0.00507626
155 	 500 	 0.826406 	 0.00241889 	 0.00503717
155 	 505 	 0.826496 	 0.00240025 	 0.00499835
155 	 510 	 0.826584 	 0.00238174 	 0.0049598
155 	 515 	 0.82667 	 0.00236337 	 0.00492155
155 	 520 	 0.826753 	 0.00234515 	 0.00488362
155 	 525 	 0.826835 	 0.00232709 	 0.00484601
155 	 530 	 0.826914 	 0.0023092 	 0.00480874
155 	 535 	 0.826992 	 0.00229147 	 0.00477183
155 	 540 	 0.827067 	 0.00227392 	 0.00473529
155 	 545 	 0.827141 	 0.00225656 	 0.00469912
155 	 550 	 0.827212 	 0.00223938 	 0.00466335
155 	 555 	 0.827282 	 0.00222239 	 0.00462798
155 	 560 	 0.827351 	 0.0022056 	 0.00459301
155 	 565 	 0.827417 	 0.00218901 	 0.00455847
155 	 570 	 0.827482 	 0.00217263 	 0.00452434
155 	 575 	 0.827545 	 0.00215645 	 0.00449065
155 	 580 	 0.827607 	 0.00214048 	 0.0044574
155 	 585 	 0.827667 	 0.00212472 	 0.00442459
155 	 590 	 0.827726 	 0.00210918 	 0.00439222
155 	 595 	 0.827783 	 0.00209386 	 0.00436031
155 	 600 	 0.827839 	 0.00207875 	 0.00432885
155 	 605 	 0.827894 	 0.00206386 	 0.00429785
155 	 610 	 0.827947 	 0.0020492 	 0.00426731
155 	 615 	 0.827998 	 0.00203475 	 0.00423723
155 	 620 	 0.828049 	 0.00202053 	 0.00420762
155 	 625 	 0.828098 	 0.00200653 	 0.00417846
155 	 630 	 0.828146 	 0.00199276 	 0.00414978
155 	 635 	 0.828193 	 0.0019792 	 0.00412155
155 	 640 	 0.828238 	 0.00196587 	 0.0040938
155 	 645 	 0.828283 	 0.00195277 	 0.0040665
155 	 650 	 0.828326 	 0.00193988 	 0.00403967
155 	 655 	 0.828369 	 0.00192722 	 0.0040133
155 	 660 	 0.82841 	 0.00191478 	 0.00398739
155 	 665 	 0.82845 	 0.00190255 	 0.00396193
155 	 670 	 0.828489 	 0.00189055 	 0.00393693
155 	 675 	 0.828528 	 0.00187876 	 0.00391238
155 	 680 	 0.828565 	 0.00186718 	 0.00388828
155 	 685 	 0.828601 	 0.00185582 	 0.00386462
155 	 690 	 0.828637 	 0.00184468 	 0.00384141
155 	 695 	 0.828671 	 0.00183374 	 0.00381863
155 	 700 	 0.828705 	 0.00182301 	 0.00379629
155 	 705 	 0.828738 	 0.00181249 	 0.00377438
155 	 710 	 0.82877 	 0.00180217 	 0.0037529
155 	 715 	 0.828801 	 0.00179206 	 0.00373183
155 	 720 	 0.828832 	 0.00178214 	 0.00371119
155 	 725 	 0.828862 	 0.00177243 	 0.00369095
155 	 730 	 0.828891 	 0.0017629 	 0.00367113
155 	 735 	 0.828919 	 0.00175358 	 0.0036517
155 	 740 	 0.828947 	 0.00174444 	 0.00363267
155 	 745 	 0.828973 	 0.00173549 	 0.00361404
155 	 750 	 0.829 	 0.00172673 	 0.00359579
155 	 755 	 0.829025 	 0.00171815 	 0.00357792
155 	 760 	 0.82905 	 0.00170975 	 0.00356043
155 	 765 	 0.829075 	 0.00170153 	 0.00354331
155 	 770 	 0.829098 	 0.00169348 	 0.00352655
155 	 775 	 0.829121 	 0.00168561 	 0.00351016
155 	 780 	 0.829144 	 0.0016779 	 0.00349411
155 	 785 	 0.829166 	 0.00167036 	 0.00347842
155 	 790 	 0.829187 	 0.00166299 	 0.00346306
155 	 795 	 0.829208 	 0.00165578 	 0.00344805
155 	 800 	 0.829229 	 0.00164873 	 0.00343336
155 	 805 	 0.829249 	 0.00164183 	 0.003419
155 	 810 	 0.829268 	 0.00163509 	 0.00340496
155 	 815 	 0.829287 	 0.0016285 	 0.00339123
155 	 820 	 0.829305 	 0.00162205 	 0.00337781
155 	 825 	 0.829323 	 0.00161575 	 0.00336469
155 	 830 	 0.829341 	 0.0016096 	 0.00335187
155 	 835 	 0.829358 	 0.00160358 	 0.00333934
155 	 840 	 0.829375 	 0.0015977 	 0.0033271
155 	 845 	 0.829391 	 0.00159196 	 0.00331514
155 	 850 	 0.829407 	 0.00158634 	 0.00330345
155 	 855 	 0.829422 	 0.00158086 	 0.00329203
155 	 860 	 0.829437 	 0.0015755 	 0.00328087
155 	 865 	 0.829452 	 0.00157027 	 0.00326998
155 	 870 	 0.829466 	 0.00156516 	 0.00325933
155 	 875 	 0.82948 	 0.00156017 	 0.00324894
155 	 880 	 0.829494 	 0.00155529 	 0.00323879
155 	 885 	 0.829507 	 0.00155053 	 0.00322887
155 	 890 	 0.82952 	 0.00154588 	 0.00321919
155 	 895 	 0.829533 	 0.00154134 	 0.00320973
155 	 900 	 0.829545 	 0.00153691 	 0.0032005
155 	 905 	 0.829557 	 0.00153258 	 0.00319149
155 	 910 	 0.829569 	 0.00152835 	 0.00318269
155 	 915 	 0.82958 	 0.00152423 	 0.0031741
155 	 920 	 0.829591 	 0.0015202 	 0.00316571
155 	 925 	 0.829602 	 0.00151627 	 0.00315752
155 	 930 	 0.829613 	 0.00151243 	 0.00314953
155 	 935 	 0.829623 	 0.00150868 	 0.00314172
155 	 940 	 0.829633 	 0.00150502 	 0.00313411
155 	 945 	 0.829643 	 0.00150145 	 0.00312667
155 	 950 	 0.829653 	 0.00149797 	 0.00311942
155 	 955 	 0.829662 	 0.00149457 	 0.00311233
155 	 960 	 0.829671 	 0.00149125 	 0.00310542
155 	 965 	 0.82968 	 0.00148801 	 0.00309867
155 	 970 	 0.829689 	 0.00148484 	 0.00309208
155 	 975 	 0.829697 	 0.00148176 	 0.00308566
155 	 980 	 0.829705 	 0.00147874 	 0.00307938
155 	 985 	 0.829714 	 0.0014758 	 0.00307326
155 	 990 	 0.829721 	 0.00147294 	 0.00306728
155 	 995 	 0.829729 	 0.00147013 	 0.00306145
155 	 1000 	 0.829736 	 0.0014674 	 0.00305576
155 	 1005 	 0.829744 	 0.00146473 	 0.0030502
155 	 1010 	 0.829751 	 0.00146213 	 0.00304478
155 	 1015 	 0.829758 	 0.00145959 	 0.00303949
155 	 1020 	 0.829764 	 0.00145711 	 0.00303433
155 	 1025 	 0.829771 	 0.00145469 	 0.00302929
155 	 1030 	 0.829777 	 0.00145233 	 0.00302437
155 	 1035 	 0.829784 	 0.00145002 	 0.00301957
155 	 1040 	 0.82979 	 0.00144777 	 0.00301488
155 	 1045 	 0.829796 	 0.00144558 	 0.00301031
155 	 1050 	 0.829802 	 0.00144343 	 0.00300585
155 	 1055 	 0.829807 	 0.00144134 	 0.00300149
155 	 1060 	 0.829813 	 0.0014393 	 0.00299724
155 	 1065 	 0.829818 	 0.00143731 	 0.00299309
155 	 1070 	 0.829823 	 0.00143536 	 0.00298904
155 	 1075 	 0.829828 	 0.00143346 	 0.00298509
155 	 1080 	 0.829833 	 0.00143161 	 0.00298123
155 	 1085 	 0.829838 	 0.0014298 	 0.00297746
155 	 1090 	 0.829843 	 0.00142804 	 0.00297379
155 	 1095 	 0.829848 	 0.00142631 	 0.0029702
155 	 1100 	 0.829852 	 0.00142463 	 0.00296669
155 	 1105 	 0.829856 	 0.00142299 	 0.00296328
155 	 1110 	 0.829861 	 0.00142139 	 0.00295994
155 	 1115 	 0.829865 	 0.00141982 	 0.00295668
155 	 1120 	 0.829869 	 0.00141829 	 0.0029535
155 	 1125 	 0.829873 	 0.0014168 	 0.00295039
155 	 1130 	 0.829877 	 0.00141535 	 0.00294736
155 	 1135 	 0.829881 	 0.00141392 	 0.0029444
155 	 1140 	 0.829884 	 0.00141254 	 0.00294151
155 	 1145 	 0.829888 	 0.00141118 	 0.00293869
155 	 1150 	 0.829891 	 0.00140986 	 0.00293593
155 	 1155 	 0.829895 	 0.00140857 	 0.00293324
155 	 1160 	 0.829898 	 0.00140731 	 0.00293061
155 	 1165 	 0.829901 	 0.00140607 	 0.00292805
155 	 1170 	 0.829905 	 0.00140487 	 0.00292554
155 	 1175 	 0.829908 	 0.0014037 	 0.0029231
155 	 1180 	 0.829911 	 0.00140255 	 0.00292071
155 	 1185 	 0.829914 	 0.00140143 	 0.00291838
155 	 1190 	 0.829916 	 0.00140034 	 0.0029161
155 	 1195 	 0.829919 	 0.00139927 	 0.00291388
155 	 1200 	 0.829922 	 0.00139822 	 0.0029117
155 	 1205 	 0.829925 	 0.00139721 	 0.00290958
155 	 1210 	 0.829927 	 0.00139621 	 0.00290751
155 	 1215 	 0.82993 	 0.00139524 	 0.00290549
155 	 1220 	 0.829932 	 0.00139429 	 0.00290351
155 	 1225 	 0.829935 	 0.00139336 	 0.00290158
155 	 1230 	 0.829937 	 0.00139246 	 0.00289969
155 	 1235 	 0.829939 	 0.00139157 	 0.00289785
155 	 1240 	 0.829941 	 0.00139071 	 0.00289605
155 	 1245 	 0.829944 	 0.00138986 	 0.00289429
155 	 1250 	 0.829946 	 0.00138904 	 0.00289257
155 	 1255 	 0.829948 	 0.00138823 	 0.0028909
155 	 1260 	 0.82995 	 0.00138745 	 0.00288926
155 	 1265 	 0.829952 	 0.00138668 	 0.00288766
155 	 1270 	 0.829954 	 0.00138592 	 0.00288609
155 	 1275 	 0.829956 	 0.00138519 	 0.00288456
155 	 1280 	 0.829957 	 0.00138447 	 0.00288307
155 	 1285 	 0.829959 	 0.00138377 	 0.00288161
155 	 1290 	 0.829961 	 0.00138309 	 0.00288018
155 	 1295 	 0.829963 	 0.00138242 	 0.00287879
155 	 1300 	 0.829964 	 0.00138176 	 0.00287743
155 	 1305 	 0.829966 	 0.00138113 	 0.0028761
155 	 1310 	 0.829967 	 0.0013805 	 0.0028748
155 	 1315 	 0.829969 	 0.00137989 	 0.00287353
155 	 1320 	 0.82997 	 0.0013793 	 0.00287229
155 	 1325 	 0.829972 	 0.00137871 	 0.00287107
155 	 1330 	 0.829973 	 0.00137814 	 0.00286989
155 	 1335 	 0.829975 	 0.00137759 	 0.00286873
155 	 1340 	 0.829976 	 0.00137704 	 0.0028676
155 	 1345 	 0.829977 	 0.00137651 	 0.00286649
155 	 1350 	 0.829979 	 0.00137599 	 0.00286541
155 	 1355 	 0.82998 	 0.00137548 	 0.00286435
155 	 1360 	 0.829981 	 0.00137499 	 0.00286332
155 	 1365 	 0.829982 	 0.0013745 	 0.00286231
155 	 1370 	 0.829983 	 0.00137403 	 0.00286132
155 	 1375 	 0.829985 	 0.00137356 	 0.00286035
155 	 1380 	 0.829986 	 0.00137311 	 0.00285941
155 	 1385 	 0.829987 	 0.00137267 	 0.00285849
155 	 1390 	 0.829988 	 0.00137224 	 0.00285759
155 	 1395 	 0.829989 	 0.00137181 	 0.0028567
155 	 1400 	 0.82999 	 0.0013714 	 0.00285584
155 	 1405 	 0.829991 	 0.00137099 	 0.002855
155 	 1410 	 0.829992 	 0.0013706 	 0.00285418
155 	 1415 	 0.829993 	 0.00137021 	 0.00285337
155 	 1420 	 0.829994 	 0.00136983 	 0.00285259
155 	 1425 	 0.829994 	 0.00136947 	 0.00285182
155 	 1430 	 0.829995 	 0.0013691 	 0.00285106
155 	 1435 	 0.829996 	 0.00136875 	 0.00285033
155 	 1440 	 0.829997 	 0.00136841 	 0.00284961
155 	 1445 	 0.829998 	 0.00136807 	 0.00284891
155 	 1450 	 0.829998 	 0.00136774 	 0.00284822
155 	 1455 	 0.829999 	 0.00136742 	 0.00284755
155 	 1460 	 0.83 	 0.0013671 	 0.00284689
155 	 1465 	 0.830001 	 0.00136679 	 0.00284625
155 	 1470 	 0.830001 	 0.00136649 	 0.00284562
155 	 1475 	 0.830002 	 0.0013662 	 0.00284501
155 	 1480 	 0.830003 	 0.00136591 	 0.00284441
155 	 1485 	 0.830003 	 0.00136563 	 0.00284382
155 	 1490 	 0.830004 	 0.00136535 	 0.00284324
155 	 1495 	 0.830005 	 0.00136508 	 0.00284268
155 	 1500 	 0.830005 	 0.00136482 	 0.00284213
155 	 1505 	 0.830006 	 0.00136456 	 0.0028416
155 	 1510 	 0.830006 	 0.00136431 	 0.00284107
155 	 1515 	 0.830007 	 0.00136406 	 0.00284056
155 	 1520 	 0.830007 	 0.00136382 	 0.00284006
155 	 1525 	 0.830008 	 0.00136358 	 0.00283957
155 	 1530 	 0.830009 	 0.00136335 	 0.00283909
155 	 1535 	 0.830009 	 0.00136313 	 0.00283862
155 	 1540 	 0.83001 	 0.00136291 	 0.00283816
155 	 1545 	 0.83001 	 0.00136269 	 0.00283771
155 	 1550 	 0.83001 	 0.00136248 	 0.00283727
155 	 1555 	 0.830011 	 0.00136227 	 0.00283684
155 	 1560 	 0.830011 	 0.00136207 	 0.00283642
155 	 1565 	 0.830012 	 0.00136188 	 0.00283601
155 	 1570 	 0.830012 	 0.00136168 	 0.00283561
155 	 1575 	 0.830013 	 0.00136149 	 0.00283522
155 	 1580 	 0.830013 	 0.00136131 	 0.00283483
155 	 1585 	 0.830013 	 0.00136113 	 0.00283446
155 	 1590 	 0.830014 	 0.00136095 	 0.00283409
155 	 1595 	 0.830014 	 0.00136078 	 0.00283373
155 	 1600 	 0.830015 	 0.00136061 	 0.00283338
155 	 1605 	 0.830015 	 0.00136045 	 0.00283304
155 	 1610 	 0.830015 	 0.00136029 	 0.0028327
155 	 1615 	 0.830016 	 0.00136013 	 0.00283237
155 	 1620 	 0.830016 	 0.00135997 	 0.00283205
155 	 1625 	 0.830016 	 0.00135982 	 0.00283174
155 	 1630 	 0.830017 	 0.00135968 	 0.00283143
155 	 1635 	 0.830017 	 0.00135953 	 0.00283113
155 	 1640 	 0.830017 	 0.00135939 	 0.00283083
155 	 1645 	 0.830017 	 0.00135925 	 0.00283055
155 	 1650 	 0.830018 	 0.00135912 	 0.00283027
155 	 1655 	 0.830018 	 0.00135899 	 0.00282999
155 	 1660 	 0.830018 	 0.00135886 	 0.00282972
155 	 1665 	 0.830019 	 0.00135873 	 0.00282946
155 	 1670 	 0.830019 	 0.00135861 	 0.0028292
155 	 1675 	 0.830019 	 0.00135849 	 0.00282895
155 	 1680 	 0.830019 	 0.00135837 	 0.00282871
155 	 1685 	 0.83002 	 0.00135825 	 0.00282846
155 	 1690 	 0.83002 	 0.00135814 	 0.00282823
155 	 1695 	 0.83002 	 0.00135803 	 0.002828
155 	 1700 	 0.83002 	 0.00135792 	 0.00282777
155 	 1705 	 0.83002 	 0.00135781 	 0.00282755
155 	 1710 	 0.830021 	 0.00135771 	 0.00282734
155 	 1715 	 0.830021 	 0.00135761 	 0.00282713
155 	 1720 	 0.830021 	 0.00135751 	 0.00282692
155 	 1725 	 0.830021 	 0.00135741 	 0.00282672
155 	 1730 	 0.830021 	 0.00135732 	 0.00282652
155 	 1735 	 0.830022 	 0.00135723 	 0.00282633
155 	 1740 	 0.830022 	 0.00135714 	 0.00282614
155 	 1745 	 0.830022 	 0.00135705 	 0.00282596
155 	 1750 	 0.830022 	 0.00135696 	 0.00282578
155 	 1755 	 0.830022 	 0.00135688 	 0.0028256
155 	 1760 	 0.830022 	 0.0013568 	 0.00282543
155 	 1765 	 0.830023 	 0.00135671 	 0.00282526
155 	 1770 	 0.830023 	 0.00135664 	 0.0028251
155 	 1775 	 0.830023 	 0.00135656 	 0.00282494
155 	 1780 	 0.830023 	 0.00135648 	 0.00282478
155 	 1785 	 0.830023 	 0.00135641 	 0.00282463
155 	 1790 	 0.830023 	 0.00135634 	 0.00282447
155 	 1795 	 0.830023 	 0.00135627 	 0.00282433
155 	 1800 	 0.830024 	 0.0013562 	 0.00282418
155 	 1805 	 0.830024 	 0.00135613 	 0.00282404
155 	 1810 	 0.830024 	 0.00135606 	 0.0028239
155 	 1815 	 0.830024 	 0.001356 	 0.00282377
155 	 1820 	 0.830024 	 0.00135593 	 0.00282364
155 	 1825 	 0.830024 	 0.00135587 	 0.00282351
155 	 1830 	 0.830024 	 0.00135581 	 0.00282338
155 	 1835 	 0.830024 	 0.00135575 	 0.00282326
155 	 1840 	 0.830025 	 0.00135569 	 0.00282314
155 	 1845 	 0.830025 	 0.00135564 	 0.00282302
155 	 1850 	 0.830025 	 0.00135558 	 0.00282291
155 	 1855 	 0.830025 	 0.00135553 	 0.00282279
155 	 1860 	 0.830025 	 0.00135548 	 0.00282268
155 	 1865 	 0.830025 	 0.00135542 	 0.00282258
155 	 1870 	 0.830025 	 0.00135537 	 0.00282247
155 	 1875 	 0.830025 	 0.00135532 	 0.00282237
155 	 1880 	 0.830025 	 0.00135528 	 0.00282227
155 	 1885 	 0.830025 	 0.00135523 	 0.00282217
155 	 1890 	 0.830026 	 0.00135518 	 0.00282207
155 	 1895 	 0.830026 	 0.00135514 	 0.00282198
155 	 1900 	 0.830026 	 0.00135509 	 0.00282188
155 	 1905 	 0.830026 	 0.00135505 	 0.00282179
155 	 1910 	 0.830026 	 0.00135501 	 0.00282171
155 	 1915 	 0.830026 	 0.00135497 	 0.00282162
155 	 1920 	 0.830026 	 0.00135492 	 0.00282154
155 	 1925 	 0.830026 	 0.00135489 	 0.00282145
155 	 1930 	 0.830026 	 0.00135485 	 0.00282137
155 	 1935 	 0.830026 	 0.00135481 	 0.00282129
155 	 1940 	 0.830026 	 0.00135477 	 0.00282122
155 	 1945 	 0.830026 	 0.00135474 	 0.00282114
155 	 1950 	 0.830026 	 0.0013547 	 0.00282107
155 	 1955 	 0.830026 	 0.00135467 	 0.002821
155 	 1960 	 0.830027 	 0.00135463 	 0.00282093
155 	 1965 	 0.830027 	 0.0013546 	 0.00282086
155 	 1970 	 0.830027 	 0.00135457 	 0.00282079
155 	 1975 	 0.830027 	 0.00135454 	 0.00282072
155 	 1980 	 0.830027 	 0.0013545 	 0.00282066
155 	 1985 	 0.830027 	 0.00135447 	 0.0028206
155 	 1990 	 0.830027 	 0.00135444 	 0.00282054
155 	 1995 	 0.830027 	 0.00135442 	 0.00282048
155 	 2000 	 0.830027 	 0.00135439 	 0.00282042
155 	 2005 	 0.830027 	 0.00135436 	 0.00282036
155 	 2010 	 0.830027 	 0.00135433 	 0.0028203
155 	 2015 	 0.830027 	 0.00135431 	 0.00282025
155 	 2020 	 0.830027 	 0.00135428 	 0.00282019
155 	 2025 	 0.830027 	 0.00135426 	 0.00282014
155 	 2030 	 0.830027 	 0.00135423 	 0.00282009
155 	 2035 	 0.830027 	 0.00135421 	 0.00282004
155 	 2040 	 0.830027 	 0.00135418 	 0.00281999
155 	 2045 	 0.830027 	 0.00135416 	 0.00281994
155 	 2050 	 0.830027 	 0.00135414 	 0.0028199
155 	 2055 	 0.830027 	 0.00135412 	 0.00281985
155 	 2060 	 0.830027 	 0.00135409 	 0.00281981
155 	 2065 	 0.830027 	 0.00135407 	 0.00281976
155 	 2070 	 0.830027 	 0.00135405 	 0.00281972
155 	 2075 	 0.830028 	 0.00135403 	 0.00281968
155 	 2080 	 0.830028 	 0.00135401 	 0.00281964
155 	 2085 	 0.830028 	 0.00135399 	 0.0028196
155 	 2090 	 0.830028 	 0.00135397 	 0.00281956
155 	 2095 	 0.830028 	 0.00135396 	 0.00281952
155 	 2100 	 0.830028 	 0.00135394 	 0.00281948
155 	 2105 	 0.830028 	 0.00135392 	 0.00281945
155 	 2110 	 0.830028 	 0.0013539 	 0.00281941
155 	 2115 	 0.830028 	 0.00135389 	 0.00281937
155 	 2120 	 0.830028 	 0.00135387 	 0.00281934
155 	 2125 	 0.830028 	 0.00135385 	 0.00281931
155 	 2130 	 0.830028 	 0.00135384 	 0.00281927
155 	 2135 	 0.830028 	 0.00135382 	 0.00281924
155 	 2140 	 0.830028 	 0.00135381 	 0.00281921
155 	 2145 	 0.830028 	 0.00135379 	 0.00281918
155 	 2150 	 0.830028 	 0.00135378 	 0.00281915
155 	 2155 	 0.830028 	 0.00135377 	 0.00281912
155 	 2160 	 0.830028 	 0.00135375 	 0.00281909
155 	 2165 	 0.830028 	 0.00135374 	 0.00281907
155 	 2170 	 0.830028 	 0.00135373 	 0.00281904
155 	 2175 	 0.830028 	 0.00135371 	 0.00281901
155 	 2180 	 0.830028 	 0.0013537 	 0.00281899
155 	 2185 	 0.830028 	 0.00135369 	 0.00281896
155 	 2190 	 0.830028 	 0.00135368 	 0.00281894
155 	 2195 	 0.830028 	 0.00135366 	 0.00281891
155 	 2200 	 0.830028 	 0.00135365 	 0.00281889
155 	 2205 	 0.830028 	 0.00135364 	 0.00281886
155 	 2210 	 0.830028 	 0.00135363 	 0.00281884
155 	 2215 	 0.830028 	 0.00135362 	 0.00281882
155 	 2220 	 0.830028 	 0.00135361 	 0.0028188
155 	 2225 	 0.830028 	 0.0013536 	 0.00281878
155 	 2230 	 0.830028 	 0.00135359 	 0.00281876
155 	 2235 	 0.830028 	 0.00135358 	 0.00281874
155 	 2240 	 0.830028 	 0.00135357 	 0.00281872
155 	 2245 	 0.830028 	 0.00135356 	 0.0028187
155 	 2250 	 0.830028 	 0.00135355 	 0.00281868
155 	 2255 	 0.830028 	 0.00135354 	 0.00281866
155 	 2260 	 0.830028 	 0.00135354 	 0.00281864
155 	 2265 	 0.830028 	 0.00135353 	 0.00281862
155 	 2270 	 0.830028 	 0.00135352 	 0.00281861
155 	 2275 	 0.830028 	 0.00135351 	 0.00281859
155 	 2280 	 0.830028 	 0.0013535 	 0.00281857
155 	 2285 	 0.830028 	 0.0013535 	 0.00281856
155 	 2290 	 0.830028 	 0.00135349 	 0.00281854
155 	 2295 	 0.830028 	 0.00135348 	 0.00281853
155 	 2300 	 0.830028 	 0.00135347 	 0.00281851
155 	 2305 	 0.830028 	 0.00135347 	 0.0028185
155 	 2310 	 0.830028 	 0.00135346 	 0.00281848
155 	 2315 	 0.830028 	 0.00135345 	 0.00281847
155 	 2320 	 0.830028 	 0.00135345 	 0.00281846
155 	 2325 	 0.830028 	 0.00135344 	 0.00281844
155 	 2330 	 0.830028 	 0.00135343 	 0.00281843
155 	 2335 	 0.830028 	 0.00135343 	 0.00281842
155 	 2340 	 0.830028 	 0.00135342 	 0.0028184
155 	 2345 	 0.830028 	 0.00135342 	 0.00281839
155 	 2350 	 0.830029 	 0.00135341 	 0.00281838
155 	 2355 	 0.830029 	 0.0013534 	 0.00281837
155 	 2360 	 0.830029 	 0.0013534 	 0.00281836
155 	 2365 	 0.830029 	 0.00135339 	 0.00281835
155 	 2370 	 0.830029 	 0.00135339 	 0.00281834
155 	 2375 	 0.830029 	 0.00135338 	 0.00281833
155 	 2380 	 0.830029 	 0.00135338 	 0.00281831
155 	 2385 	 0.830029 	 0.00135337 	 0.0028183
155 	 2390 	 0.830029 	 0.00135337 	 0.00281829
155 	 2395 	 0.830029 	 0.00135336 	 0.00281829
155 	 2400 	 0.830029 	 0.00135336 	 0.00281828
155 	 2405 	 0.830029 	 0.00135335 	 0.00281827
155 	 2410 	 0.830029 	 0.00135335 	 0.00281826
155 	 2415 	 0.830029 	 0.00135335 	 0.00281825
155 	 2420 	 0.830029 	 0.00135334 	 0.00281824
155 	 2425 	 0.830029 	 0.00135334 	 0.00281823
155 	 2430 	 0.830029 	 0.00135333 	 0.00281822
155 	 2435 	 0.830029 	 0.00135333 	 0.00281822
155 	 2440 	 0.830029 	 0.00135333 	 0.00281821
155 	 2445 	 0.830029 	 0.00135332 	 0.0028182
155 	 2450 	 0.830029 	 0.00135332 	 0.00281819
155 	 2455 	 0.830029 	 0.00135332 	 0.00281819
155 	 2460 	 0.830029 	 0.00135331 	 0.00281818
155 	 2465 	 0.830029 	 0.00135331 	 0.00281817
155 	 2470 	 0.830029 	 0.00135331 	 0.00281816
155 	 2475 	 0.830029 	 0.0013533 	 0.00281816
155 	 2480 	 0.830029 	 0.0013533 	 0.00281815
155 	 2485 	 0.830029 	 0.0013533 	 0.00281815
155 	 2490 	 0.830029 	 0.00135329 	 0.00281814
155 	 2495 	 0.830029 	 0.00135329 	 0.00281813
155 	 2500 	 0.830029 	 0.00135329 	 0.00281813
155 	 2505 	 0.830029 	 0.00135329 	 0.00281812
155 	 2510 	 0.830029 	 0.00135328 	 0.00281812
155 	 2515 	 0.830029 	 0.00135328 	 0.00281811
155 	 2520 	 0.830029 	 0.00135328 	 0.00281811
155 	 2525 	 0.830029 	 0.00135327 	 0.0028181
155 	 2530 	 0.830029 	 0.00135327 	 0.00281809
155 	 2535 	 0.830029 	 0.00135327 	 0.00281809
155 	 2540 	 0.830029 	 0.00135327 	 0.00281808
155 	 2545 	 0.830029 	 0.00135327 	 0.00281808
155 	 2550 	 0.830029 	 0.00135326 	 0.00281808
155 	 2555 	 0.830029 	 0.00135326 	 0.00281807
155 	 2560 	 0.830029 	 0.00135326 	 0.00281807
155 	 2565 	 0.830029 	 0.00135326 	 0.00281806
155 	 2570 	 0.830029 	 0.00135325 	 0.00281806
155 	 2575 	 0.830029 	 0.00135325 	 0.00281805
155 	 2580 	 0.830029 	 0.00135325 	 0.00281805
155 	 2585 	 0.830029 	 0.00135325 	 0.00281805
155 	 2590 	 0.830029 	 0.00135325 	 0.00281804
155 	 2595 	 0.830029 	 0.00135325 	 0.00281804
155 	 2600 	 0.830029 	 0.00135324 	 0.00281803
155 	 2605 	 0.830029 	 0.00135324 	 0.00281803
155 	 2610 	 0.830029 	 0.00135324 	 0.00281803
155 	 2615 	 0.830029 	 0.00135324 	 0.00281802
155 	 2620 	 0.830029 	 0.00135324 	 0.00281802
155 	 2625 	 0.830029 	 0.00135324 	 0.00281802
155 	 2630 	 0.830029 	 0.00135323 	 0.00281801
155 	 2635 	 0.830029 	 0.00135323 	 0.00281801
155 	 2640 	 0.830029 	 0.00135323 	 0.00281801
155 	 2645 	 0.830029 	 0.00135323 	 0.002818
155 	 2650 	 0.830029 	 0.00135323 	 0.002818
155 	 2655 	 0.830029 	 0.00135323 	 0.002818
155 	 2660 	 0.830029 	 0.00135323 	 0.002818
155 	 2665 	 0.830029 	 0.00135322 	 0.00281799
155 	 2670 	 0.830029 	 0.00135322 	 0.00281799
155 	 2675 	 0.830029 	 0.00135322 	 0.00281799
155 	 2680 	 0.830029 	 0.00135322 	 0.00281799
155 	 2685 	 0.830029 	 0.00135322 	 0.00281798
155 	 2690 	 0.830029 	 0.00135322 	 0.00281798
155 	 2695 	 0.830029 	 0.00135322 	 0.00281798
155 	 2700 	 0.830029 	 0.00135322 	 0.00281798
155 	 2705 	 0.830029 	 0.00135321 	 0.00281797
155 	 2710 	 0.830029 	 0.00135321 	 0.00281797
155 	 2715 	 0.830029 	 0.00135321 	 0.00281797
155 	 2720 	 0.830029 	 0.00135321 	 0.00281797
155 	 2725 	 0.830029 	 0.00135321 	 0.00281797
155 	 2730 	 0.830029 	 0.00135321 	 0.00281796
155 	 2735 	 0.830029 	 0.00135321 	 0.00281796
155 	 2740 	 0.830029 	 0.00135321 	 0.00281796
155 	 2745 	 0.830029 	 0.00135321 	 0.00281796
155 	 2750 	 0.830029 	 0.00135321 	 0.00281796
155 	 2755 	 0.830029 	 0.00135321 	 0.00281795
155 	 2760 	 0.830029 	 0.0013532 	 0.00281795
155 	 2765 	 0.830029 	 0.0013532 	 0.00281795
155 	 2770 	 0.830029 	 0.0013532 	 0.00281795
155 	 2775 	 0.830029 	 0.0013532 	 0.00281795
155 	 2780 	 0.830029 	 0.0013532 	 0.00281795
155 	 2785 	 0.830029 	 0.0013532 	 0.00281794
155 	 2790 	 0.830029 	 0.0013532 	 0.00281794
155 	 2795 	 0.830029 	 0.0013532 	 0.00281794
155 	 2800 	 0.830029 	 0.0013532 	 0.00281794
155 	 2805 	 0.830029 	 0.0013532 	 0.00281794
155 	 2810 	 0.830029 	 0.0013532 	 0.00281794
155 	 2815 	 0.830029 	 0.0013532 	 0.00281794
155 	 2820 	 0.830029 	 0.0013532 	 0.00281794
155 	 2825 	 0.830029 	 0.0013532 	 0.00281793
155 	 2830 	 0.830029 	 0.00135319 	 0.00281793
155 	 2835 	 0.830029 	 0.00135319 	 0.00281793
155 	 2840 	 0.830029 	 0.00135319 	 0.00281793
155 	 2845 	 0.830029 	 0.00135319 	 0.00281793
155 	 2850 	 0.830029 	 0.00135319 	 0.00281793
155 	 2855 	 0.830029 	 0.00135319 	 0.00281793
155 	 2860 	 0.830029 	 0.00135319 	 0.00281793
155 	 2865 	 0.830029 	 0.00135319 	 0.00281793
155 	 2870 	 0.830029 	 0.00135319 	 0.00281792
155 	 2875 	 0.830029 	 0.00135319 	 0.00281792
155 	 2880 	 0.830029 	 0.00135319 	 0.00281792
155 	 2885 	 0.830029 	 0.00135319 	 0.00281792
155 	 2890 	 0.830029 	 0.00135319 	 0.00281792
155 	 2895 	 0.830029 	 0.00135319 	 0.00281792
155 	 2900 	 0.830029 	 0.00135319 	 0.00281792
155 	 2905 	 0.830029 	 0.00135319 	 0.00281792
155 	 2910 	 0.830029 	 0.00135319 	 0.00281792
155 	 2915 	 0.830029 	 0.00135319 	 0.00281792
155 	 2920 	 0.830029 	 0.00135319 	 0.00281792
155 	 2925 	 0.830029 	 0.00135319 	 0.00281791
155 	 2930 	 0.830029 	 0.00135319 	 0.00281791
155 	 2935 	 0.830029 	 0.00135319 	 0.00281791
155 	 2940 	 0.830029 	 0.00135318 	 0.00281791
155 	 2945 	 0.830029 	 0.00135318 	 0.00281791
155 	 2950 	 0.830029 	 0.00135318 	 0.00281791
155 	 2955 	 0.830029 	 0.00135318 	 0.00281791
155 	 2960 	 0.830029 	 0.00135318 	 0.00281791
155 	 2965 	 0.830029 	 0.00135318 	 0.00281791
155 	 2970 	 0.830029 	 0.00135318 	 0.00281791
155 	 2975 	 0.830029 	 0.00135318 	 0.00281791
155 	 2980 	 0.830029 	 0.00135318 	 0.00281791
155 	 2985 	 0.830029 	 0.00135318 	 0.00281791
155 	 2990 	 0.830029 	 0.00135318 	 0.00281791
155 	 2995 	 0.830029 	 0.00135318 	 0.00281791
155 	 3000 	 0.830029 	 0.00135318 	 0.0028179
155 	 3005 	 0.830029 	 0.00135318 	 0.0028179
155 	 3010 	 0.830029 	 0.00135318 	 0.0028179
155 	 3015 	 0.830029 	 0.00135318 	 0.0028179
155 	 3020 	 0.830029 	 0.00135318 	 0.0028179
155 	 3025 	 0.830029 	 0.00135318 	 0.0028179
155 	 3030 	 0.830029 	 0.00135318 	 0.0028179
155 	 3035 	 0.830029 	 0.00135318 	 0.0028179
155 	 3040 	 0.830029 	 0.00135318 	 0.0028179
155 	 3045 	 0.830029 	 0.00135318 	 0.0028179
155 	 3050 	 0.830029 	 0.00135318 	 0.0028179
155 	 3055 	 0.830029 	 0.00135318 	 0.0028179
155 	 3060 	 0.830029 	 0.00135318 	 0.0028179
155 	 3065 	 0.830029 	 0.00135318 	 0.0028179
155 	 3070 	 0.830029 	 0.00135318 	 0.0028179
155 	 3075 	 0.830029 	 0.00135318 	 0.0028179
155 	 3080 	 0.830029 	 0.00135318 	 0.0028179
155 	 3085 	 0.830029 	 0.00135318 	 0.0028179
155 	 3090 	 0.830029 	 0.00135318 	 0.0028179
155 	 3095 	 0.830029 	 0.00135318 	 0.0028179
155 	 3100 	 0.830029 	 0.00135318 	 0.0028179
155 	 3105 	 0.830029 	 0.00135318 	 0.0028179
155 	 3110 	 0.830029 	 0.00135318 	 0.0028179
155 	 3115 	 0.830029 	 0.00135318 	 0.0028179
155 	 3120 	 0.830029 	 0.00135318 	 0.0028179
155 	 3125 	 0.830029 	 0.00135318 	 0.0028179
155 	 3130 	 0.830029 	 0.00135318 	 0.00281789
155 	 3135 	 0.830029 	 0.00135318 	 0.00281789
155 	 3140 	 0.830029 	 0.00135318 	 0.00281789
155 	 3145 	 0.830029 	 0.00135318 	 0.00281789
155 	 3150 	 0.830029 	 0.00135318 	 0.00281789
155 	 3155 	 0.830029 	 0.00135318 	 0.00281789
155 	 3160 	 0.830029 	 0.00135318 	 0.00281789
155 	 3165 	 0.830029 	 0.00135318 	 0.00281789
155 	 3170 	 0.830029 	 0.00135318 	 0.00281789
155 	 3175 	 0.830029 	 0.00135318 	 0.00281789
155 	 3180 	 0.830029 	 0.00135318 	 0.00281789
155 	 3185 	 0.830029 	 0.00135318 	 0.00281789
155 	 3190 	 0.830029 	 0.00135317 	 0.00281789
155 	 3195 	 0.830029 	 0.00135317 	 0.00281789
155 	 3200 	 0.830029 	 0.00135317 	 0.00281789
155 	 3205 	 0.830029 	 0.00135317 	 0.00281789
155 	 3210 	 0.830029 	 0.00135317 	 0.00281789
155 	 3215 	 0.830029 	 0.00135317 	 0.00281789
155 	 3220 	 0.830029 	 0.00135317 	 0.00281789
155 	 3225 	 0.830029 	 0.00135317 	 0.00281789
155 	 3230 	 0.830029 	 0.00135317 	 0.00281789
155 	 3235 	 0.830029 	 0.00135317 	 0.00281789
155 	 3240 	 0.830029 	 0.00135317 	 0.00281789
155 	 3245 	 0.830029 	 0.00135317 	 0.00281789
155 	 3250 	 0.830029 	 0.00135317 	 0.00281789
155 	 3255 	 0.830029 	 0.00135317 	 0.00281789
155 	 3260 	 0.830029 	 0.00135317 	 0.00281789
155 	 3265 	 0.830029 	 0.00135317 	 0.00281789
155 	 3270 	 0.830029 	 0.00135317 	 0.00281789
155 	 3275 	 0.830029 	 0.00135317 	 0.00281789
155 	 3280 	 0.830029 	 0.00135317 	 0.00281789
155 	 3285 	 0.830029 	 0.00135317 	 0.00281789
155 	 3290 	 0.830029 	 0.00135317 	 0.00281789
155 	 3295 	 0.830029 	 0.00135317 	 0.00281789
155 	 3300 	 0.830029 	 0.00135317 	 0.00281789
155 	 3305 	 0.830029 	 0.00135317 	 0.00281789
155 	 3310 	 0.830029 	 0.00135317 	 0.00281789
155 	 3315 	 0.830029 	 0.00135317 	 0.00281789
155 	 3320 	 0.830029 	 0.00135317 	 0.00281789
155 	 3325 	 0.830029 	 0.00135317 	 0.00281789
155 	 3330 	 0.830029 	 0.00135317 	 0.00281789
155 	 3335 	 0.830029 	 0.00135317 	 0.00281789
155 	 3340 	 0.830029 	 0.00135317 	 0.00281789
155 	 3345 	 0.830029 	 0.00135317 	 0.00281789
155 	 3350 	 0.830029 	 0.00135317 	 0.00281789
155 	 3355 	 0.830029 	 0.00135317 	 0.00281789
155 	 3360 	 0.830029 	 0.00135317 	 0.00281789
155 	 3365 	 0.830029 	 0.00135317 	 0.00281789
155 	 3370 	 0.830029 	 0.00135317 	 0.00281789
155 	 3375 	 0.830029 	 0.00135317 	 0.00281789
155 	 3380 	 0.830029 	 0.00135317 	 0.00281789
155 	 3385 	 0.830029 	 0.00135317 	 0.00281789
155 	 3390 	 0.830029 	 0.00135317 	 0.00281789
155 	 3395 	 0.830029 	 0.00135317 	 0.00281789
155 	 3400 	 0.830029 	 0.00135317 	 0.00281789
155 	 3405 	 0.830029 	 0.00135317 	 0.00281789
155 	 3410 	 0.830029 	 0.00135317 	 0.00281789
155 	 3415 	 0.830029 	 0.00135317 	 0.00281789
155 	 3420 	 0.830029 	 0.00135317 	 0.00281789
155 	 3425 	 0.830029 	 0.00135317 	 0.00281789
155 	 3430 	 0.830029 	 0.00135317 	 0.00281789
155 	 3435 	 0.830029 	 0.00135317 	 0.00281789
155 	 3440 	 0.830029 	 0.00135317 	 0.00281789
155 	 3445 	 0.830029 	 0.00135317 	 0.00281789
155 	 3450 	 0.830029 	 0.00135317 	 0.00281789
155 	 3455 	 0.830029 	 0.00135317 	 0.00281789
155 	 3460 	 0.830029 	 0.00135317 	 0.00281789
155 	 3465 	 0.830029 	 0.00135317 	 0.00281789
155 	 3470 	 0.830029 	 0.00135317 	 0.00281789
155 	 3475 	 0.830029 	 0.00135317 	 0.00281789
155 	 3480 	 0.830029 	 0.00135317 	 0.00281789
155 	 3485 	 0.830029 	 0.00135317 	 0.00281789
155 	 3490 	 0.830029 	 0.00135317 	 0.00281789
155 	 3495 	 0.830029 	 0.00135317 	 0.00281789
155 	 3500 	 0.830029 	 0.00135317 	 0.00281789
155 	 3505 	 0.830029 	 0.00135317 	 0.00281789
155 	 3510 	 0.830029 	 0.00135317 	 0.00281789
155 	 3515 	 0.830029 	 0.00135317 	 0.00281789
155 	 3520 	 0.830029 	 0.00135317 	 0.00281789
155 	 3525 	 0.830029 	 0.00135317 	 0.00281789
155 	 3530 	 0.830029 	 0.00135317 	 0.00281789
155 	 3535 	 0.830029 	 0.00135317 	 0.00281789
155 	 3540 	 0.830029 	 0.00135317 	 0.00281789
155 	 3545 	 0.830029 	 0.00135317 	 0.00281789
155 	 3550 	 0.830029 	 0.00135317 	 0.00281789
155 	 3555 	 0.830029 	 0.00135317 	 0.00281789
155 	 3560 	 0.830029 	 0.00135317 	 0.00281789
155 	 3565 	 0.830029 	 0.00135317 	 0.00281789
155 	 3570 	 0.830029 	 0.00135317 	 0.00281789
155 	 3575 	 0.830029 	 0.00135317 	 0.00281789
155 	 3580 	 0.830029 	 0.00135317 	 0.00281789
155 	 3585 	 0.830029 	 0.00135317 	 0.00281789
155 	 3590 	 0.830029 	 0.00135317 	 0.00281789
155 	 3595 	 0.830029 	 0.00135317 	 0.00281789
155 	 3600 	 0.830029 	 0.00135317 	 0.00281788
155 	 3605 	 0.830029 	 0.00135317 	 0.00281788
155 	 3610 	 0.830029 	 0.00135317 	 0.00281788
155 	 3615 	 0.830029 	 0.00135317 	 0.00281788
155 	 3620 	 0.830029 	 0.00135317 	 0.00281788
155 	 3625 	 0.830029 	 0.00135317 	 0.00281788
155 	 3630 	 0.830029 	 0.00135317 	 0.00281788
155 	 3635 	 0.830029 	 0.00135317 	 0.00281788
155 	 3640 	 0.830029 	 0.00135317 	 0.00281788
155 	 3645 	 0.830029 	 0.00135317 	 0.00281788
155 	 3650 	 0.830029 	 0.00135317 	 0.00281788
155 	 3655 	 0.830029 	 0.00135317 	 0.00281788
155 	 3660 	 0.830029 	 0.00135317 	 0.00281788
155 	 3665 	 0.830029 	 0.00135317 	 0.00281788
155 	 3670 	 0.830029 	 0.00135317 	 0.00281788
155 	 3675 	 0.830029 	 0.00135317 	 0.00281788
155 	 3680 	 0.830029 	 0.00135317 	 0.00281788
155 	 3685 	 0.830029 	 0.00135317 	 0.00281788
155 	 3690 	 0.830029 	 0.00135317 	 0.00281788
155 	 3695 	 0.830029 	 0.00135317 	 0.00281788
155 	 3700 	 0.830029 	 0.00135317 	 0.00281788
155 	 3705 	 0.830029 	 0.00135317 	 0.00281788
155 	 3710 	 0.830029 	 0.00135317 	 0.00281788
155 	 3715 	 0.830029 	 0.00135317 	 0.00281788
155 	 3720 	 0.830029 	 0.00135317 	 0.00281788
155 	 3725 	 0.830029 	 0.00135317 	 0.00281788
155 	 3730 	 0.830029 	 0.00135317 	 0.00281788
155 	 3735 	 0.830029 	 0.00135317 	 0.00281788
155 	 3740 	 0.830029 	 0.00135317 	 0.00281788
155 	 3745 	 0.830029 	 0.00135317 	 0.00281788
155 	 3750 	 0.830029 	 0.00135317 	 0.00281788
155 	 3755 	 0.830029 	 0.00135317 	 0.00281788
155 	 3760 	 0.830029 	 0.00135317 	 0.00281788
155 	 3765 	 0.830029 	 0.00135317 	 0.00281788
155 	 3770 	 0.830029 	 0.00135317 	 0.00281788
155 	 3775 	 0.830029 	 0.00135317 	 0.00281788
155 	 3780 	 0.830029 	 0.00135317 	 0.00281788
155 	 3785 	 0.830029 	 0.00135317 	 0.00281788
155 	 3790 	 0.830029 	 0.00135317 	 0.00281788
155 	 3795 	 0.830029 	 0.00135317 	 0.00281788
155 	 3800 	 0.830029 	 0.00135317 	 0.00281788
155 	 3805 	 0.830029 	 0.00135317 	 0.00281788
155 	 3810 	 0.830029 	 0.00135317 	 0.00281788
155 	 3815 	 0.830029 	 0.00135317 	 0.00281788
155 	 3820 	 0.830029 	 0.00135317 	 0.00281788
155 	 3825 	 0.830029 	 0.00135317 	 0.00281788
155 	 3830 	 0.830029 	 0.00135317 	 0.00281788
155 	 3835 	 0.830029 	 0.00135317 	 0.00281788
155 	 3840 	 0.830029 	 0.00135317 	 0.00281788
155 	 3845 	 0.830029 	 0.00135317 	 0.00281788
155 	 3850 	 0.830029 	 0.00135317 	 0.00281788
155 	 3855 	 0.830029 	 0.00135317 	 0.00281788
155 	 3860 	 0.830029 	 0.00135317 	 0.00281788
155 	 3865 	 0.830029 	 0.00135317 	 0.00281788
155 	 3870 	 0.830029 	 0.00135317 	 0.00281788
155 	 3875 	 0.830029 	 0.00135317 	 0.00281788
155 	 3880 	 0.830029 	 0.00135317 	 0.00281788
155 	 3885 	 0.830029 	 0.00135317 	 0.00281788
155 	 3890 	 0.830029 	 0.00135317 	 0.00281788
155 	 3895 	 0.830029 	 0.00135317 	 0.00281788
155 	 3900 	 0.830029 	 0.00135317 	 0.00281788
155 	 3905 	 0.830029 	 0.00135317 	 0.00281788
155 	 3910 	 0.830029 	 0.00135317 	 0.00281788
155 	 3915 	 0.830029 	 0.00135317 	 0.00281788
155 	 3920 	 0.830029 	 0.00135317 	 0.00281788
155 	 3925 	 0.830029 	 0.00135317 	 0.00281788
155 	 3930 	 0.830029 	 0.00135317 	 0.00281788
155 	 3935 	 0.830029 	 0.00135317 	 0.00281788
155 	 3940 	 0.830029 	 0.00135317 	 0.00281788
155 	 3945 	 0.830029 	 0.00135317 	 0.00281788
155 	 3950 	 0.830029 	 0.00135317 	 0.00281788
155 	 3955 	 0.830029 	 0.00135317 	 0.00281788
155 	 3960 	 0.830029 	 0.00135317 	 0.00281788
155 	 3965 	 0.830029 	 0.00135317 	 0.00281788
155 	 3970 	 0.830029 	 0.00135317 	 0.00281788
155 	 3975 	 0.830029 	 0.00135317 	 0.00281788
155 	 3980 	 0.830029 	 0.00135317 	 0.00281788
155 	 3985 	 0.830029 	 0.00135317 	 0.00281788
155 	 3990 	 0.830029 	 0.00135317 	 0.00281788
155 	 3995 	 0.830029 	 0.00135317 	 0.00281788
155 	 4000 	 0.830029 	 0.00135317 	 0.00281788
155 	 4005 	 0.830029 	 0.00135317 	 0.00281788
155 	 4010 	 0.830029 	 0.00135317 	 0.00281788
155 	 4015 	 0.830029 	 0.00135317 	 0.00281788
155 	 4020 	 0.830029 	 0.00135317 	 0.00281788
155 	 4025 	 0.830029 	 0.00135317 	 0.00281788
155 	 4030 	 0.830029 	 0.00135317 	 0.00281788
155 	 4035 	 0.830029 	 0.00135317 	 0.00281788
155 	 4040 	 0.830029 	 0.00135317 	 0.00281788
155 	 4045 	 0.830029 	 0.00135317 	 0.00281788
155 	 4050 	 0.830029 	 0.00135317 	 0.00281788
155 	 4055 	 0.830029 	 0.00135317 	 0.00281788
155 	 4060 	 0.830029 	 0.00135317 	 0.00281788
155 	 4065 	 0.830029 	 0.00135317 	 0.00281788
155 	 4070 	 0.830029 	 0.00135317 	 0.00281788
155 	 4075 	 0.830029 	 0.00135317 	 0.00281788
155 	 4080 	 0.830029 	 0.00135317 	 0.00281788
155 	 4085 	 0.830029 	 0.00135317 	 0.00281788
155 	 4090 	 0.830029 	 0.00135317 	 0.00281788
155 	 4095 	 0.830029 	 0.00135317 	 0.00281788
155 	 4100 	 0.830029 	 0.00135317 	 0.00281788
155 	 4105 	 0.830029 	 0.00135317 	 0.00281788
155 	 4110 	 0.830029 	 0.00135317 	 0.00281788
155 	 4115 	 0.830029 	 0.00135317 	 0.00281788
155 	 4120 	 0.830029 	 0.00135317 	 0.00281788
155 	 4125 	 0.830029 	 0.00135317 	 0.00281788
155 	 4130 	 0.830029 	 0.00135317 	 0.00281788
155 	 4135 	 0.830029 	 0.00135317 	 0.00281788
155 	 4140 	 0.830029 	 0.00135317 	 0.00281788
155 	 4145 	 0.830029 	 0.00135317 	 0.00281788
155 	 4150 	 0.830029 	 0.00135317 	 0.00281788
155 	 4155 	 0.830029 	 0.00135317 	 0.00281788
155 	 4160 	 0.830029 	 0.00135317 	 0.00281788
155 	 4165 	 0.830029 	 0.00135317 	 0.00281788
155 	 4170 	 0.830029 	 0.00135317 	 0.00281788
155 	 4175 	 0.830029 	 0.00135317 	 0.00281788
155 	 4180 	 0.830029 	 0.00135317 	 0.00281788
155 	 4185 	 0.830029 	 0.00135317 	 0.00281788
155 	 4190 	 0.830029 	 0.00135317 	 0.00281788
155 	 4195 	 0.830029 	 0.00135317 	 0.00281788
155 	 4200 	 0.830029 	 0.00135317 	 0.00281788
155 	 4205 	 0.830029 	 0.00135317 	 0.00281788
155 	 4210 	 0.830029 	 0.00135317 	 0.00281788
155 	 4215 	 0.830029 	 0.00135317 	 0.00281788
155 	 4220 	 0.830029 	 0.00135317 	 0.00281788
155 	 4225 	 0.830029 	 0.00135317 	 0.00281788
155 	 4230 	 0.830029 	 0.00135317 	 0.00281788
155 	 4235 	 0.830029 	 0.00135317 	 0.00281788
155 	 4240 	 0.830029 	 0.00135317 	 0.00281788
155 	 4245 	 0.830029 	 0.00135317 	 0.00281788
155 	 4250 	 0.830029 	 0.00135317 	 0.00281788
155 	 4255 	 0.830029 	 0.00135317 	 0.00281788
155 	 4260 	 0.830029 	 0.00135317 	 0.00281788
155 	 4265 	 0.830029 	 0.00135317 	 0.00281788
155 	 4270 	 0.830029 	 0.00135317 	 0.00281788
155 	 4275 	 0.830029 	 0.00135317 	 0.00281788
155 	 4280 	 0.830029 	 0.00135317 	 0.00281788
155 	 4285 	 0.830029 	 0.00135317 	 0.00281788
155 	 4290 	 0.830029 	 0.00135317 	 0.00281788
155 	 4295 	 0.830029 	 0.00135317 	 0.00281788
155 	 4300 	 0.830029 	 0.00135317 	 0.00281788
155 	 4305 	 0.830029 	 0.00135317 	 0.00281788
155 	 4310 	 0.830029 	 0.00135317 	 0.00281788
155 	 4315 	 0.830029 	 0.00135317 	 0.00281788
155 	 4320 	 0.830029 	 0.00135317 	 0.00281788
155 	 4325 	 0.830029 	 0.00135317 	 0.00281788
155 	 4330 	 0.830029 	 0.00135317 	 0.00281788
155 	 4335 	 0.830029 	 0.00135317 	 0.00281788
155 	 4340 	 0.830029 	 0.00135317 	 0.00281788
155 	 4345 	 0.830029 	 0.00135317 	 0.00281788
155 	 4350 	 0.830029 	 0.00135317 	 0.00281788
155 	 4355 	 0.830029 	 0.00135317 	 0.00281788
155 	 4360 	 0.830029 	 0.00135317 	 0.00281788
155 	 4365 	 0.830029 	 0.00135317 	 0.00281788
155 	 4370 	 0.830029 	 0.00135317 	 0.00281788
155 	 4375 	 0.830029 	 0.00135317 	 0.00281788
155 	 4380 	 0.830029 	 0.00135317 	 0.00281788
155 	 4385 	 0.830029 	 0.00135317 	 0.00281788
155 	 4390 	 0.830029 	 0.00135317 	 0.00281788
155 	 4395 	 0.830029 	 0.00135317 	 0.00281788
155 	 4400 	 0.830029 	 0.00135317 	 0.00281788
155 	 4405 	 0.830029 	 0.00135317 	 0.00281788
155 	 4410 	 0.830029 	 0.00135317 	 0.00281788
155 	 4415 	 0.830029 	 0.00135317 	 0.00281788
155 	 4420 	 0.830029 	 0.00135317 	 0.00281788
155 	 4425 	 0.830029 	 0.00135317 	 0.00281788
155 	 4430 	 0.830029 	 0.00135317 	 0.00281788
155 	 4435 	 0.830029 	 0.00135317 	 0.00281788
155 	 4440 	 0.830029 	 0.00135317 	 0.00281788
155 	 4445 	 0.830029 	 0.00135317 	 0.00281788
155 	 4450 	 0.830029 	 0.00135317 	 0.00281788
155 	 4455 	 0.830029 	 0.00135317 	 0.00281788
155 	 4460 	 0.830029 	 0.00135317 	 0.00281788
155 	 4465 	 0.830029 	 0.00135317 	 0.00281788
155 	 4470 	 0.830029 	 0.00135317 	 0.00281788
155 	 4475 	 0.830029 	 0.00135317 	 0.00281788
155 	 4480 	 0.830029 	 0.00135317 	 0.00281788
155 	 4485 	 0.830029 	 0.00135317 	 0.00281788
155 	 4490 	 0.830029 	 0.00135317 	 0.00281788
155 	 4495 	 0.830029 	 0.00135317 	 0.00281788
155 	 4500 	 0.830029 	 0.00135317 	 0.00281788
155 	 4505 	 0.830029 	 0.00135317 	 0.00281788
155 	 4510 	 0.830029 	 0.00135317 	 0.00281788
155 	 4515 	 0.830029 	 0.00135317 	 0.00281788
155 	 4520 	 0.830029 	 0.00135317 	 0.00281788
155 	 4525 	 0.830029 	 0.00135317 	 0.00281788
155 	 4530 	 0.830029 	 0.00135317 	 0.00281788
155 	 4535 	 0.830029 	 0.00135317 	 0.00281788
155 	 4540 	 0.830029 	 0.00135317 	 0.00281788
155 	 4545 	 0.830029 	 0.00135317 	 0.00281788
155 	 4550 	 0.830029 	 0.00135317 	 0.00281788
155 	 4555 	 0.830029 	 0.00135317 	 0.00281788
155 	 4560 	 0.830029 	 0.00135317 	 0.00281788
155 	 4565 	 0.830029 	 0.00135317 	 0.00281788
155 	 4570 	 0.830029 	 0.00135317 	 0.00281788
155 	 4575 	 0.830029 	 0.00135317 	 0.00281788
155 	 4580 	 0.830029 	 0.00135317 	 0.00281788
155 	 4585 	 0.830029 	 0.00135317 	 0.00281788
155 	 4590 	 0.830029 	 0.00135317 	 0.00281788
155 	 4595 	 0.830029 	 0.00135317 	 0.00281788
155 	 4600 	 0.830029 	 0.00135317 	 0.00281788
155 	 4605 	 0.830029 	 0.00135317 	 0.00281788
155 	 4610 	 0.830029 	 0.00135317 	 0.00281788
155 	 4615 	 0.830029 	 0.00135317 	 0.00281788
155 	 4620 	 0.830029 	 0.00135317 	 0.00281788
155 	 4625 	 0.830029 	 0.00135317 	 0.00281788
155 	 4630 	 0.830029 	 0.00135317 	 0.00281788
155 	 4635 	 0.830029 	 0.00135317 	 0.00281788
155 	 4640 	 0.830029 	 0.00135317 	 0.00281788
155 	 4645 	 0.830029 	 0.00135317 	 0.00281788
155 	 4650 	 0.830029 	 0.00135317 	 0.00281788
155 	 4655 	 0.830029 	 0.00135317 	 0.00281788
155 	 4660 	 0.830029 	 0.00135317 	 0.00281788
155 	 4665 	 0.830029 	 0.00135317 	 0.00281788
155 	 4670 	 0.830029 	 0.00135317 	 0.00281788
155 	 4675 	 0.830029 	 0.00135317 	 0.00281788
155 	 4680 	 0.830029 	 0.00135317 	 0.00281788
155 	 4685 	 0.830029 	 0.00135317 	 0.00281788
155 	 4690 	 0.830029 	 0.00135317 	 0.00281788
155 	 4695 	 0.830029 	 0.00135317 	 0.00281788
155 	 4700 	 0.830029 	 0.00135317 	 0.00281788
155 	 4705 	 0.830029 	 0.00135317 	 0.00281788
155 	 4710 	 0.830029 	 0.00135317 	 0.00281788
155 	 4715 	 0.830029 	 0.00135317 	 0.00281788
155 	 4720 	 0.830029 	 0.00135317 	 0.00281788
155 	 4725 	 0.830029 	 0.00135317 	 0.00281788
155 	 4730 	 0.830029 	 0.00135317 	 0.00281788
155 	 4735 	 0.830029 	 0.00135317 	 0.00281788
155 	 4740 	 0.830029 	 0.00135317 	 0.00281788
155 	 4745 	 0.830029 	 0.00135317 	 0.00281788
155 	 4750 	 0.830029 	 0.00135317 	 0.00281788
155 	 4755 	 0.830029 	 0.00135317 	 0.00281788
155 	 4760 	 0.830029 	 0.00135317 	 0.00281788
155 	 4765 	 0.830029 	 0.00135317 	 0.00281788
155 	 4770 	 0.830029 	 0.00135317 	 0.00281788
155 	 4775 	 0.830029 	 0.00135317 	 0.00281788
155 	 4780 	 0.830029 	 0.00135317 	 0.00281788
155 	 4785 	 0.830029 	 0.00135317 	 0.00281788
155 	 4790 	 0.830029 	 0.00135317 	 0.00281788
155 	 4795 	 0.830029 	 0.00135317 	 0.00281788
155 	 4800 	 0.830029 	 0.00135317 	 0.00281788
155 	 4805 	 0.830029 	 0.00135317 	 0.00281788
155 	 4810 	 0.830029 	 0.00135317 	 0.00281788
155 	 4815 	 0.830029 	 0.00135317 	 0.00281788
155 	 4820 	 0.830029 	 0.00135317 	 0.00281788
155 	 4825 	 0.830029 	 0.00135317 	 0.00281788
155 	 4830 	 0.830029 	 0.00135317 	 0.00281788
155 	 4835 	 0.830029 	 0.00135317 	 0.00281788
155 	 4840 	 0.830029 	 0.00135317 	 0.00281788
155 	 4845 	 0.830029 	 0.00135317 	 0.00281788
155 	 4850 	 0.830029 	 0.00135317 	 0.00281788
155 	 4855 	 0.830029 	 0.00135317 	 0.00281788
155 	 4860 	 0.830029 	 0.00135317 	 0.00281788
155 	 4865 	 0.830029 	 0.00135317 	 0.00281788
155 	 4870 	 0.830029 	 0.00135317 	 0.00281788
155 	 4875 	 0.830029 	 0.00135317 	 0.00281788
155 	 4880 	 0.830029 	 0.00135317 	 0.00281788
155 	 4885 	 0.830029 	 0.00135317 	 0.00281788
155 	 4890 	 0.830029 	 0.00135317 	 0.00281788
155 	 4895 	 0.830029 	 0.00135317 	 0.00281788
155 	 4900 	 0.830029 	 0.00135317 	 0.00281788
155 	 4905 	 0.830029 	 0.00135317 	 0.00281788
155 	 4910 	 0.830029 	 0.00135317 	 0.00281788
155 	 4915 	 0.830029 	 0.00135317 	 0.00281788
155 	 4920 	 0.830029 	 0.00135317 	 0.00281788
155 	 4925 	 0.830029 	 0.00135317 	 0.00281788
155 	 4930 	 0.830029 	 0.00135317 	 0.00281788
155 	 4935 	 0.830029 	 0.00135317 	 0.00281788
155 	 4940 	 0.830029 	 0.00135317 	 0.00281788
155 	 4945 	 0.830029 	 0.00135317 	 0.00281788
155 	 4950 	 0.830029 	 0.00135317 	 0.00281788
155 	 4955 	 0.830029 	 0.00135317 	 0.00281788
155 	 4960 	 0.830029 	 0.00135317 	 0.00281788
155 	 4965 	 0.830029 	 0.00135317 	 0.00281788
155 	 4970 	 0.830029 	 0.00135317 	 0.00281788
155 	 4975 	 0.830029 	 0.00135317 	 0.00281788
155 	 4980 	 0.830029 	 0.00135317 	 0.00281788
155 	 4985 	 0.830029 	 0.00135317 	 0.00281788
155 	 4990 	 0.830029 	 0.00135317 	 0.00281788
155 	 4995 	 0.830029 	 0.00135317 	 0.00281788
155 	 5000 	 0.830029 	 0.00135317 	 0.00281788
