1935 	 5 	 0.734595 	 0.00295561 	 0.00615484
1935 	 10 	 0.734595 	 0.00295549 	 0.0061546
1935 	 15 	 0.734596 	 0.00295453 	 0.00615259
1935 	 20 	 0.734601 	 0.00294708 	 0.00613708
1935 	 25 	 0.734648 	 0.00289608 	 0.00603088
1935 	 30 	 0.735109 	 0.00273291 	 0.00569109
1935 	 35 	 0.739307 	 0.00459436 	 0.00956743
1935 	 40 	 0.764691 	 0.00252295 	 0.00525387
1935 	 45 	 0.803053 	 0.00987732 	 0.0205688
1935 	 50 	 0.813991 	 0.00241702 	 0.00503327
1935 	 55 	 0.816086 	 0.00180741 	 0.00376381
1935 	 60 	 0.81708 	 0.00184222 	 0.0038363
1935 	 65 	 0.817938 	 0.00172948 	 0.00360152
1935 	 70 	 0.818764 	 0.00160457 	 0.0033414
1935 	 75 	 0.819569 	 0.00149098 	 0.00310486
1935 	 80 	 0.820353 	 0.00139215 	 0.00289905
1935 	 85 	 0.821117 	 0.0013088 	 0.00272549
1935 	 90 	 0.821863 	 0.0012412 	 0.00258472
1935 	 95 	 0.82259 	 0.00118928 	 0.00247659
1935 	 100 	 0.823299 	 0.00115258 	 0.00240016
1935 	 105 	 0.82399 	 0.00113021 	 0.00235358
1935 	 110 	 0.824665 	 0.00112089 	 0.00233418
1935 	 115 	 0.825322 	 0.00112301 	 0.00233859
1935 	 120 	 0.825963 	 0.00113479 	 0.00236313
1935 	 125 	 0.826588 	 0.00115443 	 0.00240402
1935 	 130 	 0.827198 	 0.00118021 	 0.00245771
1935 	 135 	 0.827792 	 0.0012106 	 0.00252099
1935 	 140 	 0.828372 	 0.00124427 	 0.0025911
1935 	 145 	 0.828937 	 0.0012801 	 0.00266572
1935 	 150 	 0.829489 	 0.00131719 	 0.00274296
1935 	 155 	 0.830026 	 0.00135481 	 0.00282129
1935 	 160 	 0.83055 	 0.00139238 	 0.00289953
1935 	 165 	 0.831062 	 0.00142945 	 0.00297672
1935 	 170 	 0.83156 	 0.00146568 	 0.00305217
1935 	 175 	 0.832046 	 0.0015008 	 0.00312532
1935 	 180 	 0.83252 	 0.00153464 	 0.00319577
1935 	 185 	 0.832982 	 0.00156704 	 0.00326324
1935 	 190 	 0.833433 	 0.00159791 	 0.00332754
1935 	 195 	 0.833872 	 0.0016272 	 0.00338852
1935 	 200 	 0.834301 	 0.00165486 	 0.00344614
1935 	 205 	 0.834719 	 0.0016809 	 0.00350036
1935 	 210 	 0.835127 	 0.00170531 	 0.0035512
1935 	 215 	 0.835524 	 0.00172812 	 0.0035987
1935 	 220 	 0.835912 	 0.00174936 	 0.00364292
1935 	 225 	 0.836289 	 0.00176906 	 0.00368395
1935 	 230 	 0.836658 	 0.00178728 	 0.00372189
1935 	 235 	 0.837017 	 0.00180406 	 0.00375683
1935 	 240 	 0.837368 	 0.00181946 	 0.00378889
1935 	 245 	 0.837709 	 0.00183353 	 0.0038182
1935 	 250 	 0.838043 	 0.00184634 	 0.00384486
1935 	 255 	 0.838368 	 0.00185794 	 0.00386902
1935 	 260 	 0.838685 	 0.00186839 	 0.00389079
1935 	 265 	 0.838994 	 0.00187776 	 0.00391031
1935 	 270 	 0.839295 	 0.00188611 	 0.00392769
1935 	 275 	 0.839589 	 0.00189349 	 0.00394307
1935 	 280 	 0.839875 	 0.00189997 	 0.00395656
1935 	 285 	 0.840155 	 0.00190561 	 0.00396829
1935 	 290 	 0.840427 	 0.00191045 	 0.00397838
1935 	 295 	 0.840693 	 0.00191456 	 0.00398694
1935 	 300 	 0.840952 	 0.001918 	 0.00399409
1935 	 305 	 0.841204 	 0.00192081 	 0.00399994
1935 	 310 	 0.841451 	 0.00192304 	 0.0040046
1935 	 315 	 0.841691 	 0.00192475 	 0.00400816
1935 	 320 	 0.841925 	 0.00192599 	 0.00401073
1935 	 325 	 0.842154 	 0.00192679 	 0.00401241
1935 	 330 	 0.842377 	 0.00192721 	 0.00401329
1935 	 335 	 0.842594 	 0.00192729 	 0.00401345
1935 	 340 	 0.842806 	 0.00192707 	 0.00401299
1935 	 345 	 0.843012 	 0.00192659 	 0.00401199
1935 	 350 	 0.843214 	 0.00192589 	 0.00401052
1935 	 355 	 0.84341 	 0.00192499 	 0.00400866
1935 	 360 	 0.843602 	 0.00192395 	 0.00400649
1935 	 365 	 0.843788 	 0.00192278 	 0.00400406
1935 	 370 	 0.84397 	 0.00192153 	 0.00400145
1935 	 375 	 0.844148 	 0.00192021 	 0.00399871
1935 	 380 	 0.844321 	 0.00191886 	 0.0039959
1935 	 385 	 0.84449 	 0.00191751 	 0.00399308
1935 	 390 	 0.844655 	 0.00191617 	 0.00399029
1935 	 395 	 0.844815 	 0.00191487 	 0.00398758
1935 	 400 	 0.844972 	 0.00191363 	 0.003985
1935 	 405 	 0.845125 	 0.00191247 	 0.00398259
1935 	 410 	 0.845274 	 0.00191141 	 0.00398038
1935 	 415 	 0.845419 	 0.00191046 	 0.00397841
1935 	 420 	 0.845561 	 0.00190965 	 0.00397671
1935 	 425 	 0.845699 	 0.00190898 	 0.00397531
1935 	 430 	 0.845833 	 0.00190846 	 0.00397423
1935 	 435 	 0.845965 	 0.00190811 	 0.0039735
1935 	 440 	 0.846093 	 0.00190793 	 0.00397314
1935 	 445 	 0.846218 	 0.00190795 	 0.00397316
1935 	 450 	 0.846339 	 0.00190815 	 0.00397359
1935 	 455 	 0.846458 	 0.00190855 	 0.00397443
1935 	 460 	 0.846574 	 0.00190916 	 0.00397569
1935 	 465 	 0.846687 	 0.00190998 	 0.00397739
1935 	 470 	 0.846797 	 0.00191101 	 0.00397953
1935 	 475 	 0.846904 	 0.00191225 	 0.00398212
1935 	 480 	 0.847009 	 0.00191371 	 0.00398516
1935 	 485 	 0.847111 	 0.00191538 	 0.00398864
1935 	 490 	 0.847211 	 0.00191727 	 0.00399258
1935 	 495 	 0.847308 	 0.00191938 	 0.00399697
1935 	 500 	 0.847402 	 0.0019217 	 0.0040018
1935 	 505 	 0.847495 	 0.00192423 	 0.00400707
1935 	 510 	 0.847585 	 0.00192697 	 0.00401278
1935 	 515 	 0.847673 	 0.00192992 	 0.00401892
1935 	 520 	 0.847758 	 0.00193307 	 0.00402547
1935 	 525 	 0.847842 	 0.00193641 	 0.00403244
1935 	 530 	 0.847923 	 0.00193995 	 0.00403982
1935 	 535 	 0.848002 	 0.00194368 	 0.00404758
1935 	 540 	 0.84808 	 0.00194759 	 0.00405573
1935 	 545 	 0.848155 	 0.00195168 	 0.00406424
1935 	 550 	 0.848229 	 0.00195594 	 0.00407312
1935 	 555 	 0.848301 	 0.00196037 	 0.00408234
1935 	 560 	 0.848371 	 0.00196496 	 0.00409189
1935 	 565 	 0.848439 	 0.0019697 	 0.00410176
1935 	 570 	 0.848505 	 0.00197459 	 0.00411194
1935 	 575 	 0.84857 	 0.00197961 	 0.00412241
1935 	 580 	 0.848634 	 0.00198478 	 0.00413316
1935 	 585 	 0.848695 	 0.00199007 	 0.00414417
1935 	 590 	 0.848756 	 0.00199548 	 0.00415544
1935 	 595 	 0.848814 	 0.002001 	 0.00416694
1935 	 600 	 0.848871 	 0.00200663 	 0.00417867
1935 	 605 	 0.848927 	 0.00201236 	 0.00419061
1935 	 610 	 0.848982 	 0.00201819 	 0.00420274
1935 	 615 	 0.849035 	 0.00202411 	 0.00421506
1935 	 620 	 0.849087 	 0.0020301 	 0.00422755
1935 	 625 	 0.849137 	 0.00203618 	 0.00424019
1935 	 630 	 0.849186 	 0.00204232 	 0.00425298
1935 	 635 	 0.849234 	 0.00204852 	 0.00426591
1935 	 640 	 0.849281 	 0.00205479 	 0.00427895
1935 	 645 	 0.849327 	 0.0020611 	 0.0042921
1935 	 650 	 0.849371 	 0.00206746 	 0.00430534
1935 	 655 	 0.849414 	 0.00207386 	 0.00431867
1935 	 660 	 0.849457 	 0.0020803 	 0.00433207
1935 	 665 	 0.849498 	 0.00208676 	 0.00434554
1935 	 670 	 0.849538 	 0.00209326 	 0.00435906
1935 	 675 	 0.849578 	 0.00209977 	 0.00437262
1935 	 680 	 0.849616 	 0.0021063 	 0.00438621
1935 	 685 	 0.849653 	 0.00211283 	 0.00439983
1935 	 690 	 0.849689 	 0.00211938 	 0.00441346
1935 	 695 	 0.849725 	 0.00212593 	 0.0044271
1935 	 700 	 0.84976 	 0.00213248 	 0.00444073
1935 	 705 	 0.849793 	 0.00213902 	 0.00445435
1935 	 710 	 0.849826 	 0.00214555 	 0.00446795
1935 	 715 	 0.849858 	 0.00215207 	 0.00448153
1935 	 720 	 0.84989 	 0.00215857 	 0.00449507
1935 	 725 	 0.84992 	 0.00216506 	 0.00450858
1935 	 730 	 0.84995 	 0.00217152 	 0.00452203
1935 	 735 	 0.849979 	 0.00217795 	 0.00453544
1935 	 740 	 0.850007 	 0.00218436 	 0.00454878
1935 	 745 	 0.850035 	 0.00219074 	 0.00456206
1935 	 750 	 0.850062 	 0.00219708 	 0.00457527
1935 	 755 	 0.850088 	 0.00220339 	 0.0045884
1935 	 760 	 0.850113 	 0.00220966 	 0.00460146
1935 	 765 	 0.850138 	 0.00221589 	 0.00461443
1935 	 770 	 0.850163 	 0.00222207 	 0.00462731
1935 	 775 	 0.850186 	 0.00222822 	 0.00464011
1935 	 780 	 0.850209 	 0.00223431 	 0.0046528
1935 	 785 	 0.850232 	 0.00224036 	 0.0046654
1935 	 790 	 0.850254 	 0.00224636 	 0.00467789
1935 	 795 	 0.850275 	 0.00225231 	 0.00469027
1935 	 800 	 0.850296 	 0.0022582 	 0.00470255
1935 	 805 	 0.850317 	 0.00226405 	 0.00471472
1935 	 810 	 0.850337 	 0.00226983 	 0.00472677
1935 	 815 	 0.850356 	 0.00227557 	 0.00473871
1935 	 820 	 0.850375 	 0.00228124 	 0.00475053
1935 	 825 	 0.850393 	 0.00228686 	 0.00476222
1935 	 830 	 0.850411 	 0.00229242 	 0.0047738
1935 	 835 	 0.850429 	 0.00229792 	 0.00478525
1935 	 840 	 0.850446 	 0.00230336 	 0.00479658
1935 	 845 	 0.850463 	 0.00230874 	 0.00480778
1935 	 850 	 0.850479 	 0.00231406 	 0.00481886
1935 	 855 	 0.850495 	 0.00231931 	 0.0048298
1935 	 860 	 0.85051 	 0.00232451 	 0.00484062
1935 	 865 	 0.850525 	 0.00232964 	 0.00485131
1935 	 870 	 0.85054 	 0.00233471 	 0.00486187
1935 	 875 	 0.850554 	 0.00233972 	 0.00487229
1935 	 880 	 0.850568 	 0.00234466 	 0.00488259
1935 	 885 	 0.850582 	 0.00234954 	 0.00489275
1935 	 890 	 0.850595 	 0.00235436 	 0.00490279
1935 	 895 	 0.850608 	 0.00235911 	 0.00491269
1935 	 900 	 0.850621 	 0.00236381 	 0.00492246
1935 	 905 	 0.850633 	 0.00236843 	 0.0049321
1935 	 910 	 0.850645 	 0.002373 	 0.0049416
1935 	 915 	 0.850657 	 0.0023775 	 0.00495098
1935 	 920 	 0.850668 	 0.00238194 	 0.00496023
1935 	 925 	 0.85068 	 0.00238632 	 0.00496934
1935 	 930 	 0.85069 	 0.00239063 	 0.00497833
1935 	 935 	 0.850701 	 0.00239489 	 0.00498718
1935 	 940 	 0.850711 	 0.00239908 	 0.00499591
1935 	 945 	 0.850721 	 0.00240321 	 0.00500451
1935 	 950 	 0.850731 	 0.00240728 	 0.00501299
1935 	 955 	 0.850741 	 0.00241129 	 0.00502133
1935 	 960 	 0.85075 	 0.00241523 	 0.00502956
1935 	 965 	 0.850759 	 0.00241912 	 0.00503765
1935 	 970 	 0.850768 	 0.00242295 	 0.00504563
1935 	 975 	 0.850777 	 0.00242672 	 0.00505348
1935 	 980 	 0.850785 	 0.00243043 	 0.00506121
1935 	 985 	 0.850794 	 0.00243409 	 0.00506881
1935 	 990 	 0.850802 	 0.00243768 	 0.0050763
1935 	 995 	 0.850809 	 0.00244122 	 0.00508367
1935 	 1000 	 0.850817 	 0.0024447 	 0.00509093
1935 	 1005 	 0.850824 	 0.00244813 	 0.00509806
1935 	 1010 	 0.850832 	 0.0024515 	 0.00510508
1935 	 1015 	 0.850839 	 0.00245482 	 0.00511199
1935 	 1020 	 0.850846 	 0.00245808 	 0.00511878
1935 	 1025 	 0.850852 	 0.00246129 	 0.00512546
1935 	 1030 	 0.850859 	 0.00246445 	 0.00513203
1935 	 1035 	 0.850865 	 0.00246755 	 0.0051385
1935 	 1040 	 0.850872 	 0.0024706 	 0.00514485
1935 	 1045 	 0.850878 	 0.0024736 	 0.0051511
1935 	 1050 	 0.850884 	 0.00247655 	 0.00515724
1935 	 1055 	 0.85089 	 0.00247945 	 0.00516328
1935 	 1060 	 0.850895 	 0.0024823 	 0.00516921
1935 	 1065 	 0.850901 	 0.0024851 	 0.00517504
1935 	 1070 	 0.850906 	 0.00248785 	 0.00518078
1935 	 1075 	 0.850911 	 0.00249056 	 0.00518641
1935 	 1080 	 0.850916 	 0.00249321 	 0.00519194
1935 	 1085 	 0.850921 	 0.00249583 	 0.00519738
1935 	 1090 	 0.850926 	 0.00249839 	 0.00520272
1935 	 1095 	 0.850931 	 0.00250091 	 0.00520797
1935 	 1100 	 0.850936 	 0.00250339 	 0.00521313
1935 	 1105 	 0.85094 	 0.00250582 	 0.0052182
1935 	 1110 	 0.850944 	 0.00250821 	 0.00522317
1935 	 1115 	 0.850949 	 0.00251056 	 0.00522806
1935 	 1120 	 0.850953 	 0.00251286 	 0.00523285
1935 	 1125 	 0.850957 	 0.00251512 	 0.00523757
1935 	 1130 	 0.850961 	 0.00251734 	 0.00524219
1935 	 1135 	 0.850965 	 0.00251953 	 0.00524674
1935 	 1140 	 0.850969 	 0.00252167 	 0.0052512
1935 	 1145 	 0.850972 	 0.00252377 	 0.00525557
1935 	 1150 	 0.850976 	 0.00252583 	 0.00525987
1935 	 1155 	 0.850979 	 0.00252786 	 0.00526409
1935 	 1160 	 0.850983 	 0.00252985 	 0.00526824
1935 	 1165 	 0.850986 	 0.0025318 	 0.0052723
1935 	 1170 	 0.850989 	 0.00253372 	 0.00527629
1935 	 1175 	 0.850993 	 0.0025356 	 0.00528021
1935 	 1180 	 0.850996 	 0.00253744 	 0.00528405
1935 	 1185 	 0.850999 	 0.00253926 	 0.00528782
1935 	 1190 	 0.851002 	 0.00254103 	 0.00529152
1935 	 1195 	 0.851004 	 0.00254278 	 0.00529515
1935 	 1200 	 0.851007 	 0.00254449 	 0.00529871
1935 	 1205 	 0.85101 	 0.00254616 	 0.00530221
1935 	 1210 	 0.851013 	 0.00254781 	 0.00530564
1935 	 1215 	 0.851015 	 0.00254943 	 0.005309
1935 	 1220 	 0.851018 	 0.00255101 	 0.0053123
1935 	 1225 	 0.85102 	 0.00255257 	 0.00531554
1935 	 1230 	 0.851023 	 0.00255409 	 0.00531871
1935 	 1235 	 0.851025 	 0.00255559 	 0.00532183
1935 	 1240 	 0.851027 	 0.00255705 	 0.00532488
1935 	 1245 	 0.851029 	 0.00255849 	 0.00532788
1935 	 1250 	 0.851032 	 0.0025599 	 0.00533082
1935 	 1255 	 0.851034 	 0.00256128 	 0.0053337
1935 	 1260 	 0.851036 	 0.00256264 	 0.00533652
1935 	 1265 	 0.851038 	 0.00256397 	 0.00533929
1935 	 1270 	 0.85104 	 0.00256528 	 0.00534201
1935 	 1275 	 0.851042 	 0.00256655 	 0.00534467
1935 	 1280 	 0.851044 	 0.00256781 	 0.00534728
1935 	 1285 	 0.851045 	 0.00256904 	 0.00534984
1935 	 1290 	 0.851047 	 0.00257024 	 0.00535235
1935 	 1295 	 0.851049 	 0.00257142 	 0.00535481
1935 	 1300 	 0.851051 	 0.00257258 	 0.00535722
1935 	 1305 	 0.851052 	 0.00257372 	 0.00535959
1935 	 1310 	 0.851054 	 0.00257483 	 0.00536191
1935 	 1315 	 0.851055 	 0.00257592 	 0.00536418
1935 	 1320 	 0.851057 	 0.00257699 	 0.0053664
1935 	 1325 	 0.851058 	 0.00257804 	 0.00536859
1935 	 1330 	 0.85106 	 0.00257907 	 0.00537073
1935 	 1335 	 0.851061 	 0.00258007 	 0.00537282
1935 	 1340 	 0.851063 	 0.00258106 	 0.00537488
1935 	 1345 	 0.851064 	 0.00258203 	 0.00537689
1935 	 1350 	 0.851065 	 0.00258297 	 0.00537886
1935 	 1355 	 0.851067 	 0.0025839 	 0.0053808
1935 	 1360 	 0.851068 	 0.00258481 	 0.00538269
1935 	 1365 	 0.851069 	 0.0025857 	 0.00538455
1935 	 1370 	 0.85107 	 0.00258658 	 0.00538637
1935 	 1375 	 0.851071 	 0.00258743 	 0.00538815
1935 	 1380 	 0.851073 	 0.00258827 	 0.00538989
1935 	 1385 	 0.851074 	 0.00258909 	 0.00539161
1935 	 1390 	 0.851075 	 0.0025899 	 0.00539328
1935 	 1395 	 0.851076 	 0.00259069 	 0.00539492
1935 	 1400 	 0.851077 	 0.00259146 	 0.00539653
1935 	 1405 	 0.851078 	 0.00259222 	 0.00539811
1935 	 1410 	 0.851079 	 0.00259296 	 0.00539965
1935 	 1415 	 0.85108 	 0.00259368 	 0.00540116
1935 	 1420 	 0.851081 	 0.0025944 	 0.00540265
1935 	 1425 	 0.851082 	 0.00259509 	 0.0054041
1935 	 1430 	 0.851082 	 0.00259577 	 0.00540552
1935 	 1435 	 0.851083 	 0.00259644 	 0.00540691
1935 	 1440 	 0.851084 	 0.0025971 	 0.00540827
1935 	 1445 	 0.851085 	 0.00259774 	 0.00540961
1935 	 1450 	 0.851086 	 0.00259837 	 0.00541092
1935 	 1455 	 0.851086 	 0.00259898 	 0.0054122
1935 	 1460 	 0.851087 	 0.00259959 	 0.00541345
1935 	 1465 	 0.851088 	 0.00260018 	 0.00541468
1935 	 1470 	 0.851089 	 0.00260075 	 0.00541589
1935 	 1475 	 0.851089 	 0.00260132 	 0.00541706
1935 	 1480 	 0.85109 	 0.00260187 	 0.00541822
1935 	 1485 	 0.851091 	 0.00260242 	 0.00541935
1935 	 1490 	 0.851091 	 0.00260295 	 0.00542046
1935 	 1495 	 0.851092 	 0.00260347 	 0.00542154
1935 	 1500 	 0.851093 	 0.00260398 	 0.0054226
1935 	 1505 	 0.851093 	 0.00260448 	 0.00542364
1935 	 1510 	 0.851094 	 0.00260496 	 0.00542466
1935 	 1515 	 0.851094 	 0.00260544 	 0.00542565
1935 	 1520 	 0.851095 	 0.00260591 	 0.00542663
1935 	 1525 	 0.851095 	 0.00260637 	 0.00542758
1935 	 1530 	 0.851096 	 0.00260682 	 0.00542852
1935 	 1535 	 0.851097 	 0.00260726 	 0.00542943
1935 	 1540 	 0.851097 	 0.00260769 	 0.00543033
1935 	 1545 	 0.851098 	 0.00260811 	 0.0054312
1935 	 1550 	 0.851098 	 0.00260852 	 0.00543206
1935 	 1555 	 0.851098 	 0.00260892 	 0.0054329
1935 	 1560 	 0.851099 	 0.00260932 	 0.00543373
1935 	 1565 	 0.851099 	 0.00260971 	 0.00543453
1935 	 1570 	 0.8511 	 0.00261009 	 0.00543532
1935 	 1575 	 0.8511 	 0.00261046 	 0.00543609
1935 	 1580 	 0.851101 	 0.00261082 	 0.00543685
1935 	 1585 	 0.851101 	 0.00261117 	 0.00543759
1935 	 1590 	 0.851101 	 0.00261152 	 0.00543831
1935 	 1595 	 0.851102 	 0.00261186 	 0.00543902
1935 	 1600 	 0.851102 	 0.00261219 	 0.00543971
1935 	 1605 	 0.851103 	 0.00261252 	 0.00544039
1935 	 1610 	 0.851103 	 0.00261284 	 0.00544105
1935 	 1615 	 0.851103 	 0.00261315 	 0.0054417
1935 	 1620 	 0.851104 	 0.00261346 	 0.00544234
1935 	 1625 	 0.851104 	 0.00261376 	 0.00544296
1935 	 1630 	 0.851104 	 0.00261405 	 0.00544357
1935 	 1635 	 0.851105 	 0.00261433 	 0.00544417
1935 	 1640 	 0.851105 	 0.00261462 	 0.00544475
1935 	 1645 	 0.851105 	 0.00261489 	 0.00544532
1935 	 1650 	 0.851105 	 0.00261516 	 0.00544588
1935 	 1655 	 0.851106 	 0.00261542 	 0.00544643
1935 	 1660 	 0.851106 	 0.00261568 	 0.00544696
1935 	 1665 	 0.851106 	 0.00261593 	 0.00544749
1935 	 1670 	 0.851107 	 0.00261617 	 0.005448
1935 	 1675 	 0.851107 	 0.00261642 	 0.0054485
1935 	 1680 	 0.851107 	 0.00261665 	 0.00544899
1935 	 1685 	 0.851107 	 0.00261688 	 0.00544947
1935 	 1690 	 0.851108 	 0.00261711 	 0.00544994
1935 	 1695 	 0.851108 	 0.00261733 	 0.0054504
1935 	 1700 	 0.851108 	 0.00261754 	 0.00545085
1935 	 1705 	 0.851108 	 0.00261776 	 0.00545129
1935 	 1710 	 0.851108 	 0.00261796 	 0.00545172
1935 	 1715 	 0.851109 	 0.00261816 	 0.00545214
1935 	 1720 	 0.851109 	 0.00261836 	 0.00545256
1935 	 1725 	 0.851109 	 0.00261856 	 0.00545296
1935 	 1730 	 0.851109 	 0.00261875 	 0.00545335
1935 	 1735 	 0.851109 	 0.00261893 	 0.00545374
1935 	 1740 	 0.85111 	 0.00261911 	 0.00545412
1935 	 1745 	 0.85111 	 0.00261929 	 0.00545449
1935 	 1750 	 0.85111 	 0.00261946 	 0.00545485
1935 	 1755 	 0.85111 	 0.00261963 	 0.0054552
1935 	 1760 	 0.85111 	 0.0026198 	 0.00545555
1935 	 1765 	 0.85111 	 0.00261996 	 0.00545589
1935 	 1770 	 0.851111 	 0.00262012 	 0.00545622
1935 	 1775 	 0.851111 	 0.00262028 	 0.00545654
1935 	 1780 	 0.851111 	 0.00262043 	 0.00545686
1935 	 1785 	 0.851111 	 0.00262058 	 0.00545717
1935 	 1790 	 0.851111 	 0.00262072 	 0.00545747
1935 	 1795 	 0.851111 	 0.00262086 	 0.00545777
1935 	 1800 	 0.851111 	 0.002621 	 0.00545806
1935 	 1805 	 0.851112 	 0.00262114 	 0.00545834
1935 	 1810 	 0.851112 	 0.00262127 	 0.00545862
1935 	 1815 	 0.851112 	 0.0026214 	 0.00545889
1935 	 1820 	 0.851112 	 0.00262153 	 0.00545916
1935 	 1825 	 0.851112 	 0.00262166 	 0.00545941
1935 	 1830 	 0.851112 	 0.00262178 	 0.00545967
1935 	 1835 	 0.851112 	 0.0026219 	 0.00545992
1935 	 1840 	 0.851112 	 0.00262201 	 0.00546016
1935 	 1845 	 0.851113 	 0.00262213 	 0.0054604
1935 	 1850 	 0.851113 	 0.00262224 	 0.00546063
1935 	 1855 	 0.851113 	 0.00262235 	 0.00546086
1935 	 1860 	 0.851113 	 0.00262246 	 0.00546108
1935 	 1865 	 0.851113 	 0.00262256 	 0.0054613
1935 	 1870 	 0.851113 	 0.00262266 	 0.00546151
1935 	 1875 	 0.851113 	 0.00262276 	 0.00546172
1935 	 1880 	 0.851113 	 0.00262286 	 0.00546192
1935 	 1885 	 0.851113 	 0.00262295 	 0.00546212
1935 	 1890 	 0.851113 	 0.00262305 	 0.00546231
1935 	 1895 	 0.851114 	 0.00262314 	 0.0054625
1935 	 1900 	 0.851114 	 0.00262323 	 0.00546269
1935 	 1905 	 0.851114 	 0.00262332 	 0.00546287
1935 	 1910 	 0.851114 	 0.0026234 	 0.00546305
1935 	 1915 	 0.851114 	 0.00262349 	 0.00546322
1935 	 1920 	 0.851114 	 0.00262357 	 0.00546339
1935 	 1925 	 0.851114 	 0.00262365 	 0.00546356
1935 	 1930 	 0.851114 	 0.00262372 	 0.00546372
1935 	 1935 	 0.851114 	 0.0026238 	 0.00546388
1935 	 1940 	 0.851114 	 0.00262388 	 0.00546404
1935 	 1945 	 0.851114 	 0.00262395 	 0.00546419
1935 	 1950 	 0.851114 	 0.00262402 	 0.00546434
1935 	 1955 	 0.851114 	 0.00262409 	 0.00546448
1935 	 1960 	 0.851114 	 0.00262416 	 0.00546462
1935 	 1965 	 0.851115 	 0.00262422 	 0.00546476
1935 	 1970 	 0.851115 	 0.00262429 	 0.0054649
1935 	 1975 	 0.851115 	 0.00262435 	 0.00546503
1935 	 1980 	 0.851115 	 0.00262442 	 0.00546516
1935 	 1985 	 0.851115 	 0.00262448 	 0.00546529
1935 	 1990 	 0.851115 	 0.00262454 	 0.00546541
1935 	 1995 	 0.851115 	 0.00262459 	 0.00546553
1935 	 2000 	 0.851115 	 0.00262465 	 0.00546565
1935 	 2005 	 0.851115 	 0.00262471 	 0.00546577
1935 	 2010 	 0.851115 	 0.00262476 	 0.00546588
1935 	 2015 	 0.851115 	 0.00262482 	 0.00546599
1935 	 2020 	 0.851115 	 0.00262487 	 0.0054661
1935 	 2025 	 0.851115 	 0.00262492 	 0.00546621
1935 	 2030 	 0.851115 	 0.00262497 	 0.00546631
1935 	 2035 	 0.851115 	 0.00262502 	 0.00546641
1935 	 2040 	 0.851115 	 0.00262506 	 0.00546651
1935 	 2045 	 0.851115 	 0.00262511 	 0.00546661
1935 	 2050 	 0.851115 	 0.00262516 	 0.0054667
1935 	 2055 	 0.851115 	 0.0026252 	 0.0054668
1935 	 2060 	 0.851115 	 0.00262524 	 0.00546689
1935 	 2065 	 0.851115 	 0.00262529 	 0.00546697
1935 	 2070 	 0.851115 	 0.00262533 	 0.00546706
1935 	 2075 	 0.851115 	 0.00262537 	 0.00546715
1935 	 2080 	 0.851116 	 0.00262541 	 0.00546723
1935 	 2085 	 0.851116 	 0.00262545 	 0.00546731
1935 	 2090 	 0.851116 	 0.00262548 	 0.00546739
1935 	 2095 	 0.851116 	 0.00262552 	 0.00546747
1935 	 2100 	 0.851116 	 0.00262556 	 0.00546754
1935 	 2105 	 0.851116 	 0.00262559 	 0.00546761
1935 	 2110 	 0.851116 	 0.00262563 	 0.00546769
1935 	 2115 	 0.851116 	 0.00262566 	 0.00546776
1935 	 2120 	 0.851116 	 0.00262569 	 0.00546783
1935 	 2125 	 0.851116 	 0.00262573 	 0.00546789
1935 	 2130 	 0.851116 	 0.00262576 	 0.00546796
1935 	 2135 	 0.851116 	 0.00262579 	 0.00546802
1935 	 2140 	 0.851116 	 0.00262582 	 0.00546809
1935 	 2145 	 0.851116 	 0.00262585 	 0.00546815
1935 	 2150 	 0.851116 	 0.00262588 	 0.00546821
1935 	 2155 	 0.851116 	 0.00262591 	 0.00546827
1935 	 2160 	 0.851116 	 0.00262593 	 0.00546832
1935 	 2165 	 0.851116 	 0.00262596 	 0.00546838
1935 	 2170 	 0.851116 	 0.00262599 	 0.00546843
1935 	 2175 	 0.851116 	 0.00262601 	 0.00546849
1935 	 2180 	 0.851116 	 0.00262604 	 0.00546854
1935 	 2185 	 0.851116 	 0.00262606 	 0.00546859
1935 	 2190 	 0.851116 	 0.00262609 	 0.00546864
1935 	 2195 	 0.851116 	 0.00262611 	 0.00546869
1935 	 2200 	 0.851116 	 0.00262613 	 0.00546874
1935 	 2205 	 0.851116 	 0.00262616 	 0.00546878
1935 	 2210 	 0.851116 	 0.00262618 	 0.00546883
1935 	 2215 	 0.851116 	 0.0026262 	 0.00546887
1935 	 2220 	 0.851116 	 0.00262622 	 0.00546892
1935 	 2225 	 0.851116 	 0.00262624 	 0.00546896
1935 	 2230 	 0.851116 	 0.00262626 	 0.005469
1935 	 2235 	 0.851116 	 0.00262628 	 0.00546904
1935 	 2240 	 0.851116 	 0.0026263 	 0.00546908
1935 	 2245 	 0.851116 	 0.00262632 	 0.00546912
1935 	 2250 	 0.851116 	 0.00262634 	 0.00546916
1935 	 2255 	 0.851116 	 0.00262635 	 0.0054692
1935 	 2260 	 0.851116 	 0.00262637 	 0.00546923
1935 	 2265 	 0.851116 	 0.00262639 	 0.00546927
1935 	 2270 	 0.851116 	 0.0026264 	 0.0054693
1935 	 2275 	 0.851116 	 0.00262642 	 0.00546934
1935 	 2280 	 0.851116 	 0.00262644 	 0.00546937
1935 	 2285 	 0.851116 	 0.00262645 	 0.0054694
1935 	 2290 	 0.851116 	 0.00262647 	 0.00546943
1935 	 2295 	 0.851116 	 0.00262648 	 0.00546946
1935 	 2300 	 0.851116 	 0.0026265 	 0.00546949
1935 	 2305 	 0.851116 	 0.00262651 	 0.00546952
1935 	 2310 	 0.851116 	 0.00262652 	 0.00546955
1935 	 2315 	 0.851116 	 0.00262654 	 0.00546958
1935 	 2320 	 0.851116 	 0.00262655 	 0.00546961
1935 	 2325 	 0.851116 	 0.00262656 	 0.00546963
1935 	 2330 	 0.851116 	 0.00262658 	 0.00546966
1935 	 2335 	 0.851116 	 0.00262659 	 0.00546968
1935 	 2340 	 0.851116 	 0.0026266 	 0.00546971
1935 	 2345 	 0.851116 	 0.00262661 	 0.00546973
1935 	 2350 	 0.851117 	 0.00262662 	 0.00546976
1935 	 2355 	 0.851117 	 0.00262663 	 0.00546978
1935 	 2360 	 0.851117 	 0.00262665 	 0.0054698
1935 	 2365 	 0.851117 	 0.00262666 	 0.00546983
1935 	 2370 	 0.851117 	 0.00262667 	 0.00546985
1935 	 2375 	 0.851117 	 0.00262668 	 0.00546987
1935 	 2380 	 0.851117 	 0.00262669 	 0.00546989
1935 	 2385 	 0.851117 	 0.0026267 	 0.00546991
1935 	 2390 	 0.851117 	 0.00262671 	 0.00546993
1935 	 2395 	 0.851117 	 0.00262671 	 0.00546995
1935 	 2400 	 0.851117 	 0.00262672 	 0.00546997
1935 	 2405 	 0.851117 	 0.00262673 	 0.00546999
1935 	 2410 	 0.851117 	 0.00262674 	 0.00547
1935 	 2415 	 0.851117 	 0.00262675 	 0.00547002
1935 	 2420 	 0.851117 	 0.00262676 	 0.00547004
1935 	 2425 	 0.851117 	 0.00262677 	 0.00547006
1935 	 2430 	 0.851117 	 0.00262677 	 0.00547007
1935 	 2435 	 0.851117 	 0.00262678 	 0.00547009
1935 	 2440 	 0.851117 	 0.00262679 	 0.0054701
1935 	 2445 	 0.851117 	 0.0026268 	 0.00547012
1935 	 2450 	 0.851117 	 0.0026268 	 0.00547013
1935 	 2455 	 0.851117 	 0.00262681 	 0.00547015
1935 	 2460 	 0.851117 	 0.00262682 	 0.00547016
1935 	 2465 	 0.851117 	 0.00262682 	 0.00547018
1935 	 2470 	 0.851117 	 0.00262683 	 0.00547019
1935 	 2475 	 0.851117 	 0.00262684 	 0.0054702
1935 	 2480 	 0.851117 	 0.00262684 	 0.00547022
1935 	 2485 	 0.851117 	 0.00262685 	 0.00547023
1935 	 2490 	 0.851117 	 0.00262686 	 0.00547024
1935 	 2495 	 0.851117 	 0.00262686 	 0.00547025
1935 	 2500 	 0.851117 	 0.00262687 	 0.00547027
1935 	 2505 	 0.851117 	 0.00262687 	 0.00547028
1935 	 2510 	 0.851117 	 0.00262688 	 0.00547029
1935 	 2515 	 0.851117 	 0.00262688 	 0.0054703
1935 	 2520 	 0.851117 	 0.00262689 	 0.00547031
1935 	 2525 	 0.851117 	 0.00262689 	 0.00547032
1935 	 2530 	 0.851117 	 0.0026269 	 0.00547033
1935 	 2535 	 0.851117 	 0.0026269 	 0.00547034
1935 	 2540 	 0.851117 	 0.00262691 	 0.00547035
1935 	 2545 	 0.851117 	 0.00262691 	 0.00547036
1935 	 2550 	 0.851117 	 0.00262692 	 0.00547037
1935 	 2555 	 0.851117 	 0.00262692 	 0.00547038
1935 	 2560 	 0.851117 	 0.00262693 	 0.00547039
1935 	 2565 	 0.851117 	 0.00262693 	 0.0054704
1935 	 2570 	 0.851117 	 0.00262693 	 0.00547041
1935 	 2575 	 0.851117 	 0.00262694 	 0.00547041
1935 	 2580 	 0.851117 	 0.00262694 	 0.00547042
1935 	 2585 	 0.851117 	 0.00262695 	 0.00547043
1935 	 2590 	 0.851117 	 0.00262695 	 0.00547044
1935 	 2595 	 0.851117 	 0.00262695 	 0.00547044
1935 	 2600 	 0.851117 	 0.00262696 	 0.00547045
1935 	 2605 	 0.851117 	 0.00262696 	 0.00547046
1935 	 2610 	 0.851117 	 0.00262696 	 0.00547047
1935 	 2615 	 0.851117 	 0.00262697 	 0.00547047
1935 	 2620 	 0.851117 	 0.00262697 	 0.00547048
1935 	 2625 	 0.851117 	 0.00262697 	 0.00547049
1935 	 2630 	 0.851117 	 0.00262698 	 0.00547049
1935 	 2635 	 0.851117 	 0.00262698 	 0.0054705
1935 	 2640 	 0.851117 	 0.00262698 	 0.00547051
1935 	 2645 	 0.851117 	 0.00262698 	 0.00547051
1935 	 2650 	 0.851117 	 0.00262699 	 0.00547052
1935 	 2655 	 0.851117 	 0.00262699 	 0.00547052
1935 	 2660 	 0.851117 	 0.00262699 	 0.00547053
1935 	 2665 	 0.851117 	 0.002627 	 0.00547053
1935 	 2670 	 0.851117 	 0.002627 	 0.00547054
1935 	 2675 	 0.851117 	 0.002627 	 0.00547054
1935 	 2680 	 0.851117 	 0.002627 	 0.00547055
1935 	 2685 	 0.851117 	 0.00262701 	 0.00547055
1935 	 2690 	 0.851117 	 0.00262701 	 0.00547056
1935 	 2695 	 0.851117 	 0.00262701 	 0.00547056
1935 	 2700 	 0.851117 	 0.00262701 	 0.00547057
1935 	 2705 	 0.851117 	 0.00262701 	 0.00547057
1935 	 2710 	 0.851117 	 0.00262702 	 0.00547058
1935 	 2715 	 0.851117 	 0.00262702 	 0.00547058
1935 	 2720 	 0.851117 	 0.00262702 	 0.00547058
1935 	 2725 	 0.851117 	 0.00262702 	 0.00547059
1935 	 2730 	 0.851117 	 0.00262702 	 0.00547059
1935 	 2735 	 0.851117 	 0.00262703 	 0.0054706
1935 	 2740 	 0.851117 	 0.00262703 	 0.0054706
1935 	 2745 	 0.851117 	 0.00262703 	 0.0054706
1935 	 2750 	 0.851117 	 0.00262703 	 0.00547061
1935 	 2755 	 0.851117 	 0.00262703 	 0.00547061
1935 	 2760 	 0.851117 	 0.00262703 	 0.00547061
1935 	 2765 	 0.851117 	 0.00262704 	 0.00547062
1935 	 2770 	 0.851117 	 0.00262704 	 0.00547062
1935 	 2775 	 0.851117 	 0.00262704 	 0.00547062
1935 	 2780 	 0.851117 	 0.00262704 	 0.00547063
1935 	 2785 	 0.851117 	 0.00262704 	 0.00547063
1935 	 2790 	 0.851117 	 0.00262704 	 0.00547063
1935 	 2795 	 0.851117 	 0.00262704 	 0.00547064
1935 	 2800 	 0.851117 	 0.00262705 	 0.00547064
1935 	 2805 	 0.851117 	 0.00262705 	 0.00547064
1935 	 2810 	 0.851117 	 0.00262705 	 0.00547064
1935 	 2815 	 0.851117 	 0.00262705 	 0.00547065
1935 	 2820 	 0.851117 	 0.00262705 	 0.00547065
1935 	 2825 	 0.851117 	 0.00262705 	 0.00547065
1935 	 2830 	 0.851117 	 0.00262705 	 0.00547065
1935 	 2835 	 0.851117 	 0.00262705 	 0.00547066
1935 	 2840 	 0.851117 	 0.00262706 	 0.00547066
1935 	 2845 	 0.851117 	 0.00262706 	 0.00547066
1935 	 2850 	 0.851117 	 0.00262706 	 0.00547066
1935 	 2855 	 0.851117 	 0.00262706 	 0.00547067
1935 	 2860 	 0.851117 	 0.00262706 	 0.00547067
1935 	 2865 	 0.851117 	 0.00262706 	 0.00547067
1935 	 2870 	 0.851117 	 0.00262706 	 0.00547067
1935 	 2875 	 0.851117 	 0.00262706 	 0.00547067
1935 	 2880 	 0.851117 	 0.00262706 	 0.00547068
1935 	 2885 	 0.851117 	 0.00262706 	 0.00547068
1935 	 2890 	 0.851117 	 0.00262707 	 0.00547068
1935 	 2895 	 0.851117 	 0.00262707 	 0.00547068
1935 	 2900 	 0.851117 	 0.00262707 	 0.00547068
1935 	 2905 	 0.851117 	 0.00262707 	 0.00547069
1935 	 2910 	 0.851117 	 0.00262707 	 0.00547069
1935 	 2915 	 0.851117 	 0.00262707 	 0.00547069
1935 	 2920 	 0.851117 	 0.00262707 	 0.00547069
1935 	 2925 	 0.851117 	 0.00262707 	 0.00547069
1935 	 2930 	 0.851117 	 0.00262707 	 0.00547069
1935 	 2935 	 0.851117 	 0.00262707 	 0.00547069
1935 	 2940 	 0.851117 	 0.00262707 	 0.0054707
1935 	 2945 	 0.851117 	 0.00262707 	 0.0054707
1935 	 2950 	 0.851117 	 0.00262707 	 0.0054707
1935 	 2955 	 0.851117 	 0.00262708 	 0.0054707
1935 	 2960 	 0.851117 	 0.00262708 	 0.0054707
1935 	 2965 	 0.851117 	 0.00262708 	 0.0054707
1935 	 2970 	 0.851117 	 0.00262708 	 0.0054707
1935 	 2975 	 0.851117 	 0.00262708 	 0.0054707
1935 	 2980 	 0.851117 	 0.00262708 	 0.00547071
1935 	 2985 	 0.851117 	 0.00262708 	 0.00547071
1935 	 2990 	 0.851117 	 0.00262708 	 0.00547071
1935 	 2995 	 0.851117 	 0.00262708 	 0.00547071
1935 	 3000 	 0.851117 	 0.00262708 	 0.00547071
1935 	 3005 	 0.851117 	 0.00262708 	 0.00547071
1935 	 3010 	 0.851117 	 0.00262708 	 0.00547071
1935 	 3015 	 0.851117 	 0.00262708 	 0.00547071
1935 	 3020 	 0.851117 	 0.00262708 	 0.00547071
1935 	 3025 	 0.851117 	 0.00262708 	 0.00547072
1935 	 3030 	 0.851117 	 0.00262708 	 0.00547072
1935 	 3035 	 0.851117 	 0.00262708 	 0.00547072
1935 	 3040 	 0.851117 	 0.00262708 	 0.00547072
1935 	 3045 	 0.851117 	 0.00262708 	 0.00547072
1935 	 3050 	 0.851117 	 0.00262708 	 0.00547072
1935 	 3055 	 0.851117 	 0.00262709 	 0.00547072
1935 	 3060 	 0.851117 	 0.00262709 	 0.00547072
1935 	 3065 	 0.851117 	 0.00262709 	 0.00547072
1935 	 3070 	 0.851117 	 0.00262709 	 0.00547072
1935 	 3075 	 0.851117 	 0.00262709 	 0.00547072
1935 	 3080 	 0.851117 	 0.00262709 	 0.00547072
1935 	 3085 	 0.851117 	 0.00262709 	 0.00547073
1935 	 3090 	 0.851117 	 0.00262709 	 0.00547073
1935 	 3095 	 0.851117 	 0.00262709 	 0.00547073
1935 	 3100 	 0.851117 	 0.00262709 	 0.00547073
1935 	 3105 	 0.851117 	 0.00262709 	 0.00547073
1935 	 3110 	 0.851117 	 0.00262709 	 0.00547073
1935 	 3115 	 0.851117 	 0.00262709 	 0.00547073
1935 	 3120 	 0.851117 	 0.00262709 	 0.00547073
1935 	 3125 	 0.851117 	 0.00262709 	 0.00547073
1935 	 3130 	 0.851117 	 0.00262709 	 0.00547073
1935 	 3135 	 0.851117 	 0.00262709 	 0.00547073
1935 	 3140 	 0.851117 	 0.00262709 	 0.00547073
1935 	 3145 	 0.851117 	 0.00262709 	 0.00547073
1935 	 3150 	 0.851117 	 0.00262709 	 0.00547073
1935 	 3155 	 0.851117 	 0.00262709 	 0.00547073
1935 	 3160 	 0.851117 	 0.00262709 	 0.00547073
1935 	 3165 	 0.851117 	 0.00262709 	 0.00547073
1935 	 3170 	 0.851117 	 0.00262709 	 0.00547073
1935 	 3175 	 0.851117 	 0.00262709 	 0.00547074
1935 	 3180 	 0.851117 	 0.00262709 	 0.00547074
1935 	 3185 	 0.851117 	 0.00262709 	 0.00547074
1935 	 3190 	 0.851117 	 0.00262709 	 0.00547074
1935 	 3195 	 0.851117 	 0.00262709 	 0.00547074
1935 	 3200 	 0.851117 	 0.00262709 	 0.00547074
1935 	 3205 	 0.851117 	 0.00262709 	 0.00547074
1935 	 3210 	 0.851117 	 0.00262709 	 0.00547074
1935 	 3215 	 0.851117 	 0.00262709 	 0.00547074
1935 	 3220 	 0.851117 	 0.00262709 	 0.00547074
1935 	 3225 	 0.851117 	 0.00262709 	 0.00547074
1935 	 3230 	 0.851117 	 0.00262709 	 0.00547074
1935 	 3235 	 0.851117 	 0.00262709 	 0.00547074
1935 	 3240 	 0.851117 	 0.00262709 	 0.00547074
1935 	 3245 	 0.851117 	 0.00262709 	 0.00547074
1935 	 3250 	 0.851117 	 0.00262709 	 0.00547074
1935 	 3255 	 0.851117 	 0.00262709 	 0.00547074
1935 	 3260 	 0.851117 	 0.0026271 	 0.00547074
1935 	 3265 	 0.851117 	 0.0026271 	 0.00547074
1935 	 3270 	 0.851117 	 0.0026271 	 0.00547074
1935 	 3275 	 0.851117 	 0.0026271 	 0.00547074
1935 	 3280 	 0.851117 	 0.0026271 	 0.00547074
1935 	 3285 	 0.851117 	 0.0026271 	 0.00547074
1935 	 3290 	 0.851117 	 0.0026271 	 0.00547074
1935 	 3295 	 0.851117 	 0.0026271 	 0.00547074
1935 	 3300 	 0.851117 	 0.0026271 	 0.00547074
1935 	 3305 	 0.851117 	 0.0026271 	 0.00547074
1935 	 3310 	 0.851117 	 0.0026271 	 0.00547074
1935 	 3315 	 0.851117 	 0.0026271 	 0.00547074
1935 	 3320 	 0.851117 	 0.0026271 	 0.00547074
1935 	 3325 	 0.851117 	 0.0026271 	 0.00547074
1935 	 3330 	 0.851117 	 0.0026271 	 0.00547074
1935 	 3335 	 0.851117 	 0.0026271 	 0.00547074
1935 	 3340 	 0.851117 	 0.0026271 	 0.00547074
1935 	 3345 	 0.851117 	 0.0026271 	 0.00547074
1935 	 3350 	 0.851117 	 0.0026271 	 0.00547075
1935 	 3355 	 0.851117 	 0.0026271 	 0.00547075
1935 	 3360 	 0.851117 	 0.0026271 	 0.00547075
1935 	 3365 	 0.851117 	 0.0026271 	 0.00547075
1935 	 3370 	 0.851117 	 0.0026271 	 0.00547075
1935 	 3375 	 0.851117 	 0.0026271 	 0.00547075
1935 	 3380 	 0.851117 	 0.0026271 	 0.00547075
1935 	 3385 	 0.851117 	 0.0026271 	 0.00547075
1935 	 3390 	 0.851117 	 0.0026271 	 0.00547075
1935 	 3395 	 0.851117 	 0.0026271 	 0.00547075
1935 	 3400 	 0.851117 	 0.0026271 	 0.00547075
1935 	 3405 	 0.851117 	 0.0026271 	 0.00547075
1935 	 3410 	 0.851117 	 0.0026271 	 0.00547075
1935 	 3415 	 0.851117 	 0.0026271 	 0.00547075
1935 	 3420 	 0.851117 	 0.0026271 	 0.00547075
1935 	 3425 	 0.851117 	 0.0026271 	 0.00547075
1935 	 3430 	 0.851117 	 0.0026271 	 0.00547075
1935 	 3435 	 0.851117 	 0.0026271 	 0.00547075
1935 	 3440 	 0.851117 	 0.0026271 	 0.00547075
1935 	 3445 	 0.851117 	 0.0026271 	 0.00547075
1935 	 3450 	 0.851117 	 0.0026271 	 0.00547075
1935 	 3455 	 0.851117 	 0.0026271 	 0.00547075
1935 	 3460 	 0.851117 	 0.0026271 	 0.00547075
1935 	 3465 	 0.851117 	 0.0026271 	 0.00547075
1935 	 3470 	 0.851117 	 0.0026271 	 0.00547075
1935 	 3475 	 0.851117 	 0.0026271 	 0.00547075
1935 	 3480 	 0.851117 	 0.0026271 	 0.00547075
1935 	 3485 	 0.851117 	 0.0026271 	 0.00547075
1935 	 3490 	 0.851117 	 0.0026271 	 0.00547075
1935 	 3495 	 0.851117 	 0.0026271 	 0.00547075
1935 	 3500 	 0.851117 	 0.0026271 	 0.00547075
1935 	 3505 	 0.851117 	 0.0026271 	 0.00547075
1935 	 3510 	 0.851117 	 0.0026271 	 0.00547075
1935 	 3515 	 0.851117 	 0.0026271 	 0.00547075
1935 	 3520 	 0.851117 	 0.0026271 	 0.00547075
1935 	 3525 	 0.851117 	 0.0026271 	 0.00547075
1935 	 3530 	 0.851117 	 0.0026271 	 0.00547075
1935 	 3535 	 0.851117 	 0.0026271 	 0.00547075
1935 	 3540 	 0.851117 	 0.0026271 	 0.00547075
1935 	 3545 	 0.851117 	 0.0026271 	 0.00547075
1935 	 3550 	 0.851117 	 0.0026271 	 0.00547075
1935 	 3555 	 0.851117 	 0.0026271 	 0.00547075
1935 	 3560 	 0.851117 	 0.0026271 	 0.00547075
1935 	 3565 	 0.851117 	 0.0026271 	 0.00547075
1935 	 3570 	 0.851117 	 0.0026271 	 0.00547075
1935 	 3575 	 0.851117 	 0.0026271 	 0.00547075
1935 	 3580 	 0.851117 	 0.0026271 	 0.00547075
1935 	 3585 	 0.851117 	 0.0026271 	 0.00547075
1935 	 3590 	 0.851117 	 0.0026271 	 0.00547075
1935 	 3595 	 0.851117 	 0.0026271 	 0.00547075
1935 	 3600 	 0.851117 	 0.0026271 	 0.00547075
1935 	 3605 	 0.851117 	 0.0026271 	 0.00547075
1935 	 3610 	 0.851117 	 0.0026271 	 0.00547075
1935 	 3615 	 0.851117 	 0.0026271 	 0.00547075
1935 	 3620 	 0.851117 	 0.0026271 	 0.00547075
1935 	 3625 	 0.851117 	 0.0026271 	 0.00547075
1935 	 3630 	 0.851117 	 0.0026271 	 0.00547075
1935 	 3635 	 0.851117 	 0.0026271 	 0.00547075
1935 	 3640 	 0.851117 	 0.0026271 	 0.00547075
1935 	 3645 	 0.851117 	 0.0026271 	 0.00547075
1935 	 3650 	 0.851117 	 0.0026271 	 0.00547075
1935 	 3655 	 0.851117 	 0.0026271 	 0.00547075
1935 	 3660 	 0.851117 	 0.0026271 	 0.00547075
1935 	 3665 	 0.851117 	 0.0026271 	 0.00547075
1935 	 3670 	 0.851117 	 0.0026271 	 0.00547075
1935 	 3675 	 0.851117 	 0.0026271 	 0.00547075
1935 	 3680 	 0.851117 	 0.0026271 	 0.00547075
1935 	 3685 	 0.851117 	 0.0026271 	 0.00547075
1935 	 3690 	 0.851117 	 0.0026271 	 0.00547075
1935 	 3695 	 0.851117 	 0.0026271 	 0.00547075
1935 	 3700 	 0.851117 	 0.0026271 	 0.00547075
1935 	 3705 	 0.851117 	 0.0026271 	 0.00547075
1935 	 3710 	 0.851117 	 0.0026271 	 0.00547075
1935 	 3715 	 0.851117 	 0.0026271 	 0.00547075
1935 	 3720 	 0.851117 	 0.0026271 	 0.00547075
1935 	 3725 	 0.851117 	 0.0026271 	 0.00547075
1935 	 3730 	 0.851117 	 0.0026271 	 0.00547075
1935 	 3735 	 0.851117 	 0.0026271 	 0.00547075
1935 	 3740 	 0.851117 	 0.0026271 	 0.00547075
1935 	 3745 	 0.851117 	 0.0026271 	 0.00547075
1935 	 3750 	 0.851117 	 0.0026271 	 0.00547075
1935 	 3755 	 0.851117 	 0.0026271 	 0.00547075
1935 	 3760 	 0.851117 	 0.0026271 	 0.00547075
1935 	 3765 	 0.851117 	 0.0026271 	 0.00547075
1935 	 3770 	 0.851117 	 0.0026271 	 0.00547075
1935 	 3775 	 0.851117 	 0.0026271 	 0.00547075
1935 	 3780 	 0.851117 	 0.0026271 	 0.00547075
1935 	 3785 	 0.851117 	 0.0026271 	 0.00547075
1935 	 3790 	 0.851117 	 0.0026271 	 0.00547075
1935 	 3795 	 0.851117 	 0.0026271 	 0.00547075
1935 	 3800 	 0.851117 	 0.0026271 	 0.00547075
1935 	 3805 	 0.851117 	 0.0026271 	 0.00547075
1935 	 3810 	 0.851117 	 0.0026271 	 0.00547075
1935 	 3815 	 0.851117 	 0.0026271 	 0.00547075
1935 	 3820 	 0.851117 	 0.0026271 	 0.00547075
1935 	 3825 	 0.851117 	 0.0026271 	 0.00547075
1935 	 3830 	 0.851117 	 0.0026271 	 0.00547075
1935 	 3835 	 0.851117 	 0.0026271 	 0.00547075
1935 	 3840 	 0.851117 	 0.0026271 	 0.00547075
1935 	 3845 	 0.851117 	 0.0026271 	 0.00547075
1935 	 3850 	 0.851117 	 0.0026271 	 0.00547075
1935 	 3855 	 0.851117 	 0.0026271 	 0.00547075
1935 	 3860 	 0.851117 	 0.0026271 	 0.00547075
1935 	 3865 	 0.851117 	 0.0026271 	 0.00547075
1935 	 3870 	 0.851117 	 0.0026271 	 0.00547075
1935 	 3875 	 0.851117 	 0.0026271 	 0.00547075
1935 	 3880 	 0.851117 	 0.0026271 	 0.00547075
1935 	 3885 	 0.851117 	 0.0026271 	 0.00547075
1935 	 3890 	 0.851117 	 0.0026271 	 0.00547075
1935 	 3895 	 0.851117 	 0.0026271 	 0.00547075
1935 	 3900 	 0.851117 	 0.0026271 	 0.00547075
1935 	 3905 	 0.851117 	 0.0026271 	 0.00547075
1935 	 3910 	 0.851117 	 0.0026271 	 0.00547075
1935 	 3915 	 0.851117 	 0.0026271 	 0.00547075
1935 	 3920 	 0.851117 	 0.0026271 	 0.00547075
1935 	 3925 	 0.851117 	 0.0026271 	 0.00547075
1935 	 3930 	 0.851117 	 0.0026271 	 0.00547075
1935 	 3935 	 0.851117 	 0.0026271 	 0.00547075
1935 	 3940 	 0.851117 	 0.0026271 	 0.00547075
1935 	 3945 	 0.851117 	 0.0026271 	 0.00547075
1935 	 3950 	 0.851117 	 0.0026271 	 0.00547075
1935 	 3955 	 0.851117 	 0.0026271 	 0.00547075
1935 	 3960 	 0.851117 	 0.0026271 	 0.00547075
1935 	 3965 	 0.851117 	 0.0026271 	 0.00547075
1935 	 3970 	 0.851117 	 0.0026271 	 0.00547075
1935 	 3975 	 0.851117 	 0.0026271 	 0.00547075
1935 	 3980 	 0.851117 	 0.0026271 	 0.00547075
1935 	 3985 	 0.851117 	 0.0026271 	 0.00547075
1935 	 3990 	 0.851117 	 0.0026271 	 0.00547075
1935 	 3995 	 0.851117 	 0.0026271 	 0.00547075
1935 	 4000 	 0.851117 	 0.0026271 	 0.00547075
1935 	 4005 	 0.851117 	 0.0026271 	 0.00547075
1935 	 4010 	 0.851117 	 0.0026271 	 0.00547075
1935 	 4015 	 0.851117 	 0.0026271 	 0.00547075
1935 	 4020 	 0.851117 	 0.0026271 	 0.00547075
1935 	 4025 	 0.851117 	 0.0026271 	 0.00547075
1935 	 4030 	 0.851117 	 0.0026271 	 0.00547075
1935 	 4035 	 0.851117 	 0.0026271 	 0.00547075
1935 	 4040 	 0.851117 	 0.0026271 	 0.00547075
1935 	 4045 	 0.851117 	 0.0026271 	 0.00547075
1935 	 4050 	 0.851117 	 0.0026271 	 0.00547075
1935 	 4055 	 0.851117 	 0.0026271 	 0.00547075
1935 	 4060 	 0.851117 	 0.0026271 	 0.00547075
1935 	 4065 	 0.851117 	 0.0026271 	 0.00547075
1935 	 4070 	 0.851117 	 0.0026271 	 0.00547075
1935 	 4075 	 0.851117 	 0.0026271 	 0.00547075
1935 	 4080 	 0.851117 	 0.0026271 	 0.00547075
1935 	 4085 	 0.851117 	 0.0026271 	 0.00547075
1935 	 4090 	 0.851117 	 0.0026271 	 0.00547075
1935 	 4095 	 0.851117 	 0.0026271 	 0.00547075
1935 	 4100 	 0.851117 	 0.0026271 	 0.00547075
1935 	 4105 	 0.851117 	 0.0026271 	 0.00547075
1935 	 4110 	 0.851117 	 0.0026271 	 0.00547075
1935 	 4115 	 0.851117 	 0.0026271 	 0.00547075
1935 	 4120 	 0.851117 	 0.0026271 	 0.00547075
1935 	 4125 	 0.851117 	 0.0026271 	 0.00547075
1935 	 4130 	 0.851117 	 0.0026271 	 0.00547075
1935 	 4135 	 0.851117 	 0.0026271 	 0.00547075
1935 	 4140 	 0.851117 	 0.0026271 	 0.00547075
1935 	 4145 	 0.851117 	 0.0026271 	 0.00547075
1935 	 4150 	 0.851117 	 0.0026271 	 0.00547075
1935 	 4155 	 0.851117 	 0.0026271 	 0.00547075
1935 	 4160 	 0.851117 	 0.0026271 	 0.00547075
1935 	 4165 	 0.851117 	 0.0026271 	 0.00547075
1935 	 4170 	 0.851117 	 0.0026271 	 0.00547075
1935 	 4175 	 0.851117 	 0.0026271 	 0.00547075
1935 	 4180 	 0.851117 	 0.0026271 	 0.00547075
1935 	 4185 	 0.851117 	 0.0026271 	 0.00547075
1935 	 4190 	 0.851117 	 0.0026271 	 0.00547075
1935 	 4195 	 0.851117 	 0.0026271 	 0.00547075
1935 	 4200 	 0.851117 	 0.0026271 	 0.00547075
1935 	 4205 	 0.851117 	 0.0026271 	 0.00547075
1935 	 4210 	 0.851117 	 0.0026271 	 0.00547075
1935 	 4215 	 0.851117 	 0.0026271 	 0.00547075
1935 	 4220 	 0.851117 	 0.0026271 	 0.00547075
1935 	 4225 	 0.851117 	 0.0026271 	 0.00547075
1935 	 4230 	 0.851117 	 0.0026271 	 0.00547075
1935 	 4235 	 0.851117 	 0.0026271 	 0.00547075
1935 	 4240 	 0.851117 	 0.0026271 	 0.00547075
1935 	 4245 	 0.851117 	 0.0026271 	 0.00547075
1935 	 4250 	 0.851117 	 0.0026271 	 0.00547075
1935 	 4255 	 0.851117 	 0.0026271 	 0.00547075
1935 	 4260 	 0.851117 	 0.0026271 	 0.00547075
1935 	 4265 	 0.851117 	 0.0026271 	 0.00547075
1935 	 4270 	 0.851117 	 0.0026271 	 0.00547075
1935 	 4275 	 0.851117 	 0.0026271 	 0.00547075
1935 	 4280 	 0.851117 	 0.0026271 	 0.00547075
1935 	 4285 	 0.851117 	 0.0026271 	 0.00547075
1935 	 4290 	 0.851117 	 0.0026271 	 0.00547075
1935 	 4295 	 0.851117 	 0.0026271 	 0.00547075
1935 	 4300 	 0.851117 	 0.0026271 	 0.00547075
1935 	 4305 	 0.851117 	 0.0026271 	 0.00547075
1935 	 4310 	 0.851117 	 0.0026271 	 0.00547075
1935 	 4315 	 0.851117 	 0.0026271 	 0.00547075
1935 	 4320 	 0.851117 	 0.0026271 	 0.00547075
1935 	 4325 	 0.851117 	 0.0026271 	 0.00547075
1935 	 4330 	 0.851117 	 0.0026271 	 0.00547075
1935 	 4335 	 0.851117 	 0.0026271 	 0.00547075
1935 	 4340 	 0.851117 	 0.0026271 	 0.00547075
1935 	 4345 	 0.851117 	 0.0026271 	 0.00547075
1935 	 4350 	 0.851117 	 0.0026271 	 0.00547075
1935 	 4355 	 0.851117 	 0.0026271 	 0.00547075
1935 	 4360 	 0.851117 	 0.0026271 	 0.00547075
1935 	 4365 	 0.851117 	 0.0026271 	 0.00547075
1935 	 4370 	 0.851117 	 0.0026271 	 0.00547075
1935 	 4375 	 0.851117 	 0.0026271 	 0.00547075
1935 	 4380 	 0.851117 	 0.0026271 	 0.00547075
1935 	 4385 	 0.851117 	 0.0026271 	 0.00547075
1935 	 4390 	 0.851117 	 0.0026271 	 0.00547075
1935 	 4395 	 0.851117 	 0.0026271 	 0.00547075
1935 	 4400 	 0.851117 	 0.0026271 	 0.00547075
1935 	 4405 	 0.851117 	 0.0026271 	 0.00547075
1935 	 4410 	 0.851117 	 0.0026271 	 0.00547075
1935 	 4415 	 0.851117 	 0.0026271 	 0.00547075
1935 	 4420 	 0.851117 	 0.0026271 	 0.00547075
1935 	 4425 	 0.851117 	 0.0026271 	 0.00547075
1935 	 4430 	 0.851117 	 0.0026271 	 0.00547075
1935 	 4435 	 0.851117 	 0.0026271 	 0.00547075
1935 	 4440 	 0.851117 	 0.0026271 	 0.00547075
1935 	 4445 	 0.851117 	 0.0026271 	 0.00547075
1935 	 4450 	 0.851117 	 0.0026271 	 0.00547075
1935 	 4455 	 0.851117 	 0.0026271 	 0.00547075
1935 	 4460 	 0.851117 	 0.0026271 	 0.00547075
1935 	 4465 	 0.851117 	 0.0026271 	 0.00547075
1935 	 4470 	 0.851117 	 0.0026271 	 0.00547075
1935 	 4475 	 0.851117 	 0.0026271 	 0.00547075
1935 	 4480 	 0.851117 	 0.0026271 	 0.00547075
1935 	 4485 	 0.851117 	 0.0026271 	 0.00547075
1935 	 4490 	 0.851117 	 0.0026271 	 0.00547075
1935 	 4495 	 0.851117 	 0.0026271 	 0.00547075
1935 	 4500 	 0.851117 	 0.0026271 	 0.00547075
1935 	 4505 	 0.851117 	 0.0026271 	 0.00547075
1935 	 4510 	 0.851117 	 0.0026271 	 0.00547075
1935 	 4515 	 0.851117 	 0.0026271 	 0.00547075
1935 	 4520 	 0.851117 	 0.0026271 	 0.00547075
1935 	 4525 	 0.851117 	 0.0026271 	 0.00547075
1935 	 4530 	 0.851117 	 0.0026271 	 0.00547075
1935 	 4535 	 0.851117 	 0.0026271 	 0.00547075
1935 	 4540 	 0.851117 	 0.0026271 	 0.00547075
1935 	 4545 	 0.851117 	 0.0026271 	 0.00547075
1935 	 4550 	 0.851117 	 0.0026271 	 0.00547075
1935 	 4555 	 0.851117 	 0.0026271 	 0.00547075
1935 	 4560 	 0.851117 	 0.0026271 	 0.00547075
1935 	 4565 	 0.851117 	 0.0026271 	 0.00547075
1935 	 4570 	 0.851117 	 0.0026271 	 0.00547075
1935 	 4575 	 0.851117 	 0.0026271 	 0.00547075
1935 	 4580 	 0.851117 	 0.0026271 	 0.00547075
1935 	 4585 	 0.851117 	 0.0026271 	 0.00547075
1935 	 4590 	 0.851117 	 0.0026271 	 0.00547075
1935 	 4595 	 0.851117 	 0.0026271 	 0.00547075
1935 	 4600 	 0.851117 	 0.0026271 	 0.00547075
1935 	 4605 	 0.851117 	 0.0026271 	 0.00547075
1935 	 4610 	 0.851117 	 0.0026271 	 0.00547075
1935 	 4615 	 0.851117 	 0.0026271 	 0.00547075
1935 	 4620 	 0.851117 	 0.0026271 	 0.00547075
1935 	 4625 	 0.851117 	 0.0026271 	 0.00547075
1935 	 4630 	 0.851117 	 0.0026271 	 0.00547075
1935 	 4635 	 0.851117 	 0.0026271 	 0.00547075
1935 	 4640 	 0.851117 	 0.0026271 	 0.00547075
1935 	 4645 	 0.851117 	 0.0026271 	 0.00547075
1935 	 4650 	 0.851117 	 0.0026271 	 0.00547075
1935 	 4655 	 0.851117 	 0.0026271 	 0.00547075
1935 	 4660 	 0.851117 	 0.0026271 	 0.00547075
1935 	 4665 	 0.851117 	 0.0026271 	 0.00547075
1935 	 4670 	 0.851117 	 0.0026271 	 0.00547075
1935 	 4675 	 0.851117 	 0.0026271 	 0.00547075
1935 	 4680 	 0.851117 	 0.0026271 	 0.00547075
1935 	 4685 	 0.851117 	 0.0026271 	 0.00547075
1935 	 4690 	 0.851117 	 0.0026271 	 0.00547075
1935 	 4695 	 0.851117 	 0.0026271 	 0.00547075
1935 	 4700 	 0.851117 	 0.0026271 	 0.00547075
1935 	 4705 	 0.851117 	 0.0026271 	 0.00547075
1935 	 4710 	 0.851117 	 0.0026271 	 0.00547075
1935 	 4715 	 0.851117 	 0.0026271 	 0.00547075
1935 	 4720 	 0.851117 	 0.0026271 	 0.00547075
1935 	 4725 	 0.851117 	 0.0026271 	 0.00547075
1935 	 4730 	 0.851117 	 0.0026271 	 0.00547075
1935 	 4735 	 0.851117 	 0.0026271 	 0.00547075
1935 	 4740 	 0.851117 	 0.0026271 	 0.00547075
1935 	 4745 	 0.851117 	 0.0026271 	 0.00547075
1935 	 4750 	 0.851117 	 0.0026271 	 0.00547075
1935 	 4755 	 0.851117 	 0.0026271 	 0.00547075
1935 	 4760 	 0.851117 	 0.0026271 	 0.00547075
1935 	 4765 	 0.851117 	 0.0026271 	 0.00547075
1935 	 4770 	 0.851117 	 0.0026271 	 0.00547075
1935 	 4775 	 0.851117 	 0.0026271 	 0.00547075
1935 	 4780 	 0.851117 	 0.0026271 	 0.00547075
1935 	 4785 	 0.851117 	 0.0026271 	 0.00547075
1935 	 4790 	 0.851117 	 0.0026271 	 0.00547075
1935 	 4795 	 0.851117 	 0.0026271 	 0.00547075
1935 	 4800 	 0.851117 	 0.0026271 	 0.00547075
1935 	 4805 	 0.851117 	 0.0026271 	 0.00547075
1935 	 4810 	 0.851117 	 0.0026271 	 0.00547075
1935 	 4815 	 0.851117 	 0.0026271 	 0.00547075
1935 	 4820 	 0.851117 	 0.0026271 	 0.00547075
1935 	 4825 	 0.851117 	 0.0026271 	 0.00547075
1935 	 4830 	 0.851117 	 0.0026271 	 0.00547075
1935 	 4835 	 0.851117 	 0.0026271 	 0.00547075
1935 	 4840 	 0.851117 	 0.0026271 	 0.00547075
1935 	 4845 	 0.851117 	 0.0026271 	 0.00547075
1935 	 4850 	 0.851117 	 0.0026271 	 0.00547075
1935 	 4855 	 0.851117 	 0.0026271 	 0.00547075
1935 	 4860 	 0.851117 	 0.0026271 	 0.00547075
1935 	 4865 	 0.851117 	 0.0026271 	 0.00547075
1935 	 4870 	 0.851117 	 0.0026271 	 0.00547075
1935 	 4875 	 0.851117 	 0.0026271 	 0.00547075
1935 	 4880 	 0.851117 	 0.0026271 	 0.00547075
1935 	 4885 	 0.851117 	 0.0026271 	 0.00547075
1935 	 4890 	 0.851117 	 0.0026271 	 0.00547075
1935 	 4895 	 0.851117 	 0.0026271 	 0.00547075
1935 	 4900 	 0.851117 	 0.0026271 	 0.00547075
1935 	 4905 	 0.851117 	 0.0026271 	 0.00547075
1935 	 4910 	 0.851117 	 0.0026271 	 0.00547075
1935 	 4915 	 0.851117 	 0.0026271 	 0.00547075
1935 	 4920 	 0.851117 	 0.0026271 	 0.00547075
1935 	 4925 	 0.851117 	 0.0026271 	 0.00547075
1935 	 4930 	 0.851117 	 0.0026271 	 0.00547075
1935 	 4935 	 0.851117 	 0.0026271 	 0.00547075
1935 	 4940 	 0.851117 	 0.0026271 	 0.00547075
1935 	 4945 	 0.851117 	 0.0026271 	 0.00547075
1935 	 4950 	 0.851117 	 0.0026271 	 0.00547075
1935 	 4955 	 0.851117 	 0.0026271 	 0.00547075
1935 	 4960 	 0.851117 	 0.0026271 	 0.00547075
1935 	 4965 	 0.851117 	 0.0026271 	 0.00547075
1935 	 4970 	 0.851117 	 0.0026271 	 0.00547075
1935 	 4975 	 0.851117 	 0.0026271 	 0.00547075
1935 	 4980 	 0.851117 	 0.0026271 	 0.00547075
1935 	 4985 	 0.851117 	 0.0026271 	 0.00547075
1935 	 4990 	 0.851117 	 0.0026271 	 0.00547075
1935 	 4995 	 0.851117 	 0.0026271 	 0.00547075
1935 	 5000 	 0.851117 	 0.0026271 	 0.00547075
