1455 	 5 	 0.734571 	 0.0029581 	 0.00616003
1455 	 10 	 0.734571 	 0.00295798 	 0.00615978
1455 	 15 	 0.734572 	 0.002957 	 0.00615774
1455 	 20 	 0.734577 	 0.00294941 	 0.00614194
1455 	 25 	 0.734625 	 0.00289741 	 0.00603365
1455 	 30 	 0.735085 	 0.00272738 	 0.00567957
1455 	 35 	 0.739283 	 0.00457445 	 0.00952596
1455 	 40 	 0.764666 	 0.0025217 	 0.00525125
1455 	 45 	 0.803027 	 0.0098953 	 0.0206063
1455 	 50 	 0.813965 	 0.00241374 	 0.00502644
1455 	 55 	 0.81606 	 0.00177473 	 0.00369575
1455 	 60 	 0.817053 	 0.0018088 	 0.0037667
1455 	 65 	 0.817912 	 0.00169692 	 0.00353372
1455 	 70 	 0.818738 	 0.00157327 	 0.00327622
1455 	 75 	 0.819542 	 0.00146128 	 0.003043
1455 	 80 	 0.820326 	 0.0013644 	 0.00284127
1455 	 85 	 0.821091 	 0.00128341 	 0.00267262
1455 	 90 	 0.821836 	 0.00121856 	 0.00253756
1455 	 95 	 0.822563 	 0.00116973 	 0.00243589
1455 	 100 	 0.823272 	 0.0011364 	 0.00236647
1455 	 105 	 0.823964 	 0.00111756 	 0.00232725
1455 	 110 	 0.824638 	 0.0011118 	 0.00231524
1455 	 115 	 0.825295 	 0.00111737 	 0.00232685
1455 	 120 	 0.825936 	 0.00113241 	 0.00235817
1455 	 125 	 0.826561 	 0.00115504 	 0.00240529
1455 	 130 	 0.827171 	 0.00118352 	 0.0024646
1455 	 135 	 0.827766 	 0.00121631 	 0.00253287
1455 	 140 	 0.828345 	 0.00125208 	 0.00260736
1455 	 145 	 0.82891 	 0.00128974 	 0.0026858
1455 	 150 	 0.829462 	 0.00132842 	 0.00276635
1455 	 155 	 0.829999 	 0.00136742 	 0.00284755
1455 	 160 	 0.830523 	 0.00140617 	 0.00292825
1455 	 165 	 0.831035 	 0.00144427 	 0.00300758
1455 	 170 	 0.831533 	 0.00148138 	 0.00308486
1455 	 175 	 0.832019 	 0.00151726 	 0.00315959
1455 	 180 	 0.832493 	 0.00155174 	 0.0032314
1455 	 185 	 0.832955 	 0.0015847 	 0.00330002
1455 	 190 	 0.833406 	 0.00161604 	 0.0033653
1455 	 195 	 0.833845 	 0.00164573 	 0.00342712
1455 	 200 	 0.834274 	 0.00167373 	 0.00348543
1455 	 205 	 0.834692 	 0.00170005 	 0.00354023
1455 	 210 	 0.835099 	 0.00172469 	 0.00359154
1455 	 215 	 0.835497 	 0.00174768 	 0.00363942
1455 	 220 	 0.835884 	 0.00176906 	 0.00368393
1455 	 225 	 0.836262 	 0.00178886 	 0.00372518
1455 	 230 	 0.836631 	 0.00180714 	 0.00376325
1455 	 235 	 0.83699 	 0.00182396 	 0.00379826
1455 	 240 	 0.837341 	 0.00183936 	 0.00383034
1455 	 245 	 0.837682 	 0.00185341 	 0.0038596
1455 	 250 	 0.838015 	 0.00186617 	 0.00388617
1455 	 255 	 0.83834 	 0.0018777 	 0.00391017
1455 	 260 	 0.838657 	 0.00188806 	 0.00393175
1455 	 265 	 0.838966 	 0.00189732 	 0.00395103
1455 	 270 	 0.839268 	 0.00190553 	 0.00396813
1455 	 275 	 0.839561 	 0.00191276 	 0.00398318
1455 	 280 	 0.839848 	 0.00191906 	 0.00399632
1455 	 285 	 0.840127 	 0.00192451 	 0.00400765
1455 	 290 	 0.8404 	 0.00192915 	 0.00401731
1455 	 295 	 0.840665 	 0.00193304 	 0.00402541
1455 	 300 	 0.840924 	 0.00193623 	 0.00403207
1455 	 305 	 0.841177 	 0.00193879 	 0.00403739
1455 	 310 	 0.841423 	 0.00194075 	 0.00404148
1455 	 315 	 0.841664 	 0.00194218 	 0.00404446
1455 	 320 	 0.841898 	 0.00194312 	 0.00404642
1455 	 325 	 0.842126 	 0.00194362 	 0.00404746
1455 	 330 	 0.842349 	 0.00194372 	 0.00404767
1455 	 335 	 0.842566 	 0.00194347 	 0.00404714
1455 	 340 	 0.842778 	 0.00194291 	 0.00404596
1455 	 345 	 0.842985 	 0.00194207 	 0.00404422
1455 	 350 	 0.843186 	 0.001941 	 0.00404199
1455 	 355 	 0.843383 	 0.00193973 	 0.00403935
1455 	 360 	 0.843574 	 0.0019383 	 0.00403636
1455 	 365 	 0.843761 	 0.00193673 	 0.00403311
1455 	 370 	 0.843943 	 0.00193507 	 0.00402965
1455 	 375 	 0.844121 	 0.00193334 	 0.00402605
1455 	 380 	 0.844294 	 0.00193157 	 0.00402236
1455 	 385 	 0.844463 	 0.00192978 	 0.00401864
1455 	 390 	 0.844627 	 0.00192801 	 0.00401494
1455 	 395 	 0.844788 	 0.00192626 	 0.0040113
1455 	 400 	 0.844945 	 0.00192457 	 0.00400778
1455 	 405 	 0.845097 	 0.00192295 	 0.00400441
1455 	 410 	 0.845246 	 0.00192143 	 0.00400124
1455 	 415 	 0.845392 	 0.00192001 	 0.00399829
1455 	 420 	 0.845533 	 0.00191872 	 0.0039956
1455 	 425 	 0.845671 	 0.00191757 	 0.00399321
1455 	 430 	 0.845806 	 0.00191657 	 0.00399113
1455 	 435 	 0.845937 	 0.00191574 	 0.00398939
1455 	 440 	 0.846065 	 0.00191507 	 0.00398801
1455 	 445 	 0.84619 	 0.0019146 	 0.00398701
1455 	 450 	 0.846312 	 0.00191431 	 0.00398641
1455 	 455 	 0.846431 	 0.00191422 	 0.00398623
1455 	 460 	 0.846546 	 0.00191433 	 0.00398646
1455 	 465 	 0.846659 	 0.00191466 	 0.00398714
1455 	 470 	 0.846769 	 0.00191519 	 0.00398825
1455 	 475 	 0.846877 	 0.00191594 	 0.00398981
1455 	 480 	 0.846981 	 0.0019169 	 0.00399182
1455 	 485 	 0.847084 	 0.00191809 	 0.00399428
1455 	 490 	 0.847183 	 0.00191949 	 0.0039972
1455 	 495 	 0.84728 	 0.00192111 	 0.00400058
1455 	 500 	 0.847375 	 0.00192295 	 0.0040044
1455 	 505 	 0.847467 	 0.001925 	 0.00400867
1455 	 510 	 0.847557 	 0.00192726 	 0.00401338
1455 	 515 	 0.847645 	 0.00192973 	 0.00401853
1455 	 520 	 0.847731 	 0.00193241 	 0.00402411
1455 	 525 	 0.847814 	 0.00193529 	 0.00403011
1455 	 530 	 0.847895 	 0.00193837 	 0.00403652
1455 	 535 	 0.847975 	 0.00194164 	 0.00404333
1455 	 540 	 0.848052 	 0.0019451 	 0.00405054
1455 	 545 	 0.848128 	 0.00194874 	 0.00405812
1455 	 550 	 0.848201 	 0.00195256 	 0.00406608
1455 	 555 	 0.848273 	 0.00195656 	 0.00407439
1455 	 560 	 0.848343 	 0.00196071 	 0.00408305
1455 	 565 	 0.848411 	 0.00196503 	 0.00409204
1455 	 570 	 0.848478 	 0.0019695 	 0.00410134
1455 	 575 	 0.848543 	 0.00197412 	 0.00411096
1455 	 580 	 0.848606 	 0.00197887 	 0.00412086
1455 	 585 	 0.848668 	 0.00198376 	 0.00413105
1455 	 590 	 0.848728 	 0.00198878 	 0.0041415
1455 	 595 	 0.848787 	 0.00199392 	 0.0041522
1455 	 600 	 0.848844 	 0.00199917 	 0.00416313
1455 	 605 	 0.8489 	 0.00200453 	 0.0041743
1455 	 610 	 0.848954 	 0.00200999 	 0.00418567
1455 	 615 	 0.849007 	 0.00201555 	 0.00419724
1455 	 620 	 0.849059 	 0.00202119 	 0.00420899
1455 	 625 	 0.849109 	 0.00202692 	 0.00422091
1455 	 630 	 0.849159 	 0.00203272 	 0.00423299
1455 	 635 	 0.849207 	 0.00203859 	 0.00424522
1455 	 640 	 0.849253 	 0.00204453 	 0.00425758
1455 	 645 	 0.849299 	 0.00205052 	 0.00427006
1455 	 650 	 0.849343 	 0.00205657 	 0.00428265
1455 	 655 	 0.849387 	 0.00206266 	 0.00429534
1455 	 660 	 0.849429 	 0.00206879 	 0.00430812
1455 	 665 	 0.84947 	 0.00207497 	 0.00432097
1455 	 670 	 0.849511 	 0.00208117 	 0.00433389
1455 	 675 	 0.84955 	 0.0020874 	 0.00434686
1455 	 680 	 0.849588 	 0.00209365 	 0.00435987
1455 	 685 	 0.849625 	 0.00209991 	 0.00437293
1455 	 690 	 0.849662 	 0.0021062 	 0.004386
1455 	 695 	 0.849697 	 0.00211248 	 0.0043991
1455 	 700 	 0.849732 	 0.00211878 	 0.0044122
1455 	 705 	 0.849766 	 0.00212507 	 0.00442531
1455 	 710 	 0.849799 	 0.00213136 	 0.0044384
1455 	 715 	 0.849831 	 0.00213764 	 0.00445148
1455 	 720 	 0.849862 	 0.00214391 	 0.00446454
1455 	 725 	 0.849892 	 0.00215017 	 0.00447757
1455 	 730 	 0.849922 	 0.00215641 	 0.00449056
1455 	 735 	 0.849951 	 0.00216262 	 0.00450351
1455 	 740 	 0.849979 	 0.00216882 	 0.00451642
1455 	 745 	 0.850007 	 0.00217499 	 0.00452926
1455 	 750 	 0.850034 	 0.00218113 	 0.00454205
1455 	 755 	 0.85006 	 0.00218724 	 0.00455477
1455 	 760 	 0.850086 	 0.00219331 	 0.00456742
1455 	 765 	 0.850111 	 0.00219935 	 0.00458
1455 	 770 	 0.850135 	 0.00220535 	 0.00459249
1455 	 775 	 0.850159 	 0.00221132 	 0.00460491
1455 	 780 	 0.850182 	 0.00221723 	 0.00461723
1455 	 785 	 0.850204 	 0.00222311 	 0.00462947
1455 	 790 	 0.850226 	 0.00222894 	 0.00464161
1455 	 795 	 0.850248 	 0.00223472 	 0.00465365
1455 	 800 	 0.850269 	 0.00224046 	 0.00466559
1455 	 805 	 0.850289 	 0.00224614 	 0.00467743
1455 	 810 	 0.850309 	 0.00225177 	 0.00468916
1455 	 815 	 0.850328 	 0.00225736 	 0.00470078
1455 	 820 	 0.850347 	 0.00226288 	 0.00471229
1455 	 825 	 0.850366 	 0.00226836 	 0.00472369
1455 	 830 	 0.850384 	 0.00227377 	 0.00473498
1455 	 835 	 0.850401 	 0.00227914 	 0.00474614
1455 	 840 	 0.850418 	 0.00228444 	 0.00475719
1455 	 845 	 0.850435 	 0.00228969 	 0.00476812
1455 	 850 	 0.850451 	 0.00229488 	 0.00477893
1455 	 855 	 0.850467 	 0.00230001 	 0.00478961
1455 	 860 	 0.850483 	 0.00230508 	 0.00480017
1455 	 865 	 0.850498 	 0.0023101 	 0.00481061
1455 	 870 	 0.850512 	 0.00231505 	 0.00482093
1455 	 875 	 0.850527 	 0.00231994 	 0.00483112
1455 	 880 	 0.850541 	 0.00232477 	 0.00484118
1455 	 885 	 0.850554 	 0.00232955 	 0.00485111
1455 	 890 	 0.850568 	 0.00233426 	 0.00486093
1455 	 895 	 0.850581 	 0.00233891 	 0.00487061
1455 	 900 	 0.850593 	 0.0023435 	 0.00488017
1455 	 905 	 0.850606 	 0.00234803 	 0.0048896
1455 	 910 	 0.850618 	 0.00235249 	 0.0048989
1455 	 915 	 0.850629 	 0.0023569 	 0.00490808
1455 	 920 	 0.850641 	 0.00236125 	 0.00491713
1455 	 925 	 0.850652 	 0.00236553 	 0.00492606
1455 	 930 	 0.850663 	 0.00236976 	 0.00493486
1455 	 935 	 0.850673 	 0.00237393 	 0.00494353
1455 	 940 	 0.850684 	 0.00237803 	 0.00495208
1455 	 945 	 0.850694 	 0.00238208 	 0.00496051
1455 	 950 	 0.850704 	 0.00238607 	 0.00496882
1455 	 955 	 0.850713 	 0.00239 	 0.004977
1455 	 960 	 0.850723 	 0.00239387 	 0.00498506
1455 	 965 	 0.850732 	 0.00239768 	 0.004993
1455 	 970 	 0.850741 	 0.00240143 	 0.00500081
1455 	 975 	 0.850749 	 0.00240513 	 0.00500851
1455 	 980 	 0.850758 	 0.00240877 	 0.0050161
1455 	 985 	 0.850766 	 0.00241235 	 0.00502356
1455 	 990 	 0.850774 	 0.00241588 	 0.00503091
1455 	 995 	 0.850782 	 0.00241936 	 0.00503814
1455 	 1000 	 0.850789 	 0.00242277 	 0.00504525
1455 	 1005 	 0.850797 	 0.00242614 	 0.00505226
1455 	 1010 	 0.850804 	 0.00242945 	 0.00505915
1455 	 1015 	 0.850811 	 0.0024327 	 0.00506593
1455 	 1020 	 0.850818 	 0.0024359 	 0.0050726
1455 	 1025 	 0.850825 	 0.00243905 	 0.00507916
1455 	 1030 	 0.850831 	 0.00244215 	 0.00508561
1455 	 1035 	 0.850838 	 0.0024452 	 0.00509196
1455 	 1040 	 0.850844 	 0.0024482 	 0.0050982
1455 	 1045 	 0.85085 	 0.00245114 	 0.00510434
1455 	 1050 	 0.850856 	 0.00245404 	 0.00511037
1455 	 1055 	 0.850862 	 0.00245689 	 0.0051163
1455 	 1060 	 0.850868 	 0.00245969 	 0.00512213
1455 	 1065 	 0.850873 	 0.00246244 	 0.00512786
1455 	 1070 	 0.850878 	 0.00246515 	 0.00513349
1455 	 1075 	 0.850884 	 0.0024678 	 0.00513903
1455 	 1080 	 0.850889 	 0.00247042 	 0.00514447
1455 	 1085 	 0.850894 	 0.00247298 	 0.00514982
1455 	 1090 	 0.850899 	 0.00247551 	 0.00515507
1455 	 1095 	 0.850903 	 0.00247798 	 0.00516023
1455 	 1100 	 0.850908 	 0.00248042 	 0.0051653
1455 	 1105 	 0.850912 	 0.00248281 	 0.00517028
1455 	 1110 	 0.850917 	 0.00248516 	 0.00517517
1455 	 1115 	 0.850921 	 0.00248747 	 0.00517997
1455 	 1120 	 0.850925 	 0.00248973 	 0.00518469
1455 	 1125 	 0.850929 	 0.00249196 	 0.00518933
1455 	 1130 	 0.850933 	 0.00249414 	 0.00519388
1455 	 1135 	 0.850937 	 0.00249629 	 0.00519835
1455 	 1140 	 0.850941 	 0.0024984 	 0.00520273
1455 	 1145 	 0.850945 	 0.00250046 	 0.00520704
1455 	 1150 	 0.850948 	 0.00250249 	 0.00521127
1455 	 1155 	 0.850952 	 0.00250449 	 0.00521542
1455 	 1160 	 0.850955 	 0.00250645 	 0.0052195
1455 	 1165 	 0.850959 	 0.00250837 	 0.0052235
1455 	 1170 	 0.850962 	 0.00251025 	 0.00522742
1455 	 1175 	 0.850965 	 0.0025121 	 0.00523128
1455 	 1180 	 0.850968 	 0.00251392 	 0.00523506
1455 	 1185 	 0.850971 	 0.0025157 	 0.00523877
1455 	 1190 	 0.850974 	 0.00251745 	 0.00524241
1455 	 1195 	 0.850977 	 0.00251916 	 0.00524598
1455 	 1200 	 0.85098 	 0.00252085 	 0.00524949
1455 	 1205 	 0.850982 	 0.0025225 	 0.00525293
1455 	 1210 	 0.850985 	 0.00252412 	 0.00525631
1455 	 1215 	 0.850988 	 0.00252571 	 0.00525962
1455 	 1220 	 0.85099 	 0.00252727 	 0.00526287
1455 	 1225 	 0.850993 	 0.0025288 	 0.00526605
1455 	 1230 	 0.850995 	 0.0025303 	 0.00526918
1455 	 1235 	 0.850997 	 0.00253177 	 0.00527224
1455 	 1240 	 0.851 	 0.00253322 	 0.00527525
1455 	 1245 	 0.851002 	 0.00253463 	 0.0052782
1455 	 1250 	 0.851004 	 0.00253602 	 0.00528109
1455 	 1255 	 0.851006 	 0.00253739 	 0.00528393
1455 	 1260 	 0.851008 	 0.00253872 	 0.00528671
1455 	 1265 	 0.85101 	 0.00254003 	 0.00528944
1455 	 1270 	 0.851012 	 0.00254132 	 0.00529211
1455 	 1275 	 0.851014 	 0.00254258 	 0.00529473
1455 	 1280 	 0.851016 	 0.00254381 	 0.00529731
1455 	 1285 	 0.851018 	 0.00254502 	 0.00529983
1455 	 1290 	 0.85102 	 0.00254621 	 0.0053023
1455 	 1295 	 0.851021 	 0.00254737 	 0.00530472
1455 	 1300 	 0.851023 	 0.00254851 	 0.0053071
1455 	 1305 	 0.851025 	 0.00254963 	 0.00530943
1455 	 1310 	 0.851026 	 0.00255073 	 0.00531171
1455 	 1315 	 0.851028 	 0.0025518 	 0.00531395
1455 	 1320 	 0.851029 	 0.00255285 	 0.00531614
1455 	 1325 	 0.851031 	 0.00255389 	 0.00531829
1455 	 1330 	 0.851032 	 0.0025549 	 0.0053204
1455 	 1335 	 0.851034 	 0.00255589 	 0.00532246
1455 	 1340 	 0.851035 	 0.00255686 	 0.00532448
1455 	 1345 	 0.851036 	 0.00255781 	 0.00532647
1455 	 1350 	 0.851038 	 0.00255875 	 0.00532841
1455 	 1355 	 0.851039 	 0.00255966 	 0.00533032
1455 	 1360 	 0.85104 	 0.00256056 	 0.00533218
1455 	 1365 	 0.851041 	 0.00256144 	 0.00533401
1455 	 1370 	 0.851043 	 0.0025623 	 0.0053358
1455 	 1375 	 0.851044 	 0.00256314 	 0.00533756
1455 	 1380 	 0.851045 	 0.00256397 	 0.00533928
1455 	 1385 	 0.851046 	 0.00256478 	 0.00534097
1455 	 1390 	 0.851047 	 0.00256557 	 0.00534262
1455 	 1395 	 0.851048 	 0.00256635 	 0.00534424
1455 	 1400 	 0.851049 	 0.00256711 	 0.00534582
1455 	 1405 	 0.85105 	 0.00256785 	 0.00534737
1455 	 1410 	 0.851051 	 0.00256858 	 0.00534889
1455 	 1415 	 0.851052 	 0.0025693 	 0.00535039
1455 	 1420 	 0.851053 	 0.00257 	 0.00535184
1455 	 1425 	 0.851054 	 0.00257069 	 0.00535327
1455 	 1430 	 0.851055 	 0.00257136 	 0.00535468
1455 	 1435 	 0.851056 	 0.00257202 	 0.00535605
1455 	 1440 	 0.851056 	 0.00257266 	 0.00535739
1455 	 1445 	 0.851057 	 0.0025733 	 0.00535871
1455 	 1450 	 0.851058 	 0.00257391 	 0.00536
1455 	 1455 	 0.851059 	 0.00257452 	 0.00536126
1455 	 1460 	 0.85106 	 0.00257511 	 0.0053625
1455 	 1465 	 0.85106 	 0.0025757 	 0.00536371
1455 	 1470 	 0.851061 	 0.00257627 	 0.00536489
1455 	 1475 	 0.851062 	 0.00257682 	 0.00536605
1455 	 1480 	 0.851062 	 0.00257737 	 0.00536719
1455 	 1485 	 0.851063 	 0.0025779 	 0.0053683
1455 	 1490 	 0.851064 	 0.00257843 	 0.00536939
1455 	 1495 	 0.851064 	 0.00257894 	 0.00537046
1455 	 1500 	 0.851065 	 0.00257944 	 0.00537151
1455 	 1505 	 0.851066 	 0.00257993 	 0.00537253
1455 	 1510 	 0.851066 	 0.00258042 	 0.00537353
1455 	 1515 	 0.851067 	 0.00258089 	 0.00537452
1455 	 1520 	 0.851067 	 0.00258135 	 0.00537548
1455 	 1525 	 0.851068 	 0.0025818 	 0.00537642
1455 	 1530 	 0.851068 	 0.00258224 	 0.00537734
1455 	 1535 	 0.851069 	 0.00258268 	 0.00537824
1455 	 1540 	 0.851069 	 0.0025831 	 0.00537912
1455 	 1545 	 0.85107 	 0.00258351 	 0.00537999
1455 	 1550 	 0.85107 	 0.00258392 	 0.00538083
1455 	 1555 	 0.851071 	 0.00258432 	 0.00538166
1455 	 1560 	 0.851071 	 0.00258471 	 0.00538247
1455 	 1565 	 0.851072 	 0.00258509 	 0.00538327
1455 	 1570 	 0.851072 	 0.00258546 	 0.00538404
1455 	 1575 	 0.851073 	 0.00258583 	 0.00538481
1455 	 1580 	 0.851073 	 0.00258619 	 0.00538555
1455 	 1585 	 0.851073 	 0.00258654 	 0.00538628
1455 	 1590 	 0.851074 	 0.00258688 	 0.00538699
1455 	 1595 	 0.851074 	 0.00258721 	 0.00538769
1455 	 1600 	 0.851075 	 0.00258754 	 0.00538837
1455 	 1605 	 0.851075 	 0.00258786 	 0.00538904
1455 	 1610 	 0.851075 	 0.00258818 	 0.0053897
1455 	 1615 	 0.851076 	 0.00258848 	 0.00539034
1455 	 1620 	 0.851076 	 0.00258879 	 0.00539097
1455 	 1625 	 0.851076 	 0.00258908 	 0.00539158
1455 	 1630 	 0.851077 	 0.00258937 	 0.00539218
1455 	 1635 	 0.851077 	 0.00258965 	 0.00539277
1455 	 1640 	 0.851077 	 0.00258993 	 0.00539334
1455 	 1645 	 0.851078 	 0.0025902 	 0.00539391
1455 	 1650 	 0.851078 	 0.00259046 	 0.00539446
1455 	 1655 	 0.851078 	 0.00259072 	 0.005395
1455 	 1660 	 0.851078 	 0.00259097 	 0.00539552
1455 	 1665 	 0.851079 	 0.00259122 	 0.00539604
1455 	 1670 	 0.851079 	 0.00259147 	 0.00539654
1455 	 1675 	 0.851079 	 0.0025917 	 0.00539704
1455 	 1680 	 0.851079 	 0.00259194 	 0.00539752
1455 	 1685 	 0.85108 	 0.00259216 	 0.005398
1455 	 1690 	 0.85108 	 0.00259238 	 0.00539846
1455 	 1695 	 0.85108 	 0.0025926 	 0.00539891
1455 	 1700 	 0.85108 	 0.00259282 	 0.00539936
1455 	 1705 	 0.851081 	 0.00259302 	 0.00539979
1455 	 1710 	 0.851081 	 0.00259323 	 0.00540021
1455 	 1715 	 0.851081 	 0.00259343 	 0.00540063
1455 	 1720 	 0.851081 	 0.00259362 	 0.00540104
1455 	 1725 	 0.851081 	 0.00259381 	 0.00540143
1455 	 1730 	 0.851082 	 0.002594 	 0.00540182
1455 	 1735 	 0.851082 	 0.00259418 	 0.0054022
1455 	 1740 	 0.851082 	 0.00259436 	 0.00540257
1455 	 1745 	 0.851082 	 0.00259454 	 0.00540294
1455 	 1750 	 0.851082 	 0.00259471 	 0.0054033
1455 	 1755 	 0.851082 	 0.00259487 	 0.00540364
1455 	 1760 	 0.851083 	 0.00259504 	 0.00540398
1455 	 1765 	 0.851083 	 0.0025952 	 0.00540432
1455 	 1770 	 0.851083 	 0.00259535 	 0.00540464
1455 	 1775 	 0.851083 	 0.00259551 	 0.00540496
1455 	 1780 	 0.851083 	 0.00259566 	 0.00540528
1455 	 1785 	 0.851083 	 0.0025958 	 0.00540558
1455 	 1790 	 0.851084 	 0.00259595 	 0.00540588
1455 	 1795 	 0.851084 	 0.00259609 	 0.00540617
1455 	 1800 	 0.851084 	 0.00259623 	 0.00540646
1455 	 1805 	 0.851084 	 0.00259636 	 0.00540674
1455 	 1810 	 0.851084 	 0.00259649 	 0.00540701
1455 	 1815 	 0.851084 	 0.00259662 	 0.00540728
1455 	 1820 	 0.851084 	 0.00259675 	 0.00540754
1455 	 1825 	 0.851084 	 0.00259687 	 0.0054078
1455 	 1830 	 0.851085 	 0.00259699 	 0.00540805
1455 	 1835 	 0.851085 	 0.00259711 	 0.00540829
1455 	 1840 	 0.851085 	 0.00259722 	 0.00540853
1455 	 1845 	 0.851085 	 0.00259733 	 0.00540877
1455 	 1850 	 0.851085 	 0.00259744 	 0.00540899
1455 	 1855 	 0.851085 	 0.00259755 	 0.00540922
1455 	 1860 	 0.851085 	 0.00259766 	 0.00540944
1455 	 1865 	 0.851085 	 0.00259776 	 0.00540965
1455 	 1870 	 0.851085 	 0.00259786 	 0.00540986
1455 	 1875 	 0.851086 	 0.00259796 	 0.00541007
1455 	 1880 	 0.851086 	 0.00259805 	 0.00541027
1455 	 1885 	 0.851086 	 0.00259815 	 0.00541046
1455 	 1890 	 0.851086 	 0.00259824 	 0.00541065
1455 	 1895 	 0.851086 	 0.00259833 	 0.00541084
1455 	 1900 	 0.851086 	 0.00259842 	 0.00541103
1455 	 1905 	 0.851086 	 0.00259851 	 0.0054112
1455 	 1910 	 0.851086 	 0.00259859 	 0.00541138
1455 	 1915 	 0.851086 	 0.00259867 	 0.00541155
1455 	 1920 	 0.851086 	 0.00259875 	 0.00541172
1455 	 1925 	 0.851086 	 0.00259883 	 0.00541188
1455 	 1930 	 0.851086 	 0.00259891 	 0.00541204
1455 	 1935 	 0.851086 	 0.00259898 	 0.0054122
1455 	 1940 	 0.851087 	 0.00259906 	 0.00541235
1455 	 1945 	 0.851087 	 0.00259913 	 0.0054125
1455 	 1950 	 0.851087 	 0.0025992 	 0.00541265
1455 	 1955 	 0.851087 	 0.00259927 	 0.00541279
1455 	 1960 	 0.851087 	 0.00259934 	 0.00541293
1455 	 1965 	 0.851087 	 0.0025994 	 0.00541307
1455 	 1970 	 0.851087 	 0.00259947 	 0.0054132
1455 	 1975 	 0.851087 	 0.00259953 	 0.00541333
1455 	 1980 	 0.851087 	 0.00259959 	 0.00541346
1455 	 1985 	 0.851087 	 0.00259965 	 0.00541359
1455 	 1990 	 0.851087 	 0.00259971 	 0.00541371
1455 	 1995 	 0.851087 	 0.00259977 	 0.00541383
1455 	 2000 	 0.851087 	 0.00259982 	 0.00541395
1455 	 2005 	 0.851087 	 0.00259988 	 0.00541406
1455 	 2010 	 0.851087 	 0.00259993 	 0.00541417
1455 	 2015 	 0.851087 	 0.00259998 	 0.00541428
1455 	 2020 	 0.851087 	 0.00260003 	 0.00541439
1455 	 2025 	 0.851087 	 0.00260008 	 0.00541449
1455 	 2030 	 0.851088 	 0.00260013 	 0.0054146
1455 	 2035 	 0.851088 	 0.00260018 	 0.0054147
1455 	 2040 	 0.851088 	 0.00260023 	 0.00541479
1455 	 2045 	 0.851088 	 0.00260027 	 0.00541489
1455 	 2050 	 0.851088 	 0.00260032 	 0.00541498
1455 	 2055 	 0.851088 	 0.00260036 	 0.00541507
1455 	 2060 	 0.851088 	 0.00260041 	 0.00541516
1455 	 2065 	 0.851088 	 0.00260045 	 0.00541525
1455 	 2070 	 0.851088 	 0.00260049 	 0.00541533
1455 	 2075 	 0.851088 	 0.00260053 	 0.00541542
1455 	 2080 	 0.851088 	 0.00260057 	 0.0054155
1455 	 2085 	 0.851088 	 0.00260061 	 0.00541558
1455 	 2090 	 0.851088 	 0.00260064 	 0.00541566
1455 	 2095 	 0.851088 	 0.00260068 	 0.00541573
1455 	 2100 	 0.851088 	 0.00260072 	 0.00541581
1455 	 2105 	 0.851088 	 0.00260075 	 0.00541588
1455 	 2110 	 0.851088 	 0.00260078 	 0.00541595
1455 	 2115 	 0.851088 	 0.00260082 	 0.00541602
1455 	 2120 	 0.851088 	 0.00260085 	 0.00541609
1455 	 2125 	 0.851088 	 0.00260088 	 0.00541615
1455 	 2130 	 0.851088 	 0.00260091 	 0.00541622
1455 	 2135 	 0.851088 	 0.00260094 	 0.00541628
1455 	 2140 	 0.851088 	 0.00260097 	 0.00541634
1455 	 2145 	 0.851088 	 0.002601 	 0.00541641
1455 	 2150 	 0.851088 	 0.00260103 	 0.00541646
1455 	 2155 	 0.851088 	 0.00260106 	 0.00541652
1455 	 2160 	 0.851088 	 0.00260109 	 0.00541658
1455 	 2165 	 0.851088 	 0.00260111 	 0.00541663
1455 	 2170 	 0.851088 	 0.00260114 	 0.00541669
1455 	 2175 	 0.851088 	 0.00260116 	 0.00541674
1455 	 2180 	 0.851088 	 0.00260119 	 0.00541679
1455 	 2185 	 0.851088 	 0.00260121 	 0.00541684
1455 	 2190 	 0.851088 	 0.00260124 	 0.00541689
1455 	 2195 	 0.851088 	 0.00260126 	 0.00541694
1455 	 2200 	 0.851088 	 0.00260128 	 0.00541699
1455 	 2205 	 0.851088 	 0.0026013 	 0.00541703
1455 	 2210 	 0.851089 	 0.00260133 	 0.00541708
1455 	 2215 	 0.851089 	 0.00260135 	 0.00541712
1455 	 2220 	 0.851089 	 0.00260137 	 0.00541716
1455 	 2225 	 0.851089 	 0.00260139 	 0.00541721
1455 	 2230 	 0.851089 	 0.00260141 	 0.00541725
1455 	 2235 	 0.851089 	 0.00260143 	 0.00541729
1455 	 2240 	 0.851089 	 0.00260144 	 0.00541733
1455 	 2245 	 0.851089 	 0.00260146 	 0.00541736
1455 	 2250 	 0.851089 	 0.00260148 	 0.0054174
1455 	 2255 	 0.851089 	 0.0026015 	 0.00541744
1455 	 2260 	 0.851089 	 0.00260152 	 0.00541747
1455 	 2265 	 0.851089 	 0.00260153 	 0.00541751
1455 	 2270 	 0.851089 	 0.00260155 	 0.00541754
1455 	 2275 	 0.851089 	 0.00260156 	 0.00541758
1455 	 2280 	 0.851089 	 0.00260158 	 0.00541761
1455 	 2285 	 0.851089 	 0.0026016 	 0.00541764
1455 	 2290 	 0.851089 	 0.00260161 	 0.00541767
1455 	 2295 	 0.851089 	 0.00260163 	 0.0054177
1455 	 2300 	 0.851089 	 0.00260164 	 0.00541773
1455 	 2305 	 0.851089 	 0.00260165 	 0.00541776
1455 	 2310 	 0.851089 	 0.00260167 	 0.00541779
1455 	 2315 	 0.851089 	 0.00260168 	 0.00541782
1455 	 2320 	 0.851089 	 0.00260169 	 0.00541784
1455 	 2325 	 0.851089 	 0.00260171 	 0.00541787
1455 	 2330 	 0.851089 	 0.00260172 	 0.0054179
1455 	 2335 	 0.851089 	 0.00260173 	 0.00541792
1455 	 2340 	 0.851089 	 0.00260174 	 0.00541795
1455 	 2345 	 0.851089 	 0.00260175 	 0.00541797
1455 	 2350 	 0.851089 	 0.00260177 	 0.00541799
1455 	 2355 	 0.851089 	 0.00260178 	 0.00541802
1455 	 2360 	 0.851089 	 0.00260179 	 0.00541804
1455 	 2365 	 0.851089 	 0.0026018 	 0.00541806
1455 	 2370 	 0.851089 	 0.00260181 	 0.00541808
1455 	 2375 	 0.851089 	 0.00260182 	 0.0054181
1455 	 2380 	 0.851089 	 0.00260183 	 0.00541812
1455 	 2385 	 0.851089 	 0.00260184 	 0.00541814
1455 	 2390 	 0.851089 	 0.00260185 	 0.00541816
1455 	 2395 	 0.851089 	 0.00260186 	 0.00541818
1455 	 2400 	 0.851089 	 0.00260186 	 0.0054182
1455 	 2405 	 0.851089 	 0.00260187 	 0.00541822
1455 	 2410 	 0.851089 	 0.00260188 	 0.00541824
1455 	 2415 	 0.851089 	 0.00260189 	 0.00541825
1455 	 2420 	 0.851089 	 0.0026019 	 0.00541827
1455 	 2425 	 0.851089 	 0.00260191 	 0.00541829
1455 	 2430 	 0.851089 	 0.00260191 	 0.0054183
1455 	 2435 	 0.851089 	 0.00260192 	 0.00541832
1455 	 2440 	 0.851089 	 0.00260193 	 0.00541833
1455 	 2445 	 0.851089 	 0.00260194 	 0.00541835
1455 	 2450 	 0.851089 	 0.00260194 	 0.00541836
1455 	 2455 	 0.851089 	 0.00260195 	 0.00541838
1455 	 2460 	 0.851089 	 0.00260196 	 0.00541839
1455 	 2465 	 0.851089 	 0.00260196 	 0.00541841
1455 	 2470 	 0.851089 	 0.00260197 	 0.00541842
1455 	 2475 	 0.851089 	 0.00260198 	 0.00541843
1455 	 2480 	 0.851089 	 0.00260198 	 0.00541845
1455 	 2485 	 0.851089 	 0.00260199 	 0.00541846
1455 	 2490 	 0.851089 	 0.00260199 	 0.00541847
1455 	 2495 	 0.851089 	 0.002602 	 0.00541848
1455 	 2500 	 0.851089 	 0.00260201 	 0.00541849
1455 	 2505 	 0.851089 	 0.00260201 	 0.00541851
1455 	 2510 	 0.851089 	 0.00260202 	 0.00541852
1455 	 2515 	 0.851089 	 0.00260202 	 0.00541853
1455 	 2520 	 0.851089 	 0.00260203 	 0.00541854
1455 	 2525 	 0.851089 	 0.00260203 	 0.00541855
1455 	 2530 	 0.851089 	 0.00260204 	 0.00541856
1455 	 2535 	 0.851089 	 0.00260204 	 0.00541857
1455 	 2540 	 0.851089 	 0.00260205 	 0.00541858
1455 	 2545 	 0.851089 	 0.00260205 	 0.00541859
1455 	 2550 	 0.851089 	 0.00260205 	 0.0054186
1455 	 2555 	 0.851089 	 0.00260206 	 0.00541861
1455 	 2560 	 0.851089 	 0.00260206 	 0.00541861
1455 	 2565 	 0.851089 	 0.00260207 	 0.00541862
1455 	 2570 	 0.851089 	 0.00260207 	 0.00541863
1455 	 2575 	 0.851089 	 0.00260208 	 0.00541864
1455 	 2580 	 0.851089 	 0.00260208 	 0.00541865
1455 	 2585 	 0.851089 	 0.00260208 	 0.00541866
1455 	 2590 	 0.851089 	 0.00260209 	 0.00541866
1455 	 2595 	 0.851089 	 0.00260209 	 0.00541867
1455 	 2600 	 0.851089 	 0.00260209 	 0.00541868
1455 	 2605 	 0.851089 	 0.0026021 	 0.00541868
1455 	 2610 	 0.851089 	 0.0026021 	 0.00541869
1455 	 2615 	 0.851089 	 0.0026021 	 0.0054187
1455 	 2620 	 0.851089 	 0.00260211 	 0.0054187
1455 	 2625 	 0.851089 	 0.00260211 	 0.00541871
1455 	 2630 	 0.851089 	 0.00260211 	 0.00541872
1455 	 2635 	 0.851089 	 0.00260212 	 0.00541872
1455 	 2640 	 0.851089 	 0.00260212 	 0.00541873
1455 	 2645 	 0.851089 	 0.00260212 	 0.00541874
1455 	 2650 	 0.851089 	 0.00260212 	 0.00541874
1455 	 2655 	 0.851089 	 0.00260213 	 0.00541875
1455 	 2660 	 0.851089 	 0.00260213 	 0.00541875
1455 	 2665 	 0.851089 	 0.00260213 	 0.00541876
1455 	 2670 	 0.851089 	 0.00260213 	 0.00541876
1455 	 2675 	 0.851089 	 0.00260214 	 0.00541877
1455 	 2680 	 0.851089 	 0.00260214 	 0.00541877
1455 	 2685 	 0.851089 	 0.00260214 	 0.00541878
1455 	 2690 	 0.851089 	 0.00260214 	 0.00541878
1455 	 2695 	 0.851089 	 0.00260215 	 0.00541879
1455 	 2700 	 0.851089 	 0.00260215 	 0.00541879
1455 	 2705 	 0.851089 	 0.00260215 	 0.0054188
1455 	 2710 	 0.851089 	 0.00260215 	 0.0054188
1455 	 2715 	 0.851089 	 0.00260215 	 0.0054188
1455 	 2720 	 0.851089 	 0.00260216 	 0.00541881
1455 	 2725 	 0.851089 	 0.00260216 	 0.00541881
1455 	 2730 	 0.851089 	 0.00260216 	 0.00541882
1455 	 2735 	 0.851089 	 0.00260216 	 0.00541882
1455 	 2740 	 0.851089 	 0.00260216 	 0.00541882
1455 	 2745 	 0.851089 	 0.00260217 	 0.00541883
1455 	 2750 	 0.851089 	 0.00260217 	 0.00541883
1455 	 2755 	 0.851089 	 0.00260217 	 0.00541883
1455 	 2760 	 0.851089 	 0.00260217 	 0.00541884
1455 	 2765 	 0.851089 	 0.00260217 	 0.00541884
1455 	 2770 	 0.851089 	 0.00260217 	 0.00541884
1455 	 2775 	 0.851089 	 0.00260218 	 0.00541885
1455 	 2780 	 0.851089 	 0.00260218 	 0.00541885
1455 	 2785 	 0.851089 	 0.00260218 	 0.00541885
1455 	 2790 	 0.851089 	 0.00260218 	 0.00541886
1455 	 2795 	 0.851089 	 0.00260218 	 0.00541886
1455 	 2800 	 0.851089 	 0.00260218 	 0.00541886
1455 	 2805 	 0.851089 	 0.00260218 	 0.00541886
1455 	 2810 	 0.851089 	 0.00260218 	 0.00541887
1455 	 2815 	 0.851089 	 0.00260219 	 0.00541887
1455 	 2820 	 0.851089 	 0.00260219 	 0.00541887
1455 	 2825 	 0.851089 	 0.00260219 	 0.00541887
1455 	 2830 	 0.851089 	 0.00260219 	 0.00541888
1455 	 2835 	 0.851089 	 0.00260219 	 0.00541888
1455 	 2840 	 0.851089 	 0.00260219 	 0.00541888
1455 	 2845 	 0.851089 	 0.00260219 	 0.00541888
1455 	 2850 	 0.851089 	 0.00260219 	 0.00541889
1455 	 2855 	 0.851089 	 0.0026022 	 0.00541889
1455 	 2860 	 0.851089 	 0.0026022 	 0.00541889
1455 	 2865 	 0.851089 	 0.0026022 	 0.00541889
1455 	 2870 	 0.851089 	 0.0026022 	 0.00541889
1455 	 2875 	 0.851089 	 0.0026022 	 0.0054189
1455 	 2880 	 0.851089 	 0.0026022 	 0.0054189
1455 	 2885 	 0.851089 	 0.0026022 	 0.0054189
1455 	 2890 	 0.851089 	 0.0026022 	 0.0054189
1455 	 2895 	 0.851089 	 0.0026022 	 0.0054189
1455 	 2900 	 0.851089 	 0.0026022 	 0.00541891
1455 	 2905 	 0.851089 	 0.0026022 	 0.00541891
1455 	 2910 	 0.851089 	 0.0026022 	 0.00541891
1455 	 2915 	 0.851089 	 0.00260221 	 0.00541891
1455 	 2920 	 0.851089 	 0.00260221 	 0.00541891
1455 	 2925 	 0.851089 	 0.00260221 	 0.00541891
1455 	 2930 	 0.851089 	 0.00260221 	 0.00541891
1455 	 2935 	 0.851089 	 0.00260221 	 0.00541892
1455 	 2940 	 0.851089 	 0.00260221 	 0.00541892
1455 	 2945 	 0.851089 	 0.00260221 	 0.00541892
1455 	 2950 	 0.851089 	 0.00260221 	 0.00541892
1455 	 2955 	 0.851089 	 0.00260221 	 0.00541892
1455 	 2960 	 0.851089 	 0.00260221 	 0.00541892
1455 	 2965 	 0.851089 	 0.00260221 	 0.00541892
1455 	 2970 	 0.851089 	 0.00260221 	 0.00541893
1455 	 2975 	 0.851089 	 0.00260221 	 0.00541893
1455 	 2980 	 0.851089 	 0.00260221 	 0.00541893
1455 	 2985 	 0.851089 	 0.00260221 	 0.00541893
1455 	 2990 	 0.851089 	 0.00260221 	 0.00541893
1455 	 2995 	 0.851089 	 0.00260222 	 0.00541893
1455 	 3000 	 0.851089 	 0.00260222 	 0.00541893
1455 	 3005 	 0.851089 	 0.00260222 	 0.00541893
1455 	 3010 	 0.851089 	 0.00260222 	 0.00541893
1455 	 3015 	 0.851089 	 0.00260222 	 0.00541894
1455 	 3020 	 0.851089 	 0.00260222 	 0.00541894
1455 	 3025 	 0.851089 	 0.00260222 	 0.00541894
1455 	 3030 	 0.851089 	 0.00260222 	 0.00541894
1455 	 3035 	 0.851089 	 0.00260222 	 0.00541894
1455 	 3040 	 0.851089 	 0.00260222 	 0.00541894
1455 	 3045 	 0.851089 	 0.00260222 	 0.00541894
1455 	 3050 	 0.851089 	 0.00260222 	 0.00541894
1455 	 3055 	 0.851089 	 0.00260222 	 0.00541894
1455 	 3060 	 0.851089 	 0.00260222 	 0.00541894
1455 	 3065 	 0.851089 	 0.00260222 	 0.00541894
1455 	 3070 	 0.851089 	 0.00260222 	 0.00541894
1455 	 3075 	 0.851089 	 0.00260222 	 0.00541895
1455 	 3080 	 0.851089 	 0.00260222 	 0.00541895
1455 	 3085 	 0.851089 	 0.00260222 	 0.00541895
1455 	 3090 	 0.851089 	 0.00260222 	 0.00541895
1455 	 3095 	 0.851089 	 0.00260222 	 0.00541895
1455 	 3100 	 0.851089 	 0.00260222 	 0.00541895
1455 	 3105 	 0.851089 	 0.00260222 	 0.00541895
1455 	 3110 	 0.851089 	 0.00260222 	 0.00541895
1455 	 3115 	 0.851089 	 0.00260222 	 0.00541895
1455 	 3120 	 0.851089 	 0.00260222 	 0.00541895
1455 	 3125 	 0.851089 	 0.00260223 	 0.00541895
1455 	 3130 	 0.851089 	 0.00260223 	 0.00541895
1455 	 3135 	 0.851089 	 0.00260223 	 0.00541895
1455 	 3140 	 0.851089 	 0.00260223 	 0.00541895
1455 	 3145 	 0.851089 	 0.00260223 	 0.00541895
1455 	 3150 	 0.851089 	 0.00260223 	 0.00541895
1455 	 3155 	 0.851089 	 0.00260223 	 0.00541895
1455 	 3160 	 0.851089 	 0.00260223 	 0.00541895
1455 	 3165 	 0.851089 	 0.00260223 	 0.00541896
1455 	 3170 	 0.851089 	 0.00260223 	 0.00541896
1455 	 3175 	 0.851089 	 0.00260223 	 0.00541896
1455 	 3180 	 0.851089 	 0.00260223 	 0.00541896
1455 	 3185 	 0.851089 	 0.00260223 	 0.00541896
1455 	 3190 	 0.851089 	 0.00260223 	 0.00541896
1455 	 3195 	 0.851089 	 0.00260223 	 0.00541896
1455 	 3200 	 0.851089 	 0.00260223 	 0.00541896
1455 	 3205 	 0.851089 	 0.00260223 	 0.00541896
1455 	 3210 	 0.851089 	 0.00260223 	 0.00541896
1455 	 3215 	 0.851089 	 0.00260223 	 0.00541896
1455 	 3220 	 0.851089 	 0.00260223 	 0.00541896
1455 	 3225 	 0.851089 	 0.00260223 	 0.00541896
1455 	 3230 	 0.851089 	 0.00260223 	 0.00541896
1455 	 3235 	 0.851089 	 0.00260223 	 0.00541896
1455 	 3240 	 0.851089 	 0.00260223 	 0.00541896
1455 	 3245 	 0.851089 	 0.00260223 	 0.00541896
1455 	 3250 	 0.851089 	 0.00260223 	 0.00541896
1455 	 3255 	 0.851089 	 0.00260223 	 0.00541896
1455 	 3260 	 0.851089 	 0.00260223 	 0.00541896
1455 	 3265 	 0.851089 	 0.00260223 	 0.00541896
1455 	 3270 	 0.851089 	 0.00260223 	 0.00541896
1455 	 3275 	 0.851089 	 0.00260223 	 0.00541896
1455 	 3280 	 0.851089 	 0.00260223 	 0.00541896
1455 	 3285 	 0.851089 	 0.00260223 	 0.00541896
1455 	 3290 	 0.851089 	 0.00260223 	 0.00541896
1455 	 3295 	 0.851089 	 0.00260223 	 0.00541896
1455 	 3300 	 0.851089 	 0.00260223 	 0.00541896
1455 	 3305 	 0.851089 	 0.00260223 	 0.00541896
1455 	 3310 	 0.851089 	 0.00260223 	 0.00541896
1455 	 3315 	 0.851089 	 0.00260223 	 0.00541896
1455 	 3320 	 0.851089 	 0.00260223 	 0.00541897
1455 	 3325 	 0.851089 	 0.00260223 	 0.00541897
1455 	 3330 	 0.851089 	 0.00260223 	 0.00541897
1455 	 3335 	 0.851089 	 0.00260223 	 0.00541897
1455 	 3340 	 0.851089 	 0.00260223 	 0.00541897
1455 	 3345 	 0.851089 	 0.00260223 	 0.00541897
1455 	 3350 	 0.851089 	 0.00260223 	 0.00541897
1455 	 3355 	 0.851089 	 0.00260223 	 0.00541897
1455 	 3360 	 0.851089 	 0.00260223 	 0.00541897
1455 	 3365 	 0.851089 	 0.00260223 	 0.00541897
1455 	 3370 	 0.851089 	 0.00260223 	 0.00541897
1455 	 3375 	 0.851089 	 0.00260223 	 0.00541897
1455 	 3380 	 0.851089 	 0.00260223 	 0.00541897
1455 	 3385 	 0.851089 	 0.00260223 	 0.00541897
1455 	 3390 	 0.851089 	 0.00260223 	 0.00541897
1455 	 3395 	 0.851089 	 0.00260223 	 0.00541897
1455 	 3400 	 0.851089 	 0.00260223 	 0.00541897
1455 	 3405 	 0.851089 	 0.00260223 	 0.00541897
1455 	 3410 	 0.851089 	 0.00260223 	 0.00541897
1455 	 3415 	 0.851089 	 0.00260223 	 0.00541897
1455 	 3420 	 0.851089 	 0.00260223 	 0.00541897
1455 	 3425 	 0.851089 	 0.00260223 	 0.00541897
1455 	 3430 	 0.851089 	 0.00260223 	 0.00541897
1455 	 3435 	 0.851089 	 0.00260223 	 0.00541897
1455 	 3440 	 0.851089 	 0.00260223 	 0.00541897
1455 	 3445 	 0.851089 	 0.00260223 	 0.00541897
1455 	 3450 	 0.851089 	 0.00260223 	 0.00541897
1455 	 3455 	 0.851089 	 0.00260223 	 0.00541897
1455 	 3460 	 0.851089 	 0.00260223 	 0.00541897
1455 	 3465 	 0.851089 	 0.00260223 	 0.00541897
1455 	 3470 	 0.851089 	 0.00260223 	 0.00541897
1455 	 3475 	 0.851089 	 0.00260223 	 0.00541897
1455 	 3480 	 0.851089 	 0.00260223 	 0.00541897
1455 	 3485 	 0.851089 	 0.00260223 	 0.00541897
1455 	 3490 	 0.851089 	 0.00260223 	 0.00541897
1455 	 3495 	 0.851089 	 0.00260223 	 0.00541897
1455 	 3500 	 0.851089 	 0.00260223 	 0.00541897
1455 	 3505 	 0.851089 	 0.00260223 	 0.00541897
1455 	 3510 	 0.851089 	 0.00260223 	 0.00541897
1455 	 3515 	 0.851089 	 0.00260223 	 0.00541897
1455 	 3520 	 0.851089 	 0.00260223 	 0.00541897
1455 	 3525 	 0.851089 	 0.00260223 	 0.00541897
1455 	 3530 	 0.851089 	 0.00260223 	 0.00541897
1455 	 3535 	 0.851089 	 0.00260223 	 0.00541897
1455 	 3540 	 0.851089 	 0.00260223 	 0.00541897
1455 	 3545 	 0.851089 	 0.00260223 	 0.00541897
1455 	 3550 	 0.851089 	 0.00260223 	 0.00541897
1455 	 3555 	 0.851089 	 0.00260223 	 0.00541897
1455 	 3560 	 0.851089 	 0.00260223 	 0.00541897
1455 	 3565 	 0.851089 	 0.00260223 	 0.00541897
1455 	 3570 	 0.851089 	 0.00260223 	 0.00541897
1455 	 3575 	 0.851089 	 0.00260223 	 0.00541897
1455 	 3580 	 0.851089 	 0.00260223 	 0.00541897
1455 	 3585 	 0.851089 	 0.00260223 	 0.00541897
1455 	 3590 	 0.851089 	 0.00260223 	 0.00541897
1455 	 3595 	 0.851089 	 0.00260223 	 0.00541897
1455 	 3600 	 0.851089 	 0.00260223 	 0.00541897
1455 	 3605 	 0.851089 	 0.00260223 	 0.00541897
1455 	 3610 	 0.851089 	 0.00260223 	 0.00541897
1455 	 3615 	 0.851089 	 0.00260223 	 0.00541897
1455 	 3620 	 0.851089 	 0.00260223 	 0.00541897
1455 	 3625 	 0.851089 	 0.00260223 	 0.00541897
1455 	 3630 	 0.851089 	 0.00260223 	 0.00541897
1455 	 3635 	 0.851089 	 0.00260223 	 0.00541897
1455 	 3640 	 0.851089 	 0.00260223 	 0.00541897
1455 	 3645 	 0.851089 	 0.00260223 	 0.00541897
1455 	 3650 	 0.851089 	 0.00260223 	 0.00541897
1455 	 3655 	 0.851089 	 0.00260223 	 0.00541897
1455 	 3660 	 0.851089 	 0.00260223 	 0.00541897
1455 	 3665 	 0.851089 	 0.00260223 	 0.00541897
1455 	 3670 	 0.851089 	 0.00260223 	 0.00541897
1455 	 3675 	 0.851089 	 0.00260223 	 0.00541897
1455 	 3680 	 0.851089 	 0.00260223 	 0.00541897
1455 	 3685 	 0.851089 	 0.00260223 	 0.00541897
1455 	 3690 	 0.851089 	 0.00260224 	 0.00541897
1455 	 3695 	 0.851089 	 0.00260224 	 0.00541897
1455 	 3700 	 0.851089 	 0.00260224 	 0.00541897
1455 	 3705 	 0.851089 	 0.00260224 	 0.00541897
1455 	 3710 	 0.851089 	 0.00260224 	 0.00541897
1455 	 3715 	 0.851089 	 0.00260224 	 0.00541897
1455 	 3720 	 0.851089 	 0.00260224 	 0.00541897
1455 	 3725 	 0.851089 	 0.00260224 	 0.00541897
1455 	 3730 	 0.851089 	 0.00260224 	 0.00541897
1455 	 3735 	 0.851089 	 0.00260224 	 0.00541897
1455 	 3740 	 0.851089 	 0.00260224 	 0.00541897
1455 	 3745 	 0.851089 	 0.00260224 	 0.00541897
1455 	 3750 	 0.851089 	 0.00260224 	 0.00541897
1455 	 3755 	 0.851089 	 0.00260224 	 0.00541897
1455 	 3760 	 0.851089 	 0.00260224 	 0.00541897
1455 	 3765 	 0.851089 	 0.00260224 	 0.00541897
1455 	 3770 	 0.851089 	 0.00260224 	 0.00541897
1455 	 3775 	 0.851089 	 0.00260224 	 0.00541897
1455 	 3780 	 0.851089 	 0.00260224 	 0.00541897
1455 	 3785 	 0.851089 	 0.00260224 	 0.00541897
1455 	 3790 	 0.851089 	 0.00260224 	 0.00541897
1455 	 3795 	 0.851089 	 0.00260224 	 0.00541897
1455 	 3800 	 0.851089 	 0.00260224 	 0.00541897
1455 	 3805 	 0.851089 	 0.00260224 	 0.00541897
1455 	 3810 	 0.851089 	 0.00260224 	 0.00541897
1455 	 3815 	 0.851089 	 0.00260224 	 0.00541897
1455 	 3820 	 0.851089 	 0.00260224 	 0.00541897
1455 	 3825 	 0.851089 	 0.00260224 	 0.00541897
1455 	 3830 	 0.851089 	 0.00260224 	 0.00541897
1455 	 3835 	 0.851089 	 0.00260224 	 0.00541897
1455 	 3840 	 0.851089 	 0.00260224 	 0.00541897
1455 	 3845 	 0.851089 	 0.00260224 	 0.00541897
1455 	 3850 	 0.851089 	 0.00260224 	 0.00541897
1455 	 3855 	 0.851089 	 0.00260224 	 0.00541897
1455 	 3860 	 0.851089 	 0.00260224 	 0.00541897
1455 	 3865 	 0.851089 	 0.00260224 	 0.00541897
1455 	 3870 	 0.851089 	 0.00260224 	 0.00541897
1455 	 3875 	 0.851089 	 0.00260224 	 0.00541897
1455 	 3880 	 0.851089 	 0.00260224 	 0.00541897
1455 	 3885 	 0.851089 	 0.00260224 	 0.00541897
1455 	 3890 	 0.851089 	 0.00260224 	 0.00541897
1455 	 3895 	 0.851089 	 0.00260224 	 0.00541897
1455 	 3900 	 0.851089 	 0.00260224 	 0.00541897
1455 	 3905 	 0.851089 	 0.00260224 	 0.00541897
1455 	 3910 	 0.851089 	 0.00260224 	 0.00541897
1455 	 3915 	 0.851089 	 0.00260224 	 0.00541897
1455 	 3920 	 0.851089 	 0.00260224 	 0.00541897
1455 	 3925 	 0.851089 	 0.00260224 	 0.00541897
1455 	 3930 	 0.851089 	 0.00260224 	 0.00541897
1455 	 3935 	 0.851089 	 0.00260224 	 0.00541897
1455 	 3940 	 0.851089 	 0.00260224 	 0.00541897
1455 	 3945 	 0.851089 	 0.00260224 	 0.00541897
1455 	 3950 	 0.851089 	 0.00260224 	 0.00541897
1455 	 3955 	 0.851089 	 0.00260224 	 0.00541897
1455 	 3960 	 0.851089 	 0.00260224 	 0.00541897
1455 	 3965 	 0.851089 	 0.00260224 	 0.00541897
1455 	 3970 	 0.851089 	 0.00260224 	 0.00541897
1455 	 3975 	 0.851089 	 0.00260224 	 0.00541897
1455 	 3980 	 0.851089 	 0.00260224 	 0.00541897
1455 	 3985 	 0.851089 	 0.00260224 	 0.00541897
1455 	 3990 	 0.851089 	 0.00260224 	 0.00541897
1455 	 3995 	 0.851089 	 0.00260224 	 0.00541897
1455 	 4000 	 0.851089 	 0.00260224 	 0.00541897
1455 	 4005 	 0.851089 	 0.00260224 	 0.00541897
1455 	 4010 	 0.851089 	 0.00260224 	 0.00541897
1455 	 4015 	 0.851089 	 0.00260224 	 0.00541897
1455 	 4020 	 0.851089 	 0.00260224 	 0.00541897
1455 	 4025 	 0.851089 	 0.00260224 	 0.00541897
1455 	 4030 	 0.851089 	 0.00260224 	 0.00541897
1455 	 4035 	 0.851089 	 0.00260224 	 0.00541897
1455 	 4040 	 0.851089 	 0.00260224 	 0.00541897
1455 	 4045 	 0.851089 	 0.00260224 	 0.00541897
1455 	 4050 	 0.851089 	 0.00260224 	 0.00541897
1455 	 4055 	 0.851089 	 0.00260224 	 0.00541897
1455 	 4060 	 0.851089 	 0.00260224 	 0.00541897
1455 	 4065 	 0.851089 	 0.00260224 	 0.00541897
1455 	 4070 	 0.851089 	 0.00260224 	 0.00541897
1455 	 4075 	 0.851089 	 0.00260224 	 0.00541897
1455 	 4080 	 0.851089 	 0.00260224 	 0.00541897
1455 	 4085 	 0.851089 	 0.00260224 	 0.00541897
1455 	 4090 	 0.851089 	 0.00260224 	 0.00541897
1455 	 4095 	 0.851089 	 0.00260224 	 0.00541897
1455 	 4100 	 0.851089 	 0.00260224 	 0.00541897
1455 	 4105 	 0.851089 	 0.00260224 	 0.00541897
1455 	 4110 	 0.851089 	 0.00260224 	 0.00541897
1455 	 4115 	 0.851089 	 0.00260224 	 0.00541897
1455 	 4120 	 0.851089 	 0.00260224 	 0.00541897
1455 	 4125 	 0.851089 	 0.00260224 	 0.00541897
1455 	 4130 	 0.851089 	 0.00260224 	 0.00541897
1455 	 4135 	 0.851089 	 0.00260224 	 0.00541897
1455 	 4140 	 0.851089 	 0.00260224 	 0.00541897
1455 	 4145 	 0.851089 	 0.00260224 	 0.00541897
1455 	 4150 	 0.851089 	 0.00260224 	 0.00541897
1455 	 4155 	 0.851089 	 0.00260224 	 0.00541897
1455 	 4160 	 0.851089 	 0.00260224 	 0.00541897
1455 	 4165 	 0.851089 	 0.00260224 	 0.00541897
1455 	 4170 	 0.851089 	 0.00260224 	 0.00541897
1455 	 4175 	 0.851089 	 0.00260224 	 0.00541897
1455 	 4180 	 0.851089 	 0.00260224 	 0.00541897
1455 	 4185 	 0.851089 	 0.00260224 	 0.00541897
1455 	 4190 	 0.851089 	 0.00260224 	 0.00541897
1455 	 4195 	 0.851089 	 0.00260224 	 0.00541897
1455 	 4200 	 0.851089 	 0.00260224 	 0.00541897
1455 	 4205 	 0.851089 	 0.00260224 	 0.00541897
1455 	 4210 	 0.851089 	 0.00260224 	 0.00541897
1455 	 4215 	 0.851089 	 0.00260224 	 0.00541897
1455 	 4220 	 0.851089 	 0.00260224 	 0.00541897
1455 	 4225 	 0.851089 	 0.00260224 	 0.00541897
1455 	 4230 	 0.851089 	 0.00260224 	 0.00541897
1455 	 4235 	 0.851089 	 0.00260224 	 0.00541897
1455 	 4240 	 0.851089 	 0.00260224 	 0.00541897
1455 	 4245 	 0.851089 	 0.00260224 	 0.00541897
1455 	 4250 	 0.851089 	 0.00260224 	 0.00541897
1455 	 4255 	 0.851089 	 0.00260224 	 0.00541897
1455 	 4260 	 0.851089 	 0.00260224 	 0.00541897
1455 	 4265 	 0.851089 	 0.00260224 	 0.00541897
1455 	 4270 	 0.851089 	 0.00260224 	 0.00541897
1455 	 4275 	 0.851089 	 0.00260224 	 0.00541897
1455 	 4280 	 0.851089 	 0.00260224 	 0.00541897
1455 	 4285 	 0.851089 	 0.00260224 	 0.00541897
1455 	 4290 	 0.851089 	 0.00260224 	 0.00541897
1455 	 4295 	 0.851089 	 0.00260224 	 0.00541897
1455 	 4300 	 0.851089 	 0.00260224 	 0.00541897
1455 	 4305 	 0.851089 	 0.00260224 	 0.00541897
1455 	 4310 	 0.851089 	 0.00260224 	 0.00541897
1455 	 4315 	 0.851089 	 0.00260224 	 0.00541897
1455 	 4320 	 0.851089 	 0.00260224 	 0.00541897
1455 	 4325 	 0.851089 	 0.00260224 	 0.00541897
1455 	 4330 	 0.851089 	 0.00260224 	 0.00541897
1455 	 4335 	 0.851089 	 0.00260224 	 0.00541897
1455 	 4340 	 0.851089 	 0.00260224 	 0.00541897
1455 	 4345 	 0.851089 	 0.00260224 	 0.00541897
1455 	 4350 	 0.851089 	 0.00260224 	 0.00541897
1455 	 4355 	 0.851089 	 0.00260224 	 0.00541897
1455 	 4360 	 0.851089 	 0.00260224 	 0.00541897
1455 	 4365 	 0.851089 	 0.00260224 	 0.00541897
1455 	 4370 	 0.851089 	 0.00260224 	 0.00541897
1455 	 4375 	 0.851089 	 0.00260224 	 0.00541897
1455 	 4380 	 0.851089 	 0.00260224 	 0.00541897
1455 	 4385 	 0.851089 	 0.00260224 	 0.00541897
1455 	 4390 	 0.851089 	 0.00260224 	 0.00541897
1455 	 4395 	 0.851089 	 0.00260224 	 0.00541897
1455 	 4400 	 0.851089 	 0.00260224 	 0.00541897
1455 	 4405 	 0.851089 	 0.00260224 	 0.00541897
1455 	 4410 	 0.851089 	 0.00260224 	 0.00541897
1455 	 4415 	 0.851089 	 0.00260224 	 0.00541897
1455 	 4420 	 0.851089 	 0.00260224 	 0.00541897
1455 	 4425 	 0.851089 	 0.00260224 	 0.00541897
1455 	 4430 	 0.851089 	 0.00260224 	 0.00541897
1455 	 4435 	 0.851089 	 0.00260224 	 0.00541897
1455 	 4440 	 0.851089 	 0.00260224 	 0.00541897
1455 	 4445 	 0.851089 	 0.00260224 	 0.00541897
1455 	 4450 	 0.851089 	 0.00260224 	 0.00541897
1455 	 4455 	 0.851089 	 0.00260224 	 0.00541897
1455 	 4460 	 0.851089 	 0.00260224 	 0.00541897
1455 	 4465 	 0.851089 	 0.00260224 	 0.00541897
1455 	 4470 	 0.851089 	 0.00260224 	 0.00541897
1455 	 4475 	 0.851089 	 0.00260224 	 0.00541897
1455 	 4480 	 0.851089 	 0.00260224 	 0.00541897
1455 	 4485 	 0.851089 	 0.00260224 	 0.00541897
1455 	 4490 	 0.851089 	 0.00260224 	 0.00541897
1455 	 4495 	 0.851089 	 0.00260224 	 0.00541897
1455 	 4500 	 0.851089 	 0.00260224 	 0.00541897
1455 	 4505 	 0.851089 	 0.00260224 	 0.00541897
1455 	 4510 	 0.851089 	 0.00260224 	 0.00541897
1455 	 4515 	 0.851089 	 0.00260224 	 0.00541897
1455 	 4520 	 0.851089 	 0.00260224 	 0.00541897
1455 	 4525 	 0.851089 	 0.00260224 	 0.00541897
1455 	 4530 	 0.851089 	 0.00260224 	 0.00541897
1455 	 4535 	 0.851089 	 0.00260224 	 0.00541897
1455 	 4540 	 0.851089 	 0.00260224 	 0.00541897
1455 	 4545 	 0.851089 	 0.00260224 	 0.00541897
1455 	 4550 	 0.851089 	 0.00260224 	 0.00541897
1455 	 4555 	 0.851089 	 0.00260224 	 0.00541897
1455 	 4560 	 0.851089 	 0.00260224 	 0.00541897
1455 	 4565 	 0.851089 	 0.00260224 	 0.00541897
1455 	 4570 	 0.851089 	 0.00260224 	 0.00541897
1455 	 4575 	 0.851089 	 0.00260224 	 0.00541897
1455 	 4580 	 0.851089 	 0.00260224 	 0.00541897
1455 	 4585 	 0.851089 	 0.00260224 	 0.00541897
1455 	 4590 	 0.851089 	 0.00260224 	 0.00541897
1455 	 4595 	 0.851089 	 0.00260224 	 0.00541897
1455 	 4600 	 0.851089 	 0.00260224 	 0.00541897
1455 	 4605 	 0.851089 	 0.00260224 	 0.00541897
1455 	 4610 	 0.851089 	 0.00260224 	 0.00541897
1455 	 4615 	 0.851089 	 0.00260224 	 0.00541897
1455 	 4620 	 0.851089 	 0.00260224 	 0.00541897
1455 	 4625 	 0.851089 	 0.00260224 	 0.00541897
1455 	 4630 	 0.851089 	 0.00260224 	 0.00541897
1455 	 4635 	 0.851089 	 0.00260224 	 0.00541897
1455 	 4640 	 0.851089 	 0.00260224 	 0.00541897
1455 	 4645 	 0.851089 	 0.00260224 	 0.00541897
1455 	 4650 	 0.851089 	 0.00260224 	 0.00541897
1455 	 4655 	 0.851089 	 0.00260224 	 0.00541897
1455 	 4660 	 0.851089 	 0.00260224 	 0.00541897
1455 	 4665 	 0.851089 	 0.00260224 	 0.00541897
1455 	 4670 	 0.851089 	 0.00260224 	 0.00541897
1455 	 4675 	 0.851089 	 0.00260224 	 0.00541897
1455 	 4680 	 0.851089 	 0.00260224 	 0.00541897
1455 	 4685 	 0.851089 	 0.00260224 	 0.00541897
1455 	 4690 	 0.851089 	 0.00260224 	 0.00541897
1455 	 4695 	 0.851089 	 0.00260224 	 0.00541897
1455 	 4700 	 0.851089 	 0.00260224 	 0.00541897
1455 	 4705 	 0.851089 	 0.00260224 	 0.00541897
1455 	 4710 	 0.851089 	 0.00260224 	 0.00541897
1455 	 4715 	 0.851089 	 0.00260224 	 0.00541897
1455 	 4720 	 0.851089 	 0.00260224 	 0.00541897
1455 	 4725 	 0.851089 	 0.00260224 	 0.00541897
1455 	 4730 	 0.851089 	 0.00260224 	 0.00541897
1455 	 4735 	 0.851089 	 0.00260224 	 0.00541897
1455 	 4740 	 0.851089 	 0.00260224 	 0.00541897
1455 	 4745 	 0.851089 	 0.00260224 	 0.00541897
1455 	 4750 	 0.851089 	 0.00260224 	 0.00541897
1455 	 4755 	 0.851089 	 0.00260224 	 0.00541897
1455 	 4760 	 0.851089 	 0.00260224 	 0.00541897
1455 	 4765 	 0.851089 	 0.00260224 	 0.00541897
1455 	 4770 	 0.851089 	 0.00260224 	 0.00541897
1455 	 4775 	 0.851089 	 0.00260224 	 0.00541897
1455 	 4780 	 0.851089 	 0.00260224 	 0.00541897
1455 	 4785 	 0.851089 	 0.00260224 	 0.00541897
1455 	 4790 	 0.851089 	 0.00260224 	 0.00541897
1455 	 4795 	 0.851089 	 0.00260224 	 0.00541897
1455 	 4800 	 0.851089 	 0.00260224 	 0.00541897
1455 	 4805 	 0.851089 	 0.00260224 	 0.00541897
1455 	 4810 	 0.851089 	 0.00260224 	 0.00541897
1455 	 4815 	 0.851089 	 0.00260224 	 0.00541897
1455 	 4820 	 0.851089 	 0.00260224 	 0.00541897
1455 	 4825 	 0.851089 	 0.00260224 	 0.00541897
1455 	 4830 	 0.851089 	 0.00260224 	 0.00541897
1455 	 4835 	 0.851089 	 0.00260224 	 0.00541897
1455 	 4840 	 0.851089 	 0.00260224 	 0.00541897
1455 	 4845 	 0.851089 	 0.00260224 	 0.00541897
1455 	 4850 	 0.851089 	 0.00260224 	 0.00541897
1455 	 4855 	 0.851089 	 0.00260224 	 0.00541897
1455 	 4860 	 0.851089 	 0.00260224 	 0.00541897
1455 	 4865 	 0.851089 	 0.00260224 	 0.00541897
1455 	 4870 	 0.851089 	 0.00260224 	 0.00541897
1455 	 4875 	 0.851089 	 0.00260224 	 0.00541897
1455 	 4880 	 0.851089 	 0.00260224 	 0.00541897
1455 	 4885 	 0.851089 	 0.00260224 	 0.00541897
1455 	 4890 	 0.851089 	 0.00260224 	 0.00541897
1455 	 4895 	 0.851089 	 0.00260224 	 0.00541897
1455 	 4900 	 0.851089 	 0.00260224 	 0.00541897
1455 	 4905 	 0.851089 	 0.00260224 	 0.00541897
1455 	 4910 	 0.851089 	 0.00260224 	 0.00541897
1455 	 4915 	 0.851089 	 0.00260224 	 0.00541897
1455 	 4920 	 0.851089 	 0.00260224 	 0.00541897
1455 	 4925 	 0.851089 	 0.00260224 	 0.00541897
1455 	 4930 	 0.851089 	 0.00260224 	 0.00541897
1455 	 4935 	 0.851089 	 0.00260224 	 0.00541897
1455 	 4940 	 0.851089 	 0.00260224 	 0.00541897
1455 	 4945 	 0.851089 	 0.00260224 	 0.00541897
1455 	 4950 	 0.851089 	 0.00260224 	 0.00541897
1455 	 4955 	 0.851089 	 0.00260224 	 0.00541897
1455 	 4960 	 0.851089 	 0.00260224 	 0.00541897
1455 	 4965 	 0.851089 	 0.00260224 	 0.00541897
1455 	 4970 	 0.851089 	 0.00260224 	 0.00541897
1455 	 4975 	 0.851089 	 0.00260224 	 0.00541897
1455 	 4980 	 0.851089 	 0.00260224 	 0.00541897
1455 	 4985 	 0.851089 	 0.00260224 	 0.00541897
1455 	 4990 	 0.851089 	 0.00260224 	 0.00541897
1455 	 4995 	 0.851089 	 0.00260224 	 0.00541897
1455 	 5000 	 0.851089 	 0.00260224 	 0.00541897
