1020 	 5 	 0.885104 	 0.00310663 	 0.00646934
1020 	 10 	 0.885424 	 0.00294029 	 0.00612294
1020 	 15 	 0.886158 	 0.00262422 	 0.00546476
1020 	 20 	 0.887803 	 0.00208487 	 0.00434159
1020 	 25 	 0.891294 	 0.00138329 	 0.00288061
1020 	 30 	 0.897917 	 0.00105343 	 0.00219369
1020 	 35 	 0.908173 	 0.00108075 	 0.00225059
1020 	 40 	 0.920314 	 0.000953443 	 0.00198548
1020 	 45 	 0.93057 	 0.000889452 	 0.00185222
1020 	 50 	 0.937107 	 0.000775233 	 0.00161437
1020 	 55 	 0.940717 	 0.000626675 	 0.00130501
1020 	 60 	 0.942666 	 0.0005583 	 0.00116262
1020 	 65 	 0.943802 	 0.000532653 	 0.00110921
1020 	 70 	 0.944559 	 0.000506786 	 0.00105535
1020 	 75 	 0.94514 	 0.000475229 	 0.000989631
1020 	 80 	 0.945636 	 0.000444916 	 0.000926507
1020 	 85 	 0.946084 	 0.000422308 	 0.000879428
1020 	 90 	 0.946503 	 0.000410664 	 0.000855179
1020 	 95 	 0.9469 	 0.00041028 	 0.000854379
1020 	 100 	 0.947278 	 0.000419503 	 0.000873585
1020 	 105 	 0.947641 	 0.000435861 	 0.000907649
1020 	 110 	 0.947989 	 0.000456899 	 0.00095146
1020 	 115 	 0.948322 	 0.000480593 	 0.0010008
1020 	 120 	 0.948642 	 0.000505432 	 0.00105253
1020 	 125 	 0.948949 	 0.000530358 	 0.00110443
1020 	 130 	 0.949244 	 0.000554661 	 0.00115504
1020 	 135 	 0.949527 	 0.000577881 	 0.0012034
1020 	 140 	 0.949798 	 0.000599735 	 0.00124891
1020 	 145 	 0.950059 	 0.00062006 	 0.00129123
1020 	 150 	 0.950309 	 0.00063878 	 0.00133022
1020 	 155 	 0.950549 	 0.000655876 	 0.00136582
1020 	 160 	 0.950779 	 0.000671366 	 0.00139807
1020 	 165 	 0.951 	 0.000685298 	 0.00142708
1020 	 170 	 0.951212 	 0.000697735 	 0.00145298
1020 	 175 	 0.951415 	 0.000708753 	 0.00147593
1020 	 180 	 0.951611 	 0.000718435 	 0.00149609
1020 	 185 	 0.951798 	 0.000726868 	 0.00151365
1020 	 190 	 0.951978 	 0.000734138 	 0.00152879
1020 	 195 	 0.95215 	 0.000740334 	 0.00154169
1020 	 200 	 0.952316 	 0.000745542 	 0.00155254
1020 	 205 	 0.952475 	 0.000749845 	 0.0015615
1020 	 210 	 0.952628 	 0.000753326 	 0.00156875
1020 	 215 	 0.952774 	 0.000756062 	 0.00157445
1020 	 220 	 0.952915 	 0.000758128 	 0.00157875
1020 	 225 	 0.953049 	 0.000759593 	 0.0015818
1020 	 230 	 0.953179 	 0.000760527 	 0.00158374
1020 	 235 	 0.953303 	 0.000760991 	 0.00158471
1020 	 240 	 0.953422 	 0.000761045 	 0.00158482
1020 	 245 	 0.953537 	 0.000760745 	 0.0015842
1020 	 250 	 0.953647 	 0.000760143 	 0.00158294
1020 	 255 	 0.953752 	 0.000759286 	 0.00158116
1020 	 260 	 0.953853 	 0.000758221 	 0.00157894
1020 	 265 	 0.95395 	 0.000756987 	 0.00157637
1020 	 270 	 0.954043 	 0.000755623 	 0.00157353
1020 	 275 	 0.954133 	 0.000754163 	 0.00157049
1020 	 280 	 0.954218 	 0.00075264 	 0.00156732
1020 	 285 	 0.954301 	 0.000751082 	 0.00156408
1020 	 290 	 0.95438 	 0.000749515 	 0.00156081
1020 	 295 	 0.954455 	 0.000747961 	 0.00155758
1020 	 300 	 0.954528 	 0.000746442 	 0.00155441
1020 	 305 	 0.954598 	 0.000744975 	 0.00155136
1020 	 310 	 0.954665 	 0.000743576 	 0.00154844
1020 	 315 	 0.954729 	 0.000742259 	 0.0015457
1020 	 320 	 0.954791 	 0.000741035 	 0.00154315
1020 	 325 	 0.95485 	 0.000739915 	 0.00154082
1020 	 330 	 0.954907 	 0.000738905 	 0.00153872
1020 	 335 	 0.954962 	 0.000738012 	 0.00153686
1020 	 340 	 0.955014 	 0.000737242 	 0.00153525
1020 	 345 	 0.955064 	 0.000736597 	 0.00153391
1020 	 350 	 0.955113 	 0.000736079 	 0.00153283
1020 	 355 	 0.955159 	 0.000735689 	 0.00153202
1020 	 360 	 0.955203 	 0.000735428 	 0.00153148
1020 	 365 	 0.955246 	 0.000735294 	 0.0015312
1020 	 370 	 0.955287 	 0.000735286 	 0.00153118
1020 	 375 	 0.955326 	 0.0007354 	 0.00153142
1020 	 380 	 0.955364 	 0.000735635 	 0.00153191
1020 	 385 	 0.9554 	 0.000735985 	 0.00153264
1020 	 390 	 0.955435 	 0.000736447 	 0.0015336
1020 	 395 	 0.955468 	 0.000737017 	 0.00153479
1020 	 400 	 0.9555 	 0.00073769 	 0.00153619
1020 	 405 	 0.95553 	 0.00073846 	 0.00153779
1020 	 410 	 0.95556 	 0.000739322 	 0.00153959
1020 	 415 	 0.955588 	 0.000740271 	 0.00154156
1020 	 420 	 0.955615 	 0.000741302 	 0.00154371
1020 	 425 	 0.955641 	 0.000742409 	 0.00154601
1020 	 430 	 0.955666 	 0.000743586 	 0.00154847
1020 	 435 	 0.95569 	 0.000744829 	 0.00155105
1020 	 440 	 0.955713 	 0.000746132 	 0.00155377
1020 	 445 	 0.955735 	 0.000747489 	 0.00155659
1020 	 450 	 0.955756 	 0.000748895 	 0.00155952
1020 	 455 	 0.955777 	 0.000750346 	 0.00156254
1020 	 460 	 0.955796 	 0.000751837 	 0.00156565
1020 	 465 	 0.955815 	 0.000753363 	 0.00156882
1020 	 470 	 0.955833 	 0.000754919 	 0.00157207
1020 	 475 	 0.95585 	 0.000756501 	 0.00157536
1020 	 480 	 0.955867 	 0.000758105 	 0.0015787
1020 	 485 	 0.955883 	 0.000759728 	 0.00158208
1020 	 490 	 0.955898 	 0.000761365 	 0.00158549
1020 	 495 	 0.955912 	 0.000763013 	 0.00158892
1020 	 500 	 0.955927 	 0.000764668 	 0.00159237
1020 	 505 	 0.95594 	 0.000766328 	 0.00159582
1020 	 510 	 0.955953 	 0.000767989 	 0.00159928
1020 	 515 	 0.955965 	 0.000769649 	 0.00160274
1020 	 520 	 0.955977 	 0.000771305 	 0.00160619
1020 	 525 	 0.955989 	 0.000772955 	 0.00160963
1020 	 530 	 0.956 	 0.000774597 	 0.00161304
1020 	 535 	 0.95601 	 0.000776228 	 0.00161644
1020 	 540 	 0.95602 	 0.000777847 	 0.00161981
1020 	 545 	 0.95603 	 0.000779451 	 0.00162315
1020 	 550 	 0.956039 	 0.00078104 	 0.00162646
1020 	 555 	 0.956048 	 0.000782611 	 0.00162973
1020 	 560 	 0.956057 	 0.000784165 	 0.00163297
1020 	 565 	 0.956065 	 0.000785698 	 0.00163616
1020 	 570 	 0.956073 	 0.00078721 	 0.00163931
1020 	 575 	 0.95608 	 0.000788701 	 0.00164242
1020 	 580 	 0.956088 	 0.00079017 	 0.00164547
1020 	 585 	 0.956095 	 0.000791615 	 0.00164848
1020 	 590 	 0.956101 	 0.000793036 	 0.00165144
1020 	 595 	 0.956108 	 0.000794432 	 0.00165435
1020 	 600 	 0.956114 	 0.000795804 	 0.00165721
1020 	 605 	 0.95612 	 0.00079715 	 0.00166001
1020 	 610 	 0.956126 	 0.00079847 	 0.00166276
1020 	 615 	 0.956131 	 0.000799765 	 0.00166545
1020 	 620 	 0.956136 	 0.000801033 	 0.0016681
1020 	 625 	 0.956141 	 0.000802275 	 0.00167068
1020 	 630 	 0.956146 	 0.000803491 	 0.00167321
1020 	 635 	 0.956151 	 0.000804681 	 0.00167569
1020 	 640 	 0.956155 	 0.000805844 	 0.00167811
1020 	 645 	 0.956159 	 0.000806981 	 0.00168048
1020 	 650 	 0.956163 	 0.000808092 	 0.00168279
1020 	 655 	 0.956167 	 0.000809177 	 0.00168505
1020 	 660 	 0.956171 	 0.000810236 	 0.00168726
1020 	 665 	 0.956175 	 0.00081127 	 0.00168941
1020 	 670 	 0.956178 	 0.000812279 	 0.00169151
1020 	 675 	 0.956182 	 0.000813262 	 0.00169356
1020 	 680 	 0.956185 	 0.000814221 	 0.00169556
1020 	 685 	 0.956188 	 0.000815155 	 0.0016975
1020 	 690 	 0.956191 	 0.000816066 	 0.0016994
1020 	 695 	 0.956194 	 0.000816952 	 0.00170125
1020 	 700 	 0.956196 	 0.000817816 	 0.00170304
1020 	 705 	 0.956199 	 0.000818656 	 0.00170479
1020 	 710 	 0.956201 	 0.000819474 	 0.0017065
1020 	 715 	 0.956204 	 0.000820269 	 0.00170815
1020 	 720 	 0.956206 	 0.000821043 	 0.00170976
1020 	 725 	 0.956208 	 0.000821795 	 0.00171133
1020 	 730 	 0.95621 	 0.000822527 	 0.00171285
1020 	 735 	 0.956212 	 0.000823238 	 0.00171434
1020 	 740 	 0.956214 	 0.000823929 	 0.00171577
1020 	 745 	 0.956216 	 0.0008246 	 0.00171717
1020 	 750 	 0.956218 	 0.000825252 	 0.00171853
1020 	 755 	 0.95622 	 0.000825885 	 0.00171985
1020 	 760 	 0.956221 	 0.0008265 	 0.00172113
1020 	 765 	 0.956223 	 0.000827096 	 0.00172237
1020 	 770 	 0.956225 	 0.000827675 	 0.00172358
1020 	 775 	 0.956226 	 0.000828237 	 0.00172475
1020 	 780 	 0.956227 	 0.000828783 	 0.00172588
1020 	 785 	 0.956229 	 0.000829311 	 0.00172698
1020 	 790 	 0.95623 	 0.000829824 	 0.00172805
1020 	 795 	 0.956231 	 0.000830322 	 0.00172909
1020 	 800 	 0.956232 	 0.000830804 	 0.00173009
1020 	 805 	 0.956234 	 0.000831272 	 0.00173106
1020 	 810 	 0.956235 	 0.000831725 	 0.00173201
1020 	 815 	 0.956236 	 0.000832164 	 0.00173292
1020 	 820 	 0.956237 	 0.00083259 	 0.00173381
1020 	 825 	 0.956238 	 0.000833002 	 0.00173467
1020 	 830 	 0.956239 	 0.000833401 	 0.0017355
1020 	 835 	 0.95624 	 0.000833788 	 0.00173631
1020 	 840 	 0.95624 	 0.000834163 	 0.00173709
1020 	 845 	 0.956241 	 0.000834526 	 0.00173784
1020 	 850 	 0.956242 	 0.000834878 	 0.00173857
1020 	 855 	 0.956243 	 0.000835218 	 0.00173928
1020 	 860 	 0.956243 	 0.000835547 	 0.00173997
1020 	 865 	 0.956244 	 0.000835866 	 0.00174063
1020 	 870 	 0.956245 	 0.000836175 	 0.00174127
1020 	 875 	 0.956245 	 0.000836473 	 0.0017419
1020 	 880 	 0.956246 	 0.000836762 	 0.0017425
1020 	 885 	 0.956247 	 0.000837042 	 0.00174308
1020 	 890 	 0.956247 	 0.000837312 	 0.00174364
1020 	 895 	 0.956248 	 0.000837574 	 0.00174419
1020 	 900 	 0.956248 	 0.000837827 	 0.00174472
1020 	 905 	 0.956249 	 0.000838072 	 0.00174523
1020 	 910 	 0.956249 	 0.000838309 	 0.00174572
1020 	 915 	 0.95625 	 0.000838538 	 0.0017462
1020 	 920 	 0.95625 	 0.000838759 	 0.00174666
1020 	 925 	 0.956251 	 0.000838973 	 0.0017471
1020 	 930 	 0.956251 	 0.00083918 	 0.00174753
1020 	 935 	 0.956251 	 0.00083938 	 0.00174795
1020 	 940 	 0.956252 	 0.000839574 	 0.00174835
1020 	 945 	 0.956252 	 0.000839761 	 0.00174874
1020 	 950 	 0.956253 	 0.000839942 	 0.00174912
1020 	 955 	 0.956253 	 0.000840116 	 0.00174948
1020 	 960 	 0.956253 	 0.000840285 	 0.00174983
1020 	 965 	 0.956253 	 0.000840448 	 0.00175017
1020 	 970 	 0.956254 	 0.000840606 	 0.0017505
1020 	 975 	 0.956254 	 0.000840758 	 0.00175082
1020 	 980 	 0.956254 	 0.000840905 	 0.00175113
1020 	 985 	 0.956255 	 0.000841047 	 0.00175142
1020 	 990 	 0.956255 	 0.000841185 	 0.00175171
1020 	 995 	 0.956255 	 0.000841317 	 0.00175198
1020 	 1000 	 0.956255 	 0.000841445 	 0.00175225
1020 	 1005 	 0.956256 	 0.000841569 	 0.00175251
1020 	 1010 	 0.956256 	 0.000841689 	 0.00175276
1020 	 1015 	 0.956256 	 0.000841804 	 0.001753
1020 	 1020 	 0.956256 	 0.000841916 	 0.00175323
1020 	 1025 	 0.956256 	 0.000842023 	 0.00175345
1020 	 1030 	 0.956256 	 0.000842127 	 0.00175367
1020 	 1035 	 0.956257 	 0.000842227 	 0.00175388
1020 	 1040 	 0.956257 	 0.000842324 	 0.00175408
1020 	 1045 	 0.956257 	 0.000842418 	 0.00175428
1020 	 1050 	 0.956257 	 0.000842508 	 0.00175446
1020 	 1055 	 0.956257 	 0.000842595 	 0.00175465
1020 	 1060 	 0.956257 	 0.000842679 	 0.00175482
1020 	 1065 	 0.956258 	 0.000842761 	 0.00175499
1020 	 1070 	 0.956258 	 0.000842839 	 0.00175515
1020 	 1075 	 0.956258 	 0.000842915 	 0.00175531
1020 	 1080 	 0.956258 	 0.000842988 	 0.00175546
1020 	 1085 	 0.956258 	 0.000843058 	 0.00175561
1020 	 1090 	 0.956258 	 0.000843126 	 0.00175575
1020 	 1095 	 0.956258 	 0.000843192 	 0.00175589
1020 	 1100 	 0.956258 	 0.000843255 	 0.00175602
1020 	 1105 	 0.956258 	 0.000843317 	 0.00175615
1020 	 1110 	 0.956259 	 0.000843376 	 0.00175627
1020 	 1115 	 0.956259 	 0.000843432 	 0.00175639
1020 	 1120 	 0.956259 	 0.000843487 	 0.0017565
1020 	 1125 	 0.956259 	 0.00084354 	 0.00175661
1020 	 1130 	 0.956259 	 0.000843591 	 0.00175672
1020 	 1135 	 0.956259 	 0.000843641 	 0.00175682
1020 	 1140 	 0.956259 	 0.000843688 	 0.00175692
1020 	 1145 	 0.956259 	 0.000843734 	 0.00175702
1020 	 1150 	 0.956259 	 0.000843779 	 0.00175711
1020 	 1155 	 0.956259 	 0.000843821 	 0.0017572
1020 	 1160 	 0.956259 	 0.000843862 	 0.00175728
1020 	 1165 	 0.956259 	 0.000843902 	 0.00175737
1020 	 1170 	 0.956259 	 0.000843941 	 0.00175745
1020 	 1175 	 0.956259 	 0.000843978 	 0.00175752
1020 	 1180 	 0.95626 	 0.000844013 	 0.0017576
1020 	 1185 	 0.95626 	 0.000844048 	 0.00175767
1020 	 1190 	 0.95626 	 0.000844081 	 0.00175774
1020 	 1195 	 0.95626 	 0.000844113 	 0.00175781
1020 	 1200 	 0.95626 	 0.000844144 	 0.00175787
1020 	 1205 	 0.95626 	 0.000844173 	 0.00175793
1020 	 1210 	 0.95626 	 0.000844202 	 0.00175799
1020 	 1215 	 0.95626 	 0.00084423 	 0.00175805
1020 	 1220 	 0.95626 	 0.000844256 	 0.0017581
1020 	 1225 	 0.95626 	 0.000844282 	 0.00175816
1020 	 1230 	 0.95626 	 0.000844307 	 0.00175821
1020 	 1235 	 0.95626 	 0.000844331 	 0.00175826
1020 	 1240 	 0.95626 	 0.000844354 	 0.00175831
1020 	 1245 	 0.95626 	 0.000844376 	 0.00175835
1020 	 1250 	 0.95626 	 0.000844397 	 0.0017584
1020 	 1255 	 0.95626 	 0.000844418 	 0.00175844
1020 	 1260 	 0.95626 	 0.000844438 	 0.00175848
1020 	 1265 	 0.95626 	 0.000844457 	 0.00175852
1020 	 1270 	 0.95626 	 0.000844476 	 0.00175856
1020 	 1275 	 0.95626 	 0.000844493 	 0.0017586
1020 	 1280 	 0.95626 	 0.000844511 	 0.00175863
1020 	 1285 	 0.95626 	 0.000844527 	 0.00175867
1020 	 1290 	 0.95626 	 0.000844543 	 0.0017587
1020 	 1295 	 0.95626 	 0.000844559 	 0.00175873
1020 	 1300 	 0.95626 	 0.000844573 	 0.00175876
1020 	 1305 	 0.95626 	 0.000844588 	 0.00175879
1020 	 1310 	 0.95626 	 0.000844602 	 0.00175882
1020 	 1315 	 0.95626 	 0.000844615 	 0.00175885
1020 	 1320 	 0.95626 	 0.000844628 	 0.00175888
1020 	 1325 	 0.95626 	 0.00084464 	 0.0017589
1020 	 1330 	 0.95626 	 0.000844652 	 0.00175893
1020 	 1335 	 0.95626 	 0.000844663 	 0.00175895
1020 	 1340 	 0.95626 	 0.000844674 	 0.00175898
1020 	 1345 	 0.95626 	 0.000844685 	 0.001759
1020 	 1350 	 0.95626 	 0.000844695 	 0.00175902
1020 	 1355 	 0.95626 	 0.000844705 	 0.00175904
1020 	 1360 	 0.95626 	 0.000844715 	 0.00175906
1020 	 1365 	 0.95626 	 0.000844724 	 0.00175908
1020 	 1370 	 0.95626 	 0.000844733 	 0.0017591
1020 	 1375 	 0.956261 	 0.000844741 	 0.00175911
1020 	 1380 	 0.956261 	 0.000844749 	 0.00175913
1020 	 1385 	 0.956261 	 0.000844757 	 0.00175915
1020 	 1390 	 0.956261 	 0.000844765 	 0.00175916
1020 	 1395 	 0.956261 	 0.000844772 	 0.00175918
1020 	 1400 	 0.956261 	 0.000844779 	 0.00175919
1020 	 1405 	 0.956261 	 0.000844786 	 0.00175921
1020 	 1410 	 0.956261 	 0.000844793 	 0.00175922
1020 	 1415 	 0.956261 	 0.000844799 	 0.00175923
1020 	 1420 	 0.956261 	 0.000844805 	 0.00175925
1020 	 1425 	 0.956261 	 0.000844811 	 0.00175926
1020 	 1430 	 0.956261 	 0.000844817 	 0.00175927
1020 	 1435 	 0.956261 	 0.000844822 	 0.00175928
1020 	 1440 	 0.956261 	 0.000844828 	 0.00175929
1020 	 1445 	 0.956261 	 0.000844833 	 0.0017593
1020 	 1450 	 0.956261 	 0.000844837 	 0.00175931
1020 	 1455 	 0.956261 	 0.000844842 	 0.00175932
1020 	 1460 	 0.956261 	 0.000844847 	 0.00175933
1020 	 1465 	 0.956261 	 0.000844851 	 0.00175934
1020 	 1470 	 0.956261 	 0.000844855 	 0.00175935
1020 	 1475 	 0.956261 	 0.000844859 	 0.00175936
1020 	 1480 	 0.956261 	 0.000844863 	 0.00175937
1020 	 1485 	 0.956261 	 0.000844867 	 0.00175938
1020 	 1490 	 0.956261 	 0.000844871 	 0.00175938
1020 	 1495 	 0.956261 	 0.000844874 	 0.00175939
1020 	 1500 	 0.956261 	 0.000844877 	 0.0017594
1020 	 1505 	 0.956261 	 0.000844881 	 0.0017594
1020 	 1510 	 0.956261 	 0.000844884 	 0.00175941
1020 	 1515 	 0.956261 	 0.000844887 	 0.00175942
1020 	 1520 	 0.956261 	 0.00084489 	 0.00175942
1020 	 1525 	 0.956261 	 0.000844892 	 0.00175943
1020 	 1530 	 0.956261 	 0.000844895 	 0.00175943
1020 	 1535 	 0.956261 	 0.000844898 	 0.00175944
1020 	 1540 	 0.956261 	 0.0008449 	 0.00175945
1020 	 1545 	 0.956261 	 0.000844902 	 0.00175945
1020 	 1550 	 0.956261 	 0.000844905 	 0.00175945
1020 	 1555 	 0.956261 	 0.000844907 	 0.00175946
1020 	 1560 	 0.956261 	 0.000844909 	 0.00175946
1020 	 1565 	 0.956261 	 0.000844911 	 0.00175947
1020 	 1570 	 0.956261 	 0.000844913 	 0.00175947
1020 	 1575 	 0.956261 	 0.000844915 	 0.00175948
1020 	 1580 	 0.956261 	 0.000844917 	 0.00175948
1020 	 1585 	 0.956261 	 0.000844919 	 0.00175948
1020 	 1590 	 0.956261 	 0.00084492 	 0.00175949
1020 	 1595 	 0.956261 	 0.000844922 	 0.00175949
1020 	 1600 	 0.956261 	 0.000844924 	 0.00175949
1020 	 1605 	 0.956261 	 0.000844925 	 0.0017595
1020 	 1610 	 0.956261 	 0.000844927 	 0.0017595
1020 	 1615 	 0.956261 	 0.000844928 	 0.0017595
1020 	 1620 	 0.956261 	 0.000844929 	 0.00175951
1020 	 1625 	 0.956261 	 0.000844931 	 0.00175951
1020 	 1630 	 0.956261 	 0.000844932 	 0.00175951
1020 	 1635 	 0.956261 	 0.000844933 	 0.00175951
1020 	 1640 	 0.956261 	 0.000844934 	 0.00175952
1020 	 1645 	 0.956261 	 0.000844935 	 0.00175952
1020 	 1650 	 0.956261 	 0.000844936 	 0.00175952
1020 	 1655 	 0.956261 	 0.000844938 	 0.00175952
1020 	 1660 	 0.956261 	 0.000844939 	 0.00175953
1020 	 1665 	 0.956261 	 0.000844939 	 0.00175953
1020 	 1670 	 0.956261 	 0.00084494 	 0.00175953
1020 	 1675 	 0.956261 	 0.000844941 	 0.00175953
1020 	 1680 	 0.956261 	 0.000844942 	 0.00175953
1020 	 1685 	 0.956261 	 0.000844943 	 0.00175953
1020 	 1690 	 0.956261 	 0.000844944 	 0.00175954
1020 	 1695 	 0.956261 	 0.000844945 	 0.00175954
1020 	 1700 	 0.956261 	 0.000844945 	 0.00175954
1020 	 1705 	 0.956261 	 0.000844946 	 0.00175954
1020 	 1710 	 0.956261 	 0.000844947 	 0.00175954
1020 	 1715 	 0.956261 	 0.000844947 	 0.00175954
1020 	 1720 	 0.956261 	 0.000844948 	 0.00175954
1020 	 1725 	 0.956261 	 0.000844949 	 0.00175955
1020 	 1730 	 0.956261 	 0.000844949 	 0.00175955
1020 	 1735 	 0.956261 	 0.00084495 	 0.00175955
1020 	 1740 	 0.956261 	 0.00084495 	 0.00175955
1020 	 1745 	 0.956261 	 0.000844951 	 0.00175955
1020 	 1750 	 0.956261 	 0.000844951 	 0.00175955
1020 	 1755 	 0.956261 	 0.000844952 	 0.00175955
1020 	 1760 	 0.956261 	 0.000844952 	 0.00175955
1020 	 1765 	 0.956261 	 0.000844953 	 0.00175955
1020 	 1770 	 0.956261 	 0.000844953 	 0.00175956
1020 	 1775 	 0.956261 	 0.000844954 	 0.00175956
1020 	 1780 	 0.956261 	 0.000844954 	 0.00175956
1020 	 1785 	 0.956261 	 0.000844954 	 0.00175956
1020 	 1790 	 0.956261 	 0.000844955 	 0.00175956
1020 	 1795 	 0.956261 	 0.000844955 	 0.00175956
1020 	 1800 	 0.956261 	 0.000844955 	 0.00175956
1020 	 1805 	 0.956261 	 0.000844956 	 0.00175956
1020 	 1810 	 0.956261 	 0.000844956 	 0.00175956
1020 	 1815 	 0.956261 	 0.000844956 	 0.00175956
1020 	 1820 	 0.956261 	 0.000844957 	 0.00175956
1020 	 1825 	 0.956261 	 0.000844957 	 0.00175956
1020 	 1830 	 0.956261 	 0.000844957 	 0.00175956
1020 	 1835 	 0.956261 	 0.000844957 	 0.00175956
1020 	 1840 	 0.956261 	 0.000844958 	 0.00175957
1020 	 1845 	 0.956261 	 0.000844958 	 0.00175957
1020 	 1850 	 0.956261 	 0.000844958 	 0.00175957
1020 	 1855 	 0.956261 	 0.000844958 	 0.00175957
1020 	 1860 	 0.956261 	 0.000844959 	 0.00175957
1020 	 1865 	 0.956261 	 0.000844959 	 0.00175957
1020 	 1870 	 0.956261 	 0.000844959 	 0.00175957
1020 	 1875 	 0.956261 	 0.000844959 	 0.00175957
1020 	 1880 	 0.956261 	 0.000844959 	 0.00175957
1020 	 1885 	 0.956261 	 0.00084496 	 0.00175957
1020 	 1890 	 0.956261 	 0.00084496 	 0.00175957
1020 	 1895 	 0.956261 	 0.00084496 	 0.00175957
1020 	 1900 	 0.956261 	 0.00084496 	 0.00175957
1020 	 1905 	 0.956261 	 0.00084496 	 0.00175957
1020 	 1910 	 0.956261 	 0.00084496 	 0.00175957
1020 	 1915 	 0.956261 	 0.000844961 	 0.00175957
1020 	 1920 	 0.956261 	 0.000844961 	 0.00175957
1020 	 1925 	 0.956261 	 0.000844961 	 0.00175957
1020 	 1930 	 0.956261 	 0.000844961 	 0.00175957
1020 	 1935 	 0.956261 	 0.000844961 	 0.00175957
1020 	 1940 	 0.956261 	 0.000844961 	 0.00175957
1020 	 1945 	 0.956261 	 0.000844961 	 0.00175957
1020 	 1950 	 0.956261 	 0.000844961 	 0.00175957
1020 	 1955 	 0.956261 	 0.000844962 	 0.00175957
1020 	 1960 	 0.956261 	 0.000844962 	 0.00175957
1020 	 1965 	 0.956261 	 0.000844962 	 0.00175957
1020 	 1970 	 0.956261 	 0.000844962 	 0.00175957
1020 	 1975 	 0.956261 	 0.000844962 	 0.00175957
1020 	 1980 	 0.956261 	 0.000844962 	 0.00175957
1020 	 1985 	 0.956261 	 0.000844962 	 0.00175957
1020 	 1990 	 0.956261 	 0.000844962 	 0.00175957
1020 	 1995 	 0.956261 	 0.000844962 	 0.00175957
1020 	 2000 	 0.956261 	 0.000844962 	 0.00175957
1020 	 2005 	 0.956261 	 0.000844962 	 0.00175957
1020 	 2010 	 0.956261 	 0.000844962 	 0.00175957
1020 	 2015 	 0.956261 	 0.000844962 	 0.00175958
1020 	 2020 	 0.956261 	 0.000844963 	 0.00175958
1020 	 2025 	 0.956261 	 0.000844963 	 0.00175958
1020 	 2030 	 0.956261 	 0.000844963 	 0.00175958
1020 	 2035 	 0.956261 	 0.000844963 	 0.00175958
1020 	 2040 	 0.956261 	 0.000844963 	 0.00175958
1020 	 2045 	 0.956261 	 0.000844963 	 0.00175958
1020 	 2050 	 0.956261 	 0.000844963 	 0.00175958
1020 	 2055 	 0.956261 	 0.000844963 	 0.00175958
1020 	 2060 	 0.956261 	 0.000844963 	 0.00175958
1020 	 2065 	 0.956261 	 0.000844963 	 0.00175958
1020 	 2070 	 0.956261 	 0.000844963 	 0.00175958
1020 	 2075 	 0.956261 	 0.000844963 	 0.00175958
1020 	 2080 	 0.956261 	 0.000844963 	 0.00175958
1020 	 2085 	 0.956261 	 0.000844963 	 0.00175958
1020 	 2090 	 0.956261 	 0.000844963 	 0.00175958
1020 	 2095 	 0.956261 	 0.000844963 	 0.00175958
1020 	 2100 	 0.956261 	 0.000844963 	 0.00175958
1020 	 2105 	 0.956261 	 0.000844963 	 0.00175958
1020 	 2110 	 0.956261 	 0.000844963 	 0.00175958
1020 	 2115 	 0.956261 	 0.000844963 	 0.00175958
1020 	 2120 	 0.956261 	 0.000844963 	 0.00175958
1020 	 2125 	 0.956261 	 0.000844963 	 0.00175958
1020 	 2130 	 0.956261 	 0.000844963 	 0.00175958
1020 	 2135 	 0.956261 	 0.000844963 	 0.00175958
1020 	 2140 	 0.956261 	 0.000844964 	 0.00175958
1020 	 2145 	 0.956261 	 0.000844964 	 0.00175958
1020 	 2150 	 0.956261 	 0.000844964 	 0.00175958
1020 	 2155 	 0.956261 	 0.000844964 	 0.00175958
1020 	 2160 	 0.956261 	 0.000844964 	 0.00175958
1020 	 2165 	 0.956261 	 0.000844964 	 0.00175958
1020 	 2170 	 0.956261 	 0.000844964 	 0.00175958
1020 	 2175 	 0.956261 	 0.000844964 	 0.00175958
1020 	 2180 	 0.956261 	 0.000844964 	 0.00175958
1020 	 2185 	 0.956261 	 0.000844964 	 0.00175958
1020 	 2190 	 0.956261 	 0.000844964 	 0.00175958
1020 	 2195 	 0.956261 	 0.000844964 	 0.00175958
1020 	 2200 	 0.956261 	 0.000844964 	 0.00175958
1020 	 2205 	 0.956261 	 0.000844964 	 0.00175958
1020 	 2210 	 0.956261 	 0.000844964 	 0.00175958
1020 	 2215 	 0.956261 	 0.000844964 	 0.00175958
1020 	 2220 	 0.956261 	 0.000844964 	 0.00175958
1020 	 2225 	 0.956261 	 0.000844964 	 0.00175958
1020 	 2230 	 0.956261 	 0.000844964 	 0.00175958
1020 	 2235 	 0.956261 	 0.000844964 	 0.00175958
1020 	 2240 	 0.956261 	 0.000844964 	 0.00175958
1020 	 2245 	 0.956261 	 0.000844964 	 0.00175958
1020 	 2250 	 0.956261 	 0.000844964 	 0.00175958
1020 	 2255 	 0.956261 	 0.000844964 	 0.00175958
1020 	 2260 	 0.956261 	 0.000844964 	 0.00175958
1020 	 2265 	 0.956261 	 0.000844964 	 0.00175958
1020 	 2270 	 0.956261 	 0.000844964 	 0.00175958
1020 	 2275 	 0.956261 	 0.000844964 	 0.00175958
1020 	 2280 	 0.956261 	 0.000844964 	 0.00175958
1020 	 2285 	 0.956261 	 0.000844964 	 0.00175958
1020 	 2290 	 0.956261 	 0.000844964 	 0.00175958
1020 	 2295 	 0.956261 	 0.000844964 	 0.00175958
1020 	 2300 	 0.956261 	 0.000844964 	 0.00175958
1020 	 2305 	 0.956261 	 0.000844964 	 0.00175958
1020 	 2310 	 0.956261 	 0.000844964 	 0.00175958
1020 	 2315 	 0.956261 	 0.000844964 	 0.00175958
1020 	 2320 	 0.956261 	 0.000844964 	 0.00175958
1020 	 2325 	 0.956261 	 0.000844964 	 0.00175958
1020 	 2330 	 0.956261 	 0.000844964 	 0.00175958
1020 	 2335 	 0.956261 	 0.000844964 	 0.00175958
1020 	 2340 	 0.956261 	 0.000844964 	 0.00175958
1020 	 2345 	 0.956261 	 0.000844964 	 0.00175958
1020 	 2350 	 0.956261 	 0.000844964 	 0.00175958
1020 	 2355 	 0.956261 	 0.000844964 	 0.00175958
1020 	 2360 	 0.956261 	 0.000844964 	 0.00175958
1020 	 2365 	 0.956261 	 0.000844964 	 0.00175958
1020 	 2370 	 0.956261 	 0.000844964 	 0.00175958
1020 	 2375 	 0.956261 	 0.000844964 	 0.00175958
1020 	 2380 	 0.956261 	 0.000844964 	 0.00175958
1020 	 2385 	 0.956261 	 0.000844964 	 0.00175958
1020 	 2390 	 0.956261 	 0.000844964 	 0.00175958
1020 	 2395 	 0.956261 	 0.000844964 	 0.00175958
1020 	 2400 	 0.956261 	 0.000844964 	 0.00175958
1020 	 2405 	 0.956261 	 0.000844964 	 0.00175958
1020 	 2410 	 0.956261 	 0.000844964 	 0.00175958
1020 	 2415 	 0.956261 	 0.000844964 	 0.00175958
1020 	 2420 	 0.956261 	 0.000844964 	 0.00175958
1020 	 2425 	 0.956261 	 0.000844964 	 0.00175958
1020 	 2430 	 0.956261 	 0.000844964 	 0.00175958
1020 	 2435 	 0.956261 	 0.000844964 	 0.00175958
1020 	 2440 	 0.956261 	 0.000844964 	 0.00175958
1020 	 2445 	 0.956261 	 0.000844964 	 0.00175958
1020 	 2450 	 0.956261 	 0.000844964 	 0.00175958
1020 	 2455 	 0.956261 	 0.000844964 	 0.00175958
1020 	 2460 	 0.956261 	 0.000844964 	 0.00175958
1020 	 2465 	 0.956261 	 0.000844964 	 0.00175958
1020 	 2470 	 0.956261 	 0.000844964 	 0.00175958
1020 	 2475 	 0.956261 	 0.000844964 	 0.00175958
1020 	 2480 	 0.956261 	 0.000844964 	 0.00175958
1020 	 2485 	 0.956261 	 0.000844964 	 0.00175958
1020 	 2490 	 0.956261 	 0.000844964 	 0.00175958
1020 	 2495 	 0.956261 	 0.000844964 	 0.00175958
1020 	 2500 	 0.956261 	 0.000844964 	 0.00175958
1020 	 2505 	 0.956261 	 0.000844964 	 0.00175958
1020 	 2510 	 0.956261 	 0.000844964 	 0.00175958
1020 	 2515 	 0.956261 	 0.000844964 	 0.00175958
1020 	 2520 	 0.956261 	 0.000844964 	 0.00175958
1020 	 2525 	 0.956261 	 0.000844964 	 0.00175958
1020 	 2530 	 0.956261 	 0.000844964 	 0.00175958
1020 	 2535 	 0.956261 	 0.000844964 	 0.00175958
1020 	 2540 	 0.956261 	 0.000844964 	 0.00175958
1020 	 2545 	 0.956261 	 0.000844964 	 0.00175958
1020 	 2550 	 0.956261 	 0.000844964 	 0.00175958
1020 	 2555 	 0.956261 	 0.000844964 	 0.00175958
1020 	 2560 	 0.956261 	 0.000844964 	 0.00175958
1020 	 2565 	 0.956261 	 0.000844964 	 0.00175958
1020 	 2570 	 0.956261 	 0.000844964 	 0.00175958
1020 	 2575 	 0.956261 	 0.000844964 	 0.00175958
1020 	 2580 	 0.956261 	 0.000844964 	 0.00175958
1020 	 2585 	 0.956261 	 0.000844964 	 0.00175958
1020 	 2590 	 0.956261 	 0.000844964 	 0.00175958
1020 	 2595 	 0.956261 	 0.000844964 	 0.00175958
1020 	 2600 	 0.956261 	 0.000844964 	 0.00175958
1020 	 2605 	 0.956261 	 0.000844964 	 0.00175958
1020 	 2610 	 0.956261 	 0.000844964 	 0.00175958
1020 	 2615 	 0.956261 	 0.000844964 	 0.00175958
1020 	 2620 	 0.956261 	 0.000844964 	 0.00175958
1020 	 2625 	 0.956261 	 0.000844964 	 0.00175958
1020 	 2630 	 0.956261 	 0.000844964 	 0.00175958
1020 	 2635 	 0.956261 	 0.000844964 	 0.00175958
1020 	 2640 	 0.956261 	 0.000844964 	 0.00175958
1020 	 2645 	 0.956261 	 0.000844964 	 0.00175958
1020 	 2650 	 0.956261 	 0.000844964 	 0.00175958
1020 	 2655 	 0.956261 	 0.000844964 	 0.00175958
1020 	 2660 	 0.956261 	 0.000844964 	 0.00175958
1020 	 2665 	 0.956261 	 0.000844964 	 0.00175958
1020 	 2670 	 0.956261 	 0.000844964 	 0.00175958
1020 	 2675 	 0.956261 	 0.000844964 	 0.00175958
1020 	 2680 	 0.956261 	 0.000844964 	 0.00175958
1020 	 2685 	 0.956261 	 0.000844964 	 0.00175958
1020 	 2690 	 0.956261 	 0.000844964 	 0.00175958
1020 	 2695 	 0.956261 	 0.000844964 	 0.00175958
1020 	 2700 	 0.956261 	 0.000844964 	 0.00175958
1020 	 2705 	 0.956261 	 0.000844964 	 0.00175958
1020 	 2710 	 0.956261 	 0.000844964 	 0.00175958
1020 	 2715 	 0.956261 	 0.000844964 	 0.00175958
1020 	 2720 	 0.956261 	 0.000844964 	 0.00175958
1020 	 2725 	 0.956261 	 0.000844964 	 0.00175958
1020 	 2730 	 0.956261 	 0.000844964 	 0.00175958
1020 	 2735 	 0.956261 	 0.000844964 	 0.00175958
1020 	 2740 	 0.956261 	 0.000844964 	 0.00175958
1020 	 2745 	 0.956261 	 0.000844964 	 0.00175958
1020 	 2750 	 0.956261 	 0.000844964 	 0.00175958
1020 	 2755 	 0.956261 	 0.000844964 	 0.00175958
1020 	 2760 	 0.956261 	 0.000844964 	 0.00175958
1020 	 2765 	 0.956261 	 0.000844964 	 0.00175958
1020 	 2770 	 0.956261 	 0.000844964 	 0.00175958
1020 	 2775 	 0.956261 	 0.000844964 	 0.00175958
1020 	 2780 	 0.956261 	 0.000844964 	 0.00175958
1020 	 2785 	 0.956261 	 0.000844964 	 0.00175958
1020 	 2790 	 0.956261 	 0.000844964 	 0.00175958
1020 	 2795 	 0.956261 	 0.000844964 	 0.00175958
1020 	 2800 	 0.956261 	 0.000844964 	 0.00175958
1020 	 2805 	 0.956261 	 0.000844964 	 0.00175958
1020 	 2810 	 0.956261 	 0.000844964 	 0.00175958
1020 	 2815 	 0.956261 	 0.000844964 	 0.00175958
1020 	 2820 	 0.956261 	 0.000844964 	 0.00175958
1020 	 2825 	 0.956261 	 0.000844964 	 0.00175958
1020 	 2830 	 0.956261 	 0.000844964 	 0.00175958
1020 	 2835 	 0.956261 	 0.000844964 	 0.00175958
1020 	 2840 	 0.956261 	 0.000844964 	 0.00175958
1020 	 2845 	 0.956261 	 0.000844964 	 0.00175958
1020 	 2850 	 0.956261 	 0.000844964 	 0.00175958
1020 	 2855 	 0.956261 	 0.000844964 	 0.00175958
1020 	 2860 	 0.956261 	 0.000844964 	 0.00175958
1020 	 2865 	 0.956261 	 0.000844964 	 0.00175958
1020 	 2870 	 0.956261 	 0.000844964 	 0.00175958
1020 	 2875 	 0.956261 	 0.000844964 	 0.00175958
1020 	 2880 	 0.956261 	 0.000844964 	 0.00175958
1020 	 2885 	 0.956261 	 0.000844964 	 0.00175958
1020 	 2890 	 0.956261 	 0.000844964 	 0.00175958
1020 	 2895 	 0.956261 	 0.000844964 	 0.00175958
1020 	 2900 	 0.956261 	 0.000844964 	 0.00175958
1020 	 2905 	 0.956261 	 0.000844964 	 0.00175958
1020 	 2910 	 0.956261 	 0.000844964 	 0.00175958
1020 	 2915 	 0.956261 	 0.000844964 	 0.00175958
1020 	 2920 	 0.956261 	 0.000844964 	 0.00175958
1020 	 2925 	 0.956261 	 0.000844964 	 0.00175958
1020 	 2930 	 0.956261 	 0.000844964 	 0.00175958
1020 	 2935 	 0.956261 	 0.000844964 	 0.00175958
1020 	 2940 	 0.956261 	 0.000844964 	 0.00175958
1020 	 2945 	 0.956261 	 0.000844964 	 0.00175958
1020 	 2950 	 0.956261 	 0.000844964 	 0.00175958
1020 	 2955 	 0.956261 	 0.000844964 	 0.00175958
1020 	 2960 	 0.956261 	 0.000844964 	 0.00175958
1020 	 2965 	 0.956261 	 0.000844964 	 0.00175958
1020 	 2970 	 0.956261 	 0.000844964 	 0.00175958
1020 	 2975 	 0.956261 	 0.000844964 	 0.00175958
1020 	 2980 	 0.956261 	 0.000844964 	 0.00175958
1020 	 2985 	 0.956261 	 0.000844964 	 0.00175958
1020 	 2990 	 0.956261 	 0.000844964 	 0.00175958
1020 	 2995 	 0.956261 	 0.000844964 	 0.00175958
1020 	 3000 	 0.956261 	 0.000844964 	 0.00175958
1020 	 3005 	 0.956261 	 0.000844964 	 0.00175958
1020 	 3010 	 0.956261 	 0.000844964 	 0.00175958
1020 	 3015 	 0.956261 	 0.000844964 	 0.00175958
1020 	 3020 	 0.956261 	 0.000844964 	 0.00175958
1020 	 3025 	 0.956261 	 0.000844964 	 0.00175958
1020 	 3030 	 0.956261 	 0.000844964 	 0.00175958
1020 	 3035 	 0.956261 	 0.000844964 	 0.00175958
1020 	 3040 	 0.956261 	 0.000844964 	 0.00175958
1020 	 3045 	 0.956261 	 0.000844964 	 0.00175958
1020 	 3050 	 0.956261 	 0.000844964 	 0.00175958
1020 	 3055 	 0.956261 	 0.000844964 	 0.00175958
1020 	 3060 	 0.956261 	 0.000844964 	 0.00175958
1020 	 3065 	 0.956261 	 0.000844964 	 0.00175958
1020 	 3070 	 0.956261 	 0.000844964 	 0.00175958
1020 	 3075 	 0.956261 	 0.000844964 	 0.00175958
1020 	 3080 	 0.956261 	 0.000844964 	 0.00175958
1020 	 3085 	 0.956261 	 0.000844964 	 0.00175958
1020 	 3090 	 0.956261 	 0.000844964 	 0.00175958
1020 	 3095 	 0.956261 	 0.000844964 	 0.00175958
1020 	 3100 	 0.956261 	 0.000844964 	 0.00175958
1020 	 3105 	 0.956261 	 0.000844964 	 0.00175958
1020 	 3110 	 0.956261 	 0.000844964 	 0.00175958
1020 	 3115 	 0.956261 	 0.000844964 	 0.00175958
1020 	 3120 	 0.956261 	 0.000844964 	 0.00175958
1020 	 3125 	 0.956261 	 0.000844964 	 0.00175958
1020 	 3130 	 0.956261 	 0.000844964 	 0.00175958
1020 	 3135 	 0.956261 	 0.000844964 	 0.00175958
1020 	 3140 	 0.956261 	 0.000844964 	 0.00175958
1020 	 3145 	 0.956261 	 0.000844964 	 0.00175958
1020 	 3150 	 0.956261 	 0.000844964 	 0.00175958
1020 	 3155 	 0.956261 	 0.000844964 	 0.00175958
1020 	 3160 	 0.956261 	 0.000844964 	 0.00175958
1020 	 3165 	 0.956261 	 0.000844964 	 0.00175958
1020 	 3170 	 0.956261 	 0.000844964 	 0.00175958
1020 	 3175 	 0.956261 	 0.000844964 	 0.00175958
1020 	 3180 	 0.956261 	 0.000844964 	 0.00175958
1020 	 3185 	 0.956261 	 0.000844964 	 0.00175958
1020 	 3190 	 0.956261 	 0.000844964 	 0.00175958
1020 	 3195 	 0.956261 	 0.000844964 	 0.00175958
1020 	 3200 	 0.956261 	 0.000844964 	 0.00175958
1020 	 3205 	 0.956261 	 0.000844964 	 0.00175958
1020 	 3210 	 0.956261 	 0.000844964 	 0.00175958
1020 	 3215 	 0.956261 	 0.000844964 	 0.00175958
1020 	 3220 	 0.956261 	 0.000844964 	 0.00175958
1020 	 3225 	 0.956261 	 0.000844964 	 0.00175958
1020 	 3230 	 0.956261 	 0.000844964 	 0.00175958
1020 	 3235 	 0.956261 	 0.000844964 	 0.00175958
1020 	 3240 	 0.956261 	 0.000844964 	 0.00175958
1020 	 3245 	 0.956261 	 0.000844964 	 0.00175958
1020 	 3250 	 0.956261 	 0.000844964 	 0.00175958
1020 	 3255 	 0.956261 	 0.000844964 	 0.00175958
1020 	 3260 	 0.956261 	 0.000844964 	 0.00175958
1020 	 3265 	 0.956261 	 0.000844964 	 0.00175958
1020 	 3270 	 0.956261 	 0.000844964 	 0.00175958
1020 	 3275 	 0.956261 	 0.000844964 	 0.00175958
1020 	 3280 	 0.956261 	 0.000844964 	 0.00175958
1020 	 3285 	 0.956261 	 0.000844964 	 0.00175958
1020 	 3290 	 0.956261 	 0.000844964 	 0.00175958
1020 	 3295 	 0.956261 	 0.000844964 	 0.00175958
1020 	 3300 	 0.956261 	 0.000844964 	 0.00175958
1020 	 3305 	 0.956261 	 0.000844964 	 0.00175958
1020 	 3310 	 0.956261 	 0.000844964 	 0.00175958
1020 	 3315 	 0.956261 	 0.000844964 	 0.00175958
1020 	 3320 	 0.956261 	 0.000844964 	 0.00175958
1020 	 3325 	 0.956261 	 0.000844964 	 0.00175958
1020 	 3330 	 0.956261 	 0.000844964 	 0.00175958
1020 	 3335 	 0.956261 	 0.000844964 	 0.00175958
1020 	 3340 	 0.956261 	 0.000844964 	 0.00175958
1020 	 3345 	 0.956261 	 0.000844964 	 0.00175958
1020 	 3350 	 0.956261 	 0.000844964 	 0.00175958
1020 	 3355 	 0.956261 	 0.000844964 	 0.00175958
1020 	 3360 	 0.956261 	 0.000844964 	 0.00175958
1020 	 3365 	 0.956261 	 0.000844964 	 0.00175958
1020 	 3370 	 0.956261 	 0.000844964 	 0.00175958
1020 	 3375 	 0.956261 	 0.000844964 	 0.00175958
1020 	 3380 	 0.956261 	 0.000844964 	 0.00175958
1020 	 3385 	 0.956261 	 0.000844964 	 0.00175958
1020 	 3390 	 0.956261 	 0.000844964 	 0.00175958
1020 	 3395 	 0.956261 	 0.000844964 	 0.00175958
1020 	 3400 	 0.956261 	 0.000844964 	 0.00175958
1020 	 3405 	 0.956261 	 0.000844964 	 0.00175958
1020 	 3410 	 0.956261 	 0.000844964 	 0.00175958
1020 	 3415 	 0.956261 	 0.000844964 	 0.00175958
1020 	 3420 	 0.956261 	 0.000844964 	 0.00175958
1020 	 3425 	 0.956261 	 0.000844964 	 0.00175958
1020 	 3430 	 0.956261 	 0.000844964 	 0.00175958
1020 	 3435 	 0.956261 	 0.000844964 	 0.00175958
1020 	 3440 	 0.956261 	 0.000844964 	 0.00175958
1020 	 3445 	 0.956261 	 0.000844964 	 0.00175958
1020 	 3450 	 0.956261 	 0.000844964 	 0.00175958
1020 	 3455 	 0.956261 	 0.000844964 	 0.00175958
1020 	 3460 	 0.956261 	 0.000844964 	 0.00175958
1020 	 3465 	 0.956261 	 0.000844964 	 0.00175958
1020 	 3470 	 0.956261 	 0.000844964 	 0.00175958
1020 	 3475 	 0.956261 	 0.000844964 	 0.00175958
1020 	 3480 	 0.956261 	 0.000844964 	 0.00175958
1020 	 3485 	 0.956261 	 0.000844964 	 0.00175958
1020 	 3490 	 0.956261 	 0.000844964 	 0.00175958
1020 	 3495 	 0.956261 	 0.000844964 	 0.00175958
1020 	 3500 	 0.956261 	 0.000844964 	 0.00175958
1020 	 3505 	 0.956261 	 0.000844964 	 0.00175958
1020 	 3510 	 0.956261 	 0.000844964 	 0.00175958
1020 	 3515 	 0.956261 	 0.000844964 	 0.00175958
1020 	 3520 	 0.956261 	 0.000844964 	 0.00175958
1020 	 3525 	 0.956261 	 0.000844964 	 0.00175958
1020 	 3530 	 0.956261 	 0.000844964 	 0.00175958
1020 	 3535 	 0.956261 	 0.000844964 	 0.00175958
1020 	 3540 	 0.956261 	 0.000844964 	 0.00175958
1020 	 3545 	 0.956261 	 0.000844964 	 0.00175958
1020 	 3550 	 0.956261 	 0.000844964 	 0.00175958
1020 	 3555 	 0.956261 	 0.000844964 	 0.00175958
1020 	 3560 	 0.956261 	 0.000844964 	 0.00175958
1020 	 3565 	 0.956261 	 0.000844964 	 0.00175958
1020 	 3570 	 0.956261 	 0.000844964 	 0.00175958
1020 	 3575 	 0.956261 	 0.000844964 	 0.00175958
1020 	 3580 	 0.956261 	 0.000844964 	 0.00175958
1020 	 3585 	 0.956261 	 0.000844964 	 0.00175958
1020 	 3590 	 0.956261 	 0.000844964 	 0.00175958
1020 	 3595 	 0.956261 	 0.000844964 	 0.00175958
1020 	 3600 	 0.956261 	 0.000844964 	 0.00175958
1020 	 3605 	 0.956261 	 0.000844964 	 0.00175958
1020 	 3610 	 0.956261 	 0.000844964 	 0.00175958
1020 	 3615 	 0.956261 	 0.000844964 	 0.00175958
1020 	 3620 	 0.956261 	 0.000844964 	 0.00175958
1020 	 3625 	 0.956261 	 0.000844964 	 0.00175958
1020 	 3630 	 0.956261 	 0.000844964 	 0.00175958
1020 	 3635 	 0.956261 	 0.000844964 	 0.00175958
1020 	 3640 	 0.956261 	 0.000844964 	 0.00175958
1020 	 3645 	 0.956261 	 0.000844964 	 0.00175958
1020 	 3650 	 0.956261 	 0.000844964 	 0.00175958
1020 	 3655 	 0.956261 	 0.000844964 	 0.00175958
1020 	 3660 	 0.956261 	 0.000844964 	 0.00175958
1020 	 3665 	 0.956261 	 0.000844964 	 0.00175958
1020 	 3670 	 0.956261 	 0.000844964 	 0.00175958
1020 	 3675 	 0.956261 	 0.000844964 	 0.00175958
1020 	 3680 	 0.956261 	 0.000844964 	 0.00175958
1020 	 3685 	 0.956261 	 0.000844964 	 0.00175958
1020 	 3690 	 0.956261 	 0.000844964 	 0.00175958
1020 	 3695 	 0.956261 	 0.000844964 	 0.00175958
1020 	 3700 	 0.956261 	 0.000844964 	 0.00175958
1020 	 3705 	 0.956261 	 0.000844964 	 0.00175958
1020 	 3710 	 0.956261 	 0.000844964 	 0.00175958
1020 	 3715 	 0.956261 	 0.000844964 	 0.00175958
1020 	 3720 	 0.956261 	 0.000844964 	 0.00175958
1020 	 3725 	 0.956261 	 0.000844964 	 0.00175958
1020 	 3730 	 0.956261 	 0.000844964 	 0.00175958
1020 	 3735 	 0.956261 	 0.000844964 	 0.00175958
1020 	 3740 	 0.956261 	 0.000844964 	 0.00175958
1020 	 3745 	 0.956261 	 0.000844964 	 0.00175958
1020 	 3750 	 0.956261 	 0.000844964 	 0.00175958
1020 	 3755 	 0.956261 	 0.000844964 	 0.00175958
1020 	 3760 	 0.956261 	 0.000844964 	 0.00175958
1020 	 3765 	 0.956261 	 0.000844964 	 0.00175958
1020 	 3770 	 0.956261 	 0.000844964 	 0.00175958
1020 	 3775 	 0.956261 	 0.000844964 	 0.00175958
1020 	 3780 	 0.956261 	 0.000844964 	 0.00175958
1020 	 3785 	 0.956261 	 0.000844964 	 0.00175958
1020 	 3790 	 0.956261 	 0.000844964 	 0.00175958
1020 	 3795 	 0.956261 	 0.000844964 	 0.00175958
1020 	 3800 	 0.956261 	 0.000844964 	 0.00175958
1020 	 3805 	 0.956261 	 0.000844964 	 0.00175958
1020 	 3810 	 0.956261 	 0.000844964 	 0.00175958
1020 	 3815 	 0.956261 	 0.000844964 	 0.00175958
1020 	 3820 	 0.956261 	 0.000844964 	 0.00175958
1020 	 3825 	 0.956261 	 0.000844964 	 0.00175958
1020 	 3830 	 0.956261 	 0.000844964 	 0.00175958
1020 	 3835 	 0.956261 	 0.000844964 	 0.00175958
1020 	 3840 	 0.956261 	 0.000844964 	 0.00175958
1020 	 3845 	 0.956261 	 0.000844964 	 0.00175958
1020 	 3850 	 0.956261 	 0.000844964 	 0.00175958
1020 	 3855 	 0.956261 	 0.000844964 	 0.00175958
1020 	 3860 	 0.956261 	 0.000844964 	 0.00175958
1020 	 3865 	 0.956261 	 0.000844964 	 0.00175958
1020 	 3870 	 0.956261 	 0.000844964 	 0.00175958
1020 	 3875 	 0.956261 	 0.000844964 	 0.00175958
1020 	 3880 	 0.956261 	 0.000844964 	 0.00175958
1020 	 3885 	 0.956261 	 0.000844964 	 0.00175958
1020 	 3890 	 0.956261 	 0.000844964 	 0.00175958
1020 	 3895 	 0.956261 	 0.000844964 	 0.00175958
1020 	 3900 	 0.956261 	 0.000844964 	 0.00175958
1020 	 3905 	 0.956261 	 0.000844964 	 0.00175958
1020 	 3910 	 0.956261 	 0.000844964 	 0.00175958
1020 	 3915 	 0.956261 	 0.000844964 	 0.00175958
1020 	 3920 	 0.956261 	 0.000844964 	 0.00175958
1020 	 3925 	 0.956261 	 0.000844964 	 0.00175958
1020 	 3930 	 0.956261 	 0.000844964 	 0.00175958
1020 	 3935 	 0.956261 	 0.000844964 	 0.00175958
1020 	 3940 	 0.956261 	 0.000844964 	 0.00175958
1020 	 3945 	 0.956261 	 0.000844964 	 0.00175958
1020 	 3950 	 0.956261 	 0.000844964 	 0.00175958
1020 	 3955 	 0.956261 	 0.000844964 	 0.00175958
1020 	 3960 	 0.956261 	 0.000844964 	 0.00175958
1020 	 3965 	 0.956261 	 0.000844964 	 0.00175958
1020 	 3970 	 0.956261 	 0.000844964 	 0.00175958
1020 	 3975 	 0.956261 	 0.000844964 	 0.00175958
1020 	 3980 	 0.956261 	 0.000844964 	 0.00175958
1020 	 3985 	 0.956261 	 0.000844964 	 0.00175958
1020 	 3990 	 0.956261 	 0.000844964 	 0.00175958
1020 	 3995 	 0.956261 	 0.000844964 	 0.00175958
1020 	 4000 	 0.956261 	 0.000844964 	 0.00175958
1020 	 4005 	 0.956261 	 0.000844964 	 0.00175958
1020 	 4010 	 0.956261 	 0.000844964 	 0.00175958
1020 	 4015 	 0.956261 	 0.000844964 	 0.00175958
1020 	 4020 	 0.956261 	 0.000844964 	 0.00175958
1020 	 4025 	 0.956261 	 0.000844964 	 0.00175958
1020 	 4030 	 0.956261 	 0.000844964 	 0.00175958
1020 	 4035 	 0.956261 	 0.000844964 	 0.00175958
1020 	 4040 	 0.956261 	 0.000844964 	 0.00175958
1020 	 4045 	 0.956261 	 0.000844964 	 0.00175958
1020 	 4050 	 0.956261 	 0.000844964 	 0.00175958
1020 	 4055 	 0.956261 	 0.000844964 	 0.00175958
1020 	 4060 	 0.956261 	 0.000844964 	 0.00175958
1020 	 4065 	 0.956261 	 0.000844964 	 0.00175958
1020 	 4070 	 0.956261 	 0.000844964 	 0.00175958
1020 	 4075 	 0.956261 	 0.000844964 	 0.00175958
1020 	 4080 	 0.956261 	 0.000844964 	 0.00175958
1020 	 4085 	 0.956261 	 0.000844964 	 0.00175958
1020 	 4090 	 0.956261 	 0.000844964 	 0.00175958
1020 	 4095 	 0.956261 	 0.000844964 	 0.00175958
1020 	 4100 	 0.956261 	 0.000844964 	 0.00175958
1020 	 4105 	 0.956261 	 0.000844964 	 0.00175958
1020 	 4110 	 0.956261 	 0.000844964 	 0.00175958
1020 	 4115 	 0.956261 	 0.000844964 	 0.00175958
1020 	 4120 	 0.956261 	 0.000844964 	 0.00175958
1020 	 4125 	 0.956261 	 0.000844964 	 0.00175958
1020 	 4130 	 0.956261 	 0.000844964 	 0.00175958
1020 	 4135 	 0.956261 	 0.000844964 	 0.00175958
1020 	 4140 	 0.956261 	 0.000844964 	 0.00175958
1020 	 4145 	 0.956261 	 0.000844964 	 0.00175958
1020 	 4150 	 0.956261 	 0.000844964 	 0.00175958
1020 	 4155 	 0.956261 	 0.000844964 	 0.00175958
1020 	 4160 	 0.956261 	 0.000844964 	 0.00175958
1020 	 4165 	 0.956261 	 0.000844964 	 0.00175958
1020 	 4170 	 0.956261 	 0.000844964 	 0.00175958
1020 	 4175 	 0.956261 	 0.000844964 	 0.00175958
1020 	 4180 	 0.956261 	 0.000844964 	 0.00175958
1020 	 4185 	 0.956261 	 0.000844964 	 0.00175958
1020 	 4190 	 0.956261 	 0.000844964 	 0.00175958
1020 	 4195 	 0.956261 	 0.000844964 	 0.00175958
1020 	 4200 	 0.956261 	 0.000844964 	 0.00175958
1020 	 4205 	 0.956261 	 0.000844964 	 0.00175958
1020 	 4210 	 0.956261 	 0.000844964 	 0.00175958
1020 	 4215 	 0.956261 	 0.000844964 	 0.00175958
1020 	 4220 	 0.956261 	 0.000844964 	 0.00175958
1020 	 4225 	 0.956261 	 0.000844964 	 0.00175958
1020 	 4230 	 0.956261 	 0.000844964 	 0.00175958
1020 	 4235 	 0.956261 	 0.000844964 	 0.00175958
1020 	 4240 	 0.956261 	 0.000844964 	 0.00175958
1020 	 4245 	 0.956261 	 0.000844964 	 0.00175958
1020 	 4250 	 0.956261 	 0.000844964 	 0.00175958
1020 	 4255 	 0.956261 	 0.000844964 	 0.00175958
1020 	 4260 	 0.956261 	 0.000844964 	 0.00175958
1020 	 4265 	 0.956261 	 0.000844964 	 0.00175958
1020 	 4270 	 0.956261 	 0.000844964 	 0.00175958
1020 	 4275 	 0.956261 	 0.000844964 	 0.00175958
1020 	 4280 	 0.956261 	 0.000844964 	 0.00175958
1020 	 4285 	 0.956261 	 0.000844964 	 0.00175958
1020 	 4290 	 0.956261 	 0.000844964 	 0.00175958
1020 	 4295 	 0.956261 	 0.000844964 	 0.00175958
1020 	 4300 	 0.956261 	 0.000844964 	 0.00175958
1020 	 4305 	 0.956261 	 0.000844964 	 0.00175958
1020 	 4310 	 0.956261 	 0.000844964 	 0.00175958
1020 	 4315 	 0.956261 	 0.000844964 	 0.00175958
1020 	 4320 	 0.956261 	 0.000844964 	 0.00175958
1020 	 4325 	 0.956261 	 0.000844964 	 0.00175958
1020 	 4330 	 0.956261 	 0.000844964 	 0.00175958
1020 	 4335 	 0.956261 	 0.000844964 	 0.00175958
1020 	 4340 	 0.956261 	 0.000844964 	 0.00175958
1020 	 4345 	 0.956261 	 0.000844964 	 0.00175958
1020 	 4350 	 0.956261 	 0.000844964 	 0.00175958
1020 	 4355 	 0.956261 	 0.000844964 	 0.00175958
1020 	 4360 	 0.956261 	 0.000844964 	 0.00175958
1020 	 4365 	 0.956261 	 0.000844964 	 0.00175958
1020 	 4370 	 0.956261 	 0.000844964 	 0.00175958
1020 	 4375 	 0.956261 	 0.000844964 	 0.00175958
1020 	 4380 	 0.956261 	 0.000844964 	 0.00175958
1020 	 4385 	 0.956261 	 0.000844964 	 0.00175958
1020 	 4390 	 0.956261 	 0.000844964 	 0.00175958
1020 	 4395 	 0.956261 	 0.000844964 	 0.00175958
1020 	 4400 	 0.956261 	 0.000844964 	 0.00175958
1020 	 4405 	 0.956261 	 0.000844964 	 0.00175958
1020 	 4410 	 0.956261 	 0.000844964 	 0.00175958
1020 	 4415 	 0.956261 	 0.000844964 	 0.00175958
1020 	 4420 	 0.956261 	 0.000844964 	 0.00175958
1020 	 4425 	 0.956261 	 0.000844964 	 0.00175958
1020 	 4430 	 0.956261 	 0.000844964 	 0.00175958
1020 	 4435 	 0.956261 	 0.000844964 	 0.00175958
1020 	 4440 	 0.956261 	 0.000844964 	 0.00175958
1020 	 4445 	 0.956261 	 0.000844964 	 0.00175958
1020 	 4450 	 0.956261 	 0.000844964 	 0.00175958
1020 	 4455 	 0.956261 	 0.000844964 	 0.00175958
1020 	 4460 	 0.956261 	 0.000844964 	 0.00175958
1020 	 4465 	 0.956261 	 0.000844964 	 0.00175958
1020 	 4470 	 0.956261 	 0.000844964 	 0.00175958
1020 	 4475 	 0.956261 	 0.000844964 	 0.00175958
1020 	 4480 	 0.956261 	 0.000844964 	 0.00175958
1020 	 4485 	 0.956261 	 0.000844964 	 0.00175958
1020 	 4490 	 0.956261 	 0.000844964 	 0.00175958
1020 	 4495 	 0.956261 	 0.000844964 	 0.00175958
1020 	 4500 	 0.956261 	 0.000844964 	 0.00175958
1020 	 4505 	 0.956261 	 0.000844964 	 0.00175958
1020 	 4510 	 0.956261 	 0.000844964 	 0.00175958
1020 	 4515 	 0.956261 	 0.000844964 	 0.00175958
1020 	 4520 	 0.956261 	 0.000844964 	 0.00175958
1020 	 4525 	 0.956261 	 0.000844964 	 0.00175958
1020 	 4530 	 0.956261 	 0.000844964 	 0.00175958
1020 	 4535 	 0.956261 	 0.000844964 	 0.00175958
1020 	 4540 	 0.956261 	 0.000844964 	 0.00175958
1020 	 4545 	 0.956261 	 0.000844964 	 0.00175958
1020 	 4550 	 0.956261 	 0.000844964 	 0.00175958
1020 	 4555 	 0.956261 	 0.000844964 	 0.00175958
1020 	 4560 	 0.956261 	 0.000844964 	 0.00175958
1020 	 4565 	 0.956261 	 0.000844964 	 0.00175958
1020 	 4570 	 0.956261 	 0.000844964 	 0.00175958
1020 	 4575 	 0.956261 	 0.000844964 	 0.00175958
1020 	 4580 	 0.956261 	 0.000844964 	 0.00175958
1020 	 4585 	 0.956261 	 0.000844964 	 0.00175958
1020 	 4590 	 0.956261 	 0.000844964 	 0.00175958
1020 	 4595 	 0.956261 	 0.000844964 	 0.00175958
1020 	 4600 	 0.956261 	 0.000844964 	 0.00175958
1020 	 4605 	 0.956261 	 0.000844964 	 0.00175958
1020 	 4610 	 0.956261 	 0.000844964 	 0.00175958
1020 	 4615 	 0.956261 	 0.000844964 	 0.00175958
1020 	 4620 	 0.956261 	 0.000844964 	 0.00175958
1020 	 4625 	 0.956261 	 0.000844964 	 0.00175958
1020 	 4630 	 0.956261 	 0.000844964 	 0.00175958
1020 	 4635 	 0.956261 	 0.000844964 	 0.00175958
1020 	 4640 	 0.956261 	 0.000844964 	 0.00175958
1020 	 4645 	 0.956261 	 0.000844964 	 0.00175958
1020 	 4650 	 0.956261 	 0.000844964 	 0.00175958
1020 	 4655 	 0.956261 	 0.000844964 	 0.00175958
1020 	 4660 	 0.956261 	 0.000844964 	 0.00175958
1020 	 4665 	 0.956261 	 0.000844964 	 0.00175958
1020 	 4670 	 0.956261 	 0.000844964 	 0.00175958
1020 	 4675 	 0.956261 	 0.000844964 	 0.00175958
1020 	 4680 	 0.956261 	 0.000844964 	 0.00175958
1020 	 4685 	 0.956261 	 0.000844964 	 0.00175958
1020 	 4690 	 0.956261 	 0.000844964 	 0.00175958
1020 	 4695 	 0.956261 	 0.000844964 	 0.00175958
1020 	 4700 	 0.956261 	 0.000844964 	 0.00175958
1020 	 4705 	 0.956261 	 0.000844964 	 0.00175958
1020 	 4710 	 0.956261 	 0.000844964 	 0.00175958
1020 	 4715 	 0.956261 	 0.000844964 	 0.00175958
1020 	 4720 	 0.956261 	 0.000844964 	 0.00175958
1020 	 4725 	 0.956261 	 0.000844964 	 0.00175958
1020 	 4730 	 0.956261 	 0.000844964 	 0.00175958
1020 	 4735 	 0.956261 	 0.000844964 	 0.00175958
1020 	 4740 	 0.956261 	 0.000844964 	 0.00175958
1020 	 4745 	 0.956261 	 0.000844964 	 0.00175958
1020 	 4750 	 0.956261 	 0.000844964 	 0.00175958
1020 	 4755 	 0.956261 	 0.000844964 	 0.00175958
1020 	 4760 	 0.956261 	 0.000844964 	 0.00175958
1020 	 4765 	 0.956261 	 0.000844964 	 0.00175958
1020 	 4770 	 0.956261 	 0.000844964 	 0.00175958
1020 	 4775 	 0.956261 	 0.000844964 	 0.00175958
1020 	 4780 	 0.956261 	 0.000844964 	 0.00175958
1020 	 4785 	 0.956261 	 0.000844964 	 0.00175958
1020 	 4790 	 0.956261 	 0.000844964 	 0.00175958
1020 	 4795 	 0.956261 	 0.000844964 	 0.00175958
1020 	 4800 	 0.956261 	 0.000844964 	 0.00175958
1020 	 4805 	 0.956261 	 0.000844964 	 0.00175958
1020 	 4810 	 0.956261 	 0.000844964 	 0.00175958
1020 	 4815 	 0.956261 	 0.000844964 	 0.00175958
1020 	 4820 	 0.956261 	 0.000844964 	 0.00175958
1020 	 4825 	 0.956261 	 0.000844964 	 0.00175958
1020 	 4830 	 0.956261 	 0.000844964 	 0.00175958
1020 	 4835 	 0.956261 	 0.000844964 	 0.00175958
1020 	 4840 	 0.956261 	 0.000844964 	 0.00175958
1020 	 4845 	 0.956261 	 0.000844964 	 0.00175958
1020 	 4850 	 0.956261 	 0.000844964 	 0.00175958
1020 	 4855 	 0.956261 	 0.000844964 	 0.00175958
1020 	 4860 	 0.956261 	 0.000844964 	 0.00175958
1020 	 4865 	 0.956261 	 0.000844964 	 0.00175958
1020 	 4870 	 0.956261 	 0.000844964 	 0.00175958
1020 	 4875 	 0.956261 	 0.000844964 	 0.00175958
1020 	 4880 	 0.956261 	 0.000844964 	 0.00175958
1020 	 4885 	 0.956261 	 0.000844964 	 0.00175958
1020 	 4890 	 0.956261 	 0.000844964 	 0.00175958
1020 	 4895 	 0.956261 	 0.000844964 	 0.00175958
1020 	 4900 	 0.956261 	 0.000844964 	 0.00175958
1020 	 4905 	 0.956261 	 0.000844964 	 0.00175958
1020 	 4910 	 0.956261 	 0.000844964 	 0.00175958
1020 	 4915 	 0.956261 	 0.000844964 	 0.00175958
1020 	 4920 	 0.956261 	 0.000844964 	 0.00175958
1020 	 4925 	 0.956261 	 0.000844964 	 0.00175958
1020 	 4930 	 0.956261 	 0.000844964 	 0.00175958
1020 	 4935 	 0.956261 	 0.000844964 	 0.00175958
1020 	 4940 	 0.956261 	 0.000844964 	 0.00175958
1020 	 4945 	 0.956261 	 0.000844964 	 0.00175958
1020 	 4950 	 0.956261 	 0.000844964 	 0.00175958
1020 	 4955 	 0.956261 	 0.000844964 	 0.00175958
1020 	 4960 	 0.956261 	 0.000844964 	 0.00175958
1020 	 4965 	 0.956261 	 0.000844964 	 0.00175958
1020 	 4970 	 0.956261 	 0.000844964 	 0.00175958
1020 	 4975 	 0.956261 	 0.000844964 	 0.00175958
1020 	 4980 	 0.956261 	 0.000844964 	 0.00175958
1020 	 4985 	 0.956261 	 0.000844964 	 0.00175958
1020 	 4990 	 0.956261 	 0.000844964 	 0.00175958
1020 	 4995 	 0.956261 	 0.000844964 	 0.00175958
1020 	 5000 	 0.956261 	 0.000844964 	 0.00175958
