1585 	 5 	 0.876451 	 0.0052962	0.0110647
1585 	 10 	 0.879063 	 0.00426473	0.00890979
1585 	 15 	 0.882728 	 0.003157	0.00659554
1585 	 20 	 0.887572 	 0.00209388	0.0043745
1585 	 25 	 0.893489 	 0.00123656	0.00258341
1585 	 30 	 0.900063 	 0.00108231	0.00226115
1585 	 35 	 0.912478 	 0.00181853	0.00379925
1585 	 40 	 0.921478 	 0.000964075	0.00201413
1585 	 45 	 0.928596 	 0.000679587	0.00141978
1585 	 50 	 0.934044 	 0.000664105	0.00138744
1585 	 55 	 0.9381 	 0.00062826	0.00131255
1585 	 60 	 0.941078 	 0.000562001	0.00117412
1585 	 65 	 0.943268 	 0.000513155	0.00107207
1585 	 70 	 0.944897 	 0.000497962	0.00104033
1585 	 75 	 0.946136 	 0.000503062	0.00105099
1585 	 80 	 0.947102 	 0.000511987	0.00106963
1585 	 85 	 0.947877 	 0.000516957	0.00108002
1585 	 90 	 0.948516 	 0.000516935	0.00107997
1585 	 95 	 0.949055 	 0.000513682	0.00107318
1585 	 100 	 0.949519 	 0.000509417	0.00106426
1585 	 105 	 0.949927 	 0.000505862	0.00105684
1585 	 110 	 0.95029 	 0.000504012	0.00105297
1585 	 115 	 0.950617 	 0.000504233	0.00105344
1585 	 120 	 0.950913 	 0.000506455	0.00105808
1585 	 125 	 0.951185 	 0.000510369	0.00106625
1585 	 130 	 0.951436 	 0.000515577	0.00107713
1585 	 135 	 0.951668 	 0.00052168	0.00108988
1585 	 140 	 0.951883 	 0.000528329	0.00110378
1585 	 145 	 0.952085 	 0.000535244	0.00111822
1585 	 150 	 0.952273 	 0.000542209	0.00113277
1585 	 155 	 0.95245 	 0.000549069	0.00114711
1585 	 160 	 0.952616 	 0.000555718	0.001161
1585 	 165 	 0.952773 	 0.000562087	0.0011743
1585 	 170 	 0.952921 	 0.000568136	0.00118694
1585 	 175 	 0.953061 	 0.000573843	0.00119886
1585 	 180 	 0.953194 	 0.000579204	0.00121006
1585 	 185 	 0.95332 	 0.000584224	0.00122055
1585 	 190 	 0.95344 	 0.000588914	0.00123035
1585 	 195 	 0.953555 	 0.000593289	0.00123949
1585 	 200 	 0.953664 	 0.000597367	0.00124801
1585 	 205 	 0.953768 	 0.000601169	0.00125595
1585 	 210 	 0.953868 	 0.000604713	0.00126336
1585 	 215 	 0.953964 	 0.000608019	0.00127026
1585 	 220 	 0.954055 	 0.000611106	0.00127671
1585 	 225 	 0.954143 	 0.000613992	0.00128274
1585 	 230 	 0.954227 	 0.000616694	0.00128839
1585 	 235 	 0.954308 	 0.000619228	0.00129368
1585 	 240 	 0.954386 	 0.000621609	0.00129865
1585 	 245 	 0.954461 	 0.00062385	0.00130334
1585 	 250 	 0.954534 	 0.000625964	0.00130775
1585 	 255 	 0.954603 	 0.000627964	0.00131193
1585 	 260 	 0.954671 	 0.000629858	0.00131589
1585 	 265 	 0.954736 	 0.000631659	0.00131965
1585 	 270 	 0.954799 	 0.000633373	0.00132323
1585 	 275 	 0.954859 	 0.00063501	0.00132665
1585 	 280 	 0.954918 	 0.000636578	0.00132993
1585 	 285 	 0.954975 	 0.000638082	0.00133307
1585 	 290 	 0.95503 	 0.000639529	0.00133609
1585 	 295 	 0.955084 	 0.000640926	0.00133901
1585 	 300 	 0.955136 	 0.000642276	0.00134183
1585 	 305 	 0.955186 	 0.000643585	0.00134457
1585 	 310 	 0.955235 	 0.000644858	0.00134723
1585 	 315 	 0.955283 	 0.000646097	0.00134981
1585 	 320 	 0.955329 	 0.000647306	0.00135234
1585 	 325 	 0.955374 	 0.00064849	0.00135481
1585 	 330 	 0.955418 	 0.00064965	0.00135724
1585 	 335 	 0.95546 	 0.000650789	0.00135962
1585 	 340 	 0.955502 	 0.00065191	0.00136196
1585 	 345 	 0.955542 	 0.000653014	0.00136427
1585 	 350 	 0.955582 	 0.000654104	0.00136654
1585 	 355 	 0.95562 	 0.000655182	0.0013688
1585 	 360 	 0.955658 	 0.000656249	0.00137102
1585 	 365 	 0.955694 	 0.000657307	0.00137323
1585 	 370 	 0.95573 	 0.000658356	0.00137543
1585 	 375 	 0.955765 	 0.000659399	0.0013776
1585 	 380 	 0.955799 	 0.000660435	0.00137977
1585 	 385 	 0.955832 	 0.000661467	0.00138193
1585 	 390 	 0.955864 	 0.000662495	0.00138407
1585 	 395 	 0.955896 	 0.000663519	0.00138621
1585 	 400 	 0.955927 	 0.000664541	0.00138835
1585 	 405 	 0.955957 	 0.000665561	0.00139048
1585 	 410 	 0.955987 	 0.000666579	0.00139261
1585 	 415 	 0.956016 	 0.000667596	0.00139473
1585 	 420 	 0.956045 	 0.000668613	0.00139685
1585 	 425 	 0.956073 	 0.00066963	0.00139898
1585 	 430 	 0.9561 	 0.000670646	0.0014011
1585 	 435 	 0.956127 	 0.000671664	0.00140323
1585 	 440 	 0.956153 	 0.000672681	0.00140535
1585 	 445 	 0.956179 	 0.0006737	0.00140748
1585 	 450 	 0.956204 	 0.00067472	0.00140961
1585 	 455 	 0.956228 	 0.000675741	0.00141175
1585 	 460 	 0.956253 	 0.000676763	0.00141388
1585 	 465 	 0.956276 	 0.000677786	0.00141602
1585 	 470 	 0.9563 	 0.000678811	0.00141816
1585 	 475 	 0.956323 	 0.000679838	0.00142031
1585 	 480 	 0.956345 	 0.000680866	0.00142245
1585 	 485 	 0.956367 	 0.000681896	0.00142461
1585 	 490 	 0.956389 	 0.000682928	0.00142676
1585 	 495 	 0.95641 	 0.000683961	0.00142892
1585 	 500 	 0.956431 	 0.000684996	0.00143108
1585 	 505 	 0.956452 	 0.000686032	0.00143325
1585 	 510 	 0.956472 	 0.00068707	0.00143541
1585 	 515 	 0.956492 	 0.00068811	0.00143759
1585 	 520 	 0.956511 	 0.000689151	0.00143976
1585 	 525 	 0.956531 	 0.000690193	0.00144194
1585 	 530 	 0.95655 	 0.000691237	0.00144412
1585 	 535 	 0.956568 	 0.000692282	0.0014463
1585 	 540 	 0.956586 	 0.000693328	0.00144849
1585 	 545 	 0.956604 	 0.000694376	0.00145068
1585 	 550 	 0.956622 	 0.000695424	0.00145287
1585 	 555 	 0.95664 	 0.000696474	0.00145506
1585 	 560 	 0.956657 	 0.000697525	0.00145726
1585 	 565 	 0.956674 	 0.000698576	0.00145945
1585 	 570 	 0.95669 	 0.000699629	0.00146165
1585 	 575 	 0.956707 	 0.000700682	0.00146385
1585 	 580 	 0.956723 	 0.000701735	0.00146605
1585 	 585 	 0.956739 	 0.00070279	0.00146826
1585 	 590 	 0.956754 	 0.000703844	0.00147046
1585 	 595 	 0.95677 	 0.000704899	0.00147266
1585 	 600 	 0.956785 	 0.000705955	0.00147487
1585 	 605 	 0.9568 	 0.00070701	0.00147707
1585 	 610 	 0.956815 	 0.000708066	0.00147928
1585 	 615 	 0.956829 	 0.000709122	0.00148148
1585 	 620 	 0.956844 	 0.000710177	0.00148369
1585 	 625 	 0.956858 	 0.000711233	0.0014859
1585 	 630 	 0.956872 	 0.000712289	0.0014881
1585 	 635 	 0.956886 	 0.000713344	0.0014903
1585 	 640 	 0.956899 	 0.000714399	0.00149251
1585 	 645 	 0.956913 	 0.000715453	0.00149471
1585 	 650 	 0.956926 	 0.000716507	0.00149691
1585 	 655 	 0.956939 	 0.00071756	0.00149911
1585 	 660 	 0.956952 	 0.000718613	0.00150131
1585 	 665 	 0.956965 	 0.000719665	0.00150351
1585 	 670 	 0.956977 	 0.000720716	0.00150571
1585 	 675 	 0.95699 	 0.000721767	0.0015079
1585 	 680 	 0.957002 	 0.000722817	0.0015101
1585 	 685 	 0.957014 	 0.000723865	0.00151229
1585 	 690 	 0.957026 	 0.000724913	0.00151447
1585 	 695 	 0.957038 	 0.000725959	0.00151666
1585 	 700 	 0.957049 	 0.000727005	0.00151884
1585 	 705 	 0.957061 	 0.000728049	0.00152103
1585 	 710 	 0.957072 	 0.000729092	0.00152321
1585 	 715 	 0.957083 	 0.000730133	0.00152538
1585 	 720 	 0.957094 	 0.000731173	0.00152755
1585 	 725 	 0.957105 	 0.000732212	0.00152972
1585 	 730 	 0.957116 	 0.000733249	0.00153189
1585 	 735 	 0.957127 	 0.000734285	0.00153406
1585 	 740 	 0.957138 	 0.000735319	0.00153622
1585 	 745 	 0.957148 	 0.000736352	0.00153837
1585 	 750 	 0.957158 	 0.000737383	0.00154053
1585 	 755 	 0.957168 	 0.000738412	0.00154268
1585 	 760 	 0.957179 	 0.00073944	0.00154482
1585 	 765 	 0.957189 	 0.000740465	0.00154697
1585 	 770 	 0.957198 	 0.000741489	0.00154911
1585 	 775 	 0.957208 	 0.000742511	0.00155124
1585 	 780 	 0.957218 	 0.000743531	0.00155337
1585 	 785 	 0.957227 	 0.00074455	0.0015555
1585 	 790 	 0.957237 	 0.000745566	0.00155762
1585 	 795 	 0.957246 	 0.00074658	0.00155974
1585 	 800 	 0.957255 	 0.000747592	0.00156186
1585 	 805 	 0.957265 	 0.000748602	0.00156397
1585 	 810 	 0.957274 	 0.000749611	0.00156607
1585 	 815 	 0.957283 	 0.000750616	0.00156817
1585 	 820 	 0.957291 	 0.00075162	0.00157027
1585 	 825 	 0.9573 	 0.000752622	0.00157236
1585 	 830 	 0.957309 	 0.000753621	0.00157445
1585 	 835 	 0.957317 	 0.000754618	0.00157654
1585 	 840 	 0.957326 	 0.000755613	0.00157861
1585 	 845 	 0.957334 	 0.000756606	0.00158069
1585 	 850 	 0.957343 	 0.000757596	0.00158276
1585 	 855 	 0.957351 	 0.000758584	0.00158482
1585 	 860 	 0.957359 	 0.00075957	0.00158688
1585 	 865 	 0.957367 	 0.000760553	0.00158893
1585 	 870 	 0.957375 	 0.000761534	0.00159098
1585 	 875 	 0.957383 	 0.000762513	0.00159303
1585 	 880 	 0.957391 	 0.000763489	0.00159507
1585 	 885 	 0.957399 	 0.000764463	0.0015971
1585 	 890 	 0.957406 	 0.000765434	0.00159913
1585 	 895 	 0.957414 	 0.000766403	0.00160116
1585 	 900 	 0.957421 	 0.000767369	0.00160317
1585 	 905 	 0.957429 	 0.000768333	0.00160519
1585 	 910 	 0.957436 	 0.000769295	0.0016072
1585 	 915 	 0.957444 	 0.000770254	0.0016092
1585 	 920 	 0.957451 	 0.00077121	0.0016112
1585 	 925 	 0.957458 	 0.000772164	0.00161319
1585 	 930 	 0.957465 	 0.000773116	0.00161518
1585 	 935 	 0.957472 	 0.000774064	0.00161716
1585 	 940 	 0.957479 	 0.000775011	0.00161914
1585 	 945 	 0.957486 	 0.000775954	0.00162111
1585 	 950 	 0.957493 	 0.000776896	0.00162308
1585 	 955 	 0.9575 	 0.000777834	0.00162504
1585 	 960 	 0.957507 	 0.00077877	0.00162699
1585 	 965 	 0.957513 	 0.000779704	0.00162894
1585 	 970 	 0.95752 	 0.000780634	0.00163089
1585 	 975 	 0.957526 	 0.000781563	0.00163283
1585 	 980 	 0.957533 	 0.000782488	0.00163476
1585 	 985 	 0.957539 	 0.000783411	0.00163669
1585 	 990 	 0.957546 	 0.000784332	0.00163861
1585 	 995 	 0.957552 	 0.00078525	0.00164053
1585 	 1000 	 0.957558 	 0.000786165	0.00164244
1585 	 1005 	 0.957565 	 0.000787078	0.00164435
1585 	 1010 	 0.957571 	 0.000787988	0.00164625
1585 	 1015 	 0.957577 	 0.000788895	0.00164815
1585 	 1020 	 0.957583 	 0.0007898	0.00165004
1585 	 1025 	 0.957589 	 0.000790702	0.00165192
1585 	 1030 	 0.957595 	 0.000791601	0.0016538
1585 	 1035 	 0.957601 	 0.000792498	0.00165567
1585 	 1040 	 0.957607 	 0.000793393	0.00165754
1585 	 1045 	 0.957613 	 0.000794284	0.0016594
1585 	 1050 	 0.957619 	 0.000795173	0.00166126
1585 	 1055 	 0.957624 	 0.00079606	0.00166311
1585 	 1060 	 0.95763 	 0.000796944	0.00166496
1585 	 1065 	 0.957636 	 0.000797825	0.0016668
1585 	 1070 	 0.957641 	 0.000798704	0.00166864
1585 	 1075 	 0.957647 	 0.00079958	0.00167047
1585 	 1080 	 0.957652 	 0.000800453	0.00167229
1585 	 1085 	 0.957658 	 0.000801324	0.00167411
1585 	 1090 	 0.957663 	 0.000802192	0.00167593
1585 	 1095 	 0.957669 	 0.000803058	0.00167773
1585 	 1100 	 0.957674 	 0.000803921	0.00167954
1585 	 1105 	 0.957679 	 0.000804781	0.00168133
1585 	 1110 	 0.957684 	 0.000805639	0.00168313
1585 	 1115 	 0.95769 	 0.000806494	0.00168491
1585 	 1120 	 0.957695 	 0.000807347	0.00168669
1585 	 1125 	 0.9577 	 0.000808197	0.00168847
1585 	 1130 	 0.957705 	 0.000809044	0.00169024
1585 	 1135 	 0.95771 	 0.000809889	0.00169201
1585 	 1140 	 0.957715 	 0.000810732	0.00169377
1585 	 1145 	 0.95772 	 0.000811572	0.00169552
1585 	 1150 	 0.957725 	 0.000812409	0.00169727
1585 	 1155 	 0.95773 	 0.000813244	0.00169901
1585 	 1160 	 0.957735 	 0.000814076	0.00170075
1585 	 1165 	 0.95774 	 0.000814906	0.00170249
1585 	 1170 	 0.957745 	 0.000815733	0.00170421
1585 	 1175 	 0.957749 	 0.000816558	0.00170594
1585 	 1180 	 0.957754 	 0.00081738	0.00170766
1585 	 1185 	 0.957759 	 0.000818199	0.00170937
1585 	 1190 	 0.957763 	 0.000819017	0.00171107
1585 	 1195 	 0.957768 	 0.000819831	0.00171278
1585 	 1200 	 0.957773 	 0.000820643	0.00171447
1585 	 1205 	 0.957777 	 0.000821453	0.00171616
1585 	 1210 	 0.957782 	 0.00082226	0.00171785
1585 	 1215 	 0.957786 	 0.000823065	0.00171953
1585 	 1220 	 0.957791 	 0.000823867	0.00172121
1585 	 1225 	 0.957795 	 0.000824667	0.00172288
1585 	 1230 	 0.9578 	 0.000825464	0.00172455
1585 	 1235 	 0.957804 	 0.000826259	0.00172621
1585 	 1240 	 0.957808 	 0.000827052	0.00172786
1585 	 1245 	 0.957813 	 0.000827842	0.00172951
1585 	 1250 	 0.957817 	 0.000828629	0.00173116
1585 	 1255 	 0.957821 	 0.000829415	0.0017328
1585 	 1260 	 0.957825 	 0.000830198	0.00173443
1585 	 1265 	 0.95783 	 0.000830978	0.00173606
1585 	 1270 	 0.957834 	 0.000831756	0.00173769
1585 	 1275 	 0.957838 	 0.000832532	0.00173931
1585 	 1280 	 0.957842 	 0.000833305	0.00174093
1585 	 1285 	 0.957846 	 0.000834076	0.00174254
1585 	 1290 	 0.95785 	 0.000834844	0.00174414
1585 	 1295 	 0.957854 	 0.000835611	0.00174574
1585 	 1300 	 0.957858 	 0.000836374	0.00174734
1585 	 1305 	 0.957862 	 0.000837136	0.00174893
1585 	 1310 	 0.957866 	 0.000837895	0.00175052
1585 	 1315 	 0.95787 	 0.000838652	0.0017521
1585 	 1320 	 0.957874 	 0.000839407	0.00175367
1585 	 1325 	 0.957878 	 0.000840159	0.00175525
1585 	 1330 	 0.957882 	 0.000840909	0.00175681
1585 	 1335 	 0.957886 	 0.000841657	0.00175837
1585 	 1340 	 0.95789 	 0.000842402	0.00175993
1585 	 1345 	 0.957893 	 0.000843145	0.00176148
1585 	 1350 	 0.957897 	 0.000843886	0.00176303
1585 	 1355 	 0.957901 	 0.000844625	0.00176457
1585 	 1360 	 0.957905 	 0.000845361	0.00176611
1585 	 1365 	 0.957908 	 0.000846095	0.00176765
1585 	 1370 	 0.957912 	 0.000846827	0.00176918
1585 	 1375 	 0.957916 	 0.000847557	0.0017707
1585 	 1380 	 0.957919 	 0.000848284	0.00177222
1585 	 1385 	 0.957923 	 0.000849009	0.00177374
1585 	 1390 	 0.957926 	 0.000849733	0.00177525
1585 	 1395 	 0.95793 	 0.000850453	0.00177675
1585 	 1400 	 0.957933 	 0.000851172	0.00177825
1585 	 1405 	 0.957937 	 0.000851889	0.00177975
1585 	 1410 	 0.95794 	 0.000852603	0.00178124
1585 	 1415 	 0.957944 	 0.000853315	0.00178273
1585 	 1420 	 0.957947 	 0.000854025	0.00178421
1585 	 1425 	 0.957951 	 0.000854733	0.00178569
1585 	 1430 	 0.957954 	 0.000855439	0.00178717
1585 	 1435 	 0.957958 	 0.000856143	0.00178864
1585 	 1440 	 0.957961 	 0.000856844	0.0017901
1585 	 1445 	 0.957964 	 0.000857543	0.00179156
1585 	 1450 	 0.957968 	 0.000858241	0.00179302
1585 	 1455 	 0.957971 	 0.000858936	0.00179447
1585 	 1460 	 0.957974 	 0.000859629	0.00179592
1585 	 1465 	 0.957978 	 0.00086032	0.00179737
1585 	 1470 	 0.957981 	 0.000861009	0.00179881
1585 	 1475 	 0.957984 	 0.000861696	0.00180024
1585 	 1480 	 0.957987 	 0.000862381	0.00180167
1585 	 1485 	 0.95799 	 0.000863064	0.0018031
1585 	 1490 	 0.957994 	 0.000863745	0.00180452
1585 	 1495 	 0.957997 	 0.000864424	0.00180594
1585 	 1500 	 0.958 	 0.0008651	0.00180735
1585 	 1505 	 0.958003 	 0.000865775	0.00180876
1585 	 1510 	 0.958006 	 0.000866448	0.00181017
1585 	 1515 	 0.958009 	 0.000867119	0.00181157
1585 	 1520 	 0.958012 	 0.000867787	0.00181297
1585 	 1525 	 0.958015 	 0.000868454	0.00181436
1585 	 1530 	 0.958018 	 0.000869119	0.00181575
1585 	 1535 	 0.958022 	 0.000869782	0.00181713
1585 	 1540 	 0.958025 	 0.000870443	0.00181851
1585 	 1545 	 0.958028 	 0.000871102	0.00181989
1585 	 1550 	 0.95803 	 0.000871759	0.00182126
1585 	 1555 	 0.958033 	 0.000872414	0.00182263
1585 	 1560 	 0.958036 	 0.000873067	0.001824
1585 	 1565 	 0.958039 	 0.000873719	0.00182536
1585 	 1570 	 0.958042 	 0.000874368	0.00182671
1585 	 1575 	 0.958045 	 0.000875015	0.00182807
1585 	 1580 	 0.958048 	 0.000875661	0.00182942
1585 	 1585 	 0.958051 	 0.000876305	0.00183076
1585 	 1590 	 0.958054 	 0.000876946	0.0018321
1585 	 1595 	 0.958057 	 0.000877586	0.00183344
1585 	 1600 	 0.958059 	 0.000878224	0.00183477
1585 	 1605 	 0.958062 	 0.000878861	0.0018361
1585 	 1610 	 0.958065 	 0.000879495	0.00183743
1585 	 1615 	 0.958068 	 0.000880128	0.00183875
1585 	 1620 	 0.95807 	 0.000880758	0.00184006
1585 	 1625 	 0.958073 	 0.000881387	0.00184138
1585 	 1630 	 0.958076 	 0.000882014	0.00184269
1585 	 1635 	 0.958079 	 0.00088264	0.00184399
1585 	 1640 	 0.958081 	 0.000883263	0.0018453
1585 	 1645 	 0.958084 	 0.000883885	0.0018466
1585 	 1650 	 0.958087 	 0.000884505	0.00184789
1585 	 1655 	 0.958089 	 0.000885123	0.00184918
1585 	 1660 	 0.958092 	 0.000885739	0.00185047
1585 	 1665 	 0.958095 	 0.000886354	0.00185175
1585 	 1670 	 0.958097 	 0.000886967	0.00185303
1585 	 1675 	 0.9581 	 0.000887578	0.00185431
1585 	 1680 	 0.958102 	 0.000888187	0.00185558
1585 	 1685 	 0.958105 	 0.000888795	0.00185685
1585 	 1690 	 0.958108 	 0.0008894	0.00185812
1585 	 1695 	 0.95811 	 0.000890005	0.00185938
1585 	 1700 	 0.958113 	 0.000890607	0.00186064
1585 	 1705 	 0.958115 	 0.000891208	0.0018619
1585 	 1710 	 0.958118 	 0.000891807	0.00186315
1585 	 1715 	 0.95812 	 0.000892404	0.00186439
1585 	 1720 	 0.958123 	 0.000893	0.00186564
1585 	 1725 	 0.958125 	 0.000893594	0.00186688
1585 	 1730 	 0.958128 	 0.000894186	0.00186812
1585 	 1735 	 0.95813 	 0.000894777	0.00186935
1585 	 1740 	 0.958133 	 0.000895366	0.00187058
1585 	 1745 	 0.958135 	 0.000895953	0.00187181
1585 	 1750 	 0.958137 	 0.000896539	0.00187303
1585 	 1755 	 0.95814 	 0.000897123	0.00187425
1585 	 1760 	 0.958142 	 0.000897705	0.00187547
1585 	 1765 	 0.958145 	 0.000898286	0.00187668
1585 	 1770 	 0.958147 	 0.000898865	0.00187789
1585 	 1775 	 0.958149 	 0.000899443	0.0018791
1585 	 1780 	 0.958152 	 0.000900019	0.0018803
1585 	 1785 	 0.958154 	 0.000900593	0.0018815
1585 	 1790 	 0.958156 	 0.000901166	0.0018827
1585 	 1795 	 0.958159 	 0.000901737	0.00188389
1585 	 1800 	 0.958161 	 0.000902307	0.00188508
1585 	 1805 	 0.958163 	 0.000902875	0.00188627
1585 	 1810 	 0.958166 	 0.000903442	0.00188745
1585 	 1815 	 0.958168 	 0.000904007	0.00188863
1585 	 1820 	 0.95817 	 0.00090457	0.00188981
1585 	 1825 	 0.958172 	 0.000905132	0.00189099
1585 	 1830 	 0.958175 	 0.000905692	0.00189216
1585 	 1835 	 0.958177 	 0.000906251	0.00189332
1585 	 1840 	 0.958179 	 0.000906808	0.00189449
1585 	 1845 	 0.958181 	 0.000907364	0.00189565
1585 	 1850 	 0.958184 	 0.000907918	0.00189681
1585 	 1855 	 0.958186 	 0.000908471	0.00189796
1585 	 1860 	 0.958188 	 0.000909022	0.00189911
1585 	 1865 	 0.95819 	 0.000909572	0.00190026
1585 	 1870 	 0.958192 	 0.00091012	0.00190141
1585 	 1875 	 0.958194 	 0.000910667	0.00190255
1585 	 1880 	 0.958197 	 0.000911212	0.00190369
1585 	 1885 	 0.958199 	 0.000911756	0.00190482
1585 	 1890 	 0.958201 	 0.000912298	0.00190596
1585 	 1895 	 0.958203 	 0.000912839	0.00190709
1585 	 1900 	 0.958205 	 0.000913379	0.00190821
1585 	 1905 	 0.958207 	 0.000913917	0.00190934
1585 	 1910 	 0.958209 	 0.000914453	0.00191046
1585 	 1915 	 0.958211 	 0.000914988	0.00191158
1585 	 1920 	 0.958213 	 0.000915522	0.00191269
1585 	 1925 	 0.958215 	 0.000916054	0.0019138
1585 	 1930 	 0.958217 	 0.000916585	0.00191491
1585 	 1935 	 0.958219 	 0.000917115	0.00191602
1585 	 1940 	 0.958222 	 0.000917643	0.00191712
1585 	 1945 	 0.958224 	 0.00091817	0.00191822
1585 	 1950 	 0.958226 	 0.000918695	0.00191932
1585 	 1955 	 0.958228 	 0.000919219	0.00192042
1585 	 1960 	 0.95823 	 0.000919741	0.00192151
1585 	 1965 	 0.958232 	 0.000920262	0.0019226
1585 	 1970 	 0.958234 	 0.000920782	0.00192368
1585 	 1975 	 0.958235 	 0.0009213	0.00192476
1585 	 1980 	 0.958237 	 0.000921817	0.00192584
1585 	 1985 	 0.958239 	 0.000922333	0.00192692
1585 	 1990 	 0.958241 	 0.000922848	0.001928
1585 	 1995 	 0.958243 	 0.00092336	0.00192907
1585 	 2000 	 0.958245 	 0.000923872	0.00193014
1585 	 2005 	 0.958247 	 0.000924382	0.0019312
1585 	 2010 	 0.958249 	 0.000924891	0.00193227
1585 	 2015 	 0.958251 	 0.000925399	0.00193333
1585 	 2020 	 0.958253 	 0.000925905	0.00193439
1585 	 2025 	 0.958255 	 0.000926411	0.00193544
1585 	 2030 	 0.958257 	 0.000926914	0.00193649
1585 	 2035 	 0.958258 	 0.000927417	0.00193754
1585 	 2040 	 0.95826 	 0.000927918	0.00193859
1585 	 2045 	 0.958262 	 0.000928418	0.00193963
1585 	 2050 	 0.958264 	 0.000928916	0.00194068
1585 	 2055 	 0.958266 	 0.000929414	0.00194171
1585 	 2060 	 0.958268 	 0.00092991	0.00194275
1585 	 2065 	 0.95827 	 0.000930404	0.00194378
1585 	 2070 	 0.958271 	 0.000930898	0.00194482
1585 	 2075 	 0.958273 	 0.00093139	0.00194584
1585 	 2080 	 0.958275 	 0.000931881	0.00194687
1585 	 2085 	 0.958277 	 0.000932371	0.00194789
1585 	 2090 	 0.958279 	 0.000932859	0.00194891
1585 	 2095 	 0.95828 	 0.000933346	0.00194993
1585 	 2100 	 0.958282 	 0.000933832	0.00195095
1585 	 2105 	 0.958284 	 0.000934317	0.00195196
1585 	 2110 	 0.958286 	 0.000934801	0.00195297
1585 	 2115 	 0.958287 	 0.000935283	0.00195398
1585 	 2120 	 0.958289 	 0.000935764	0.00195498
1585 	 2125 	 0.958291 	 0.000936244	0.00195598
1585 	 2130 	 0.958293 	 0.000936723	0.00195698
1585 	 2135 	 0.958294 	 0.0009372	0.00195798
1585 	 2140 	 0.958296 	 0.000937677	0.00195898
1585 	 2145 	 0.958298 	 0.000938152	0.00195997
1585 	 2150 	 0.9583 	 0.000938626	0.00196096
1585 	 2155 	 0.958301 	 0.000939099	0.00196195
1585 	 2160 	 0.958303 	 0.00093957	0.00196293
1585 	 2165 	 0.958305 	 0.000940041	0.00196392
1585 	 2170 	 0.958306 	 0.00094051	0.0019649
1585 	 2175 	 0.958308 	 0.000940978	0.00196587
1585 	 2180 	 0.95831 	 0.000941445	0.00196685
1585 	 2185 	 0.958311 	 0.000941911	0.00196782
1585 	 2190 	 0.958313 	 0.000942375	0.00196879
1585 	 2195 	 0.958315 	 0.000942839	0.00196976
1585 	 2200 	 0.958316 	 0.000943301	0.00197073
1585 	 2205 	 0.958318 	 0.000943762	0.00197169
1585 	 2210 	 0.958319 	 0.000944222	0.00197265
1585 	 2215 	 0.958321 	 0.000944681	0.00197361
1585 	 2220 	 0.958323 	 0.000945139	0.00197457
1585 	 2225 	 0.958324 	 0.000945596	0.00197552
1585 	 2230 	 0.958326 	 0.000946051	0.00197647
1585 	 2235 	 0.958328 	 0.000946506	0.00197742
1585 	 2240 	 0.958329 	 0.000946959	0.00197837
1585 	 2245 	 0.958331 	 0.000947411	0.00197932
1585 	 2250 	 0.958332 	 0.000947863	0.00198026
1585 	 2255 	 0.958334 	 0.000948313	0.0019812
1585 	 2260 	 0.958335 	 0.000948762	0.00198214
1585 	 2265 	 0.958337 	 0.00094921	0.00198307
1585 	 2270 	 0.958339 	 0.000949657	0.00198401
1585 	 2275 	 0.95834 	 0.000950102	0.00198494
1585 	 2280 	 0.958342 	 0.000950547	0.00198587
1585 	 2285 	 0.958343 	 0.000950991	0.00198679
1585 	 2290 	 0.958345 	 0.000951433	0.00198772
1585 	 2295 	 0.958346 	 0.000951875	0.00198864
1585 	 2300 	 0.958348 	 0.000952315	0.00198956
1585 	 2305 	 0.958349 	 0.000952754	0.00199048
1585 	 2310 	 0.958351 	 0.000953193	0.00199139
1585 	 2315 	 0.958352 	 0.00095363	0.00199231
1585 	 2320 	 0.958354 	 0.000954066	0.00199322
1585 	 2325 	 0.958355 	 0.000954502	0.00199413
1585 	 2330 	 0.958357 	 0.000954936	0.00199503
1585 	 2335 	 0.958358 	 0.000955369	0.00199594
1585 	 2340 	 0.95836 	 0.000955801	0.00199684
1585 	 2345 	 0.958361 	 0.000956232	0.00199774
1585 	 2350 	 0.958363 	 0.000956662	0.00199864
1585 	 2355 	 0.958364 	 0.000957091	0.00199954
1585 	 2360 	 0.958366 	 0.00095752	0.00200043
1585 	 2365 	 0.958367 	 0.000957947	0.00200133
1585 	 2370 	 0.958369 	 0.000958373	0.00200222
1585 	 2375 	 0.95837 	 0.000958798	0.0020031
1585 	 2380 	 0.958371 	 0.000959222	0.00200399
1585 	 2385 	 0.958373 	 0.000959645	0.00200487
1585 	 2390 	 0.958374 	 0.000960067	0.00200576
1585 	 2395 	 0.958376 	 0.000960488	0.00200664
1585 	 2400 	 0.958377 	 0.000960908	0.00200751
1585 	 2405 	 0.958378 	 0.000961328	0.00200839
1585 	 2410 	 0.95838 	 0.000961746	0.00200926
1585 	 2415 	 0.958381 	 0.000962163	0.00201013
1585 	 2420 	 0.958383 	 0.000962579	0.002011
1585 	 2425 	 0.958384 	 0.000962995	0.00201187
1585 	 2430 	 0.958385 	 0.000963409	0.00201274
1585 	 2435 	 0.958387 	 0.000963822	0.0020136
1585 	 2440 	 0.958388 	 0.000964235	0.00201446
1585 	 2445 	 0.95839 	 0.000964646	0.00201532
1585 	 2450 	 0.958391 	 0.000965057	0.00201618
1585 	 2455 	 0.958392 	 0.000965467	0.00201704
1585 	 2460 	 0.958394 	 0.000965875	0.00201789
1585 	 2465 	 0.958395 	 0.000966283	0.00201874
1585 	 2470 	 0.958396 	 0.00096669	0.00201959
1585 	 2475 	 0.958398 	 0.000967096	0.00202044
1585 	 2480 	 0.958399 	 0.000967501	0.00202129
1585 	 2485 	 0.9584 	 0.000967905	0.00202213
1585 	 2490 	 0.958402 	 0.000968308	0.00202297
1585 	 2495 	 0.958403 	 0.00096871	0.00202381
1585 	 2500 	 0.958404 	 0.000969112	0.00202465
1585 	 2505 	 0.958406 	 0.000969512	0.00202549
1585 	 2510 	 0.958407 	 0.000969912	0.00202632
1585 	 2515 	 0.958408 	 0.00097031	0.00202716
1585 	 2520 	 0.95841 	 0.000970708	0.00202799
1585 	 2525 	 0.958411 	 0.000971105	0.00202882
1585 	 2530 	 0.958412 	 0.000971501	0.00202964
1585 	 2535 	 0.958414 	 0.000971896	0.00203047
1585 	 2540 	 0.958415 	 0.00097229	0.00203129
1585 	 2545 	 0.958416 	 0.000972684	0.00203211
1585 	 2550 	 0.958417 	 0.000973076	0.00203293
1585 	 2555 	 0.958419 	 0.000973468	0.00203375
1585 	 2560 	 0.95842 	 0.000973858	0.00203457
1585 	 2565 	 0.958421 	 0.000974248	0.00203538
1585 	 2570 	 0.958422 	 0.000974637	0.00203619
1585 	 2575 	 0.958424 	 0.000975025	0.00203701
1585 	 2580 	 0.958425 	 0.000975412	0.00203781
1585 	 2585 	 0.958426 	 0.000975799	0.00203862
1585 	 2590 	 0.958427 	 0.000976184	0.00203943
1585 	 2595 	 0.958429 	 0.000976569	0.00204023
1585 	 2600 	 0.95843 	 0.000976953	0.00204103
1585 	 2605 	 0.958431 	 0.000977336	0.00204183
1585 	 2610 	 0.958432 	 0.000977718	0.00204263
1585 	 2615 	 0.958434 	 0.000978099	0.00204343
1585 	 2620 	 0.958435 	 0.00097848	0.00204422
1585 	 2625 	 0.958436 	 0.00097886	0.00204502
1585 	 2630 	 0.958437 	 0.000979239	0.00204581
1585 	 2635 	 0.958438 	 0.000979617	0.0020466
1585 	 2640 	 0.95844 	 0.000979994	0.00204739
1585 	 2645 	 0.958441 	 0.00098037	0.00204817
1585 	 2650 	 0.958442 	 0.000980746	0.00204896
1585 	 2655 	 0.958443 	 0.00098112	0.00204974
1585 	 2660 	 0.958444 	 0.000981494	0.00205052
1585 	 2665 	 0.958446 	 0.000981868	0.0020513
1585 	 2670 	 0.958447 	 0.00098224	0.00205208
1585 	 2675 	 0.958448 	 0.000982611	0.00205285
1585 	 2680 	 0.958449 	 0.000982982	0.00205363
1585 	 2685 	 0.95845 	 0.000983352	0.0020544
1585 	 2690 	 0.958452 	 0.000983721	0.00205517
1585 	 2695 	 0.958453 	 0.00098409	0.00205594
1585 	 2700 	 0.958454 	 0.000984457	0.00205671
1585 	 2705 	 0.958455 	 0.000984824	0.00205748
1585 	 2710 	 0.958456 	 0.00098519	0.00205824
1585 	 2715 	 0.958457 	 0.000985555	0.002059
1585 	 2720 	 0.958458 	 0.00098592	0.00205977
1585 	 2725 	 0.95846 	 0.000986283	0.00206053
1585 	 2730 	 0.958461 	 0.000986646	0.00206128
1585 	 2735 	 0.958462 	 0.000987008	0.00206204
1585 	 2740 	 0.958463 	 0.00098737	0.0020628
1585 	 2745 	 0.958464 	 0.00098773	0.00206355
1585 	 2750 	 0.958465 	 0.00098809	0.0020643
1585 	 2755 	 0.958466 	 0.000988449	0.00206505
1585 	 2760 	 0.958468 	 0.000988808	0.0020658
1585 	 2765 	 0.958469 	 0.000989165	0.00206655
1585 	 2770 	 0.95847 	 0.000989522	0.00206729
1585 	 2775 	 0.958471 	 0.000989878	0.00206804
1585 	 2780 	 0.958472 	 0.000990233	0.00206878
1585 	 2785 	 0.958473 	 0.000990588	0.00206952
1585 	 2790 	 0.958474 	 0.000990942	0.00207026
1585 	 2795 	 0.958475 	 0.000991295	0.002071
1585 	 2800 	 0.958476 	 0.000991647	0.00207173
1585 	 2805 	 0.958477 	 0.000991999	0.00207247
1585 	 2810 	 0.958478 	 0.00099235	0.0020732
1585 	 2815 	 0.95848 	 0.0009927	0.00207393
1585 	 2820 	 0.958481 	 0.00099305	0.00207466
1585 	 2825 	 0.958482 	 0.000993398	0.00207539
1585 	 2830 	 0.958483 	 0.000993746	0.00207612
1585 	 2835 	 0.958484 	 0.000994094	0.00207684
1585 	 2840 	 0.958485 	 0.00099444	0.00207757
1585 	 2845 	 0.958486 	 0.000994786	0.00207829
1585 	 2850 	 0.958487 	 0.000995131	0.00207901
1585 	 2855 	 0.958488 	 0.000995476	0.00207973
1585 	 2860 	 0.958489 	 0.00099582	0.00208045
1585 	 2865 	 0.95849 	 0.000996163	0.00208117
1585 	 2870 	 0.958491 	 0.000996505	0.00208188
1585 	 2875 	 0.958492 	 0.000996847	0.00208259
1585 	 2880 	 0.958493 	 0.000997188	0.00208331
1585 	 2885 	 0.958494 	 0.000997528	0.00208402
1585 	 2890 	 0.958495 	 0.000997867	0.00208473
1585 	 2895 	 0.958496 	 0.000998206	0.00208543
1585 	 2900 	 0.958497 	 0.000998544	0.00208614
1585 	 2905 	 0.958499 	 0.000998882	0.00208685
1585 	 2910 	 0.9585 	 0.000999219	0.00208755
1585 	 2915 	 0.958501 	 0.000999555	0.00208825
1585 	 2920 	 0.958502 	 0.00099989	0.00208895
1585 	 2925 	 0.958503 	 0.00100023	0.00208965
1585 	 2930 	 0.958504 	 0.00100056	0.00209035
1585 	 2935 	 0.958505 	 0.00100089	0.00209105
1585 	 2940 	 0.958506 	 0.00100123	0.00209174
1585 	 2945 	 0.958507 	 0.00100156	0.00209244
1585 	 2950 	 0.958508 	 0.00100189	0.00209313
1585 	 2955 	 0.958509 	 0.00100222	0.00209382
1585 	 2960 	 0.95851 	 0.00100255	0.00209451
1585 	 2965 	 0.958511 	 0.00100288	0.0020952
1585 	 2970 	 0.958512 	 0.00100321	0.00209589
1585 	 2975 	 0.958513 	 0.00100354	0.00209657
1585 	 2980 	 0.958514 	 0.00100386	0.00209725
1585 	 2985 	 0.958515 	 0.00100419	0.00209794
1585 	 2990 	 0.958515 	 0.00100452	0.00209862
1585 	 2995 	 0.958516 	 0.00100484	0.0020993
1585 	 3000 	 0.958517 	 0.00100517	0.00209998
1585 	 3005 	 0.958518 	 0.00100549	0.00210066
1585 	 3010 	 0.958519 	 0.00100582	0.00210133
1585 	 3015 	 0.95852 	 0.00100614	0.00210201
1585 	 3020 	 0.958521 	 0.00100646	0.00210268
1585 	 3025 	 0.958522 	 0.00100678	0.00210335
1585 	 3030 	 0.958523 	 0.0010071	0.00210402
1585 	 3035 	 0.958524 	 0.00100742	0.00210469
1585 	 3040 	 0.958525 	 0.00100774	0.00210536
1585 	 3045 	 0.958526 	 0.00100806	0.00210603
1585 	 3050 	 0.958527 	 0.00100838	0.00210669
1585 	 3055 	 0.958528 	 0.0010087	0.00210736
1585 	 3060 	 0.958529 	 0.00100902	0.00210802
1585 	 3065 	 0.95853 	 0.00100933	0.00210868
1585 	 3070 	 0.958531 	 0.00100965	0.00210934
1585 	 3075 	 0.958532 	 0.00100997	0.00211
1585 	 3080 	 0.958533 	 0.00101028	0.00211066
1585 	 3085 	 0.958534 	 0.00101059	0.00211132
1585 	 3090 	 0.958534 	 0.00101091	0.00211197
1585 	 3095 	 0.958535 	 0.00101122	0.00211263
1585 	 3100 	 0.958536 	 0.00101153	0.00211328
1585 	 3105 	 0.958537 	 0.00101185	0.00211393
1585 	 3110 	 0.958538 	 0.00101216	0.00211458
1585 	 3115 	 0.958539 	 0.00101247	0.00211523
1585 	 3120 	 0.95854 	 0.00101278	0.00211588
1585 	 3125 	 0.958541 	 0.00101309	0.00211652
1585 	 3130 	 0.958542 	 0.0010134	0.00211717
1585 	 3135 	 0.958543 	 0.0010137	0.00211781
1585 	 3140 	 0.958544 	 0.00101401	0.00211846
1585 	 3145 	 0.958544 	 0.00101432	0.0021191
1585 	 3150 	 0.958545 	 0.00101463	0.00211974
1585 	 3155 	 0.958546 	 0.00101493	0.00212038
1585 	 3160 	 0.958547 	 0.00101524	0.00212102
1585 	 3165 	 0.958548 	 0.00101554	0.00212165
1585 	 3170 	 0.958549 	 0.00101585	0.00212229
1585 	 3175 	 0.95855 	 0.00101615	0.00212292
1585 	 3180 	 0.958551 	 0.00101645	0.00212356
1585 	 3185 	 0.958552 	 0.00101676	0.00212419
1585 	 3190 	 0.958552 	 0.00101706	0.00212482
1585 	 3195 	 0.958553 	 0.00101736	0.00212545
1585 	 3200 	 0.958554 	 0.00101766	0.00212608
1585 	 3205 	 0.958555 	 0.00101796	0.0021267
1585 	 3210 	 0.958556 	 0.00101826	0.00212733
1585 	 3215 	 0.958557 	 0.00101856	0.00212796
1585 	 3220 	 0.958558 	 0.00101886	0.00212858
1585 	 3225 	 0.958559 	 0.00101916	0.0021292
1585 	 3230 	 0.958559 	 0.00101945	0.00212982
1585 	 3235 	 0.95856 	 0.00101975	0.00213044
1585 	 3240 	 0.958561 	 0.00102005	0.00213106
1585 	 3245 	 0.958562 	 0.00102034	0.00213168
1585 	 3250 	 0.958563 	 0.00102064	0.0021323
1585 	 3255 	 0.958564 	 0.00102093	0.00213291
1585 	 3260 	 0.958564 	 0.00102123	0.00213353
1585 	 3265 	 0.958565 	 0.00102152	0.00213414
1585 	 3270 	 0.958566 	 0.00102181	0.00213475
1585 	 3275 	 0.958567 	 0.00102211	0.00213537
1585 	 3280 	 0.958568 	 0.0010224	0.00213598
1585 	 3285 	 0.958569 	 0.00102269	0.00213658
1585 	 3290 	 0.958569 	 0.00102298	0.00213719
1585 	 3295 	 0.95857 	 0.00102327	0.0021378
1585 	 3300 	 0.958571 	 0.00102356	0.0021384
1585 	 3305 	 0.958572 	 0.00102385	0.00213901
1585 	 3310 	 0.958573 	 0.00102414	0.00213961
1585 	 3315 	 0.958574 	 0.00102443	0.00214021
1585 	 3320 	 0.958574 	 0.00102471	0.00214082
1585 	 3325 	 0.958575 	 0.001025	0.00214142
1585 	 3330 	 0.958576 	 0.00102529	0.00214201
1585 	 3335 	 0.958577 	 0.00102557	0.00214261
1585 	 3340 	 0.958578 	 0.00102586	0.00214321
1585 	 3345 	 0.958578 	 0.00102615	0.0021438
1585 	 3350 	 0.958579 	 0.00102643	0.0021444
1585 	 3355 	 0.95858 	 0.00102671	0.00214499
1585 	 3360 	 0.958581 	 0.001027	0.00214558
1585 	 3365 	 0.958582 	 0.00102728	0.00214618
1585 	 3370 	 0.958582 	 0.00102756	0.00214677
1585 	 3375 	 0.958583 	 0.00102785	0.00214736
1585 	 3380 	 0.958584 	 0.00102813	0.00214794
1585 	 3385 	 0.958585 	 0.00102841	0.00214853
1585 	 3390 	 0.958586 	 0.00102869	0.00214912
1585 	 3395 	 0.958586 	 0.00102897	0.0021497
1585 	 3400 	 0.958587 	 0.00102925	0.00215029
1585 	 3405 	 0.958588 	 0.00102953	0.00215087
1585 	 3410 	 0.958589 	 0.00102981	0.00215145
1585 	 3415 	 0.95859 	 0.00103008	0.00215203
1585 	 3420 	 0.95859 	 0.00103036	0.00215261
1585 	 3425 	 0.958591 	 0.00103064	0.00215319
1585 	 3430 	 0.958592 	 0.00103091	0.00215377
1585 	 3435 	 0.958593 	 0.00103119	0.00215435
1585 	 3440 	 0.958593 	 0.00103147	0.00215492
1585 	 3445 	 0.958594 	 0.00103174	0.0021555
1585 	 3450 	 0.958595 	 0.00103202	0.00215607
1585 	 3455 	 0.958596 	 0.00103229	0.00215664
1585 	 3460 	 0.958597 	 0.00103256	0.00215721
1585 	 3465 	 0.958597 	 0.00103284	0.00215778
1585 	 3470 	 0.958598 	 0.00103311	0.00215835
1585 	 3475 	 0.958599 	 0.00103338	0.00215892
1585 	 3480 	 0.9586 	 0.00103365	0.00215949
1585 	 3485 	 0.9586 	 0.00103392	0.00216006
1585 	 3490 	 0.958601 	 0.0010342	0.00216062
1585 	 3495 	 0.958602 	 0.00103447	0.00216119
1585 	 3500 	 0.958603 	 0.00103474	0.00216175
1585 	 3505 	 0.958603 	 0.001035	0.00216231
1585 	 3510 	 0.958604 	 0.00103527	0.00216287
1585 	 3515 	 0.958605 	 0.00103554	0.00216344
1585 	 3520 	 0.958606 	 0.00103581	0.002164
1585 	 3525 	 0.958606 	 0.00103608	0.00216455
1585 	 3530 	 0.958607 	 0.00103634	0.00216511
1585 	 3535 	 0.958608 	 0.00103661	0.00216567
1585 	 3540 	 0.958608 	 0.00103688	0.00216622
1585 	 3545 	 0.958609 	 0.00103714	0.00216678
1585 	 3550 	 0.95861 	 0.00103741	0.00216733
1585 	 3555 	 0.958611 	 0.00103767	0.00216789
1585 	 3560 	 0.958611 	 0.00103794	0.00216844
1585 	 3565 	 0.958612 	 0.0010382	0.00216899
1585 	 3570 	 0.958613 	 0.00103846	0.00216954
1585 	 3575 	 0.958614 	 0.00103873	0.00217009
1585 	 3580 	 0.958614 	 0.00103899	0.00217064
1585 	 3585 	 0.958615 	 0.00103925	0.00217118
1585 	 3590 	 0.958616 	 0.00103951	0.00217173
1585 	 3595 	 0.958616 	 0.00103977	0.00217228
1585 	 3600 	 0.958617 	 0.00104003	0.00217282
1585 	 3605 	 0.958618 	 0.00104029	0.00217336
1585 	 3610 	 0.958619 	 0.00104055	0.00217391
1585 	 3615 	 0.958619 	 0.00104081	0.00217445
1585 	 3620 	 0.95862 	 0.00104107	0.00217499
1585 	 3625 	 0.958621 	 0.00104133	0.00217553
1585 	 3630 	 0.958621 	 0.00104159	0.00217607
1585 	 3635 	 0.958622 	 0.00104185	0.00217661
1585 	 3640 	 0.958623 	 0.0010421	0.00217714
1585 	 3645 	 0.958624 	 0.00104236	0.00217768
1585 	 3650 	 0.958624 	 0.00104262	0.00217821
1585 	 3655 	 0.958625 	 0.00104287	0.00217875
1585 	 3660 	 0.958626 	 0.00104313	0.00217928
1585 	 3665 	 0.958626 	 0.00104338	0.00217981
1585 	 3670 	 0.958627 	 0.00104364	0.00218035
1585 	 3675 	 0.958628 	 0.00104389	0.00218088
1585 	 3680 	 0.958628 	 0.00104414	0.00218141
1585 	 3685 	 0.958629 	 0.0010444	0.00218194
1585 	 3690 	 0.95863 	 0.00104465	0.00218246
1585 	 3695 	 0.95863 	 0.0010449	0.00218299
1585 	 3700 	 0.958631 	 0.00104515	0.00218352
1585 	 3705 	 0.958632 	 0.00104541	0.00218404
1585 	 3710 	 0.958632 	 0.00104566	0.00218457
1585 	 3715 	 0.958633 	 0.00104591	0.00218509
1585 	 3720 	 0.958634 	 0.00104616	0.00218561
1585 	 3725 	 0.958635 	 0.00104641	0.00218614
1585 	 3730 	 0.958635 	 0.00104666	0.00218666
1585 	 3735 	 0.958636 	 0.00104691	0.00218718
1585 	 3740 	 0.958637 	 0.00104715	0.0021877
1585 	 3745 	 0.958637 	 0.0010474	0.00218822
1585 	 3750 	 0.958638 	 0.00104765	0.00218873
1585 	 3755 	 0.958639 	 0.0010479	0.00218925
1585 	 3760 	 0.958639 	 0.00104815	0.00218977
1585 	 3765 	 0.95864 	 0.00104839	0.00219028
1585 	 3770 	 0.958641 	 0.00104864	0.0021908
1585 	 3775 	 0.958641 	 0.00104888	0.00219131
1585 	 3780 	 0.958642 	 0.00104913	0.00219182
1585 	 3785 	 0.958642 	 0.00104937	0.00219233
1585 	 3790 	 0.958643 	 0.00104962	0.00219284
1585 	 3795 	 0.958644 	 0.00104986	0.00219335
1585 	 3800 	 0.958644 	 0.00105011	0.00219386
1585 	 3805 	 0.958645 	 0.00105035	0.00219437
1585 	 3810 	 0.958646 	 0.00105059	0.00219488
1585 	 3815 	 0.958646 	 0.00105084	0.00219539
1585 	 3820 	 0.958647 	 0.00105108	0.00219589
1585 	 3825 	 0.958648 	 0.00105132	0.0021964
1585 	 3830 	 0.958648 	 0.00105156	0.0021969
1585 	 3835 	 0.958649 	 0.0010518	0.0021974
1585 	 3840 	 0.95865 	 0.00105204	0.00219791
1585 	 3845 	 0.95865 	 0.00105228	0.00219841
1585 	 3850 	 0.958651 	 0.00105252	0.00219891
1585 	 3855 	 0.958652 	 0.00105276	0.00219941
1585 	 3860 	 0.958652 	 0.001053	0.00219991
1585 	 3865 	 0.958653 	 0.00105324	0.00220041
1585 	 3870 	 0.958653 	 0.00105348	0.00220091
1585 	 3875 	 0.958654 	 0.00105372	0.0022014
1585 	 3880 	 0.958655 	 0.00105395	0.0022019
1585 	 3885 	 0.958655 	 0.00105419	0.00220239
1585 	 3890 	 0.958656 	 0.00105443	0.00220289
1585 	 3895 	 0.958657 	 0.00105466	0.00220338
1585 	 3900 	 0.958657 	 0.0010549	0.00220388
1585 	 3905 	 0.958658 	 0.00105513	0.00220437
1585 	 3910 	 0.958658 	 0.00105537	0.00220486
1585 	 3915 	 0.958659 	 0.0010556	0.00220535
1585 	 3920 	 0.95866 	 0.00105584	0.00220584
1585 	 3925 	 0.95866 	 0.00105607	0.00220633
1585 	 3930 	 0.958661 	 0.00105631	0.00220682
1585 	 3935 	 0.958662 	 0.00105654	0.00220731
1585 	 3940 	 0.958662 	 0.00105677	0.00220779
1585 	 3945 	 0.958663 	 0.00105701	0.00220828
1585 	 3950 	 0.958663 	 0.00105724	0.00220876
1585 	 3955 	 0.958664 	 0.00105747	0.00220925
1585 	 3960 	 0.958665 	 0.0010577	0.00220973
1585 	 3965 	 0.958665 	 0.00105793	0.00221021
1585 	 3970 	 0.958666 	 0.00105816	0.0022107
1585 	 3975 	 0.958666 	 0.00105839	0.00221118
1585 	 3980 	 0.958667 	 0.00105862	0.00221166
1585 	 3985 	 0.958668 	 0.00105885	0.00221214
1585 	 3990 	 0.958668 	 0.00105908	0.00221262
1585 	 3995 	 0.958669 	 0.00105931	0.0022131
1585 	 4000 	 0.958669 	 0.00105954	0.00221357
1585 	 4005 	 0.95867 	 0.00105977	0.00221405
1585 	 4010 	 0.958671 	 0.00106	0.00221453
1585 	 4015 	 0.958671 	 0.00106022	0.002215
1585 	 4020 	 0.958672 	 0.00106045	0.00221548
1585 	 4025 	 0.958672 	 0.00106068	0.00221595
1585 	 4030 	 0.958673 	 0.0010609	0.00221642
1585 	 4035 	 0.958674 	 0.00106113	0.0022169
1585 	 4040 	 0.958674 	 0.00106136	0.00221737
1585 	 4045 	 0.958675 	 0.00106158	0.00221784
1585 	 4050 	 0.958675 	 0.00106181	0.00221831
1585 	 4055 	 0.958676 	 0.00106203	0.00221878
1585 	 4060 	 0.958676 	 0.00106226	0.00221925
1585 	 4065 	 0.958677 	 0.00106248	0.00221971
1585 	 4070 	 0.958678 	 0.0010627	0.00222018
1585 	 4075 	 0.958678 	 0.00106293	0.00222065
1585 	 4080 	 0.958679 	 0.00106315	0.00222111
1585 	 4085 	 0.958679 	 0.00106337	0.00222158
1585 	 4090 	 0.95868 	 0.00106359	0.00222204
1585 	 4095 	 0.958681 	 0.00106382	0.00222251
1585 	 4100 	 0.958681 	 0.00106404	0.00222297
1585 	 4105 	 0.958682 	 0.00106426	0.00222343
1585 	 4110 	 0.958682 	 0.00106448	0.00222389
1585 	 4115 	 0.958683 	 0.0010647	0.00222435
1585 	 4120 	 0.958683 	 0.00106492	0.00222482
1585 	 4125 	 0.958684 	 0.00106514	0.00222527
1585 	 4130 	 0.958685 	 0.00106536	0.00222573
1585 	 4135 	 0.958685 	 0.00106558	0.00222619
1585 	 4140 	 0.958686 	 0.0010658	0.00222665
1585 	 4145 	 0.958686 	 0.00106602	0.00222711
1585 	 4150 	 0.958687 	 0.00106624	0.00222756
1585 	 4155 	 0.958687 	 0.00106645	0.00222802
1585 	 4160 	 0.958688 	 0.00106667	0.00222847
1585 	 4165 	 0.958688 	 0.00106689	0.00222893
1585 	 4170 	 0.958689 	 0.00106711	0.00222938
1585 	 4175 	 0.95869 	 0.00106732	0.00222983
1585 	 4180 	 0.95869 	 0.00106754	0.00223028
1585 	 4185 	 0.958691 	 0.00106775	0.00223073
1585 	 4190 	 0.958691 	 0.00106797	0.00223118
1585 	 4195 	 0.958692 	 0.00106819	0.00223163
1585 	 4200 	 0.958692 	 0.0010684	0.00223208
1585 	 4205 	 0.958693 	 0.00106862	0.00223253
1585 	 4210 	 0.958693 	 0.00106883	0.00223298
1585 	 4215 	 0.958694 	 0.00106904	0.00223343
1585 	 4220 	 0.958695 	 0.00106926	0.00223387
1585 	 4225 	 0.958695 	 0.00106947	0.00223432
1585 	 4230 	 0.958696 	 0.00106968	0.00223476
1585 	 4235 	 0.958696 	 0.0010699	0.00223521
1585 	 4240 	 0.958697 	 0.00107011	0.00223565
1585 	 4245 	 0.958697 	 0.00107032	0.0022361
1585 	 4250 	 0.958698 	 0.00107053	0.00223654
1585 	 4255 	 0.958698 	 0.00107074	0.00223698
1585 	 4260 	 0.958699 	 0.00107096	0.00223742
1585 	 4265 	 0.958699 	 0.00107117	0.00223786
1585 	 4270 	 0.9587 	 0.00107138	0.0022383
1585 	 4275 	 0.9587 	 0.00107159	0.00223874
1585 	 4280 	 0.958701 	 0.0010718	0.00223918
1585 	 4285 	 0.958702 	 0.00107201	0.00223962
1585 	 4290 	 0.958702 	 0.00107222	0.00224005
1585 	 4295 	 0.958703 	 0.00107242	0.00224049
1585 	 4300 	 0.958703 	 0.00107263	0.00224093
1585 	 4305 	 0.958704 	 0.00107284	0.00224136
1585 	 4310 	 0.958704 	 0.00107305	0.0022418
1585 	 4315 	 0.958705 	 0.00107326	0.00224223
1585 	 4320 	 0.958705 	 0.00107346	0.00224266
1585 	 4325 	 0.958706 	 0.00107367	0.0022431
1585 	 4330 	 0.958706 	 0.00107388	0.00224353
1585 	 4335 	 0.958707 	 0.00107409	0.00224396
1585 	 4340 	 0.958707 	 0.00107429	0.00224439
1585 	 4345 	 0.958708 	 0.0010745	0.00224482
1585 	 4350 	 0.958708 	 0.0010747	0.00224525
1585 	 4355 	 0.958709 	 0.00107491	0.00224568
1585 	 4360 	 0.958709 	 0.00107511	0.00224611
1585 	 4365 	 0.95871 	 0.00107532	0.00224653
1585 	 4370 	 0.95871 	 0.00107552	0.00224696
1585 	 4375 	 0.958711 	 0.00107573	0.00224739
1585 	 4380 	 0.958711 	 0.00107593	0.00224781
1585 	 4385 	 0.958712 	 0.00107613	0.00224824
1585 	 4390 	 0.958712 	 0.00107634	0.00224866
1585 	 4395 	 0.958713 	 0.00107654	0.00224909
1585 	 4400 	 0.958713 	 0.00107674	0.00224951
1585 	 4405 	 0.958714 	 0.00107694	0.00224993
1585 	 4410 	 0.958714 	 0.00107715	0.00225036
1585 	 4415 	 0.958715 	 0.00107735	0.00225078
1585 	 4420 	 0.958716 	 0.00107755	0.0022512
1585 	 4425 	 0.958716 	 0.00107775	0.00225162
1585 	 4430 	 0.958717 	 0.00107795	0.00225204
1585 	 4435 	 0.958717 	 0.00107815	0.00225246
1585 	 4440 	 0.958718 	 0.00107835	0.00225288
1585 	 4445 	 0.958718 	 0.00107855	0.00225329
1585 	 4450 	 0.958719 	 0.00107875	0.00225371
1585 	 4455 	 0.958719 	 0.00107895	0.00225413
1585 	 4460 	 0.95872 	 0.00107915	0.00225454
1585 	 4465 	 0.95872 	 0.00107935	0.00225496
1585 	 4470 	 0.958721 	 0.00107955	0.00225537
1585 	 4475 	 0.958721 	 0.00107975	0.00225579
1585 	 4480 	 0.958721 	 0.00107995	0.0022562
1585 	 4485 	 0.958722 	 0.00108014	0.00225662
1585 	 4490 	 0.958722 	 0.00108034	0.00225703
1585 	 4495 	 0.958723 	 0.00108054	0.00225744
1585 	 4500 	 0.958723 	 0.00108073	0.00225785
1585 	 4505 	 0.958724 	 0.00108093	0.00225826
1585 	 4510 	 0.958724 	 0.00108113	0.00225867
1585 	 4515 	 0.958725 	 0.00108132	0.00225908
1585 	 4520 	 0.958725 	 0.00108152	0.00225949
1585 	 4525 	 0.958726 	 0.00108172	0.0022599
1585 	 4530 	 0.958726 	 0.00108191	0.00226031
1585 	 4535 	 0.958727 	 0.00108211	0.00226072
1585 	 4540 	 0.958727 	 0.0010823	0.00226112
1585 	 4545 	 0.958728 	 0.00108249	0.00226153
1585 	 4550 	 0.958728 	 0.00108269	0.00226193
1585 	 4555 	 0.958729 	 0.00108288	0.00226234
1585 	 4560 	 0.958729 	 0.00108308	0.00226274
1585 	 4565 	 0.95873 	 0.00108327	0.00226315
1585 	 4570 	 0.95873 	 0.00108346	0.00226355
1585 	 4575 	 0.958731 	 0.00108366	0.00226395
1585 	 4580 	 0.958731 	 0.00108385	0.00226436
1585 	 4585 	 0.958732 	 0.00108404	0.00226476
1585 	 4590 	 0.958732 	 0.00108423	0.00226516
1585 	 4595 	 0.958733 	 0.00108442	0.00226556
1585 	 4600 	 0.958733 	 0.00108462	0.00226596
1585 	 4605 	 0.958734 	 0.00108481	0.00226636
1585 	 4610 	 0.958734 	 0.001085	0.00226676
1585 	 4615 	 0.958734 	 0.00108519	0.00226716
1585 	 4620 	 0.958735 	 0.00108538	0.00226755
1585 	 4625 	 0.958735 	 0.00108557	0.00226795
1585 	 4630 	 0.958736 	 0.00108576	0.00226835
1585 	 4635 	 0.958736 	 0.00108595	0.00226874
1585 	 4640 	 0.958737 	 0.00108614	0.00226914
1585 	 4645 	 0.958737 	 0.00108633	0.00226953
1585 	 4650 	 0.958738 	 0.00108651	0.00226993
1585 	 4655 	 0.958738 	 0.0010867	0.00227032
1585 	 4660 	 0.958739 	 0.00108689	0.00227072
1585 	 4665 	 0.958739 	 0.00108708	0.00227111
1585 	 4670 	 0.95874 	 0.00108727	0.0022715
1585 	 4675 	 0.95874 	 0.00108746	0.00227189
1585 	 4680 	 0.958741 	 0.00108764	0.00227228
1585 	 4685 	 0.958741 	 0.00108783	0.00227267
1585 	 4690 	 0.958741 	 0.00108802	0.00227306
1585 	 4695 	 0.958742 	 0.0010882	0.00227345
1585 	 4700 	 0.958742 	 0.00108839	0.00227384
1585 	 4705 	 0.958743 	 0.00108857	0.00227423
1585 	 4710 	 0.958743 	 0.00108876	0.00227462
1585 	 4715 	 0.958744 	 0.00108895	0.00227501
1585 	 4720 	 0.958744 	 0.00108913	0.00227539
1585 	 4725 	 0.958745 	 0.00108932	0.00227578
1585 	 4730 	 0.958745 	 0.0010895	0.00227617
1585 	 4735 	 0.958746 	 0.00108969	0.00227655
1585 	 4740 	 0.958746 	 0.00108987	0.00227694
1585 	 4745 	 0.958746 	 0.00109005	0.00227732
1585 	 4750 	 0.958747 	 0.00109024	0.0022777
1585 	 4755 	 0.958747 	 0.00109042	0.00227809
1585 	 4760 	 0.958748 	 0.0010906	0.00227847
1585 	 4765 	 0.958748 	 0.00109079	0.00227885
1585 	 4770 	 0.958749 	 0.00109097	0.00227923
1585 	 4775 	 0.958749 	 0.00109115	0.00227962
1585 	 4780 	 0.95875 	 0.00109133	0.00228
1585 	 4785 	 0.95875 	 0.00109152	0.00228038
1585 	 4790 	 0.95875 	 0.0010917	0.00228076
1585 	 4795 	 0.958751 	 0.00109188	0.00228114
1585 	 4800 	 0.958751 	 0.00109206	0.00228151
1585 	 4805 	 0.958752 	 0.00109224	0.00228189
1585 	 4810 	 0.958752 	 0.00109242	0.00228227
1585 	 4815 	 0.958753 	 0.0010926	0.00228265
1585 	 4820 	 0.958753 	 0.00109278	0.00228302
1585 	 4825 	 0.958753 	 0.00109296	0.0022834
1585 	 4830 	 0.958754 	 0.00109314	0.00228378
1585 	 4835 	 0.958754 	 0.00109332	0.00228415
1585 	 4840 	 0.958755 	 0.0010935	0.00228452
1585 	 4845 	 0.958755 	 0.00109368	0.0022849
1585 	 4850 	 0.958756 	 0.00109386	0.00228527
1585 	 4855 	 0.958756 	 0.00109404	0.00228565
1585 	 4860 	 0.958757 	 0.00109422	0.00228602
1585 	 4865 	 0.958757 	 0.00109439	0.00228639
1585 	 4870 	 0.958757 	 0.00109457	0.00228676
1585 	 4875 	 0.958758 	 0.00109475	0.00228713
1585 	 4880 	 0.958758 	 0.00109493	0.0022875
1585 	 4885 	 0.958759 	 0.00109511	0.00228787
1585 	 4890 	 0.958759 	 0.00109528	0.00228824
1585 	 4895 	 0.95876 	 0.00109546	0.00228861
1585 	 4900 	 0.95876 	 0.00109564	0.00228898
1585 	 4905 	 0.95876 	 0.00109581	0.00228935
1585 	 4910 	 0.958761 	 0.00109599	0.00228972
1585 	 4915 	 0.958761 	 0.00109616	0.00229008
1585 	 4920 	 0.958762 	 0.00109634	0.00229045
1585 	 4925 	 0.958762 	 0.00109651	0.00229082
1585 	 4930 	 0.958762 	 0.00109669	0.00229118
1585 	 4935 	 0.958763 	 0.00109686	0.00229155
1585 	 4940 	 0.958763 	 0.00109704	0.00229191
1585 	 4945 	 0.958764 	 0.00109721	0.00229228
1585 	 4950 	 0.958764 	 0.00109739	0.00229264
1585 	 4955 	 0.958765 	 0.00109756	0.00229301
1585 	 4960 	 0.958765 	 0.00109774	0.00229337
1585 	 4965 	 0.958765 	 0.00109791	0.00229373
1585 	 4970 	 0.958766 	 0.00109808	0.00229409
1585 	 4975 	 0.958766 	 0.00109825	0.00229445
1585 	 4980 	 0.958767 	 0.00109843	0.00229482
1585 	 4985 	 0.958767 	 0.0010986	0.00229518
1585 	 4990 	 0.958767 	 0.00109877	0.00229554
1585 	 4995 	 0.958768 	 0.00109894	0.0022959
1585 	 5000 	 0.958768 	 0.00109912	0.00229625
