960 	 5 	 0.734281 	 0.00298807 	 0.00622245
960 	 10 	 0.734281 	 0.00298794 	 0.00622217
960 	 15 	 0.734282 	 0.00298683 	 0.00621985
960 	 20 	 0.734286 	 0.00297823 	 0.00620195
960 	 25 	 0.734334 	 0.00291877 	 0.00607814
960 	 30 	 0.734794 	 0.00269654 	 0.00561536
960 	 35 	 0.738991 	 0.00442511 	 0.00921498
960 	 40 	 0.764364 	 0.00252615 	 0.00526052
960 	 45 	 0.802709 	 0.0100353 	 0.0208979
960 	 50 	 0.813643 	 0.00240525 	 0.00500876
960 	 55 	 0.815737 	 0.00152664 	 0.00317912
960 	 60 	 0.81673 	 0.00155408 	 0.00323627
960 	 65 	 0.817589 	 0.00145061 	 0.00302079
960 	 70 	 0.818414 	 0.00133926 	 0.00278891
960 	 75 	 0.819218 	 0.00124298 	 0.00258842
960 	 80 	 0.820002 	 0.00116543 	 0.00242693
960 	 85 	 0.820766 	 0.00110742 	 0.00230612
960 	 90 	 0.821511 	 0.00106886 	 0.00222583
960 	 95 	 0.822238 	 0.00104886 	 0.00218419
960 	 100 	 0.822947 	 0.00104574 	 0.00217768
960 	 105 	 0.823638 	 0.00105719 	 0.00220152
960 	 110 	 0.824312 	 0.00108059 	 0.00225025
960 	 115 	 0.824969 	 0.00111331 	 0.00231839
960 	 120 	 0.82561 	 0.00115293 	 0.00240091
960 	 125 	 0.826235 	 0.00119739 	 0.00249347
960 	 130 	 0.826844 	 0.00124495 	 0.00259253
960 	 135 	 0.827438 	 0.00129427 	 0.00269523
960 	 140 	 0.828018 	 0.00134427 	 0.00279936
960 	 145 	 0.828583 	 0.00139416 	 0.00290323
960 	 150 	 0.829134 	 0.0014433 	 0.00300557
960 	 155 	 0.829671 	 0.00149125 	 0.00310542
960 	 160 	 0.830195 	 0.00153767 	 0.00320209
960 	 165 	 0.830706 	 0.00158232 	 0.00329507
960 	 170 	 0.831204 	 0.00162504 	 0.00338403
960 	 175 	 0.83169 	 0.00166572 	 0.00346874
960 	 180 	 0.832164 	 0.00170429 	 0.00354906
960 	 185 	 0.832626 	 0.00174071 	 0.00362491
960 	 190 	 0.833077 	 0.001775 	 0.0036963
960 	 195 	 0.833516 	 0.00180715 	 0.00376326
960 	 200 	 0.833944 	 0.0018372 	 0.00382583
960 	 205 	 0.834362 	 0.00186519 	 0.00388412
960 	 210 	 0.834769 	 0.00189117 	 0.00393824
960 	 215 	 0.835167 	 0.00191521 	 0.00398829
960 	 220 	 0.835554 	 0.00193736 	 0.00403443
960 	 225 	 0.835932 	 0.0019577 	 0.00407677
960 	 230 	 0.8363 	 0.00197629 	 0.00411548
960 	 235 	 0.836659 	 0.0019932 	 0.0041507
960 	 240 	 0.83701 	 0.00200851 	 0.00418257
960 	 245 	 0.837351 	 0.00202228 	 0.00421126
960 	 250 	 0.837684 	 0.0020346 	 0.00423691
960 	 255 	 0.838009 	 0.00204553 	 0.00425967
960 	 260 	 0.838326 	 0.00205514 	 0.00427968
960 	 265 	 0.838635 	 0.00206351 	 0.0042971
960 	 270 	 0.838936 	 0.00207069 	 0.00431207
960 	 275 	 0.83923 	 0.00207677 	 0.00432473
960 	 280 	 0.839516 	 0.0020818 	 0.0043352
960 	 285 	 0.839795 	 0.00208585 	 0.00434364
960 	 290 	 0.840068 	 0.00208898 	 0.00435015
960 	 295 	 0.840333 	 0.00209125 	 0.00435489
960 	 300 	 0.840592 	 0.00209272 	 0.00435795
960 	 305 	 0.840845 	 0.00209345 	 0.00435947
960 	 310 	 0.841091 	 0.00209349 	 0.00435955
960 	 315 	 0.841331 	 0.0020929 	 0.00435831
960 	 320 	 0.841565 	 0.00209172 	 0.00435586
960 	 325 	 0.841794 	 0.00209001 	 0.0043523
960 	 330 	 0.842016 	 0.00208781 	 0.00434772
960 	 335 	 0.842233 	 0.00208517 	 0.00434222
960 	 340 	 0.842445 	 0.00208213 	 0.0043359
960 	 345 	 0.842652 	 0.00207874 	 0.00432884
960 	 350 	 0.842853 	 0.00207504 	 0.00432113
960 	 355 	 0.843049 	 0.00207106 	 0.00431284
960 	 360 	 0.843241 	 0.00206684 	 0.00430406
960 	 365 	 0.843427 	 0.00206242 	 0.00429485
960 	 370 	 0.84361 	 0.00205783 	 0.0042853
960 	 375 	 0.843787 	 0.00205311 	 0.00427546
960 	 380 	 0.84396 	 0.00204828 	 0.00426539
960 	 385 	 0.844129 	 0.00204337 	 0.00425517
960 	 390 	 0.844294 	 0.00203841 	 0.00424484
960 	 395 	 0.844454 	 0.00203342 	 0.00423446
960 	 400 	 0.844611 	 0.00202844 	 0.00422408
960 	 405 	 0.844763 	 0.00202348 	 0.00421375
960 	 410 	 0.844912 	 0.00201856 	 0.00420351
960 	 415 	 0.845057 	 0.00201371 	 0.0041934
960 	 420 	 0.845199 	 0.00200893 	 0.00418347
960 	 425 	 0.845337 	 0.00200426 	 0.00417374
960 	 430 	 0.845472 	 0.00199971 	 0.00416426
960 	 435 	 0.845603 	 0.00199529 	 0.00415505
960 	 440 	 0.845731 	 0.00199101 	 0.00414614
960 	 445 	 0.845856 	 0.00198689 	 0.00413756
960 	 450 	 0.845977 	 0.00198294 	 0.00412933
960 	 455 	 0.846096 	 0.00197917 	 0.00412147
960 	 460 	 0.846212 	 0.00197558 	 0.00411401
960 	 465 	 0.846325 	 0.00197219 	 0.00410695
960 	 470 	 0.846435 	 0.001969 	 0.00410031
960 	 475 	 0.846542 	 0.00196602 	 0.00409411
960 	 480 	 0.846647 	 0.00196326 	 0.00408835
960 	 485 	 0.846749 	 0.00196071 	 0.00408305
960 	 490 	 0.846848 	 0.00195839 	 0.0040782
960 	 495 	 0.846945 	 0.00195629 	 0.00407383
960 	 500 	 0.84704 	 0.00195441 	 0.00406992
960 	 505 	 0.847132 	 0.00195276 	 0.00406649
960 	 510 	 0.847222 	 0.00195134 	 0.00406353
960 	 515 	 0.84731 	 0.00195015 	 0.00406105
960 	 520 	 0.847396 	 0.00194918 	 0.00405903
960 	 525 	 0.847479 	 0.00194844 	 0.00405748
960 	 530 	 0.84756 	 0.00194792 	 0.0040564
960 	 535 	 0.84764 	 0.00194762 	 0.00405578
960 	 540 	 0.847717 	 0.00194754 	 0.00405561
960 	 545 	 0.847793 	 0.00194767 	 0.00405589
960 	 550 	 0.847866 	 0.00194802 	 0.00405661
960 	 555 	 0.847938 	 0.00194857 	 0.00405775
960 	 560 	 0.848008 	 0.00194932 	 0.00405932
960 	 565 	 0.848076 	 0.00195027 	 0.0040613
960 	 570 	 0.848143 	 0.00195141 	 0.00406368
960 	 575 	 0.848207 	 0.00195275 	 0.00406646
960 	 580 	 0.848271 	 0.00195426 	 0.00406961
960 	 585 	 0.848332 	 0.00195595 	 0.00407313
960 	 590 	 0.848393 	 0.00195781 	 0.00407701
960 	 595 	 0.848451 	 0.00195984 	 0.00408123
960 	 600 	 0.848508 	 0.00196203 	 0.00408579
960 	 605 	 0.848564 	 0.00196437 	 0.00409066
960 	 610 	 0.848619 	 0.00196686 	 0.00409584
960 	 615 	 0.848672 	 0.00196949 	 0.00410132
960 	 620 	 0.848723 	 0.00197226 	 0.00410709
960 	 625 	 0.848774 	 0.00197515 	 0.00411312
960 	 630 	 0.848823 	 0.00197817 	 0.00411941
960 	 635 	 0.848871 	 0.00198131 	 0.00412595
960 	 640 	 0.848918 	 0.00198456 	 0.00413272
960 	 645 	 0.848963 	 0.00198792 	 0.00413971
960 	 650 	 0.849008 	 0.00199138 	 0.00414691
960 	 655 	 0.849051 	 0.00199493 	 0.00415431
960 	 660 	 0.849093 	 0.00199857 	 0.00416189
960 	 665 	 0.849135 	 0.0020023 	 0.00416965
960 	 670 	 0.849175 	 0.0020061 	 0.00417757
960 	 675 	 0.849214 	 0.00200998 	 0.00418564
960 	 680 	 0.849252 	 0.00201392 	 0.00419385
960 	 685 	 0.84929 	 0.00201793 	 0.0042022
960 	 690 	 0.849326 	 0.00202199 	 0.00421066
960 	 695 	 0.849362 	 0.00202611 	 0.00421923
960 	 700 	 0.849396 	 0.00203028 	 0.00422791
960 	 705 	 0.84943 	 0.00203449 	 0.00423667
960 	 710 	 0.849463 	 0.00203874 	 0.00424552
960 	 715 	 0.849495 	 0.00204302 	 0.00425444
960 	 720 	 0.849526 	 0.00204733 	 0.00426343
960 	 725 	 0.849557 	 0.00205168 	 0.00427247
960 	 730 	 0.849586 	 0.00205604 	 0.00428156
960 	 735 	 0.849615 	 0.00206042 	 0.00429069
960 	 740 	 0.849644 	 0.00206482 	 0.00429985
960 	 745 	 0.849671 	 0.00206924 	 0.00430904
960 	 750 	 0.849698 	 0.00207366 	 0.00431825
960 	 755 	 0.849724 	 0.00207808 	 0.00432746
960 	 760 	 0.84975 	 0.00208251 	 0.00433669
960 	 765 	 0.849775 	 0.00208694 	 0.00434591
960 	 770 	 0.849799 	 0.00209137 	 0.00435513
960 	 775 	 0.849823 	 0.00209579 	 0.00436434
960 	 780 	 0.849846 	 0.0021002 	 0.00437353
960 	 785 	 0.849868 	 0.0021046 	 0.00438269
960 	 790 	 0.84989 	 0.00210899 	 0.00439183
960 	 795 	 0.849912 	 0.00211337 	 0.00440094
960 	 800 	 0.849933 	 0.00211772 	 0.00441001
960 	 805 	 0.849953 	 0.00212206 	 0.00441904
960 	 810 	 0.849973 	 0.00212638 	 0.00442803
960 	 815 	 0.849992 	 0.00213067 	 0.00443697
960 	 820 	 0.850011 	 0.00213494 	 0.00444585
960 	 825 	 0.85003 	 0.00213918 	 0.00445469
960 	 830 	 0.850048 	 0.00214339 	 0.00446346
960 	 835 	 0.850065 	 0.00214758 	 0.00447218
960 	 840 	 0.850082 	 0.00215173 	 0.00448083
960 	 845 	 0.850099 	 0.00215585 	 0.00448941
960 	 850 	 0.850115 	 0.00215994 	 0.00449792
960 	 855 	 0.850131 	 0.002164 	 0.00450637
960 	 860 	 0.850147 	 0.00216801 	 0.00451474
960 	 865 	 0.850162 	 0.002172 	 0.00452303
960 	 870 	 0.850176 	 0.00217595 	 0.00453125
960 	 875 	 0.850191 	 0.00217985 	 0.00453939
960 	 880 	 0.850205 	 0.00218372 	 0.00454745
960 	 885 	 0.850218 	 0.00218756 	 0.00455543
960 	 890 	 0.850231 	 0.00219135 	 0.00456333
960 	 895 	 0.850244 	 0.0021951 	 0.00457114
960 	 900 	 0.850257 	 0.00219881 	 0.00457887
960 	 905 	 0.850269 	 0.00220248 	 0.00458651
960 	 910 	 0.850281 	 0.00220611 	 0.00459406
960 	 915 	 0.850293 	 0.00220969 	 0.00460153
960 	 920 	 0.850305 	 0.00221324 	 0.00460891
960 	 925 	 0.850316 	 0.00221674 	 0.0046162
960 	 930 	 0.850327 	 0.00222019 	 0.0046234
960 	 935 	 0.850337 	 0.00222361 	 0.00463051
960 	 940 	 0.850347 	 0.00222698 	 0.00463753
960 	 945 	 0.850358 	 0.00223031 	 0.00464446
960 	 950 	 0.850367 	 0.00223359 	 0.0046513
960 	 955 	 0.850377 	 0.00223684 	 0.00465806
960 	 960 	 0.850386 	 0.00224004 	 0.00466472
960 	 965 	 0.850395 	 0.00224319 	 0.00467129
960 	 970 	 0.850404 	 0.0022463 	 0.00467777
960 	 975 	 0.850413 	 0.00224937 	 0.00468416
960 	 980 	 0.850421 	 0.0022524 	 0.00469046
960 	 985 	 0.85043 	 0.00225538 	 0.00469667
960 	 990 	 0.850438 	 0.00225832 	 0.0047028
960 	 995 	 0.850446 	 0.00226122 	 0.00470883
960 	 1000 	 0.850453 	 0.00226407 	 0.00471478
960 	 1005 	 0.850461 	 0.00226689 	 0.00472064
960 	 1010 	 0.850468 	 0.00226966 	 0.00472641
960 	 1015 	 0.850475 	 0.00227239 	 0.00473209
960 	 1020 	 0.850482 	 0.00227508 	 0.00473769
960 	 1025 	 0.850489 	 0.00227772 	 0.0047432
960 	 1030 	 0.850495 	 0.00228033 	 0.00474863
960 	 1035 	 0.850502 	 0.0022829 	 0.00475397
960 	 1040 	 0.850508 	 0.00228542 	 0.00475923
960 	 1045 	 0.850514 	 0.00228791 	 0.00476441
960 	 1050 	 0.85052 	 0.00229036 	 0.0047695
960 	 1055 	 0.850526 	 0.00229276 	 0.00477452
960 	 1060 	 0.850531 	 0.00229513 	 0.00477945
960 	 1065 	 0.850537 	 0.00229746 	 0.0047843
960 	 1070 	 0.850542 	 0.00229975 	 0.00478908
960 	 1075 	 0.850547 	 0.00230201 	 0.00479377
960 	 1080 	 0.850553 	 0.00230423 	 0.00479839
960 	 1085 	 0.850557 	 0.00230641 	 0.00480293
960 	 1090 	 0.850562 	 0.00230855 	 0.00480739
960 	 1095 	 0.850567 	 0.00231066 	 0.00481178
960 	 1100 	 0.850572 	 0.00231273 	 0.0048161
960 	 1105 	 0.850576 	 0.00231477 	 0.00482034
960 	 1110 	 0.850581 	 0.00231677 	 0.00482451
960 	 1115 	 0.850585 	 0.00231874 	 0.00482861
960 	 1120 	 0.850589 	 0.00232067 	 0.00483264
960 	 1125 	 0.850593 	 0.00232257 	 0.0048366
960 	 1130 	 0.850597 	 0.00232444 	 0.00484049
960 	 1135 	 0.850601 	 0.00232628 	 0.00484431
960 	 1140 	 0.850605 	 0.00232808 	 0.00484806
960 	 1145 	 0.850608 	 0.00232985 	 0.00485175
960 	 1150 	 0.850612 	 0.00233159 	 0.00485537
960 	 1155 	 0.850615 	 0.0023333 	 0.00485893
960 	 1160 	 0.850619 	 0.00233498 	 0.00486243
960 	 1165 	 0.850622 	 0.00233663 	 0.00486586
960 	 1170 	 0.850625 	 0.00233824 	 0.00486923
960 	 1175 	 0.850629 	 0.00233983 	 0.00487254
960 	 1180 	 0.850632 	 0.00234139 	 0.00487579
960 	 1185 	 0.850635 	 0.00234293 	 0.00487898
960 	 1190 	 0.850638 	 0.00234443 	 0.00488211
960 	 1195 	 0.850641 	 0.00234591 	 0.00488519
960 	 1200 	 0.850643 	 0.00234736 	 0.0048882
960 	 1205 	 0.850646 	 0.00234878 	 0.00489117
960 	 1210 	 0.850649 	 0.00235018 	 0.00489407
960 	 1215 	 0.850651 	 0.00235155 	 0.00489693
960 	 1220 	 0.850654 	 0.00235289 	 0.00489973
960 	 1225 	 0.850656 	 0.00235421 	 0.00490248
960 	 1230 	 0.850659 	 0.00235551 	 0.00490518
960 	 1235 	 0.850661 	 0.00235678 	 0.00490782
960 	 1240 	 0.850663 	 0.00235802 	 0.00491042
960 	 1245 	 0.850666 	 0.00235925 	 0.00491297
960 	 1250 	 0.850668 	 0.00236045 	 0.00491547
960 	 1255 	 0.85067 	 0.00236162 	 0.00491792
960 	 1260 	 0.850672 	 0.00236278 	 0.00492032
960 	 1265 	 0.850674 	 0.00236391 	 0.00492268
960 	 1270 	 0.850676 	 0.00236502 	 0.004925
960 	 1275 	 0.850678 	 0.00236611 	 0.00492727
960 	 1280 	 0.85068 	 0.00236718 	 0.00492949
960 	 1285 	 0.850681 	 0.00236823 	 0.00493168
960 	 1290 	 0.850683 	 0.00236926 	 0.00493382
960 	 1295 	 0.850685 	 0.00237027 	 0.00493592
960 	 1300 	 0.850687 	 0.00237126 	 0.00493797
960 	 1305 	 0.850688 	 0.00237223 	 0.00493999
960 	 1310 	 0.85069 	 0.00237318 	 0.00494197
960 	 1315 	 0.850691 	 0.00237411 	 0.00494391
960 	 1320 	 0.850693 	 0.00237502 	 0.00494582
960 	 1325 	 0.850694 	 0.00237592 	 0.00494768
960 	 1330 	 0.850696 	 0.0023768 	 0.00494951
960 	 1335 	 0.850697 	 0.00237766 	 0.0049513
960 	 1340 	 0.850699 	 0.0023785 	 0.00495306
960 	 1345 	 0.8507 	 0.00237933 	 0.00495478
960 	 1350 	 0.850701 	 0.00238014 	 0.00495647
960 	 1355 	 0.850703 	 0.00238093 	 0.00495813
960 	 1360 	 0.850704 	 0.00238171 	 0.00495975
960 	 1365 	 0.850705 	 0.00238248 	 0.00496134
960 	 1370 	 0.850706 	 0.00238322 	 0.0049629
960 	 1375 	 0.850707 	 0.00238396 	 0.00496442
960 	 1380 	 0.850709 	 0.00238468 	 0.00496592
960 	 1385 	 0.85071 	 0.00238538 	 0.00496739
960 	 1390 	 0.850711 	 0.00238607 	 0.00496882
960 	 1395 	 0.850712 	 0.00238675 	 0.00497023
960 	 1400 	 0.850713 	 0.00238741 	 0.00497161
960 	 1405 	 0.850714 	 0.00238806 	 0.00497296
960 	 1410 	 0.850715 	 0.00238869 	 0.00497429
960 	 1415 	 0.850716 	 0.00238932 	 0.00497558
960 	 1420 	 0.850717 	 0.00238993 	 0.00497686
960 	 1425 	 0.850718 	 0.00239053 	 0.0049781
960 	 1430 	 0.850718 	 0.00239111 	 0.00497932
960 	 1435 	 0.850719 	 0.00239168 	 0.00498052
960 	 1440 	 0.85072 	 0.00239225 	 0.00498169
960 	 1445 	 0.850721 	 0.0023928 	 0.00498283
960 	 1450 	 0.850722 	 0.00239334 	 0.00498396
960 	 1455 	 0.850723 	 0.00239387 	 0.00498506
960 	 1460 	 0.850723 	 0.00239438 	 0.00498614
960 	 1465 	 0.850724 	 0.00239489 	 0.00498719
960 	 1470 	 0.850725 	 0.00239539 	 0.00498822
960 	 1475 	 0.850725 	 0.00239587 	 0.00498924
960 	 1480 	 0.850726 	 0.00239635 	 0.00499023
960 	 1485 	 0.850727 	 0.00239682 	 0.0049912
960 	 1490 	 0.850727 	 0.00239727 	 0.00499215
960 	 1495 	 0.850728 	 0.00239772 	 0.00499308
960 	 1500 	 0.850729 	 0.00239816 	 0.004994
960 	 1505 	 0.850729 	 0.00239859 	 0.00499489
960 	 1510 	 0.85073 	 0.00239901 	 0.00499576
960 	 1515 	 0.85073 	 0.00239942 	 0.00499662
960 	 1520 	 0.850731 	 0.00239982 	 0.00499746
960 	 1525 	 0.850732 	 0.00240022 	 0.00499828
960 	 1530 	 0.850732 	 0.0024006 	 0.00499908
960 	 1535 	 0.850733 	 0.00240098 	 0.00499987
960 	 1540 	 0.850733 	 0.00240135 	 0.00500064
960 	 1545 	 0.850734 	 0.00240171 	 0.0050014
960 	 1550 	 0.850734 	 0.00240207 	 0.00500214
960 	 1555 	 0.850735 	 0.00240241 	 0.00500286
960 	 1560 	 0.850735 	 0.00240275 	 0.00500357
960 	 1565 	 0.850735 	 0.00240309 	 0.00500426
960 	 1570 	 0.850736 	 0.00240341 	 0.00500494
960 	 1575 	 0.850736 	 0.00240373 	 0.0050056
960 	 1580 	 0.850737 	 0.00240404 	 0.00500625
960 	 1585 	 0.850737 	 0.00240435 	 0.00500689
960 	 1590 	 0.850737 	 0.00240465 	 0.00500751
960 	 1595 	 0.850738 	 0.00240494 	 0.00500812
960 	 1600 	 0.850738 	 0.00240523 	 0.00500872
960 	 1605 	 0.850739 	 0.00240551 	 0.00500931
960 	 1610 	 0.850739 	 0.00240578 	 0.00500988
960 	 1615 	 0.850739 	 0.00240605 	 0.00501044
960 	 1620 	 0.85074 	 0.00240632 	 0.00501099
960 	 1625 	 0.85074 	 0.00240657 	 0.00501152
960 	 1630 	 0.85074 	 0.00240683 	 0.00501205
960 	 1635 	 0.850741 	 0.00240707 	 0.00501256
960 	 1640 	 0.850741 	 0.00240731 	 0.00501306
960 	 1645 	 0.850741 	 0.00240755 	 0.00501356
960 	 1650 	 0.850741 	 0.00240778 	 0.00501404
960 	 1655 	 0.850742 	 0.00240801 	 0.00501451
960 	 1660 	 0.850742 	 0.00240823 	 0.00501497
960 	 1665 	 0.850742 	 0.00240845 	 0.00501542
960 	 1670 	 0.850743 	 0.00240866 	 0.00501586
960 	 1675 	 0.850743 	 0.00240887 	 0.0050163
960 	 1680 	 0.850743 	 0.00240907 	 0.00501672
960 	 1685 	 0.850743 	 0.00240927 	 0.00501713
960 	 1690 	 0.850744 	 0.00240946 	 0.00501754
960 	 1695 	 0.850744 	 0.00240965 	 0.00501793
960 	 1700 	 0.850744 	 0.00240984 	 0.00501832
960 	 1705 	 0.850744 	 0.00241002 	 0.0050187
960 	 1710 	 0.850744 	 0.0024102 	 0.00501907
960 	 1715 	 0.850745 	 0.00241037 	 0.00501943
960 	 1720 	 0.850745 	 0.00241054 	 0.00501979
960 	 1725 	 0.850745 	 0.00241071 	 0.00502014
960 	 1730 	 0.850745 	 0.00241087 	 0.00502048
960 	 1735 	 0.850745 	 0.00241103 	 0.00502081
960 	 1740 	 0.850746 	 0.00241119 	 0.00502114
960 	 1745 	 0.850746 	 0.00241134 	 0.00502145
960 	 1750 	 0.850746 	 0.00241149 	 0.00502177
960 	 1755 	 0.850746 	 0.00241164 	 0.00502207
960 	 1760 	 0.850746 	 0.00241178 	 0.00502237
960 	 1765 	 0.850746 	 0.00241192 	 0.00502266
960 	 1770 	 0.850747 	 0.00241206 	 0.00502295
960 	 1775 	 0.850747 	 0.00241219 	 0.00502323
960 	 1780 	 0.850747 	 0.00241233 	 0.0050235
960 	 1785 	 0.850747 	 0.00241245 	 0.00502377
960 	 1790 	 0.850747 	 0.00241258 	 0.00502403
960 	 1795 	 0.850747 	 0.0024127 	 0.00502428
960 	 1800 	 0.850748 	 0.00241282 	 0.00502453
960 	 1805 	 0.850748 	 0.00241294 	 0.00502478
960 	 1810 	 0.850748 	 0.00241305 	 0.00502502
960 	 1815 	 0.850748 	 0.00241317 	 0.00502525
960 	 1820 	 0.850748 	 0.00241328 	 0.00502548
960 	 1825 	 0.850748 	 0.00241338 	 0.0050257
960 	 1830 	 0.850748 	 0.00241349 	 0.00502592
960 	 1835 	 0.850748 	 0.00241359 	 0.00502614
960 	 1840 	 0.850748 	 0.00241369 	 0.00502635
960 	 1845 	 0.850749 	 0.00241379 	 0.00502655
960 	 1850 	 0.850749 	 0.00241389 	 0.00502675
960 	 1855 	 0.850749 	 0.00241398 	 0.00502695
960 	 1860 	 0.850749 	 0.00241407 	 0.00502714
960 	 1865 	 0.850749 	 0.00241416 	 0.00502733
960 	 1870 	 0.850749 	 0.00241425 	 0.00502751
960 	 1875 	 0.850749 	 0.00241434 	 0.00502769
960 	 1880 	 0.850749 	 0.00241442 	 0.00502787
960 	 1885 	 0.850749 	 0.0024145 	 0.00502804
960 	 1890 	 0.850749 	 0.00241459 	 0.0050282
960 	 1895 	 0.85075 	 0.00241466 	 0.00502837
960 	 1900 	 0.85075 	 0.00241474 	 0.00502853
960 	 1905 	 0.85075 	 0.00241482 	 0.00502869
960 	 1910 	 0.85075 	 0.00241489 	 0.00502884
960 	 1915 	 0.85075 	 0.00241496 	 0.00502899
960 	 1920 	 0.85075 	 0.00241503 	 0.00502914
960 	 1925 	 0.85075 	 0.0024151 	 0.00502928
960 	 1930 	 0.85075 	 0.00241517 	 0.00502942
960 	 1935 	 0.85075 	 0.00241523 	 0.00502956
960 	 1940 	 0.85075 	 0.0024153 	 0.00502969
960 	 1945 	 0.85075 	 0.00241536 	 0.00502982
960 	 1950 	 0.85075 	 0.00241542 	 0.00502995
960 	 1955 	 0.85075 	 0.00241548 	 0.00503008
960 	 1960 	 0.85075 	 0.00241554 	 0.0050302
960 	 1965 	 0.850751 	 0.0024156 	 0.00503032
960 	 1970 	 0.850751 	 0.00241566 	 0.00503043
960 	 1975 	 0.850751 	 0.00241571 	 0.00503055
960 	 1980 	 0.850751 	 0.00241577 	 0.00503066
960 	 1985 	 0.850751 	 0.00241582 	 0.00503077
960 	 1990 	 0.850751 	 0.00241587 	 0.00503088
960 	 1995 	 0.850751 	 0.00241592 	 0.00503098
960 	 2000 	 0.850751 	 0.00241597 	 0.00503109
960 	 2005 	 0.850751 	 0.00241602 	 0.00503119
960 	 2010 	 0.850751 	 0.00241606 	 0.00503128
960 	 2015 	 0.850751 	 0.00241611 	 0.00503138
960 	 2020 	 0.850751 	 0.00241615 	 0.00503147
960 	 2025 	 0.850751 	 0.0024162 	 0.00503156
960 	 2030 	 0.850751 	 0.00241624 	 0.00503165
960 	 2035 	 0.850751 	 0.00241628 	 0.00503174
960 	 2040 	 0.850751 	 0.00241632 	 0.00503183
960 	 2045 	 0.850751 	 0.00241636 	 0.00503191
960 	 2050 	 0.850751 	 0.0024164 	 0.00503199
960 	 2055 	 0.850751 	 0.00241644 	 0.00503207
960 	 2060 	 0.850751 	 0.00241648 	 0.00503215
960 	 2065 	 0.850751 	 0.00241652 	 0.00503223
960 	 2070 	 0.850751 	 0.00241655 	 0.0050323
960 	 2075 	 0.850752 	 0.00241659 	 0.00503237
960 	 2080 	 0.850752 	 0.00241662 	 0.00503244
960 	 2085 	 0.850752 	 0.00241665 	 0.00503251
960 	 2090 	 0.850752 	 0.00241669 	 0.00503258
960 	 2095 	 0.850752 	 0.00241672 	 0.00503265
960 	 2100 	 0.850752 	 0.00241675 	 0.00503271
960 	 2105 	 0.850752 	 0.00241678 	 0.00503278
960 	 2110 	 0.850752 	 0.00241681 	 0.00503284
960 	 2115 	 0.850752 	 0.00241684 	 0.0050329
960 	 2120 	 0.850752 	 0.00241687 	 0.00503296
960 	 2125 	 0.850752 	 0.0024169 	 0.00503302
960 	 2130 	 0.850752 	 0.00241692 	 0.00503307
960 	 2135 	 0.850752 	 0.00241695 	 0.00503313
960 	 2140 	 0.850752 	 0.00241698 	 0.00503318
960 	 2145 	 0.850752 	 0.002417 	 0.00503324
960 	 2150 	 0.850752 	 0.00241703 	 0.00503329
960 	 2155 	 0.850752 	 0.00241705 	 0.00503334
960 	 2160 	 0.850752 	 0.00241707 	 0.00503339
960 	 2165 	 0.850752 	 0.0024171 	 0.00503344
960 	 2170 	 0.850752 	 0.00241712 	 0.00503348
960 	 2175 	 0.850752 	 0.00241714 	 0.00503353
960 	 2180 	 0.850752 	 0.00241716 	 0.00503357
960 	 2185 	 0.850752 	 0.00241719 	 0.00503362
960 	 2190 	 0.850752 	 0.00241721 	 0.00503366
960 	 2195 	 0.850752 	 0.00241723 	 0.0050337
960 	 2200 	 0.850752 	 0.00241725 	 0.00503375
960 	 2205 	 0.850752 	 0.00241727 	 0.00503379
960 	 2210 	 0.850752 	 0.00241728 	 0.00503382
960 	 2215 	 0.850752 	 0.0024173 	 0.00503386
960 	 2220 	 0.850752 	 0.00241732 	 0.0050339
960 	 2225 	 0.850752 	 0.00241734 	 0.00503394
960 	 2230 	 0.850752 	 0.00241736 	 0.00503397
960 	 2235 	 0.850752 	 0.00241737 	 0.00503401
960 	 2240 	 0.850752 	 0.00241739 	 0.00503404
960 	 2245 	 0.850752 	 0.0024174 	 0.00503408
960 	 2250 	 0.850752 	 0.00241742 	 0.00503411
960 	 2255 	 0.850752 	 0.00241744 	 0.00503414
960 	 2260 	 0.850752 	 0.00241745 	 0.00503417
960 	 2265 	 0.850752 	 0.00241747 	 0.0050342
960 	 2270 	 0.850752 	 0.00241748 	 0.00503423
960 	 2275 	 0.850752 	 0.00241749 	 0.00503426
960 	 2280 	 0.850752 	 0.00241751 	 0.00503429
960 	 2285 	 0.850752 	 0.00241752 	 0.00503432
960 	 2290 	 0.850752 	 0.00241753 	 0.00503434
960 	 2295 	 0.850752 	 0.00241755 	 0.00503437
960 	 2300 	 0.850752 	 0.00241756 	 0.0050344
960 	 2305 	 0.850752 	 0.00241757 	 0.00503442
960 	 2310 	 0.850752 	 0.00241758 	 0.00503445
960 	 2315 	 0.850752 	 0.00241759 	 0.00503447
960 	 2320 	 0.850752 	 0.00241761 	 0.00503449
960 	 2325 	 0.850752 	 0.00241762 	 0.00503452
960 	 2330 	 0.850752 	 0.00241763 	 0.00503454
960 	 2335 	 0.850752 	 0.00241764 	 0.00503456
960 	 2340 	 0.850752 	 0.00241765 	 0.00503458
960 	 2345 	 0.850753 	 0.00241766 	 0.0050346
960 	 2350 	 0.850753 	 0.00241767 	 0.00503463
960 	 2355 	 0.850753 	 0.00241768 	 0.00503465
960 	 2360 	 0.850753 	 0.00241769 	 0.00503467
960 	 2365 	 0.850753 	 0.0024177 	 0.00503468
960 	 2370 	 0.850753 	 0.00241771 	 0.0050347
960 	 2375 	 0.850753 	 0.00241771 	 0.00503472
960 	 2380 	 0.850753 	 0.00241772 	 0.00503474
960 	 2385 	 0.850753 	 0.00241773 	 0.00503476
960 	 2390 	 0.850753 	 0.00241774 	 0.00503477
960 	 2395 	 0.850753 	 0.00241775 	 0.00503479
960 	 2400 	 0.850753 	 0.00241776 	 0.00503481
960 	 2405 	 0.850753 	 0.00241776 	 0.00503482
960 	 2410 	 0.850753 	 0.00241777 	 0.00503484
960 	 2415 	 0.850753 	 0.00241778 	 0.00503485
960 	 2420 	 0.850753 	 0.00241779 	 0.00503487
960 	 2425 	 0.850753 	 0.00241779 	 0.00503488
960 	 2430 	 0.850753 	 0.0024178 	 0.0050349
960 	 2435 	 0.850753 	 0.00241781 	 0.00503491
960 	 2440 	 0.850753 	 0.00241781 	 0.00503492
960 	 2445 	 0.850753 	 0.00241782 	 0.00503494
960 	 2450 	 0.850753 	 0.00241782 	 0.00503495
960 	 2455 	 0.850753 	 0.00241783 	 0.00503496
960 	 2460 	 0.850753 	 0.00241784 	 0.00503497
960 	 2465 	 0.850753 	 0.00241784 	 0.00503499
960 	 2470 	 0.850753 	 0.00241785 	 0.005035
960 	 2475 	 0.850753 	 0.00241785 	 0.00503501
960 	 2480 	 0.850753 	 0.00241786 	 0.00503502
960 	 2485 	 0.850753 	 0.00241786 	 0.00503503
960 	 2490 	 0.850753 	 0.00241787 	 0.00503504
960 	 2495 	 0.850753 	 0.00241787 	 0.00503505
960 	 2500 	 0.850753 	 0.00241788 	 0.00503506
960 	 2505 	 0.850753 	 0.00241788 	 0.00503507
960 	 2510 	 0.850753 	 0.00241789 	 0.00503508
960 	 2515 	 0.850753 	 0.00241789 	 0.00503509
960 	 2520 	 0.850753 	 0.0024179 	 0.0050351
960 	 2525 	 0.850753 	 0.0024179 	 0.00503511
960 	 2530 	 0.850753 	 0.00241791 	 0.00503512
960 	 2535 	 0.850753 	 0.00241791 	 0.00503513
960 	 2540 	 0.850753 	 0.00241791 	 0.00503514
960 	 2545 	 0.850753 	 0.00241792 	 0.00503515
960 	 2550 	 0.850753 	 0.00241792 	 0.00503515
960 	 2555 	 0.850753 	 0.00241793 	 0.00503516
960 	 2560 	 0.850753 	 0.00241793 	 0.00503517
960 	 2565 	 0.850753 	 0.00241793 	 0.00503518
960 	 2570 	 0.850753 	 0.00241794 	 0.00503518
960 	 2575 	 0.850753 	 0.00241794 	 0.00503519
960 	 2580 	 0.850753 	 0.00241794 	 0.0050352
960 	 2585 	 0.850753 	 0.00241795 	 0.0050352
960 	 2590 	 0.850753 	 0.00241795 	 0.00503521
960 	 2595 	 0.850753 	 0.00241795 	 0.00503522
960 	 2600 	 0.850753 	 0.00241796 	 0.00503522
960 	 2605 	 0.850753 	 0.00241796 	 0.00503523
960 	 2610 	 0.850753 	 0.00241796 	 0.00503524
960 	 2615 	 0.850753 	 0.00241796 	 0.00503524
960 	 2620 	 0.850753 	 0.00241797 	 0.00503525
960 	 2625 	 0.850753 	 0.00241797 	 0.00503525
960 	 2630 	 0.850753 	 0.00241797 	 0.00503526
960 	 2635 	 0.850753 	 0.00241798 	 0.00503526
960 	 2640 	 0.850753 	 0.00241798 	 0.00503527
960 	 2645 	 0.850753 	 0.00241798 	 0.00503527
960 	 2650 	 0.850753 	 0.00241798 	 0.00503528
960 	 2655 	 0.850753 	 0.00241799 	 0.00503528
960 	 2660 	 0.850753 	 0.00241799 	 0.00503529
960 	 2665 	 0.850753 	 0.00241799 	 0.00503529
960 	 2670 	 0.850753 	 0.00241799 	 0.0050353
960 	 2675 	 0.850753 	 0.00241799 	 0.0050353
960 	 2680 	 0.850753 	 0.002418 	 0.00503531
960 	 2685 	 0.850753 	 0.002418 	 0.00503531
960 	 2690 	 0.850753 	 0.002418 	 0.00503532
960 	 2695 	 0.850753 	 0.002418 	 0.00503532
960 	 2700 	 0.850753 	 0.002418 	 0.00503532
960 	 2705 	 0.850753 	 0.00241801 	 0.00503533
960 	 2710 	 0.850753 	 0.00241801 	 0.00503533
960 	 2715 	 0.850753 	 0.00241801 	 0.00503533
960 	 2720 	 0.850753 	 0.00241801 	 0.00503534
960 	 2725 	 0.850753 	 0.00241801 	 0.00503534
960 	 2730 	 0.850753 	 0.00241801 	 0.00503535
960 	 2735 	 0.850753 	 0.00241802 	 0.00503535
960 	 2740 	 0.850753 	 0.00241802 	 0.00503535
960 	 2745 	 0.850753 	 0.00241802 	 0.00503535
960 	 2750 	 0.850753 	 0.00241802 	 0.00503536
960 	 2755 	 0.850753 	 0.00241802 	 0.00503536
960 	 2760 	 0.850753 	 0.00241802 	 0.00503536
960 	 2765 	 0.850753 	 0.00241802 	 0.00503537
960 	 2770 	 0.850753 	 0.00241803 	 0.00503537
960 	 2775 	 0.850753 	 0.00241803 	 0.00503537
960 	 2780 	 0.850753 	 0.00241803 	 0.00503538
960 	 2785 	 0.850753 	 0.00241803 	 0.00503538
960 	 2790 	 0.850753 	 0.00241803 	 0.00503538
960 	 2795 	 0.850753 	 0.00241803 	 0.00503538
960 	 2800 	 0.850753 	 0.00241803 	 0.00503539
960 	 2805 	 0.850753 	 0.00241803 	 0.00503539
960 	 2810 	 0.850753 	 0.00241804 	 0.00503539
960 	 2815 	 0.850753 	 0.00241804 	 0.00503539
960 	 2820 	 0.850753 	 0.00241804 	 0.00503539
960 	 2825 	 0.850753 	 0.00241804 	 0.0050354
960 	 2830 	 0.850753 	 0.00241804 	 0.0050354
960 	 2835 	 0.850753 	 0.00241804 	 0.0050354
960 	 2840 	 0.850753 	 0.00241804 	 0.0050354
960 	 2845 	 0.850753 	 0.00241804 	 0.0050354
960 	 2850 	 0.850753 	 0.00241804 	 0.00503541
960 	 2855 	 0.850753 	 0.00241804 	 0.00503541
960 	 2860 	 0.850753 	 0.00241805 	 0.00503541
960 	 2865 	 0.850753 	 0.00241805 	 0.00503541
960 	 2870 	 0.850753 	 0.00241805 	 0.00503541
960 	 2875 	 0.850753 	 0.00241805 	 0.00503542
960 	 2880 	 0.850753 	 0.00241805 	 0.00503542
960 	 2885 	 0.850753 	 0.00241805 	 0.00503542
960 	 2890 	 0.850753 	 0.00241805 	 0.00503542
960 	 2895 	 0.850753 	 0.00241805 	 0.00503542
960 	 2900 	 0.850753 	 0.00241805 	 0.00503542
960 	 2905 	 0.850753 	 0.00241805 	 0.00503542
960 	 2910 	 0.850753 	 0.00241805 	 0.00503543
960 	 2915 	 0.850753 	 0.00241805 	 0.00503543
960 	 2920 	 0.850753 	 0.00241805 	 0.00503543
960 	 2925 	 0.850753 	 0.00241806 	 0.00503543
960 	 2930 	 0.850753 	 0.00241806 	 0.00503543
960 	 2935 	 0.850753 	 0.00241806 	 0.00503543
960 	 2940 	 0.850753 	 0.00241806 	 0.00503543
960 	 2945 	 0.850753 	 0.00241806 	 0.00503544
960 	 2950 	 0.850753 	 0.00241806 	 0.00503544
960 	 2955 	 0.850753 	 0.00241806 	 0.00503544
960 	 2960 	 0.850753 	 0.00241806 	 0.00503544
960 	 2965 	 0.850753 	 0.00241806 	 0.00503544
960 	 2970 	 0.850753 	 0.00241806 	 0.00503544
960 	 2975 	 0.850753 	 0.00241806 	 0.00503544
960 	 2980 	 0.850753 	 0.00241806 	 0.00503544
960 	 2985 	 0.850753 	 0.00241806 	 0.00503544
960 	 2990 	 0.850753 	 0.00241806 	 0.00503544
960 	 2995 	 0.850753 	 0.00241806 	 0.00503545
960 	 3000 	 0.850753 	 0.00241806 	 0.00503545
960 	 3005 	 0.850753 	 0.00241806 	 0.00503545
960 	 3010 	 0.850753 	 0.00241806 	 0.00503545
960 	 3015 	 0.850753 	 0.00241806 	 0.00503545
960 	 3020 	 0.850753 	 0.00241806 	 0.00503545
960 	 3025 	 0.850753 	 0.00241807 	 0.00503545
960 	 3030 	 0.850753 	 0.00241807 	 0.00503545
960 	 3035 	 0.850753 	 0.00241807 	 0.00503545
960 	 3040 	 0.850753 	 0.00241807 	 0.00503545
960 	 3045 	 0.850753 	 0.00241807 	 0.00503545
960 	 3050 	 0.850753 	 0.00241807 	 0.00503545
960 	 3055 	 0.850753 	 0.00241807 	 0.00503546
960 	 3060 	 0.850753 	 0.00241807 	 0.00503546
960 	 3065 	 0.850753 	 0.00241807 	 0.00503546
960 	 3070 	 0.850753 	 0.00241807 	 0.00503546
960 	 3075 	 0.850753 	 0.00241807 	 0.00503546
960 	 3080 	 0.850753 	 0.00241807 	 0.00503546
960 	 3085 	 0.850753 	 0.00241807 	 0.00503546
960 	 3090 	 0.850753 	 0.00241807 	 0.00503546
960 	 3095 	 0.850753 	 0.00241807 	 0.00503546
960 	 3100 	 0.850753 	 0.00241807 	 0.00503546
960 	 3105 	 0.850753 	 0.00241807 	 0.00503546
960 	 3110 	 0.850753 	 0.00241807 	 0.00503546
960 	 3115 	 0.850753 	 0.00241807 	 0.00503546
960 	 3120 	 0.850753 	 0.00241807 	 0.00503546
960 	 3125 	 0.850753 	 0.00241807 	 0.00503546
960 	 3130 	 0.850753 	 0.00241807 	 0.00503546
960 	 3135 	 0.850753 	 0.00241807 	 0.00503546
960 	 3140 	 0.850753 	 0.00241807 	 0.00503546
960 	 3145 	 0.850753 	 0.00241807 	 0.00503547
960 	 3150 	 0.850753 	 0.00241807 	 0.00503547
960 	 3155 	 0.850753 	 0.00241807 	 0.00503547
960 	 3160 	 0.850753 	 0.00241807 	 0.00503547
960 	 3165 	 0.850753 	 0.00241807 	 0.00503547
960 	 3170 	 0.850753 	 0.00241807 	 0.00503547
960 	 3175 	 0.850753 	 0.00241807 	 0.00503547
960 	 3180 	 0.850753 	 0.00241807 	 0.00503547
960 	 3185 	 0.850753 	 0.00241807 	 0.00503547
960 	 3190 	 0.850753 	 0.00241807 	 0.00503547
960 	 3195 	 0.850753 	 0.00241807 	 0.00503547
960 	 3200 	 0.850753 	 0.00241807 	 0.00503547
960 	 3205 	 0.850753 	 0.00241807 	 0.00503547
960 	 3210 	 0.850753 	 0.00241807 	 0.00503547
960 	 3215 	 0.850753 	 0.00241807 	 0.00503547
960 	 3220 	 0.850753 	 0.00241807 	 0.00503547
960 	 3225 	 0.850753 	 0.00241807 	 0.00503547
960 	 3230 	 0.850753 	 0.00241807 	 0.00503547
960 	 3235 	 0.850753 	 0.00241808 	 0.00503547
960 	 3240 	 0.850753 	 0.00241808 	 0.00503547
960 	 3245 	 0.850753 	 0.00241808 	 0.00503547
960 	 3250 	 0.850753 	 0.00241808 	 0.00503547
960 	 3255 	 0.850753 	 0.00241808 	 0.00503547
960 	 3260 	 0.850753 	 0.00241808 	 0.00503547
960 	 3265 	 0.850753 	 0.00241808 	 0.00503547
960 	 3270 	 0.850753 	 0.00241808 	 0.00503547
960 	 3275 	 0.850753 	 0.00241808 	 0.00503547
960 	 3280 	 0.850753 	 0.00241808 	 0.00503547
960 	 3285 	 0.850753 	 0.00241808 	 0.00503547
960 	 3290 	 0.850753 	 0.00241808 	 0.00503547
960 	 3295 	 0.850753 	 0.00241808 	 0.00503547
960 	 3300 	 0.850753 	 0.00241808 	 0.00503547
960 	 3305 	 0.850753 	 0.00241808 	 0.00503547
960 	 3310 	 0.850753 	 0.00241808 	 0.00503548
960 	 3315 	 0.850753 	 0.00241808 	 0.00503548
960 	 3320 	 0.850753 	 0.00241808 	 0.00503548
960 	 3325 	 0.850753 	 0.00241808 	 0.00503548
960 	 3330 	 0.850753 	 0.00241808 	 0.00503548
960 	 3335 	 0.850753 	 0.00241808 	 0.00503548
960 	 3340 	 0.850753 	 0.00241808 	 0.00503548
960 	 3345 	 0.850753 	 0.00241808 	 0.00503548
960 	 3350 	 0.850753 	 0.00241808 	 0.00503548
960 	 3355 	 0.850753 	 0.00241808 	 0.00503548
960 	 3360 	 0.850753 	 0.00241808 	 0.00503548
960 	 3365 	 0.850753 	 0.00241808 	 0.00503548
960 	 3370 	 0.850753 	 0.00241808 	 0.00503548
960 	 3375 	 0.850753 	 0.00241808 	 0.00503548
960 	 3380 	 0.850753 	 0.00241808 	 0.00503548
960 	 3385 	 0.850753 	 0.00241808 	 0.00503548
960 	 3390 	 0.850753 	 0.00241808 	 0.00503548
960 	 3395 	 0.850753 	 0.00241808 	 0.00503548
960 	 3400 	 0.850753 	 0.00241808 	 0.00503548
960 	 3405 	 0.850753 	 0.00241808 	 0.00503548
960 	 3410 	 0.850753 	 0.00241808 	 0.00503548
960 	 3415 	 0.850753 	 0.00241808 	 0.00503548
960 	 3420 	 0.850753 	 0.00241808 	 0.00503548
960 	 3425 	 0.850753 	 0.00241808 	 0.00503548
960 	 3430 	 0.850753 	 0.00241808 	 0.00503548
960 	 3435 	 0.850753 	 0.00241808 	 0.00503548
960 	 3440 	 0.850753 	 0.00241808 	 0.00503548
960 	 3445 	 0.850753 	 0.00241808 	 0.00503548
960 	 3450 	 0.850753 	 0.00241808 	 0.00503548
960 	 3455 	 0.850753 	 0.00241808 	 0.00503548
960 	 3460 	 0.850753 	 0.00241808 	 0.00503548
960 	 3465 	 0.850753 	 0.00241808 	 0.00503548
960 	 3470 	 0.850753 	 0.00241808 	 0.00503548
960 	 3475 	 0.850753 	 0.00241808 	 0.00503548
960 	 3480 	 0.850753 	 0.00241808 	 0.00503548
960 	 3485 	 0.850753 	 0.00241808 	 0.00503548
960 	 3490 	 0.850753 	 0.00241808 	 0.00503548
960 	 3495 	 0.850753 	 0.00241808 	 0.00503548
960 	 3500 	 0.850753 	 0.00241808 	 0.00503548
960 	 3505 	 0.850753 	 0.00241808 	 0.00503548
960 	 3510 	 0.850753 	 0.00241808 	 0.00503548
960 	 3515 	 0.850753 	 0.00241808 	 0.00503548
960 	 3520 	 0.850753 	 0.00241808 	 0.00503548
960 	 3525 	 0.850753 	 0.00241808 	 0.00503548
960 	 3530 	 0.850753 	 0.00241808 	 0.00503548
960 	 3535 	 0.850753 	 0.00241808 	 0.00503548
960 	 3540 	 0.850753 	 0.00241808 	 0.00503548
960 	 3545 	 0.850753 	 0.00241808 	 0.00503548
960 	 3550 	 0.850753 	 0.00241808 	 0.00503548
960 	 3555 	 0.850753 	 0.00241808 	 0.00503548
960 	 3560 	 0.850753 	 0.00241808 	 0.00503548
960 	 3565 	 0.850753 	 0.00241808 	 0.00503548
960 	 3570 	 0.850753 	 0.00241808 	 0.00503548
960 	 3575 	 0.850753 	 0.00241808 	 0.00503548
960 	 3580 	 0.850753 	 0.00241808 	 0.00503548
960 	 3585 	 0.850753 	 0.00241808 	 0.00503548
960 	 3590 	 0.850753 	 0.00241808 	 0.00503548
960 	 3595 	 0.850753 	 0.00241808 	 0.00503548
960 	 3600 	 0.850753 	 0.00241808 	 0.00503548
960 	 3605 	 0.850753 	 0.00241808 	 0.00503548
960 	 3610 	 0.850753 	 0.00241808 	 0.00503548
960 	 3615 	 0.850753 	 0.00241808 	 0.00503548
960 	 3620 	 0.850753 	 0.00241808 	 0.00503548
960 	 3625 	 0.850753 	 0.00241808 	 0.00503548
960 	 3630 	 0.850753 	 0.00241808 	 0.00503548
960 	 3635 	 0.850753 	 0.00241808 	 0.00503548
960 	 3640 	 0.850753 	 0.00241808 	 0.00503548
960 	 3645 	 0.850753 	 0.00241808 	 0.00503548
960 	 3650 	 0.850753 	 0.00241808 	 0.00503548
960 	 3655 	 0.850753 	 0.00241808 	 0.00503548
960 	 3660 	 0.850753 	 0.00241808 	 0.00503548
960 	 3665 	 0.850753 	 0.00241808 	 0.00503548
960 	 3670 	 0.850753 	 0.00241808 	 0.00503548
960 	 3675 	 0.850753 	 0.00241808 	 0.00503548
960 	 3680 	 0.850753 	 0.00241808 	 0.00503548
960 	 3685 	 0.850753 	 0.00241808 	 0.00503548
960 	 3690 	 0.850753 	 0.00241808 	 0.00503548
960 	 3695 	 0.850753 	 0.00241808 	 0.00503548
960 	 3700 	 0.850753 	 0.00241808 	 0.00503548
960 	 3705 	 0.850753 	 0.00241808 	 0.00503548
960 	 3710 	 0.850753 	 0.00241808 	 0.00503548
960 	 3715 	 0.850753 	 0.00241808 	 0.00503548
960 	 3720 	 0.850753 	 0.00241808 	 0.00503548
960 	 3725 	 0.850753 	 0.00241808 	 0.00503548
960 	 3730 	 0.850753 	 0.00241808 	 0.00503548
960 	 3735 	 0.850753 	 0.00241808 	 0.00503548
960 	 3740 	 0.850753 	 0.00241808 	 0.00503548
960 	 3745 	 0.850753 	 0.00241808 	 0.00503548
960 	 3750 	 0.850753 	 0.00241808 	 0.00503548
960 	 3755 	 0.850753 	 0.00241808 	 0.00503548
960 	 3760 	 0.850753 	 0.00241808 	 0.00503548
960 	 3765 	 0.850753 	 0.00241808 	 0.00503548
960 	 3770 	 0.850753 	 0.00241808 	 0.00503548
960 	 3775 	 0.850753 	 0.00241808 	 0.00503548
960 	 3780 	 0.850753 	 0.00241808 	 0.00503548
960 	 3785 	 0.850753 	 0.00241808 	 0.00503548
960 	 3790 	 0.850753 	 0.00241808 	 0.00503548
960 	 3795 	 0.850753 	 0.00241808 	 0.00503548
960 	 3800 	 0.850753 	 0.00241808 	 0.00503548
960 	 3805 	 0.850753 	 0.00241808 	 0.00503548
960 	 3810 	 0.850753 	 0.00241808 	 0.00503548
960 	 3815 	 0.850753 	 0.00241808 	 0.00503548
960 	 3820 	 0.850753 	 0.00241808 	 0.00503548
960 	 3825 	 0.850753 	 0.00241808 	 0.00503548
960 	 3830 	 0.850753 	 0.00241808 	 0.00503548
960 	 3835 	 0.850753 	 0.00241808 	 0.00503548
960 	 3840 	 0.850753 	 0.00241808 	 0.00503548
960 	 3845 	 0.850753 	 0.00241808 	 0.00503548
960 	 3850 	 0.850753 	 0.00241808 	 0.00503548
960 	 3855 	 0.850753 	 0.00241808 	 0.00503548
960 	 3860 	 0.850753 	 0.00241808 	 0.00503548
960 	 3865 	 0.850753 	 0.00241808 	 0.00503548
960 	 3870 	 0.850753 	 0.00241808 	 0.00503548
960 	 3875 	 0.850753 	 0.00241808 	 0.00503548
960 	 3880 	 0.850753 	 0.00241808 	 0.00503548
960 	 3885 	 0.850753 	 0.00241808 	 0.00503548
960 	 3890 	 0.850753 	 0.00241808 	 0.00503548
960 	 3895 	 0.850753 	 0.00241808 	 0.00503548
960 	 3900 	 0.850753 	 0.00241808 	 0.00503548
960 	 3905 	 0.850753 	 0.00241808 	 0.00503548
960 	 3910 	 0.850753 	 0.00241808 	 0.00503548
960 	 3915 	 0.850753 	 0.00241808 	 0.00503548
960 	 3920 	 0.850753 	 0.00241808 	 0.00503548
960 	 3925 	 0.850753 	 0.00241808 	 0.00503548
960 	 3930 	 0.850753 	 0.00241808 	 0.00503548
960 	 3935 	 0.850753 	 0.00241808 	 0.00503548
960 	 3940 	 0.850753 	 0.00241808 	 0.00503548
960 	 3945 	 0.850753 	 0.00241808 	 0.00503548
960 	 3950 	 0.850753 	 0.00241808 	 0.00503548
960 	 3955 	 0.850753 	 0.00241808 	 0.00503548
960 	 3960 	 0.850753 	 0.00241808 	 0.00503548
960 	 3965 	 0.850753 	 0.00241808 	 0.00503548
960 	 3970 	 0.850753 	 0.00241808 	 0.00503548
960 	 3975 	 0.850753 	 0.00241808 	 0.00503548
960 	 3980 	 0.850753 	 0.00241808 	 0.00503548
960 	 3985 	 0.850753 	 0.00241808 	 0.00503548
960 	 3990 	 0.850753 	 0.00241808 	 0.00503548
960 	 3995 	 0.850753 	 0.00241808 	 0.00503548
960 	 4000 	 0.850753 	 0.00241808 	 0.00503548
960 	 4005 	 0.850753 	 0.00241808 	 0.00503548
960 	 4010 	 0.850753 	 0.00241808 	 0.00503548
960 	 4015 	 0.850753 	 0.00241808 	 0.00503548
960 	 4020 	 0.850753 	 0.00241808 	 0.00503548
960 	 4025 	 0.850753 	 0.00241808 	 0.00503548
960 	 4030 	 0.850753 	 0.00241808 	 0.00503548
960 	 4035 	 0.850753 	 0.00241808 	 0.00503548
960 	 4040 	 0.850753 	 0.00241808 	 0.00503548
960 	 4045 	 0.850753 	 0.00241808 	 0.00503548
960 	 4050 	 0.850753 	 0.00241808 	 0.00503548
960 	 4055 	 0.850753 	 0.00241808 	 0.00503548
960 	 4060 	 0.850753 	 0.00241808 	 0.00503548
960 	 4065 	 0.850753 	 0.00241808 	 0.00503548
960 	 4070 	 0.850753 	 0.00241808 	 0.00503548
960 	 4075 	 0.850753 	 0.00241808 	 0.00503548
960 	 4080 	 0.850753 	 0.00241808 	 0.00503548
960 	 4085 	 0.850753 	 0.00241808 	 0.00503548
960 	 4090 	 0.850753 	 0.00241808 	 0.00503548
960 	 4095 	 0.850753 	 0.00241808 	 0.00503548
960 	 4100 	 0.850753 	 0.00241808 	 0.00503548
960 	 4105 	 0.850753 	 0.00241808 	 0.00503548
960 	 4110 	 0.850753 	 0.00241808 	 0.00503548
960 	 4115 	 0.850753 	 0.00241808 	 0.00503548
960 	 4120 	 0.850753 	 0.00241808 	 0.00503548
960 	 4125 	 0.850753 	 0.00241808 	 0.00503548
960 	 4130 	 0.850753 	 0.00241808 	 0.00503548
960 	 4135 	 0.850753 	 0.00241808 	 0.00503548
960 	 4140 	 0.850753 	 0.00241808 	 0.00503548
960 	 4145 	 0.850753 	 0.00241808 	 0.00503548
960 	 4150 	 0.850753 	 0.00241808 	 0.00503548
960 	 4155 	 0.850753 	 0.00241808 	 0.00503548
960 	 4160 	 0.850753 	 0.00241808 	 0.00503548
960 	 4165 	 0.850753 	 0.00241808 	 0.00503548
960 	 4170 	 0.850753 	 0.00241808 	 0.00503548
960 	 4175 	 0.850753 	 0.00241808 	 0.00503548
960 	 4180 	 0.850753 	 0.00241808 	 0.00503548
960 	 4185 	 0.850753 	 0.00241808 	 0.00503548
960 	 4190 	 0.850753 	 0.00241808 	 0.00503548
960 	 4195 	 0.850753 	 0.00241808 	 0.00503548
960 	 4200 	 0.850753 	 0.00241808 	 0.00503548
960 	 4205 	 0.850753 	 0.00241808 	 0.00503548
960 	 4210 	 0.850753 	 0.00241808 	 0.00503548
960 	 4215 	 0.850753 	 0.00241808 	 0.00503548
960 	 4220 	 0.850753 	 0.00241808 	 0.00503548
960 	 4225 	 0.850753 	 0.00241808 	 0.00503548
960 	 4230 	 0.850753 	 0.00241808 	 0.00503548
960 	 4235 	 0.850753 	 0.00241808 	 0.00503548
960 	 4240 	 0.850753 	 0.00241808 	 0.00503548
960 	 4245 	 0.850753 	 0.00241808 	 0.00503548
960 	 4250 	 0.850753 	 0.00241808 	 0.00503548
960 	 4255 	 0.850753 	 0.00241808 	 0.00503548
960 	 4260 	 0.850753 	 0.00241808 	 0.00503548
960 	 4265 	 0.850753 	 0.00241808 	 0.00503548
960 	 4270 	 0.850753 	 0.00241808 	 0.00503548
960 	 4275 	 0.850753 	 0.00241808 	 0.00503548
960 	 4280 	 0.850753 	 0.00241808 	 0.00503548
960 	 4285 	 0.850753 	 0.00241808 	 0.00503548
960 	 4290 	 0.850753 	 0.00241808 	 0.00503548
960 	 4295 	 0.850753 	 0.00241808 	 0.00503548
960 	 4300 	 0.850753 	 0.00241808 	 0.00503548
960 	 4305 	 0.850753 	 0.00241808 	 0.00503548
960 	 4310 	 0.850753 	 0.00241808 	 0.00503548
960 	 4315 	 0.850753 	 0.00241808 	 0.00503548
960 	 4320 	 0.850753 	 0.00241808 	 0.00503548
960 	 4325 	 0.850753 	 0.00241808 	 0.00503548
960 	 4330 	 0.850753 	 0.00241808 	 0.00503548
960 	 4335 	 0.850753 	 0.00241808 	 0.00503548
960 	 4340 	 0.850753 	 0.00241808 	 0.00503548
960 	 4345 	 0.850753 	 0.00241808 	 0.00503548
960 	 4350 	 0.850753 	 0.00241808 	 0.00503548
960 	 4355 	 0.850753 	 0.00241808 	 0.00503548
960 	 4360 	 0.850753 	 0.00241808 	 0.00503548
960 	 4365 	 0.850753 	 0.00241808 	 0.00503548
960 	 4370 	 0.850753 	 0.00241808 	 0.00503548
960 	 4375 	 0.850753 	 0.00241808 	 0.00503548
960 	 4380 	 0.850753 	 0.00241808 	 0.00503548
960 	 4385 	 0.850753 	 0.00241808 	 0.00503548
960 	 4390 	 0.850753 	 0.00241808 	 0.00503548
960 	 4395 	 0.850753 	 0.00241808 	 0.00503548
960 	 4400 	 0.850753 	 0.00241808 	 0.00503548
960 	 4405 	 0.850753 	 0.00241808 	 0.00503548
960 	 4410 	 0.850753 	 0.00241808 	 0.00503548
960 	 4415 	 0.850753 	 0.00241808 	 0.00503548
960 	 4420 	 0.850753 	 0.00241808 	 0.00503548
960 	 4425 	 0.850753 	 0.00241808 	 0.00503548
960 	 4430 	 0.850753 	 0.00241808 	 0.00503548
960 	 4435 	 0.850753 	 0.00241808 	 0.00503548
960 	 4440 	 0.850753 	 0.00241808 	 0.00503548
960 	 4445 	 0.850753 	 0.00241808 	 0.00503548
960 	 4450 	 0.850753 	 0.00241808 	 0.00503548
960 	 4455 	 0.850753 	 0.00241808 	 0.00503548
960 	 4460 	 0.850753 	 0.00241808 	 0.00503548
960 	 4465 	 0.850753 	 0.00241808 	 0.00503548
960 	 4470 	 0.850753 	 0.00241808 	 0.00503548
960 	 4475 	 0.850753 	 0.00241808 	 0.00503548
960 	 4480 	 0.850753 	 0.00241808 	 0.00503548
960 	 4485 	 0.850753 	 0.00241808 	 0.00503548
960 	 4490 	 0.850753 	 0.00241808 	 0.00503548
960 	 4495 	 0.850753 	 0.00241808 	 0.00503548
960 	 4500 	 0.850753 	 0.00241808 	 0.00503548
960 	 4505 	 0.850753 	 0.00241808 	 0.00503548
960 	 4510 	 0.850753 	 0.00241808 	 0.00503548
960 	 4515 	 0.850753 	 0.00241808 	 0.00503548
960 	 4520 	 0.850753 	 0.00241808 	 0.00503548
960 	 4525 	 0.850753 	 0.00241808 	 0.00503548
960 	 4530 	 0.850753 	 0.00241808 	 0.00503548
960 	 4535 	 0.850753 	 0.00241808 	 0.00503548
960 	 4540 	 0.850753 	 0.00241808 	 0.00503548
960 	 4545 	 0.850753 	 0.00241808 	 0.00503548
960 	 4550 	 0.850753 	 0.00241808 	 0.00503548
960 	 4555 	 0.850753 	 0.00241808 	 0.00503548
960 	 4560 	 0.850753 	 0.00241808 	 0.00503548
960 	 4565 	 0.850753 	 0.00241808 	 0.00503548
960 	 4570 	 0.850753 	 0.00241808 	 0.00503548
960 	 4575 	 0.850753 	 0.00241808 	 0.00503548
960 	 4580 	 0.850753 	 0.00241808 	 0.00503548
960 	 4585 	 0.850753 	 0.00241808 	 0.00503548
960 	 4590 	 0.850753 	 0.00241808 	 0.00503548
960 	 4595 	 0.850753 	 0.00241808 	 0.00503548
960 	 4600 	 0.850753 	 0.00241808 	 0.00503548
960 	 4605 	 0.850753 	 0.00241808 	 0.00503548
960 	 4610 	 0.850753 	 0.00241808 	 0.00503548
960 	 4615 	 0.850753 	 0.00241808 	 0.00503548
960 	 4620 	 0.850753 	 0.00241808 	 0.00503548
960 	 4625 	 0.850753 	 0.00241808 	 0.00503548
960 	 4630 	 0.850753 	 0.00241808 	 0.00503548
960 	 4635 	 0.850753 	 0.00241808 	 0.00503548
960 	 4640 	 0.850753 	 0.00241808 	 0.00503548
960 	 4645 	 0.850753 	 0.00241808 	 0.00503548
960 	 4650 	 0.850753 	 0.00241808 	 0.00503548
960 	 4655 	 0.850753 	 0.00241808 	 0.00503548
960 	 4660 	 0.850753 	 0.00241808 	 0.00503548
960 	 4665 	 0.850753 	 0.00241808 	 0.00503548
960 	 4670 	 0.850753 	 0.00241808 	 0.00503548
960 	 4675 	 0.850753 	 0.00241808 	 0.00503548
960 	 4680 	 0.850753 	 0.00241808 	 0.00503548
960 	 4685 	 0.850753 	 0.00241808 	 0.00503548
960 	 4690 	 0.850753 	 0.00241808 	 0.00503548
960 	 4695 	 0.850753 	 0.00241808 	 0.00503548
960 	 4700 	 0.850753 	 0.00241808 	 0.00503548
960 	 4705 	 0.850753 	 0.00241808 	 0.00503548
960 	 4710 	 0.850753 	 0.00241808 	 0.00503548
960 	 4715 	 0.850753 	 0.00241808 	 0.00503548
960 	 4720 	 0.850753 	 0.00241808 	 0.00503548
960 	 4725 	 0.850753 	 0.00241808 	 0.00503548
960 	 4730 	 0.850753 	 0.00241808 	 0.00503548
960 	 4735 	 0.850753 	 0.00241808 	 0.00503548
960 	 4740 	 0.850753 	 0.00241808 	 0.00503548
960 	 4745 	 0.850753 	 0.00241808 	 0.00503548
960 	 4750 	 0.850753 	 0.00241808 	 0.00503548
960 	 4755 	 0.850753 	 0.00241808 	 0.00503548
960 	 4760 	 0.850753 	 0.00241808 	 0.00503548
960 	 4765 	 0.850753 	 0.00241808 	 0.00503548
960 	 4770 	 0.850753 	 0.00241808 	 0.00503548
960 	 4775 	 0.850753 	 0.00241808 	 0.00503548
960 	 4780 	 0.850753 	 0.00241808 	 0.00503548
960 	 4785 	 0.850753 	 0.00241808 	 0.00503548
960 	 4790 	 0.850753 	 0.00241808 	 0.00503548
960 	 4795 	 0.850753 	 0.00241808 	 0.00503548
960 	 4800 	 0.850753 	 0.00241808 	 0.00503548
960 	 4805 	 0.850753 	 0.00241808 	 0.00503548
960 	 4810 	 0.850753 	 0.00241808 	 0.00503548
960 	 4815 	 0.850753 	 0.00241808 	 0.00503548
960 	 4820 	 0.850753 	 0.00241808 	 0.00503548
960 	 4825 	 0.850753 	 0.00241808 	 0.00503548
960 	 4830 	 0.850753 	 0.00241808 	 0.00503548
960 	 4835 	 0.850753 	 0.00241808 	 0.00503548
960 	 4840 	 0.850753 	 0.00241808 	 0.00503548
960 	 4845 	 0.850753 	 0.00241808 	 0.00503548
960 	 4850 	 0.850753 	 0.00241808 	 0.00503548
960 	 4855 	 0.850753 	 0.00241808 	 0.00503548
960 	 4860 	 0.850753 	 0.00241808 	 0.00503548
960 	 4865 	 0.850753 	 0.00241808 	 0.00503548
960 	 4870 	 0.850753 	 0.00241808 	 0.00503548
960 	 4875 	 0.850753 	 0.00241808 	 0.00503548
960 	 4880 	 0.850753 	 0.00241808 	 0.00503548
960 	 4885 	 0.850753 	 0.00241808 	 0.00503548
960 	 4890 	 0.850753 	 0.00241808 	 0.00503548
960 	 4895 	 0.850753 	 0.00241808 	 0.00503548
960 	 4900 	 0.850753 	 0.00241808 	 0.00503548
960 	 4905 	 0.850753 	 0.00241808 	 0.00503548
960 	 4910 	 0.850753 	 0.00241808 	 0.00503548
960 	 4915 	 0.850753 	 0.00241808 	 0.00503548
960 	 4920 	 0.850753 	 0.00241808 	 0.00503548
960 	 4925 	 0.850753 	 0.00241808 	 0.00503548
960 	 4930 	 0.850753 	 0.00241808 	 0.00503548
960 	 4935 	 0.850753 	 0.00241808 	 0.00503548
960 	 4940 	 0.850753 	 0.00241808 	 0.00503548
960 	 4945 	 0.850753 	 0.00241808 	 0.00503548
960 	 4950 	 0.850753 	 0.00241808 	 0.00503548
960 	 4955 	 0.850753 	 0.00241808 	 0.00503548
960 	 4960 	 0.850753 	 0.00241808 	 0.00503548
960 	 4965 	 0.850753 	 0.00241808 	 0.00503548
960 	 4970 	 0.850753 	 0.00241808 	 0.00503548
960 	 4975 	 0.850753 	 0.00241808 	 0.00503548
960 	 4980 	 0.850753 	 0.00241808 	 0.00503548
960 	 4985 	 0.850753 	 0.00241808 	 0.00503548
960 	 4990 	 0.850753 	 0.00241808 	 0.00503548
960 	 4995 	 0.850753 	 0.00241808 	 0.00503548
960 	 5000 	 0.850753 	 0.00241808 	 0.00503548
