2935 	 5 	 0.876866 	 0.00531778	0.0111098
2935 	 10 	 0.879479 	 0.00429371	0.00897034
2935 	 15 	 0.883146 	 0.00319478	0.00667447
2935 	 20 	 0.887992 	 0.00213973	0.0044703
2935 	 25 	 0.893912 	 0.001283	0.00268042
2935 	 30 	 0.900489 	 0.00110154	0.00230133
2935 	 35 	 0.91291 	 0.00185454	0.00387447
2935 	 40 	 0.921914 	 0.00100974	0.00210954
2935 	 45 	 0.929036 	 0.000723072	0.00151063
2935 	 50 	 0.934487 	 0.000717698	0.0014994
2935 	 55 	 0.938544 	 0.000709499	0.00148227
2935 	 60 	 0.941524 	 0.000678192	0.00141687
2935 	 65 	 0.943714 	 0.000657854	0.00137438
2935 	 70 	 0.945345 	 0.000655668	0.00136981
2935 	 75 	 0.946584 	 0.000660407	0.00137971
2935 	 80 	 0.947551 	 0.000661765	0.00138255
2935 	 85 	 0.948326 	 0.000656027	0.00137056
2935 	 90 	 0.948965 	 0.000643966	0.00134536
2935 	 95 	 0.949504 	 0.00062807	0.00131215
2935 	 100 	 0.949969 	 0.00061092	0.00127632
2935 	 105 	 0.950377 	 0.00059452	0.00124206
2935 	 110 	 0.95074 	 0.00058015	0.00121204
2935 	 115 	 0.951067 	 0.000568449	0.00118759
2935 	 120 	 0.951364 	 0.000559581	0.00116907
2935 	 125 	 0.951636 	 0.0005534	0.00115615
2935 	 130 	 0.951887 	 0.000549592	0.0011482
2935 	 135 	 0.952119 	 0.000547772	0.0011444
2935 	 140 	 0.952334 	 0.000547555	0.00114394
2935 	 145 	 0.952536 	 0.000548587	0.0011461
2935 	 150 	 0.952724 	 0.000550565	0.00115023
2935 	 155 	 0.952901 	 0.000553237	0.00115581
2935 	 160 	 0.953067 	 0.000556403	0.00116243
2935 	 165 	 0.953224 	 0.000559906	0.00116975
2935 	 170 	 0.953372 	 0.000563626	0.00117752
2935 	 175 	 0.953512 	 0.000567473	0.00118556
2935 	 180 	 0.953645 	 0.00057138	0.00119372
2935 	 185 	 0.953772 	 0.000575296	0.0012019
2935 	 190 	 0.953892 	 0.000579188	0.00121003
2935 	 195 	 0.954007 	 0.00058303	0.00121806
2935 	 200 	 0.954116 	 0.000586806	0.00122595
2935 	 205 	 0.95422 	 0.000590507	0.00123368
2935 	 210 	 0.95432 	 0.000594125	0.00124124
2935 	 215 	 0.954415 	 0.000597658	0.00124862
2935 	 220 	 0.954507 	 0.000601106	0.00125582
2935 	 225 	 0.954595 	 0.00060447	0.00126285
2935 	 230 	 0.954679 	 0.000607752	0.00126971
2935 	 235 	 0.95476 	 0.000610956	0.0012764
2935 	 240 	 0.954838 	 0.000614084	0.00128293
2935 	 245 	 0.954913 	 0.000617142	0.00128932
2935 	 250 	 0.954986 	 0.000620133	0.00129557
2935 	 255 	 0.955055 	 0.00062306	0.00130169
2935 	 260 	 0.955123 	 0.000625929	0.00130768
2935 	 265 	 0.955188 	 0.000628742	0.00131356
2935 	 270 	 0.955251 	 0.000631504	0.00131933
2935 	 275 	 0.955312 	 0.000634218	0.001325
2935 	 280 	 0.95537 	 0.000636887	0.00133057
2935 	 285 	 0.955427 	 0.000639513	0.00133606
2935 	 290 	 0.955483 	 0.000642101	0.00134147
2935 	 295 	 0.955536 	 0.000644653	0.0013468
2935 	 300 	 0.955588 	 0.00064717	0.00135206
2935 	 305 	 0.955639 	 0.000649656	0.00135725
2935 	 310 	 0.955688 	 0.000652112	0.00136238
2935 	 315 	 0.955735 	 0.00065454	0.00136745
2935 	 320 	 0.955782 	 0.000656943	0.00137247
2935 	 325 	 0.955827 	 0.00065932	0.00137744
2935 	 330 	 0.95587 	 0.000661675	0.00138236
2935 	 335 	 0.955913 	 0.000664009	0.00138723
2935 	 340 	 0.955954 	 0.000666321	0.00139207
2935 	 345 	 0.955995 	 0.000668615	0.00139686
2935 	 350 	 0.956034 	 0.00067089	0.00140161
2935 	 355 	 0.956073 	 0.000673148	0.00140633
2935 	 360 	 0.95611 	 0.00067539	0.00141101
2935 	 365 	 0.956147 	 0.000677616	0.00141566
2935 	 370 	 0.956182 	 0.000679826	0.00142028
2935 	 375 	 0.956217 	 0.000682022	0.00142487
2935 	 380 	 0.956251 	 0.000684205	0.00142943
2935 	 385 	 0.956284 	 0.000686374	0.00143396
2935 	 390 	 0.956317 	 0.00068853	0.00143846
2935 	 395 	 0.956349 	 0.000690674	0.00144294
2935 	 400 	 0.95638 	 0.000692805	0.0014474
2935 	 405 	 0.95641 	 0.000694925	0.00145183
2935 	 410 	 0.95644 	 0.000697034	0.00145623
2935 	 415 	 0.956469 	 0.000699131	0.00146061
2935 	 420 	 0.956497 	 0.000701218	0.00146497
2935 	 425 	 0.956525 	 0.000703294	0.00146931
2935 	 430 	 0.956553 	 0.000705359	0.00147362
2935 	 435 	 0.956579 	 0.000707415	0.00147792
2935 	 440 	 0.956606 	 0.00070946	0.00148219
2935 	 445 	 0.956631 	 0.000711496	0.00148644
2935 	 450 	 0.956657 	 0.000713521	0.00149068
2935 	 455 	 0.956681 	 0.000715538	0.00149489
2935 	 460 	 0.956706 	 0.000717544	0.00149908
2935 	 465 	 0.956729 	 0.000719541	0.00150325
2935 	 470 	 0.956753 	 0.000721529	0.00150741
2935 	 475 	 0.956776 	 0.000723508	0.00151154
2935 	 480 	 0.956798 	 0.000725478	0.00151566
2935 	 485 	 0.95682 	 0.000727439	0.00151975
2935 	 490 	 0.956842 	 0.00072939	0.00152383
2935 	 495 	 0.956863 	 0.000731333	0.00152789
2935 	 500 	 0.956884 	 0.000733267	0.00153193
2935 	 505 	 0.956905 	 0.000735192	0.00153595
2935 	 510 	 0.956925 	 0.000737108	0.00153995
2935 	 515 	 0.956945 	 0.000739016	0.00154394
2935 	 520 	 0.956964 	 0.000740915	0.00154791
2935 	 525 	 0.956984 	 0.000742805	0.00155186
2935 	 530 	 0.957003 	 0.000744687	0.00155579
2935 	 535 	 0.957021 	 0.00074656	0.0015597
2935 	 540 	 0.95704 	 0.000748425	0.0015636
2935 	 545 	 0.957058 	 0.000750281	0.00156747
2935 	 550 	 0.957075 	 0.000752129	0.00157133
2935 	 555 	 0.957093 	 0.000753968	0.00157518
2935 	 560 	 0.95711 	 0.000755799	0.001579
2935 	 565 	 0.957127 	 0.000757621	0.00158281
2935 	 570 	 0.957143 	 0.000759436	0.0015866
2935 	 575 	 0.95716 	 0.000761241	0.00159037
2935 	 580 	 0.957176 	 0.000763039	0.00159413
2935 	 585 	 0.957192 	 0.000764828	0.00159787
2935 	 590 	 0.957208 	 0.000766609	0.00160159
2935 	 595 	 0.957223 	 0.000768382	0.00160529
2935 	 600 	 0.957238 	 0.000770147	0.00160898
2935 	 605 	 0.957253 	 0.000771903	0.00161265
2935 	 610 	 0.957268 	 0.000773652	0.0016163
2935 	 615 	 0.957283 	 0.000775392	0.00161994
2935 	 620 	 0.957297 	 0.000777124	0.00162355
2935 	 625 	 0.957311 	 0.000778849	0.00162716
2935 	 630 	 0.957325 	 0.000780565	0.00163074
2935 	 635 	 0.957339 	 0.000782273	0.00163431
2935 	 640 	 0.957353 	 0.000783973	0.00163786
2935 	 645 	 0.957366 	 0.000785666	0.0016414
2935 	 650 	 0.957379 	 0.00078735	0.00164492
2935 	 655 	 0.957392 	 0.000789027	0.00164842
2935 	 660 	 0.957405 	 0.000790695	0.00165191
2935 	 665 	 0.957418 	 0.000792356	0.00165538
2935 	 670 	 0.95743 	 0.00079401	0.00165883
2935 	 675 	 0.957443 	 0.000795655	0.00166227
2935 	 680 	 0.957455 	 0.000797293	0.00166569
2935 	 685 	 0.957467 	 0.000798923	0.0016691
2935 	 690 	 0.957479 	 0.000800545	0.00167249
2935 	 695 	 0.957491 	 0.00080216	0.00167586
2935 	 700 	 0.957503 	 0.000803768	0.00167922
2935 	 705 	 0.957514 	 0.000805367	0.00168256
2935 	 710 	 0.957525 	 0.00080696	0.00168589
2935 	 715 	 0.957537 	 0.000808544	0.0016892
2935 	 720 	 0.957548 	 0.000810122	0.00169249
2935 	 725 	 0.957559 	 0.000811692	0.00169577
2935 	 730 	 0.95757 	 0.000813254	0.00169904
2935 	 735 	 0.95758 	 0.000814809	0.00170229
2935 	 740 	 0.957591 	 0.000816357	0.00170552
2935 	 745 	 0.957601 	 0.000817898	0.00170874
2935 	 750 	 0.957612 	 0.000819432	0.00171194
2935 	 755 	 0.957622 	 0.000820958	0.00171513
2935 	 760 	 0.957632 	 0.000822477	0.0017183
2935 	 765 	 0.957642 	 0.000823989	0.00172146
2935 	 770 	 0.957652 	 0.000825494	0.00172461
2935 	 775 	 0.957662 	 0.000826992	0.00172774
2935 	 780 	 0.957671 	 0.000828483	0.00173085
2935 	 785 	 0.957681 	 0.000829967	0.00173395
2935 	 790 	 0.95769 	 0.000831444	0.00173704
2935 	 795 	 0.9577 	 0.000832914	0.00174011
2935 	 800 	 0.957709 	 0.000834377	0.00174317
2935 	 805 	 0.957718 	 0.000835834	0.00174621
2935 	 810 	 0.957727 	 0.000837283	0.00174924
2935 	 815 	 0.957736 	 0.000838726	0.00175225
2935 	 820 	 0.957745 	 0.000840163	0.00175525
2935 	 825 	 0.957754 	 0.000841592	0.00175824
2935 	 830 	 0.957762 	 0.000843015	0.00176121
2935 	 835 	 0.957771 	 0.000844432	0.00176417
2935 	 840 	 0.957779 	 0.000845841	0.00176712
2935 	 845 	 0.957788 	 0.000847245	0.00177005
2935 	 850 	 0.957796 	 0.000848642	0.00177297
2935 	 855 	 0.957804 	 0.000850032	0.00177587
2935 	 860 	 0.957812 	 0.000851416	0.00177876
2935 	 865 	 0.95782 	 0.000852794	0.00178164
2935 	 870 	 0.957828 	 0.000854165	0.00178451
2935 	 875 	 0.957836 	 0.00085553	0.00178736
2935 	 880 	 0.957844 	 0.000856889	0.0017902
2935 	 885 	 0.957852 	 0.000858241	0.00179302
2935 	 890 	 0.95786 	 0.000859588	0.00179583
2935 	 895 	 0.957867 	 0.000860928	0.00179863
2935 	 900 	 0.957875 	 0.000862262	0.00180142
2935 	 905 	 0.957882 	 0.00086359	0.0018042
2935 	 910 	 0.95789 	 0.000864912	0.00180696
2935 	 915 	 0.957897 	 0.000866228	0.00180971
2935 	 920 	 0.957904 	 0.000867538	0.00181245
2935 	 925 	 0.957912 	 0.000868842	0.00181517
2935 	 930 	 0.957919 	 0.00087014	0.00181788
2935 	 935 	 0.957926 	 0.000871433	0.00182058
2935 	 940 	 0.957933 	 0.000872719	0.00182327
2935 	 945 	 0.95794 	 0.000874	0.00182595
2935 	 950 	 0.957947 	 0.000875275	0.00182861
2935 	 955 	 0.957953 	 0.000876545	0.00183126
2935 	 960 	 0.95796 	 0.000877808	0.0018339
2935 	 965 	 0.957967 	 0.000879066	0.00183653
2935 	 970 	 0.957973 	 0.000880319	0.00183915
2935 	 975 	 0.95798 	 0.000881566	0.00184175
2935 	 980 	 0.957986 	 0.000882807	0.00184434
2935 	 985 	 0.957993 	 0.000884043	0.00184693
2935 	 990 	 0.957999 	 0.000885273	0.0018495
2935 	 995 	 0.958006 	 0.000886498	0.00185206
2935 	 1000 	 0.958012 	 0.000887718	0.0018546
2935 	 1005 	 0.958018 	 0.000888932	0.00185714
2935 	 1010 	 0.958024 	 0.000890141	0.00185967
2935 	 1015 	 0.958031 	 0.000891345	0.00186218
2935 	 1020 	 0.958037 	 0.000892543	0.00186468
2935 	 1025 	 0.958043 	 0.000893736	0.00186718
2935 	 1030 	 0.958049 	 0.000894924	0.00186966
2935 	 1035 	 0.958055 	 0.000896106	0.00187213
2935 	 1040 	 0.95806 	 0.000897284	0.00187459
2935 	 1045 	 0.958066 	 0.000898457	0.00187704
2935 	 1050 	 0.958072 	 0.000899624	0.00187948
2935 	 1055 	 0.958078 	 0.000900786	0.00188191
2935 	 1060 	 0.958084 	 0.000901944	0.00188432
2935 	 1065 	 0.958089 	 0.000903096	0.00188673
2935 	 1070 	 0.958095 	 0.000904244	0.00188913
2935 	 1075 	 0.9581 	 0.000905386	0.00189152
2935 	 1080 	 0.958106 	 0.000906524	0.00189389
2935 	 1085 	 0.958111 	 0.000907657	0.00189626
2935 	 1090 	 0.958117 	 0.000908785	0.00189862
2935 	 1095 	 0.958122 	 0.000909908	0.00190096
2935 	 1100 	 0.958127 	 0.000911026	0.0019033
2935 	 1105 	 0.958133 	 0.00091214	0.00190563
2935 	 1110 	 0.958138 	 0.000913249	0.00190794
2935 	 1115 	 0.958143 	 0.000914353	0.00191025
2935 	 1120 	 0.958148 	 0.000915453	0.00191255
2935 	 1125 	 0.958154 	 0.000916548	0.00191484
2935 	 1130 	 0.958159 	 0.000917639	0.00191711
2935 	 1135 	 0.958164 	 0.000918725	0.00191938
2935 	 1140 	 0.958169 	 0.000919806	0.00192164
2935 	 1145 	 0.958174 	 0.000920883	0.00192389
2935 	 1150 	 0.958179 	 0.000921955	0.00192613
2935 	 1155 	 0.958184 	 0.000923023	0.00192836
2935 	 1160 	 0.958189 	 0.000924087	0.00193059
2935 	 1165 	 0.958193 	 0.000925146	0.0019328
2935 	 1170 	 0.958198 	 0.000926201	0.001935
2935 	 1175 	 0.958203 	 0.000927252	0.0019372
2935 	 1180 	 0.958208 	 0.000928298	0.00193938
2935 	 1185 	 0.958212 	 0.00092934	0.00194156
2935 	 1190 	 0.958217 	 0.000930378	0.00194373
2935 	 1195 	 0.958222 	 0.000931411	0.00194589
2935 	 1200 	 0.958226 	 0.00093244	0.00194804
2935 	 1205 	 0.958231 	 0.000933465	0.00195018
2935 	 1210 	 0.958235 	 0.000934486	0.00195231
2935 	 1215 	 0.95824 	 0.000935503	0.00195444
2935 	 1220 	 0.958244 	 0.000936516	0.00195655
2935 	 1225 	 0.958249 	 0.000937525	0.00195866
2935 	 1230 	 0.958253 	 0.000938529	0.00196076
2935 	 1235 	 0.958258 	 0.00093953	0.00196285
2935 	 1240 	 0.958262 	 0.000940527	0.00196493
2935 	 1245 	 0.958266 	 0.000941519	0.00196701
2935 	 1250 	 0.958271 	 0.000942508	0.00196907
2935 	 1255 	 0.958275 	 0.000943493	0.00197113
2935 	 1260 	 0.958279 	 0.000944474	0.00197318
2935 	 1265 	 0.958283 	 0.000945451	0.00197522
2935 	 1270 	 0.958288 	 0.000946424	0.00197725
2935 	 1275 	 0.958292 	 0.000947393	0.00197928
2935 	 1280 	 0.958296 	 0.000948359	0.00198129
2935 	 1285 	 0.9583 	 0.000949321	0.0019833
2935 	 1290 	 0.958304 	 0.000950279	0.0019853
2935 	 1295 	 0.958308 	 0.000951233	0.0019873
2935 	 1300 	 0.958312 	 0.000952183	0.00198928
2935 	 1305 	 0.958316 	 0.00095313	0.00199126
2935 	 1310 	 0.95832 	 0.000954073	0.00199323
2935 	 1315 	 0.958324 	 0.000955013	0.0019952
2935 	 1320 	 0.958328 	 0.000955949	0.00199715
2935 	 1325 	 0.958332 	 0.000956881	0.0019991
2935 	 1330 	 0.958336 	 0.00095781	0.00200104
2935 	 1335 	 0.958339 	 0.000958735	0.00200297
2935 	 1340 	 0.958343 	 0.000959657	0.0020049
2935 	 1345 	 0.958347 	 0.000960575	0.00200682
2935 	 1350 	 0.958351 	 0.00096149	0.00200873
2935 	 1355 	 0.958355 	 0.000962401	0.00201063
2935 	 1360 	 0.958358 	 0.000963309	0.00201253
2935 	 1365 	 0.958362 	 0.000964213	0.00201442
2935 	 1370 	 0.958366 	 0.000965114	0.0020163
2935 	 1375 	 0.958369 	 0.000966011	0.00201817
2935 	 1380 	 0.958373 	 0.000966905	0.00202004
2935 	 1385 	 0.958376 	 0.000967796	0.0020219
2935 	 1390 	 0.95838 	 0.000968684	0.00202376
2935 	 1395 	 0.958384 	 0.000969568	0.0020256
2935 	 1400 	 0.958387 	 0.000970449	0.00202744
2935 	 1405 	 0.958391 	 0.000971326	0.00202928
2935 	 1410 	 0.958394 	 0.000972201	0.0020311
2935 	 1415 	 0.958398 	 0.000973072	0.00203292
2935 	 1420 	 0.958401 	 0.00097394	0.00203474
2935 	 1425 	 0.958405 	 0.000974804	0.00203654
2935 	 1430 	 0.958408 	 0.000975666	0.00203834
2935 	 1435 	 0.958411 	 0.000976524	0.00204014
2935 	 1440 	 0.958415 	 0.000977379	0.00204192
2935 	 1445 	 0.958418 	 0.000978231	0.0020437
2935 	 1450 	 0.958421 	 0.00097908	0.00204548
2935 	 1455 	 0.958425 	 0.000979926	0.00204724
2935 	 1460 	 0.958428 	 0.000980769	0.00204901
2935 	 1465 	 0.958431 	 0.000981609	0.00205076
2935 	 1470 	 0.958435 	 0.000982446	0.00205251
2935 	 1475 	 0.958438 	 0.000983279	0.00205425
2935 	 1480 	 0.958441 	 0.00098411	0.00205599
2935 	 1485 	 0.958444 	 0.000984938	0.00205771
2935 	 1490 	 0.958447 	 0.000985763	0.00205944
2935 	 1495 	 0.958451 	 0.000986585	0.00206116
2935 	 1500 	 0.958454 	 0.000987404	0.00206287
2935 	 1505 	 0.958457 	 0.00098822	0.00206457
2935 	 1510 	 0.95846 	 0.000989033	0.00206627
2935 	 1515 	 0.958463 	 0.000989843	0.00206796
2935 	 1520 	 0.958466 	 0.00099065	0.00206965
2935 	 1525 	 0.958469 	 0.000991455	0.00207133
2935 	 1530 	 0.958472 	 0.000992257	0.002073
2935 	 1535 	 0.958475 	 0.000993055	0.00207467
2935 	 1540 	 0.958478 	 0.000993851	0.00207634
2935 	 1545 	 0.958481 	 0.000994645	0.00207799
2935 	 1550 	 0.958484 	 0.000995435	0.00207965
2935 	 1555 	 0.958487 	 0.000996223	0.00208129
2935 	 1560 	 0.95849 	 0.000997008	0.00208293
2935 	 1565 	 0.958493 	 0.00099779	0.00208457
2935 	 1570 	 0.958496 	 0.00099857	0.00208619
2935 	 1575 	 0.958499 	 0.000999347	0.00208782
2935 	 1580 	 0.958502 	 0.00100012	0.00208944
2935 	 1585 	 0.958505 	 0.00100089	0.00209105
2935 	 1590 	 0.958507 	 0.00100166	0.00209265
2935 	 1595 	 0.95851 	 0.00100243	0.00209425
2935 	 1600 	 0.958513 	 0.00100319	0.00209585
2935 	 1605 	 0.958516 	 0.00100395	0.00209744
2935 	 1610 	 0.958519 	 0.00100471	0.00209903
2935 	 1615 	 0.958521 	 0.00100547	0.0021006
2935 	 1620 	 0.958524 	 0.00100622	0.00210218
2935 	 1625 	 0.958527 	 0.00100697	0.00210375
2935 	 1630 	 0.95853 	 0.00100772	0.00210531
2935 	 1635 	 0.958532 	 0.00100847	0.00210687
2935 	 1640 	 0.958535 	 0.00100921	0.00210842
2935 	 1645 	 0.958538 	 0.00100995	0.00210997
2935 	 1650 	 0.95854 	 0.00101069	0.00211151
2935 	 1655 	 0.958543 	 0.00101142	0.00211305
2935 	 1660 	 0.958546 	 0.00101216	0.00211458
2935 	 1665 	 0.958548 	 0.00101289	0.00211611
2935 	 1670 	 0.958551 	 0.00101362	0.00211763
2935 	 1675 	 0.958554 	 0.00101434	0.00211915
2935 	 1680 	 0.958556 	 0.00101507	0.00212066
2935 	 1685 	 0.958559 	 0.00101579	0.00212217
2935 	 1690 	 0.958561 	 0.00101651	0.00212367
2935 	 1695 	 0.958564 	 0.00101722	0.00212517
2935 	 1700 	 0.958567 	 0.00101794	0.00212666
2935 	 1705 	 0.958569 	 0.00101865	0.00212814
2935 	 1710 	 0.958572 	 0.00101936	0.00212963
2935 	 1715 	 0.958574 	 0.00102007	0.0021311
2935 	 1720 	 0.958577 	 0.00102077	0.00213258
2935 	 1725 	 0.958579 	 0.00102147	0.00213405
2935 	 1730 	 0.958582 	 0.00102217	0.00213551
2935 	 1735 	 0.958584 	 0.00102287	0.00213697
2935 	 1740 	 0.958586 	 0.00102357	0.00213842
2935 	 1745 	 0.958589 	 0.00102426	0.00213987
2935 	 1750 	 0.958591 	 0.00102495	0.00214132
2935 	 1755 	 0.958594 	 0.00102564	0.00214276
2935 	 1760 	 0.958596 	 0.00102633	0.00214419
2935 	 1765 	 0.958598 	 0.00102701	0.00214562
2935 	 1770 	 0.958601 	 0.0010277	0.00214705
2935 	 1775 	 0.958603 	 0.00102838	0.00214847
2935 	 1780 	 0.958606 	 0.00102906	0.00214989
2935 	 1785 	 0.958608 	 0.00102973	0.0021513
2935 	 1790 	 0.95861 	 0.00103041	0.00215271
2935 	 1795 	 0.958613 	 0.00103108	0.00215411
2935 	 1800 	 0.958615 	 0.00103175	0.00215551
2935 	 1805 	 0.958617 	 0.00103242	0.00215691
2935 	 1810 	 0.958619 	 0.00103308	0.0021583
2935 	 1815 	 0.958622 	 0.00103375	0.00215968
2935 	 1820 	 0.958624 	 0.00103441	0.00216106
2935 	 1825 	 0.958626 	 0.00103507	0.00216244
2935 	 1830 	 0.958628 	 0.00103572	0.00216382
2935 	 1835 	 0.958631 	 0.00103638	0.00216518
2935 	 1840 	 0.958633 	 0.00103703	0.00216655
2935 	 1845 	 0.958635 	 0.00103768	0.00216791
2935 	 1850 	 0.958637 	 0.00103833	0.00216927
2935 	 1855 	 0.95864 	 0.00103898	0.00217062
2935 	 1860 	 0.958642 	 0.00103963	0.00217197
2935 	 1865 	 0.958644 	 0.00104027	0.00217331
2935 	 1870 	 0.958646 	 0.00104091	0.00217465
2935 	 1875 	 0.958648 	 0.00104155	0.00217599
2935 	 1880 	 0.95865 	 0.00104219	0.00217732
2935 	 1885 	 0.958652 	 0.00104282	0.00217865
2935 	 1890 	 0.958655 	 0.00104346	0.00217997
2935 	 1895 	 0.958657 	 0.00104409	0.00218129
2935 	 1900 	 0.958659 	 0.00104472	0.00218261
2935 	 1905 	 0.958661 	 0.00104535	0.00218392
2935 	 1910 	 0.958663 	 0.00104597	0.00218522
2935 	 1915 	 0.958665 	 0.0010466	0.00218653
2935 	 1920 	 0.958667 	 0.00104722	0.00218783
2935 	 1925 	 0.958669 	 0.00104784	0.00218912
2935 	 1930 	 0.958671 	 0.00104846	0.00219042
2935 	 1935 	 0.958673 	 0.00104907	0.0021917
2935 	 1940 	 0.958675 	 0.00104969	0.00219299
2935 	 1945 	 0.958677 	 0.0010503	0.00219427
2935 	 1950 	 0.958679 	 0.00105091	0.00219555
2935 	 1955 	 0.958681 	 0.00105152	0.00219682
2935 	 1960 	 0.958683 	 0.00105213	0.00219809
2935 	 1965 	 0.958685 	 0.00105273	0.00219935
2935 	 1970 	 0.958687 	 0.00105334	0.00220062
2935 	 1975 	 0.958689 	 0.00105394	0.00220187
2935 	 1980 	 0.958691 	 0.00105454	0.00220313
2935 	 1985 	 0.958693 	 0.00105514	0.00220438
2935 	 1990 	 0.958695 	 0.00105574	0.00220563
2935 	 1995 	 0.958697 	 0.00105633	0.00220687
2935 	 2000 	 0.958699 	 0.00105693	0.00220811
2935 	 2005 	 0.958701 	 0.00105752	0.00220935
2935 	 2010 	 0.958703 	 0.00105811	0.00221058
2935 	 2015 	 0.958705 	 0.0010587	0.00221181
2935 	 2020 	 0.958707 	 0.00105928	0.00221303
2935 	 2025 	 0.958709 	 0.00105987	0.00221426
2935 	 2030 	 0.95871 	 0.00106045	0.00221547
2935 	 2035 	 0.958712 	 0.00106103	0.00221669
2935 	 2040 	 0.958714 	 0.00106161	0.0022179
2935 	 2045 	 0.958716 	 0.00106219	0.00221911
2935 	 2050 	 0.958718 	 0.00106277	0.00222031
2935 	 2055 	 0.95872 	 0.00106334	0.00222152
2935 	 2060 	 0.958722 	 0.00106392	0.00222271
2935 	 2065 	 0.958723 	 0.00106449	0.00222391
2935 	 2070 	 0.958725 	 0.00106506	0.0022251
2935 	 2075 	 0.958727 	 0.00106563	0.00222629
2935 	 2080 	 0.958729 	 0.00106619	0.00222747
2935 	 2085 	 0.958731 	 0.00106676	0.00222865
2935 	 2090 	 0.958732 	 0.00106732	0.00222983
2935 	 2095 	 0.958734 	 0.00106788	0.002231
2935 	 2100 	 0.958736 	 0.00106844	0.00223217
2935 	 2105 	 0.958738 	 0.001069	0.00223334
2935 	 2110 	 0.95874 	 0.00106956	0.00223451
2935 	 2115 	 0.958741 	 0.00107012	0.00223567
2935 	 2120 	 0.958743 	 0.00107067	0.00223683
2935 	 2125 	 0.958745 	 0.00107122	0.00223798
2935 	 2130 	 0.958747 	 0.00107177	0.00223913
2935 	 2135 	 0.958748 	 0.00107232	0.00224028
2935 	 2140 	 0.95875 	 0.00107287	0.00224143
2935 	 2145 	 0.958752 	 0.00107342	0.00224257
2935 	 2150 	 0.958753 	 0.00107396	0.00224371
2935 	 2155 	 0.958755 	 0.00107451	0.00224484
2935 	 2160 	 0.958757 	 0.00107505	0.00224598
2935 	 2165 	 0.958758 	 0.00107559	0.0022471
2935 	 2170 	 0.95876 	 0.00107613	0.00224823
2935 	 2175 	 0.958762 	 0.00107667	0.00224935
2935 	 2180 	 0.958763 	 0.0010772	0.00225048
2935 	 2185 	 0.958765 	 0.00107774	0.00225159
2935 	 2190 	 0.958767 	 0.00107827	0.00225271
2935 	 2195 	 0.958768 	 0.0010788	0.00225382
2935 	 2200 	 0.95877 	 0.00107933	0.00225493
2935 	 2205 	 0.958772 	 0.00107986	0.00225603
2935 	 2210 	 0.958773 	 0.00108039	0.00225713
2935 	 2215 	 0.958775 	 0.00108092	0.00225823
2935 	 2220 	 0.958777 	 0.00108144	0.00225933
2935 	 2225 	 0.958778 	 0.00108197	0.00226042
2935 	 2230 	 0.95878 	 0.00108249	0.00226151
2935 	 2235 	 0.958781 	 0.00108301	0.0022626
2935 	 2240 	 0.958783 	 0.00108353	0.00226369
2935 	 2245 	 0.958785 	 0.00108405	0.00226477
2935 	 2250 	 0.958786 	 0.00108456	0.00226585
2935 	 2255 	 0.958788 	 0.00108508	0.00226692
2935 	 2260 	 0.958789 	 0.00108559	0.002268
2935 	 2265 	 0.958791 	 0.0010861	0.00226907
2935 	 2270 	 0.958792 	 0.00108661	0.00227013
2935 	 2275 	 0.958794 	 0.00108712	0.0022712
2935 	 2280 	 0.958796 	 0.00108763	0.00227226
2935 	 2285 	 0.958797 	 0.00108814	0.00227332
2935 	 2290 	 0.958799 	 0.00108864	0.00227438
2935 	 2295 	 0.9588 	 0.00108915	0.00227543
2935 	 2300 	 0.958802 	 0.00108965	0.00227648
2935 	 2305 	 0.958803 	 0.00109015	0.00227753
2935 	 2310 	 0.958805 	 0.00109065	0.00227858
2935 	 2315 	 0.958806 	 0.00109115	0.00227962
2935 	 2320 	 0.958808 	 0.00109165	0.00228066
2935 	 2325 	 0.958809 	 0.00109215	0.0022817
2935 	 2330 	 0.958811 	 0.00109264	0.00228273
2935 	 2335 	 0.958812 	 0.00109314	0.00228376
2935 	 2340 	 0.958814 	 0.00109363	0.00228479
2935 	 2345 	 0.958815 	 0.00109412	0.00228582
2935 	 2350 	 0.958817 	 0.00109461	0.00228684
2935 	 2355 	 0.958818 	 0.0010951	0.00228786
2935 	 2360 	 0.958819 	 0.00109559	0.00228888
2935 	 2365 	 0.958821 	 0.00109607	0.0022899
2935 	 2370 	 0.958822 	 0.00109656	0.00229091
2935 	 2375 	 0.958824 	 0.00109704	0.00229192
2935 	 2380 	 0.958825 	 0.00109753	0.00229293
2935 	 2385 	 0.958827 	 0.00109801	0.00229394
2935 	 2390 	 0.958828 	 0.00109849	0.00229494
2935 	 2395 	 0.95883 	 0.00109897	0.00229594
2935 	 2400 	 0.958831 	 0.00109944	0.00229694
2935 	 2405 	 0.958832 	 0.00109992	0.00229794
2935 	 2410 	 0.958834 	 0.0011004	0.00229893
2935 	 2415 	 0.958835 	 0.00110087	0.00229992
2935 	 2420 	 0.958837 	 0.00110134	0.00230091
2935 	 2425 	 0.958838 	 0.00110182	0.00230189
2935 	 2430 	 0.958839 	 0.00110229	0.00230288
2935 	 2435 	 0.958841 	 0.00110276	0.00230386
2935 	 2440 	 0.958842 	 0.00110322	0.00230484
2935 	 2445 	 0.958844 	 0.00110369	0.00230581
2935 	 2450 	 0.958845 	 0.00110416	0.00230679
2935 	 2455 	 0.958846 	 0.00110462	0.00230776
2935 	 2460 	 0.958848 	 0.00110509	0.00230873
2935 	 2465 	 0.958849 	 0.00110555	0.00230969
2935 	 2470 	 0.95885 	 0.00110601	0.00231066
2935 	 2475 	 0.958852 	 0.00110647	0.00231162
2935 	 2480 	 0.958853 	 0.00110693	0.00231258
2935 	 2485 	 0.958854 	 0.00110739	0.00231354
2935 	 2490 	 0.958856 	 0.00110785	0.00231449
2935 	 2495 	 0.958857 	 0.0011083	0.00231544
2935 	 2500 	 0.958858 	 0.00110876	0.00231639
2935 	 2505 	 0.95886 	 0.00110921	0.00231734
2935 	 2510 	 0.958861 	 0.00110966	0.00231829
2935 	 2515 	 0.958862 	 0.00111011	0.00231923
2935 	 2520 	 0.958864 	 0.00111056	0.00232017
2935 	 2525 	 0.958865 	 0.00111101	0.00232111
2935 	 2530 	 0.958866 	 0.00111146	0.00232204
2935 	 2535 	 0.958867 	 0.00111191	0.00232298
2935 	 2540 	 0.958869 	 0.00111235	0.00232391
2935 	 2545 	 0.95887 	 0.0011128	0.00232484
2935 	 2550 	 0.958871 	 0.00111324	0.00232577
2935 	 2555 	 0.958873 	 0.00111369	0.00232669
2935 	 2560 	 0.958874 	 0.00111413	0.00232762
2935 	 2565 	 0.958875 	 0.00111457	0.00232854
2935 	 2570 	 0.958876 	 0.00111501	0.00232945
2935 	 2575 	 0.958878 	 0.00111545	0.00233037
2935 	 2580 	 0.958879 	 0.00111588	0.00233128
2935 	 2585 	 0.95888 	 0.00111632	0.0023322
2935 	 2590 	 0.958881 	 0.00111676	0.00233311
2935 	 2595 	 0.958883 	 0.00111719	0.00233401
2935 	 2600 	 0.958884 	 0.00111762	0.00233492
2935 	 2605 	 0.958885 	 0.00111806	0.00233582
2935 	 2610 	 0.958886 	 0.00111849	0.00233672
2935 	 2615 	 0.958888 	 0.00111892	0.00233762
2935 	 2620 	 0.958889 	 0.00111935	0.00233852
2935 	 2625 	 0.95889 	 0.00111978	0.00233941
2935 	 2630 	 0.958891 	 0.0011202	0.00234031
2935 	 2635 	 0.958892 	 0.00112063	0.0023412
2935 	 2640 	 0.958894 	 0.00112105	0.00234209
2935 	 2645 	 0.958895 	 0.00112148	0.00234297
2935 	 2650 	 0.958896 	 0.0011219	0.00234386
2935 	 2655 	 0.958897 	 0.00112232	0.00234474
2935 	 2660 	 0.958898 	 0.00112275	0.00234562
2935 	 2665 	 0.9589 	 0.00112317	0.0023465
2935 	 2670 	 0.958901 	 0.00112359	0.00234737
2935 	 2675 	 0.958902 	 0.001124	0.00234825
2935 	 2680 	 0.958903 	 0.00112442	0.00234912
2935 	 2685 	 0.958904 	 0.00112484	0.00234999
2935 	 2690 	 0.958905 	 0.00112525	0.00235086
2935 	 2695 	 0.958907 	 0.00112567	0.00235173
2935 	 2700 	 0.958908 	 0.00112608	0.00235259
2935 	 2705 	 0.958909 	 0.00112649	0.00235345
2935 	 2710 	 0.95891 	 0.00112691	0.00235431
2935 	 2715 	 0.958911 	 0.00112732	0.00235517
2935 	 2720 	 0.958912 	 0.00112773	0.00235603
2935 	 2725 	 0.958914 	 0.00112814	0.00235688
2935 	 2730 	 0.958915 	 0.00112854	0.00235773
2935 	 2735 	 0.958916 	 0.00112895	0.00235858
2935 	 2740 	 0.958917 	 0.00112936	0.00235943
2935 	 2745 	 0.958918 	 0.00112976	0.00236028
2935 	 2750 	 0.958919 	 0.00113017	0.00236112
2935 	 2755 	 0.95892 	 0.00113057	0.00236197
2935 	 2760 	 0.958921 	 0.00113097	0.00236281
2935 	 2765 	 0.958923 	 0.00113137	0.00236365
2935 	 2770 	 0.958924 	 0.00113178	0.00236448
2935 	 2775 	 0.958925 	 0.00113217	0.00236532
2935 	 2780 	 0.958926 	 0.00113257	0.00236615
2935 	 2785 	 0.958927 	 0.00113297	0.00236698
2935 	 2790 	 0.958928 	 0.00113337	0.00236781
2935 	 2795 	 0.958929 	 0.00113377	0.00236864
2935 	 2800 	 0.95893 	 0.00113416	0.00236947
2935 	 2805 	 0.958931 	 0.00113456	0.00237029
2935 	 2810 	 0.958932 	 0.00113495	0.00237112
2935 	 2815 	 0.958934 	 0.00113534	0.00237194
2935 	 2820 	 0.958935 	 0.00113573	0.00237275
2935 	 2825 	 0.958936 	 0.00113612	0.00237357
2935 	 2830 	 0.958937 	 0.00113651	0.00237439
2935 	 2835 	 0.958938 	 0.0011369	0.0023752
2935 	 2840 	 0.958939 	 0.00113729	0.00237601
2935 	 2845 	 0.95894 	 0.00113768	0.00237682
2935 	 2850 	 0.958941 	 0.00113807	0.00237763
2935 	 2855 	 0.958942 	 0.00113845	0.00237844
2935 	 2860 	 0.958943 	 0.00113884	0.00237924
2935 	 2865 	 0.958944 	 0.00113922	0.00238004
2935 	 2870 	 0.958945 	 0.00113961	0.00238084
2935 	 2875 	 0.958946 	 0.00113999	0.00238164
2935 	 2880 	 0.958947 	 0.00114037	0.00238244
2935 	 2885 	 0.958948 	 0.00114075	0.00238324
2935 	 2890 	 0.958949 	 0.00114113	0.00238403
2935 	 2895 	 0.95895 	 0.00114151	0.00238482
2935 	 2900 	 0.958951 	 0.00114189	0.00238561
2935 	 2905 	 0.958952 	 0.00114227	0.0023864
2935 	 2910 	 0.958953 	 0.00114264	0.00238719
2935 	 2915 	 0.958955 	 0.00114302	0.00238798
2935 	 2920 	 0.958956 	 0.00114339	0.00238876
2935 	 2925 	 0.958957 	 0.00114377	0.00238954
2935 	 2930 	 0.958958 	 0.00114414	0.00239032
2935 	 2935 	 0.958959 	 0.00114452	0.0023911
2935 	 2940 	 0.95896 	 0.00114489	0.00239188
2935 	 2945 	 0.958961 	 0.00114526	0.00239265
2935 	 2950 	 0.958962 	 0.00114563	0.00239343
2935 	 2955 	 0.958963 	 0.001146	0.0023942
2935 	 2960 	 0.958964 	 0.00114637	0.00239497
2935 	 2965 	 0.958965 	 0.00114674	0.00239574
2935 	 2970 	 0.958966 	 0.0011471	0.00239651
2935 	 2975 	 0.958967 	 0.00114747	0.00239727
2935 	 2980 	 0.958968 	 0.00114784	0.00239804
2935 	 2985 	 0.958968 	 0.0011482	0.0023988
2935 	 2990 	 0.958969 	 0.00114856	0.00239956
2935 	 2995 	 0.95897 	 0.00114893	0.00240032
2935 	 3000 	 0.958971 	 0.00114929	0.00240108
2935 	 3005 	 0.958972 	 0.00114965	0.00240183
2935 	 3010 	 0.958973 	 0.00115001	0.00240259
2935 	 3015 	 0.958974 	 0.00115037	0.00240334
2935 	 3020 	 0.958975 	 0.00115073	0.00240409
2935 	 3025 	 0.958976 	 0.00115109	0.00240484
2935 	 3030 	 0.958977 	 0.00115145	0.00240559
2935 	 3035 	 0.958978 	 0.00115181	0.00240634
2935 	 3040 	 0.958979 	 0.00115216	0.00240708
2935 	 3045 	 0.95898 	 0.00115252	0.00240783
2935 	 3050 	 0.958981 	 0.00115288	0.00240857
2935 	 3055 	 0.958982 	 0.00115323	0.00240931
2935 	 3060 	 0.958983 	 0.00115358	0.00241005
2935 	 3065 	 0.958984 	 0.00115394	0.00241078
2935 	 3070 	 0.958985 	 0.00115429	0.00241152
2935 	 3075 	 0.958986 	 0.00115464	0.00241226
2935 	 3080 	 0.958987 	 0.00115499	0.00241299
2935 	 3085 	 0.958988 	 0.00115534	0.00241372
2935 	 3090 	 0.958988 	 0.00115569	0.00241445
2935 	 3095 	 0.958989 	 0.00115604	0.00241518
2935 	 3100 	 0.95899 	 0.00115639	0.0024159
2935 	 3105 	 0.958991 	 0.00115674	0.00241663
2935 	 3110 	 0.958992 	 0.00115708	0.00241735
2935 	 3115 	 0.958993 	 0.00115743	0.00241808
2935 	 3120 	 0.958994 	 0.00115777	0.0024188
2935 	 3125 	 0.958995 	 0.00115812	0.00241952
2935 	 3130 	 0.958996 	 0.00115846	0.00242024
2935 	 3135 	 0.958997 	 0.0011588	0.00242095
2935 	 3140 	 0.958998 	 0.00115915	0.00242167
2935 	 3145 	 0.958998 	 0.00115949	0.00242238
2935 	 3150 	 0.958999 	 0.00115983	0.00242309
2935 	 3155 	 0.959 	 0.00116017	0.0024238
2935 	 3160 	 0.959001 	 0.00116051	0.00242451
2935 	 3165 	 0.959002 	 0.00116085	0.00242522
2935 	 3170 	 0.959003 	 0.00116119	0.00242593
2935 	 3175 	 0.959004 	 0.00116152	0.00242663
2935 	 3180 	 0.959005 	 0.00116186	0.00242734
2935 	 3185 	 0.959006 	 0.0011622	0.00242804
2935 	 3190 	 0.959006 	 0.00116253	0.00242874
2935 	 3195 	 0.959007 	 0.00116287	0.00242944
2935 	 3200 	 0.959008 	 0.0011632	0.00243014
2935 	 3205 	 0.959009 	 0.00116354	0.00243084
2935 	 3210 	 0.95901 	 0.00116387	0.00243153
2935 	 3215 	 0.959011 	 0.0011642	0.00243223
2935 	 3220 	 0.959012 	 0.00116453	0.00243292
2935 	 3225 	 0.959012 	 0.00116486	0.00243361
2935 	 3230 	 0.959013 	 0.00116519	0.0024343
2935 	 3235 	 0.959014 	 0.00116552	0.00243499
2935 	 3240 	 0.959015 	 0.00116585	0.00243568
2935 	 3245 	 0.959016 	 0.00116618	0.00243636
2935 	 3250 	 0.959017 	 0.00116651	0.00243705
2935 	 3255 	 0.959018 	 0.00116683	0.00243773
2935 	 3260 	 0.959018 	 0.00116716	0.00243841
2935 	 3265 	 0.959019 	 0.00116749	0.00243909
2935 	 3270 	 0.95902 	 0.00116781	0.00243977
2935 	 3275 	 0.959021 	 0.00116814	0.00244045
2935 	 3280 	 0.959022 	 0.00116846	0.00244113
2935 	 3285 	 0.959023 	 0.00116878	0.0024418
2935 	 3290 	 0.959023 	 0.00116911	0.00244248
2935 	 3295 	 0.959024 	 0.00116943	0.00244315
2935 	 3300 	 0.959025 	 0.00116975	0.00244382
2935 	 3305 	 0.959026 	 0.00117007	0.00244449
2935 	 3310 	 0.959027 	 0.00117039	0.00244516
2935 	 3315 	 0.959028 	 0.00117071	0.00244583
2935 	 3320 	 0.959028 	 0.00117103	0.00244649
2935 	 3325 	 0.959029 	 0.00117135	0.00244716
2935 	 3330 	 0.95903 	 0.00117167	0.00244782
2935 	 3335 	 0.959031 	 0.00117198	0.00244848
2935 	 3340 	 0.959032 	 0.0011723	0.00244915
2935 	 3345 	 0.959032 	 0.00117261	0.00244981
2935 	 3350 	 0.959033 	 0.00117293	0.00245046
2935 	 3355 	 0.959034 	 0.00117324	0.00245112
2935 	 3360 	 0.959035 	 0.00117356	0.00245178
2935 	 3365 	 0.959036 	 0.00117387	0.00245243
2935 	 3370 	 0.959036 	 0.00117419	0.00245309
2935 	 3375 	 0.959037 	 0.0011745	0.00245374
2935 	 3380 	 0.959038 	 0.00117481	0.00245439
2935 	 3385 	 0.959039 	 0.00117512	0.00245504
2935 	 3390 	 0.95904 	 0.00117543	0.00245569
2935 	 3395 	 0.95904 	 0.00117574	0.00245634
2935 	 3400 	 0.959041 	 0.00117605	0.00245698
2935 	 3405 	 0.959042 	 0.00117636	0.00245763
2935 	 3410 	 0.959043 	 0.00117667	0.00245827
2935 	 3415 	 0.959044 	 0.00117697	0.00245891
2935 	 3420 	 0.959044 	 0.00117728	0.00245956
2935 	 3425 	 0.959045 	 0.00117759	0.0024602
2935 	 3430 	 0.959046 	 0.00117789	0.00246084
2935 	 3435 	 0.959047 	 0.0011782	0.00246147
2935 	 3440 	 0.959047 	 0.0011785	0.00246211
2935 	 3445 	 0.959048 	 0.00117881	0.00246275
2935 	 3450 	 0.959049 	 0.00117911	0.00246338
2935 	 3455 	 0.95905 	 0.00117941	0.00246401
2935 	 3460 	 0.959051 	 0.00117972	0.00246464
2935 	 3465 	 0.959051 	 0.00118002	0.00246528
2935 	 3470 	 0.959052 	 0.00118032	0.0024659
2935 	 3475 	 0.959053 	 0.00118062	0.00246653
2935 	 3480 	 0.959054 	 0.00118092	0.00246716
2935 	 3485 	 0.959054 	 0.00118122	0.00246779
2935 	 3490 	 0.959055 	 0.00118152	0.00246841
2935 	 3495 	 0.959056 	 0.00118182	0.00246904
2935 	 3500 	 0.959057 	 0.00118212	0.00246966
2935 	 3505 	 0.959057 	 0.00118241	0.00247028
2935 	 3510 	 0.959058 	 0.00118271	0.0024709
2935 	 3515 	 0.959059 	 0.00118301	0.00247152
2935 	 3520 	 0.95906 	 0.0011833	0.00247214
2935 	 3525 	 0.95906 	 0.0011836	0.00247275
2935 	 3530 	 0.959061 	 0.00118389	0.00247337
2935 	 3535 	 0.959062 	 0.00118419	0.00247398
2935 	 3540 	 0.959063 	 0.00118448	0.0024746
2935 	 3545 	 0.959063 	 0.00118478	0.00247521
2935 	 3550 	 0.959064 	 0.00118507	0.00247582
2935 	 3555 	 0.959065 	 0.00118536	0.00247643
2935 	 3560 	 0.959065 	 0.00118565	0.00247704
2935 	 3565 	 0.959066 	 0.00118594	0.00247765
2935 	 3570 	 0.959067 	 0.00118623	0.00247826
2935 	 3575 	 0.959068 	 0.00118652	0.00247886
2935 	 3580 	 0.959068 	 0.00118681	0.00247947
2935 	 3585 	 0.959069 	 0.0011871	0.00248007
2935 	 3590 	 0.95907 	 0.00118739	0.00248067
2935 	 3595 	 0.95907 	 0.00118768	0.00248128
2935 	 3600 	 0.959071 	 0.00118797	0.00248188
2935 	 3605 	 0.959072 	 0.00118825	0.00248248
2935 	 3610 	 0.959073 	 0.00118854	0.00248307
2935 	 3615 	 0.959073 	 0.00118882	0.00248367
2935 	 3620 	 0.959074 	 0.00118911	0.00248427
2935 	 3625 	 0.959075 	 0.00118939	0.00248486
2935 	 3630 	 0.959075 	 0.00118968	0.00248546
2935 	 3635 	 0.959076 	 0.00118996	0.00248605
2935 	 3640 	 0.959077 	 0.00119025	0.00248664
2935 	 3645 	 0.959078 	 0.00119053	0.00248723
2935 	 3650 	 0.959078 	 0.00119081	0.00248782
2935 	 3655 	 0.959079 	 0.00119109	0.00248841
2935 	 3660 	 0.95908 	 0.00119137	0.002489
2935 	 3665 	 0.95908 	 0.00119166	0.00248959
2935 	 3670 	 0.959081 	 0.00119194	0.00249017
2935 	 3675 	 0.959082 	 0.00119222	0.00249076
2935 	 3680 	 0.959082 	 0.00119249	0.00249134
2935 	 3685 	 0.959083 	 0.00119277	0.00249192
2935 	 3690 	 0.959084 	 0.00119305	0.0024925
2935 	 3695 	 0.959084 	 0.00119333	0.00249308
2935 	 3700 	 0.959085 	 0.00119361	0.00249366
2935 	 3705 	 0.959086 	 0.00119388	0.00249424
2935 	 3710 	 0.959087 	 0.00119416	0.00249482
2935 	 3715 	 0.959087 	 0.00119444	0.0024954
2935 	 3720 	 0.959088 	 0.00119471	0.00249597
2935 	 3725 	 0.959089 	 0.00119499	0.00249655
2935 	 3730 	 0.959089 	 0.00119526	0.00249712
2935 	 3735 	 0.95909 	 0.00119554	0.00249769
2935 	 3740 	 0.959091 	 0.00119581	0.00249826
2935 	 3745 	 0.959091 	 0.00119608	0.00249883
2935 	 3750 	 0.959092 	 0.00119635	0.0024994
2935 	 3755 	 0.959093 	 0.00119663	0.00249997
2935 	 3760 	 0.959093 	 0.0011969	0.00250054
2935 	 3765 	 0.959094 	 0.00119717	0.00250111
2935 	 3770 	 0.959095 	 0.00119744	0.00250167
2935 	 3775 	 0.959095 	 0.00119771	0.00250224
2935 	 3780 	 0.959096 	 0.00119798	0.0025028
2935 	 3785 	 0.959097 	 0.00119825	0.00250336
2935 	 3790 	 0.959097 	 0.00119852	0.00250392
2935 	 3795 	 0.959098 	 0.00119879	0.00250449
2935 	 3800 	 0.959098 	 0.00119906	0.00250505
2935 	 3805 	 0.959099 	 0.00119932	0.0025056
2935 	 3810 	 0.9591 	 0.00119959	0.00250616
2935 	 3815 	 0.9591 	 0.00119986	0.00250672
2935 	 3820 	 0.959101 	 0.00120012	0.00250727
2935 	 3825 	 0.959102 	 0.00120039	0.00250783
2935 	 3830 	 0.959102 	 0.00120065	0.00250838
2935 	 3835 	 0.959103 	 0.00120092	0.00250894
2935 	 3840 	 0.959104 	 0.00120118	0.00250949
2935 	 3845 	 0.959104 	 0.00120145	0.00251004
2935 	 3850 	 0.959105 	 0.00120171	0.00251059
2935 	 3855 	 0.959106 	 0.00120197	0.00251114
2935 	 3860 	 0.959106 	 0.00120224	0.00251169
2935 	 3865 	 0.959107 	 0.0012025	0.00251224
2935 	 3870 	 0.959107 	 0.00120276	0.00251278
2935 	 3875 	 0.959108 	 0.00120302	0.00251333
2935 	 3880 	 0.959109 	 0.00120328	0.00251387
2935 	 3885 	 0.959109 	 0.00120354	0.00251442
2935 	 3890 	 0.95911 	 0.0012038	0.00251496
2935 	 3895 	 0.959111 	 0.00120406	0.0025155
2935 	 3900 	 0.959111 	 0.00120432	0.00251604
2935 	 3905 	 0.959112 	 0.00120458	0.00251658
2935 	 3910 	 0.959112 	 0.00120484	0.00251712
2935 	 3915 	 0.959113 	 0.00120509	0.00251766
2935 	 3920 	 0.959114 	 0.00120535	0.0025182
2935 	 3925 	 0.959114 	 0.00120561	0.00251874
2935 	 3930 	 0.959115 	 0.00120587	0.00251927
2935 	 3935 	 0.959116 	 0.00120612	0.00251981
2935 	 3940 	 0.959116 	 0.00120638	0.00252034
2935 	 3945 	 0.959117 	 0.00120663	0.00252087
2935 	 3950 	 0.959117 	 0.00120689	0.00252141
2935 	 3955 	 0.959118 	 0.00120714	0.00252194
2935 	 3960 	 0.959119 	 0.0012074	0.00252247
2935 	 3965 	 0.959119 	 0.00120765	0.002523
2935 	 3970 	 0.95912 	 0.0012079	0.00252353
2935 	 3975 	 0.95912 	 0.00120815	0.00252406
2935 	 3980 	 0.959121 	 0.00120841	0.00252458
2935 	 3985 	 0.959122 	 0.00120866	0.00252511
2935 	 3990 	 0.959122 	 0.00120891	0.00252563
2935 	 3995 	 0.959123 	 0.00120916	0.00252616
2935 	 4000 	 0.959123 	 0.00120941	0.00252668
2935 	 4005 	 0.959124 	 0.00120966	0.0025272
2935 	 4010 	 0.959125 	 0.00120991	0.00252773
2935 	 4015 	 0.959125 	 0.00121016	0.00252825
2935 	 4020 	 0.959126 	 0.00121041	0.00252877
2935 	 4025 	 0.959126 	 0.00121066	0.00252929
2935 	 4030 	 0.959127 	 0.00121091	0.00252981
2935 	 4035 	 0.959128 	 0.00121115	0.00253032
2935 	 4040 	 0.959128 	 0.0012114	0.00253084
2935 	 4045 	 0.959129 	 0.00121165	0.00253136
2935 	 4050 	 0.959129 	 0.0012119	0.00253187
2935 	 4055 	 0.95913 	 0.00121214	0.00253239
2935 	 4060 	 0.959131 	 0.00121239	0.0025329
2935 	 4065 	 0.959131 	 0.00121263	0.00253341
2935 	 4070 	 0.959132 	 0.00121288	0.00253392
2935 	 4075 	 0.959132 	 0.00121312	0.00253443
2935 	 4080 	 0.959133 	 0.00121337	0.00253494
2935 	 4085 	 0.959133 	 0.00121361	0.00253545
2935 	 4090 	 0.959134 	 0.00121385	0.00253596
2935 	 4095 	 0.959135 	 0.0012141	0.00253647
2935 	 4100 	 0.959135 	 0.00121434	0.00253698
2935 	 4105 	 0.959136 	 0.00121458	0.00253748
2935 	 4110 	 0.959136 	 0.00121482	0.00253799
2935 	 4115 	 0.959137 	 0.00121507	0.00253849
2935 	 4120 	 0.959137 	 0.00121531	0.002539
2935 	 4125 	 0.959138 	 0.00121555	0.0025395
2935 	 4130 	 0.959139 	 0.00121579	0.00254
2935 	 4135 	 0.959139 	 0.00121603	0.0025405
2935 	 4140 	 0.95914 	 0.00121627	0.002541
2935 	 4145 	 0.95914 	 0.00121651	0.0025415
2935 	 4150 	 0.959141 	 0.00121675	0.002542
2935 	 4155 	 0.959141 	 0.00121698	0.0025425
2935 	 4160 	 0.959142 	 0.00121722	0.002543
2935 	 4165 	 0.959142 	 0.00121746	0.00254349
2935 	 4170 	 0.959143 	 0.0012177	0.00254399
2935 	 4175 	 0.959144 	 0.00121793	0.00254448
2935 	 4180 	 0.959144 	 0.00121817	0.00254498
2935 	 4185 	 0.959145 	 0.00121841	0.00254547
2935 	 4190 	 0.959145 	 0.00121864	0.00254597
2935 	 4195 	 0.959146 	 0.00121888	0.00254646
2935 	 4200 	 0.959146 	 0.00121911	0.00254695
2935 	 4205 	 0.959147 	 0.00121935	0.00254744
2935 	 4210 	 0.959147 	 0.00121958	0.00254793
2935 	 4215 	 0.959148 	 0.00121982	0.00254842
2935 	 4220 	 0.959149 	 0.00122005	0.00254891
2935 	 4225 	 0.959149 	 0.00122028	0.00254939
2935 	 4230 	 0.95915 	 0.00122052	0.00254988
2935 	 4235 	 0.95915 	 0.00122075	0.00255036
2935 	 4240 	 0.959151 	 0.00122098	0.00255085
2935 	 4245 	 0.959151 	 0.00122121	0.00255133
2935 	 4250 	 0.959152 	 0.00122144	0.00255182
2935 	 4255 	 0.959152 	 0.00122167	0.0025523
2935 	 4260 	 0.959153 	 0.00122191	0.00255278
2935 	 4265 	 0.959153 	 0.00122214	0.00255326
2935 	 4270 	 0.959154 	 0.00122237	0.00255374
2935 	 4275 	 0.959154 	 0.0012226	0.00255422
2935 	 4280 	 0.959155 	 0.00122282	0.0025547
2935 	 4285 	 0.959156 	 0.00122305	0.00255518
2935 	 4290 	 0.959156 	 0.00122328	0.00255566
2935 	 4295 	 0.959157 	 0.00122351	0.00255614
2935 	 4300 	 0.959157 	 0.00122374	0.00255661
2935 	 4305 	 0.959158 	 0.00122397	0.00255709
2935 	 4310 	 0.959158 	 0.00122419	0.00255756
2935 	 4315 	 0.959159 	 0.00122442	0.00255804
2935 	 4320 	 0.959159 	 0.00122465	0.00255851
2935 	 4325 	 0.95916 	 0.00122487	0.00255898
2935 	 4330 	 0.95916 	 0.0012251	0.00255945
2935 	 4335 	 0.959161 	 0.00122532	0.00255992
2935 	 4340 	 0.959161 	 0.00122555	0.0025604
2935 	 4345 	 0.959162 	 0.00122577	0.00256086
2935 	 4350 	 0.959162 	 0.001226	0.00256133
2935 	 4355 	 0.959163 	 0.00122622	0.0025618
2935 	 4360 	 0.959163 	 0.00122645	0.00256227
2935 	 4365 	 0.959164 	 0.00122667	0.00256274
2935 	 4370 	 0.959164 	 0.00122689	0.0025632
2935 	 4375 	 0.959165 	 0.00122712	0.00256367
2935 	 4380 	 0.959165 	 0.00122734	0.00256413
2935 	 4385 	 0.959166 	 0.00122756	0.0025646
2935 	 4390 	 0.959167 	 0.00122778	0.00256506
2935 	 4395 	 0.959167 	 0.001228	0.00256552
2935 	 4400 	 0.959168 	 0.00122822	0.00256598
2935 	 4405 	 0.959168 	 0.00122845	0.00256645
2935 	 4410 	 0.959169 	 0.00122867	0.00256691
2935 	 4415 	 0.959169 	 0.00122889	0.00256737
2935 	 4420 	 0.95917 	 0.00122911	0.00256783
2935 	 4425 	 0.95917 	 0.00122932	0.00256828
2935 	 4430 	 0.959171 	 0.00122954	0.00256874
2935 	 4435 	 0.959171 	 0.00122976	0.0025692
2935 	 4440 	 0.959172 	 0.00122998	0.00256965
2935 	 4445 	 0.959172 	 0.0012302	0.00257011
2935 	 4450 	 0.959173 	 0.00123042	0.00257057
2935 	 4455 	 0.959173 	 0.00123063	0.00257102
2935 	 4460 	 0.959174 	 0.00123085	0.00257147
2935 	 4465 	 0.959174 	 0.00123107	0.00257193
2935 	 4470 	 0.959175 	 0.00123129	0.00257238
2935 	 4475 	 0.959175 	 0.0012315	0.00257283
2935 	 4480 	 0.959176 	 0.00123172	0.00257328
2935 	 4485 	 0.959176 	 0.00123193	0.00257373
2935 	 4490 	 0.959177 	 0.00123215	0.00257418
2935 	 4495 	 0.959177 	 0.00123236	0.00257463
2935 	 4500 	 0.959178 	 0.00123258	0.00257508
2935 	 4505 	 0.959178 	 0.00123279	0.00257553
2935 	 4510 	 0.959179 	 0.00123301	0.00257597
2935 	 4515 	 0.959179 	 0.00123322	0.00257642
2935 	 4520 	 0.959179 	 0.00123343	0.00257687
2935 	 4525 	 0.95918 	 0.00123365	0.00257731
2935 	 4530 	 0.95918 	 0.00123386	0.00257776
2935 	 4535 	 0.959181 	 0.00123407	0.0025782
2935 	 4540 	 0.959181 	 0.00123428	0.00257864
2935 	 4545 	 0.959182 	 0.00123449	0.00257908
2935 	 4550 	 0.959182 	 0.00123471	0.00257953
2935 	 4555 	 0.959183 	 0.00123492	0.00257997
2935 	 4560 	 0.959183 	 0.00123513	0.00258041
2935 	 4565 	 0.959184 	 0.00123534	0.00258085
2935 	 4570 	 0.959184 	 0.00123555	0.00258129
2935 	 4575 	 0.959185 	 0.00123576	0.00258173
2935 	 4580 	 0.959185 	 0.00123597	0.00258216
2935 	 4585 	 0.959186 	 0.00123618	0.0025826
2935 	 4590 	 0.959186 	 0.00123639	0.00258304
2935 	 4595 	 0.959187 	 0.0012366	0.00258347
2935 	 4600 	 0.959187 	 0.0012368	0.00258391
2935 	 4605 	 0.959188 	 0.00123701	0.00258435
2935 	 4610 	 0.959188 	 0.00123722	0.00258478
2935 	 4615 	 0.959189 	 0.00123743	0.00258521
2935 	 4620 	 0.959189 	 0.00123764	0.00258565
2935 	 4625 	 0.959189 	 0.00123784	0.00258608
2935 	 4630 	 0.95919 	 0.00123805	0.00258651
2935 	 4635 	 0.95919 	 0.00123826	0.00258694
2935 	 4640 	 0.959191 	 0.00123846	0.00258737
2935 	 4645 	 0.959191 	 0.00123867	0.0025878
2935 	 4650 	 0.959192 	 0.00123887	0.00258823
2935 	 4655 	 0.959192 	 0.00123908	0.00258866
2935 	 4660 	 0.959193 	 0.00123928	0.00258909
2935 	 4665 	 0.959193 	 0.00123949	0.00258951
2935 	 4670 	 0.959194 	 0.00123969	0.00258994
2935 	 4675 	 0.959194 	 0.0012399	0.00259037
2935 	 4680 	 0.959195 	 0.0012401	0.00259079
2935 	 4685 	 0.959195 	 0.0012403	0.00259122
2935 	 4690 	 0.959196 	 0.00124051	0.00259164
2935 	 4695 	 0.959196 	 0.00124071	0.00259207
2935 	 4700 	 0.959196 	 0.00124091	0.00259249
2935 	 4705 	 0.959197 	 0.00124111	0.00259291
2935 	 4710 	 0.959197 	 0.00124132	0.00259333
2935 	 4715 	 0.959198 	 0.00124152	0.00259376
2935 	 4720 	 0.959198 	 0.00124172	0.00259418
2935 	 4725 	 0.959199 	 0.00124192	0.0025946
2935 	 4730 	 0.959199 	 0.00124212	0.00259502
2935 	 4735 	 0.9592 	 0.00124232	0.00259544
2935 	 4740 	 0.9592 	 0.00124252	0.00259585
2935 	 4745 	 0.9592 	 0.00124272	0.00259627
2935 	 4750 	 0.959201 	 0.00124292	0.00259669
2935 	 4755 	 0.959201 	 0.00124312	0.00259711
2935 	 4760 	 0.959202 	 0.00124332	0.00259752
2935 	 4765 	 0.959202 	 0.00124352	0.00259794
2935 	 4770 	 0.959203 	 0.00124372	0.00259835
2935 	 4775 	 0.959203 	 0.00124392	0.00259877
2935 	 4780 	 0.959204 	 0.00124411	0.00259918
2935 	 4785 	 0.959204 	 0.00124431	0.00259959
2935 	 4790 	 0.959204 	 0.00124451	0.00260001
2935 	 4795 	 0.959205 	 0.00124471	0.00260042
2935 	 4800 	 0.959205 	 0.0012449	0.00260083
2935 	 4805 	 0.959206 	 0.0012451	0.00260124
2935 	 4810 	 0.959206 	 0.0012453	0.00260165
2935 	 4815 	 0.959207 	 0.00124549	0.00260206
2935 	 4820 	 0.959207 	 0.00124569	0.00260247
2935 	 4825 	 0.959208 	 0.00124588	0.00260288
2935 	 4830 	 0.959208 	 0.00124608	0.00260329
2935 	 4835 	 0.959208 	 0.00124627	0.00260369
2935 	 4840 	 0.959209 	 0.00124647	0.0026041
2935 	 4845 	 0.959209 	 0.00124666	0.00260451
2935 	 4850 	 0.95921 	 0.00124686	0.00260491
2935 	 4855 	 0.95921 	 0.00124705	0.00260532
2935 	 4860 	 0.959211 	 0.00124725	0.00260572
2935 	 4865 	 0.959211 	 0.00124744	0.00260613
2935 	 4870 	 0.959211 	 0.00124763	0.00260653
2935 	 4875 	 0.959212 	 0.00124783	0.00260693
2935 	 4880 	 0.959212 	 0.00124802	0.00260734
2935 	 4885 	 0.959213 	 0.00124821	0.00260774
2935 	 4890 	 0.959213 	 0.0012484	0.00260814
2935 	 4895 	 0.959214 	 0.00124859	0.00260854
2935 	 4900 	 0.959214 	 0.00124879	0.00260894
2935 	 4905 	 0.959214 	 0.00124898	0.00260934
2935 	 4910 	 0.959215 	 0.00124917	0.00260974
2935 	 4915 	 0.959215 	 0.00124936	0.00261014
2935 	 4920 	 0.959216 	 0.00124955	0.00261054
2935 	 4925 	 0.959216 	 0.00124974	0.00261094
2935 	 4930 	 0.959217 	 0.00124993	0.00261133
2935 	 4935 	 0.959217 	 0.00125012	0.00261173
2935 	 4940 	 0.959217 	 0.00125031	0.00261213
2935 	 4945 	 0.959218 	 0.0012505	0.00261252
2935 	 4950 	 0.959218 	 0.00125069	0.00261292
2935 	 4955 	 0.959219 	 0.00125088	0.00261331
2935 	 4960 	 0.959219 	 0.00125107	0.0026137
2935 	 4965 	 0.959219 	 0.00125125	0.0026141
2935 	 4970 	 0.95922 	 0.00125144	0.00261449
2935 	 4975 	 0.95922 	 0.00125163	0.00261488
2935 	 4980 	 0.959221 	 0.00125182	0.00261527
2935 	 4985 	 0.959221 	 0.001252	0.00261567
2935 	 4990 	 0.959222 	 0.00125219	0.00261606
2935 	 4995 	 0.959222 	 0.00125238	0.00261645
2935 	 5000 	 0.959222 	 0.00125256	0.00261684
