3220 	 5 	 0.876914 	 0.00532115	0.0111168
3220 	 10 	 0.879528 	 0.0042982	0.00897972
3220 	 15 	 0.883195 	 0.00320066	0.00668675
3220 	 20 	 0.888041 	 0.00214704	0.00448556
3220 	 25 	 0.893962 	 0.00129099	0.00269711
3220 	 30 	 0.900539 	 0.00110602	0.00231067
3220 	 35 	 0.91296 	 0.00186066	0.00388725
3220 	 40 	 0.921965 	 0.00101812	0.00212705
3220 	 45 	 0.929088 	 0.000731997	0.00152928
3220 	 50 	 0.934539 	 0.000727883	0.00152068
3220 	 55 	 0.938596 	 0.000723061	0.00151061
3220 	 60 	 0.941576 	 0.000695863	0.00145378
3220 	 65 	 0.943767 	 0.000678644	0.00141781
3220 	 70 	 0.945397 	 0.000677831	0.00141611
3220 	 75 	 0.946637 	 0.000682579	0.00142603
3220 	 80 	 0.947603 	 0.000683219	0.00142737
3220 	 85 	 0.948379 	 0.000676433	0.00141319
3220 	 90 	 0.949017 	 0.000663177	0.0013855
3220 	 95 	 0.949557 	 0.000646013	0.00134964
3220 	 100 	 0.950021 	 0.000627553	0.00131107
3220 	 105 	 0.950429 	 0.000609824	0.00127403
3220 	 110 	 0.950792 	 0.000594127	0.00124124
3220 	 115 	 0.951119 	 0.000581126	0.00121408
3220 	 120 	 0.951417 	 0.00057101	0.00119294
3220 	 125 	 0.951689 	 0.000563655	0.00117758
3220 	 130 	 0.951939 	 0.000558763	0.00116736
3220 	 135 	 0.952171 	 0.000555961	0.0011615
3220 	 140 	 0.952387 	 0.000554866	0.00115922
3220 	 145 	 0.952588 	 0.000555125	0.00115976
3220 	 150 	 0.952777 	 0.000556428	0.00116248
3220 	 155 	 0.952953 	 0.000558519	0.00116685
3220 	 160 	 0.95312 	 0.00056119	0.00117243
3220 	 165 	 0.953277 	 0.000564274	0.00117887
3220 	 170 	 0.953425 	 0.000567645	0.00118591
3220 	 175 	 0.953565 	 0.000571204	0.00119335
3220 	 180 	 0.953698 	 0.000574876	0.00120102
3220 	 185 	 0.953825 	 0.000578606	0.00120881
3220 	 190 	 0.953945 	 0.000582353	0.00121664
3220 	 195 	 0.954059 	 0.000586088	0.00122444
3220 	 200 	 0.954169 	 0.000589789	0.00123218
3220 	 205 	 0.954273 	 0.000593443	0.00123981
3220 	 210 	 0.954373 	 0.00059704	0.00124733
3220 	 215 	 0.954468 	 0.000600574	0.00125471
3220 	 220 	 0.95456 	 0.000604041	0.00126195
3220 	 225 	 0.954648 	 0.000607442	0.00126906
3220 	 230 	 0.954732 	 0.000610776	0.00127602
3220 	 235 	 0.954813 	 0.000614044	0.00128285
3220 	 240 	 0.954891 	 0.000617248	0.00128954
3220 	 245 	 0.954966 	 0.000620392	0.00129611
3220 	 250 	 0.955038 	 0.000623477	0.00130256
3220 	 255 	 0.955108 	 0.000626507	0.00130889
3220 	 260 	 0.955176 	 0.000629484	0.00131511
3220 	 265 	 0.955241 	 0.000632412	0.00132122
3220 	 270 	 0.955304 	 0.000635293	0.00132724
3220 	 275 	 0.955364 	 0.00063813	0.00133317
3220 	 280 	 0.955423 	 0.000640926	0.00133901
3220 	 285 	 0.95548 	 0.000643683	0.00134477
3220 	 290 	 0.955536 	 0.000646404	0.00135046
3220 	 295 	 0.955589 	 0.00064909	0.00135607
3220 	 300 	 0.955641 	 0.000651745	0.00136161
3220 	 305 	 0.955692 	 0.000654368	0.00136709
3220 	 310 	 0.955741 	 0.000656963	0.00137252
3220 	 315 	 0.955788 	 0.000659532	0.00137788
3220 	 320 	 0.955834 	 0.000662074	0.00138319
3220 	 325 	 0.955879 	 0.000664593	0.00138846
3220 	 330 	 0.955923 	 0.000667088	0.00139367
3220 	 335 	 0.955966 	 0.000669562	0.00139884
3220 	 340 	 0.956007 	 0.000672015	0.00140396
3220 	 345 	 0.956048 	 0.000674449	0.00140905
3220 	 350 	 0.956087 	 0.000676863	0.00141409
3220 	 355 	 0.956126 	 0.00067926	0.0014191
3220 	 360 	 0.956163 	 0.000681639	0.00142407
3220 	 365 	 0.9562 	 0.000684002	0.001429
3220 	 370 	 0.956235 	 0.000686349	0.00143391
3220 	 375 	 0.95627 	 0.00068868	0.00143878
3220 	 380 	 0.956304 	 0.000690996	0.00144362
3220 	 385 	 0.956337 	 0.000693298	0.00144843
3220 	 390 	 0.95637 	 0.000695586	0.00145321
3220 	 395 	 0.956402 	 0.00069786	0.00145796
3220 	 400 	 0.956433 	 0.000700121	0.00146268
3220 	 405 	 0.956463 	 0.000702369	0.00146738
3220 	 410 	 0.956493 	 0.000704604	0.00147205
3220 	 415 	 0.956522 	 0.000706827	0.00147669
3220 	 420 	 0.95655 	 0.000709038	0.00148131
3220 	 425 	 0.956578 	 0.000711236	0.0014859
3220 	 430 	 0.956606 	 0.000713423	0.00149047
3220 	 435 	 0.956632 	 0.000715598	0.00149502
3220 	 440 	 0.956659 	 0.000717762	0.00149954
3220 	 445 	 0.956684 	 0.000719915	0.00150403
3220 	 450 	 0.95671 	 0.000722056	0.00150851
3220 	 455 	 0.956734 	 0.000724187	0.00151296
3220 	 460 	 0.956759 	 0.000726306	0.00151739
3220 	 465 	 0.956782 	 0.000728415	0.00152179
3220 	 470 	 0.956806 	 0.000730513	0.00152618
3220 	 475 	 0.956829 	 0.000732601	0.00153054
3220 	 480 	 0.956851 	 0.000734678	0.00153488
3220 	 485 	 0.956873 	 0.000736745	0.00153919
3220 	 490 	 0.956895 	 0.000738801	0.00154349
3220 	 495 	 0.956916 	 0.000740847	0.00154777
3220 	 500 	 0.956937 	 0.000742884	0.00155202
3220 	 505 	 0.956958 	 0.00074491	0.00155625
3220 	 510 	 0.956978 	 0.000746925	0.00156046
3220 	 515 	 0.956998 	 0.000748931	0.00156465
3220 	 520 	 0.957017 	 0.000750927	0.00156882
3220 	 525 	 0.957037 	 0.000752914	0.00157297
3220 	 530 	 0.957056 	 0.00075489	0.0015771
3220 	 535 	 0.957074 	 0.000756856	0.00158121
3220 	 540 	 0.957092 	 0.000758813	0.0015853
3220 	 545 	 0.95711 	 0.00076076	0.00158937
3220 	 550 	 0.957128 	 0.000762698	0.00159342
3220 	 555 	 0.957146 	 0.000764626	0.00159744
3220 	 560 	 0.957163 	 0.000766544	0.00160145
3220 	 565 	 0.95718 	 0.000768453	0.00160544
3220 	 570 	 0.957196 	 0.000770353	0.00160941
3220 	 575 	 0.957213 	 0.000772243	0.00161336
3220 	 580 	 0.957229 	 0.000774124	0.00161729
3220 	 585 	 0.957245 	 0.000775995	0.0016212
3220 	 590 	 0.957261 	 0.000777857	0.00162509
3220 	 595 	 0.957276 	 0.00077971	0.00162896
3220 	 600 	 0.957291 	 0.000781554	0.00163281
3220 	 605 	 0.957306 	 0.000783388	0.00163664
3220 	 610 	 0.957321 	 0.000785214	0.00164045
3220 	 615 	 0.957336 	 0.00078703	0.00164425
3220 	 620 	 0.95735 	 0.000788838	0.00164803
3220 	 625 	 0.957364 	 0.000790636	0.00165178
3220 	 630 	 0.957378 	 0.000792426	0.00165552
3220 	 635 	 0.957392 	 0.000794206	0.00165924
3220 	 640 	 0.957406 	 0.000795978	0.00166294
3220 	 645 	 0.957419 	 0.000797741	0.00166663
3220 	 650 	 0.957432 	 0.000799495	0.00167029
3220 	 655 	 0.957445 	 0.00080124	0.00167394
3220 	 660 	 0.957458 	 0.000802977	0.00167757
3220 	 665 	 0.957471 	 0.000804705	0.00168118
3220 	 670 	 0.957483 	 0.000806425	0.00168477
3220 	 675 	 0.957496 	 0.000808136	0.00168834
3220 	 680 	 0.957508 	 0.000809839	0.0016919
3220 	 685 	 0.95752 	 0.000811533	0.00169544
3220 	 690 	 0.957532 	 0.000813218	0.00169896
3220 	 695 	 0.957544 	 0.000814896	0.00170247
3220 	 700 	 0.957556 	 0.000816565	0.00170595
3220 	 705 	 0.957567 	 0.000818225	0.00170942
3220 	 710 	 0.957578 	 0.000819878	0.00171287
3220 	 715 	 0.95759 	 0.000821522	0.00171631
3220 	 720 	 0.957601 	 0.000823159	0.00171973
3220 	 725 	 0.957612 	 0.000824787	0.00172313
3220 	 730 	 0.957623 	 0.000826407	0.00172651
3220 	 735 	 0.957633 	 0.000828019	0.00172988
3220 	 740 	 0.957644 	 0.000829623	0.00173323
3220 	 745 	 0.957654 	 0.000831219	0.00173657
3220 	 750 	 0.957665 	 0.000832808	0.00173989
3220 	 755 	 0.957675 	 0.000834388	0.00174319
3220 	 760 	 0.957685 	 0.000835961	0.00174648
3220 	 765 	 0.957695 	 0.000837526	0.00174975
3220 	 770 	 0.957705 	 0.000839084	0.001753
3220 	 775 	 0.957715 	 0.000840634	0.00175624
3220 	 780 	 0.957724 	 0.000842176	0.00175946
3220 	 785 	 0.957734 	 0.000843711	0.00176267
3220 	 790 	 0.957743 	 0.000845238	0.00176586
3220 	 795 	 0.957753 	 0.000846758	0.00176903
3220 	 800 	 0.957762 	 0.00084827	0.00177219
3220 	 805 	 0.957771 	 0.000849775	0.00177534
3220 	 810 	 0.95778 	 0.000851273	0.00177846
3220 	 815 	 0.957789 	 0.000852763	0.00178158
3220 	 820 	 0.957798 	 0.000854247	0.00178468
3220 	 825 	 0.957807 	 0.000855723	0.00178776
3220 	 830 	 0.957815 	 0.000857192	0.00179083
3220 	 835 	 0.957824 	 0.000858654	0.00179388
3220 	 840 	 0.957832 	 0.000860108	0.00179692
3220 	 845 	 0.957841 	 0.000861556	0.00179995
3220 	 850 	 0.957849 	 0.000862997	0.00180296
3220 	 855 	 0.957857 	 0.000864431	0.00180595
3220 	 860 	 0.957865 	 0.000865858	0.00180894
3220 	 865 	 0.957873 	 0.000867279	0.0018119
3220 	 870 	 0.957881 	 0.000868692	0.00181486
3220 	 875 	 0.957889 	 0.000870099	0.0018178
3220 	 880 	 0.957897 	 0.0008715	0.00182072
3220 	 885 	 0.957905 	 0.000872893	0.00182363
3220 	 890 	 0.957913 	 0.00087428	0.00182653
3220 	 895 	 0.95792 	 0.00087566	0.00182941
3220 	 900 	 0.957928 	 0.000877034	0.00183228
3220 	 905 	 0.957935 	 0.000878402	0.00183514
3220 	 910 	 0.957943 	 0.000879763	0.00183798
3220 	 915 	 0.95795 	 0.000881117	0.00184081
3220 	 920 	 0.957957 	 0.000882466	0.00184363
3220 	 925 	 0.957965 	 0.000883808	0.00184644
3220 	 930 	 0.957972 	 0.000885143	0.00184923
3220 	 935 	 0.957979 	 0.000886473	0.001852
3220 	 940 	 0.957986 	 0.000887796	0.00185477
3220 	 945 	 0.957993 	 0.000889114	0.00185752
3220 	 950 	 0.958 	 0.000890425	0.00186026
3220 	 955 	 0.958006 	 0.00089173	0.00186299
3220 	 960 	 0.958013 	 0.000893029	0.0018657
3220 	 965 	 0.95802 	 0.000894322	0.0018684
3220 	 970 	 0.958026 	 0.000895609	0.00187109
3220 	 975 	 0.958033 	 0.00089689	0.00187377
3220 	 980 	 0.95804 	 0.000898166	0.00187643
3220 	 985 	 0.958046 	 0.000899435	0.00187908
3220 	 990 	 0.958052 	 0.000900699	0.00188172
3220 	 995 	 0.958059 	 0.000901957	0.00188435
3220 	 1000 	 0.958065 	 0.000903209	0.00188697
3220 	 1005 	 0.958071 	 0.000904456	0.00188957
3220 	 1010 	 0.958077 	 0.000905697	0.00189217
3220 	 1015 	 0.958084 	 0.000906933	0.00189475
3220 	 1020 	 0.95809 	 0.000908163	0.00189732
3220 	 1025 	 0.958096 	 0.000909387	0.00189987
3220 	 1030 	 0.958102 	 0.000910606	0.00190242
3220 	 1035 	 0.958108 	 0.000911819	0.00190496
3220 	 1040 	 0.958113 	 0.000913027	0.00190748
3220 	 1045 	 0.958119 	 0.00091423	0.00190999
3220 	 1050 	 0.958125 	 0.000915427	0.00191249
3220 	 1055 	 0.958131 	 0.00091662	0.00191499
3220 	 1060 	 0.958137 	 0.000917806	0.00191746
3220 	 1065 	 0.958142 	 0.000918988	0.00191993
3220 	 1070 	 0.958148 	 0.000920164	0.00192239
3220 	 1075 	 0.958153 	 0.000921335	0.00192484
3220 	 1080 	 0.958159 	 0.000922502	0.00192727
3220 	 1085 	 0.958164 	 0.000923663	0.0019297
3220 	 1090 	 0.95817 	 0.000924818	0.00193211
3220 	 1095 	 0.958175 	 0.000925969	0.00193452
3220 	 1100 	 0.958181 	 0.000927115	0.00193691
3220 	 1105 	 0.958186 	 0.000928256	0.0019393
3220 	 1110 	 0.958191 	 0.000929392	0.00194167
3220 	 1115 	 0.958196 	 0.000930523	0.00194403
3220 	 1120 	 0.958201 	 0.00093165	0.00194639
3220 	 1125 	 0.958207 	 0.000932771	0.00194873
3220 	 1130 	 0.958212 	 0.000933888	0.00195106
3220 	 1135 	 0.958217 	 0.000934999	0.00195338
3220 	 1140 	 0.958222 	 0.000936107	0.0019557
3220 	 1145 	 0.958227 	 0.000937209	0.001958
3220 	 1150 	 0.958232 	 0.000938307	0.00196029
3220 	 1155 	 0.958237 	 0.0009394	0.00196258
3220 	 1160 	 0.958242 	 0.000940488	0.00196485
3220 	 1165 	 0.958246 	 0.000941572	0.00196712
3220 	 1170 	 0.958251 	 0.000942651	0.00196937
3220 	 1175 	 0.958256 	 0.000943726	0.00197162
3220 	 1180 	 0.958261 	 0.000944797	0.00197385
3220 	 1185 	 0.958265 	 0.000945862	0.00197608
3220 	 1190 	 0.95827 	 0.000946924	0.0019783
3220 	 1195 	 0.958275 	 0.000947981	0.0019805
3220 	 1200 	 0.958279 	 0.000949033	0.0019827
3220 	 1205 	 0.958284 	 0.000950082	0.00198489
3220 	 1210 	 0.958288 	 0.000951125	0.00198707
3220 	 1215 	 0.958293 	 0.000952165	0.00198925
3220 	 1220 	 0.958297 	 0.0009532	0.00199141
3220 	 1225 	 0.958302 	 0.000954232	0.00199356
3220 	 1230 	 0.958306 	 0.000955258	0.00199571
3220 	 1235 	 0.958311 	 0.000956281	0.00199785
3220 	 1240 	 0.958315 	 0.0009573	0.00199997
3220 	 1245 	 0.958319 	 0.000958314	0.00200209
3220 	 1250 	 0.958324 	 0.000959324	0.0020042
3220 	 1255 	 0.958328 	 0.00096033	0.00200631
3220 	 1260 	 0.958332 	 0.000961333	0.0020084
3220 	 1265 	 0.958336 	 0.000962331	0.00201048
3220 	 1270 	 0.958341 	 0.000963325	0.00201256
3220 	 1275 	 0.958345 	 0.000964315	0.00201463
3220 	 1280 	 0.958349 	 0.000965301	0.00201669
3220 	 1285 	 0.958353 	 0.000966283	0.00201874
3220 	 1290 	 0.958357 	 0.000967262	0.00202079
3220 	 1295 	 0.958361 	 0.000968236	0.00202282
3220 	 1300 	 0.958365 	 0.000969207	0.00202485
3220 	 1305 	 0.958369 	 0.000970173	0.00202687
3220 	 1310 	 0.958373 	 0.000971136	0.00202888
3220 	 1315 	 0.958377 	 0.000972096	0.00203088
3220 	 1320 	 0.958381 	 0.000973051	0.00203288
3220 	 1325 	 0.958385 	 0.000974003	0.00203487
3220 	 1330 	 0.958389 	 0.000974951	0.00203685
3220 	 1335 	 0.958392 	 0.000975895	0.00203882
3220 	 1340 	 0.958396 	 0.000976835	0.00204079
3220 	 1345 	 0.9584 	 0.000977772	0.00204274
3220 	 1350 	 0.958404 	 0.000978706	0.00204469
3220 	 1355 	 0.958408 	 0.000979635	0.00204664
3220 	 1360 	 0.958411 	 0.000980561	0.00204857
3220 	 1365 	 0.958415 	 0.000981484	0.0020505
3220 	 1370 	 0.958419 	 0.000982403	0.00205242
3220 	 1375 	 0.958422 	 0.000983318	0.00205433
3220 	 1380 	 0.958426 	 0.000984231	0.00205624
3220 	 1385 	 0.95843 	 0.000985139	0.00205813
3220 	 1390 	 0.958433 	 0.000986044	0.00206003
3220 	 1395 	 0.958437 	 0.000986946	0.00206191
3220 	 1400 	 0.95844 	 0.000987844	0.00206379
3220 	 1405 	 0.958444 	 0.000988739	0.00206566
3220 	 1410 	 0.958447 	 0.00098963	0.00206752
3220 	 1415 	 0.958451 	 0.000990519	0.00206937
3220 	 1420 	 0.958454 	 0.000991403	0.00207122
3220 	 1425 	 0.958458 	 0.000992285	0.00207306
3220 	 1430 	 0.958461 	 0.000993163	0.0020749
3220 	 1435 	 0.958464 	 0.000994038	0.00207673
3220 	 1440 	 0.958468 	 0.00099491	0.00207855
3220 	 1445 	 0.958471 	 0.000995778	0.00208036
3220 	 1450 	 0.958474 	 0.000996643	0.00208217
3220 	 1455 	 0.958478 	 0.000997505	0.00208397
3220 	 1460 	 0.958481 	 0.000998364	0.00208577
3220 	 1465 	 0.958484 	 0.00099922	0.00208755
3220 	 1470 	 0.958488 	 0.00100007	0.00208933
3220 	 1475 	 0.958491 	 0.00100092	0.00209111
3220 	 1480 	 0.958494 	 0.00100177	0.00209288
3220 	 1485 	 0.958497 	 0.00100261	0.00209464
3220 	 1490 	 0.9585 	 0.00100345	0.00209639
3220 	 1495 	 0.958504 	 0.00100429	0.00209814
3220 	 1500 	 0.958507 	 0.00100512	0.00209989
3220 	 1505 	 0.95851 	 0.00100595	0.00210162
3220 	 1510 	 0.958513 	 0.00100678	0.00210335
3220 	 1515 	 0.958516 	 0.00100761	0.00210508
3220 	 1520 	 0.958519 	 0.00100843	0.00210679
3220 	 1525 	 0.958522 	 0.00100925	0.00210851
3220 	 1530 	 0.958525 	 0.00101007	0.00211021
3220 	 1535 	 0.958528 	 0.00101088	0.00211191
3220 	 1540 	 0.958531 	 0.00101169	0.0021136
3220 	 1545 	 0.958534 	 0.0010125	0.00211529
3220 	 1550 	 0.958537 	 0.0010133	0.00211697
3220 	 1555 	 0.95854 	 0.0010141	0.00211865
3220 	 1560 	 0.958543 	 0.0010149	0.00212032
3220 	 1565 	 0.958546 	 0.0010157	0.00212198
3220 	 1570 	 0.958549 	 0.00101649	0.00212364
3220 	 1575 	 0.958552 	 0.00101728	0.00212529
3220 	 1580 	 0.958555 	 0.00101807	0.00212694
3220 	 1585 	 0.958558 	 0.00101886	0.00212858
3220 	 1590 	 0.95856 	 0.00101964	0.00213021
3220 	 1595 	 0.958563 	 0.00102042	0.00213184
3220 	 1600 	 0.958566 	 0.0010212	0.00213347
3220 	 1605 	 0.958569 	 0.00102197	0.00213509
3220 	 1610 	 0.958572 	 0.00102274	0.0021367
3220 	 1615 	 0.958575 	 0.00102351	0.00213831
3220 	 1620 	 0.958577 	 0.00102428	0.00213991
3220 	 1625 	 0.95858 	 0.00102504	0.0021415
3220 	 1630 	 0.958583 	 0.0010258	0.00214309
3220 	 1635 	 0.958585 	 0.00102656	0.00214468
3220 	 1640 	 0.958588 	 0.00102732	0.00214626
3220 	 1645 	 0.958591 	 0.00102807	0.00214783
3220 	 1650 	 0.958594 	 0.00102882	0.0021494
3220 	 1655 	 0.958596 	 0.00102957	0.00215096
3220 	 1660 	 0.958599 	 0.00103032	0.00215252
3220 	 1665 	 0.958601 	 0.00103106	0.00215408
3220 	 1670 	 0.958604 	 0.0010318	0.00215562
3220 	 1675 	 0.958607 	 0.00103254	0.00215717
3220 	 1680 	 0.958609 	 0.00103328	0.0021587
3220 	 1685 	 0.958612 	 0.00103401	0.00216024
3220 	 1690 	 0.958614 	 0.00103474	0.00216176
3220 	 1695 	 0.958617 	 0.00103547	0.00216329
3220 	 1700 	 0.95862 	 0.0010362	0.0021648
3220 	 1705 	 0.958622 	 0.00103692	0.00216632
3220 	 1710 	 0.958625 	 0.00103764	0.00216782
3220 	 1715 	 0.958627 	 0.00103836	0.00216933
3220 	 1720 	 0.95863 	 0.00103908	0.00217082
3220 	 1725 	 0.958632 	 0.00103979	0.00217232
3220 	 1730 	 0.958635 	 0.0010405	0.0021738
3220 	 1735 	 0.958637 	 0.00104121	0.00217529
3220 	 1740 	 0.958639 	 0.00104192	0.00217676
3220 	 1745 	 0.958642 	 0.00104263	0.00217824
3220 	 1750 	 0.958644 	 0.00104333	0.00217971
3220 	 1755 	 0.958647 	 0.00104403	0.00218117
3220 	 1760 	 0.958649 	 0.00104473	0.00218263
3220 	 1765 	 0.958652 	 0.00104542	0.00218408
3220 	 1770 	 0.958654 	 0.00104612	0.00218553
3220 	 1775 	 0.958656 	 0.00104681	0.00218698
3220 	 1780 	 0.958659 	 0.0010475	0.00218842
3220 	 1785 	 0.958661 	 0.00104819	0.00218985
3220 	 1790 	 0.958663 	 0.00104887	0.00219128
3220 	 1795 	 0.958666 	 0.00104955	0.00219271
3220 	 1800 	 0.958668 	 0.00105023	0.00219413
3220 	 1805 	 0.95867 	 0.00105091	0.00219555
3220 	 1810 	 0.958672 	 0.00105159	0.00219696
3220 	 1815 	 0.958675 	 0.00105226	0.00219837
3220 	 1820 	 0.958677 	 0.00105294	0.00219977
3220 	 1825 	 0.958679 	 0.00105361	0.00220117
3220 	 1830 	 0.958682 	 0.00105427	0.00220257
3220 	 1835 	 0.958684 	 0.00105494	0.00220396
3220 	 1840 	 0.958686 	 0.0010556	0.00220535
3220 	 1845 	 0.958688 	 0.00105626	0.00220673
3220 	 1850 	 0.95869 	 0.00105692	0.00220811
3220 	 1855 	 0.958693 	 0.00105758	0.00220948
3220 	 1860 	 0.958695 	 0.00105824	0.00221085
3220 	 1865 	 0.958697 	 0.00105889	0.00221221
3220 	 1870 	 0.958699 	 0.00105954	0.00221357
3220 	 1875 	 0.958701 	 0.00106019	0.00221493
3220 	 1880 	 0.958703 	 0.00106084	0.00221628
3220 	 1885 	 0.958706 	 0.00106148	0.00221763
3220 	 1890 	 0.958708 	 0.00106213	0.00221898
3220 	 1895 	 0.95871 	 0.00106277	0.00222032
3220 	 1900 	 0.958712 	 0.00106341	0.00222165
3220 	 1905 	 0.958714 	 0.00106405	0.00222298
3220 	 1910 	 0.958716 	 0.00106468	0.00222431
3220 	 1915 	 0.958718 	 0.00106531	0.00222564
3220 	 1920 	 0.95872 	 0.00106595	0.00222696
3220 	 1925 	 0.958722 	 0.00106658	0.00222827
3220 	 1930 	 0.958724 	 0.0010672	0.00222958
3220 	 1935 	 0.958726 	 0.00106783	0.00223089
3220 	 1940 	 0.958728 	 0.00106845	0.0022322
3220 	 1945 	 0.95873 	 0.00106908	0.0022335
3220 	 1950 	 0.958732 	 0.0010697	0.00223479
3220 	 1955 	 0.958734 	 0.00107032	0.00223608
3220 	 1960 	 0.958736 	 0.00107093	0.00223737
3220 	 1965 	 0.958738 	 0.00107155	0.00223866
3220 	 1970 	 0.95874 	 0.00107216	0.00223994
3220 	 1975 	 0.958742 	 0.00107277	0.00224121
3220 	 1980 	 0.958744 	 0.00107338	0.00224249
3220 	 1985 	 0.958746 	 0.00107399	0.00224376
3220 	 1990 	 0.958748 	 0.00107459	0.00224502
3220 	 1995 	 0.95875 	 0.0010752	0.00224628
3220 	 2000 	 0.958752 	 0.0010758	0.00224754
3220 	 2005 	 0.958754 	 0.0010764	0.0022488
3220 	 2010 	 0.958756 	 0.001077	0.00225005
3220 	 2015 	 0.958758 	 0.0010776	0.0022513
3220 	 2020 	 0.95876 	 0.00107819	0.00225254
3220 	 2025 	 0.958762 	 0.00107879	0.00225378
3220 	 2030 	 0.958764 	 0.00107938	0.00225502
3220 	 2035 	 0.958765 	 0.00107997	0.00225625
3220 	 2040 	 0.958767 	 0.00108056	0.00225748
3220 	 2045 	 0.958769 	 0.00108114	0.0022587
3220 	 2050 	 0.958771 	 0.00108173	0.00225993
3220 	 2055 	 0.958773 	 0.00108231	0.00226114
3220 	 2060 	 0.958775 	 0.00108289	0.00226236
3220 	 2065 	 0.958776 	 0.00108347	0.00226357
3220 	 2070 	 0.958778 	 0.00108405	0.00226478
3220 	 2075 	 0.95878 	 0.00108463	0.00226598
3220 	 2080 	 0.958782 	 0.0010852	0.00226719
3220 	 2085 	 0.958784 	 0.00108578	0.00226838
3220 	 2090 	 0.958785 	 0.00108635	0.00226958
3220 	 2095 	 0.958787 	 0.00108692	0.00227077
3220 	 2100 	 0.958789 	 0.00108749	0.00227196
3220 	 2105 	 0.958791 	 0.00108805	0.00227314
3220 	 2110 	 0.958793 	 0.00108862	0.00227432
3220 	 2115 	 0.958794 	 0.00108918	0.0022755
3220 	 2120 	 0.958796 	 0.00108974	0.00227668
3220 	 2125 	 0.958798 	 0.00109031	0.00227785
3220 	 2130 	 0.9588 	 0.00109086	0.00227901
3220 	 2135 	 0.958801 	 0.00109142	0.00228018
3220 	 2140 	 0.958803 	 0.00109198	0.00228134
3220 	 2145 	 0.958805 	 0.00109253	0.0022825
3220 	 2150 	 0.958806 	 0.00109308	0.00228365
3220 	 2155 	 0.958808 	 0.00109364	0.00228481
3220 	 2160 	 0.95881 	 0.00109419	0.00228595
3220 	 2165 	 0.958812 	 0.00109473	0.0022871
3220 	 2170 	 0.958813 	 0.00109528	0.00228824
3220 	 2175 	 0.958815 	 0.00109583	0.00228938
3220 	 2180 	 0.958817 	 0.00109637	0.00229052
3220 	 2185 	 0.958818 	 0.00109691	0.00229165
3220 	 2190 	 0.95882 	 0.00109745	0.00229278
3220 	 2195 	 0.958822 	 0.00109799	0.00229391
3220 	 2200 	 0.958823 	 0.00109853	0.00229503
3220 	 2205 	 0.958825 	 0.00109907	0.00229615
3220 	 2210 	 0.958826 	 0.0010996	0.00229727
3220 	 2215 	 0.958828 	 0.00110013	0.00229838
3220 	 2220 	 0.95883 	 0.00110067	0.00229949
3220 	 2225 	 0.958831 	 0.0011012	0.0023006
3220 	 2230 	 0.958833 	 0.00110173	0.00230171
3220 	 2235 	 0.958834 	 0.00110225	0.00230281
3220 	 2240 	 0.958836 	 0.00110278	0.00230391
3220 	 2245 	 0.958838 	 0.00110331	0.00230501
3220 	 2250 	 0.958839 	 0.00110383	0.0023061
3220 	 2255 	 0.958841 	 0.00110435	0.00230719
3220 	 2260 	 0.958842 	 0.00110487	0.00230828
3220 	 2265 	 0.958844 	 0.00110539	0.00230936
3220 	 2270 	 0.958845 	 0.00110591	0.00231045
3220 	 2275 	 0.958847 	 0.00110643	0.00231153
3220 	 2280 	 0.958849 	 0.00110694	0.0023126
3220 	 2285 	 0.95885 	 0.00110745	0.00231368
3220 	 2290 	 0.958852 	 0.00110797	0.00231475
3220 	 2295 	 0.958853 	 0.00110848	0.00231581
3220 	 2300 	 0.958855 	 0.00110899	0.00231688
3220 	 2305 	 0.958856 	 0.0011095	0.00231794
3220 	 2310 	 0.958858 	 0.00111	0.002319
3220 	 2315 	 0.958859 	 0.00111051	0.00232006
3220 	 2320 	 0.958861 	 0.00111101	0.00232111
3220 	 2325 	 0.958862 	 0.00111152	0.00232216
3220 	 2330 	 0.958864 	 0.00111202	0.00232321
3220 	 2335 	 0.958865 	 0.00111252	0.00232426
3220 	 2340 	 0.958867 	 0.00111302	0.0023253
3220 	 2345 	 0.958868 	 0.00111352	0.00232634
3220 	 2350 	 0.95887 	 0.00111401	0.00232738
3220 	 2355 	 0.958871 	 0.00111451	0.00232841
3220 	 2360 	 0.958873 	 0.001115	0.00232944
3220 	 2365 	 0.958874 	 0.0011155	0.00233047
3220 	 2370 	 0.958875 	 0.00111599	0.0023315
3220 	 2375 	 0.958877 	 0.00111648	0.00233253
3220 	 2380 	 0.958878 	 0.00111697	0.00233355
3220 	 2385 	 0.95888 	 0.00111745	0.00233457
3220 	 2390 	 0.958881 	 0.00111794	0.00233558
3220 	 2395 	 0.958883 	 0.00111843	0.0023366
3220 	 2400 	 0.958884 	 0.00111891	0.00233761
3220 	 2405 	 0.958885 	 0.00111939	0.00233862
3220 	 2410 	 0.958887 	 0.00111988	0.00233962
3220 	 2415 	 0.958888 	 0.00112036	0.00234063
3220 	 2420 	 0.95889 	 0.00112083	0.00234163
3220 	 2425 	 0.958891 	 0.00112131	0.00234263
3220 	 2430 	 0.958892 	 0.00112179	0.00234362
3220 	 2435 	 0.958894 	 0.00112227	0.00234462
3220 	 2440 	 0.958895 	 0.00112274	0.00234561
3220 	 2445 	 0.958897 	 0.00112321	0.0023466
3220 	 2450 	 0.958898 	 0.00112368	0.00234758
3220 	 2455 	 0.958899 	 0.00112416	0.00234857
3220 	 2460 	 0.958901 	 0.00112463	0.00234955
3220 	 2465 	 0.958902 	 0.00112509	0.00235053
3220 	 2470 	 0.958903 	 0.00112556	0.0023515
3220 	 2475 	 0.958905 	 0.00112603	0.00235248
3220 	 2480 	 0.958906 	 0.00112649	0.00235345
3220 	 2485 	 0.958907 	 0.00112696	0.00235442
3220 	 2490 	 0.958909 	 0.00112742	0.00235538
3220 	 2495 	 0.95891 	 0.00112788	0.00235635
3220 	 2500 	 0.958911 	 0.00112834	0.00235731
3220 	 2505 	 0.958913 	 0.0011288	0.00235827
3220 	 2510 	 0.958914 	 0.00112926	0.00235923
3220 	 2515 	 0.958915 	 0.00112972	0.00236018
3220 	 2520 	 0.958917 	 0.00113017	0.00236114
3220 	 2525 	 0.958918 	 0.00113063	0.00236209
3220 	 2530 	 0.958919 	 0.00113108	0.00236303
3220 	 2535 	 0.958921 	 0.00113153	0.00236398
3220 	 2540 	 0.958922 	 0.00113199	0.00236492
3220 	 2545 	 0.958923 	 0.00113244	0.00236586
3220 	 2550 	 0.958924 	 0.00113288	0.0023668
3220 	 2555 	 0.958926 	 0.00113333	0.00236774
3220 	 2560 	 0.958927 	 0.00113378	0.00236867
3220 	 2565 	 0.958928 	 0.00113423	0.00236961
3220 	 2570 	 0.958929 	 0.00113467	0.00237054
3220 	 2575 	 0.958931 	 0.00113512	0.00237146
3220 	 2580 	 0.958932 	 0.00113556	0.00237239
3220 	 2585 	 0.958933 	 0.001136	0.00237331
3220 	 2590 	 0.958934 	 0.00113644	0.00237423
3220 	 2595 	 0.958936 	 0.00113688	0.00237515
3220 	 2600 	 0.958937 	 0.00113732	0.00237607
3220 	 2605 	 0.958938 	 0.00113776	0.00237698
3220 	 2610 	 0.958939 	 0.00113819	0.0023779
3220 	 2615 	 0.958941 	 0.00113863	0.00237881
3220 	 2620 	 0.958942 	 0.00113906	0.00237971
3220 	 2625 	 0.958943 	 0.0011395	0.00238062
3220 	 2630 	 0.958944 	 0.00113993	0.00238152
3220 	 2635 	 0.958945 	 0.00114036	0.00238242
3220 	 2640 	 0.958947 	 0.00114079	0.00238332
3220 	 2645 	 0.958948 	 0.00114122	0.00238422
3220 	 2650 	 0.958949 	 0.00114165	0.00238512
3220 	 2655 	 0.95895 	 0.00114208	0.00238601
3220 	 2660 	 0.958951 	 0.0011425	0.0023869
3220 	 2665 	 0.958953 	 0.00114293	0.00238779
3220 	 2670 	 0.958954 	 0.00114335	0.00238868
3220 	 2675 	 0.958955 	 0.00114378	0.00238956
3220 	 2680 	 0.958956 	 0.0011442	0.00239044
3220 	 2685 	 0.958957 	 0.00114462	0.00239132
3220 	 2690 	 0.958959 	 0.00114504	0.0023922
3220 	 2695 	 0.95896 	 0.00114546	0.00239308
3220 	 2700 	 0.958961 	 0.00114588	0.00239396
3220 	 2705 	 0.958962 	 0.0011463	0.00239483
3220 	 2710 	 0.958963 	 0.00114672	0.0023957
3220 	 2715 	 0.958964 	 0.00114713	0.00239657
3220 	 2720 	 0.958965 	 0.00114755	0.00239743
3220 	 2725 	 0.958967 	 0.00114796	0.0023983
3220 	 2730 	 0.958968 	 0.00114837	0.00239916
3220 	 2735 	 0.958969 	 0.00114879	0.00240002
3220 	 2740 	 0.95897 	 0.0011492	0.00240088
3220 	 2745 	 0.958971 	 0.00114961	0.00240174
3220 	 2750 	 0.958972 	 0.00115002	0.00240259
3220 	 2755 	 0.958973 	 0.00115042	0.00240345
3220 	 2760 	 0.958975 	 0.00115083	0.0024043
3220 	 2765 	 0.958976 	 0.00115124	0.00240515
3220 	 2770 	 0.958977 	 0.00115164	0.00240599
3220 	 2775 	 0.958978 	 0.00115205	0.00240684
3220 	 2780 	 0.958979 	 0.00115245	0.00240768
3220 	 2785 	 0.95898 	 0.00115285	0.00240852
3220 	 2790 	 0.958981 	 0.00115326	0.00240936
3220 	 2795 	 0.958982 	 0.00115366	0.0024102
3220 	 2800 	 0.958983 	 0.00115406	0.00241104
3220 	 2805 	 0.958984 	 0.00115446	0.00241187
3220 	 2810 	 0.958986 	 0.00115485	0.0024127
3220 	 2815 	 0.958987 	 0.00115525	0.00241353
3220 	 2820 	 0.958988 	 0.00115565	0.00241436
3220 	 2825 	 0.958989 	 0.00115604	0.00241519
3220 	 2830 	 0.95899 	 0.00115644	0.00241601
3220 	 2835 	 0.958991 	 0.00115683	0.00241683
3220 	 2840 	 0.958992 	 0.00115723	0.00241766
3220 	 2845 	 0.958993 	 0.00115762	0.00241847
3220 	 2850 	 0.958994 	 0.00115801	0.00241929
3220 	 2855 	 0.958995 	 0.0011584	0.00242011
3220 	 2860 	 0.958996 	 0.00115879	0.00242092
3220 	 2865 	 0.958997 	 0.00115918	0.00242173
3220 	 2870 	 0.958998 	 0.00115957	0.00242254
3220 	 2875 	 0.958999 	 0.00115995	0.00242335
3220 	 2880 	 0.959 	 0.00116034	0.00242416
3220 	 2885 	 0.959001 	 0.00116072	0.00242496
3220 	 2890 	 0.959002 	 0.00116111	0.00242577
3220 	 2895 	 0.959003 	 0.00116149	0.00242657
3220 	 2900 	 0.959005 	 0.00116188	0.00242737
3220 	 2905 	 0.959006 	 0.00116226	0.00242817
3220 	 2910 	 0.959007 	 0.00116264	0.00242896
3220 	 2915 	 0.959008 	 0.00116302	0.00242976
3220 	 2920 	 0.959009 	 0.0011634	0.00243055
3220 	 2925 	 0.95901 	 0.00116378	0.00243134
3220 	 2930 	 0.959011 	 0.00116415	0.00243213
3220 	 2935 	 0.959012 	 0.00116453	0.00243292
3220 	 2940 	 0.959013 	 0.00116491	0.00243371
3220 	 2945 	 0.959014 	 0.00116528	0.00243449
3220 	 2950 	 0.959015 	 0.00116566	0.00243527
3220 	 2955 	 0.959016 	 0.00116603	0.00243605
3220 	 2960 	 0.959017 	 0.00116641	0.00243683
3220 	 2965 	 0.959018 	 0.00116678	0.00243761
3220 	 2970 	 0.959019 	 0.00116715	0.00243839
3220 	 2975 	 0.95902 	 0.00116752	0.00243916
3220 	 2980 	 0.959021 	 0.00116789	0.00243993
3220 	 2985 	 0.959022 	 0.00116826	0.00244071
3220 	 2990 	 0.959023 	 0.00116863	0.00244147
3220 	 2995 	 0.959024 	 0.00116899	0.00244224
3220 	 3000 	 0.959024 	 0.00116936	0.00244301
3220 	 3005 	 0.959025 	 0.00116973	0.00244377
3220 	 3010 	 0.959026 	 0.00117009	0.00244454
3220 	 3015 	 0.959027 	 0.00117046	0.0024453
3220 	 3020 	 0.959028 	 0.00117082	0.00244606
3220 	 3025 	 0.959029 	 0.00117118	0.00244682
3220 	 3030 	 0.95903 	 0.00117155	0.00244757
3220 	 3035 	 0.959031 	 0.00117191	0.00244833
3220 	 3040 	 0.959032 	 0.00117227	0.00244908
3220 	 3045 	 0.959033 	 0.00117263	0.00244983
3220 	 3050 	 0.959034 	 0.00117299	0.00245058
3220 	 3055 	 0.959035 	 0.00117335	0.00245133
3220 	 3060 	 0.959036 	 0.0011737	0.00245208
3220 	 3065 	 0.959037 	 0.00117406	0.00245283
3220 	 3070 	 0.959038 	 0.00117442	0.00245357
3220 	 3075 	 0.959039 	 0.00117477	0.00245431
3220 	 3080 	 0.95904 	 0.00117513	0.00245505
3220 	 3085 	 0.959041 	 0.00117548	0.00245579
3220 	 3090 	 0.959042 	 0.00117583	0.00245653
3220 	 3095 	 0.959042 	 0.00117619	0.00245727
3220 	 3100 	 0.959043 	 0.00117654	0.002458
3220 	 3105 	 0.959044 	 0.00117689	0.00245874
3220 	 3110 	 0.959045 	 0.00117724	0.00245947
3220 	 3115 	 0.959046 	 0.00117759	0.0024602
3220 	 3120 	 0.959047 	 0.00117794	0.00246093
3220 	 3125 	 0.959048 	 0.00117829	0.00246166
3220 	 3130 	 0.959049 	 0.00117863	0.00246238
3220 	 3135 	 0.95905 	 0.00117898	0.00246311
3220 	 3140 	 0.959051 	 0.00117933	0.00246383
3220 	 3145 	 0.959052 	 0.00117967	0.00246455
3220 	 3150 	 0.959052 	 0.00118002	0.00246527
3220 	 3155 	 0.959053 	 0.00118036	0.00246599
3220 	 3160 	 0.959054 	 0.0011807	0.00246671
3220 	 3165 	 0.959055 	 0.00118105	0.00246742
3220 	 3170 	 0.959056 	 0.00118139	0.00246814
3220 	 3175 	 0.959057 	 0.00118173	0.00246885
3220 	 3180 	 0.959058 	 0.00118207	0.00246956
3220 	 3185 	 0.959059 	 0.00118241	0.00247027
3220 	 3190 	 0.959059 	 0.00118275	0.00247098
3220 	 3195 	 0.95906 	 0.00118309	0.00247169
3220 	 3200 	 0.959061 	 0.00118343	0.00247239
3220 	 3205 	 0.959062 	 0.00118376	0.0024731
3220 	 3210 	 0.959063 	 0.0011841	0.0024738
3220 	 3215 	 0.959064 	 0.00118444	0.0024745
3220 	 3220 	 0.959065 	 0.00118477	0.0024752
3220 	 3225 	 0.959066 	 0.00118511	0.0024759
3220 	 3230 	 0.959066 	 0.00118544	0.0024766
3220 	 3235 	 0.959067 	 0.00118577	0.0024773
3220 	 3240 	 0.959068 	 0.00118611	0.00247799
3220 	 3245 	 0.959069 	 0.00118644	0.00247868
3220 	 3250 	 0.95907 	 0.00118677	0.00247938
3220 	 3255 	 0.959071 	 0.0011871	0.00248007
3220 	 3260 	 0.959072 	 0.00118743	0.00248076
3220 	 3265 	 0.959072 	 0.00118776	0.00248144
3220 	 3270 	 0.959073 	 0.00118809	0.00248213
3220 	 3275 	 0.959074 	 0.00118842	0.00248282
3220 	 3280 	 0.959075 	 0.00118874	0.0024835
3220 	 3285 	 0.959076 	 0.00118907	0.00248418
3220 	 3290 	 0.959077 	 0.0011894	0.00248486
3220 	 3295 	 0.959077 	 0.00118972	0.00248554
3220 	 3300 	 0.959078 	 0.00119005	0.00248622
3220 	 3305 	 0.959079 	 0.00119037	0.0024869
3220 	 3310 	 0.95908 	 0.00119069	0.00248758
3220 	 3315 	 0.959081 	 0.00119102	0.00248825
3220 	 3320 	 0.959081 	 0.00119134	0.00248892
3220 	 3325 	 0.959082 	 0.00119166	0.0024896
3220 	 3330 	 0.959083 	 0.00119198	0.00249027
3220 	 3335 	 0.959084 	 0.0011923	0.00249094
3220 	 3340 	 0.959085 	 0.00119262	0.0024916
3220 	 3345 	 0.959086 	 0.00119294	0.00249227
3220 	 3350 	 0.959086 	 0.00119326	0.00249294
3220 	 3355 	 0.959087 	 0.00119358	0.0024936
3220 	 3360 	 0.959088 	 0.0011939	0.00249426
3220 	 3365 	 0.959089 	 0.00119421	0.00249493
3220 	 3370 	 0.95909 	 0.00119453	0.00249559
3220 	 3375 	 0.95909 	 0.00119484	0.00249625
3220 	 3380 	 0.959091 	 0.00119516	0.0024969
3220 	 3385 	 0.959092 	 0.00119547	0.00249756
3220 	 3390 	 0.959093 	 0.00119579	0.00249822
3220 	 3395 	 0.959094 	 0.0011961	0.00249887
3220 	 3400 	 0.959094 	 0.00119641	0.00249952
3220 	 3405 	 0.959095 	 0.00119672	0.00250018
3220 	 3410 	 0.959096 	 0.00119704	0.00250083
3220 	 3415 	 0.959097 	 0.00119735	0.00250148
3220 	 3420 	 0.959097 	 0.00119766	0.00250212
3220 	 3425 	 0.959098 	 0.00119797	0.00250277
3220 	 3430 	 0.959099 	 0.00119828	0.00250342
3220 	 3435 	 0.9591 	 0.00119858	0.00250406
3220 	 3440 	 0.959101 	 0.00119889	0.0025047
3220 	 3445 	 0.959101 	 0.0011992	0.00250535
3220 	 3450 	 0.959102 	 0.00119951	0.00250599
3220 	 3455 	 0.959103 	 0.00119981	0.00250663
3220 	 3460 	 0.959104 	 0.00120012	0.00250727
3220 	 3465 	 0.959104 	 0.00120042	0.0025079
3220 	 3470 	 0.959105 	 0.00120073	0.00250854
3220 	 3475 	 0.959106 	 0.00120103	0.00250917
3220 	 3480 	 0.959107 	 0.00120133	0.00250981
3220 	 3485 	 0.959107 	 0.00120164	0.00251044
3220 	 3490 	 0.959108 	 0.00120194	0.00251107
3220 	 3495 	 0.959109 	 0.00120224	0.0025117
3220 	 3500 	 0.95911 	 0.00120254	0.00251233
3220 	 3505 	 0.95911 	 0.00120284	0.00251296
3220 	 3510 	 0.959111 	 0.00120314	0.00251359
3220 	 3515 	 0.959112 	 0.00120344	0.00251421
3220 	 3520 	 0.959113 	 0.00120374	0.00251484
3220 	 3525 	 0.959113 	 0.00120404	0.00251546
3220 	 3530 	 0.959114 	 0.00120434	0.00251608
3220 	 3535 	 0.959115 	 0.00120464	0.0025167
3220 	 3540 	 0.959116 	 0.00120493	0.00251732
3220 	 3545 	 0.959116 	 0.00120523	0.00251794
3220 	 3550 	 0.959117 	 0.00120552	0.00251856
3220 	 3555 	 0.959118 	 0.00120582	0.00251918
3220 	 3560 	 0.959119 	 0.00120611	0.00251979
3220 	 3565 	 0.959119 	 0.00120641	0.0025204
3220 	 3570 	 0.95912 	 0.0012067	0.00252102
3220 	 3575 	 0.959121 	 0.00120699	0.00252163
3220 	 3580 	 0.959121 	 0.00120729	0.00252224
3220 	 3585 	 0.959122 	 0.00120758	0.00252285
3220 	 3590 	 0.959123 	 0.00120787	0.00252346
3220 	 3595 	 0.959124 	 0.00120816	0.00252407
3220 	 3600 	 0.959124 	 0.00120845	0.00252467
3220 	 3605 	 0.959125 	 0.00120874	0.00252528
3220 	 3610 	 0.959126 	 0.00120903	0.00252588
3220 	 3615 	 0.959126 	 0.00120932	0.00252649
3220 	 3620 	 0.959127 	 0.00120961	0.00252709
3220 	 3625 	 0.959128 	 0.00120989	0.00252769
3220 	 3630 	 0.959129 	 0.00121018	0.00252829
3220 	 3635 	 0.959129 	 0.00121047	0.00252889
3220 	 3640 	 0.95913 	 0.00121075	0.00252949
3220 	 3645 	 0.959131 	 0.00121104	0.00253008
3220 	 3650 	 0.959131 	 0.00121133	0.00253068
3220 	 3655 	 0.959132 	 0.00121161	0.00253127
3220 	 3660 	 0.959133 	 0.00121189	0.00253187
3220 	 3665 	 0.959133 	 0.00121218	0.00253246
3220 	 3670 	 0.959134 	 0.00121246	0.00253305
3220 	 3675 	 0.959135 	 0.00121274	0.00253364
3220 	 3680 	 0.959135 	 0.00121303	0.00253423
3220 	 3685 	 0.959136 	 0.00121331	0.00253482
3220 	 3690 	 0.959137 	 0.00121359	0.00253541
3220 	 3695 	 0.959138 	 0.00121387	0.00253599
3220 	 3700 	 0.959138 	 0.00121415	0.00253658
3220 	 3705 	 0.959139 	 0.00121443	0.00253716
3220 	 3710 	 0.95914 	 0.00121471	0.00253775
3220 	 3715 	 0.95914 	 0.00121499	0.00253833
3220 	 3720 	 0.959141 	 0.00121527	0.00253891
3220 	 3725 	 0.959142 	 0.00121554	0.00253949
3220 	 3730 	 0.959142 	 0.00121582	0.00254007
3220 	 3735 	 0.959143 	 0.0012161	0.00254065
3220 	 3740 	 0.959144 	 0.00121637	0.00254123
3220 	 3745 	 0.959144 	 0.00121665	0.0025418
3220 	 3750 	 0.959145 	 0.00121692	0.00254238
3220 	 3755 	 0.959146 	 0.0012172	0.00254295
3220 	 3760 	 0.959146 	 0.00121747	0.00254353
3220 	 3765 	 0.959147 	 0.00121775	0.0025441
3220 	 3770 	 0.959148 	 0.00121802	0.00254467
3220 	 3775 	 0.959148 	 0.00121829	0.00254524
3220 	 3780 	 0.959149 	 0.00121857	0.00254581
3220 	 3785 	 0.95915 	 0.00121884	0.00254638
3220 	 3790 	 0.95915 	 0.00121911	0.00254694
3220 	 3795 	 0.959151 	 0.00121938	0.00254751
3220 	 3800 	 0.959152 	 0.00121965	0.00254808
3220 	 3805 	 0.959152 	 0.00121992	0.00254864
3220 	 3810 	 0.959153 	 0.00122019	0.0025492
3220 	 3815 	 0.959153 	 0.00122046	0.00254977
3220 	 3820 	 0.959154 	 0.00122073	0.00255033
3220 	 3825 	 0.959155 	 0.001221	0.00255089
3220 	 3830 	 0.959155 	 0.00122127	0.00255145
3220 	 3835 	 0.959156 	 0.00122153	0.00255201
3220 	 3840 	 0.959157 	 0.0012218	0.00255256
3220 	 3845 	 0.959157 	 0.00122207	0.00255312
3220 	 3850 	 0.959158 	 0.00122233	0.00255368
3220 	 3855 	 0.959159 	 0.0012226	0.00255423
3220 	 3860 	 0.959159 	 0.00122286	0.00255478
3220 	 3865 	 0.95916 	 0.00122313	0.00255534
3220 	 3870 	 0.959161 	 0.00122339	0.00255589
3220 	 3875 	 0.959161 	 0.00122366	0.00255644
3220 	 3880 	 0.959162 	 0.00122392	0.00255699
3220 	 3885 	 0.959162 	 0.00122418	0.00255754
3220 	 3890 	 0.959163 	 0.00122444	0.00255809
3220 	 3895 	 0.959164 	 0.00122471	0.00255864
3220 	 3900 	 0.959164 	 0.00122497	0.00255918
3220 	 3905 	 0.959165 	 0.00122523	0.00255973
3220 	 3910 	 0.959166 	 0.00122549	0.00256027
3220 	 3915 	 0.959166 	 0.00122575	0.00256082
3220 	 3920 	 0.959167 	 0.00122601	0.00256136
3220 	 3925 	 0.959167 	 0.00122627	0.0025619
3220 	 3930 	 0.959168 	 0.00122653	0.00256244
3220 	 3935 	 0.959169 	 0.00122679	0.00256298
3220 	 3940 	 0.959169 	 0.00122705	0.00256352
3220 	 3945 	 0.95917 	 0.0012273	0.00256406
3220 	 3950 	 0.95917 	 0.00122756	0.0025646
3220 	 3955 	 0.959171 	 0.00122782	0.00256513
3220 	 3960 	 0.959172 	 0.00122807	0.00256567
3220 	 3965 	 0.959172 	 0.00122833	0.0025662
3220 	 3970 	 0.959173 	 0.00122858	0.00256674
3220 	 3975 	 0.959173 	 0.00122884	0.00256727
3220 	 3980 	 0.959174 	 0.00122909	0.0025678
3220 	 3985 	 0.959175 	 0.00122935	0.00256833
3220 	 3990 	 0.959175 	 0.0012296	0.00256886
3220 	 3995 	 0.959176 	 0.00122986	0.00256939
3220 	 4000 	 0.959177 	 0.00123011	0.00256992
3220 	 4005 	 0.959177 	 0.00123036	0.00257045
3220 	 4010 	 0.959178 	 0.00123061	0.00257098
3220 	 4015 	 0.959178 	 0.00123087	0.0025715
3220 	 4020 	 0.959179 	 0.00123112	0.00257203
3220 	 4025 	 0.959179 	 0.00123137	0.00257255
3220 	 4030 	 0.95918 	 0.00123162	0.00257308
3220 	 4035 	 0.959181 	 0.00123187	0.0025736
3220 	 4040 	 0.959181 	 0.00123212	0.00257412
3220 	 4045 	 0.959182 	 0.00123237	0.00257464
3220 	 4050 	 0.959182 	 0.00123262	0.00257516
3220 	 4055 	 0.959183 	 0.00123287	0.00257568
3220 	 4060 	 0.959184 	 0.00123311	0.0025762
3220 	 4065 	 0.959184 	 0.00123336	0.00257672
3220 	 4070 	 0.959185 	 0.00123361	0.00257723
3220 	 4075 	 0.959185 	 0.00123386	0.00257775
3220 	 4080 	 0.959186 	 0.0012341	0.00257826
3220 	 4085 	 0.959186 	 0.00123435	0.00257878
3220 	 4090 	 0.959187 	 0.00123459	0.00257929
3220 	 4095 	 0.959188 	 0.00123484	0.0025798
3220 	 4100 	 0.959188 	 0.00123508	0.00258032
3220 	 4105 	 0.959189 	 0.00123533	0.00258083
3220 	 4110 	 0.959189 	 0.00123557	0.00258134
3220 	 4115 	 0.95919 	 0.00123582	0.00258185
3220 	 4120 	 0.95919 	 0.00123606	0.00258236
3220 	 4125 	 0.959191 	 0.0012363	0.00258286
3220 	 4130 	 0.959192 	 0.00123655	0.00258337
3220 	 4135 	 0.959192 	 0.00123679	0.00258388
3220 	 4140 	 0.959193 	 0.00123703	0.00258438
3220 	 4145 	 0.959193 	 0.00123727	0.00258489
3220 	 4150 	 0.959194 	 0.00123751	0.00258539
3220 	 4155 	 0.959194 	 0.00123775	0.00258589
3220 	 4160 	 0.959195 	 0.00123799	0.00258639
3220 	 4165 	 0.959196 	 0.00123823	0.0025869
3220 	 4170 	 0.959196 	 0.00123847	0.0025874
3220 	 4175 	 0.959197 	 0.00123871	0.0025879
3220 	 4180 	 0.959197 	 0.00123895	0.00258839
3220 	 4185 	 0.959198 	 0.00123919	0.00258889
3220 	 4190 	 0.959198 	 0.00123943	0.00258939
3220 	 4195 	 0.959199 	 0.00123966	0.00258989
3220 	 4200 	 0.959199 	 0.0012399	0.00259038
3220 	 4205 	 0.9592 	 0.00124014	0.00259088
3220 	 4210 	 0.959201 	 0.00124038	0.00259137
3220 	 4215 	 0.959201 	 0.00124061	0.00259186
3220 	 4220 	 0.959202 	 0.00124085	0.00259236
3220 	 4225 	 0.959202 	 0.00124108	0.00259285
3220 	 4230 	 0.959203 	 0.00124132	0.00259334
3220 	 4235 	 0.959203 	 0.00124155	0.00259383
3220 	 4240 	 0.959204 	 0.00124179	0.00259432
3220 	 4245 	 0.959204 	 0.00124202	0.00259481
3220 	 4250 	 0.959205 	 0.00124225	0.0025953
3220 	 4255 	 0.959205 	 0.00124249	0.00259578
3220 	 4260 	 0.959206 	 0.00124272	0.00259627
3220 	 4265 	 0.959207 	 0.00124295	0.00259676
3220 	 4270 	 0.959207 	 0.00124319	0.00259724
3220 	 4275 	 0.959208 	 0.00124342	0.00259773
3220 	 4280 	 0.959208 	 0.00124365	0.00259821
3220 	 4285 	 0.959209 	 0.00124388	0.00259869
3220 	 4290 	 0.959209 	 0.00124411	0.00259917
3220 	 4295 	 0.95921 	 0.00124434	0.00259965
3220 	 4300 	 0.95921 	 0.00124457	0.00260014
3220 	 4305 	 0.959211 	 0.0012448	0.00260062
3220 	 4310 	 0.959211 	 0.00124503	0.00260109
3220 	 4315 	 0.959212 	 0.00124526	0.00260157
3220 	 4320 	 0.959212 	 0.00124549	0.00260205
3220 	 4325 	 0.959213 	 0.00124572	0.00260253
3220 	 4330 	 0.959213 	 0.00124594	0.002603
3220 	 4335 	 0.959214 	 0.00124617	0.00260348
3220 	 4340 	 0.959214 	 0.0012464	0.00260395
3220 	 4345 	 0.959215 	 0.00124663	0.00260443
3220 	 4350 	 0.959215 	 0.00124685	0.0026049
3220 	 4355 	 0.959216 	 0.00124708	0.00260537
3220 	 4360 	 0.959217 	 0.0012473	0.00260585
3220 	 4365 	 0.959217 	 0.00124753	0.00260632
3220 	 4370 	 0.959218 	 0.00124775	0.00260679
3220 	 4375 	 0.959218 	 0.00124798	0.00260726
3220 	 4380 	 0.959219 	 0.0012482	0.00260773
3220 	 4385 	 0.959219 	 0.00124843	0.00260819
3220 	 4390 	 0.95922 	 0.00124865	0.00260866
3220 	 4395 	 0.95922 	 0.00124888	0.00260913
3220 	 4400 	 0.959221 	 0.0012491	0.00260959
3220 	 4405 	 0.959221 	 0.00124932	0.00261006
3220 	 4410 	 0.959222 	 0.00124954	0.00261052
3220 	 4415 	 0.959222 	 0.00124977	0.00261099
3220 	 4420 	 0.959223 	 0.00124999	0.00261145
3220 	 4425 	 0.959223 	 0.00125021	0.00261191
3220 	 4430 	 0.959224 	 0.00125043	0.00261238
3220 	 4435 	 0.959224 	 0.00125065	0.00261284
3220 	 4440 	 0.959225 	 0.00125087	0.0026133
3220 	 4445 	 0.959225 	 0.00125109	0.00261376
3220 	 4450 	 0.959226 	 0.00125131	0.00261422
3220 	 4455 	 0.959226 	 0.00125153	0.00261468
3220 	 4460 	 0.959227 	 0.00125175	0.00261513
3220 	 4465 	 0.959227 	 0.00125197	0.00261559
3220 	 4470 	 0.959228 	 0.00125219	0.00261605
3220 	 4475 	 0.959228 	 0.00125241	0.0026165
3220 	 4480 	 0.959229 	 0.00125262	0.00261696
3220 	 4485 	 0.959229 	 0.00125284	0.00261741
3220 	 4490 	 0.95923 	 0.00125306	0.00261787
3220 	 4495 	 0.95923 	 0.00125327	0.00261832
3220 	 4500 	 0.959231 	 0.00125349	0.00261877
3220 	 4505 	 0.959231 	 0.00125371	0.00261922
3220 	 4510 	 0.959232 	 0.00125392	0.00261967
3220 	 4515 	 0.959232 	 0.00125414	0.00262012
3220 	 4520 	 0.959233 	 0.00125435	0.00262057
3220 	 4525 	 0.959233 	 0.00125457	0.00262102
3220 	 4530 	 0.959234 	 0.00125478	0.00262147
3220 	 4535 	 0.959234 	 0.001255	0.00262192
3220 	 4540 	 0.959234 	 0.00125521	0.00262237
3220 	 4545 	 0.959235 	 0.00125543	0.00262281
3220 	 4550 	 0.959235 	 0.00125564	0.00262326
3220 	 4555 	 0.959236 	 0.00125585	0.0026237
3220 	 4560 	 0.959236 	 0.00125607	0.00262415
3220 	 4565 	 0.959237 	 0.00125628	0.00262459
3220 	 4570 	 0.959237 	 0.00125649	0.00262504
3220 	 4575 	 0.959238 	 0.0012567	0.00262548
3220 	 4580 	 0.959238 	 0.00125691	0.00262592
3220 	 4585 	 0.959239 	 0.00125712	0.00262636
3220 	 4590 	 0.959239 	 0.00125734	0.0026268
3220 	 4595 	 0.95924 	 0.00125755	0.00262724
3220 	 4600 	 0.95924 	 0.00125776	0.00262768
3220 	 4605 	 0.959241 	 0.00125797	0.00262812
3220 	 4610 	 0.959241 	 0.00125818	0.00262856
3220 	 4615 	 0.959242 	 0.00125839	0.002629
3220 	 4620 	 0.959242 	 0.00125859	0.00262943
3220 	 4625 	 0.959243 	 0.0012588	0.00262987
3220 	 4630 	 0.959243 	 0.00125901	0.00263031
3220 	 4635 	 0.959244 	 0.00125922	0.00263074
3220 	 4640 	 0.959244 	 0.00125943	0.00263117
3220 	 4645 	 0.959244 	 0.00125964	0.00263161
3220 	 4650 	 0.959245 	 0.00125984	0.00263204
3220 	 4655 	 0.959245 	 0.00126005	0.00263247
3220 	 4660 	 0.959246 	 0.00126026	0.00263291
3220 	 4665 	 0.959246 	 0.00126046	0.00263334
3220 	 4670 	 0.959247 	 0.00126067	0.00263377
3220 	 4675 	 0.959247 	 0.00126087	0.0026342
3220 	 4680 	 0.959248 	 0.00126108	0.00263463
3220 	 4685 	 0.959248 	 0.00126129	0.00263506
3220 	 4690 	 0.959249 	 0.00126149	0.00263548
3220 	 4695 	 0.959249 	 0.0012617	0.00263591
3220 	 4700 	 0.95925 	 0.0012619	0.00263634
3220 	 4705 	 0.95925 	 0.0012621	0.00263676
3220 	 4710 	 0.95925 	 0.00126231	0.00263719
3220 	 4715 	 0.959251 	 0.00126251	0.00263762
3220 	 4720 	 0.959251 	 0.00126271	0.00263804
3220 	 4725 	 0.959252 	 0.00126292	0.00263846
3220 	 4730 	 0.959252 	 0.00126312	0.00263889
3220 	 4735 	 0.959253 	 0.00126332	0.00263931
3220 	 4740 	 0.959253 	 0.00126352	0.00263973
3220 	 4745 	 0.959254 	 0.00126373	0.00264015
3220 	 4750 	 0.959254 	 0.00126393	0.00264057
3220 	 4755 	 0.959254 	 0.00126413	0.002641
3220 	 4760 	 0.959255 	 0.00126433	0.00264141
3220 	 4765 	 0.959255 	 0.00126453	0.00264183
3220 	 4770 	 0.959256 	 0.00126473	0.00264225
3220 	 4775 	 0.959256 	 0.00126493	0.00264267
3220 	 4780 	 0.959257 	 0.00126513	0.00264309
3220 	 4785 	 0.959257 	 0.00126533	0.00264351
3220 	 4790 	 0.959258 	 0.00126553	0.00264392
3220 	 4795 	 0.959258 	 0.00126573	0.00264434
3220 	 4800 	 0.959258 	 0.00126593	0.00264475
3220 	 4805 	 0.959259 	 0.00126613	0.00264517
3220 	 4810 	 0.959259 	 0.00126632	0.00264558
3220 	 4815 	 0.95926 	 0.00126652	0.00264599
3220 	 4820 	 0.95926 	 0.00126672	0.00264641
3220 	 4825 	 0.959261 	 0.00126692	0.00264682
3220 	 4830 	 0.959261 	 0.00126711	0.00264723
3220 	 4835 	 0.959262 	 0.00126731	0.00264764
3220 	 4840 	 0.959262 	 0.00126751	0.00264805
3220 	 4845 	 0.959262 	 0.0012677	0.00264846
3220 	 4850 	 0.959263 	 0.0012679	0.00264887
3220 	 4855 	 0.959263 	 0.00126809	0.00264928
3220 	 4860 	 0.959264 	 0.00126829	0.00264969
3220 	 4865 	 0.959264 	 0.00126849	0.0026501
3220 	 4870 	 0.959265 	 0.00126868	0.0026505
3220 	 4875 	 0.959265 	 0.00126887	0.00265091
3220 	 4880 	 0.959265 	 0.00126907	0.00265132
3220 	 4885 	 0.959266 	 0.00126926	0.00265172
3220 	 4890 	 0.959266 	 0.00126946	0.00265213
3220 	 4895 	 0.959267 	 0.00126965	0.00265253
3220 	 4900 	 0.959267 	 0.00126984	0.00265293
3220 	 4905 	 0.959268 	 0.00127004	0.00265334
3220 	 4910 	 0.959268 	 0.00127023	0.00265374
3220 	 4915 	 0.959268 	 0.00127042	0.00265414
3220 	 4920 	 0.959269 	 0.00127061	0.00265454
3220 	 4925 	 0.959269 	 0.00127081	0.00265495
3220 	 4930 	 0.95927 	 0.001271	0.00265535
3220 	 4935 	 0.95927 	 0.00127119	0.00265575
3220 	 4940 	 0.95927 	 0.00127138	0.00265615
3220 	 4945 	 0.959271 	 0.00127157	0.00265654
3220 	 4950 	 0.959271 	 0.00127176	0.00265694
3220 	 4955 	 0.959272 	 0.00127195	0.00265734
3220 	 4960 	 0.959272 	 0.00127214	0.00265774
3220 	 4965 	 0.959273 	 0.00127233	0.00265813
3220 	 4970 	 0.959273 	 0.00127252	0.00265853
3220 	 4975 	 0.959273 	 0.00127271	0.00265893
3220 	 4980 	 0.959274 	 0.0012729	0.00265932
3220 	 4985 	 0.959274 	 0.00127309	0.00265972
3220 	 4990 	 0.959275 	 0.00127328	0.00266011
3220 	 4995 	 0.959275 	 0.00127347	0.0026605
3220 	 5000 	 0.959275 	 0.00127365	0.0026609
