1550 	 5 	 0.876432 	 0.00529548	0.0110632
1550 	 10 	 0.879044 	 0.00426374	0.00890774
1550 	 15 	 0.88271 	 0.00315573	0.00659288
1550 	 20 	 0.887553 	 0.00209239	0.00437139
1550 	 25 	 0.89347 	 0.00123522	0.00258061
1550 	 30 	 0.900043 	 0.00108207	0.00226064
1550 	 35 	 0.912458 	 0.00181747	0.00379702
1550 	 40 	 0.921458 	 0.000962913	0.0020117
1550 	 45 	 0.928577 	 0.000678761	0.00141806
1550 	 50 	 0.934025 	 0.000662864	0.00138484
1550 	 55 	 0.93808 	 0.000625867	0.00130755
1550 	 60 	 0.941058 	 0.000558096	0.00116596
1550 	 65 	 0.943247 	 0.00050792	0.00106114
1550 	 70 	 0.944877 	 0.000492092	0.00102807
1550 	 75 	 0.946116 	 0.000497229	0.0010388
1550 	 80 	 0.947082 	 0.000506556	0.00105829
1550 	 85 	 0.947857 	 0.00051208	0.00106983
1550 	 90 	 0.948496 	 0.00051267	0.00107106
1550 	 95 	 0.949034 	 0.000510048	0.00106558
1550 	 100 	 0.949499 	 0.000506414	0.00105799
1550 	 105 	 0.949907 	 0.000503473	0.00105185
1550 	 110 	 0.95027 	 0.000502206	0.0010492
1550 	 115 	 0.950596 	 0.000502963	0.00105078
1550 	 120 	 0.950893 	 0.000505667	0.00105643
1550 	 125 	 0.951165 	 0.000510007	0.0010655
1550 	 130 	 0.951416 	 0.000515582	0.00107714
1550 	 135 	 0.951648 	 0.000521997	0.00109055
1550 	 140 	 0.951863 	 0.00052891	0.00110499
1550 	 145 	 0.952064 	 0.000536044	0.00111989
1550 	 150 	 0.952253 	 0.00054319	0.00113482
1550 	 155 	 0.952429 	 0.000550199	0.00114947
1550 	 160 	 0.952596 	 0.000556969	0.00116361
1550 	 165 	 0.952752 	 0.000563434	0.00117712
1550 	 170 	 0.952901 	 0.000569558	0.00118991
1550 	 175 	 0.953041 	 0.000575324	0.00120196
1550 	 180 	 0.953174 	 0.000580729	0.00121325
1550 	 185 	 0.9533 	 0.000585779	0.0012238
1550 	 190 	 0.95342 	 0.000590488	0.00123364
1550 	 195 	 0.953535 	 0.000594873	0.0012428
1550 	 200 	 0.953644 	 0.000598954	0.00125132
1550 	 205 	 0.953748 	 0.00060275	0.00125925
1550 	 210 	 0.953848 	 0.000606283	0.00126664
1550 	 215 	 0.953943 	 0.000609572	0.00127351
1550 	 220 	 0.954035 	 0.000612638	0.00127991
1550 	 225 	 0.954123 	 0.000615499	0.00128589
1550 	 230 	 0.954207 	 0.000618172	0.00129147
1550 	 235 	 0.954288 	 0.000620674	0.0012967
1550 	 240 	 0.954366 	 0.00062302	0.0013016
1550 	 245 	 0.954441 	 0.000625224	0.00130621
1550 	 250 	 0.954513 	 0.0006273	0.00131054
1550 	 255 	 0.954583 	 0.000629258	0.00131463
1550 	 260 	 0.95465 	 0.00063111	0.0013185
1550 	 265 	 0.954715 	 0.000632866	0.00132217
1550 	 270 	 0.954778 	 0.000634536	0.00132566
1550 	 275 	 0.954839 	 0.000636127	0.00132898
1550 	 280 	 0.954898 	 0.000637647	0.00133216
1550 	 285 	 0.954955 	 0.000639103	0.0013352
1550 	 290 	 0.95501 	 0.000640502	0.00133813
1550 	 295 	 0.955064 	 0.000641849	0.00134094
1550 	 300 	 0.955116 	 0.00064315	0.00134366
1550 	 305 	 0.955166 	 0.00064441	0.00134629
1550 	 310 	 0.955215 	 0.000645632	0.00134884
1550 	 315 	 0.955263 	 0.000646821	0.00135133
1550 	 320 	 0.955309 	 0.00064798	0.00135375
1550 	 325 	 0.955354 	 0.000649112	0.00135611
1550 	 330 	 0.955398 	 0.000650222	0.00135843
1550 	 335 	 0.95544 	 0.00065131	0.00136071
1550 	 340 	 0.955482 	 0.00065238	0.00136294
1550 	 345 	 0.955522 	 0.000653434	0.00136514
1550 	 350 	 0.955561 	 0.000654474	0.00136732
1550 	 355 	 0.9556 	 0.000655502	0.00136946
1550 	 360 	 0.955637 	 0.000656519	0.00137159
1550 	 365 	 0.955674 	 0.000657526	0.00137369
1550 	 370 	 0.955709 	 0.000658526	0.00137578
1550 	 375 	 0.955744 	 0.000659519	0.00137786
1550 	 380 	 0.955778 	 0.000660507	0.00137992
1550 	 385 	 0.955811 	 0.00066149	0.00138197
1550 	 390 	 0.955844 	 0.000662469	0.00138402
1550 	 395 	 0.955876 	 0.000663445	0.00138606
1550 	 400 	 0.955907 	 0.000664419	0.00138809
1550 	 405 	 0.955937 	 0.000665392	0.00139012
1550 	 410 	 0.955967 	 0.000666363	0.00139215
1550 	 415 	 0.955996 	 0.000667334	0.00139418
1550 	 420 	 0.956024 	 0.000668304	0.00139621
1550 	 425 	 0.956052 	 0.000669275	0.00139824
1550 	 430 	 0.95608 	 0.000670246	0.00140027
1550 	 435 	 0.956106 	 0.000671218	0.0014023
1550 	 440 	 0.956133 	 0.000672191	0.00140433
1550 	 445 	 0.956158 	 0.000673165	0.00140636
1550 	 450 	 0.956183 	 0.000674141	0.0014084
1550 	 455 	 0.956208 	 0.000675118	0.00141044
1550 	 460 	 0.956232 	 0.000676097	0.00141249
1550 	 465 	 0.956256 	 0.000677078	0.00141454
1550 	 470 	 0.956279 	 0.000678061	0.00141659
1550 	 475 	 0.956302 	 0.000679045	0.00141865
1550 	 480 	 0.956325 	 0.000680032	0.00142071
1550 	 485 	 0.956347 	 0.000681021	0.00142278
1550 	 490 	 0.956369 	 0.000682012	0.00142485
1550 	 495 	 0.95639 	 0.000683005	0.00142692
1550 	 500 	 0.956411 	 0.000684	0.001429
1550 	 505 	 0.956431 	 0.000684996	0.00143108
1550 	 510 	 0.956452 	 0.000685995	0.00143317
1550 	 515 	 0.956472 	 0.000686996	0.00143526
1550 	 520 	 0.956491 	 0.000687999	0.00143736
1550 	 525 	 0.95651 	 0.000689004	0.00143945
1550 	 530 	 0.956529 	 0.00069001	0.00144156
1550 	 535 	 0.956548 	 0.000691018	0.00144366
1550 	 540 	 0.956566 	 0.000692028	0.00144577
1550 	 545 	 0.956584 	 0.000693039	0.00144789
1550 	 550 	 0.956602 	 0.000694052	0.00145
1550 	 555 	 0.956619 	 0.000695066	0.00145212
1550 	 560 	 0.956636 	 0.000696082	0.00145424
1550 	 565 	 0.956653 	 0.000697099	0.00145637
1550 	 570 	 0.95667 	 0.000698117	0.00145849
1550 	 575 	 0.956686 	 0.000699136	0.00146062
1550 	 580 	 0.956703 	 0.000700156	0.00146275
1550 	 585 	 0.956718 	 0.000701177	0.00146489
1550 	 590 	 0.956734 	 0.000702198	0.00146702
1550 	 595 	 0.95675 	 0.000703221	0.00146916
1550 	 600 	 0.956765 	 0.000704244	0.00147129
1550 	 605 	 0.95678 	 0.000705268	0.00147343
1550 	 610 	 0.956795 	 0.000706292	0.00147557
1550 	 615 	 0.956809 	 0.000707317	0.00147771
1550 	 620 	 0.956823 	 0.000708342	0.00147985
1550 	 625 	 0.956838 	 0.000709367	0.001482
1550 	 630 	 0.956852 	 0.000710392	0.00148414
1550 	 635 	 0.956865 	 0.000711418	0.00148628
1550 	 640 	 0.956879 	 0.000712443	0.00148842
1550 	 645 	 0.956892 	 0.000713468	0.00149057
1550 	 650 	 0.956906 	 0.000714493	0.00149271
1550 	 655 	 0.956919 	 0.000715518	0.00149485
1550 	 660 	 0.956932 	 0.000716543	0.00149699
1550 	 665 	 0.956944 	 0.000717567	0.00149913
1550 	 670 	 0.956957 	 0.00071859	0.00150127
1550 	 675 	 0.956969 	 0.000719614	0.0015034
1550 	 680 	 0.956982 	 0.000720636	0.00150554
1550 	 685 	 0.956994 	 0.000721658	0.00150767
1550 	 690 	 0.957006 	 0.000722679	0.00150981
1550 	 695 	 0.957017 	 0.000723699	0.00151194
1550 	 700 	 0.957029 	 0.000724719	0.00151407
1550 	 705 	 0.95704 	 0.000725737	0.0015162
1550 	 710 	 0.957052 	 0.000726755	0.00151832
1550 	 715 	 0.957063 	 0.000727771	0.00152045
1550 	 720 	 0.957074 	 0.000728787	0.00152257
1550 	 725 	 0.957085 	 0.000729801	0.00152469
1550 	 730 	 0.957096 	 0.000730814	0.0015268
1550 	 735 	 0.957107 	 0.000731825	0.00152892
1550 	 740 	 0.957117 	 0.000732836	0.00153103
1550 	 745 	 0.957128 	 0.000733845	0.00153314
1550 	 750 	 0.957138 	 0.000734852	0.00153524
1550 	 755 	 0.957148 	 0.000735859	0.00153734
1550 	 760 	 0.957158 	 0.000736863	0.00153944
1550 	 765 	 0.957168 	 0.000737866	0.00154154
1550 	 770 	 0.957178 	 0.000738868	0.00154363
1550 	 775 	 0.957188 	 0.000739868	0.00154572
1550 	 780 	 0.957197 	 0.000740866	0.0015478
1550 	 785 	 0.957207 	 0.000741862	0.00154989
1550 	 790 	 0.957216 	 0.000742857	0.00155196
1550 	 795 	 0.957226 	 0.00074385	0.00155404
1550 	 800 	 0.957235 	 0.000744841	0.00155611
1550 	 805 	 0.957244 	 0.00074583	0.00155818
1550 	 810 	 0.957253 	 0.000746818	0.00156024
1550 	 815 	 0.957262 	 0.000747803	0.0015623
1550 	 820 	 0.957271 	 0.000748787	0.00156435
1550 	 825 	 0.95728 	 0.000749768	0.0015664
1550 	 830 	 0.957288 	 0.000750748	0.00156845
1550 	 835 	 0.957297 	 0.000751726	0.00157049
1550 	 840 	 0.957306 	 0.000752701	0.00157253
1550 	 845 	 0.957314 	 0.000753674	0.00157456
1550 	 850 	 0.957322 	 0.000754646	0.00157659
1550 	 855 	 0.95733 	 0.000755615	0.00157862
1550 	 860 	 0.957339 	 0.000756582	0.00158064
1550 	 865 	 0.957347 	 0.000757547	0.00158265
1550 	 870 	 0.957355 	 0.000758509	0.00158466
1550 	 875 	 0.957363 	 0.00075947	0.00158667
1550 	 880 	 0.95737 	 0.000760428	0.00158867
1550 	 885 	 0.957378 	 0.000761384	0.00159067
1550 	 890 	 0.957386 	 0.000762338	0.00159266
1550 	 895 	 0.957394 	 0.000763289	0.00159465
1550 	 900 	 0.957401 	 0.000764238	0.00159663
1550 	 905 	 0.957409 	 0.000765185	0.00159861
1550 	 910 	 0.957416 	 0.000766129	0.00160058
1550 	 915 	 0.957423 	 0.000767071	0.00160255
1550 	 920 	 0.957431 	 0.000768011	0.00160452
1550 	 925 	 0.957438 	 0.000768949	0.00160647
1550 	 930 	 0.957445 	 0.000769884	0.00160843
1550 	 935 	 0.957452 	 0.000770816	0.00161038
1550 	 940 	 0.957459 	 0.000771746	0.00161232
1550 	 945 	 0.957466 	 0.000772674	0.00161426
1550 	 950 	 0.957473 	 0.0007736	0.00161619
1550 	 955 	 0.957479 	 0.000774522	0.00161812
1550 	 960 	 0.957486 	 0.000775443	0.00162004
1550 	 965 	 0.957493 	 0.000776361	0.00162196
1550 	 970 	 0.9575 	 0.000777277	0.00162387
1550 	 975 	 0.957506 	 0.00077819	0.00162578
1550 	 980 	 0.957513 	 0.000779101	0.00162768
1550 	 985 	 0.957519 	 0.000780009	0.00162958
1550 	 990 	 0.957525 	 0.000780915	0.00163147
1550 	 995 	 0.957532 	 0.000781818	0.00163336
1550 	 1000 	 0.957538 	 0.000782719	0.00163524
1550 	 1005 	 0.957544 	 0.000783617	0.00163712
1550 	 1010 	 0.957551 	 0.000784513	0.00163899
1550 	 1015 	 0.957557 	 0.000785406	0.00164086
1550 	 1020 	 0.957563 	 0.000786297	0.00164272
1550 	 1025 	 0.957569 	 0.000787185	0.00164457
1550 	 1030 	 0.957575 	 0.000788071	0.00164642
1550 	 1035 	 0.957581 	 0.000788955	0.00164827
1550 	 1040 	 0.957587 	 0.000789836	0.00165011
1550 	 1045 	 0.957592 	 0.000790714	0.00165195
1550 	 1050 	 0.957598 	 0.00079159	0.00165378
1550 	 1055 	 0.957604 	 0.000792463	0.0016556
1550 	 1060 	 0.95761 	 0.000793334	0.00165742
1550 	 1065 	 0.957615 	 0.000794202	0.00165923
1550 	 1070 	 0.957621 	 0.000795068	0.00166104
1550 	 1075 	 0.957626 	 0.000795931	0.00166285
1550 	 1080 	 0.957632 	 0.000796792	0.00166464
1550 	 1085 	 0.957637 	 0.000797651	0.00166644
1550 	 1090 	 0.957643 	 0.000798507	0.00166823
1550 	 1095 	 0.957648 	 0.00079936	0.00167001
1550 	 1100 	 0.957654 	 0.000800211	0.00167179
1550 	 1105 	 0.957659 	 0.000801059	0.00167356
1550 	 1110 	 0.957664 	 0.000801905	0.00167533
1550 	 1115 	 0.957669 	 0.000802748	0.00167709
1550 	 1120 	 0.957675 	 0.000803589	0.00167884
1550 	 1125 	 0.95768 	 0.000804428	0.0016806
1550 	 1130 	 0.957685 	 0.000805264	0.00168234
1550 	 1135 	 0.95769 	 0.000806097	0.00168408
1550 	 1140 	 0.957695 	 0.000806928	0.00168582
1550 	 1145 	 0.9577 	 0.000807757	0.00168755
1550 	 1150 	 0.957705 	 0.000808583	0.00168928
1550 	 1155 	 0.95771 	 0.000809407	0.001691
1550 	 1160 	 0.957715 	 0.000810228	0.00169271
1550 	 1165 	 0.957719 	 0.000811047	0.00169442
1550 	 1170 	 0.957724 	 0.000811863	0.00169613
1550 	 1175 	 0.957729 	 0.000812677	0.00169783
1550 	 1180 	 0.957734 	 0.000813488	0.00169953
1550 	 1185 	 0.957738 	 0.000814297	0.00170122
1550 	 1190 	 0.957743 	 0.000815104	0.0017029
1550 	 1195 	 0.957748 	 0.000815908	0.00170458
1550 	 1200 	 0.957752 	 0.00081671	0.00170626
1550 	 1205 	 0.957757 	 0.000817509	0.00170793
1550 	 1210 	 0.957761 	 0.000818306	0.00170959
1550 	 1215 	 0.957766 	 0.000819101	0.00171125
1550 	 1220 	 0.95777 	 0.000819893	0.00171291
1550 	 1225 	 0.957775 	 0.000820683	0.00171456
1550 	 1230 	 0.957779 	 0.00082147	0.0017162
1550 	 1235 	 0.957784 	 0.000822255	0.00171784
1550 	 1240 	 0.957788 	 0.000823038	0.00171948
1550 	 1245 	 0.957792 	 0.000823819	0.00172111
1550 	 1250 	 0.957797 	 0.000824597	0.00172273
1550 	 1255 	 0.957801 	 0.000825372	0.00172435
1550 	 1260 	 0.957805 	 0.000826146	0.00172597
1550 	 1265 	 0.957809 	 0.000826917	0.00172758
1550 	 1270 	 0.957814 	 0.000827685	0.00172919
1550 	 1275 	 0.957818 	 0.000828452	0.00173079
1550 	 1280 	 0.957822 	 0.000829216	0.00173238
1550 	 1285 	 0.957826 	 0.000829978	0.00173397
1550 	 1290 	 0.95783 	 0.000830737	0.00173556
1550 	 1295 	 0.957834 	 0.000831494	0.00173714
1550 	 1300 	 0.957838 	 0.000832249	0.00173872
1550 	 1305 	 0.957842 	 0.000833002	0.00174029
1550 	 1310 	 0.957846 	 0.000833752	0.00174186
1550 	 1315 	 0.95785 	 0.000834501	0.00174342
1550 	 1320 	 0.957854 	 0.000835246	0.00174498
1550 	 1325 	 0.957858 	 0.00083599	0.00174654
1550 	 1330 	 0.957862 	 0.000836732	0.00174808
1550 	 1335 	 0.957865 	 0.000837471	0.00174963
1550 	 1340 	 0.957869 	 0.000838208	0.00175117
1550 	 1345 	 0.957873 	 0.000838942	0.0017527
1550 	 1350 	 0.957877 	 0.000839675	0.00175423
1550 	 1355 	 0.95788 	 0.000840405	0.00175576
1550 	 1360 	 0.957884 	 0.000841134	0.00175728
1550 	 1365 	 0.957888 	 0.00084186	0.0017588
1550 	 1370 	 0.957892 	 0.000842583	0.00176031
1550 	 1375 	 0.957895 	 0.000843305	0.00176182
1550 	 1380 	 0.957899 	 0.000844024	0.00176332
1550 	 1385 	 0.957902 	 0.000844742	0.00176482
1550 	 1390 	 0.957906 	 0.000845457	0.00176631
1550 	 1395 	 0.95791 	 0.00084617	0.0017678
1550 	 1400 	 0.957913 	 0.000846881	0.00176929
1550 	 1405 	 0.957917 	 0.00084759	0.00177077
1550 	 1410 	 0.95792 	 0.000848296	0.00177225
1550 	 1415 	 0.957924 	 0.000849001	0.00177372
1550 	 1420 	 0.957927 	 0.000849704	0.00177519
1550 	 1425 	 0.95793 	 0.000850404	0.00177665
1550 	 1430 	 0.957934 	 0.000851102	0.00177811
1550 	 1435 	 0.957937 	 0.000851798	0.00177956
1550 	 1440 	 0.957941 	 0.000852493	0.00178101
1550 	 1445 	 0.957944 	 0.000853185	0.00178246
1550 	 1450 	 0.957947 	 0.000853875	0.0017839
1550 	 1455 	 0.957951 	 0.000854563	0.00178534
1550 	 1460 	 0.957954 	 0.000855249	0.00178677
1550 	 1465 	 0.957957 	 0.000855933	0.0017882
1550 	 1470 	 0.95796 	 0.000856615	0.00178962
1550 	 1475 	 0.957964 	 0.000857295	0.00179104
1550 	 1480 	 0.957967 	 0.000857973	0.00179246
1550 	 1485 	 0.95797 	 0.000858648	0.00179387
1550 	 1490 	 0.957973 	 0.000859322	0.00179528
1550 	 1495 	 0.957976 	 0.000859994	0.00179668
1550 	 1500 	 0.95798 	 0.000860664	0.00179808
1550 	 1505 	 0.957983 	 0.000861332	0.00179948
1550 	 1510 	 0.957986 	 0.000861998	0.00180087
1550 	 1515 	 0.957989 	 0.000862662	0.00180226
1550 	 1520 	 0.957992 	 0.000863325	0.00180364
1550 	 1525 	 0.957995 	 0.000863985	0.00180502
1550 	 1530 	 0.957998 	 0.000864643	0.0018064
1550 	 1535 	 0.958001 	 0.000865299	0.00180777
1550 	 1540 	 0.958004 	 0.000865954	0.00180914
1550 	 1545 	 0.958007 	 0.000866606	0.0018105
1550 	 1550 	 0.95801 	 0.000867257	0.00181186
1550 	 1555 	 0.958013 	 0.000867906	0.00181321
1550 	 1560 	 0.958016 	 0.000868553	0.00181456
1550 	 1565 	 0.958019 	 0.000869198	0.00181591
1550 	 1570 	 0.958022 	 0.000869841	0.00181726
1550 	 1575 	 0.958025 	 0.000870482	0.0018186
1550 	 1580 	 0.958028 	 0.000871121	0.00181993
1550 	 1585 	 0.95803 	 0.000871759	0.00182126
1550 	 1590 	 0.958033 	 0.000872395	0.00182259
1550 	 1595 	 0.958036 	 0.000873029	0.00182392
1550 	 1600 	 0.958039 	 0.000873661	0.00182524
1550 	 1605 	 0.958042 	 0.000874291	0.00182655
1550 	 1610 	 0.958045 	 0.000874919	0.00182787
1550 	 1615 	 0.958047 	 0.000875546	0.00182917
1550 	 1620 	 0.95805 	 0.000876171	0.00183048
1550 	 1625 	 0.958053 	 0.000876794	0.00183178
1550 	 1630 	 0.958056 	 0.000877415	0.00183308
1550 	 1635 	 0.958058 	 0.000878035	0.00183437
1550 	 1640 	 0.958061 	 0.000878652	0.00183566
1550 	 1645 	 0.958064 	 0.000879268	0.00183695
1550 	 1650 	 0.958066 	 0.000879883	0.00183823
1550 	 1655 	 0.958069 	 0.000880495	0.00183951
1550 	 1660 	 0.958072 	 0.000881106	0.00184079
1550 	 1665 	 0.958074 	 0.000881715	0.00184206
1550 	 1670 	 0.958077 	 0.000882322	0.00184333
1550 	 1675 	 0.95808 	 0.000882928	0.0018446
1550 	 1680 	 0.958082 	 0.000883531	0.00184586
1550 	 1685 	 0.958085 	 0.000884134	0.00184712
1550 	 1690 	 0.958087 	 0.000884734	0.00184837
1550 	 1695 	 0.95809 	 0.000885333	0.00184962
1550 	 1700 	 0.958092 	 0.00088593	0.00185087
1550 	 1705 	 0.958095 	 0.000886525	0.00185211
1550 	 1710 	 0.958097 	 0.000887119	0.00185335
1550 	 1715 	 0.9581 	 0.000887711	0.00185459
1550 	 1720 	 0.958102 	 0.000888302	0.00185582
1550 	 1725 	 0.958105 	 0.00088889	0.00185705
1550 	 1730 	 0.958107 	 0.000889477	0.00185828
1550 	 1735 	 0.95811 	 0.000890063	0.0018595
1550 	 1740 	 0.958112 	 0.000890647	0.00186072
1550 	 1745 	 0.958115 	 0.000891229	0.00186194
1550 	 1750 	 0.958117 	 0.00089181	0.00186315
1550 	 1755 	 0.95812 	 0.000892389	0.00186436
1550 	 1760 	 0.958122 	 0.000892966	0.00186557
1550 	 1765 	 0.958124 	 0.000893542	0.00186677
1550 	 1770 	 0.958127 	 0.000894116	0.00186797
1550 	 1775 	 0.958129 	 0.000894689	0.00186917
1550 	 1780 	 0.958131 	 0.00089526	0.00187036
1550 	 1785 	 0.958134 	 0.000895829	0.00187155
1550 	 1790 	 0.958136 	 0.000896397	0.00187274
1550 	 1795 	 0.958138 	 0.000896964	0.00187392
1550 	 1800 	 0.958141 	 0.000897529	0.0018751
1550 	 1805 	 0.958143 	 0.000898092	0.00187628
1550 	 1810 	 0.958145 	 0.000898654	0.00187745
1550 	 1815 	 0.958148 	 0.000899214	0.00187862
1550 	 1820 	 0.95815 	 0.000899773	0.00187979
1550 	 1825 	 0.958152 	 0.00090033	0.00188095
1550 	 1830 	 0.958154 	 0.000900885	0.00188211
1550 	 1835 	 0.958157 	 0.00090144	0.00188327
1550 	 1840 	 0.958159 	 0.000901992	0.00188443
1550 	 1845 	 0.958161 	 0.000902543	0.00188558
1550 	 1850 	 0.958163 	 0.000903093	0.00188673
1550 	 1855 	 0.958165 	 0.000903641	0.00188787
1550 	 1860 	 0.958168 	 0.000904188	0.00188901
1550 	 1865 	 0.95817 	 0.000904733	0.00189015
1550 	 1870 	 0.958172 	 0.000905277	0.00189129
1550 	 1875 	 0.958174 	 0.000905819	0.00189242
1550 	 1880 	 0.958176 	 0.00090636	0.00189355
1550 	 1885 	 0.958178 	 0.0009069	0.00189468
1550 	 1890 	 0.95818 	 0.000907438	0.0018958
1550 	 1895 	 0.958183 	 0.000907974	0.00189692
1550 	 1900 	 0.958185 	 0.000908509	0.00189804
1550 	 1905 	 0.958187 	 0.000909043	0.00189916
1550 	 1910 	 0.958189 	 0.000909575	0.00190027
1550 	 1915 	 0.958191 	 0.000910106	0.00190138
1550 	 1920 	 0.958193 	 0.000910636	0.00190248
1550 	 1925 	 0.958195 	 0.000911164	0.00190359
1550 	 1930 	 0.958197 	 0.00091169	0.00190469
1550 	 1935 	 0.958199 	 0.000912216	0.00190578
1550 	 1940 	 0.958201 	 0.00091274	0.00190688
1550 	 1945 	 0.958203 	 0.000913262	0.00190797
1550 	 1950 	 0.958205 	 0.000913783	0.00190906
1550 	 1955 	 0.958207 	 0.000914303	0.00191015
1550 	 1960 	 0.958209 	 0.000914821	0.00191123
1550 	 1965 	 0.958211 	 0.000915338	0.00191231
1550 	 1970 	 0.958213 	 0.000915854	0.00191339
1550 	 1975 	 0.958215 	 0.000916369	0.00191446
1550 	 1980 	 0.958217 	 0.000916882	0.00191553
1550 	 1985 	 0.958219 	 0.000917393	0.0019166
1550 	 1990 	 0.958221 	 0.000917904	0.00191767
1550 	 1995 	 0.958223 	 0.000918413	0.00191873
1550 	 2000 	 0.958225 	 0.00091892	0.00191979
1550 	 2005 	 0.958227 	 0.000919427	0.00192085
1550 	 2010 	 0.958229 	 0.000919932	0.00192191
1550 	 2015 	 0.958231 	 0.000920436	0.00192296
1550 	 2020 	 0.958232 	 0.000920938	0.00192401
1550 	 2025 	 0.958234 	 0.000921439	0.00192505
1550 	 2030 	 0.958236 	 0.000921939	0.0019261
1550 	 2035 	 0.958238 	 0.000922438	0.00192714
1550 	 2040 	 0.95824 	 0.000922935	0.00192818
1550 	 2045 	 0.958242 	 0.000923432	0.00192922
1550 	 2050 	 0.958244 	 0.000923926	0.00193025
1550 	 2055 	 0.958246 	 0.00092442	0.00193128
1550 	 2060 	 0.958247 	 0.000924912	0.00193231
1550 	 2065 	 0.958249 	 0.000925403	0.00193334
1550 	 2070 	 0.958251 	 0.000925893	0.00193436
1550 	 2075 	 0.958253 	 0.000926382	0.00193538
1550 	 2080 	 0.958255 	 0.000926869	0.0019364
1550 	 2085 	 0.958256 	 0.000927355	0.00193741
1550 	 2090 	 0.958258 	 0.00092784	0.00193843
1550 	 2095 	 0.95826 	 0.000928324	0.00193944
1550 	 2100 	 0.958262 	 0.000928806	0.00194045
1550 	 2105 	 0.958264 	 0.000929287	0.00194145
1550 	 2110 	 0.958265 	 0.000929767	0.00194245
1550 	 2115 	 0.958267 	 0.000930246	0.00194345
1550 	 2120 	 0.958269 	 0.000930724	0.00194445
1550 	 2125 	 0.958271 	 0.0009312	0.00194545
1550 	 2130 	 0.958272 	 0.000931675	0.00194644
1550 	 2135 	 0.958274 	 0.000932149	0.00194743
1550 	 2140 	 0.958276 	 0.000932622	0.00194842
1550 	 2145 	 0.958277 	 0.000933094	0.0019494
1550 	 2150 	 0.958279 	 0.000933565	0.00195039
1550 	 2155 	 0.958281 	 0.000934034	0.00195137
1550 	 2160 	 0.958283 	 0.000934502	0.00195235
1550 	 2165 	 0.958284 	 0.000934969	0.00195332
1550 	 2170 	 0.958286 	 0.000935435	0.00195429
1550 	 2175 	 0.958288 	 0.0009359	0.00195527
1550 	 2180 	 0.958289 	 0.000936363	0.00195623
1550 	 2185 	 0.958291 	 0.000936826	0.0019572
1550 	 2190 	 0.958293 	 0.000937287	0.00195816
1550 	 2195 	 0.958294 	 0.000937747	0.00195913
1550 	 2200 	 0.958296 	 0.000938206	0.00196008
1550 	 2205 	 0.958297 	 0.000938664	0.00196104
1550 	 2210 	 0.958299 	 0.000939121	0.001962
1550 	 2215 	 0.958301 	 0.000939577	0.00196295
1550 	 2220 	 0.958302 	 0.000940032	0.0019639
1550 	 2225 	 0.958304 	 0.000940485	0.00196484
1550 	 2230 	 0.958306 	 0.000940938	0.00196579
1550 	 2235 	 0.958307 	 0.000941389	0.00196673
1550 	 2240 	 0.958309 	 0.000941839	0.00196767
1550 	 2245 	 0.95831 	 0.000942288	0.00196861
1550 	 2250 	 0.958312 	 0.000942736	0.00196955
1550 	 2255 	 0.958313 	 0.000943183	0.00197048
1550 	 2260 	 0.958315 	 0.000943629	0.00197141
1550 	 2265 	 0.958317 	 0.000944074	0.00197234
1550 	 2270 	 0.958318 	 0.000944518	0.00197327
1550 	 2275 	 0.95832 	 0.00094496	0.00197419
1550 	 2280 	 0.958321 	 0.000945402	0.00197512
1550 	 2285 	 0.958323 	 0.000945843	0.00197604
1550 	 2290 	 0.958324 	 0.000946282	0.00197696
1550 	 2295 	 0.958326 	 0.000946721	0.00197787
1550 	 2300 	 0.958327 	 0.000947158	0.00197879
1550 	 2305 	 0.958329 	 0.000947594	0.0019797
1550 	 2310 	 0.95833 	 0.00094803	0.00198061
1550 	 2315 	 0.958332 	 0.000948464	0.00198151
1550 	 2320 	 0.958333 	 0.000948898	0.00198242
1550 	 2325 	 0.958335 	 0.00094933	0.00198332
1550 	 2330 	 0.958336 	 0.000949761	0.00198422
1550 	 2335 	 0.958338 	 0.000950191	0.00198512
1550 	 2340 	 0.958339 	 0.000950621	0.00198602
1550 	 2345 	 0.958341 	 0.000951049	0.00198691
1550 	 2350 	 0.958342 	 0.000951476	0.00198781
1550 	 2355 	 0.958344 	 0.000951902	0.0019887
1550 	 2360 	 0.958345 	 0.000952328	0.00198959
1550 	 2365 	 0.958347 	 0.000952752	0.00199047
1550 	 2370 	 0.958348 	 0.000953175	0.00199136
1550 	 2375 	 0.95835 	 0.000953597	0.00199224
1550 	 2380 	 0.958351 	 0.000954019	0.00199312
1550 	 2385 	 0.958352 	 0.000954439	0.001994
1550 	 2390 	 0.958354 	 0.000954858	0.00199487
1550 	 2395 	 0.958355 	 0.000955277	0.00199575
1550 	 2400 	 0.958357 	 0.000955694	0.00199662
1550 	 2405 	 0.958358 	 0.00095611	0.00199749
1550 	 2410 	 0.95836 	 0.000956526	0.00199836
1550 	 2415 	 0.958361 	 0.00095694	0.00199922
1550 	 2420 	 0.958362 	 0.000957354	0.00200009
1550 	 2425 	 0.958364 	 0.000957767	0.00200095
1550 	 2430 	 0.958365 	 0.000958178	0.00200181
1550 	 2435 	 0.958366 	 0.000958589	0.00200267
1550 	 2440 	 0.958368 	 0.000958999	0.00200352
1550 	 2445 	 0.958369 	 0.000959408	0.00200438
1550 	 2450 	 0.958371 	 0.000959816	0.00200523
1550 	 2455 	 0.958372 	 0.000960223	0.00200608
1550 	 2460 	 0.958373 	 0.000960629	0.00200693
1550 	 2465 	 0.958375 	 0.000961034	0.00200777
1550 	 2470 	 0.958376 	 0.000961438	0.00200862
1550 	 2475 	 0.958377 	 0.000961841	0.00200946
1550 	 2480 	 0.958379 	 0.000962244	0.0020103
1550 	 2485 	 0.95838 	 0.000962645	0.00201114
1550 	 2490 	 0.958381 	 0.000963046	0.00201198
1550 	 2495 	 0.958383 	 0.000963446	0.00201281
1550 	 2500 	 0.958384 	 0.000963844	0.00201365
1550 	 2505 	 0.958385 	 0.000964242	0.00201448
1550 	 2510 	 0.958387 	 0.000964639	0.00201531
1550 	 2515 	 0.958388 	 0.000965035	0.00201613
1550 	 2520 	 0.958389 	 0.000965431	0.00201696
1550 	 2525 	 0.958391 	 0.000965825	0.00201778
1550 	 2530 	 0.958392 	 0.000966218	0.00201861
1550 	 2535 	 0.958393 	 0.000966611	0.00201943
1550 	 2540 	 0.958394 	 0.000967003	0.00202024
1550 	 2545 	 0.958396 	 0.000967394	0.00202106
1550 	 2550 	 0.958397 	 0.000967784	0.00202188
1550 	 2555 	 0.958398 	 0.000968173	0.00202269
1550 	 2560 	 0.9584 	 0.000968561	0.0020235
1550 	 2565 	 0.958401 	 0.000968948	0.00202431
1550 	 2570 	 0.958402 	 0.000969335	0.00202512
1550 	 2575 	 0.958403 	 0.000969721	0.00202592
1550 	 2580 	 0.958405 	 0.000970105	0.00202673
1550 	 2585 	 0.958406 	 0.000970489	0.00202753
1550 	 2590 	 0.958407 	 0.000970873	0.00202833
1550 	 2595 	 0.958408 	 0.000971255	0.00202913
1550 	 2600 	 0.95841 	 0.000971636	0.00202993
1550 	 2605 	 0.958411 	 0.000972017	0.00203072
1550 	 2610 	 0.958412 	 0.000972397	0.00203151
1550 	 2615 	 0.958413 	 0.000972776	0.00203231
1550 	 2620 	 0.958414 	 0.000973154	0.0020331
1550 	 2625 	 0.958416 	 0.000973531	0.00203388
1550 	 2630 	 0.958417 	 0.000973908	0.00203467
1550 	 2635 	 0.958418 	 0.000974284	0.00203546
1550 	 2640 	 0.958419 	 0.000974659	0.00203624
1550 	 2645 	 0.958421 	 0.000975033	0.00203702
1550 	 2650 	 0.958422 	 0.000975406	0.0020378
1550 	 2655 	 0.958423 	 0.000975778	0.00203858
1550 	 2660 	 0.958424 	 0.00097615	0.00203936
1550 	 2665 	 0.958425 	 0.000976521	0.00204013
1550 	 2670 	 0.958426 	 0.000976891	0.0020409
1550 	 2675 	 0.958428 	 0.00097726	0.00204167
1550 	 2680 	 0.958429 	 0.000977629	0.00204244
1550 	 2685 	 0.95843 	 0.000977997	0.00204321
1550 	 2690 	 0.958431 	 0.000978364	0.00204398
1550 	 2695 	 0.958432 	 0.00097873	0.00204474
1550 	 2700 	 0.958433 	 0.000979095	0.00204551
1550 	 2705 	 0.958435 	 0.00097946	0.00204627
1550 	 2710 	 0.958436 	 0.000979823	0.00204703
1550 	 2715 	 0.958437 	 0.000980186	0.00204779
1550 	 2720 	 0.958438 	 0.000980549	0.00204855
1550 	 2725 	 0.958439 	 0.00098091	0.0020493
1550 	 2730 	 0.95844 	 0.000981271	0.00205005
1550 	 2735 	 0.958441 	 0.000981631	0.00205081
1550 	 2740 	 0.958443 	 0.00098199	0.00205156
1550 	 2745 	 0.958444 	 0.000982349	0.00205231
1550 	 2750 	 0.958445 	 0.000982706	0.00205305
1550 	 2755 	 0.958446 	 0.000983063	0.0020538
1550 	 2760 	 0.958447 	 0.00098342	0.00205454
1550 	 2765 	 0.958448 	 0.000983775	0.00205529
1550 	 2770 	 0.958449 	 0.00098413	0.00205603
1550 	 2775 	 0.95845 	 0.000984484	0.00205677
1550 	 2780 	 0.958452 	 0.000984837	0.0020575
1550 	 2785 	 0.958453 	 0.00098519	0.00205824
1550 	 2790 	 0.958454 	 0.000985541	0.00205898
1550 	 2795 	 0.958455 	 0.000985892	0.00205971
1550 	 2800 	 0.958456 	 0.000986243	0.00206044
1550 	 2805 	 0.958457 	 0.000986592	0.00206117
1550 	 2810 	 0.958458 	 0.000986941	0.0020619
1550 	 2815 	 0.958459 	 0.000987289	0.00206263
1550 	 2820 	 0.95846 	 0.000987637	0.00206335
1550 	 2825 	 0.958461 	 0.000987984	0.00206408
1550 	 2830 	 0.958462 	 0.00098833	0.0020648
1550 	 2835 	 0.958463 	 0.000988675	0.00206552
1550 	 2840 	 0.958465 	 0.000989019	0.00206624
1550 	 2845 	 0.958466 	 0.000989363	0.00206696
1550 	 2850 	 0.958467 	 0.000989707	0.00206768
1550 	 2855 	 0.958468 	 0.000990049	0.00206839
1550 	 2860 	 0.958469 	 0.000990391	0.00206911
1550 	 2865 	 0.95847 	 0.000990732	0.00206982
1550 	 2870 	 0.958471 	 0.000991072	0.00207053
1550 	 2875 	 0.958472 	 0.000991412	0.00207124
1550 	 2880 	 0.958473 	 0.000991751	0.00207195
1550 	 2885 	 0.958474 	 0.000992089	0.00207266
1550 	 2890 	 0.958475 	 0.000992427	0.00207336
1550 	 2895 	 0.958476 	 0.000992764	0.00207406
1550 	 2900 	 0.958477 	 0.0009931	0.00207477
1550 	 2905 	 0.958478 	 0.000993436	0.00207547
1550 	 2910 	 0.958479 	 0.000993771	0.00207617
1550 	 2915 	 0.95848 	 0.000994105	0.00207687
1550 	 2920 	 0.958481 	 0.000994439	0.00207756
1550 	 2925 	 0.958482 	 0.000994771	0.00207826
1550 	 2930 	 0.958483 	 0.000995104	0.00207895
1550 	 2935 	 0.958484 	 0.000995435	0.00207965
1550 	 2940 	 0.958485 	 0.000995766	0.00208034
1550 	 2945 	 0.958486 	 0.000996096	0.00208103
1550 	 2950 	 0.958487 	 0.000996426	0.00208172
1550 	 2955 	 0.958488 	 0.000996755	0.0020824
1550 	 2960 	 0.958489 	 0.000997083	0.00208309
1550 	 2965 	 0.95849 	 0.000997411	0.00208377
1550 	 2970 	 0.958491 	 0.000997738	0.00208446
1550 	 2975 	 0.958492 	 0.000998064	0.00208514
1550 	 2980 	 0.958493 	 0.00099839	0.00208582
1550 	 2985 	 0.958494 	 0.000998715	0.0020865
1550 	 2990 	 0.958495 	 0.000999039	0.00208718
1550 	 2995 	 0.958496 	 0.000999363	0.00208785
1550 	 3000 	 0.958497 	 0.000999686	0.00208853
1550 	 3005 	 0.958498 	 0.00100001	0.0020892
1550 	 3010 	 0.958499 	 0.00100033	0.00208987
1550 	 3015 	 0.9585 	 0.00100065	0.00209054
1550 	 3020 	 0.958501 	 0.00100097	0.00209121
1550 	 3025 	 0.958502 	 0.00100129	0.00209188
1550 	 3030 	 0.958503 	 0.00100161	0.00209255
1550 	 3035 	 0.958504 	 0.00100193	0.00209322
1550 	 3040 	 0.958505 	 0.00100225	0.00209388
1550 	 3045 	 0.958506 	 0.00100257	0.00209454
1550 	 3050 	 0.958507 	 0.00100288	0.00209521
1550 	 3055 	 0.958508 	 0.0010032	0.00209587
1550 	 3060 	 0.958509 	 0.00100351	0.00209653
1550 	 3065 	 0.958509 	 0.00100383	0.00209718
1550 	 3070 	 0.95851 	 0.00100414	0.00209784
1550 	 3075 	 0.958511 	 0.00100446	0.0020985
1550 	 3080 	 0.958512 	 0.00100477	0.00209915
1550 	 3085 	 0.958513 	 0.00100508	0.0020998
1550 	 3090 	 0.958514 	 0.0010054	0.00210045
1550 	 3095 	 0.958515 	 0.00100571	0.00210111
1550 	 3100 	 0.958516 	 0.00100602	0.00210175
1550 	 3105 	 0.958517 	 0.00100633	0.0021024
1550 	 3110 	 0.958518 	 0.00100664	0.00210305
1550 	 3115 	 0.958519 	 0.00100695	0.0021037
1550 	 3120 	 0.95852 	 0.00100726	0.00210434
1550 	 3125 	 0.95852 	 0.00100756	0.00210498
1550 	 3130 	 0.958521 	 0.00100787	0.00210562
1550 	 3135 	 0.958522 	 0.00100818	0.00210627
1550 	 3140 	 0.958523 	 0.00100848	0.0021069
1550 	 3145 	 0.958524 	 0.00100879	0.00210754
1550 	 3150 	 0.958525 	 0.00100909	0.00210818
1550 	 3155 	 0.958526 	 0.0010094	0.00210882
1550 	 3160 	 0.958527 	 0.0010097	0.00210945
1550 	 3165 	 0.958528 	 0.00101	0.00211008
1550 	 3170 	 0.958529 	 0.00101031	0.00211072
1550 	 3175 	 0.958529 	 0.00101061	0.00211135
1550 	 3180 	 0.95853 	 0.00101091	0.00211198
1550 	 3185 	 0.958531 	 0.00101121	0.00211261
1550 	 3190 	 0.958532 	 0.00101151	0.00211323
1550 	 3195 	 0.958533 	 0.00101181	0.00211386
1550 	 3200 	 0.958534 	 0.00101211	0.00211448
1550 	 3205 	 0.958535 	 0.00101241	0.00211511
1550 	 3210 	 0.958536 	 0.00101271	0.00211573
1550 	 3215 	 0.958536 	 0.00101301	0.00211635
1550 	 3220 	 0.958537 	 0.0010133	0.00211697
1550 	 3225 	 0.958538 	 0.0010136	0.00211759
1550 	 3230 	 0.958539 	 0.00101389	0.00211821
1550 	 3235 	 0.95854 	 0.00101419	0.00211883
1550 	 3240 	 0.958541 	 0.00101448	0.00211944
1550 	 3245 	 0.958542 	 0.00101478	0.00212006
1550 	 3250 	 0.958542 	 0.00101507	0.00212067
1550 	 3255 	 0.958543 	 0.00101537	0.00212128
1550 	 3260 	 0.958544 	 0.00101566	0.0021219
1550 	 3265 	 0.958545 	 0.00101595	0.00212251
1550 	 3270 	 0.958546 	 0.00101624	0.00212312
1550 	 3275 	 0.958547 	 0.00101653	0.00212372
1550 	 3280 	 0.958547 	 0.00101682	0.00212433
1550 	 3285 	 0.958548 	 0.00101711	0.00212494
1550 	 3290 	 0.958549 	 0.0010174	0.00212554
1550 	 3295 	 0.95855 	 0.00101769	0.00212614
1550 	 3300 	 0.958551 	 0.00101798	0.00212675
1550 	 3305 	 0.958552 	 0.00101827	0.00212735
1550 	 3310 	 0.958552 	 0.00101856	0.00212795
1550 	 3315 	 0.958553 	 0.00101884	0.00212855
1550 	 3320 	 0.958554 	 0.00101913	0.00212915
1550 	 3325 	 0.958555 	 0.00101941	0.00212974
1550 	 3330 	 0.958556 	 0.0010197	0.00213034
1550 	 3335 	 0.958556 	 0.00101998	0.00213093
1550 	 3340 	 0.958557 	 0.00102027	0.00213153
1550 	 3345 	 0.958558 	 0.00102055	0.00213212
1550 	 3350 	 0.958559 	 0.00102084	0.00213271
1550 	 3355 	 0.95856 	 0.00102112	0.0021333
1550 	 3360 	 0.958561 	 0.0010214	0.00213389
1550 	 3365 	 0.958561 	 0.00102168	0.00213448
1550 	 3370 	 0.958562 	 0.00102196	0.00213507
1550 	 3375 	 0.958563 	 0.00102224	0.00213565
1550 	 3380 	 0.958564 	 0.00102252	0.00213624
1550 	 3385 	 0.958564 	 0.0010228	0.00213682
1550 	 3390 	 0.958565 	 0.00102308	0.0021374
1550 	 3395 	 0.958566 	 0.00102336	0.00213799
1550 	 3400 	 0.958567 	 0.00102364	0.00213857
1550 	 3405 	 0.958568 	 0.00102392	0.00213915
1550 	 3410 	 0.958568 	 0.00102419	0.00213973
1550 	 3415 	 0.958569 	 0.00102447	0.0021403
1550 	 3420 	 0.95857 	 0.00102475	0.00214088
1550 	 3425 	 0.958571 	 0.00102502	0.00214146
1550 	 3430 	 0.958572 	 0.0010253	0.00214203
1550 	 3435 	 0.958572 	 0.00102557	0.00214261
1550 	 3440 	 0.958573 	 0.00102585	0.00214318
1550 	 3445 	 0.958574 	 0.00102612	0.00214375
1550 	 3450 	 0.958575 	 0.00102639	0.00214432
1550 	 3455 	 0.958575 	 0.00102667	0.00214489
1550 	 3460 	 0.958576 	 0.00102694	0.00214546
1550 	 3465 	 0.958577 	 0.00102721	0.00214603
1550 	 3470 	 0.958578 	 0.00102748	0.00214659
1550 	 3475 	 0.958578 	 0.00102775	0.00214716
1550 	 3480 	 0.958579 	 0.00102802	0.00214773
1550 	 3485 	 0.95858 	 0.00102829	0.00214829
1550 	 3490 	 0.958581 	 0.00102856	0.00214885
1550 	 3495 	 0.958581 	 0.00102883	0.00214941
1550 	 3500 	 0.958582 	 0.0010291	0.00214997
1550 	 3505 	 0.958583 	 0.00102937	0.00215053
1550 	 3510 	 0.958584 	 0.00102963	0.00215109
1550 	 3515 	 0.958584 	 0.0010299	0.00215165
1550 	 3520 	 0.958585 	 0.00103017	0.00215221
1550 	 3525 	 0.958586 	 0.00103043	0.00215276
1550 	 3530 	 0.958587 	 0.0010307	0.00215332
1550 	 3535 	 0.958587 	 0.00103096	0.00215387
1550 	 3540 	 0.958588 	 0.00103123	0.00215443
1550 	 3545 	 0.958589 	 0.00103149	0.00215498
1550 	 3550 	 0.95859 	 0.00103176	0.00215553
1550 	 3555 	 0.95859 	 0.00103202	0.00215608
1550 	 3560 	 0.958591 	 0.00103228	0.00215663
1550 	 3565 	 0.958592 	 0.00103255	0.00215718
1550 	 3570 	 0.958592 	 0.00103281	0.00215772
1550 	 3575 	 0.958593 	 0.00103307	0.00215827
1550 	 3580 	 0.958594 	 0.00103333	0.00215882
1550 	 3585 	 0.958595 	 0.00103359	0.00215936
1550 	 3590 	 0.958595 	 0.00103385	0.00215991
1550 	 3595 	 0.958596 	 0.00103411	0.00216045
1550 	 3600 	 0.958597 	 0.00103437	0.00216099
1550 	 3605 	 0.958598 	 0.00103463	0.00216153
1550 	 3610 	 0.958598 	 0.00103489	0.00216207
1550 	 3615 	 0.958599 	 0.00103515	0.00216261
1550 	 3620 	 0.9586 	 0.0010354	0.00216315
1550 	 3625 	 0.9586 	 0.00103566	0.00216368
1550 	 3630 	 0.958601 	 0.00103592	0.00216422
1550 	 3635 	 0.958602 	 0.00103617	0.00216476
1550 	 3640 	 0.958602 	 0.00103643	0.00216529
1550 	 3645 	 0.958603 	 0.00103669	0.00216582
1550 	 3650 	 0.958604 	 0.00103694	0.00216636
1550 	 3655 	 0.958605 	 0.00103719	0.00216689
1550 	 3660 	 0.958605 	 0.00103745	0.00216742
1550 	 3665 	 0.958606 	 0.0010377	0.00216795
1550 	 3670 	 0.958607 	 0.00103796	0.00216848
1550 	 3675 	 0.958607 	 0.00103821	0.00216901
1550 	 3680 	 0.958608 	 0.00103846	0.00216953
1550 	 3685 	 0.958609 	 0.00103871	0.00217006
1550 	 3690 	 0.958609 	 0.00103896	0.00217059
1550 	 3695 	 0.95861 	 0.00103922	0.00217111
1550 	 3700 	 0.958611 	 0.00103947	0.00217164
1550 	 3705 	 0.958611 	 0.00103972	0.00217216
1550 	 3710 	 0.958612 	 0.00103997	0.00217268
1550 	 3715 	 0.958613 	 0.00104022	0.0021732
1550 	 3720 	 0.958613 	 0.00104047	0.00217372
1550 	 3725 	 0.958614 	 0.00104071	0.00217424
1550 	 3730 	 0.958615 	 0.00104096	0.00217476
1550 	 3735 	 0.958615 	 0.00104121	0.00217528
1550 	 3740 	 0.958616 	 0.00104146	0.00217579
1550 	 3745 	 0.958617 	 0.0010417	0.00217631
1550 	 3750 	 0.958617 	 0.00104195	0.00217683
1550 	 3755 	 0.958618 	 0.0010422	0.00217734
1550 	 3760 	 0.958619 	 0.00104244	0.00217785
1550 	 3765 	 0.958619 	 0.00104269	0.00217837
1550 	 3770 	 0.95862 	 0.00104293	0.00217888
1550 	 3775 	 0.958621 	 0.00104318	0.00217939
1550 	 3780 	 0.958621 	 0.00104342	0.0021799
1550 	 3785 	 0.958622 	 0.00104367	0.00218041
1550 	 3790 	 0.958623 	 0.00104391	0.00218092
1550 	 3795 	 0.958623 	 0.00104415	0.00218143
1550 	 3800 	 0.958624 	 0.0010444	0.00218193
1550 	 3805 	 0.958625 	 0.00104464	0.00218244
1550 	 3810 	 0.958625 	 0.00104488	0.00218294
1550 	 3815 	 0.958626 	 0.00104512	0.00218345
1550 	 3820 	 0.958627 	 0.00104536	0.00218395
1550 	 3825 	 0.958627 	 0.0010456	0.00218445
1550 	 3830 	 0.958628 	 0.00104584	0.00218496
1550 	 3835 	 0.958629 	 0.00104608	0.00218546
1550 	 3840 	 0.958629 	 0.00104632	0.00218596
1550 	 3845 	 0.95863 	 0.00104656	0.00218646
1550 	 3850 	 0.95863 	 0.0010468	0.00218695
1550 	 3855 	 0.958631 	 0.00104704	0.00218745
1550 	 3860 	 0.958632 	 0.00104728	0.00218795
1550 	 3865 	 0.958632 	 0.00104751	0.00218845
1550 	 3870 	 0.958633 	 0.00104775	0.00218894
1550 	 3875 	 0.958634 	 0.00104799	0.00218944
1550 	 3880 	 0.958634 	 0.00104822	0.00218993
1550 	 3885 	 0.958635 	 0.00104846	0.00219042
1550 	 3890 	 0.958636 	 0.0010487	0.00219092
1550 	 3895 	 0.958636 	 0.00104893	0.00219141
1550 	 3900 	 0.958637 	 0.00104917	0.0021919
1550 	 3905 	 0.958637 	 0.0010494	0.00219239
1550 	 3910 	 0.958638 	 0.00104963	0.00219288
1550 	 3915 	 0.958639 	 0.00104987	0.00219336
1550 	 3920 	 0.958639 	 0.0010501	0.00219385
1550 	 3925 	 0.95864 	 0.00105033	0.00219434
1550 	 3930 	 0.958641 	 0.00105057	0.00219483
1550 	 3935 	 0.958641 	 0.0010508	0.00219531
1550 	 3940 	 0.958642 	 0.00105103	0.0021958
1550 	 3945 	 0.958642 	 0.00105126	0.00219628
1550 	 3950 	 0.958643 	 0.00105149	0.00219676
1550 	 3955 	 0.958644 	 0.00105172	0.00219724
1550 	 3960 	 0.958644 	 0.00105195	0.00219773
1550 	 3965 	 0.958645 	 0.00105218	0.00219821
1550 	 3970 	 0.958645 	 0.00105241	0.00219869
1550 	 3975 	 0.958646 	 0.00105264	0.00219917
1550 	 3980 	 0.958647 	 0.00105287	0.00219964
1550 	 3985 	 0.958647 	 0.0010531	0.00220012
1550 	 3990 	 0.958648 	 0.00105333	0.0022006
1550 	 3995 	 0.958648 	 0.00105356	0.00220107
1550 	 4000 	 0.958649 	 0.00105379	0.00220155
1550 	 4005 	 0.95865 	 0.00105401	0.00220202
1550 	 4010 	 0.95865 	 0.00105424	0.0022025
1550 	 4015 	 0.958651 	 0.00105447	0.00220297
1550 	 4020 	 0.958651 	 0.00105469	0.00220344
1550 	 4025 	 0.958652 	 0.00105492	0.00220392
1550 	 4030 	 0.958653 	 0.00105514	0.00220439
1550 	 4035 	 0.958653 	 0.00105537	0.00220486
1550 	 4040 	 0.958654 	 0.00105559	0.00220533
1550 	 4045 	 0.958654 	 0.00105582	0.0022058
1550 	 4050 	 0.958655 	 0.00105604	0.00220626
1550 	 4055 	 0.958655 	 0.00105627	0.00220673
1550 	 4060 	 0.958656 	 0.00105649	0.0022072
1550 	 4065 	 0.958657 	 0.00105671	0.00220766
1550 	 4070 	 0.958657 	 0.00105693	0.00220813
1550 	 4075 	 0.958658 	 0.00105716	0.00220859
1550 	 4080 	 0.958658 	 0.00105738	0.00220906
1550 	 4085 	 0.958659 	 0.0010576	0.00220952
1550 	 4090 	 0.95866 	 0.00105782	0.00220998
1550 	 4095 	 0.95866 	 0.00105804	0.00221044
1550 	 4100 	 0.958661 	 0.00105826	0.0022109
1550 	 4105 	 0.958661 	 0.00105848	0.00221136
1550 	 4110 	 0.958662 	 0.0010587	0.00221182
1550 	 4115 	 0.958662 	 0.00105892	0.00221228
1550 	 4120 	 0.958663 	 0.00105914	0.00221274
1550 	 4125 	 0.958664 	 0.00105936	0.0022132
1550 	 4130 	 0.958664 	 0.00105958	0.00221366
1550 	 4135 	 0.958665 	 0.0010598	0.00221411
1550 	 4140 	 0.958665 	 0.00106002	0.00221457
1550 	 4145 	 0.958666 	 0.00106023	0.00221502
1550 	 4150 	 0.958666 	 0.00106045	0.00221547
1550 	 4155 	 0.958667 	 0.00106067	0.00221593
1550 	 4160 	 0.958667 	 0.00106088	0.00221638
1550 	 4165 	 0.958668 	 0.0010611	0.00221683
1550 	 4170 	 0.958669 	 0.00106132	0.00221728
1550 	 4175 	 0.958669 	 0.00106153	0.00221773
1550 	 4180 	 0.95867 	 0.00106175	0.00221818
1550 	 4185 	 0.95867 	 0.00106196	0.00221863
1550 	 4190 	 0.958671 	 0.00106218	0.00221908
1550 	 4195 	 0.958671 	 0.00106239	0.00221953
1550 	 4200 	 0.958672 	 0.00106261	0.00221998
1550 	 4205 	 0.958672 	 0.00106282	0.00222042
1550 	 4210 	 0.958673 	 0.00106303	0.00222087
1550 	 4215 	 0.958674 	 0.00106325	0.00222131
1550 	 4220 	 0.958674 	 0.00106346	0.00222176
1550 	 4225 	 0.958675 	 0.00106367	0.0022222
1550 	 4230 	 0.958675 	 0.00106388	0.00222265
1550 	 4235 	 0.958676 	 0.00106409	0.00222309
1550 	 4240 	 0.958676 	 0.00106431	0.00222353
1550 	 4245 	 0.958677 	 0.00106452	0.00222397
1550 	 4250 	 0.958677 	 0.00106473	0.00222441
1550 	 4255 	 0.958678 	 0.00106494	0.00222485
1550 	 4260 	 0.958678 	 0.00106515	0.00222529
1550 	 4265 	 0.958679 	 0.00106536	0.00222573
1550 	 4270 	 0.95868 	 0.00106557	0.00222617
1550 	 4275 	 0.95868 	 0.00106578	0.0022266
1550 	 4280 	 0.958681 	 0.00106599	0.00222704
1550 	 4285 	 0.958681 	 0.0010662	0.00222748
1550 	 4290 	 0.958682 	 0.0010664	0.00222791
1550 	 4295 	 0.958682 	 0.00106661	0.00222835
1550 	 4300 	 0.958683 	 0.00106682	0.00222878
1550 	 4305 	 0.958683 	 0.00106703	0.00222921
1550 	 4310 	 0.958684 	 0.00106723	0.00222965
1550 	 4315 	 0.958684 	 0.00106744	0.00223008
1550 	 4320 	 0.958685 	 0.00106765	0.00223051
1550 	 4325 	 0.958685 	 0.00106785	0.00223094
1550 	 4330 	 0.958686 	 0.00106806	0.00223137
1550 	 4335 	 0.958686 	 0.00106827	0.0022318
1550 	 4340 	 0.958687 	 0.00106847	0.00223223
1550 	 4345 	 0.958687 	 0.00106868	0.00223266
1550 	 4350 	 0.958688 	 0.00106888	0.00223309
1550 	 4355 	 0.958688 	 0.00106908	0.00223351
1550 	 4360 	 0.958689 	 0.00106929	0.00223394
1550 	 4365 	 0.95869 	 0.00106949	0.00223436
1550 	 4370 	 0.95869 	 0.0010697	0.00223479
1550 	 4375 	 0.958691 	 0.0010699	0.00223521
1550 	 4380 	 0.958691 	 0.0010701	0.00223564
1550 	 4385 	 0.958692 	 0.0010703	0.00223606
1550 	 4390 	 0.958692 	 0.00107051	0.00223648
1550 	 4395 	 0.958693 	 0.00107071	0.00223691
1550 	 4400 	 0.958693 	 0.00107091	0.00223733
1550 	 4405 	 0.958694 	 0.00107111	0.00223775
1550 	 4410 	 0.958694 	 0.00107131	0.00223817
1550 	 4415 	 0.958695 	 0.00107151	0.00223859
1550 	 4420 	 0.958695 	 0.00107172	0.00223901
1550 	 4425 	 0.958696 	 0.00107192	0.00223943
1550 	 4430 	 0.958696 	 0.00107212	0.00223984
1550 	 4435 	 0.958697 	 0.00107232	0.00224026
1550 	 4440 	 0.958697 	 0.00107251	0.00224068
1550 	 4445 	 0.958698 	 0.00107271	0.0022411
1550 	 4450 	 0.958698 	 0.00107291	0.00224151
1550 	 4455 	 0.958699 	 0.00107311	0.00224193
1550 	 4460 	 0.958699 	 0.00107331	0.00224234
1550 	 4465 	 0.9587 	 0.00107351	0.00224275
1550 	 4470 	 0.9587 	 0.00107371	0.00224317
1550 	 4475 	 0.958701 	 0.0010739	0.00224358
1550 	 4480 	 0.958701 	 0.0010741	0.00224399
1550 	 4485 	 0.958702 	 0.0010743	0.0022444
1550 	 4490 	 0.958702 	 0.00107449	0.00224481
1550 	 4495 	 0.958703 	 0.00107469	0.00224522
1550 	 4500 	 0.958703 	 0.00107489	0.00224563
1550 	 4505 	 0.958704 	 0.00107508	0.00224604
1550 	 4510 	 0.958704 	 0.00107528	0.00224645
1550 	 4515 	 0.958705 	 0.00107547	0.00224686
1550 	 4520 	 0.958705 	 0.00107567	0.00224727
1550 	 4525 	 0.958706 	 0.00107586	0.00224767
1550 	 4530 	 0.958706 	 0.00107606	0.00224808
1550 	 4535 	 0.958706 	 0.00107625	0.00224848
1550 	 4540 	 0.958707 	 0.00107644	0.00224889
1550 	 4545 	 0.958707 	 0.00107664	0.00224929
1550 	 4550 	 0.958708 	 0.00107683	0.0022497
1550 	 4555 	 0.958708 	 0.00107702	0.0022501
1550 	 4560 	 0.958709 	 0.00107722	0.0022505
1550 	 4565 	 0.958709 	 0.00107741	0.00225091
1550 	 4570 	 0.95871 	 0.0010776	0.00225131
1550 	 4575 	 0.95871 	 0.00107779	0.00225171
1550 	 4580 	 0.958711 	 0.00107799	0.00225211
1550 	 4585 	 0.958711 	 0.00107818	0.00225251
1550 	 4590 	 0.958712 	 0.00107837	0.00225291
1550 	 4595 	 0.958712 	 0.00107856	0.00225331
1550 	 4600 	 0.958713 	 0.00107875	0.00225371
1550 	 4605 	 0.958713 	 0.00107894	0.0022541
1550 	 4610 	 0.958714 	 0.00107913	0.0022545
1550 	 4615 	 0.958714 	 0.00107932	0.0022549
1550 	 4620 	 0.958715 	 0.00107951	0.00225529
1550 	 4625 	 0.958715 	 0.0010797	0.00225569
1550 	 4630 	 0.958716 	 0.00107989	0.00225608
1550 	 4635 	 0.958716 	 0.00108008	0.00225648
1550 	 4640 	 0.958716 	 0.00108027	0.00225687
1550 	 4645 	 0.958717 	 0.00108045	0.00225727
1550 	 4650 	 0.958717 	 0.00108064	0.00225766
1550 	 4655 	 0.958718 	 0.00108083	0.00225805
1550 	 4660 	 0.958718 	 0.00108102	0.00225844
1550 	 4665 	 0.958719 	 0.0010812	0.00225883
1550 	 4670 	 0.958719 	 0.00108139	0.00225922
1550 	 4675 	 0.95872 	 0.00108158	0.00225961
1550 	 4680 	 0.95872 	 0.00108176	0.00226
1550 	 4685 	 0.958721 	 0.00108195	0.00226039
1550 	 4690 	 0.958721 	 0.00108214	0.00226078
1550 	 4695 	 0.958722 	 0.00108232	0.00226117
1550 	 4700 	 0.958722 	 0.00108251	0.00226156
1550 	 4705 	 0.958722 	 0.00108269	0.00226194
1550 	 4710 	 0.958723 	 0.00108288	0.00226233
1550 	 4715 	 0.958723 	 0.00108306	0.00226272
1550 	 4720 	 0.958724 	 0.00108325	0.0022631
1550 	 4725 	 0.958724 	 0.00108343	0.00226349
1550 	 4730 	 0.958725 	 0.00108362	0.00226387
1550 	 4735 	 0.958725 	 0.0010838	0.00226425
1550 	 4740 	 0.958726 	 0.00108398	0.00226464
1550 	 4745 	 0.958726 	 0.00108417	0.00226502
1550 	 4750 	 0.958726 	 0.00108435	0.0022654
1550 	 4755 	 0.958727 	 0.00108453	0.00226578
1550 	 4760 	 0.958727 	 0.00108471	0.00226617
1550 	 4765 	 0.958728 	 0.0010849	0.00226655
1550 	 4770 	 0.958728 	 0.00108508	0.00226693
1550 	 4775 	 0.958729 	 0.00108526	0.00226731
1550 	 4780 	 0.958729 	 0.00108544	0.00226769
1550 	 4785 	 0.95873 	 0.00108562	0.00226806
1550 	 4790 	 0.95873 	 0.0010858	0.00226844
1550 	 4795 	 0.95873 	 0.00108598	0.00226882
1550 	 4800 	 0.958731 	 0.00108616	0.0022692
1550 	 4805 	 0.958731 	 0.00108635	0.00226957
1550 	 4810 	 0.958732 	 0.00108653	0.00226995
1550 	 4815 	 0.958732 	 0.00108671	0.00227032
1550 	 4820 	 0.958733 	 0.00108688	0.0022707
1550 	 4825 	 0.958733 	 0.00108706	0.00227107
1550 	 4830 	 0.958734 	 0.00108724	0.00227145
1550 	 4835 	 0.958734 	 0.00108742	0.00227182
1550 	 4840 	 0.958734 	 0.0010876	0.0022722
1550 	 4845 	 0.958735 	 0.00108778	0.00227257
1550 	 4850 	 0.958735 	 0.00108796	0.00227294
1550 	 4855 	 0.958736 	 0.00108813	0.00227331
1550 	 4860 	 0.958736 	 0.00108831	0.00227368
1550 	 4865 	 0.958737 	 0.00108849	0.00227405
1550 	 4870 	 0.958737 	 0.00108867	0.00227442
1550 	 4875 	 0.958737 	 0.00108884	0.00227479
1550 	 4880 	 0.958738 	 0.00108902	0.00227516
1550 	 4885 	 0.958738 	 0.0010892	0.00227553
1550 	 4890 	 0.958739 	 0.00108937	0.0022759
1550 	 4895 	 0.958739 	 0.00108955	0.00227627
1550 	 4900 	 0.95874 	 0.00108972	0.00227663
1550 	 4905 	 0.95874 	 0.0010899	0.002277
1550 	 4910 	 0.95874 	 0.00109008	0.00227737
1550 	 4915 	 0.958741 	 0.00109025	0.00227773
1550 	 4920 	 0.958741 	 0.00109043	0.0022781
1550 	 4925 	 0.958742 	 0.0010906	0.00227846
1550 	 4930 	 0.958742 	 0.00109077	0.00227883
1550 	 4935 	 0.958743 	 0.00109095	0.00227919
1550 	 4940 	 0.958743 	 0.00109112	0.00227955
1550 	 4945 	 0.958743 	 0.0010913	0.00227992
1550 	 4950 	 0.958744 	 0.00109147	0.00228028
1550 	 4955 	 0.958744 	 0.00109164	0.00228064
1550 	 4960 	 0.958745 	 0.00109182	0.002281
1550 	 4965 	 0.958745 	 0.00109199	0.00228136
1550 	 4970 	 0.958745 	 0.00109216	0.00228172
1550 	 4975 	 0.958746 	 0.00109233	0.00228208
1550 	 4980 	 0.958746 	 0.00109251	0.00228244
1550 	 4985 	 0.958747 	 0.00109268	0.0022828
1550 	 4990 	 0.958747 	 0.00109285	0.00228316
1550 	 4995 	 0.958747 	 0.00109302	0.00228352
1550 	 5000 	 0.958748 	 0.00109319	0.00228388
