4375 	 5 	 0.877055 	 0.00533221	0.01114
4375 	 10 	 0.879669 	 0.00431292	0.00901047
4375 	 15 	 0.883336 	 0.00321994	0.00672703
4375 	 20 	 0.888183 	 0.00217117	0.00453597
4375 	 25 	 0.894105 	 0.00131802	0.00275358
4375 	 30 	 0.900683 	 0.00112251	0.00234512
4375 	 35 	 0.913106 	 0.00188131	0.00393041
4375 	 40 	 0.922112 	 0.00104699	0.00218735
4375 	 45 	 0.929236 	 0.000763538	0.00159517
4375 	 50 	 0.934688 	 0.000763104	0.00159426
4375 	 55 	 0.938746 	 0.000768059	0.00160462
4375 	 60 	 0.941727 	 0.000752594	0.00157231
4375 	 65 	 0.943917 	 0.000744084	0.00155453
4375 	 70 	 0.945548 	 0.000747075	0.00156078
4375 	 75 	 0.946788 	 0.000751907	0.00157087
4375 	 80 	 0.947755 	 0.000750644	0.00156823
4375 	 85 	 0.94853 	 0.000741051	0.00154819
4375 	 90 	 0.949169 	 0.000724586	0.00151379
4375 	 95 	 0.949708 	 0.000704015	0.00147082
4375 	 100 	 0.950173 	 0.000682035	0.0014249
4375 	 105 	 0.950581 	 0.000660723	0.00138037
4375 	 110 	 0.950944 	 0.000641432	0.00134007
4375 	 115 	 0.951271 	 0.000624886	0.0013055
4375 	 120 	 0.951569 	 0.000611336	0.00127719
4375 	 125 	 0.951841 	 0.000600716	0.00125501
4375 	 130 	 0.952091 	 0.000592777	0.00123842
4375 	 135 	 0.952324 	 0.000587178	0.00122672
4375 	 140 	 0.952539 	 0.000583555	0.00121915
4375 	 145 	 0.952741 	 0.000581559	0.00121498
4375 	 150 	 0.952929 	 0.000580875	0.00121355
4375 	 155 	 0.953106 	 0.000581234	0.0012143
4375 	 160 	 0.953272 	 0.00058241	0.00121676
4375 	 165 	 0.953429 	 0.000584218	0.00122054
4375 	 170 	 0.953577 	 0.000586509	0.00122532
4375 	 175 	 0.953718 	 0.000589165	0.00123087
4375 	 180 	 0.953851 	 0.000592094	0.00123699
4375 	 185 	 0.953977 	 0.000595221	0.00124353
4375 	 190 	 0.954097 	 0.000598491	0.00125036
4375 	 195 	 0.954212 	 0.000601858	0.00125739
4375 	 200 	 0.954321 	 0.00060529	0.00126456
4375 	 205 	 0.954426 	 0.000608761	0.00127181
4375 	 210 	 0.954525 	 0.000612251	0.0012791
4375 	 215 	 0.954621 	 0.000615744	0.0012864
4375 	 220 	 0.954712 	 0.00061923	0.00129368
4375 	 225 	 0.9548 	 0.000622701	0.00130094
4375 	 230 	 0.954885 	 0.000626151	0.00130814
4375 	 235 	 0.954966 	 0.000629575	0.0013153
4375 	 240 	 0.955044 	 0.000632971	0.00132239
4375 	 245 	 0.955119 	 0.000636337	0.00132942
4375 	 250 	 0.955191 	 0.000639672	0.00133639
4375 	 255 	 0.955261 	 0.000642974	0.00134329
4375 	 260 	 0.955328 	 0.000646245	0.00135012
4375 	 265 	 0.955393 	 0.000649484	0.00135689
4375 	 270 	 0.955456 	 0.000652691	0.00136359
4375 	 275 	 0.955517 	 0.000655868	0.00137023
4375 	 280 	 0.955576 	 0.000659015	0.0013768
4375 	 285 	 0.955633 	 0.000662133	0.00138332
4375 	 290 	 0.955688 	 0.000665223	0.00138977
4375 	 295 	 0.955742 	 0.000668284	0.00139617
4375 	 300 	 0.955794 	 0.000671319	0.00140251
4375 	 305 	 0.955844 	 0.000674328	0.0014088
4375 	 310 	 0.955893 	 0.000677312	0.00141503
4375 	 315 	 0.955941 	 0.000680272	0.00142121
4375 	 320 	 0.955987 	 0.000683207	0.00142734
4375 	 325 	 0.956032 	 0.00068612	0.00143343
4375 	 330 	 0.956076 	 0.00068901	0.00143947
4375 	 335 	 0.956119 	 0.000691878	0.00144546
4375 	 340 	 0.95616 	 0.000694725	0.00145141
4375 	 345 	 0.956201 	 0.000697551	0.00145731
4375 	 350 	 0.95624 	 0.000700357	0.00146317
4375 	 355 	 0.956278 	 0.000703143	0.00146899
4375 	 360 	 0.956316 	 0.000705909	0.00147477
4375 	 365 	 0.956353 	 0.000708657	0.00148051
4375 	 370 	 0.956388 	 0.000711386	0.00148621
4375 	 375 	 0.956423 	 0.000714097	0.00149188
4375 	 380 	 0.956457 	 0.000716789	0.0014975
4375 	 385 	 0.95649 	 0.000719464	0.00150309
4375 	 390 	 0.956523 	 0.000722122	0.00150864
4375 	 395 	 0.956555 	 0.000724762	0.00151416
4375 	 400 	 0.956586 	 0.000727386	0.00151964
4375 	 405 	 0.956616 	 0.000729992	0.00152509
4375 	 410 	 0.956646 	 0.000732583	0.0015305
4375 	 415 	 0.956675 	 0.000735157	0.00153588
4375 	 420 	 0.956703 	 0.000737715	0.00154122
4375 	 425 	 0.956731 	 0.000740257	0.00154653
4375 	 430 	 0.956759 	 0.000742784	0.00155181
4375 	 435 	 0.956785 	 0.000745295	0.00155706
4375 	 440 	 0.956812 	 0.000747791	0.00156227
4375 	 445 	 0.956837 	 0.000750271	0.00156745
4375 	 450 	 0.956863 	 0.000752736	0.0015726
4375 	 455 	 0.956887 	 0.000755187	0.00157772
4375 	 460 	 0.956912 	 0.000757622	0.00158281
4375 	 465 	 0.956935 	 0.000760043	0.00158787
4375 	 470 	 0.956959 	 0.00076245	0.0015929
4375 	 475 	 0.956982 	 0.000764841	0.00159789
4375 	 480 	 0.957004 	 0.000767219	0.00160286
4375 	 485 	 0.957026 	 0.000769582	0.0016078
4375 	 490 	 0.957048 	 0.000771932	0.00161271
4375 	 495 	 0.957069 	 0.000774267	0.00161758
4375 	 500 	 0.95709 	 0.000776588	0.00162243
4375 	 505 	 0.957111 	 0.000778896	0.00162726
4375 	 510 	 0.957131 	 0.00078119	0.00163205
4375 	 515 	 0.957151 	 0.00078347	0.00163681
4375 	 520 	 0.95717 	 0.000785737	0.00164155
4375 	 525 	 0.95719 	 0.00078799	0.00164625
4375 	 530 	 0.957209 	 0.00079023	0.00165093
4375 	 535 	 0.957227 	 0.000792457	0.00165559
4375 	 540 	 0.957246 	 0.000794671	0.00166021
4375 	 545 	 0.957264 	 0.000796872	0.00166481
4375 	 550 	 0.957281 	 0.000799059	0.00166938
4375 	 555 	 0.957299 	 0.000801234	0.00167392
4375 	 560 	 0.957316 	 0.000803397	0.00167844
4375 	 565 	 0.957333 	 0.000805546	0.00168293
4375 	 570 	 0.957349 	 0.000807683	0.0016874
4375 	 575 	 0.957366 	 0.000809808	0.00169184
4375 	 580 	 0.957382 	 0.00081192	0.00169625
4375 	 585 	 0.957398 	 0.00081402	0.00170064
4375 	 590 	 0.957414 	 0.000816107	0.001705
4375 	 595 	 0.957429 	 0.000818183	0.00170933
4375 	 600 	 0.957444 	 0.000820246	0.00171364
4375 	 605 	 0.957459 	 0.000822298	0.00171793
4375 	 610 	 0.957474 	 0.000824338	0.00172219
4375 	 615 	 0.957489 	 0.000826365	0.00172643
4375 	 620 	 0.957503 	 0.000828382	0.00173064
4375 	 625 	 0.957517 	 0.000830386	0.00173483
4375 	 630 	 0.957531 	 0.000832379	0.00173899
4375 	 635 	 0.957545 	 0.000834361	0.00174313
4375 	 640 	 0.957559 	 0.000836331	0.00174725
4375 	 645 	 0.957572 	 0.00083829	0.00175134
4375 	 650 	 0.957585 	 0.000840238	0.00175541
4375 	 655 	 0.957598 	 0.000842174	0.00175946
4375 	 660 	 0.957611 	 0.0008441	0.00176348
4375 	 665 	 0.957624 	 0.000846015	0.00176748
4375 	 670 	 0.957637 	 0.000847919	0.00177146
4375 	 675 	 0.957649 	 0.000849812	0.00177541
4375 	 680 	 0.957661 	 0.000851694	0.00177934
4375 	 685 	 0.957673 	 0.000853566	0.00178325
4375 	 690 	 0.957685 	 0.000855427	0.00178714
4375 	 695 	 0.957697 	 0.000857277	0.00179101
4375 	 700 	 0.957709 	 0.000859118	0.00179485
4375 	 705 	 0.95772 	 0.000860948	0.00179868
4375 	 710 	 0.957732 	 0.000862767	0.00180248
4375 	 715 	 0.957743 	 0.000864577	0.00180626
4375 	 720 	 0.957754 	 0.000866377	0.00181002
4375 	 725 	 0.957765 	 0.000868166	0.00181376
4375 	 730 	 0.957776 	 0.000869946	0.00181747
4375 	 735 	 0.957786 	 0.000871715	0.00182117
4375 	 740 	 0.957797 	 0.000873475	0.00182485
4375 	 745 	 0.957807 	 0.000875226	0.00182851
4375 	 750 	 0.957818 	 0.000876966	0.00183214
4375 	 755 	 0.957828 	 0.000878697	0.00183576
4375 	 760 	 0.957838 	 0.000880419	0.00183936
4375 	 765 	 0.957848 	 0.000882131	0.00184293
4375 	 770 	 0.957858 	 0.000883834	0.00184649
4375 	 775 	 0.957868 	 0.000885528	0.00185003
4375 	 780 	 0.957877 	 0.000887212	0.00185355
4375 	 785 	 0.957887 	 0.000888888	0.00185705
4375 	 790 	 0.957896 	 0.000890554	0.00186053
4375 	 795 	 0.957906 	 0.000892211	0.00186399
4375 	 800 	 0.957915 	 0.00089386	0.00186744
4375 	 805 	 0.957924 	 0.000895499	0.00187086
4375 	 810 	 0.957933 	 0.00089713	0.00187427
4375 	 815 	 0.957942 	 0.000898752	0.00187766
4375 	 820 	 0.957951 	 0.000900366	0.00188103
4375 	 825 	 0.95796 	 0.00090197	0.00188438
4375 	 830 	 0.957968 	 0.000903567	0.00188772
4375 	 835 	 0.957977 	 0.000905155	0.00189103
4375 	 840 	 0.957985 	 0.000906734	0.00189433
4375 	 845 	 0.957994 	 0.000908306	0.00189762
4375 	 850 	 0.958002 	 0.000909869	0.00190088
4375 	 855 	 0.95801 	 0.000911423	0.00190413
4375 	 860 	 0.958019 	 0.00091297	0.00190736
4375 	 865 	 0.958027 	 0.000914509	0.00191058
4375 	 870 	 0.958035 	 0.00091604	0.00191377
4375 	 875 	 0.958043 	 0.000917562	0.00191695
4375 	 880 	 0.95805 	 0.000919077	0.00192012
4375 	 885 	 0.958058 	 0.000920584	0.00192327
4375 	 890 	 0.958066 	 0.000922084	0.0019264
4375 	 895 	 0.958073 	 0.000923575	0.00192952
4375 	 900 	 0.958081 	 0.000925059	0.00193262
4375 	 905 	 0.958089 	 0.000926536	0.0019357
4375 	 910 	 0.958096 	 0.000928005	0.00193877
4375 	 915 	 0.958103 	 0.000929466	0.00194182
4375 	 920 	 0.958111 	 0.00093092	0.00194486
4375 	 925 	 0.958118 	 0.000932367	0.00194788
4375 	 930 	 0.958125 	 0.000933807	0.00195089
4375 	 935 	 0.958132 	 0.000935239	0.00195388
4375 	 940 	 0.958139 	 0.000936664	0.00195686
4375 	 945 	 0.958146 	 0.000938082	0.00195982
4375 	 950 	 0.958153 	 0.000939493	0.00196277
4375 	 955 	 0.95816 	 0.000940897	0.0019657
4375 	 960 	 0.958166 	 0.000942293	0.00196862
4375 	 965 	 0.958173 	 0.000943683	0.00197153
4375 	 970 	 0.95818 	 0.000945067	0.00197442
4375 	 975 	 0.958186 	 0.000946443	0.00197729
4375 	 980 	 0.958193 	 0.000947813	0.00198015
4375 	 985 	 0.958199 	 0.000949176	0.001983
4375 	 990 	 0.958206 	 0.000950532	0.00198583
4375 	 995 	 0.958212 	 0.000951881	0.00198865
4375 	 1000 	 0.958218 	 0.000953225	0.00199146
4375 	 1005 	 0.958224 	 0.000954561	0.00199425
4375 	 1010 	 0.958231 	 0.000955891	0.00199703
4375 	 1015 	 0.958237 	 0.000957215	0.0019998
4375 	 1020 	 0.958243 	 0.000958533	0.00200255
4375 	 1025 	 0.958249 	 0.000959844	0.00200529
4375 	 1030 	 0.958255 	 0.000961148	0.00200801
4375 	 1035 	 0.958261 	 0.000962447	0.00201073
4375 	 1040 	 0.958267 	 0.00096374	0.00201343
4375 	 1045 	 0.958273 	 0.000965026	0.00201611
4375 	 1050 	 0.958278 	 0.000966306	0.00201879
4375 	 1055 	 0.958284 	 0.00096758	0.00202145
4375 	 1060 	 0.95829 	 0.000968849	0.0020241
4375 	 1065 	 0.958295 	 0.000970111	0.00202674
4375 	 1070 	 0.958301 	 0.000971367	0.00202936
4375 	 1075 	 0.958307 	 0.000972618	0.00203198
4375 	 1080 	 0.958312 	 0.000973863	0.00203458
4375 	 1085 	 0.958318 	 0.000975102	0.00203717
4375 	 1090 	 0.958323 	 0.000976335	0.00203974
4375 	 1095 	 0.958328 	 0.000977562	0.00204231
4375 	 1100 	 0.958334 	 0.000978784	0.00204486
4375 	 1105 	 0.958339 	 0.000980001	0.0020474
4375 	 1110 	 0.958344 	 0.000981211	0.00204993
4375 	 1115 	 0.95835 	 0.000982417	0.00205245
4375 	 1120 	 0.958355 	 0.000983616	0.00205495
4375 	 1125 	 0.95836 	 0.000984811	0.00205745
4375 	 1130 	 0.958365 	 0.000986	0.00205993
4375 	 1135 	 0.95837 	 0.000987183	0.00206241
4375 	 1140 	 0.958375 	 0.000988361	0.00206487
4375 	 1145 	 0.95838 	 0.000989534	0.00206732
4375 	 1150 	 0.958385 	 0.000990702	0.00206976
4375 	 1155 	 0.95839 	 0.000991864	0.00207219
4375 	 1160 	 0.958395 	 0.000993022	0.0020746
4375 	 1165 	 0.9584 	 0.000994174	0.00207701
4375 	 1170 	 0.958404 	 0.000995321	0.00207941
4375 	 1175 	 0.958409 	 0.000996463	0.00208179
4375 	 1180 	 0.958414 	 0.0009976	0.00208417
4375 	 1185 	 0.958419 	 0.000998732	0.00208653
4375 	 1190 	 0.958423 	 0.000999858	0.00208889
4375 	 1195 	 0.958428 	 0.00100098	0.00209123
4375 	 1200 	 0.958433 	 0.0010021	0.00209356
4375 	 1205 	 0.958437 	 0.00100321	0.00209589
4375 	 1210 	 0.958442 	 0.00100432	0.0020982
4375 	 1215 	 0.958446 	 0.00100542	0.00210051
4375 	 1220 	 0.958451 	 0.00100652	0.0021028
4375 	 1225 	 0.958455 	 0.00100761	0.00210508
4375 	 1230 	 0.95846 	 0.0010087	0.00210736
4375 	 1235 	 0.958464 	 0.00100978	0.00210962
4375 	 1240 	 0.958468 	 0.00101086	0.00211188
4375 	 1245 	 0.958473 	 0.00101194	0.00211412
4375 	 1250 	 0.958477 	 0.00101301	0.00211636
4375 	 1255 	 0.958481 	 0.00101407	0.00211858
4375 	 1260 	 0.958485 	 0.00101513	0.0021208
4375 	 1265 	 0.95849 	 0.00101619	0.00212301
4375 	 1270 	 0.958494 	 0.00101724	0.00212521
4375 	 1275 	 0.958498 	 0.00101829	0.00212739
4375 	 1280 	 0.958502 	 0.00101933	0.00212957
4375 	 1285 	 0.958506 	 0.00102037	0.00213174
4375 	 1290 	 0.95851 	 0.00102141	0.00213391
4375 	 1295 	 0.958514 	 0.00102244	0.00213606
4375 	 1300 	 0.958518 	 0.00102346	0.0021382
4375 	 1305 	 0.958522 	 0.00102449	0.00214034
4375 	 1310 	 0.958526 	 0.0010255	0.00214246
4375 	 1315 	 0.95853 	 0.00102652	0.00214458
4375 	 1320 	 0.958534 	 0.00102753	0.00214669
4375 	 1325 	 0.958538 	 0.00102853	0.00214879
4375 	 1330 	 0.958542 	 0.00102953	0.00215088
4375 	 1335 	 0.958546 	 0.00103053	0.00215296
4375 	 1340 	 0.95855 	 0.00103152	0.00215504
4375 	 1345 	 0.958553 	 0.00103251	0.0021571
4375 	 1350 	 0.958557 	 0.0010335	0.00215916
4375 	 1355 	 0.958561 	 0.00103448	0.00216121
4375 	 1360 	 0.958565 	 0.00103545	0.00216325
4375 	 1365 	 0.958568 	 0.00103643	0.00216529
4375 	 1370 	 0.958572 	 0.0010374	0.00216731
4375 	 1375 	 0.958576 	 0.00103836	0.00216933
4375 	 1380 	 0.958579 	 0.00103932	0.00217134
4375 	 1385 	 0.958583 	 0.00104028	0.00217334
4375 	 1390 	 0.958586 	 0.00104124	0.00217533
4375 	 1395 	 0.95859 	 0.00104219	0.00217732
4375 	 1400 	 0.958593 	 0.00104313	0.00217929
4375 	 1405 	 0.958597 	 0.00104407	0.00218126
4375 	 1410 	 0.9586 	 0.00104501	0.00218322
4375 	 1415 	 0.958604 	 0.00104595	0.00218518
4375 	 1420 	 0.958607 	 0.00104688	0.00218712
4375 	 1425 	 0.958611 	 0.00104781	0.00218906
4375 	 1430 	 0.958614 	 0.00104873	0.002191
4375 	 1435 	 0.958618 	 0.00104965	0.00219292
4375 	 1440 	 0.958621 	 0.00105057	0.00219484
4375 	 1445 	 0.958624 	 0.00105149	0.00219675
4375 	 1450 	 0.958628 	 0.0010524	0.00219865
4375 	 1455 	 0.958631 	 0.0010533	0.00220054
4375 	 1460 	 0.958634 	 0.00105421	0.00220243
4375 	 1465 	 0.958638 	 0.00105511	0.00220431
4375 	 1470 	 0.958641 	 0.001056	0.00220618
4375 	 1475 	 0.958644 	 0.0010569	0.00220805
4375 	 1480 	 0.958647 	 0.00105779	0.00220991
4375 	 1485 	 0.958651 	 0.00105867	0.00221176
4375 	 1490 	 0.958654 	 0.00105956	0.0022136
4375 	 1495 	 0.958657 	 0.00106044	0.00221544
4375 	 1500 	 0.95866 	 0.00106131	0.00221727
4375 	 1505 	 0.958663 	 0.00106218	0.0022191
4375 	 1510 	 0.958666 	 0.00106305	0.00222091
4375 	 1515 	 0.958669 	 0.00106392	0.00222273
4375 	 1520 	 0.958672 	 0.00106478	0.00222453
4375 	 1525 	 0.958675 	 0.00106565	0.00222633
4375 	 1530 	 0.958679 	 0.0010665	0.00222812
4375 	 1535 	 0.958682 	 0.00106736	0.0022299
4375 	 1540 	 0.958685 	 0.00106821	0.00223168
4375 	 1545 	 0.958688 	 0.00106905	0.00223345
4375 	 1550 	 0.958691 	 0.0010699	0.00223521
4375 	 1555 	 0.958693 	 0.00107074	0.00223697
4375 	 1560 	 0.958696 	 0.00107158	0.00223872
4375 	 1565 	 0.958699 	 0.00107241	0.00224047
4375 	 1570 	 0.958702 	 0.00107325	0.00224221
4375 	 1575 	 0.958705 	 0.00107408	0.00224394
4375 	 1580 	 0.958708 	 0.0010749	0.00224567
4375 	 1585 	 0.958711 	 0.00107573	0.00224739
4375 	 1590 	 0.958714 	 0.00107655	0.0022491
4375 	 1595 	 0.958717 	 0.00107736	0.00225081
4375 	 1600 	 0.958719 	 0.00107818	0.00225251
4375 	 1605 	 0.958722 	 0.00107899	0.00225421
4375 	 1610 	 0.958725 	 0.0010798	0.0022559
4375 	 1615 	 0.958728 	 0.00108061	0.00225758
4375 	 1620 	 0.958731 	 0.00108141	0.00225926
4375 	 1625 	 0.958733 	 0.00108221	0.00226093
4375 	 1630 	 0.958736 	 0.00108301	0.0022626
4375 	 1635 	 0.958739 	 0.0010838	0.00226426
4375 	 1640 	 0.958741 	 0.00108459	0.00226591
4375 	 1645 	 0.958744 	 0.00108538	0.00226756
4375 	 1650 	 0.958747 	 0.00108617	0.0022692
4375 	 1655 	 0.958749 	 0.00108695	0.00227084
4375 	 1660 	 0.958752 	 0.00108773	0.00227247
4375 	 1665 	 0.958755 	 0.00108851	0.0022741
4375 	 1670 	 0.958757 	 0.00108929	0.00227572
4375 	 1675 	 0.95876 	 0.00109006	0.00227733
4375 	 1680 	 0.958763 	 0.00109083	0.00227894
4375 	 1685 	 0.958765 	 0.0010916	0.00228054
4375 	 1690 	 0.958768 	 0.00109236	0.00228214
4375 	 1695 	 0.95877 	 0.00109312	0.00228373
4375 	 1700 	 0.958773 	 0.00109388	0.00228532
4375 	 1705 	 0.958775 	 0.00109464	0.0022869
4375 	 1710 	 0.958778 	 0.00109539	0.00228848
4375 	 1715 	 0.95878 	 0.00109615	0.00229005
4375 	 1720 	 0.958783 	 0.0010969	0.00229162
4375 	 1725 	 0.958785 	 0.00109764	0.00229318
4375 	 1730 	 0.958788 	 0.00109839	0.00229473
4375 	 1735 	 0.95879 	 0.00109913	0.00229628
4375 	 1740 	 0.958793 	 0.00109987	0.00229782
4375 	 1745 	 0.958795 	 0.0011006	0.00229936
4375 	 1750 	 0.958798 	 0.00110134	0.0023009
4375 	 1755 	 0.9588 	 0.00110207	0.00230243
4375 	 1760 	 0.958802 	 0.0011028	0.00230395
4375 	 1765 	 0.958805 	 0.00110353	0.00230547
4375 	 1770 	 0.958807 	 0.00110425	0.00230698
4375 	 1775 	 0.95881 	 0.00110497	0.00230849
4375 	 1780 	 0.958812 	 0.00110569	0.00231
4375 	 1785 	 0.958814 	 0.00110641	0.0023115
4375 	 1790 	 0.958817 	 0.00110713	0.00231299
4375 	 1795 	 0.958819 	 0.00110784	0.00231448
4375 	 1800 	 0.958821 	 0.00110855	0.00231596
4375 	 1805 	 0.958823 	 0.00110926	0.00231744
4375 	 1810 	 0.958826 	 0.00110996	0.00231892
4375 	 1815 	 0.958828 	 0.00111067	0.00232039
4375 	 1820 	 0.95883 	 0.00111137	0.00232185
4375 	 1825 	 0.958833 	 0.00111207	0.00232331
4375 	 1830 	 0.958835 	 0.00111277	0.00232477
4375 	 1835 	 0.958837 	 0.00111346	0.00232622
4375 	 1840 	 0.958839 	 0.00111415	0.00232767
4375 	 1845 	 0.958841 	 0.00111484	0.00232911
4375 	 1850 	 0.958844 	 0.00111553	0.00233055
4375 	 1855 	 0.958846 	 0.00111622	0.00233198
4375 	 1860 	 0.958848 	 0.0011169	0.00233341
4375 	 1865 	 0.95885 	 0.00111758	0.00233483
4375 	 1870 	 0.958852 	 0.00111826	0.00233625
4375 	 1875 	 0.958855 	 0.00111894	0.00233766
4375 	 1880 	 0.958857 	 0.00111961	0.00233907
4375 	 1885 	 0.958859 	 0.00112029	0.00234048
4375 	 1890 	 0.958861 	 0.00112096	0.00234188
4375 	 1895 	 0.958863 	 0.00112162	0.00234328
4375 	 1900 	 0.958865 	 0.00112229	0.00234467
4375 	 1905 	 0.958867 	 0.00112296	0.00234606
4375 	 1910 	 0.958869 	 0.00112362	0.00234744
4375 	 1915 	 0.958871 	 0.00112428	0.00234882
4375 	 1920 	 0.958874 	 0.00112494	0.0023502
4375 	 1925 	 0.958876 	 0.00112559	0.00235157
4375 	 1930 	 0.958878 	 0.00112625	0.00235293
4375 	 1935 	 0.95888 	 0.0011269	0.0023543
4375 	 1940 	 0.958882 	 0.00112755	0.00235565
4375 	 1945 	 0.958884 	 0.0011282	0.00235701
4375 	 1950 	 0.958886 	 0.00112884	0.00235836
4375 	 1955 	 0.958888 	 0.00112949	0.0023597
4375 	 1960 	 0.95889 	 0.00113013	0.00236105
4375 	 1965 	 0.958892 	 0.00113077	0.00236238
4375 	 1970 	 0.958894 	 0.00113141	0.00236372
4375 	 1975 	 0.958896 	 0.00113204	0.00236505
4375 	 1980 	 0.958898 	 0.00113268	0.00236637
4375 	 1985 	 0.9589 	 0.00113331	0.00236769
4375 	 1990 	 0.958902 	 0.00113394	0.00236901
4375 	 1995 	 0.958903 	 0.00113457	0.00237032
4375 	 2000 	 0.958905 	 0.0011352	0.00237163
4375 	 2005 	 0.958907 	 0.00113582	0.00237294
4375 	 2010 	 0.958909 	 0.00113645	0.00237424
4375 	 2015 	 0.958911 	 0.00113707	0.00237554
4375 	 2020 	 0.958913 	 0.00113769	0.00237683
4375 	 2025 	 0.958915 	 0.0011383	0.00237812
4375 	 2030 	 0.958917 	 0.00113892	0.00237941
4375 	 2035 	 0.958919 	 0.00113953	0.00238069
4375 	 2040 	 0.958921 	 0.00114014	0.00238197
4375 	 2045 	 0.958922 	 0.00114075	0.00238324
4375 	 2050 	 0.958924 	 0.00114136	0.00238452
4375 	 2055 	 0.958926 	 0.00114197	0.00238578
4375 	 2060 	 0.958928 	 0.00114257	0.00238705
4375 	 2065 	 0.95893 	 0.00114318	0.00238831
4375 	 2070 	 0.958932 	 0.00114378	0.00238956
4375 	 2075 	 0.958933 	 0.00114438	0.00239082
4375 	 2080 	 0.958935 	 0.00114498	0.00239206
4375 	 2085 	 0.958937 	 0.00114557	0.00239331
4375 	 2090 	 0.958939 	 0.00114617	0.00239455
4375 	 2095 	 0.958941 	 0.00114676	0.00239579
4375 	 2100 	 0.958942 	 0.00114735	0.00239702
4375 	 2105 	 0.958944 	 0.00114794	0.00239826
4375 	 2110 	 0.958946 	 0.00114853	0.00239948
4375 	 2115 	 0.958948 	 0.00114911	0.00240071
4375 	 2120 	 0.958949 	 0.0011497	0.00240193
4375 	 2125 	 0.958951 	 0.00115028	0.00240314
4375 	 2130 	 0.958953 	 0.00115086	0.00240436
4375 	 2135 	 0.958955 	 0.00115144	0.00240557
4375 	 2140 	 0.958956 	 0.00115202	0.00240677
4375 	 2145 	 0.958958 	 0.00115259	0.00240798
4375 	 2150 	 0.95896 	 0.00115317	0.00240918
4375 	 2155 	 0.958961 	 0.00115374	0.00241037
4375 	 2160 	 0.958963 	 0.00115431	0.00241157
4375 	 2165 	 0.958965 	 0.00115488	0.00241276
4375 	 2170 	 0.958967 	 0.00115545	0.00241394
4375 	 2175 	 0.958968 	 0.00115601	0.00241512
4375 	 2180 	 0.95897 	 0.00115658	0.0024163
4375 	 2185 	 0.958972 	 0.00115714	0.00241748
4375 	 2190 	 0.958973 	 0.0011577	0.00241865
4375 	 2195 	 0.958975 	 0.00115826	0.00241982
4375 	 2200 	 0.958976 	 0.00115882	0.00242099
4375 	 2205 	 0.958978 	 0.00115938	0.00242215
4375 	 2210 	 0.95898 	 0.00115993	0.00242331
4375 	 2215 	 0.958981 	 0.00116049	0.00242447
4375 	 2220 	 0.958983 	 0.00116104	0.00242562
4375 	 2225 	 0.958985 	 0.00116159	0.00242677
4375 	 2230 	 0.958986 	 0.00116214	0.00242792
4375 	 2235 	 0.958988 	 0.00116269	0.00242906
4375 	 2240 	 0.958989 	 0.00116323	0.00243021
4375 	 2245 	 0.958991 	 0.00116378	0.00243134
4375 	 2250 	 0.958993 	 0.00116432	0.00243248
4375 	 2255 	 0.958994 	 0.00116486	0.00243361
4375 	 2260 	 0.958996 	 0.0011654	0.00243474
4375 	 2265 	 0.958997 	 0.00116594	0.00243586
4375 	 2270 	 0.958999 	 0.00116648	0.00243699
4375 	 2275 	 0.959 	 0.00116701	0.00243811
4375 	 2280 	 0.959002 	 0.00116755	0.00243922
4375 	 2285 	 0.959003 	 0.00116808	0.00244033
4375 	 2290 	 0.959005 	 0.00116861	0.00244145
4375 	 2295 	 0.959007 	 0.00116914	0.00244255
4375 	 2300 	 0.959008 	 0.00116967	0.00244366
4375 	 2305 	 0.95901 	 0.0011702	0.00244476
4375 	 2310 	 0.959011 	 0.00117072	0.00244586
4375 	 2315 	 0.959013 	 0.00117125	0.00244695
4375 	 2320 	 0.959014 	 0.00117177	0.00244805
4375 	 2325 	 0.959016 	 0.00117229	0.00244913
4375 	 2330 	 0.959017 	 0.00117281	0.00245022
4375 	 2335 	 0.959019 	 0.00117333	0.00245131
4375 	 2340 	 0.95902 	 0.00117385	0.00245239
4375 	 2345 	 0.959021 	 0.00117437	0.00245347
4375 	 2350 	 0.959023 	 0.00117488	0.00245454
4375 	 2355 	 0.959024 	 0.00117539	0.00245561
4375 	 2360 	 0.959026 	 0.00117591	0.00245668
4375 	 2365 	 0.959027 	 0.00117642	0.00245775
4375 	 2370 	 0.959029 	 0.00117693	0.00245881
4375 	 2375 	 0.95903 	 0.00117743	0.00245988
4375 	 2380 	 0.959032 	 0.00117794	0.00246093
4375 	 2385 	 0.959033 	 0.00117845	0.00246199
4375 	 2390 	 0.959035 	 0.00117895	0.00246304
4375 	 2395 	 0.959036 	 0.00117945	0.00246409
4375 	 2400 	 0.959037 	 0.00117996	0.00246514
4375 	 2405 	 0.959039 	 0.00118046	0.00246619
4375 	 2410 	 0.95904 	 0.00118095	0.00246723
4375 	 2415 	 0.959042 	 0.00118145	0.00246827
4375 	 2420 	 0.959043 	 0.00118195	0.00246931
4375 	 2425 	 0.959044 	 0.00118244	0.00247034
4375 	 2430 	 0.959046 	 0.00118294	0.00247137
4375 	 2435 	 0.959047 	 0.00118343	0.0024724
4375 	 2440 	 0.959049 	 0.00118392	0.00247343
4375 	 2445 	 0.95905 	 0.00118441	0.00247445
4375 	 2450 	 0.959051 	 0.0011849	0.00247547
4375 	 2455 	 0.959053 	 0.00118539	0.00247649
4375 	 2460 	 0.959054 	 0.00118587	0.00247751
4375 	 2465 	 0.959055 	 0.00118636	0.00247852
4375 	 2470 	 0.959057 	 0.00118684	0.00247953
4375 	 2475 	 0.959058 	 0.00118733	0.00248054
4375 	 2480 	 0.959059 	 0.00118781	0.00248154
4375 	 2485 	 0.959061 	 0.00118829	0.00248255
4375 	 2490 	 0.959062 	 0.00118877	0.00248355
4375 	 2495 	 0.959063 	 0.00118924	0.00248455
4375 	 2500 	 0.959065 	 0.00118972	0.00248554
4375 	 2505 	 0.959066 	 0.0011902	0.00248654
4375 	 2510 	 0.959067 	 0.00119067	0.00248753
4375 	 2515 	 0.959069 	 0.00119114	0.00248851
4375 	 2520 	 0.95907 	 0.00119161	0.0024895
4375 	 2525 	 0.959071 	 0.00119209	0.00249048
4375 	 2530 	 0.959073 	 0.00119256	0.00249146
4375 	 2535 	 0.959074 	 0.00119302	0.00249244
4375 	 2540 	 0.959075 	 0.00119349	0.00249342
4375 	 2545 	 0.959076 	 0.00119396	0.00249439
4375 	 2550 	 0.959078 	 0.00119442	0.00249536
4375 	 2555 	 0.959079 	 0.00119489	0.00249633
4375 	 2560 	 0.95908 	 0.00119535	0.0024973
4375 	 2565 	 0.959082 	 0.00119581	0.00249826
4375 	 2570 	 0.959083 	 0.00119627	0.00249923
4375 	 2575 	 0.959084 	 0.00119673	0.00250019
4375 	 2580 	 0.959085 	 0.00119719	0.00250114
4375 	 2585 	 0.959087 	 0.00119764	0.0025021
4375 	 2590 	 0.959088 	 0.0011981	0.00250305
4375 	 2595 	 0.959089 	 0.00119856	0.002504
4375 	 2600 	 0.95909 	 0.00119901	0.00250495
4375 	 2605 	 0.959091 	 0.00119946	0.00250589
4375 	 2610 	 0.959093 	 0.00119991	0.00250684
4375 	 2615 	 0.959094 	 0.00120036	0.00250778
4375 	 2620 	 0.959095 	 0.00120081	0.00250872
4375 	 2625 	 0.959096 	 0.00120126	0.00250965
4375 	 2630 	 0.959098 	 0.00120171	0.00251059
4375 	 2635 	 0.959099 	 0.00120215	0.00251152
4375 	 2640 	 0.9591 	 0.0012026	0.00251245
4375 	 2645 	 0.959101 	 0.00120304	0.00251338
4375 	 2650 	 0.959102 	 0.00120349	0.0025143
4375 	 2655 	 0.959104 	 0.00120393	0.00251523
4375 	 2660 	 0.959105 	 0.00120437	0.00251615
4375 	 2665 	 0.959106 	 0.00120481	0.00251707
4375 	 2670 	 0.959107 	 0.00120525	0.00251798
4375 	 2675 	 0.959108 	 0.00120569	0.0025189
4375 	 2680 	 0.95911 	 0.00120612	0.00251981
4375 	 2685 	 0.959111 	 0.00120656	0.00252072
4375 	 2690 	 0.959112 	 0.00120699	0.00252163
4375 	 2695 	 0.959113 	 0.00120743	0.00252253
4375 	 2700 	 0.959114 	 0.00120786	0.00252344
4375 	 2705 	 0.959115 	 0.00120829	0.00252434
4375 	 2710 	 0.959117 	 0.00120872	0.00252524
4375 	 2715 	 0.959118 	 0.00120915	0.00252614
4375 	 2720 	 0.959119 	 0.00120958	0.00252703
4375 	 2725 	 0.95912 	 0.00121001	0.00252793
4375 	 2730 	 0.959121 	 0.00121043	0.00252882
4375 	 2735 	 0.959122 	 0.00121086	0.00252971
4375 	 2740 	 0.959123 	 0.00121128	0.00253059
4375 	 2745 	 0.959124 	 0.00121171	0.00253148
4375 	 2750 	 0.959126 	 0.00121213	0.00253236
4375 	 2755 	 0.959127 	 0.00121255	0.00253324
4375 	 2760 	 0.959128 	 0.00121297	0.00253412
4375 	 2765 	 0.959129 	 0.00121339	0.002535
4375 	 2770 	 0.95913 	 0.00121381	0.00253587
4375 	 2775 	 0.959131 	 0.00121423	0.00253675
4375 	 2780 	 0.959132 	 0.00121465	0.00253762
4375 	 2785 	 0.959133 	 0.00121506	0.00253849
4375 	 2790 	 0.959134 	 0.00121548	0.00253935
4375 	 2795 	 0.959136 	 0.00121589	0.00254022
4375 	 2800 	 0.959137 	 0.0012163	0.00254108
4375 	 2805 	 0.959138 	 0.00121672	0.00254194
4375 	 2810 	 0.959139 	 0.00121713	0.0025428
4375 	 2815 	 0.95914 	 0.00121754	0.00254366
4375 	 2820 	 0.959141 	 0.00121795	0.00254451
4375 	 2825 	 0.959142 	 0.00121836	0.00254537
4375 	 2830 	 0.959143 	 0.00121876	0.00254622
4375 	 2835 	 0.959144 	 0.00121917	0.00254707
4375 	 2840 	 0.959145 	 0.00121958	0.00254792
4375 	 2845 	 0.959146 	 0.00121998	0.00254876
4375 	 2850 	 0.959147 	 0.00122038	0.00254961
4375 	 2855 	 0.959148 	 0.00122079	0.00255045
4375 	 2860 	 0.95915 	 0.00122119	0.00255129
4375 	 2865 	 0.959151 	 0.00122159	0.00255213
4375 	 2870 	 0.959152 	 0.00122199	0.00255296
4375 	 2875 	 0.959153 	 0.00122239	0.0025538
4375 	 2880 	 0.959154 	 0.00122279	0.00255463
4375 	 2885 	 0.959155 	 0.00122319	0.00255546
4375 	 2890 	 0.959156 	 0.00122358	0.00255629
4375 	 2895 	 0.959157 	 0.00122398	0.00255712
4375 	 2900 	 0.959158 	 0.00122437	0.00255794
4375 	 2905 	 0.959159 	 0.00122477	0.00255876
4375 	 2910 	 0.95916 	 0.00122516	0.00255959
4375 	 2915 	 0.959161 	 0.00122555	0.00256041
4375 	 2920 	 0.959162 	 0.00122595	0.00256122
4375 	 2925 	 0.959163 	 0.00122634	0.00256204
4375 	 2930 	 0.959164 	 0.00122673	0.00256286
4375 	 2935 	 0.959165 	 0.00122712	0.00256367
4375 	 2940 	 0.959166 	 0.0012275	0.00256448
4375 	 2945 	 0.959167 	 0.00122789	0.00256529
4375 	 2950 	 0.959168 	 0.00122828	0.0025661
4375 	 2955 	 0.959169 	 0.00122866	0.0025669
4375 	 2960 	 0.95917 	 0.00122905	0.00256771
4375 	 2965 	 0.959171 	 0.00122943	0.00256851
4375 	 2970 	 0.959172 	 0.00122982	0.00256931
4375 	 2975 	 0.959173 	 0.0012302	0.00257011
4375 	 2980 	 0.959174 	 0.00123058	0.0025709
4375 	 2985 	 0.959175 	 0.00123096	0.0025717
4375 	 2990 	 0.959176 	 0.00123134	0.00257249
4375 	 2995 	 0.959177 	 0.00123172	0.00257328
4375 	 3000 	 0.959178 	 0.0012321	0.00257407
4375 	 3005 	 0.959179 	 0.00123247	0.00257486
4375 	 3010 	 0.95918 	 0.00123285	0.00257565
4375 	 3015 	 0.959181 	 0.00123323	0.00257644
4375 	 3020 	 0.959182 	 0.0012336	0.00257722
4375 	 3025 	 0.959183 	 0.00123398	0.002578
4375 	 3030 	 0.959184 	 0.00123435	0.00257878
4375 	 3035 	 0.959185 	 0.00123472	0.00257956
4375 	 3040 	 0.959186 	 0.00123509	0.00258034
4375 	 3045 	 0.959186 	 0.00123547	0.00258111
4375 	 3050 	 0.959187 	 0.00123584	0.00258189
4375 	 3055 	 0.959188 	 0.0012362	0.00258266
4375 	 3060 	 0.959189 	 0.00123657	0.00258343
4375 	 3065 	 0.95919 	 0.00123694	0.0025842
4375 	 3070 	 0.959191 	 0.00123731	0.00258496
4375 	 3075 	 0.959192 	 0.00123768	0.00258573
4375 	 3080 	 0.959193 	 0.00123804	0.00258649
4375 	 3085 	 0.959194 	 0.00123841	0.00258726
4375 	 3090 	 0.959195 	 0.00123877	0.00258802
4375 	 3095 	 0.959196 	 0.00123913	0.00258878
4375 	 3100 	 0.959197 	 0.0012395	0.00258953
4375 	 3105 	 0.959198 	 0.00123986	0.00259029
4375 	 3110 	 0.959199 	 0.00124022	0.00259104
4375 	 3115 	 0.959199 	 0.00124058	0.0025918
4375 	 3120 	 0.9592 	 0.00124094	0.00259255
4375 	 3125 	 0.959201 	 0.0012413	0.0025933
4375 	 3130 	 0.959202 	 0.00124166	0.00259405
4375 	 3135 	 0.959203 	 0.00124201	0.00259479
4375 	 3140 	 0.959204 	 0.00124237	0.00259554
4375 	 3145 	 0.959205 	 0.00124273	0.00259628
4375 	 3150 	 0.959206 	 0.00124308	0.00259702
4375 	 3155 	 0.959207 	 0.00124344	0.00259776
4375 	 3160 	 0.959208 	 0.00124379	0.0025985
4375 	 3165 	 0.959208 	 0.00124414	0.00259924
4375 	 3170 	 0.959209 	 0.0012445	0.00259998
4375 	 3175 	 0.95921 	 0.00124485	0.00260071
4375 	 3180 	 0.959211 	 0.0012452	0.00260144
4375 	 3185 	 0.959212 	 0.00124555	0.00260218
4375 	 3190 	 0.959213 	 0.0012459	0.00260291
4375 	 3195 	 0.959214 	 0.00124625	0.00260364
4375 	 3200 	 0.959215 	 0.00124659	0.00260436
4375 	 3205 	 0.959215 	 0.00124694	0.00260509
4375 	 3210 	 0.959216 	 0.00124729	0.00260581
4375 	 3215 	 0.959217 	 0.00124763	0.00260653
4375 	 3220 	 0.959218 	 0.00124798	0.00260726
4375 	 3225 	 0.959219 	 0.00124832	0.00260798
4375 	 3230 	 0.95922 	 0.00124867	0.00260869
4375 	 3235 	 0.959221 	 0.00124901	0.00260941
4375 	 3240 	 0.959221 	 0.00124935	0.00261013
4375 	 3245 	 0.959222 	 0.0012497	0.00261084
4375 	 3250 	 0.959223 	 0.00125004	0.00261155
4375 	 3255 	 0.959224 	 0.00125038	0.00261227
4375 	 3260 	 0.959225 	 0.00125072	0.00261298
4375 	 3265 	 0.959226 	 0.00125106	0.00261368
4375 	 3270 	 0.959227 	 0.00125139	0.00261439
4375 	 3275 	 0.959227 	 0.00125173	0.0026151
4375 	 3280 	 0.959228 	 0.00125207	0.0026158
4375 	 3285 	 0.959229 	 0.00125241	0.0026165
4375 	 3290 	 0.95923 	 0.00125274	0.0026172
4375 	 3295 	 0.959231 	 0.00125308	0.00261791
4375 	 3300 	 0.959232 	 0.00125341	0.0026186
4375 	 3305 	 0.959232 	 0.00125374	0.0026193
4375 	 3310 	 0.959233 	 0.00125408	0.00262
4375 	 3315 	 0.959234 	 0.00125441	0.00262069
4375 	 3320 	 0.959235 	 0.00125474	0.00262138
4375 	 3325 	 0.959236 	 0.00125507	0.00262208
4375 	 3330 	 0.959236 	 0.0012554	0.00262277
4375 	 3335 	 0.959237 	 0.00125573	0.00262346
4375 	 3340 	 0.959238 	 0.00125606	0.00262414
4375 	 3345 	 0.959239 	 0.00125639	0.00262483
4375 	 3350 	 0.95924 	 0.00125672	0.00262552
4375 	 3355 	 0.959241 	 0.00125705	0.0026262
4375 	 3360 	 0.959241 	 0.00125737	0.00262688
4375 	 3365 	 0.959242 	 0.0012577	0.00262756
4375 	 3370 	 0.959243 	 0.00125803	0.00262824
4375 	 3375 	 0.959244 	 0.00125835	0.00262892
4375 	 3380 	 0.959245 	 0.00125867	0.0026296
4375 	 3385 	 0.959245 	 0.001259	0.00263028
4375 	 3390 	 0.959246 	 0.00125932	0.00263095
4375 	 3395 	 0.959247 	 0.00125964	0.00263162
4375 	 3400 	 0.959248 	 0.00125996	0.0026323
4375 	 3405 	 0.959248 	 0.00126029	0.00263297
4375 	 3410 	 0.959249 	 0.00126061	0.00263364
4375 	 3415 	 0.95925 	 0.00126093	0.0026343
4375 	 3420 	 0.959251 	 0.00126125	0.00263497
4375 	 3425 	 0.959252 	 0.00126156	0.00263564
4375 	 3430 	 0.959252 	 0.00126188	0.0026363
4375 	 3435 	 0.959253 	 0.0012622	0.00263696
4375 	 3440 	 0.959254 	 0.00126252	0.00263763
4375 	 3445 	 0.959255 	 0.00126283	0.00263829
4375 	 3450 	 0.959255 	 0.00126315	0.00263895
4375 	 3455 	 0.959256 	 0.00126346	0.00263961
4375 	 3460 	 0.959257 	 0.00126378	0.00264026
4375 	 3465 	 0.959258 	 0.00126409	0.00264092
4375 	 3470 	 0.959258 	 0.0012644	0.00264157
4375 	 3475 	 0.959259 	 0.00126472	0.00264223
4375 	 3480 	 0.95926 	 0.00126503	0.00264288
4375 	 3485 	 0.959261 	 0.00126534	0.00264353
4375 	 3490 	 0.959262 	 0.00126565	0.00264418
4375 	 3495 	 0.959262 	 0.00126596	0.00264483
4375 	 3500 	 0.959263 	 0.00126627	0.00264547
4375 	 3505 	 0.959264 	 0.00126658	0.00264612
4375 	 3510 	 0.959265 	 0.00126689	0.00264676
4375 	 3515 	 0.959265 	 0.0012672	0.00264741
4375 	 3520 	 0.959266 	 0.00126751	0.00264805
4375 	 3525 	 0.959267 	 0.00126781	0.00264869
4375 	 3530 	 0.959267 	 0.00126812	0.00264933
4375 	 3535 	 0.959268 	 0.00126842	0.00264997
4375 	 3540 	 0.959269 	 0.00126873	0.00265061
4375 	 3545 	 0.95927 	 0.00126903	0.00265124
4375 	 3550 	 0.95927 	 0.00126934	0.00265188
4375 	 3555 	 0.959271 	 0.00126964	0.00265251
4375 	 3560 	 0.959272 	 0.00126994	0.00265315
4375 	 3565 	 0.959273 	 0.00127025	0.00265378
4375 	 3570 	 0.959273 	 0.00127055	0.00265441
4375 	 3575 	 0.959274 	 0.00127085	0.00265504
4375 	 3580 	 0.959275 	 0.00127115	0.00265567
4375 	 3585 	 0.959275 	 0.00127145	0.00265629
4375 	 3590 	 0.959276 	 0.00127175	0.00265692
4375 	 3595 	 0.959277 	 0.00127205	0.00265754
4375 	 3600 	 0.959278 	 0.00127235	0.00265817
4375 	 3605 	 0.959278 	 0.00127265	0.00265879
4375 	 3610 	 0.959279 	 0.00127294	0.00265941
4375 	 3615 	 0.95928 	 0.00127324	0.00266003
4375 	 3620 	 0.95928 	 0.00127354	0.00266065
4375 	 3625 	 0.959281 	 0.00127383	0.00266127
4375 	 3630 	 0.959282 	 0.00127413	0.00266189
4375 	 3635 	 0.959283 	 0.00127442	0.0026625
4375 	 3640 	 0.959283 	 0.00127472	0.00266312
4375 	 3645 	 0.959284 	 0.00127501	0.00266373
4375 	 3650 	 0.959285 	 0.0012753	0.00266434
4375 	 3655 	 0.959285 	 0.0012756	0.00266495
4375 	 3660 	 0.959286 	 0.00127589	0.00266556
4375 	 3665 	 0.959287 	 0.00127618	0.00266617
4375 	 3670 	 0.959287 	 0.00127647	0.00266678
4375 	 3675 	 0.959288 	 0.00127676	0.00266739
4375 	 3680 	 0.959289 	 0.00127705	0.00266799
4375 	 3685 	 0.95929 	 0.00127734	0.0026686
4375 	 3690 	 0.95929 	 0.00127763	0.0026692
4375 	 3695 	 0.959291 	 0.00127792	0.00266981
4375 	 3700 	 0.959292 	 0.00127821	0.00267041
4375 	 3705 	 0.959292 	 0.00127849	0.00267101
4375 	 3710 	 0.959293 	 0.00127878	0.00267161
4375 	 3715 	 0.959294 	 0.00127907	0.00267221
4375 	 3720 	 0.959294 	 0.00127935	0.0026728
4375 	 3725 	 0.959295 	 0.00127964	0.0026734
4375 	 3730 	 0.959296 	 0.00127992	0.002674
4375 	 3735 	 0.959296 	 0.00128021	0.00267459
4375 	 3740 	 0.959297 	 0.00128049	0.00267518
4375 	 3745 	 0.959298 	 0.00128078	0.00267578
4375 	 3750 	 0.959298 	 0.00128106	0.00267637
4375 	 3755 	 0.959299 	 0.00128134	0.00267696
4375 	 3760 	 0.9593 	 0.00128162	0.00267755
4375 	 3765 	 0.9593 	 0.00128191	0.00267813
4375 	 3770 	 0.959301 	 0.00128219	0.00267872
4375 	 3775 	 0.959302 	 0.00128247	0.00267931
4375 	 3780 	 0.959302 	 0.00128275	0.00267989
4375 	 3785 	 0.959303 	 0.00128303	0.00268048
4375 	 3790 	 0.959304 	 0.00128331	0.00268106
4375 	 3795 	 0.959304 	 0.00128358	0.00268164
4375 	 3800 	 0.959305 	 0.00128386	0.00268222
4375 	 3805 	 0.959306 	 0.00128414	0.0026828
4375 	 3810 	 0.959306 	 0.00128442	0.00268338
4375 	 3815 	 0.959307 	 0.00128469	0.00268396
4375 	 3820 	 0.959308 	 0.00128497	0.00268453
4375 	 3825 	 0.959308 	 0.00128524	0.00268511
4375 	 3830 	 0.959309 	 0.00128552	0.00268569
4375 	 3835 	 0.959309 	 0.00128579	0.00268626
4375 	 3840 	 0.95931 	 0.00128607	0.00268683
4375 	 3845 	 0.959311 	 0.00128634	0.0026874
4375 	 3850 	 0.959311 	 0.00128662	0.00268797
4375 	 3855 	 0.959312 	 0.00128689	0.00268854
4375 	 3860 	 0.959313 	 0.00128716	0.00268911
4375 	 3865 	 0.959313 	 0.00128743	0.00268968
4375 	 3870 	 0.959314 	 0.0012877	0.00269025
4375 	 3875 	 0.959315 	 0.00128798	0.00269081
4375 	 3880 	 0.959315 	 0.00128825	0.00269138
4375 	 3885 	 0.959316 	 0.00128852	0.00269194
4375 	 3890 	 0.959316 	 0.00128879	0.00269251
4375 	 3895 	 0.959317 	 0.00128905	0.00269307
4375 	 3900 	 0.959318 	 0.00128932	0.00269363
4375 	 3905 	 0.959318 	 0.00128959	0.00269419
4375 	 3910 	 0.959319 	 0.00128986	0.00269475
4375 	 3915 	 0.95932 	 0.00129013	0.00269531
4375 	 3920 	 0.95932 	 0.00129039	0.00269587
4375 	 3925 	 0.959321 	 0.00129066	0.00269642
4375 	 3930 	 0.959321 	 0.00129093	0.00269698
4375 	 3935 	 0.959322 	 0.00129119	0.00269753
4375 	 3940 	 0.959323 	 0.00129146	0.00269809
4375 	 3945 	 0.959323 	 0.00129172	0.00269864
4375 	 3950 	 0.959324 	 0.00129198	0.00269919
4375 	 3955 	 0.959324 	 0.00129225	0.00269974
4375 	 3960 	 0.959325 	 0.00129251	0.00270029
4375 	 3965 	 0.959326 	 0.00129277	0.00270084
4375 	 3970 	 0.959326 	 0.00129304	0.00270139
4375 	 3975 	 0.959327 	 0.0012933	0.00270194
4375 	 3980 	 0.959327 	 0.00129356	0.00270248
4375 	 3985 	 0.959328 	 0.00129382	0.00270303
4375 	 3990 	 0.959329 	 0.00129408	0.00270357
4375 	 3995 	 0.959329 	 0.00129434	0.00270412
4375 	 4000 	 0.95933 	 0.0012946	0.00270466
4375 	 4005 	 0.95933 	 0.00129486	0.0027052
4375 	 4010 	 0.959331 	 0.00129512	0.00270574
4375 	 4015 	 0.959332 	 0.00129538	0.00270628
4375 	 4020 	 0.959332 	 0.00129564	0.00270682
4375 	 4025 	 0.959333 	 0.00129589	0.00270736
4375 	 4030 	 0.959333 	 0.00129615	0.0027079
4375 	 4035 	 0.959334 	 0.00129641	0.00270843
4375 	 4040 	 0.959335 	 0.00129667	0.00270897
4375 	 4045 	 0.959335 	 0.00129692	0.0027095
4375 	 4050 	 0.959336 	 0.00129718	0.00271004
4375 	 4055 	 0.959336 	 0.00129743	0.00271057
4375 	 4060 	 0.959337 	 0.00129769	0.0027111
4375 	 4065 	 0.959338 	 0.00129794	0.00271164
4375 	 4070 	 0.959338 	 0.00129819	0.00271217
4375 	 4075 	 0.959339 	 0.00129845	0.0027127
4375 	 4080 	 0.959339 	 0.0012987	0.00271322
4375 	 4085 	 0.95934 	 0.00129895	0.00271375
4375 	 4090 	 0.95934 	 0.00129921	0.00271428
4375 	 4095 	 0.959341 	 0.00129946	0.0027148
4375 	 4100 	 0.959342 	 0.00129971	0.00271533
4375 	 4105 	 0.959342 	 0.00129996	0.00271585
4375 	 4110 	 0.959343 	 0.00130021	0.00271638
4375 	 4115 	 0.959343 	 0.00130046	0.0027169
4375 	 4120 	 0.959344 	 0.00130071	0.00271742
4375 	 4125 	 0.959344 	 0.00130096	0.00271794
4375 	 4130 	 0.959345 	 0.00130121	0.00271846
4375 	 4135 	 0.959346 	 0.00130146	0.00271898
4375 	 4140 	 0.959346 	 0.00130171	0.0027195
4375 	 4145 	 0.959347 	 0.00130195	0.00272002
4375 	 4150 	 0.959347 	 0.0013022	0.00272054
4375 	 4155 	 0.959348 	 0.00130245	0.00272105
4375 	 4160 	 0.959348 	 0.0013027	0.00272157
4375 	 4165 	 0.959349 	 0.00130294	0.00272208
4375 	 4170 	 0.959349 	 0.00130319	0.0027226
4375 	 4175 	 0.95935 	 0.00130343	0.00272311
4375 	 4180 	 0.959351 	 0.00130368	0.00272362
4375 	 4185 	 0.959351 	 0.00130392	0.00272413
4375 	 4190 	 0.959352 	 0.00130417	0.00272464
4375 	 4195 	 0.959352 	 0.00130441	0.00272515
4375 	 4200 	 0.959353 	 0.00130465	0.00272566
4375 	 4205 	 0.959353 	 0.0013049	0.00272617
4375 	 4210 	 0.959354 	 0.00130514	0.00272667
4375 	 4215 	 0.959354 	 0.00130538	0.00272718
4375 	 4220 	 0.959355 	 0.00130562	0.00272769
4375 	 4225 	 0.959356 	 0.00130587	0.00272819
4375 	 4230 	 0.959356 	 0.00130611	0.00272869
4375 	 4235 	 0.959357 	 0.00130635	0.0027292
4375 	 4240 	 0.959357 	 0.00130659	0.0027297
4375 	 4245 	 0.959358 	 0.00130683	0.0027302
4375 	 4250 	 0.959358 	 0.00130707	0.0027307
4375 	 4255 	 0.959359 	 0.00130731	0.0027312
4375 	 4260 	 0.959359 	 0.00130755	0.0027317
4375 	 4265 	 0.95936 	 0.00130778	0.0027322
4375 	 4270 	 0.95936 	 0.00130802	0.0027327
4375 	 4275 	 0.959361 	 0.00130826	0.00273319
4375 	 4280 	 0.959361 	 0.0013085	0.00273369
4375 	 4285 	 0.959362 	 0.00130873	0.00273419
4375 	 4290 	 0.959363 	 0.00130897	0.00273468
4375 	 4295 	 0.959363 	 0.00130921	0.00273517
4375 	 4300 	 0.959364 	 0.00130944	0.00273567
4375 	 4305 	 0.959364 	 0.00130968	0.00273616
4375 	 4310 	 0.959365 	 0.00130991	0.00273665
4375 	 4315 	 0.959365 	 0.00131015	0.00273714
4375 	 4320 	 0.959366 	 0.00131038	0.00273763
4375 	 4325 	 0.959366 	 0.00131062	0.00273812
4375 	 4330 	 0.959367 	 0.00131085	0.00273861
4375 	 4335 	 0.959367 	 0.00131109	0.0027391
4375 	 4340 	 0.959368 	 0.00131132	0.00273958
4375 	 4345 	 0.959368 	 0.00131155	0.00274007
4375 	 4350 	 0.959369 	 0.00131178	0.00274055
4375 	 4355 	 0.959369 	 0.00131202	0.00274104
4375 	 4360 	 0.95937 	 0.00131225	0.00274152
4375 	 4365 	 0.95937 	 0.00131248	0.00274201
4375 	 4370 	 0.959371 	 0.00131271	0.00274249
4375 	 4375 	 0.959371 	 0.00131294	0.00274297
4375 	 4380 	 0.959372 	 0.00131317	0.00274345
4375 	 4385 	 0.959372 	 0.0013134	0.00274393
4375 	 4390 	 0.959373 	 0.00131363	0.00274441
4375 	 4395 	 0.959373 	 0.00131386	0.00274489
4375 	 4400 	 0.959374 	 0.00131409	0.00274537
4375 	 4405 	 0.959375 	 0.00131432	0.00274585
4375 	 4410 	 0.959375 	 0.00131454	0.00274632
4375 	 4415 	 0.959376 	 0.00131477	0.0027468
4375 	 4420 	 0.959376 	 0.001315	0.00274727
4375 	 4425 	 0.959377 	 0.00131523	0.00274775
4375 	 4430 	 0.959377 	 0.00131545	0.00274822
4375 	 4435 	 0.959378 	 0.00131568	0.00274869
4375 	 4440 	 0.959378 	 0.00131591	0.00274917
4375 	 4445 	 0.959379 	 0.00131613	0.00274964
4375 	 4450 	 0.959379 	 0.00131636	0.00275011
4375 	 4455 	 0.95938 	 0.00131658	0.00275058
4375 	 4460 	 0.95938 	 0.00131681	0.00275105
4375 	 4465 	 0.959381 	 0.00131703	0.00275152
4375 	 4470 	 0.959381 	 0.00131725	0.00275198
4375 	 4475 	 0.959382 	 0.00131748	0.00275245
4375 	 4480 	 0.959382 	 0.0013177	0.00275292
4375 	 4485 	 0.959383 	 0.00131792	0.00275338
4375 	 4490 	 0.959383 	 0.00131815	0.00275385
4375 	 4495 	 0.959383 	 0.00131837	0.00275431
4375 	 4500 	 0.959384 	 0.00131859	0.00275478
4375 	 4505 	 0.959384 	 0.00131881	0.00275524
4375 	 4510 	 0.959385 	 0.00131903	0.0027557
4375 	 4515 	 0.959385 	 0.00131926	0.00275617
4375 	 4520 	 0.959386 	 0.00131948	0.00275663
4375 	 4525 	 0.959386 	 0.0013197	0.00275709
4375 	 4530 	 0.959387 	 0.00131992	0.00275755
4375 	 4535 	 0.959387 	 0.00132014	0.00275801
4375 	 4540 	 0.959388 	 0.00132036	0.00275846
4375 	 4545 	 0.959388 	 0.00132058	0.00275892
4375 	 4550 	 0.959389 	 0.00132079	0.00275938
4375 	 4555 	 0.959389 	 0.00132101	0.00275984
4375 	 4560 	 0.95939 	 0.00132123	0.00276029
4375 	 4565 	 0.95939 	 0.00132145	0.00276075
4375 	 4570 	 0.959391 	 0.00132167	0.0027612
4375 	 4575 	 0.959391 	 0.00132188	0.00276165
4375 	 4580 	 0.959392 	 0.0013221	0.00276211
4375 	 4585 	 0.959392 	 0.00132232	0.00276256
4375 	 4590 	 0.959393 	 0.00132253	0.00276301
4375 	 4595 	 0.959393 	 0.00132275	0.00276346
4375 	 4600 	 0.959394 	 0.00132296	0.00276391
4375 	 4605 	 0.959394 	 0.00132318	0.00276436
4375 	 4610 	 0.959395 	 0.00132339	0.00276481
4375 	 4615 	 0.959395 	 0.00132361	0.00276526
4375 	 4620 	 0.959395 	 0.00132382	0.00276571
4375 	 4625 	 0.959396 	 0.00132404	0.00276615
4375 	 4630 	 0.959396 	 0.00132425	0.0027666
4375 	 4635 	 0.959397 	 0.00132446	0.00276705
4375 	 4640 	 0.959397 	 0.00132468	0.00276749
4375 	 4645 	 0.959398 	 0.00132489	0.00276794
4375 	 4650 	 0.959398 	 0.0013251	0.00276838
4375 	 4655 	 0.959399 	 0.00132531	0.00276882
4375 	 4660 	 0.959399 	 0.00132553	0.00276927
4375 	 4665 	 0.9594 	 0.00132574	0.00276971
4375 	 4670 	 0.9594 	 0.00132595	0.00277015
4375 	 4675 	 0.959401 	 0.00132616	0.00277059
4375 	 4680 	 0.959401 	 0.00132637	0.00277103
4375 	 4685 	 0.959402 	 0.00132658	0.00277147
4375 	 4690 	 0.959402 	 0.00132679	0.00277191
4375 	 4695 	 0.959402 	 0.001327	0.00277235
4375 	 4700 	 0.959403 	 0.00132721	0.00277278
4375 	 4705 	 0.959403 	 0.00132742	0.00277322
4375 	 4710 	 0.959404 	 0.00132763	0.00277366
4375 	 4715 	 0.959404 	 0.00132784	0.00277409
4375 	 4720 	 0.959405 	 0.00132804	0.00277453
4375 	 4725 	 0.959405 	 0.00132825	0.00277496
4375 	 4730 	 0.959406 	 0.00132846	0.0027754
4375 	 4735 	 0.959406 	 0.00132867	0.00277583
4375 	 4740 	 0.959407 	 0.00132887	0.00277626
4375 	 4745 	 0.959407 	 0.00132908	0.00277669
4375 	 4750 	 0.959407 	 0.00132929	0.00277713
4375 	 4755 	 0.959408 	 0.00132949	0.00277756
4375 	 4760 	 0.959408 	 0.0013297	0.00277799
4375 	 4765 	 0.959409 	 0.00132991	0.00277842
4375 	 4770 	 0.959409 	 0.00133011	0.00277884
4375 	 4775 	 0.95941 	 0.00133032	0.00277927
4375 	 4780 	 0.95941 	 0.00133052	0.0027797
4375 	 4785 	 0.959411 	 0.00133073	0.00278013
4375 	 4790 	 0.959411 	 0.00133093	0.00278055
4375 	 4795 	 0.959411 	 0.00133113	0.00278098
4375 	 4800 	 0.959412 	 0.00133134	0.00278141
4375 	 4805 	 0.959412 	 0.00133154	0.00278183
4375 	 4810 	 0.959413 	 0.00133174	0.00278225
4375 	 4815 	 0.959413 	 0.00133195	0.00278268
4375 	 4820 	 0.959414 	 0.00133215	0.0027831
4375 	 4825 	 0.959414 	 0.00133235	0.00278352
4375 	 4830 	 0.959414 	 0.00133255	0.00278394
4375 	 4835 	 0.959415 	 0.00133275	0.00278437
4375 	 4840 	 0.959415 	 0.00133296	0.00278479
4375 	 4845 	 0.959416 	 0.00133316	0.00278521
4375 	 4850 	 0.959416 	 0.00133336	0.00278563
4375 	 4855 	 0.959417 	 0.00133356	0.00278604
4375 	 4860 	 0.959417 	 0.00133376	0.00278646
4375 	 4865 	 0.959417 	 0.00133396	0.00278688
4375 	 4870 	 0.959418 	 0.00133416	0.0027873
4375 	 4875 	 0.959418 	 0.00133436	0.00278771
4375 	 4880 	 0.959419 	 0.00133456	0.00278813
4375 	 4885 	 0.959419 	 0.00133475	0.00278854
4375 	 4890 	 0.95942 	 0.00133495	0.00278896
4375 	 4895 	 0.95942 	 0.00133515	0.00278937
4375 	 4900 	 0.95942 	 0.00133535	0.00278979
4375 	 4905 	 0.959421 	 0.00133555	0.0027902
4375 	 4910 	 0.959421 	 0.00133574	0.00279061
4375 	 4915 	 0.959422 	 0.00133594	0.00279102
4375 	 4920 	 0.959422 	 0.00133614	0.00279144
4375 	 4925 	 0.959423 	 0.00133633	0.00279185
4375 	 4930 	 0.959423 	 0.00133653	0.00279226
4375 	 4935 	 0.959423 	 0.00133673	0.00279267
4375 	 4940 	 0.959424 	 0.00133692	0.00279308
4375 	 4945 	 0.959424 	 0.00133712	0.00279348
4375 	 4950 	 0.959425 	 0.00133731	0.00279389
4375 	 4955 	 0.959425 	 0.00133751	0.0027943
4375 	 4960 	 0.959426 	 0.0013377	0.00279471
4375 	 4965 	 0.959426 	 0.0013379	0.00279511
4375 	 4970 	 0.959426 	 0.00133809	0.00279552
4375 	 4975 	 0.959427 	 0.00133829	0.00279592
4375 	 4980 	 0.959427 	 0.00133848	0.00279633
4375 	 4985 	 0.959428 	 0.00133867	0.00279673
4375 	 4990 	 0.959428 	 0.00133887	0.00279714
4375 	 4995 	 0.959428 	 0.00133906	0.00279754
4375 	 5000 	 0.959429 	 0.00133925	0.00279794
