315 	 5 	 0.873919 	 0.00526038	0.0109899
315 	 10 	 0.876523 	 0.00422216	0.00882086
315 	 15 	 0.880178 	 0.00311145	0.00650038
315 	 20 	 0.885007 	 0.00206019	0.00430412
315 	 25 	 0.890908 	 0.00125399	0.00261981
315 	 30 	 0.897462 	 0.0011588	0.00242094
315 	 35 	 0.909841 	 0.00182958	0.00382232
315 	 40 	 0.918815 	 0.00102251	0.00213621
315 	 45 	 0.925914 	 0.00079163	0.00165386
315 	 50 	 0.931346 	 0.000744814	0.00155605
315 	 55 	 0.935389 	 0.000643195	0.00134375
315 	 60 	 0.938359 	 0.000497819	0.00104004
315 	 65 	 0.940542 	 0.000374319	0.00078202
315 	 70 	 0.942167 	 0.000324341	0.000677607
315 	 75 	 0.943402 	 0.000346928	0.000724795
315 	 80 	 0.944366 	 0.000400298	0.000836296
315 	 85 	 0.945139 	 0.000456836	0.000954414
315 	 90 	 0.945775 	 0.000508051	0.00106141
315 	 95 	 0.946313 	 0.000552965	0.00115525
315 	 100 	 0.946776 	 0.000592498	0.00123784
315 	 105 	 0.947182 	 0.00062769	0.00131136
315 	 110 	 0.947544 	 0.000659298	0.00137739
315 	 115 	 0.94787 	 0.000687809	0.00143696
315 	 120 	 0.948166 	 0.000713535	0.0014907
315 	 125 	 0.948437 	 0.0007367	0.0015391
315 	 130 	 0.948687 	 0.000757486	0.00158253
315 	 135 	 0.948918 	 0.000776064	0.00162134
315 	 140 	 0.949133 	 0.000792601	0.00165589
315 	 145 	 0.949334 	 0.000807261	0.00168651
315 	 150 	 0.949522 	 0.000820204	0.00171356
315 	 155 	 0.949698 	 0.000831586	0.00173734
315 	 160 	 0.949864 	 0.000841554	0.00175816
315 	 165 	 0.95002 	 0.000850245	0.00177632
315 	 170 	 0.950168 	 0.000857786	0.00179207
315 	 175 	 0.950307 	 0.000864291	0.00180566
315 	 180 	 0.95044 	 0.000869868	0.00181731
315 	 185 	 0.950566 	 0.00087461	0.00182722
315 	 190 	 0.950686 	 0.000878603	0.00183556
315 	 195 	 0.9508 	 0.000881926	0.0018425
315 	 200 	 0.950909 	 0.000884645	0.00184819
315 	 205 	 0.951013 	 0.000886825	0.00185274
315 	 210 	 0.951112 	 0.000888519	0.00185628
315 	 215 	 0.951207 	 0.000889778	0.00185891
315 	 220 	 0.951299 	 0.000890647	0.00186072
315 	 225 	 0.951386 	 0.000891165	0.00186181
315 	 230 	 0.95147 	 0.000891368	0.00186223
315 	 235 	 0.951551 	 0.000891288	0.00186206
315 	 240 	 0.951629 	 0.000890955	0.00186137
315 	 245 	 0.951704 	 0.000890394	0.0018602
315 	 250 	 0.951776 	 0.000889629	0.0018586
315 	 255 	 0.951845 	 0.00088868	0.00185662
315 	 260 	 0.951912 	 0.000887568	0.00185429
315 	 265 	 0.951977 	 0.000886308	0.00185166
315 	 270 	 0.95204 	 0.000884917	0.00184875
315 	 275 	 0.952101 	 0.000883409	0.0018456
315 	 280 	 0.952159 	 0.000881796	0.00184223
315 	 285 	 0.952216 	 0.000880091	0.00183867
315 	 290 	 0.952271 	 0.000878302	0.00183493
315 	 295 	 0.952325 	 0.000876441	0.00183104
315 	 300 	 0.952376 	 0.000874514	0.00182702
315 	 305 	 0.952427 	 0.000872532	0.00182288
315 	 310 	 0.952475 	 0.000870499	0.00181863
315 	 315 	 0.952523 	 0.000868424	0.0018143
315 	 320 	 0.952569 	 0.000866311	0.00180988
315 	 325 	 0.952614 	 0.000864167	0.0018054
315 	 330 	 0.952657 	 0.000861996	0.00180087
315 	 335 	 0.9527 	 0.000859802	0.00179628
315 	 340 	 0.952741 	 0.000857589	0.00179166
315 	 345 	 0.952782 	 0.000855362	0.00178701
315 	 350 	 0.952821 	 0.000853124	0.00178233
315 	 355 	 0.952859 	 0.000850877	0.00177764
315 	 360 	 0.952896 	 0.000848624	0.00177293
315 	 365 	 0.952933 	 0.000846368	0.00176822
315 	 370 	 0.952968 	 0.000844112	0.0017635
315 	 375 	 0.953003 	 0.000841857	0.00175879
315 	 380 	 0.953037 	 0.000839606	0.00175409
315 	 385 	 0.95307 	 0.000837359	0.0017494
315 	 390 	 0.953103 	 0.000835119	0.00174472
315 	 395 	 0.953134 	 0.000832887	0.00174005
315 	 400 	 0.953165 	 0.000830665	0.00173541
315 	 405 	 0.953195 	 0.000828453	0.00173079
315 	 410 	 0.953225 	 0.000826252	0.00172619
315 	 415 	 0.953254 	 0.000824065	0.00172162
315 	 420 	 0.953282 	 0.00082189	0.00171708
315 	 425 	 0.95331 	 0.00081973	0.00171257
315 	 430 	 0.953338 	 0.000817586	0.00170809
315 	 435 	 0.953364 	 0.000815456	0.00170364
315 	 440 	 0.95339 	 0.000813343	0.00169922
315 	 445 	 0.953416 	 0.000811246	0.00169484
315 	 450 	 0.953441 	 0.000809167	0.0016905
315 	 455 	 0.953466 	 0.000807105	0.00168619
315 	 460 	 0.95349 	 0.000805061	0.00168192
315 	 465 	 0.953514 	 0.000803036	0.00167769
315 	 470 	 0.953537 	 0.000801028	0.00167349
315 	 475 	 0.95356 	 0.00079904	0.00166934
315 	 480 	 0.953582 	 0.00079707	0.00166522
315 	 485 	 0.953604 	 0.000795119	0.00166115
315 	 490 	 0.953626 	 0.000793188	0.00165711
315 	 495 	 0.953647 	 0.000791275	0.00165312
315 	 500 	 0.953668 	 0.000789382	0.00164916
315 	 505 	 0.953688 	 0.000787509	0.00164525
315 	 510 	 0.953709 	 0.000785654	0.00164138
315 	 515 	 0.953728 	 0.00078382	0.00163754
315 	 520 	 0.953748 	 0.000782004	0.00163375
315 	 525 	 0.953767 	 0.000780208	0.00163
315 	 530 	 0.953786 	 0.000778432	0.00162629
315 	 535 	 0.953804 	 0.000776675	0.00162261
315 	 540 	 0.953823 	 0.000774937	0.00161898
315 	 545 	 0.953841 	 0.000773218	0.00161539
315 	 550 	 0.953858 	 0.000771518	0.00161184
315 	 555 	 0.953876 	 0.000769838	0.00160833
315 	 560 	 0.953893 	 0.000768176	0.00160486
315 	 565 	 0.95391 	 0.000766533	0.00160143
315 	 570 	 0.953926 	 0.000764909	0.00159803
315 	 575 	 0.953943 	 0.000763303	0.00159468
315 	 580 	 0.953959 	 0.000761716	0.00159136
315 	 585 	 0.953975 	 0.000760147	0.00158809
315 	 590 	 0.95399 	 0.000758597	0.00158485
315 	 595 	 0.954006 	 0.000757064	0.00158165
315 	 600 	 0.954021 	 0.00075555	0.00157848
315 	 605 	 0.954036 	 0.000754053	0.00157535
315 	 610 	 0.95405 	 0.000752573	0.00157226
315 	 615 	 0.954065 	 0.000751111	0.00156921
315 	 620 	 0.954079 	 0.000749667	0.00156619
315 	 625 	 0.954093 	 0.000748239	0.00156321
315 	 630 	 0.954107 	 0.000746829	0.00156026
315 	 635 	 0.954121 	 0.000745435	0.00155735
315 	 640 	 0.954135 	 0.000744058	0.00155447
315 	 645 	 0.954148 	 0.000742697	0.00155163
315 	 650 	 0.954161 	 0.000741353	0.00154882
315 	 655 	 0.954174 	 0.000740024	0.00154605
315 	 660 	 0.954187 	 0.000738712	0.0015433
315 	 665 	 0.9542 	 0.000737416	0.0015406
315 	 670 	 0.954212 	 0.000736135	0.00153792
315 	 675 	 0.954225 	 0.00073487	0.00153528
315 	 680 	 0.954237 	 0.00073362	0.00153267
315 	 685 	 0.954249 	 0.000732385	0.00153009
315 	 690 	 0.954261 	 0.000731165	0.00152754
315 	 695 	 0.954273 	 0.00072996	0.00152502
315 	 700 	 0.954284 	 0.00072877	0.00152253
315 	 705 	 0.954296 	 0.000727594	0.00152008
315 	 710 	 0.954307 	 0.000726433	0.00151765
315 	 715 	 0.954318 	 0.000725285	0.00151525
315 	 720 	 0.954329 	 0.000724152	0.00151289
315 	 725 	 0.95434 	 0.000723032	0.00151055
315 	 730 	 0.954351 	 0.000721927	0.00150824
315 	 735 	 0.954362 	 0.000720834	0.00150595
315 	 740 	 0.954372 	 0.000719756	0.0015037
315 	 745 	 0.954383 	 0.00071869	0.00150147
315 	 750 	 0.954393 	 0.000717637	0.00149928
315 	 755 	 0.954403 	 0.000716598	0.0014971
315 	 760 	 0.954413 	 0.000715571	0.00149496
315 	 765 	 0.954423 	 0.000714557	0.00149284
315 	 770 	 0.954433 	 0.000713555	0.00149075
315 	 775 	 0.954443 	 0.000712566	0.00148868
315 	 780 	 0.954452 	 0.000711589	0.00148664
315 	 785 	 0.954462 	 0.000710624	0.00148462
315 	 790 	 0.954471 	 0.00070967	0.00148263
315 	 795 	 0.95448 	 0.000708729	0.00148066
315 	 800 	 0.95449 	 0.000707799	0.00147872
315 	 805 	 0.954499 	 0.000706881	0.0014768
315 	 810 	 0.954508 	 0.000705974	0.00147491
315 	 815 	 0.954517 	 0.000705078	0.00147304
315 	 820 	 0.954526 	 0.000704193	0.00147119
315 	 825 	 0.954534 	 0.00070332	0.00146936
315 	 830 	 0.954543 	 0.000702457	0.00146756
315 	 835 	 0.954552 	 0.000701604	0.00146578
315 	 840 	 0.95456 	 0.000700763	0.00146402
315 	 845 	 0.954568 	 0.000699932	0.00146228
315 	 850 	 0.954577 	 0.000699111	0.00146057
315 	 855 	 0.954585 	 0.0006983	0.00145888
315 	 860 	 0.954593 	 0.0006975	0.0014572
315 	 865 	 0.954601 	 0.000696709	0.00145555
315 	 870 	 0.954609 	 0.000695928	0.00145392
315 	 875 	 0.954617 	 0.000695157	0.00145231
315 	 880 	 0.954625 	 0.000694396	0.00145072
315 	 885 	 0.954632 	 0.000693644	0.00144915
315 	 890 	 0.95464 	 0.000692901	0.0014476
315 	 895 	 0.954648 	 0.000692168	0.00144606
315 	 900 	 0.954655 	 0.000691443	0.00144455
315 	 905 	 0.954663 	 0.000690728	0.00144306
315 	 910 	 0.95467 	 0.000690022	0.00144158
315 	 915 	 0.954677 	 0.000689325	0.00144013
315 	 920 	 0.954685 	 0.000688636	0.00143869
315 	 925 	 0.954692 	 0.000687956	0.00143727
315 	 930 	 0.954699 	 0.000687285	0.00143586
315 	 935 	 0.954706 	 0.000686622	0.00143448
315 	 940 	 0.954713 	 0.000685967	0.00143311
315 	 945 	 0.95472 	 0.00068532	0.00143176
315 	 950 	 0.954727 	 0.000684682	0.00143043
315 	 955 	 0.954733 	 0.000684052	0.00142911
315 	 960 	 0.95474 	 0.000683429	0.00142781
315 	 965 	 0.954747 	 0.000682815	0.00142652
315 	 970 	 0.954753 	 0.000682208	0.00142526
315 	 975 	 0.95476 	 0.000681609	0.001424
315 	 980 	 0.954766 	 0.000681017	0.00142277
315 	 985 	 0.954773 	 0.000680433	0.00142155
315 	 990 	 0.954779 	 0.000679856	0.00142034
315 	 995 	 0.954786 	 0.000679287	0.00141915
315 	 1000 	 0.954792 	 0.000678725	0.00141798
315 	 1005 	 0.954798 	 0.000678169	0.00141682
315 	 1010 	 0.954804 	 0.000677621	0.00141567
315 	 1015 	 0.95481 	 0.00067708	0.00141454
315 	 1020 	 0.954816 	 0.000676546	0.00141343
315 	 1025 	 0.954822 	 0.000676019	0.00141233
315 	 1030 	 0.954828 	 0.000675498	0.00141124
315 	 1035 	 0.954834 	 0.000674984	0.00141016
315 	 1040 	 0.95484 	 0.000674477	0.0014091
315 	 1045 	 0.954846 	 0.000673976	0.00140806
315 	 1050 	 0.954852 	 0.000673481	0.00140703
315 	 1055 	 0.954858 	 0.000672993	0.00140601
315 	 1060 	 0.954863 	 0.000672511	0.001405
315 	 1065 	 0.954869 	 0.000672036	0.001404
315 	 1070 	 0.954874 	 0.000671566	0.00140302
315 	 1075 	 0.95488 	 0.000671102	0.00140206
315 	 1080 	 0.954885 	 0.000670645	0.0014011
315 	 1085 	 0.954891 	 0.000670193	0.00140016
315 	 1090 	 0.954896 	 0.000669748	0.00139922
315 	 1095 	 0.954902 	 0.000669308	0.00139831
315 	 1100 	 0.954907 	 0.000668873	0.0013974
315 	 1105 	 0.954912 	 0.000668445	0.0013965
315 	 1110 	 0.954918 	 0.000668022	0.00139562
315 	 1115 	 0.954923 	 0.000667604	0.00139475
315 	 1120 	 0.954928 	 0.000667192	0.00139389
315 	 1125 	 0.954933 	 0.000666786	0.00139304
315 	 1130 	 0.954938 	 0.000666384	0.0013922
315 	 1135 	 0.954943 	 0.000665988	0.00139137
315 	 1140 	 0.954948 	 0.000665597	0.00139055
315 	 1145 	 0.954953 	 0.000665212	0.00138975
315 	 1150 	 0.954958 	 0.000664831	0.00138895
315 	 1155 	 0.954963 	 0.000664456	0.00138817
315 	 1160 	 0.954968 	 0.000664085	0.00138739
315 	 1165 	 0.954973 	 0.000663719	0.00138663
315 	 1170 	 0.954977 	 0.000663359	0.00138588
315 	 1175 	 0.954982 	 0.000663003	0.00138513
315 	 1180 	 0.954987 	 0.000662651	0.0013844
315 	 1185 	 0.954992 	 0.000662305	0.00138368
315 	 1190 	 0.954996 	 0.000661963	0.00138296
315 	 1195 	 0.955001 	 0.000661626	0.00138226
315 	 1200 	 0.955006 	 0.000661293	0.00138156
315 	 1205 	 0.95501 	 0.000660965	0.00138088
315 	 1210 	 0.955015 	 0.000660641	0.0013802
315 	 1215 	 0.955019 	 0.000660322	0.00137953
315 	 1220 	 0.955024 	 0.000660007	0.00137888
315 	 1225 	 0.955028 	 0.000659696	0.00137823
315 	 1230 	 0.955032 	 0.00065939	0.00137759
315 	 1235 	 0.955037 	 0.000659088	0.00137695
315 	 1240 	 0.955041 	 0.00065879	0.00137633
315 	 1245 	 0.955045 	 0.000658496	0.00137572
315 	 1250 	 0.95505 	 0.000658206	0.00137511
315 	 1255 	 0.955054 	 0.00065792	0.00137451
315 	 1260 	 0.955058 	 0.000657638	0.00137393
315 	 1265 	 0.955062 	 0.00065736	0.00137335
315 	 1270 	 0.955067 	 0.000657086	0.00137277
315 	 1275 	 0.955071 	 0.000656816	0.00137221
315 	 1280 	 0.955075 	 0.00065655	0.00137165
315 	 1285 	 0.955079 	 0.000656287	0.0013711
315 	 1290 	 0.955083 	 0.000656028	0.00137056
315 	 1295 	 0.955087 	 0.000655773	0.00137003
315 	 1300 	 0.955091 	 0.000655521	0.0013695
315 	 1305 	 0.955095 	 0.000655273	0.00136899
315 	 1310 	 0.955099 	 0.000655029	0.00136847
315 	 1315 	 0.955103 	 0.000654788	0.00136797
315 	 1320 	 0.955107 	 0.000654551	0.00136748
315 	 1325 	 0.955111 	 0.000654317	0.00136699
315 	 1330 	 0.955114 	 0.000654086	0.0013665
315 	 1335 	 0.955118 	 0.000653859	0.00136603
315 	 1340 	 0.955122 	 0.000653635	0.00136556
315 	 1345 	 0.955126 	 0.000653414	0.0013651
315 	 1350 	 0.95513 	 0.000653197	0.00136465
315 	 1355 	 0.955133 	 0.000652983	0.0013642
315 	 1360 	 0.955137 	 0.000652772	0.00136376
315 	 1365 	 0.955141 	 0.000652565	0.00136333
315 	 1370 	 0.955144 	 0.00065236	0.0013629
315 	 1375 	 0.955148 	 0.000652159	0.00136248
315 	 1380 	 0.955152 	 0.00065196	0.00136206
315 	 1385 	 0.955155 	 0.000651765	0.00136166
315 	 1390 	 0.955159 	 0.000651572	0.00136125
315 	 1395 	 0.955162 	 0.000651383	0.00136086
315 	 1400 	 0.955166 	 0.000651196	0.00136047
315 	 1405 	 0.955169 	 0.000651013	0.00136008
315 	 1410 	 0.955173 	 0.000650832	0.00135971
315 	 1415 	 0.955176 	 0.000650654	0.00135933
315 	 1420 	 0.95518 	 0.000650479	0.00135897
315 	 1425 	 0.955183 	 0.000650307	0.00135861
315 	 1430 	 0.955187 	 0.000650137	0.00135825
315 	 1435 	 0.95519 	 0.00064997	0.00135791
315 	 1440 	 0.955193 	 0.000649806	0.00135756
315 	 1445 	 0.955197 	 0.000649645	0.00135723
315 	 1450 	 0.9552 	 0.000649486	0.00135689
315 	 1455 	 0.955203 	 0.000649329	0.00135657
315 	 1460 	 0.955207 	 0.000649176	0.00135625
315 	 1465 	 0.95521 	 0.000649025	0.00135593
315 	 1470 	 0.955213 	 0.000648876	0.00135562
315 	 1475 	 0.955216 	 0.00064873	0.00135531
315 	 1480 	 0.955219 	 0.000648586	0.00135501
315 	 1485 	 0.955223 	 0.000648445	0.00135472
315 	 1490 	 0.955226 	 0.000648306	0.00135443
315 	 1495 	 0.955229 	 0.00064817	0.00135414
315 	 1500 	 0.955232 	 0.000648036	0.00135386
315 	 1505 	 0.955235 	 0.000647904	0.00135359
315 	 1510 	 0.955238 	 0.000647775	0.00135332
315 	 1515 	 0.955241 	 0.000647648	0.00135305
315 	 1520 	 0.955245 	 0.000647523	0.00135279
315 	 1525 	 0.955248 	 0.0006474	0.00135254
315 	 1530 	 0.955251 	 0.00064728	0.00135229
315 	 1535 	 0.955254 	 0.000647162	0.00135204
315 	 1540 	 0.955257 	 0.000647046	0.0013518
315 	 1545 	 0.95526 	 0.000646932	0.00135156
315 	 1550 	 0.955263 	 0.000646821	0.00135133
315 	 1555 	 0.955265 	 0.000646711	0.0013511
315 	 1560 	 0.955268 	 0.000646604	0.00135087
315 	 1565 	 0.955271 	 0.000646498	0.00135065
315 	 1570 	 0.955274 	 0.000646395	0.00135044
315 	 1575 	 0.955277 	 0.000646293	0.00135022
315 	 1580 	 0.95528 	 0.000646194	0.00135002
315 	 1585 	 0.955283 	 0.000646097	0.00134981
315 	 1590 	 0.955286 	 0.000646001	0.00134961
315 	 1595 	 0.955289 	 0.000645908	0.00134942
315 	 1600 	 0.955291 	 0.000645816	0.00134923
315 	 1605 	 0.955294 	 0.000645727	0.00134904
315 	 1610 	 0.955297 	 0.000645639	0.00134886
315 	 1615 	 0.9553 	 0.000645553	0.00134868
315 	 1620 	 0.955302 	 0.000645469	0.0013485
315 	 1625 	 0.955305 	 0.000645387	0.00134833
315 	 1630 	 0.955308 	 0.000645307	0.00134816
315 	 1635 	 0.955311 	 0.000645228	0.001348
315 	 1640 	 0.955313 	 0.000645151	0.00134784
315 	 1645 	 0.955316 	 0.000645076	0.00134768
315 	 1650 	 0.955319 	 0.000645003	0.00134753
315 	 1655 	 0.955321 	 0.000644931	0.00134738
315 	 1660 	 0.955324 	 0.000644861	0.00134723
315 	 1665 	 0.955327 	 0.000644793	0.00134709
315 	 1670 	 0.955329 	 0.000644726	0.00134695
315 	 1675 	 0.955332 	 0.000644661	0.00134682
315 	 1680 	 0.955334 	 0.000644598	0.00134668
315 	 1685 	 0.955337 	 0.000644536	0.00134655
315 	 1690 	 0.955339 	 0.000644476	0.00134643
315 	 1695 	 0.955342 	 0.000644418	0.00134631
315 	 1700 	 0.955345 	 0.000644361	0.00134619
315 	 1705 	 0.955347 	 0.000644306	0.00134607
315 	 1710 	 0.95535 	 0.000644252	0.00134596
315 	 1715 	 0.955352 	 0.000644199	0.00134585
315 	 1720 	 0.955355 	 0.000644148	0.00134574
315 	 1725 	 0.955357 	 0.000644099	0.00134564
315 	 1730 	 0.95536 	 0.000644051	0.00134554
315 	 1735 	 0.955362 	 0.000644005	0.00134544
315 	 1740 	 0.955364 	 0.00064396	0.00134535
315 	 1745 	 0.955367 	 0.000643916	0.00134526
315 	 1750 	 0.955369 	 0.000643874	0.00134517
315 	 1755 	 0.955372 	 0.000643833	0.00134509
315 	 1760 	 0.955374 	 0.000643794	0.001345
315 	 1765 	 0.955376 	 0.000643756	0.00134492
315 	 1770 	 0.955379 	 0.000643719	0.00134485
315 	 1775 	 0.955381 	 0.000643684	0.00134477
315 	 1780 	 0.955383 	 0.00064365	0.0013447
315 	 1785 	 0.955386 	 0.000643618	0.00134463
315 	 1790 	 0.955388 	 0.000643586	0.00134457
315 	 1795 	 0.95539 	 0.000643556	0.00134451
315 	 1800 	 0.955393 	 0.000643527	0.00134445
315 	 1805 	 0.955395 	 0.0006435	0.00134439
315 	 1810 	 0.955397 	 0.000643474	0.00134433
315 	 1815 	 0.9554 	 0.000643449	0.00134428
315 	 1820 	 0.955402 	 0.000643425	0.00134423
315 	 1825 	 0.955404 	 0.000643402	0.00134418
315 	 1830 	 0.955406 	 0.000643381	0.00134414
315 	 1835 	 0.955409 	 0.000643361	0.0013441
315 	 1840 	 0.955411 	 0.000643342	0.00134406
315 	 1845 	 0.955413 	 0.000643324	0.00134402
315 	 1850 	 0.955415 	 0.000643308	0.00134399
315 	 1855 	 0.955417 	 0.000643292	0.00134395
315 	 1860 	 0.95542 	 0.000643278	0.00134392
315 	 1865 	 0.955422 	 0.000643264	0.0013439
315 	 1870 	 0.955424 	 0.000643252	0.00134387
315 	 1875 	 0.955426 	 0.000643241	0.00134385
315 	 1880 	 0.955428 	 0.000643231	0.00134383
315 	 1885 	 0.95543 	 0.000643222	0.00134381
315 	 1890 	 0.955432 	 0.000643215	0.00134379
315 	 1895 	 0.955434 	 0.000643208	0.00134378
315 	 1900 	 0.955437 	 0.000643202	0.00134377
315 	 1905 	 0.955439 	 0.000643198	0.00134376
315 	 1910 	 0.955441 	 0.000643194	0.00134375
315 	 1915 	 0.955443 	 0.000643191	0.00134374
315 	 1920 	 0.955445 	 0.00064319	0.00134374
315 	 1925 	 0.955447 	 0.000643189	0.00134374
315 	 1930 	 0.955449 	 0.000643189	0.00134374
315 	 1935 	 0.955451 	 0.000643191	0.00134374
315 	 1940 	 0.955453 	 0.000643193	0.00134375
315 	 1945 	 0.955455 	 0.000643196	0.00134375
315 	 1950 	 0.955457 	 0.000643201	0.00134376
315 	 1955 	 0.955459 	 0.000643206	0.00134377
315 	 1960 	 0.955461 	 0.000643212	0.00134379
315 	 1965 	 0.955463 	 0.000643219	0.0013438
315 	 1970 	 0.955465 	 0.000643227	0.00134382
315 	 1975 	 0.955467 	 0.000643236	0.00134384
315 	 1980 	 0.955469 	 0.000643245	0.00134386
315 	 1985 	 0.955471 	 0.000643256	0.00134388
315 	 1990 	 0.955473 	 0.000643267	0.0013439
315 	 1995 	 0.955475 	 0.00064328	0.00134393
315 	 2000 	 0.955477 	 0.000643293	0.00134396
315 	 2005 	 0.955479 	 0.000643307	0.00134399
315 	 2010 	 0.95548 	 0.000643322	0.00134402
315 	 2015 	 0.955482 	 0.000643338	0.00134405
315 	 2020 	 0.955484 	 0.000643354	0.00134408
315 	 2025 	 0.955486 	 0.000643371	0.00134412
315 	 2030 	 0.955488 	 0.00064339	0.00134416
315 	 2035 	 0.95549 	 0.000643409	0.0013442
315 	 2040 	 0.955492 	 0.000643428	0.00134424
315 	 2045 	 0.955494 	 0.000643449	0.00134428
315 	 2050 	 0.955495 	 0.00064347	0.00134433
315 	 2055 	 0.955497 	 0.000643492	0.00134437
315 	 2060 	 0.955499 	 0.000643515	0.00134442
315 	 2065 	 0.955501 	 0.000643539	0.00134447
315 	 2070 	 0.955503 	 0.000643563	0.00134452
315 	 2075 	 0.955505 	 0.000643588	0.00134457
315 	 2080 	 0.955506 	 0.000643614	0.00134463
315 	 2085 	 0.955508 	 0.000643641	0.00134468
315 	 2090 	 0.95551 	 0.000643668	0.00134474
315 	 2095 	 0.955512 	 0.000643696	0.0013448
315 	 2100 	 0.955513 	 0.000643725	0.00134486
315 	 2105 	 0.955515 	 0.000643754	0.00134492
315 	 2110 	 0.955517 	 0.000643784	0.00134498
315 	 2115 	 0.955519 	 0.000643815	0.00134505
315 	 2120 	 0.95552 	 0.000643846	0.00134511
315 	 2125 	 0.955522 	 0.000643878	0.00134518
315 	 2130 	 0.955524 	 0.000643911	0.00134525
315 	 2135 	 0.955526 	 0.000643944	0.00134532
315 	 2140 	 0.955527 	 0.000643979	0.00134539
315 	 2145 	 0.955529 	 0.000644013	0.00134546
315 	 2150 	 0.955531 	 0.000644049	0.00134553
315 	 2155 	 0.955532 	 0.000644085	0.00134561
315 	 2160 	 0.955534 	 0.000644121	0.00134569
315 	 2165 	 0.955536 	 0.000644158	0.00134576
315 	 2170 	 0.955538 	 0.000644196	0.00134584
315 	 2175 	 0.955539 	 0.000644235	0.00134592
315 	 2180 	 0.955541 	 0.000644274	0.00134601
315 	 2185 	 0.955543 	 0.000644313	0.00134609
315 	 2190 	 0.955544 	 0.000644354	0.00134617
315 	 2195 	 0.955546 	 0.000644394	0.00134626
315 	 2200 	 0.955547 	 0.000644436	0.00134634
315 	 2205 	 0.955549 	 0.000644478	0.00134643
315 	 2210 	 0.955551 	 0.00064452	0.00134652
315 	 2215 	 0.955552 	 0.000644563	0.00134661
315 	 2220 	 0.955554 	 0.000644607	0.0013467
315 	 2225 	 0.955556 	 0.000644651	0.00134679
315 	 2230 	 0.955557 	 0.000644696	0.00134689
315 	 2235 	 0.955559 	 0.000644741	0.00134698
315 	 2240 	 0.95556 	 0.000644787	0.00134708
315 	 2245 	 0.955562 	 0.000644833	0.00134717
315 	 2250 	 0.955563 	 0.00064488	0.00134727
315 	 2255 	 0.955565 	 0.000644928	0.00134737
315 	 2260 	 0.955567 	 0.000644976	0.00134747
315 	 2265 	 0.955568 	 0.000645024	0.00134757
315 	 2270 	 0.95557 	 0.000645073	0.00134767
315 	 2275 	 0.955571 	 0.000645122	0.00134778
315 	 2280 	 0.955573 	 0.000645172	0.00134788
315 	 2285 	 0.955574 	 0.000645223	0.00134799
315 	 2290 	 0.955576 	 0.000645273	0.00134809
315 	 2295 	 0.955577 	 0.000645325	0.0013482
315 	 2300 	 0.955579 	 0.000645377	0.00134831
315 	 2305 	 0.95558 	 0.000645429	0.00134842
315 	 2310 	 0.955582 	 0.000645482	0.00134853
315 	 2315 	 0.955583 	 0.000645535	0.00134864
315 	 2320 	 0.955585 	 0.000645588	0.00134875
315 	 2325 	 0.955586 	 0.000645643	0.00134886
315 	 2330 	 0.955588 	 0.000645697	0.00134898
315 	 2335 	 0.955589 	 0.000645752	0.00134909
315 	 2340 	 0.955591 	 0.000645808	0.00134921
315 	 2345 	 0.955592 	 0.000645863	0.00134933
315 	 2350 	 0.955594 	 0.00064592	0.00134944
315 	 2355 	 0.955595 	 0.000645976	0.00134956
315 	 2360 	 0.955597 	 0.000646034	0.00134968
315 	 2365 	 0.955598 	 0.000646091	0.0013498
315 	 2370 	 0.9556 	 0.000646149	0.00134992
315 	 2375 	 0.955601 	 0.000646207	0.00135004
315 	 2380 	 0.955602 	 0.000646266	0.00135017
315 	 2385 	 0.955604 	 0.000646325	0.00135029
315 	 2390 	 0.955605 	 0.000646385	0.00135042
315 	 2395 	 0.955607 	 0.000646445	0.00135054
315 	 2400 	 0.955608 	 0.000646505	0.00135067
315 	 2405 	 0.95561 	 0.000646566	0.00135079
315 	 2410 	 0.955611 	 0.000646627	0.00135092
315 	 2415 	 0.955612 	 0.000646688	0.00135105
315 	 2420 	 0.955614 	 0.00064675	0.00135118
315 	 2425 	 0.955615 	 0.000646813	0.00135131
315 	 2430 	 0.955617 	 0.000646875	0.00135144
315 	 2435 	 0.955618 	 0.000646938	0.00135157
315 	 2440 	 0.955619 	 0.000647001	0.0013517
315 	 2445 	 0.955621 	 0.000647065	0.00135184
315 	 2450 	 0.955622 	 0.000647129	0.00135197
315 	 2455 	 0.955623 	 0.000647193	0.0013521
315 	 2460 	 0.955625 	 0.000647258	0.00135224
315 	 2465 	 0.955626 	 0.000647323	0.00135238
315 	 2470 	 0.955627 	 0.000647388	0.00135251
315 	 2475 	 0.955629 	 0.000647454	0.00135265
315 	 2480 	 0.95563 	 0.00064752	0.00135279
315 	 2485 	 0.955631 	 0.000647586	0.00135293
315 	 2490 	 0.955633 	 0.000647653	0.00135307
315 	 2495 	 0.955634 	 0.00064772	0.00135321
315 	 2500 	 0.955635 	 0.000647787	0.00135335
315 	 2505 	 0.955637 	 0.000647855	0.00135349
315 	 2510 	 0.955638 	 0.000647923	0.00135363
315 	 2515 	 0.955639 	 0.000647991	0.00135377
315 	 2520 	 0.955641 	 0.00064806	0.00135391
315 	 2525 	 0.955642 	 0.000648128	0.00135406
315 	 2530 	 0.955643 	 0.000648198	0.0013542
315 	 2535 	 0.955644 	 0.000648267	0.00135435
315 	 2540 	 0.955646 	 0.000648337	0.00135449
315 	 2545 	 0.955647 	 0.000648407	0.00135464
315 	 2550 	 0.955648 	 0.000648477	0.00135479
315 	 2555 	 0.95565 	 0.000648547	0.00135493
315 	 2560 	 0.955651 	 0.000648618	0.00135508
315 	 2565 	 0.955652 	 0.000648689	0.00135523
315 	 2570 	 0.955653 	 0.000648761	0.00135538
315 	 2575 	 0.955655 	 0.000648832	0.00135553
315 	 2580 	 0.955656 	 0.000648904	0.00135568
315 	 2585 	 0.955657 	 0.000648977	0.00135583
315 	 2590 	 0.955658 	 0.000649049	0.00135598
315 	 2595 	 0.95566 	 0.000649122	0.00135613
315 	 2600 	 0.955661 	 0.000649195	0.00135629
315 	 2605 	 0.955662 	 0.000649268	0.00135644
315 	 2610 	 0.955663 	 0.000649341	0.00135659
315 	 2615 	 0.955665 	 0.000649415	0.00135675
315 	 2620 	 0.955666 	 0.000649489	0.0013569
315 	 2625 	 0.955667 	 0.000649563	0.00135706
315 	 2630 	 0.955668 	 0.000649638	0.00135721
315 	 2635 	 0.955669 	 0.000649712	0.00135737
315 	 2640 	 0.955671 	 0.000649787	0.00135752
315 	 2645 	 0.955672 	 0.000649862	0.00135768
315 	 2650 	 0.955673 	 0.000649938	0.00135784
315 	 2655 	 0.955674 	 0.000650013	0.001358
315 	 2660 	 0.955675 	 0.000650089	0.00135815
315 	 2665 	 0.955677 	 0.000650165	0.00135831
315 	 2670 	 0.955678 	 0.000650241	0.00135847
315 	 2675 	 0.955679 	 0.000650318	0.00135863
315 	 2680 	 0.95568 	 0.000650394	0.00135879
315 	 2685 	 0.955681 	 0.000650471	0.00135895
315 	 2690 	 0.955682 	 0.000650548	0.00135911
315 	 2695 	 0.955684 	 0.000650626	0.00135928
315 	 2700 	 0.955685 	 0.000650703	0.00135944
315 	 2705 	 0.955686 	 0.000650781	0.0013596
315 	 2710 	 0.955687 	 0.000650859	0.00135976
315 	 2715 	 0.955688 	 0.000650937	0.00135993
315 	 2720 	 0.955689 	 0.000651015	0.00136009
315 	 2725 	 0.95569 	 0.000651094	0.00136025
315 	 2730 	 0.955692 	 0.000651173	0.00136042
315 	 2735 	 0.955693 	 0.000651251	0.00136058
315 	 2740 	 0.955694 	 0.00065133	0.00136075
315 	 2745 	 0.955695 	 0.00065141	0.00136091
315 	 2750 	 0.955696 	 0.000651489	0.00136108
315 	 2755 	 0.955697 	 0.000651569	0.00136125
315 	 2760 	 0.955698 	 0.000651649	0.00136141
315 	 2765 	 0.955699 	 0.000651729	0.00136158
315 	 2770 	 0.955701 	 0.000651809	0.00136175
315 	 2775 	 0.955702 	 0.000651889	0.00136192
315 	 2780 	 0.955703 	 0.00065197	0.00136208
315 	 2785 	 0.955704 	 0.00065205	0.00136225
315 	 2790 	 0.955705 	 0.000652131	0.00136242
315 	 2795 	 0.955706 	 0.000652212	0.00136259
315 	 2800 	 0.955707 	 0.000652293	0.00136276
315 	 2805 	 0.955708 	 0.000652375	0.00136293
315 	 2810 	 0.955709 	 0.000652456	0.0013631
315 	 2815 	 0.95571 	 0.000652538	0.00136327
315 	 2820 	 0.955711 	 0.00065262	0.00136344
315 	 2825 	 0.955712 	 0.000652702	0.00136361
315 	 2830 	 0.955714 	 0.000652784	0.00136378
315 	 2835 	 0.955715 	 0.000652866	0.00136396
315 	 2840 	 0.955716 	 0.000652948	0.00136413
315 	 2845 	 0.955717 	 0.000653031	0.0013643
315 	 2850 	 0.955718 	 0.000653114	0.00136447
315 	 2855 	 0.955719 	 0.000653196	0.00136465
315 	 2860 	 0.95572 	 0.000653279	0.00136482
315 	 2865 	 0.955721 	 0.000653363	0.00136499
315 	 2870 	 0.955722 	 0.000653446	0.00136517
315 	 2875 	 0.955723 	 0.000653529	0.00136534
315 	 2880 	 0.955724 	 0.000653613	0.00136552
315 	 2885 	 0.955725 	 0.000653697	0.00136569
315 	 2890 	 0.955726 	 0.00065378	0.00136587
315 	 2895 	 0.955727 	 0.000653864	0.00136604
315 	 2900 	 0.955728 	 0.000653948	0.00136622
315 	 2905 	 0.955729 	 0.000654033	0.00136639
315 	 2910 	 0.95573 	 0.000654117	0.00136657
315 	 2915 	 0.955731 	 0.000654201	0.00136675
315 	 2920 	 0.955732 	 0.000654286	0.00136692
315 	 2925 	 0.955733 	 0.000654371	0.0013671
315 	 2930 	 0.955734 	 0.000654455	0.00136728
315 	 2935 	 0.955735 	 0.00065454	0.00136745
315 	 2940 	 0.955736 	 0.000654625	0.00136763
315 	 2945 	 0.955737 	 0.00065471	0.00136781
315 	 2950 	 0.955738 	 0.000654796	0.00136799
315 	 2955 	 0.955739 	 0.000654881	0.00136817
315 	 2960 	 0.95574 	 0.000654967	0.00136834
315 	 2965 	 0.955741 	 0.000655052	0.00136852
315 	 2970 	 0.955742 	 0.000655138	0.0013687
315 	 2975 	 0.955743 	 0.000655224	0.00136888
315 	 2980 	 0.955744 	 0.00065531	0.00136906
315 	 2985 	 0.955745 	 0.000655396	0.00136924
315 	 2990 	 0.955746 	 0.000655482	0.00136942
315 	 2995 	 0.955747 	 0.000655568	0.0013696
315 	 3000 	 0.955748 	 0.000655654	0.00136978
315 	 3005 	 0.955749 	 0.000655741	0.00136996
315 	 3010 	 0.95575 	 0.000655827	0.00137014
315 	 3015 	 0.955751 	 0.000655914	0.00137032
315 	 3020 	 0.955752 	 0.000656	0.0013705
315 	 3025 	 0.955753 	 0.000656087	0.00137069
315 	 3030 	 0.955754 	 0.000656174	0.00137087
315 	 3035 	 0.955755 	 0.000656261	0.00137105
315 	 3040 	 0.955756 	 0.000656348	0.00137123
315 	 3045 	 0.955757 	 0.000656435	0.00137141
315 	 3050 	 0.955758 	 0.000656523	0.0013716
315 	 3055 	 0.955759 	 0.00065661	0.00137178
315 	 3060 	 0.95576 	 0.000656697	0.00137196
315 	 3065 	 0.95576 	 0.000656785	0.00137214
315 	 3070 	 0.955761 	 0.000656872	0.00137233
315 	 3075 	 0.955762 	 0.00065696	0.00137251
315 	 3080 	 0.955763 	 0.000657048	0.00137269
315 	 3085 	 0.955764 	 0.000657136	0.00137288
315 	 3090 	 0.955765 	 0.000657223	0.00137306
315 	 3095 	 0.955766 	 0.000657311	0.00137324
315 	 3100 	 0.955767 	 0.000657399	0.00137343
315 	 3105 	 0.955768 	 0.000657488	0.00137361
315 	 3110 	 0.955769 	 0.000657576	0.0013738
315 	 3115 	 0.95577 	 0.000657664	0.00137398
315 	 3120 	 0.955771 	 0.000657752	0.00137416
315 	 3125 	 0.955771 	 0.000657841	0.00137435
315 	 3130 	 0.955772 	 0.000657929	0.00137453
315 	 3135 	 0.955773 	 0.000658018	0.00137472
315 	 3140 	 0.955774 	 0.000658106	0.0013749
315 	 3145 	 0.955775 	 0.000658195	0.00137509
315 	 3150 	 0.955776 	 0.000658284	0.00137527
315 	 3155 	 0.955777 	 0.000658372	0.00137546
315 	 3160 	 0.955778 	 0.000658461	0.00137565
315 	 3165 	 0.955779 	 0.00065855	0.00137583
315 	 3170 	 0.955779 	 0.000658639	0.00137602
315 	 3175 	 0.95578 	 0.000658728	0.0013762
315 	 3180 	 0.955781 	 0.000658817	0.00137639
315 	 3185 	 0.955782 	 0.000658906	0.00137658
315 	 3190 	 0.955783 	 0.000658995	0.00137676
315 	 3195 	 0.955784 	 0.000659085	0.00137695
315 	 3200 	 0.955785 	 0.000659174	0.00137713
315 	 3205 	 0.955786 	 0.000659263	0.00137732
315 	 3210 	 0.955786 	 0.000659353	0.00137751
315 	 3215 	 0.955787 	 0.000659442	0.00137769
315 	 3220 	 0.955788 	 0.000659532	0.00137788
315 	 3225 	 0.955789 	 0.000659621	0.00137807
315 	 3230 	 0.95579 	 0.000659711	0.00137826
315 	 3235 	 0.955791 	 0.0006598	0.00137844
315 	 3240 	 0.955792 	 0.00065989	0.00137863
315 	 3245 	 0.955792 	 0.00065998	0.00137882
315 	 3250 	 0.955793 	 0.00066007	0.00137901
315 	 3255 	 0.955794 	 0.000660159	0.00137919
315 	 3260 	 0.955795 	 0.000660249	0.00137938
315 	 3265 	 0.955796 	 0.000660339	0.00137957
315 	 3270 	 0.955797 	 0.000660429	0.00137976
315 	 3275 	 0.955797 	 0.000660519	0.00137994
315 	 3280 	 0.955798 	 0.000660609	0.00138013
315 	 3285 	 0.955799 	 0.000660699	0.00138032
315 	 3290 	 0.9558 	 0.000660789	0.00138051
315 	 3295 	 0.955801 	 0.000660879	0.0013807
315 	 3300 	 0.955802 	 0.000660969	0.00138089
315 	 3305 	 0.955802 	 0.00066106	0.00138107
315 	 3310 	 0.955803 	 0.00066115	0.00138126
315 	 3315 	 0.955804 	 0.00066124	0.00138145
315 	 3320 	 0.955805 	 0.00066133	0.00138164
315 	 3325 	 0.955806 	 0.000661421	0.00138183
315 	 3330 	 0.955807 	 0.000661511	0.00138202
315 	 3335 	 0.955807 	 0.000661601	0.00138221
315 	 3340 	 0.955808 	 0.000661692	0.00138239
315 	 3345 	 0.955809 	 0.000661782	0.00138258
315 	 3350 	 0.95581 	 0.000661873	0.00138277
315 	 3355 	 0.955811 	 0.000661963	0.00138296
315 	 3360 	 0.955811 	 0.000662054	0.00138315
315 	 3365 	 0.955812 	 0.000662144	0.00138334
315 	 3370 	 0.955813 	 0.000662235	0.00138353
315 	 3375 	 0.955814 	 0.000662326	0.00138372
315 	 3380 	 0.955815 	 0.000662416	0.00138391
315 	 3385 	 0.955815 	 0.000662507	0.0013841
315 	 3390 	 0.955816 	 0.000662598	0.00138429
315 	 3395 	 0.955817 	 0.000662688	0.00138448
315 	 3400 	 0.955818 	 0.000662779	0.00138467
315 	 3405 	 0.955818 	 0.00066287	0.00138486
315 	 3410 	 0.955819 	 0.00066296	0.00138505
315 	 3415 	 0.95582 	 0.000663051	0.00138523
315 	 3420 	 0.955821 	 0.000663142	0.00138542
315 	 3425 	 0.955822 	 0.000663233	0.00138561
315 	 3430 	 0.955822 	 0.000663324	0.0013858
315 	 3435 	 0.955823 	 0.000663414	0.00138599
315 	 3440 	 0.955824 	 0.000663505	0.00138618
315 	 3445 	 0.955825 	 0.000663596	0.00138637
315 	 3450 	 0.955825 	 0.000663687	0.00138656
315 	 3455 	 0.955826 	 0.000663778	0.00138675
315 	 3460 	 0.955827 	 0.000663869	0.00138694
315 	 3465 	 0.955828 	 0.00066396	0.00138713
315 	 3470 	 0.955828 	 0.000664051	0.00138732
315 	 3475 	 0.955829 	 0.000664142	0.00138751
315 	 3480 	 0.95583 	 0.000664233	0.0013877
315 	 3485 	 0.955831 	 0.000664324	0.00138789
315 	 3490 	 0.955831 	 0.000664415	0.00138808
315 	 3495 	 0.955832 	 0.000664506	0.00138827
315 	 3500 	 0.955833 	 0.000664597	0.00138846
315 	 3505 	 0.955834 	 0.000664688	0.00138865
315 	 3510 	 0.955834 	 0.000664779	0.00138884
315 	 3515 	 0.955835 	 0.00066487	0.00138903
315 	 3520 	 0.955836 	 0.000664961	0.00138922
315 	 3525 	 0.955837 	 0.000665052	0.00138941
315 	 3530 	 0.955837 	 0.000665143	0.0013896
315 	 3535 	 0.955838 	 0.000665234	0.00138979
315 	 3540 	 0.955839 	 0.000665325	0.00138998
315 	 3545 	 0.95584 	 0.000665416	0.00139017
315 	 3550 	 0.95584 	 0.000665507	0.00139036
315 	 3555 	 0.955841 	 0.000665598	0.00139056
315 	 3560 	 0.955842 	 0.000665689	0.00139075
315 	 3565 	 0.955843 	 0.00066578	0.00139094
315 	 3570 	 0.955843 	 0.000665871	0.00139113
315 	 3575 	 0.955844 	 0.000665962	0.00139132
315 	 3580 	 0.955845 	 0.000666053	0.00139151
315 	 3585 	 0.955845 	 0.000666144	0.0013917
315 	 3590 	 0.955846 	 0.000666235	0.00139189
315 	 3595 	 0.955847 	 0.000666326	0.00139208
315 	 3600 	 0.955848 	 0.000666417	0.00139227
315 	 3605 	 0.955848 	 0.000666508	0.00139246
315 	 3610 	 0.955849 	 0.000666599	0.00139265
315 	 3615 	 0.95585 	 0.00066669	0.00139284
315 	 3620 	 0.95585 	 0.000666781	0.00139303
315 	 3625 	 0.955851 	 0.000666872	0.00139322
315 	 3630 	 0.955852 	 0.000666963	0.00139341
315 	 3635 	 0.955852 	 0.000667054	0.0013936
315 	 3640 	 0.955853 	 0.000667145	0.00139379
315 	 3645 	 0.955854 	 0.000667236	0.00139398
315 	 3650 	 0.955855 	 0.000667327	0.00139417
315 	 3655 	 0.955855 	 0.000667418	0.00139436
315 	 3660 	 0.955856 	 0.000667509	0.00139455
315 	 3665 	 0.955857 	 0.0006676	0.00139474
315 	 3670 	 0.955857 	 0.000667691	0.00139493
315 	 3675 	 0.955858 	 0.000667782	0.00139512
315 	 3680 	 0.955859 	 0.000667873	0.00139531
315 	 3685 	 0.955859 	 0.000667964	0.0013955
315 	 3690 	 0.95586 	 0.000668055	0.00139569
315 	 3695 	 0.955861 	 0.000668146	0.00139588
315 	 3700 	 0.955861 	 0.000668237	0.00139607
315 	 3705 	 0.955862 	 0.000668328	0.00139626
315 	 3710 	 0.955863 	 0.000668419	0.00139645
315 	 3715 	 0.955863 	 0.000668509	0.00139664
315 	 3720 	 0.955864 	 0.0006686	0.00139683
315 	 3725 	 0.955865 	 0.000668691	0.00139702
315 	 3730 	 0.955865 	 0.000668782	0.00139721
315 	 3735 	 0.955866 	 0.000668873	0.0013974
315 	 3740 	 0.955867 	 0.000668963	0.00139759
315 	 3745 	 0.955868 	 0.000669054	0.00139778
315 	 3750 	 0.955868 	 0.000669145	0.00139797
315 	 3755 	 0.955869 	 0.000669236	0.00139816
315 	 3760 	 0.955869 	 0.000669326	0.00139834
315 	 3765 	 0.95587 	 0.000669417	0.00139853
315 	 3770 	 0.955871 	 0.000669508	0.00139872
315 	 3775 	 0.955871 	 0.000669599	0.00139891
315 	 3780 	 0.955872 	 0.000669689	0.0013991
315 	 3785 	 0.955873 	 0.00066978	0.00139929
315 	 3790 	 0.955873 	 0.00066987	0.00139948
315 	 3795 	 0.955874 	 0.000669961	0.00139967
315 	 3800 	 0.955875 	 0.000670052	0.00139986
315 	 3805 	 0.955875 	 0.000670142	0.00140005
315 	 3810 	 0.955876 	 0.000670233	0.00140024
315 	 3815 	 0.955877 	 0.000670323	0.00140043
315 	 3820 	 0.955877 	 0.000670414	0.00140062
315 	 3825 	 0.955878 	 0.000670504	0.00140081
315 	 3830 	 0.955879 	 0.000670595	0.00140099
315 	 3835 	 0.955879 	 0.000670685	0.00140118
315 	 3840 	 0.95588 	 0.000670776	0.00140137
315 	 3845 	 0.955881 	 0.000670866	0.00140156
315 	 3850 	 0.955881 	 0.000670956	0.00140175
315 	 3855 	 0.955882 	 0.000671047	0.00140194
315 	 3860 	 0.955882 	 0.000671137	0.00140213
315 	 3865 	 0.955883 	 0.000671227	0.00140232
315 	 3870 	 0.955884 	 0.000671318	0.0014025
315 	 3875 	 0.955884 	 0.000671408	0.00140269
315 	 3880 	 0.955885 	 0.000671498	0.00140288
315 	 3885 	 0.955886 	 0.000671588	0.00140307
315 	 3890 	 0.955886 	 0.000671678	0.00140326
315 	 3895 	 0.955887 	 0.000671769	0.00140345
315 	 3900 	 0.955887 	 0.000671859	0.00140364
315 	 3905 	 0.955888 	 0.000671949	0.00140382
315 	 3910 	 0.955889 	 0.000672039	0.00140401
315 	 3915 	 0.955889 	 0.000672129	0.0014042
315 	 3920 	 0.95589 	 0.000672219	0.00140439
315 	 3925 	 0.955891 	 0.000672309	0.00140458
315 	 3930 	 0.955891 	 0.000672399	0.00140476
315 	 3935 	 0.955892 	 0.000672489	0.00140495
315 	 3940 	 0.955892 	 0.000672579	0.00140514
315 	 3945 	 0.955893 	 0.000672669	0.00140533
315 	 3950 	 0.955894 	 0.000672759	0.00140552
315 	 3955 	 0.955894 	 0.000672849	0.0014057
315 	 3960 	 0.955895 	 0.000672938	0.00140589
315 	 3965 	 0.955895 	 0.000673028	0.00140608
315 	 3970 	 0.955896 	 0.000673118	0.00140627
315 	 3975 	 0.955897 	 0.000673208	0.00140645
315 	 3980 	 0.955897 	 0.000673297	0.00140664
315 	 3985 	 0.955898 	 0.000673387	0.00140683
315 	 3990 	 0.955898 	 0.000673477	0.00140702
315 	 3995 	 0.955899 	 0.000673566	0.0014072
315 	 4000 	 0.9559 	 0.000673656	0.00140739
315 	 4005 	 0.9559 	 0.000673745	0.00140758
315 	 4010 	 0.955901 	 0.000673835	0.00140776
315 	 4015 	 0.955901 	 0.000673924	0.00140795
315 	 4020 	 0.955902 	 0.000674014	0.00140814
315 	 4025 	 0.955903 	 0.000674103	0.00140832
315 	 4030 	 0.955903 	 0.000674193	0.00140851
315 	 4035 	 0.955904 	 0.000674282	0.0014087
315 	 4040 	 0.955904 	 0.000674371	0.00140888
315 	 4045 	 0.955905 	 0.00067446	0.00140907
315 	 4050 	 0.955905 	 0.00067455	0.00140926
315 	 4055 	 0.955906 	 0.000674639	0.00140944
315 	 4060 	 0.955907 	 0.000674728	0.00140963
315 	 4065 	 0.955907 	 0.000674817	0.00140982
315 	 4070 	 0.955908 	 0.000674906	0.00141
315 	 4075 	 0.955908 	 0.000674995	0.00141019
315 	 4080 	 0.955909 	 0.000675085	0.00141037
315 	 4085 	 0.95591 	 0.000675174	0.00141056
315 	 4090 	 0.95591 	 0.000675263	0.00141075
315 	 4095 	 0.955911 	 0.000675351	0.00141093
315 	 4100 	 0.955911 	 0.00067544	0.00141112
315 	 4105 	 0.955912 	 0.000675529	0.0014113
315 	 4110 	 0.955912 	 0.000675618	0.00141149
315 	 4115 	 0.955913 	 0.000675707	0.00141167
315 	 4120 	 0.955914 	 0.000675796	0.00141186
315 	 4125 	 0.955914 	 0.000675884	0.00141205
315 	 4130 	 0.955915 	 0.000675973	0.00141223
315 	 4135 	 0.955915 	 0.000676062	0.00141242
315 	 4140 	 0.955916 	 0.00067615	0.0014126
315 	 4145 	 0.955916 	 0.000676239	0.00141279
315 	 4150 	 0.955917 	 0.000676328	0.00141297
315 	 4155 	 0.955917 	 0.000676416	0.00141316
315 	 4160 	 0.955918 	 0.000676505	0.00141334
315 	 4165 	 0.955919 	 0.000676593	0.00141353
315 	 4170 	 0.955919 	 0.000676681	0.00141371
315 	 4175 	 0.95592 	 0.00067677	0.0014139
315 	 4180 	 0.95592 	 0.000676858	0.00141408
315 	 4185 	 0.955921 	 0.000676946	0.00141426
315 	 4190 	 0.955921 	 0.000677035	0.00141445
315 	 4195 	 0.955922 	 0.000677123	0.00141463
315 	 4200 	 0.955922 	 0.000677211	0.00141482
315 	 4205 	 0.955923 	 0.000677299	0.001415
315 	 4210 	 0.955924 	 0.000677387	0.00141519
315 	 4215 	 0.955924 	 0.000677475	0.00141537
315 	 4220 	 0.955925 	 0.000677563	0.00141555
315 	 4225 	 0.955925 	 0.000677651	0.00141574
315 	 4230 	 0.955926 	 0.000677739	0.00141592
315 	 4235 	 0.955926 	 0.000677827	0.0014161
315 	 4240 	 0.955927 	 0.000677915	0.00141629
315 	 4245 	 0.955927 	 0.000678003	0.00141647
315 	 4250 	 0.955928 	 0.000678091	0.00141665
315 	 4255 	 0.955928 	 0.000678178	0.00141684
315 	 4260 	 0.955929 	 0.000678266	0.00141702
315 	 4265 	 0.95593 	 0.000678354	0.0014172
315 	 4270 	 0.95593 	 0.000678441	0.00141739
315 	 4275 	 0.955931 	 0.000678529	0.00141757
315 	 4280 	 0.955931 	 0.000678616	0.00141775
315 	 4285 	 0.955932 	 0.000678704	0.00141794
315 	 4290 	 0.955932 	 0.000678791	0.00141812
315 	 4295 	 0.955933 	 0.000678879	0.0014183
315 	 4300 	 0.955933 	 0.000678966	0.00141848
315 	 4305 	 0.955934 	 0.000679054	0.00141867
315 	 4310 	 0.955934 	 0.000679141	0.00141885
315 	 4315 	 0.955935 	 0.000679228	0.00141903
315 	 4320 	 0.955935 	 0.000679315	0.00141921
315 	 4325 	 0.955936 	 0.000679402	0.0014194
315 	 4330 	 0.955936 	 0.00067949	0.00141958
315 	 4335 	 0.955937 	 0.000679577	0.00141976
315 	 4340 	 0.955937 	 0.000679664	0.00141994
315 	 4345 	 0.955938 	 0.000679751	0.00142012
315 	 4350 	 0.955938 	 0.000679838	0.0014203
315 	 4355 	 0.955939 	 0.000679924	0.00142049
315 	 4360 	 0.955939 	 0.000680011	0.00142067
315 	 4365 	 0.95594 	 0.000680098	0.00142085
315 	 4370 	 0.955941 	 0.000680185	0.00142103
315 	 4375 	 0.955941 	 0.000680272	0.00142121
315 	 4380 	 0.955942 	 0.000680358	0.00142139
315 	 4385 	 0.955942 	 0.000680445	0.00142157
315 	 4390 	 0.955943 	 0.000680532	0.00142175
315 	 4395 	 0.955943 	 0.000680618	0.00142194
315 	 4400 	 0.955944 	 0.000680705	0.00142212
315 	 4405 	 0.955944 	 0.000680791	0.0014223
315 	 4410 	 0.955945 	 0.000680878	0.00142248
315 	 4415 	 0.955945 	 0.000680964	0.00142266
315 	 4420 	 0.955946 	 0.00068105	0.00142284
315 	 4425 	 0.955946 	 0.000681137	0.00142302
315 	 4430 	 0.955947 	 0.000681223	0.0014232
315 	 4435 	 0.955947 	 0.000681309	0.00142338
315 	 4440 	 0.955948 	 0.000681395	0.00142356
315 	 4445 	 0.955948 	 0.000681481	0.00142374
315 	 4450 	 0.955949 	 0.000681567	0.00142392
315 	 4455 	 0.955949 	 0.000681653	0.0014241
315 	 4460 	 0.95595 	 0.000681739	0.00142428
315 	 4465 	 0.95595 	 0.000681825	0.00142446
315 	 4470 	 0.955951 	 0.000681911	0.00142464
315 	 4475 	 0.955951 	 0.000681997	0.00142482
315 	 4480 	 0.955952 	 0.000682083	0.001425
315 	 4485 	 0.955952 	 0.000682169	0.00142517
315 	 4490 	 0.955953 	 0.000682254	0.00142535
315 	 4495 	 0.955953 	 0.00068234	0.00142553
315 	 4500 	 0.955954 	 0.000682426	0.00142571
315 	 4505 	 0.955954 	 0.000682511	0.00142589
315 	 4510 	 0.955954 	 0.000682597	0.00142607
315 	 4515 	 0.955955 	 0.000682682	0.00142625
315 	 4520 	 0.955955 	 0.000682767	0.00142643
315 	 4525 	 0.955956 	 0.000682853	0.0014266
315 	 4530 	 0.955956 	 0.000682938	0.00142678
315 	 4535 	 0.955957 	 0.000683023	0.00142696
315 	 4540 	 0.955957 	 0.000683109	0.00142714
315 	 4545 	 0.955958 	 0.000683194	0.00142732
315 	 4550 	 0.955958 	 0.000683279	0.00142749
315 	 4555 	 0.955959 	 0.000683364	0.00142767
315 	 4560 	 0.955959 	 0.000683449	0.00142785
315 	 4565 	 0.95596 	 0.000683534	0.00142803
315 	 4570 	 0.95596 	 0.000683619	0.00142821
315 	 4575 	 0.955961 	 0.000683704	0.00142838
315 	 4580 	 0.955961 	 0.000683789	0.00142856
315 	 4585 	 0.955962 	 0.000683874	0.00142874
315 	 4590 	 0.955962 	 0.000683959	0.00142891
315 	 4595 	 0.955963 	 0.000684043	0.00142909
315 	 4600 	 0.955963 	 0.000684128	0.00142927
315 	 4605 	 0.955964 	 0.000684213	0.00142944
315 	 4610 	 0.955964 	 0.000684297	0.00142962
315 	 4615 	 0.955965 	 0.000684382	0.0014298
315 	 4620 	 0.955965 	 0.000684466	0.00142997
315 	 4625 	 0.955965 	 0.000684551	0.00143015
315 	 4630 	 0.955966 	 0.000684635	0.00143033
315 	 4635 	 0.955966 	 0.000684719	0.0014305
315 	 4640 	 0.955967 	 0.000684804	0.00143068
315 	 4645 	 0.955967 	 0.000684888	0.00143086
315 	 4650 	 0.955968 	 0.000684972	0.00143103
315 	 4655 	 0.955968 	 0.000685056	0.00143121
315 	 4660 	 0.955969 	 0.00068514	0.00143138
315 	 4665 	 0.955969 	 0.000685224	0.00143156
315 	 4670 	 0.95597 	 0.000685308	0.00143173
315 	 4675 	 0.95597 	 0.000685392	0.00143191
315 	 4680 	 0.955971 	 0.000685476	0.00143208
315 	 4685 	 0.955971 	 0.00068556	0.00143226
315 	 4690 	 0.955971 	 0.000685644	0.00143243
315 	 4695 	 0.955972 	 0.000685728	0.00143261
315 	 4700 	 0.955972 	 0.000685811	0.00143278
315 	 4705 	 0.955973 	 0.000685895	0.00143296
315 	 4710 	 0.955973 	 0.000685979	0.00143313
315 	 4715 	 0.955974 	 0.000686062	0.00143331
315 	 4720 	 0.955974 	 0.000686146	0.00143348
315 	 4725 	 0.955975 	 0.000686229	0.00143366
315 	 4730 	 0.955975 	 0.000686312	0.00143383
315 	 4735 	 0.955976 	 0.000686396	0.00143401
315 	 4740 	 0.955976 	 0.000686479	0.00143418
315 	 4745 	 0.955976 	 0.000686562	0.00143435
315 	 4750 	 0.955977 	 0.000686646	0.00143453
315 	 4755 	 0.955977 	 0.000686729	0.0014347
315 	 4760 	 0.955978 	 0.000686812	0.00143488
315 	 4765 	 0.955978 	 0.000686895	0.00143505
315 	 4770 	 0.955979 	 0.000686978	0.00143522
315 	 4775 	 0.955979 	 0.000687061	0.0014354
315 	 4780 	 0.95598 	 0.000687144	0.00143557
315 	 4785 	 0.95598 	 0.000687227	0.00143574
315 	 4790 	 0.95598 	 0.00068731	0.00143591
315 	 4795 	 0.955981 	 0.000687392	0.00143609
315 	 4800 	 0.955981 	 0.000687475	0.00143626
315 	 4805 	 0.955982 	 0.000687558	0.00143643
315 	 4810 	 0.955982 	 0.00068764	0.00143661
315 	 4815 	 0.955983 	 0.000687723	0.00143678
315 	 4820 	 0.955983 	 0.000687805	0.00143695
315 	 4825 	 0.955983 	 0.000687888	0.00143712
315 	 4830 	 0.955984 	 0.00068797	0.0014373
315 	 4835 	 0.955984 	 0.000688053	0.00143747
315 	 4840 	 0.955985 	 0.000688135	0.00143764
315 	 4845 	 0.955985 	 0.000688217	0.00143781
315 	 4850 	 0.955986 	 0.0006883	0.00143798
315 	 4855 	 0.955986 	 0.000688382	0.00143815
315 	 4860 	 0.955986 	 0.000688464	0.00143833
315 	 4865 	 0.955987 	 0.000688546	0.0014385
315 	 4870 	 0.955987 	 0.000688628	0.00143867
315 	 4875 	 0.955988 	 0.00068871	0.00143884
315 	 4880 	 0.955988 	 0.000688792	0.00143901
315 	 4885 	 0.955989 	 0.000688874	0.00143918
315 	 4890 	 0.955989 	 0.000688956	0.00143935
315 	 4895 	 0.955989 	 0.000689037	0.00143952
315 	 4900 	 0.95599 	 0.000689119	0.0014397
315 	 4905 	 0.95599 	 0.000689201	0.00143987
315 	 4910 	 0.955991 	 0.000689282	0.00144004
315 	 4915 	 0.955991 	 0.000689364	0.00144021
315 	 4920 	 0.955992 	 0.000689445	0.00144038
315 	 4925 	 0.955992 	 0.000689527	0.00144055
315 	 4930 	 0.955992 	 0.000689608	0.00144072
315 	 4935 	 0.955993 	 0.00068969	0.00144089
315 	 4940 	 0.955993 	 0.000689771	0.00144106
315 	 4945 	 0.955994 	 0.000689852	0.00144123
315 	 4950 	 0.955994 	 0.000689933	0.0014414
315 	 4955 	 0.955995 	 0.000690015	0.00144157
315 	 4960 	 0.955995 	 0.000690096	0.00144174
315 	 4965 	 0.955995 	 0.000690177	0.00144191
315 	 4970 	 0.955996 	 0.000690258	0.00144207
315 	 4975 	 0.955996 	 0.000690339	0.00144224
315 	 4980 	 0.955997 	 0.00069042	0.00144241
315 	 4985 	 0.955997 	 0.000690501	0.00144258
315 	 4990 	 0.955997 	 0.000690581	0.00144275
315 	 4995 	 0.955998 	 0.000690662	0.00144292
315 	 5000 	 0.955998 	 0.000690743	0.00144309
