4560 	 5 	 0.877071 	 0.00533369	0.0111431
4560 	 10 	 0.879686 	 0.00431488	0.00901456
4560 	 15 	 0.883353 	 0.0032225	0.00673239
4560 	 20 	 0.8882 	 0.0021744	0.00454271
4560 	 25 	 0.894122 	 0.00132169	0.00276125
4560 	 30 	 0.9007 	 0.00112488	0.00235008
4560 	 35 	 0.913124 	 0.00188412	0.00393627
4560 	 40 	 0.92213 	 0.00105096	0.00219564
4560 	 45 	 0.929254 	 0.00076794	0.00160437
4560 	 50 	 0.934706 	 0.000767949	0.00160439
4560 	 55 	 0.938764 	 0.000774072	0.00161718
4560 	 60 	 0.941745 	 0.000759995	0.00158777
4560 	 65 	 0.943935 	 0.000752497	0.0015721
4560 	 70 	 0.945566 	 0.000755929	0.00157927
4560 	 75 	 0.946806 	 0.000760776	0.0015894
4560 	 80 	 0.947773 	 0.000759301	0.00158632
4560 	 85 	 0.948549 	 0.000749393	0.00156562
4560 	 90 	 0.949187 	 0.000732568	0.00153047
4560 	 95 	 0.949727 	 0.000711614	0.00148669
4560 	 100 	 0.950192 	 0.000689238	0.00143994
4560 	 105 	 0.9506 	 0.000667523	0.00139458
4560 	 110 	 0.950963 	 0.000647827	0.00135343
4560 	 115 	 0.95129 	 0.000630879	0.00131802
4560 	 120 	 0.951587 	 0.000616937	0.00128889
4560 	 125 	 0.951859 	 0.000605942	0.00126592
4560 	 130 	 0.95211 	 0.00059765	0.0012486
4560 	 135 	 0.952342 	 0.000591724	0.00123622
4560 	 140 	 0.952558 	 0.000587803	0.00122803
4560 	 145 	 0.952759 	 0.000585538	0.00122329
4560 	 150 	 0.952947 	 0.000584615	0.00122137
4560 	 155 	 0.953124 	 0.000584763	0.00122168
4560 	 160 	 0.95329 	 0.000585756	0.00122375
4560 	 165 	 0.953447 	 0.000587406	0.0012272
4560 	 170 	 0.953596 	 0.000589562	0.0012317
4560 	 175 	 0.953736 	 0.000592105	0.00123701
4560 	 180 	 0.953869 	 0.000594938	0.00124293
4560 	 185 	 0.953995 	 0.000597987	0.0012493
4560 	 190 	 0.954116 	 0.000601194	0.001256
4560 	 195 	 0.95423 	 0.000604512	0.00126294
4560 	 200 	 0.954339 	 0.000607907	0.00127003
4560 	 205 	 0.954444 	 0.000611351	0.00127722
4560 	 210 	 0.954544 	 0.000614823	0.00128448
4560 	 215 	 0.954639 	 0.000618307	0.00129176
4560 	 220 	 0.954731 	 0.000621791	0.00129904
4560 	 225 	 0.954818 	 0.000625267	0.0013063
4560 	 230 	 0.954903 	 0.000628727	0.00131353
4560 	 235 	 0.954984 	 0.000632166	0.00132071
4560 	 240 	 0.955062 	 0.000635582	0.00132785
4560 	 245 	 0.955137 	 0.000638971	0.00133493
4560 	 250 	 0.955209 	 0.000642333	0.00134195
4560 	 255 	 0.955279 	 0.000645665	0.00134891
4560 	 260 	 0.955347 	 0.000648969	0.00135581
4560 	 265 	 0.955412 	 0.000652242	0.00136265
4560 	 270 	 0.955475 	 0.000655487	0.00136943
4560 	 275 	 0.955535 	 0.000658702	0.00137615
4560 	 280 	 0.955594 	 0.000661889	0.00138281
4560 	 285 	 0.955651 	 0.000665048	0.00138941
4560 	 290 	 0.955707 	 0.000668179	0.00139595
4560 	 295 	 0.95576 	 0.000671284	0.00140243
4560 	 300 	 0.955812 	 0.000674363	0.00140887
4560 	 305 	 0.955863 	 0.000677416	0.00141525
4560 	 310 	 0.955912 	 0.000680445	0.00142157
4560 	 315 	 0.955959 	 0.000683449	0.00142785
4560 	 320 	 0.956006 	 0.00068643	0.00143408
4560 	 325 	 0.956051 	 0.000689388	0.00144026
4560 	 330 	 0.956094 	 0.000692324	0.00144639
4560 	 335 	 0.956137 	 0.000695238	0.00145248
4560 	 340 	 0.956179 	 0.00069813	0.00145852
4560 	 345 	 0.956219 	 0.000701002	0.00146452
4560 	 350 	 0.956258 	 0.000703853	0.00147048
4560 	 355 	 0.956297 	 0.000706684	0.00147639
4560 	 360 	 0.956334 	 0.000709495	0.00148226
4560 	 365 	 0.956371 	 0.000712287	0.0014881
4560 	 370 	 0.956407 	 0.00071506	0.00149389
4560 	 375 	 0.956441 	 0.000717815	0.00149965
4560 	 380 	 0.956475 	 0.000720551	0.00150536
4560 	 385 	 0.956509 	 0.000723269	0.00151104
4560 	 390 	 0.956541 	 0.00072597	0.00151668
4560 	 395 	 0.956573 	 0.000728653	0.00152229
4560 	 400 	 0.956604 	 0.000731318	0.00152786
4560 	 405 	 0.956634 	 0.000733967	0.00153339
4560 	 410 	 0.956664 	 0.000736598	0.00153889
4560 	 415 	 0.956693 	 0.000739213	0.00154435
4560 	 420 	 0.956722 	 0.000741811	0.00154978
4560 	 425 	 0.95675 	 0.000744393	0.00155517
4560 	 430 	 0.956777 	 0.000746959	0.00156053
4560 	 435 	 0.956804 	 0.000749509	0.00156586
4560 	 440 	 0.95683 	 0.000752043	0.00157116
4560 	 445 	 0.956856 	 0.000754562	0.00157642
4560 	 450 	 0.956881 	 0.000757065	0.00158165
4560 	 455 	 0.956906 	 0.000759552	0.00158684
4560 	 460 	 0.95693 	 0.000762024	0.00159201
4560 	 465 	 0.956954 	 0.000764481	0.00159714
4560 	 470 	 0.956977 	 0.000766923	0.00160224
4560 	 475 	 0.957 	 0.00076935	0.00160731
4560 	 480 	 0.957022 	 0.000771763	0.00161235
4560 	 485 	 0.957045 	 0.00077416	0.00161736
4560 	 490 	 0.957066 	 0.000776543	0.00162234
4560 	 495 	 0.957088 	 0.000778912	0.00162729
4560 	 500 	 0.957109 	 0.000781266	0.00163221
4560 	 505 	 0.957129 	 0.000783606	0.0016371
4560 	 510 	 0.957149 	 0.000785932	0.00164196
4560 	 515 	 0.957169 	 0.000788244	0.00164679
4560 	 520 	 0.957189 	 0.000790542	0.00165159
4560 	 525 	 0.957208 	 0.000792827	0.00165636
4560 	 530 	 0.957227 	 0.000795097	0.0016611
4560 	 535 	 0.957246 	 0.000797354	0.00166582
4560 	 540 	 0.957264 	 0.000799598	0.00167051
4560 	 545 	 0.957282 	 0.000801828	0.00167516
4560 	 550 	 0.9573 	 0.000804044	0.0016798
4560 	 555 	 0.957317 	 0.000806248	0.0016844
4560 	 560 	 0.957334 	 0.000808438	0.00168897
4560 	 565 	 0.957351 	 0.000810616	0.00169352
4560 	 570 	 0.957368 	 0.00081278	0.00169805
4560 	 575 	 0.957384 	 0.000814932	0.00170254
4560 	 580 	 0.9574 	 0.000817071	0.00170701
4560 	 585 	 0.957416 	 0.000819197	0.00171145
4560 	 590 	 0.957432 	 0.00082131	0.00171587
4560 	 595 	 0.957447 	 0.000823412	0.00172026
4560 	 600 	 0.957463 	 0.0008255	0.00172462
4560 	 605 	 0.957478 	 0.000827577	0.00172896
4560 	 610 	 0.957492 	 0.000829641	0.00173327
4560 	 615 	 0.957507 	 0.000831694	0.00173756
4560 	 620 	 0.957521 	 0.000833734	0.00174182
4560 	 625 	 0.957536 	 0.000835762	0.00174606
4560 	 630 	 0.95755 	 0.000837779	0.00175027
4560 	 635 	 0.957563 	 0.000839784	0.00175446
4560 	 640 	 0.957577 	 0.000841777	0.00175862
4560 	 645 	 0.95759 	 0.000843758	0.00176276
4560 	 650 	 0.957604 	 0.000845728	0.00176688
4560 	 655 	 0.957617 	 0.000847687	0.00177097
4560 	 660 	 0.95763 	 0.000849634	0.00177504
4560 	 665 	 0.957642 	 0.000851571	0.00177909
4560 	 670 	 0.957655 	 0.000853496	0.00178311
4560 	 675 	 0.957667 	 0.00085541	0.00178711
4560 	 680 	 0.95768 	 0.000857313	0.00179108
4560 	 685 	 0.957692 	 0.000859205	0.00179504
4560 	 690 	 0.957704 	 0.000861086	0.00179897
4560 	 695 	 0.957715 	 0.000862957	0.00180287
4560 	 700 	 0.957727 	 0.000864817	0.00180676
4560 	 705 	 0.957739 	 0.000866666	0.00181062
4560 	 710 	 0.95775 	 0.000868505	0.00181447
4560 	 715 	 0.957761 	 0.000870334	0.00181829
4560 	 720 	 0.957772 	 0.000872152	0.00182209
4560 	 725 	 0.957783 	 0.00087396	0.00182586
4560 	 730 	 0.957794 	 0.000875758	0.00182962
4560 	 735 	 0.957805 	 0.000877546	0.00183335
4560 	 740 	 0.957815 	 0.000879324	0.00183707
4560 	 745 	 0.957826 	 0.000881092	0.00184076
4560 	 750 	 0.957836 	 0.00088285	0.00184444
4560 	 755 	 0.957846 	 0.000884599	0.00184809
4560 	 760 	 0.957856 	 0.000886338	0.00185172
4560 	 765 	 0.957866 	 0.000888067	0.00185533
4560 	 770 	 0.957876 	 0.000889786	0.00185893
4560 	 775 	 0.957886 	 0.000891497	0.0018625
4560 	 780 	 0.957896 	 0.000893197	0.00186605
4560 	 785 	 0.957905 	 0.000894889	0.00186959
4560 	 790 	 0.957915 	 0.000896571	0.0018731
4560 	 795 	 0.957924 	 0.000898244	0.0018766
4560 	 800 	 0.957933 	 0.000899909	0.00188007
4560 	 805 	 0.957942 	 0.000901564	0.00188353
4560 	 810 	 0.957951 	 0.00090321	0.00188697
4560 	 815 	 0.95796 	 0.000904847	0.00189039
4560 	 820 	 0.957969 	 0.000906475	0.00189379
4560 	 825 	 0.957978 	 0.000908095	0.00189718
4560 	 830 	 0.957987 	 0.000909706	0.00190054
4560 	 835 	 0.957995 	 0.000911309	0.00190389
4560 	 840 	 0.958004 	 0.000912903	0.00190722
4560 	 845 	 0.958012 	 0.000914488	0.00191053
4560 	 850 	 0.958021 	 0.000916065	0.00191383
4560 	 855 	 0.958029 	 0.000917634	0.0019171
4560 	 860 	 0.958037 	 0.000919194	0.00192036
4560 	 865 	 0.958045 	 0.000920747	0.00192361
4560 	 870 	 0.958053 	 0.000922291	0.00192683
4560 	 875 	 0.958061 	 0.000923827	0.00193004
4560 	 880 	 0.958069 	 0.000925355	0.00193324
4560 	 885 	 0.958077 	 0.000926875	0.00193641
4560 	 890 	 0.958084 	 0.000928388	0.00193957
4560 	 895 	 0.958092 	 0.000929892	0.00194271
4560 	 900 	 0.958099 	 0.000931389	0.00194584
4560 	 905 	 0.958107 	 0.000932878	0.00194895
4560 	 910 	 0.958114 	 0.000934359	0.00195205
4560 	 915 	 0.958122 	 0.000935833	0.00195513
4560 	 920 	 0.958129 	 0.000937299	0.00195819
4560 	 925 	 0.958136 	 0.000938758	0.00196124
4560 	 930 	 0.958143 	 0.000940209	0.00196427
4560 	 935 	 0.95815 	 0.000941654	0.00196729
4560 	 940 	 0.958157 	 0.00094309	0.00197029
4560 	 945 	 0.958164 	 0.00094452	0.00197327
4560 	 950 	 0.958171 	 0.000945942	0.00197625
4560 	 955 	 0.958178 	 0.000947358	0.0019792
4560 	 960 	 0.958185 	 0.000948766	0.00198214
4560 	 965 	 0.958191 	 0.000950167	0.00198507
4560 	 970 	 0.958198 	 0.000951561	0.00198798
4560 	 975 	 0.958205 	 0.000952948	0.00199088
4560 	 980 	 0.958211 	 0.000954329	0.00199377
4560 	 985 	 0.958218 	 0.000955703	0.00199664
4560 	 990 	 0.958224 	 0.000957069	0.00199949
4560 	 995 	 0.95823 	 0.00095843	0.00200233
4560 	 1000 	 0.958237 	 0.000959783	0.00200516
4560 	 1005 	 0.958243 	 0.00096113	0.00200798
4560 	 1010 	 0.958249 	 0.000962471	0.00201078
4560 	 1015 	 0.958255 	 0.000963805	0.00201356
4560 	 1020 	 0.958261 	 0.000965132	0.00201634
4560 	 1025 	 0.958267 	 0.000966453	0.0020191
4560 	 1030 	 0.958273 	 0.000967768	0.00202184
4560 	 1035 	 0.958279 	 0.000969076	0.00202458
4560 	 1040 	 0.958285 	 0.000970379	0.0020273
4560 	 1045 	 0.958291 	 0.000971675	0.00203001
4560 	 1050 	 0.958297 	 0.000972964	0.0020327
4560 	 1055 	 0.958302 	 0.000974248	0.00203538
4560 	 1060 	 0.958308 	 0.000975526	0.00203805
4560 	 1065 	 0.958314 	 0.000976797	0.00204071
4560 	 1070 	 0.958319 	 0.000978063	0.00204335
4560 	 1075 	 0.958325 	 0.000979323	0.00204598
4560 	 1080 	 0.95833 	 0.000980577	0.0020486
4560 	 1085 	 0.958336 	 0.000981824	0.00205121
4560 	 1090 	 0.958341 	 0.000983067	0.00205381
4560 	 1095 	 0.958347 	 0.000984303	0.00205639
4560 	 1100 	 0.958352 	 0.000985534	0.00205896
4560 	 1105 	 0.958357 	 0.000986759	0.00206152
4560 	 1110 	 0.958363 	 0.000987978	0.00206407
4560 	 1115 	 0.958368 	 0.000989192	0.0020666
4560 	 1120 	 0.958373 	 0.0009904	0.00206913
4560 	 1125 	 0.958378 	 0.000991603	0.00207164
4560 	 1130 	 0.958383 	 0.0009928	0.00207414
4560 	 1135 	 0.958388 	 0.000993992	0.00207663
4560 	 1140 	 0.958393 	 0.000995178	0.00207911
4560 	 1145 	 0.958398 	 0.000996359	0.00208158
4560 	 1150 	 0.958403 	 0.000997535	0.00208403
4560 	 1155 	 0.958408 	 0.000998705	0.00208648
4560 	 1160 	 0.958413 	 0.000999871	0.00208891
4560 	 1165 	 0.958418 	 0.00100103	0.00209134
4560 	 1170 	 0.958423 	 0.00100219	0.00209375
4560 	 1175 	 0.958428 	 0.00100334	0.00209615
4560 	 1180 	 0.958432 	 0.00100448	0.00209854
4560 	 1185 	 0.958437 	 0.00100562	0.00210092
4560 	 1190 	 0.958442 	 0.00100675	0.00210329
4560 	 1195 	 0.958446 	 0.00100788	0.00210565
4560 	 1200 	 0.958451 	 0.00100901	0.002108
4560 	 1205 	 0.958455 	 0.00101013	0.00211034
4560 	 1210 	 0.95846 	 0.00101124	0.00211267
4560 	 1215 	 0.958465 	 0.00101235	0.00211499
4560 	 1220 	 0.958469 	 0.00101346	0.0021173
4560 	 1225 	 0.958473 	 0.00101456	0.0021196
4560 	 1230 	 0.958478 	 0.00101565	0.00212189
4560 	 1235 	 0.958482 	 0.00101674	0.00212416
4560 	 1240 	 0.958487 	 0.00101783	0.00212643
4560 	 1245 	 0.958491 	 0.00101891	0.00212869
4560 	 1250 	 0.958495 	 0.00101999	0.00213094
4560 	 1255 	 0.9585 	 0.00102106	0.00213318
4560 	 1260 	 0.958504 	 0.00102213	0.00213541
4560 	 1265 	 0.958508 	 0.00102319	0.00213764
4560 	 1270 	 0.958512 	 0.00102425	0.00213985
4560 	 1275 	 0.958516 	 0.00102531	0.00214205
4560 	 1280 	 0.95852 	 0.00102636	0.00214424
4560 	 1285 	 0.958525 	 0.0010274	0.00214643
4560 	 1290 	 0.958529 	 0.00102844	0.0021486
4560 	 1295 	 0.958533 	 0.00102948	0.00215077
4560 	 1300 	 0.958537 	 0.00103051	0.00215293
4560 	 1305 	 0.958541 	 0.00103154	0.00215507
4560 	 1310 	 0.958545 	 0.00103256	0.00215721
4560 	 1315 	 0.958549 	 0.00103358	0.00215934
4560 	 1320 	 0.958552 	 0.0010346	0.00216147
4560 	 1325 	 0.958556 	 0.00103561	0.00216358
4560 	 1330 	 0.95856 	 0.00103662	0.00216568
4560 	 1335 	 0.958564 	 0.00103762	0.00216778
4560 	 1340 	 0.958568 	 0.00103862	0.00216987
4560 	 1345 	 0.958572 	 0.00103961	0.00217194
4560 	 1350 	 0.958575 	 0.00104061	0.00217401
4560 	 1355 	 0.958579 	 0.00104159	0.00217608
4560 	 1360 	 0.958583 	 0.00104258	0.00217813
4560 	 1365 	 0.958587 	 0.00104355	0.00218018
4560 	 1370 	 0.95859 	 0.00104453	0.00218221
4560 	 1375 	 0.958594 	 0.0010455	0.00218424
4560 	 1380 	 0.958598 	 0.00104647	0.00218626
4560 	 1385 	 0.958601 	 0.00104743	0.00218827
4560 	 1390 	 0.958605 	 0.00104839	0.00219028
4560 	 1395 	 0.958608 	 0.00104935	0.00219228
4560 	 1400 	 0.958612 	 0.0010503	0.00219427
4560 	 1405 	 0.958615 	 0.00105125	0.00219625
4560 	 1410 	 0.958619 	 0.00105219	0.00219822
4560 	 1415 	 0.958622 	 0.00105313	0.00220019
4560 	 1420 	 0.958626 	 0.00105407	0.00220214
4560 	 1425 	 0.958629 	 0.001055	0.00220409
4560 	 1430 	 0.958633 	 0.00105593	0.00220604
4560 	 1435 	 0.958636 	 0.00105686	0.00220797
4560 	 1440 	 0.958639 	 0.00105778	0.0022099
4560 	 1445 	 0.958643 	 0.0010587	0.00221182
4560 	 1450 	 0.958646 	 0.00105962	0.00221373
4560 	 1455 	 0.958649 	 0.00106053	0.00221564
4560 	 1460 	 0.958653 	 0.00106144	0.00221754
4560 	 1465 	 0.958656 	 0.00106234	0.00221943
4560 	 1470 	 0.958659 	 0.00106324	0.00222131
4560 	 1475 	 0.958662 	 0.00106414	0.00222319
4560 	 1480 	 0.958666 	 0.00106504	0.00222506
4560 	 1485 	 0.958669 	 0.00106593	0.00222692
4560 	 1490 	 0.958672 	 0.00106682	0.00222877
4560 	 1495 	 0.958675 	 0.0010677	0.00223062
4560 	 1500 	 0.958678 	 0.00106858	0.00223246
4560 	 1505 	 0.958681 	 0.00106946	0.0022343
4560 	 1510 	 0.958685 	 0.00107034	0.00223613
4560 	 1515 	 0.958688 	 0.00107121	0.00223795
4560 	 1520 	 0.958691 	 0.00107208	0.00223976
4560 	 1525 	 0.958694 	 0.00107294	0.00224157
4560 	 1530 	 0.958697 	 0.0010738	0.00224337
4560 	 1535 	 0.9587 	 0.00107466	0.00224516
4560 	 1540 	 0.958703 	 0.00107552	0.00224695
4560 	 1545 	 0.958706 	 0.00107637	0.00224873
4560 	 1550 	 0.958709 	 0.00107722	0.0022505
4560 	 1555 	 0.958712 	 0.00107806	0.00225227
4560 	 1560 	 0.958715 	 0.00107891	0.00225403
4560 	 1565 	 0.958718 	 0.00107975	0.00225579
4560 	 1570 	 0.958721 	 0.00108058	0.00225754
4560 	 1575 	 0.958724 	 0.00108142	0.00225928
4560 	 1580 	 0.958726 	 0.00108225	0.00226101
4560 	 1585 	 0.958729 	 0.00108308	0.00226274
4560 	 1590 	 0.958732 	 0.0010839	0.00226447
4560 	 1595 	 0.958735 	 0.00108472	0.00226618
4560 	 1600 	 0.958738 	 0.00108554	0.00226789
4560 	 1605 	 0.958741 	 0.00108636	0.0022696
4560 	 1610 	 0.958743 	 0.00108717	0.0022713
4560 	 1615 	 0.958746 	 0.00108798	0.00227299
4560 	 1620 	 0.958749 	 0.00108879	0.00227468
4560 	 1625 	 0.958752 	 0.00108959	0.00227636
4560 	 1630 	 0.958754 	 0.00109039	0.00227803
4560 	 1635 	 0.958757 	 0.00109119	0.0022797
4560 	 1640 	 0.95876 	 0.00109199	0.00228136
4560 	 1645 	 0.958762 	 0.00109278	0.00228302
4560 	 1650 	 0.958765 	 0.00109357	0.00228467
4560 	 1655 	 0.958768 	 0.00109436	0.00228632
4560 	 1660 	 0.95877 	 0.00109515	0.00228796
4560 	 1665 	 0.958773 	 0.00109593	0.00228959
4560 	 1670 	 0.958776 	 0.00109671	0.00229122
4560 	 1675 	 0.958778 	 0.00109748	0.00229284
4560 	 1680 	 0.958781 	 0.00109826	0.00229446
4560 	 1685 	 0.958784 	 0.00109903	0.00229607
4560 	 1690 	 0.958786 	 0.0010998	0.00229768
4560 	 1695 	 0.958789 	 0.00110056	0.00229928
4560 	 1700 	 0.958791 	 0.00110133	0.00230087
4560 	 1705 	 0.958794 	 0.00110209	0.00230246
4560 	 1710 	 0.958796 	 0.00110285	0.00230405
4560 	 1715 	 0.958799 	 0.0011036	0.00230563
4560 	 1720 	 0.958801 	 0.00110436	0.0023072
4560 	 1725 	 0.958804 	 0.00110511	0.00230877
4560 	 1730 	 0.958806 	 0.00110585	0.00231033
4560 	 1735 	 0.958809 	 0.0011066	0.00231189
4560 	 1740 	 0.958811 	 0.00110734	0.00231344
4560 	 1745 	 0.958814 	 0.00110808	0.00231499
4560 	 1750 	 0.958816 	 0.00110882	0.00231653
4560 	 1755 	 0.958818 	 0.00110956	0.00231807
4560 	 1760 	 0.958821 	 0.00111029	0.0023196
4560 	 1765 	 0.958823 	 0.00111102	0.00232112
4560 	 1770 	 0.958826 	 0.00111175	0.00232265
4560 	 1775 	 0.958828 	 0.00111247	0.00232416
4560 	 1780 	 0.95883 	 0.0011132	0.00232567
4560 	 1785 	 0.958833 	 0.00111392	0.00232718
4560 	 1790 	 0.958835 	 0.00111464	0.00232868
4560 	 1795 	 0.958837 	 0.00111535	0.00233018
4560 	 1800 	 0.95884 	 0.00111607	0.00233167
4560 	 1805 	 0.958842 	 0.00111678	0.00233316
4560 	 1810 	 0.958844 	 0.00111749	0.00233464
4560 	 1815 	 0.958846 	 0.0011182	0.00233612
4560 	 1820 	 0.958849 	 0.0011189	0.00233759
4560 	 1825 	 0.958851 	 0.0011196	0.00233906
4560 	 1830 	 0.958853 	 0.0011203	0.00234052
4560 	 1835 	 0.958855 	 0.001121	0.00234198
4560 	 1840 	 0.958858 	 0.0011217	0.00234343
4560 	 1845 	 0.95886 	 0.00112239	0.00234488
4560 	 1850 	 0.958862 	 0.00112308	0.00234632
4560 	 1855 	 0.958864 	 0.00112377	0.00234776
4560 	 1860 	 0.958866 	 0.00112446	0.0023492
4560 	 1865 	 0.958869 	 0.00112514	0.00235063
4560 	 1870 	 0.958871 	 0.00112582	0.00235205
4560 	 1875 	 0.958873 	 0.0011265	0.00235347
4560 	 1880 	 0.958875 	 0.00112718	0.00235489
4560 	 1885 	 0.958877 	 0.00112786	0.0023563
4560 	 1890 	 0.958879 	 0.00112853	0.00235771
4560 	 1895 	 0.958881 	 0.0011292	0.00235911
4560 	 1900 	 0.958884 	 0.00112987	0.00236051
4560 	 1905 	 0.958886 	 0.00113054	0.00236191
4560 	 1910 	 0.958888 	 0.00113121	0.0023633
4560 	 1915 	 0.95889 	 0.00113187	0.00236468
4560 	 1920 	 0.958892 	 0.00113253	0.00236606
4560 	 1925 	 0.958894 	 0.00113319	0.00236744
4560 	 1930 	 0.958896 	 0.00113385	0.00236882
4560 	 1935 	 0.958898 	 0.0011345	0.00237018
4560 	 1940 	 0.9589 	 0.00113516	0.00237155
4560 	 1945 	 0.958902 	 0.00113581	0.00237291
4560 	 1950 	 0.958904 	 0.00113646	0.00237426
4560 	 1955 	 0.958906 	 0.0011371	0.00237562
4560 	 1960 	 0.958908 	 0.00113775	0.00237696
4560 	 1965 	 0.95891 	 0.00113839	0.00237831
4560 	 1970 	 0.958912 	 0.00113903	0.00237965
4560 	 1975 	 0.958914 	 0.00113967	0.00238098
4560 	 1980 	 0.958916 	 0.00114031	0.00238231
4560 	 1985 	 0.958918 	 0.00114095	0.00238364
4560 	 1990 	 0.95892 	 0.00114158	0.00238497
4560 	 1995 	 0.958922 	 0.00114221	0.00238629
4560 	 2000 	 0.958924 	 0.00114284	0.0023876
4560 	 2005 	 0.958926 	 0.00114347	0.00238891
4560 	 2010 	 0.958928 	 0.00114409	0.00239022
4560 	 2015 	 0.95893 	 0.00114472	0.00239152
4560 	 2020 	 0.958931 	 0.00114534	0.00239282
4560 	 2025 	 0.958933 	 0.00114596	0.00239412
4560 	 2030 	 0.958935 	 0.00114658	0.00239541
4560 	 2035 	 0.958937 	 0.00114719	0.0023967
4560 	 2040 	 0.958939 	 0.00114781	0.00239798
4560 	 2045 	 0.958941 	 0.00114842	0.00239926
4560 	 2050 	 0.958943 	 0.00114903	0.00240054
4560 	 2055 	 0.958944 	 0.00114964	0.00240181
4560 	 2060 	 0.958946 	 0.00115025	0.00240308
4560 	 2065 	 0.958948 	 0.00115086	0.00240435
4560 	 2070 	 0.95895 	 0.00115146	0.00240561
4560 	 2075 	 0.958952 	 0.00115206	0.00240687
4560 	 2080 	 0.958954 	 0.00115266	0.00240812
4560 	 2085 	 0.958955 	 0.00115326	0.00240937
4560 	 2090 	 0.958957 	 0.00115386	0.00241062
4560 	 2095 	 0.958959 	 0.00115445	0.00241186
4560 	 2100 	 0.958961 	 0.00115505	0.0024131
4560 	 2105 	 0.958962 	 0.00115564	0.00241434
4560 	 2110 	 0.958964 	 0.00115623	0.00241557
4560 	 2115 	 0.958966 	 0.00115682	0.0024168
4560 	 2120 	 0.958968 	 0.0011574	0.00241803
4560 	 2125 	 0.95897 	 0.00115799	0.00241925
4560 	 2130 	 0.958971 	 0.00115857	0.00242047
4560 	 2135 	 0.958973 	 0.00115915	0.00242168
4560 	 2140 	 0.958975 	 0.00115973	0.0024229
4560 	 2145 	 0.958976 	 0.00116031	0.0024241
4560 	 2150 	 0.958978 	 0.00116089	0.00242531
4560 	 2155 	 0.95898 	 0.00116146	0.00242651
4560 	 2160 	 0.958982 	 0.00116204	0.00242771
4560 	 2165 	 0.958983 	 0.00116261	0.0024289
4560 	 2170 	 0.958985 	 0.00116318	0.00243009
4560 	 2175 	 0.958987 	 0.00116375	0.00243128
4560 	 2180 	 0.958988 	 0.00116432	0.00243247
4560 	 2185 	 0.95899 	 0.00116488	0.00243365
4560 	 2190 	 0.958992 	 0.00116544	0.00243483
4560 	 2195 	 0.958993 	 0.00116601	0.002436
4560 	 2200 	 0.958995 	 0.00116657	0.00243717
4560 	 2205 	 0.958996 	 0.00116713	0.00243834
4560 	 2210 	 0.958998 	 0.00116768	0.00243951
4560 	 2215 	 0.959 	 0.00116824	0.00244067
4560 	 2220 	 0.959001 	 0.0011688	0.00244183
4560 	 2225 	 0.959003 	 0.00116935	0.00244298
4560 	 2230 	 0.959005 	 0.0011699	0.00244413
4560 	 2235 	 0.959006 	 0.00117045	0.00244528
4560 	 2240 	 0.959008 	 0.001171	0.00244643
4560 	 2245 	 0.959009 	 0.00117154	0.00244757
4560 	 2250 	 0.959011 	 0.00117209	0.00244871
4560 	 2255 	 0.959012 	 0.00117263	0.00244985
4560 	 2260 	 0.959014 	 0.00117318	0.00245098
4560 	 2265 	 0.959016 	 0.00117372	0.00245211
4560 	 2270 	 0.959017 	 0.00117426	0.00245324
4560 	 2275 	 0.959019 	 0.00117479	0.00245436
4560 	 2280 	 0.95902 	 0.00117533	0.00245548
4560 	 2285 	 0.959022 	 0.00117587	0.0024566
4560 	 2290 	 0.959023 	 0.0011764	0.00245771
4560 	 2295 	 0.959025 	 0.00117693	0.00245883
4560 	 2300 	 0.959026 	 0.00117746	0.00245994
4560 	 2305 	 0.959028 	 0.00117799	0.00246104
4560 	 2310 	 0.959029 	 0.00117852	0.00246214
4560 	 2315 	 0.959031 	 0.00117905	0.00246324
4560 	 2320 	 0.959032 	 0.00117957	0.00246434
4560 	 2325 	 0.959034 	 0.0011801	0.00246544
4560 	 2330 	 0.959035 	 0.00118062	0.00246653
4560 	 2335 	 0.959037 	 0.00118114	0.00246762
4560 	 2340 	 0.959038 	 0.00118166	0.0024687
4560 	 2345 	 0.95904 	 0.00118218	0.00246978
4560 	 2350 	 0.959041 	 0.00118269	0.00247086
4560 	 2355 	 0.959043 	 0.00118321	0.00247194
4560 	 2360 	 0.959044 	 0.00118372	0.00247302
4560 	 2365 	 0.959046 	 0.00118424	0.00247409
4560 	 2370 	 0.959047 	 0.00118475	0.00247516
4560 	 2375 	 0.959049 	 0.00118526	0.00247622
4560 	 2380 	 0.95905 	 0.00118577	0.00247728
4560 	 2385 	 0.959051 	 0.00118627	0.00247834
4560 	 2390 	 0.959053 	 0.00118678	0.0024794
4560 	 2395 	 0.959054 	 0.00118729	0.00248046
4560 	 2400 	 0.959056 	 0.00118779	0.00248151
4560 	 2405 	 0.959057 	 0.00118829	0.00248256
4560 	 2410 	 0.959059 	 0.00118879	0.0024836
4560 	 2415 	 0.95906 	 0.00118929	0.00248465
4560 	 2420 	 0.959061 	 0.00118979	0.00248569
4560 	 2425 	 0.959063 	 0.00119029	0.00248673
4560 	 2430 	 0.959064 	 0.00119078	0.00248776
4560 	 2435 	 0.959066 	 0.00119128	0.0024888
4560 	 2440 	 0.959067 	 0.00119177	0.00248983
4560 	 2445 	 0.959068 	 0.00119226	0.00249085
4560 	 2450 	 0.95907 	 0.00119275	0.00249188
4560 	 2455 	 0.959071 	 0.00119324	0.0024929
4560 	 2460 	 0.959072 	 0.00119373	0.00249392
4560 	 2465 	 0.959074 	 0.00119422	0.00249494
4560 	 2470 	 0.959075 	 0.0011947	0.00249595
4560 	 2475 	 0.959076 	 0.00119519	0.00249697
4560 	 2480 	 0.959078 	 0.00119567	0.00249798
4560 	 2485 	 0.959079 	 0.00119615	0.00249898
4560 	 2490 	 0.95908 	 0.00119663	0.00249999
4560 	 2495 	 0.959082 	 0.00119711	0.00250099
4560 	 2500 	 0.959083 	 0.00119759	0.00250199
4560 	 2505 	 0.959084 	 0.00119807	0.00250299
4560 	 2510 	 0.959086 	 0.00119855	0.00250398
4560 	 2515 	 0.959087 	 0.00119902	0.00250497
4560 	 2520 	 0.959088 	 0.0011995	0.00250596
4560 	 2525 	 0.95909 	 0.00119997	0.00250695
4560 	 2530 	 0.959091 	 0.00120044	0.00250794
4560 	 2535 	 0.959092 	 0.00120091	0.00250892
4560 	 2540 	 0.959093 	 0.00120138	0.0025099
4560 	 2545 	 0.959095 	 0.00120185	0.00251088
4560 	 2550 	 0.959096 	 0.00120231	0.00251185
4560 	 2555 	 0.959097 	 0.00120278	0.00251282
4560 	 2560 	 0.959099 	 0.00120324	0.00251379
4560 	 2565 	 0.9591 	 0.00120371	0.00251476
4560 	 2570 	 0.959101 	 0.00120417	0.00251573
4560 	 2575 	 0.959102 	 0.00120463	0.00251669
4560 	 2580 	 0.959104 	 0.00120509	0.00251765
4560 	 2585 	 0.959105 	 0.00120555	0.00251861
4560 	 2590 	 0.959106 	 0.00120601	0.00251957
4560 	 2595 	 0.959107 	 0.00120646	0.00252052
4560 	 2600 	 0.959109 	 0.00120692	0.00252147
4560 	 2605 	 0.95911 	 0.00120737	0.00252242
4560 	 2610 	 0.959111 	 0.00120783	0.00252337
4560 	 2615 	 0.959112 	 0.00120828	0.00252431
4560 	 2620 	 0.959114 	 0.00120873	0.00252525
4560 	 2625 	 0.959115 	 0.00120918	0.00252619
4560 	 2630 	 0.959116 	 0.00120963	0.00252713
4560 	 2635 	 0.959117 	 0.00121008	0.00252807
4560 	 2640 	 0.959118 	 0.00121052	0.002529
4560 	 2645 	 0.95912 	 0.00121097	0.00252993
4560 	 2650 	 0.959121 	 0.00121141	0.00253086
4560 	 2655 	 0.959122 	 0.00121186	0.00253179
4560 	 2660 	 0.959123 	 0.0012123	0.00253271
4560 	 2665 	 0.959124 	 0.00121274	0.00253364
4560 	 2670 	 0.959126 	 0.00121318	0.00253456
4560 	 2675 	 0.959127 	 0.00121362	0.00253547
4560 	 2680 	 0.959128 	 0.00121406	0.00253639
4560 	 2685 	 0.959129 	 0.0012145	0.0025373
4560 	 2690 	 0.95913 	 0.00121493	0.00253821
4560 	 2695 	 0.959131 	 0.00121537	0.00253912
4560 	 2700 	 0.959133 	 0.0012158	0.00254003
4560 	 2705 	 0.959134 	 0.00121623	0.00254094
4560 	 2710 	 0.959135 	 0.00121667	0.00254184
4560 	 2715 	 0.959136 	 0.0012171	0.00254274
4560 	 2720 	 0.959137 	 0.00121753	0.00254364
4560 	 2725 	 0.959138 	 0.00121796	0.00254454
4560 	 2730 	 0.959139 	 0.00121839	0.00254543
4560 	 2735 	 0.959141 	 0.00121881	0.00254632
4560 	 2740 	 0.959142 	 0.00121924	0.00254721
4560 	 2745 	 0.959143 	 0.00121966	0.0025481
4560 	 2750 	 0.959144 	 0.00122009	0.00254899
4560 	 2755 	 0.959145 	 0.00122051	0.00254987
4560 	 2760 	 0.959146 	 0.00122093	0.00255075
4560 	 2765 	 0.959147 	 0.00122136	0.00255163
4560 	 2770 	 0.959148 	 0.00122178	0.00255251
4560 	 2775 	 0.95915 	 0.0012222	0.00255339
4560 	 2780 	 0.959151 	 0.00122261	0.00255426
4560 	 2785 	 0.959152 	 0.00122303	0.00255513
4560 	 2790 	 0.959153 	 0.00122345	0.00255601
4560 	 2795 	 0.959154 	 0.00122386	0.00255687
4560 	 2800 	 0.959155 	 0.00122428	0.00255774
4560 	 2805 	 0.959156 	 0.00122469	0.0025586
4560 	 2810 	 0.959157 	 0.0012251	0.00255947
4560 	 2815 	 0.959158 	 0.00122552	0.00256033
4560 	 2820 	 0.959159 	 0.00122593	0.00256119
4560 	 2825 	 0.95916 	 0.00122634	0.00256204
4560 	 2830 	 0.959162 	 0.00122675	0.0025629
4560 	 2835 	 0.959163 	 0.00122715	0.00256375
4560 	 2840 	 0.959164 	 0.00122756	0.0025646
4560 	 2845 	 0.959165 	 0.00122797	0.00256545
4560 	 2850 	 0.959166 	 0.00122837	0.0025663
4560 	 2855 	 0.959167 	 0.00122878	0.00256714
4560 	 2860 	 0.959168 	 0.00122918	0.00256798
4560 	 2865 	 0.959169 	 0.00122958	0.00256882
4560 	 2870 	 0.95917 	 0.00122999	0.00256966
4560 	 2875 	 0.959171 	 0.00123039	0.0025705
4560 	 2880 	 0.959172 	 0.00123079	0.00257134
4560 	 2885 	 0.959173 	 0.00123119	0.00257217
4560 	 2890 	 0.959174 	 0.00123158	0.002573
4560 	 2895 	 0.959175 	 0.00123198	0.00257383
4560 	 2900 	 0.959176 	 0.00123238	0.00257466
4560 	 2905 	 0.959177 	 0.00123277	0.00257549
4560 	 2910 	 0.959178 	 0.00123317	0.00257631
4560 	 2915 	 0.959179 	 0.00123356	0.00257714
4560 	 2920 	 0.95918 	 0.00123395	0.00257796
4560 	 2925 	 0.959181 	 0.00123435	0.00257878
4560 	 2930 	 0.959182 	 0.00123474	0.00257959
4560 	 2935 	 0.959183 	 0.00123513	0.00258041
4560 	 2940 	 0.959184 	 0.00123552	0.00258122
4560 	 2945 	 0.959185 	 0.00123591	0.00258203
4560 	 2950 	 0.959186 	 0.00123629	0.00258284
4560 	 2955 	 0.959187 	 0.00123668	0.00258365
4560 	 2960 	 0.959188 	 0.00123707	0.00258446
4560 	 2965 	 0.959189 	 0.00123745	0.00258527
4560 	 2970 	 0.95919 	 0.00123784	0.00258607
4560 	 2975 	 0.959191 	 0.00123822	0.00258687
4560 	 2980 	 0.959192 	 0.0012386	0.00258767
4560 	 2985 	 0.959193 	 0.00123899	0.00258847
4560 	 2990 	 0.959194 	 0.00123937	0.00258926
4560 	 2995 	 0.959195 	 0.00123975	0.00259006
4560 	 3000 	 0.959196 	 0.00124013	0.00259085
4560 	 3005 	 0.959197 	 0.00124051	0.00259164
4560 	 3010 	 0.959198 	 0.00124088	0.00259243
4560 	 3015 	 0.959199 	 0.00124126	0.00259322
4560 	 3020 	 0.9592 	 0.00124164	0.00259401
4560 	 3025 	 0.959201 	 0.00124201	0.00259479
4560 	 3030 	 0.959202 	 0.00124239	0.00259558
4560 	 3035 	 0.959203 	 0.00124276	0.00259636
4560 	 3040 	 0.959204 	 0.00124314	0.00259714
4560 	 3045 	 0.959205 	 0.00124351	0.00259791
4560 	 3050 	 0.959206 	 0.00124388	0.00259869
4560 	 3055 	 0.959207 	 0.00124425	0.00259947
4560 	 3060 	 0.959208 	 0.00124462	0.00260024
4560 	 3065 	 0.959209 	 0.00124499	0.00260101
4560 	 3070 	 0.95921 	 0.00124536	0.00260178
4560 	 3075 	 0.95921 	 0.00124573	0.00260255
4560 	 3080 	 0.959211 	 0.00124609	0.00260331
4560 	 3085 	 0.959212 	 0.00124646	0.00260408
4560 	 3090 	 0.959213 	 0.00124682	0.00260484
4560 	 3095 	 0.959214 	 0.00124719	0.0026056
4560 	 3100 	 0.959215 	 0.00124755	0.00260637
4560 	 3105 	 0.959216 	 0.00124792	0.00260712
4560 	 3110 	 0.959217 	 0.00124828	0.00260788
4560 	 3115 	 0.959218 	 0.00124864	0.00260864
4560 	 3120 	 0.959219 	 0.001249	0.00260939
4560 	 3125 	 0.95922 	 0.00124936	0.00261014
4560 	 3130 	 0.959221 	 0.00124972	0.00261089
4560 	 3135 	 0.959221 	 0.00125008	0.00261164
4560 	 3140 	 0.959222 	 0.00125044	0.00261239
4560 	 3145 	 0.959223 	 0.00125079	0.00261314
4560 	 3150 	 0.959224 	 0.00125115	0.00261388
4560 	 3155 	 0.959225 	 0.00125151	0.00261462
4560 	 3160 	 0.959226 	 0.00125186	0.00261537
4560 	 3165 	 0.959227 	 0.00125222	0.00261611
4560 	 3170 	 0.959228 	 0.00125257	0.00261685
4560 	 3175 	 0.959229 	 0.00125292	0.00261758
4560 	 3180 	 0.959229 	 0.00125327	0.00261832
4560 	 3185 	 0.95923 	 0.00125363	0.00261905
4560 	 3190 	 0.959231 	 0.00125398	0.00261978
4560 	 3195 	 0.959232 	 0.00125433	0.00262052
4560 	 3200 	 0.959233 	 0.00125468	0.00262125
4560 	 3205 	 0.959234 	 0.00125502	0.00262197
4560 	 3210 	 0.959235 	 0.00125537	0.0026227
4560 	 3215 	 0.959236 	 0.00125572	0.00262343
4560 	 3220 	 0.959236 	 0.00125607	0.00262415
4560 	 3225 	 0.959237 	 0.00125641	0.00262487
4560 	 3230 	 0.959238 	 0.00125676	0.00262559
4560 	 3235 	 0.959239 	 0.0012571	0.00262631
4560 	 3240 	 0.95924 	 0.00125744	0.00262703
4560 	 3245 	 0.959241 	 0.00125779	0.00262775
4560 	 3250 	 0.959242 	 0.00125813	0.00262846
4560 	 3255 	 0.959242 	 0.00125847	0.00262918
4560 	 3260 	 0.959243 	 0.00125881	0.00262989
4560 	 3265 	 0.959244 	 0.00125915	0.0026306
4560 	 3270 	 0.959245 	 0.00125949	0.00263131
4560 	 3275 	 0.959246 	 0.00125983	0.00263202
4560 	 3280 	 0.959247 	 0.00126017	0.00263272
4560 	 3285 	 0.959247 	 0.00126051	0.00263343
4560 	 3290 	 0.959248 	 0.00126084	0.00263413
4560 	 3295 	 0.959249 	 0.00126118	0.00263483
4560 	 3300 	 0.95925 	 0.00126152	0.00263554
4560 	 3305 	 0.959251 	 0.00126185	0.00263623
4560 	 3310 	 0.959252 	 0.00126218	0.00263693
4560 	 3315 	 0.959252 	 0.00126252	0.00263763
4560 	 3320 	 0.959253 	 0.00126285	0.00263833
4560 	 3325 	 0.959254 	 0.00126318	0.00263902
4560 	 3330 	 0.959255 	 0.00126351	0.00263971
4560 	 3335 	 0.959256 	 0.00126385	0.0026404
4560 	 3340 	 0.959256 	 0.00126418	0.00264109
4560 	 3345 	 0.959257 	 0.00126451	0.00264178
4560 	 3350 	 0.959258 	 0.00126483	0.00264247
4560 	 3355 	 0.959259 	 0.00126516	0.00264316
4560 	 3360 	 0.95926 	 0.00126549	0.00264384
4560 	 3365 	 0.95926 	 0.00126582	0.00264453
4560 	 3370 	 0.959261 	 0.00126614	0.00264521
4560 	 3375 	 0.959262 	 0.00126647	0.00264589
4560 	 3380 	 0.959263 	 0.0012668	0.00264657
4560 	 3385 	 0.959264 	 0.00126712	0.00264725
4560 	 3390 	 0.959264 	 0.00126744	0.00264792
4560 	 3395 	 0.959265 	 0.00126777	0.0026486
4560 	 3400 	 0.959266 	 0.00126809	0.00264927
4560 	 3405 	 0.959267 	 0.00126841	0.00264995
4560 	 3410 	 0.959268 	 0.00126873	0.00265062
4560 	 3415 	 0.959268 	 0.00126906	0.00265129
4560 	 3420 	 0.959269 	 0.00126938	0.00265196
4560 	 3425 	 0.95927 	 0.0012697	0.00265263
4560 	 3430 	 0.959271 	 0.00127001	0.00265329
4560 	 3435 	 0.959271 	 0.00127033	0.00265396
4560 	 3440 	 0.959272 	 0.00127065	0.00265462
4560 	 3445 	 0.959273 	 0.00127097	0.00265528
4560 	 3450 	 0.959274 	 0.00127128	0.00265595
4560 	 3455 	 0.959275 	 0.0012716	0.00265661
4560 	 3460 	 0.959275 	 0.00127192	0.00265727
4560 	 3465 	 0.959276 	 0.00127223	0.00265792
4560 	 3470 	 0.959277 	 0.00127255	0.00265858
4560 	 3475 	 0.959278 	 0.00127286	0.00265923
4560 	 3480 	 0.959278 	 0.00127317	0.00265989
4560 	 3485 	 0.959279 	 0.00127348	0.00266054
4560 	 3490 	 0.95928 	 0.0012738	0.00266119
4560 	 3495 	 0.959281 	 0.00127411	0.00266184
4560 	 3500 	 0.959281 	 0.00127442	0.00266249
4560 	 3505 	 0.959282 	 0.00127473	0.00266314
4560 	 3510 	 0.959283 	 0.00127504	0.00266379
4560 	 3515 	 0.959284 	 0.00127535	0.00266443
4560 	 3520 	 0.959284 	 0.00127566	0.00266508
4560 	 3525 	 0.959285 	 0.00127596	0.00266572
4560 	 3530 	 0.959286 	 0.00127627	0.00266636
4560 	 3535 	 0.959287 	 0.00127658	0.002667
4560 	 3540 	 0.959287 	 0.00127688	0.00266764
4560 	 3545 	 0.959288 	 0.00127719	0.00266828
4560 	 3550 	 0.959289 	 0.0012775	0.00266892
4560 	 3555 	 0.95929 	 0.0012778	0.00266956
4560 	 3560 	 0.95929 	 0.0012781	0.00267019
4560 	 3565 	 0.959291 	 0.00127841	0.00267082
4560 	 3570 	 0.959292 	 0.00127871	0.00267146
4560 	 3575 	 0.959292 	 0.00127901	0.00267209
4560 	 3580 	 0.959293 	 0.00127931	0.00267272
4560 	 3585 	 0.959294 	 0.00127961	0.00267335
4560 	 3590 	 0.959295 	 0.00127992	0.00267398
4560 	 3595 	 0.959295 	 0.00128022	0.0026746
4560 	 3600 	 0.959296 	 0.00128051	0.00267523
4560 	 3605 	 0.959297 	 0.00128081	0.00267585
4560 	 3610 	 0.959297 	 0.00128111	0.00267648
4560 	 3615 	 0.959298 	 0.00128141	0.0026771
4560 	 3620 	 0.959299 	 0.00128171	0.00267772
4560 	 3625 	 0.9593 	 0.001282	0.00267834
4560 	 3630 	 0.9593 	 0.0012823	0.00267896
4560 	 3635 	 0.959301 	 0.0012826	0.00267958
4560 	 3640 	 0.959302 	 0.00128289	0.00268019
4560 	 3645 	 0.959302 	 0.00128319	0.00268081
4560 	 3650 	 0.959303 	 0.00128348	0.00268142
4560 	 3655 	 0.959304 	 0.00128377	0.00268204
4560 	 3660 	 0.959304 	 0.00128407	0.00268265
4560 	 3665 	 0.959305 	 0.00128436	0.00268326
4560 	 3670 	 0.959306 	 0.00128465	0.00268387
4560 	 3675 	 0.959307 	 0.00128494	0.00268448
4560 	 3680 	 0.959307 	 0.00128523	0.00268509
4560 	 3685 	 0.959308 	 0.00128552	0.00268569
4560 	 3690 	 0.959309 	 0.00128581	0.0026863
4560 	 3695 	 0.959309 	 0.0012861	0.0026869
4560 	 3700 	 0.95931 	 0.00128639	0.00268751
4560 	 3705 	 0.959311 	 0.00128668	0.00268811
4560 	 3710 	 0.959311 	 0.00128697	0.00268871
4560 	 3715 	 0.959312 	 0.00128726	0.00268931
4560 	 3720 	 0.959313 	 0.00128754	0.00268991
4560 	 3725 	 0.959313 	 0.00128783	0.00269051
4560 	 3730 	 0.959314 	 0.00128812	0.00269111
4560 	 3735 	 0.959315 	 0.0012884	0.0026917
4560 	 3740 	 0.959315 	 0.00128869	0.0026923
4560 	 3745 	 0.959316 	 0.00128897	0.00269289
4560 	 3750 	 0.959317 	 0.00128925	0.00269349
4560 	 3755 	 0.959317 	 0.00128954	0.00269408
4560 	 3760 	 0.959318 	 0.00128982	0.00269467
4560 	 3765 	 0.959319 	 0.0012901	0.00269526
4560 	 3770 	 0.959319 	 0.00129038	0.00269585
4560 	 3775 	 0.95932 	 0.00129067	0.00269643
4560 	 3780 	 0.959321 	 0.00129095	0.00269702
4560 	 3785 	 0.959321 	 0.00129123	0.00269761
4560 	 3790 	 0.959322 	 0.00129151	0.00269819
4560 	 3795 	 0.959323 	 0.00129179	0.00269878
4560 	 3800 	 0.959323 	 0.00129206	0.00269936
4560 	 3805 	 0.959324 	 0.00129234	0.00269994
4560 	 3810 	 0.959325 	 0.00129262	0.00270052
4560 	 3815 	 0.959325 	 0.0012929	0.0027011
4560 	 3820 	 0.959326 	 0.00129318	0.00270168
4560 	 3825 	 0.959327 	 0.00129345	0.00270226
4560 	 3830 	 0.959327 	 0.00129373	0.00270283
4560 	 3835 	 0.959328 	 0.001294	0.00270341
4560 	 3840 	 0.959328 	 0.00129428	0.00270398
4560 	 3845 	 0.959329 	 0.00129455	0.00270456
4560 	 3850 	 0.95933 	 0.00129483	0.00270513
4560 	 3855 	 0.95933 	 0.0012951	0.0027057
4560 	 3860 	 0.959331 	 0.00129537	0.00270627
4560 	 3865 	 0.959332 	 0.00129565	0.00270684
4560 	 3870 	 0.959332 	 0.00129592	0.00270741
4560 	 3875 	 0.959333 	 0.00129619	0.00270798
4560 	 3880 	 0.959334 	 0.00129646	0.00270855
4560 	 3885 	 0.959334 	 0.00129673	0.00270911
4560 	 3890 	 0.959335 	 0.001297	0.00270968
4560 	 3895 	 0.959335 	 0.00129727	0.00271024
4560 	 3900 	 0.959336 	 0.00129754	0.0027108
4560 	 3905 	 0.959337 	 0.00129781	0.00271137
4560 	 3910 	 0.959337 	 0.00129808	0.00271193
4560 	 3915 	 0.959338 	 0.00129835	0.00271249
4560 	 3920 	 0.959339 	 0.00129862	0.00271305
4560 	 3925 	 0.959339 	 0.00129888	0.0027136
4560 	 3930 	 0.95934 	 0.00129915	0.00271416
4560 	 3935 	 0.95934 	 0.00129942	0.00271472
4560 	 3940 	 0.959341 	 0.00129968	0.00271527
4560 	 3945 	 0.959342 	 0.00129995	0.00271583
4560 	 3950 	 0.959342 	 0.00130021	0.00271638
4560 	 3955 	 0.959343 	 0.00130048	0.00271693
4560 	 3960 	 0.959343 	 0.00130074	0.00271749
4560 	 3965 	 0.959344 	 0.00130101	0.00271804
4560 	 3970 	 0.959345 	 0.00130127	0.00271859
4560 	 3975 	 0.959345 	 0.00130153	0.00271914
4560 	 3980 	 0.959346 	 0.00130179	0.00271968
4560 	 3985 	 0.959346 	 0.00130206	0.00272023
4560 	 3990 	 0.959347 	 0.00130232	0.00272078
4560 	 3995 	 0.959348 	 0.00130258	0.00272132
4560 	 4000 	 0.959348 	 0.00130284	0.00272187
4560 	 4005 	 0.959349 	 0.0013031	0.00272241
4560 	 4010 	 0.959349 	 0.00130336	0.00272295
4560 	 4015 	 0.95935 	 0.00130362	0.00272349
4560 	 4020 	 0.959351 	 0.00130388	0.00272404
4560 	 4025 	 0.959351 	 0.00130413	0.00272458
4560 	 4030 	 0.959352 	 0.00130439	0.00272511
4560 	 4035 	 0.959352 	 0.00130465	0.00272565
4560 	 4040 	 0.959353 	 0.00130491	0.00272619
4560 	 4045 	 0.959354 	 0.00130516	0.00272673
4560 	 4050 	 0.959354 	 0.00130542	0.00272726
4560 	 4055 	 0.959355 	 0.00130568	0.0027278
4560 	 4060 	 0.959355 	 0.00130593	0.00272833
4560 	 4065 	 0.959356 	 0.00130619	0.00272886
4560 	 4070 	 0.959356 	 0.00130644	0.0027294
4560 	 4075 	 0.959357 	 0.0013067	0.00272993
4560 	 4080 	 0.959358 	 0.00130695	0.00273046
4560 	 4085 	 0.959358 	 0.0013072	0.00273099
4560 	 4090 	 0.959359 	 0.00130746	0.00273151
4560 	 4095 	 0.959359 	 0.00130771	0.00273204
4560 	 4100 	 0.95936 	 0.00130796	0.00273257
4560 	 4105 	 0.959361 	 0.00130821	0.00273309
4560 	 4110 	 0.959361 	 0.00130846	0.00273362
4560 	 4115 	 0.959362 	 0.00130872	0.00273414
4560 	 4120 	 0.959362 	 0.00130897	0.00273467
4560 	 4125 	 0.959363 	 0.00130922	0.00273519
4560 	 4130 	 0.959363 	 0.00130947	0.00273571
4560 	 4135 	 0.959364 	 0.00130971	0.00273623
4560 	 4140 	 0.959364 	 0.00130996	0.00273675
4560 	 4145 	 0.959365 	 0.00131021	0.00273727
4560 	 4150 	 0.959366 	 0.00131046	0.00273779
4560 	 4155 	 0.959366 	 0.00131071	0.00273831
4560 	 4160 	 0.959367 	 0.00131096	0.00273883
4560 	 4165 	 0.959367 	 0.0013112	0.00273934
4560 	 4170 	 0.959368 	 0.00131145	0.00273986
4560 	 4175 	 0.959368 	 0.0013117	0.00274037
4560 	 4180 	 0.959369 	 0.00131194	0.00274088
4560 	 4185 	 0.95937 	 0.00131219	0.0027414
4560 	 4190 	 0.95937 	 0.00131243	0.00274191
4560 	 4195 	 0.959371 	 0.00131268	0.00274242
4560 	 4200 	 0.959371 	 0.00131292	0.00274293
4560 	 4205 	 0.959372 	 0.00131316	0.00274344
4560 	 4210 	 0.959372 	 0.00131341	0.00274395
4560 	 4215 	 0.959373 	 0.00131365	0.00274446
4560 	 4220 	 0.959373 	 0.00131389	0.00274496
4560 	 4225 	 0.959374 	 0.00131414	0.00274547
4560 	 4230 	 0.959374 	 0.00131438	0.00274597
4560 	 4235 	 0.959375 	 0.00131462	0.00274648
4560 	 4240 	 0.959376 	 0.00131486	0.00274698
4560 	 4245 	 0.959376 	 0.0013151	0.00274749
4560 	 4250 	 0.959377 	 0.00131534	0.00274799
4560 	 4255 	 0.959377 	 0.00131558	0.00274849
4560 	 4260 	 0.959378 	 0.00131582	0.00274899
4560 	 4265 	 0.959378 	 0.00131606	0.00274949
4560 	 4270 	 0.959379 	 0.0013163	0.00274999
4560 	 4275 	 0.959379 	 0.00131654	0.00275049
4560 	 4280 	 0.95938 	 0.00131678	0.00275098
4560 	 4285 	 0.95938 	 0.00131701	0.00275148
4560 	 4290 	 0.959381 	 0.00131725	0.00275198
4560 	 4295 	 0.959381 	 0.00131749	0.00275247
4560 	 4300 	 0.959382 	 0.00131772	0.00275297
4560 	 4305 	 0.959383 	 0.00131796	0.00275346
4560 	 4310 	 0.959383 	 0.0013182	0.00275395
4560 	 4315 	 0.959384 	 0.00131843	0.00275444
4560 	 4320 	 0.959384 	 0.00131867	0.00275494
4560 	 4325 	 0.959385 	 0.0013189	0.00275543
4560 	 4330 	 0.959385 	 0.00131914	0.00275592
4560 	 4335 	 0.959386 	 0.00131937	0.00275641
4560 	 4340 	 0.959386 	 0.0013196	0.00275689
4560 	 4345 	 0.959387 	 0.00131984	0.00275738
4560 	 4350 	 0.959387 	 0.00132007	0.00275787
4560 	 4355 	 0.959388 	 0.0013203	0.00275835
4560 	 4360 	 0.959388 	 0.00132054	0.00275884
4560 	 4365 	 0.959389 	 0.00132077	0.00275932
4560 	 4370 	 0.959389 	 0.001321	0.00275981
4560 	 4375 	 0.95939 	 0.00132123	0.00276029
4560 	 4380 	 0.95939 	 0.00132146	0.00276077
4560 	 4385 	 0.959391 	 0.00132169	0.00276126
4560 	 4390 	 0.959391 	 0.00132192	0.00276174
4560 	 4395 	 0.959392 	 0.00132215	0.00276222
4560 	 4400 	 0.959392 	 0.00132238	0.0027627
4560 	 4405 	 0.959393 	 0.00132261	0.00276317
4560 	 4410 	 0.959393 	 0.00132284	0.00276365
4560 	 4415 	 0.959394 	 0.00132307	0.00276413
4560 	 4420 	 0.959394 	 0.0013233	0.00276461
4560 	 4425 	 0.959395 	 0.00132352	0.00276508
4560 	 4430 	 0.959395 	 0.00132375	0.00276556
4560 	 4435 	 0.959396 	 0.00132398	0.00276603
4560 	 4440 	 0.959396 	 0.0013242	0.00276651
4560 	 4445 	 0.959397 	 0.00132443	0.00276698
4560 	 4450 	 0.959397 	 0.00132466	0.00276745
4560 	 4455 	 0.959398 	 0.00132488	0.00276792
4560 	 4460 	 0.959398 	 0.00132511	0.00276839
4560 	 4465 	 0.959399 	 0.00132533	0.00276886
4560 	 4470 	 0.959399 	 0.00132556	0.00276933
4560 	 4475 	 0.9594 	 0.00132578	0.0027698
4560 	 4480 	 0.9594 	 0.00132601	0.00277027
4560 	 4485 	 0.959401 	 0.00132623	0.00277074
4560 	 4490 	 0.959401 	 0.00132645	0.0027712
4560 	 4495 	 0.959402 	 0.00132668	0.00277167
4560 	 4500 	 0.959402 	 0.0013269	0.00277213
4560 	 4505 	 0.959403 	 0.00132712	0.0027726
4560 	 4510 	 0.959403 	 0.00132734	0.00277306
4560 	 4515 	 0.959404 	 0.00132756	0.00277352
4560 	 4520 	 0.959404 	 0.00132779	0.00277399
4560 	 4525 	 0.959405 	 0.00132801	0.00277445
4560 	 4530 	 0.959405 	 0.00132823	0.00277491
4560 	 4535 	 0.959406 	 0.00132845	0.00277537
4560 	 4540 	 0.959406 	 0.00132867	0.00277583
4560 	 4545 	 0.959407 	 0.00132889	0.00277629
4560 	 4550 	 0.959407 	 0.00132911	0.00277675
4560 	 4555 	 0.959408 	 0.00132933	0.00277721
4560 	 4560 	 0.959408 	 0.00132955	0.00277766
4560 	 4565 	 0.959409 	 0.00132976	0.00277812
4560 	 4570 	 0.959409 	 0.00132998	0.00277857
4560 	 4575 	 0.95941 	 0.0013302	0.00277903
4560 	 4580 	 0.95941 	 0.00133042	0.00277948
4560 	 4585 	 0.959411 	 0.00133063	0.00277994
4560 	 4590 	 0.959411 	 0.00133085	0.00278039
4560 	 4595 	 0.959412 	 0.00133107	0.00278084
4560 	 4600 	 0.959412 	 0.00133128	0.00278129
4560 	 4605 	 0.959412 	 0.0013315	0.00278175
4560 	 4610 	 0.959413 	 0.00133172	0.0027822
4560 	 4615 	 0.959413 	 0.00133193	0.00278265
4560 	 4620 	 0.959414 	 0.00133215	0.00278309
4560 	 4625 	 0.959414 	 0.00133236	0.00278354
4560 	 4630 	 0.959415 	 0.00133257	0.00278399
4560 	 4635 	 0.959415 	 0.00133279	0.00278444
4560 	 4640 	 0.959416 	 0.001333	0.00278488
4560 	 4645 	 0.959416 	 0.00133322	0.00278533
4560 	 4650 	 0.959417 	 0.00133343	0.00278577
4560 	 4655 	 0.959417 	 0.00133364	0.00278622
4560 	 4660 	 0.959418 	 0.00133385	0.00278666
4560 	 4665 	 0.959418 	 0.00133407	0.00278711
4560 	 4670 	 0.959419 	 0.00133428	0.00278755
4560 	 4675 	 0.959419 	 0.00133449	0.00278799
4560 	 4680 	 0.959419 	 0.0013347	0.00278843
4560 	 4685 	 0.95942 	 0.00133491	0.00278887
4560 	 4690 	 0.95942 	 0.00133512	0.00278931
4560 	 4695 	 0.959421 	 0.00133533	0.00278975
4560 	 4700 	 0.959421 	 0.00133554	0.00279019
4560 	 4705 	 0.959422 	 0.00133575	0.00279063
4560 	 4710 	 0.959422 	 0.00133596	0.00279107
4560 	 4715 	 0.959423 	 0.00133617	0.0027915
4560 	 4720 	 0.959423 	 0.00133638	0.00279194
4560 	 4725 	 0.959424 	 0.00133659	0.00279238
4560 	 4730 	 0.959424 	 0.0013368	0.00279281
4560 	 4735 	 0.959424 	 0.001337	0.00279324
4560 	 4740 	 0.959425 	 0.00133721	0.00279368
4560 	 4745 	 0.959425 	 0.00133742	0.00279411
4560 	 4750 	 0.959426 	 0.00133763	0.00279454
4560 	 4755 	 0.959426 	 0.00133783	0.00279498
4560 	 4760 	 0.959427 	 0.00133804	0.00279541
4560 	 4765 	 0.959427 	 0.00133825	0.00279584
4560 	 4770 	 0.959428 	 0.00133845	0.00279627
4560 	 4775 	 0.959428 	 0.00133866	0.0027967
4560 	 4780 	 0.959428 	 0.00133886	0.00279713
4560 	 4785 	 0.959429 	 0.00133907	0.00279755
4560 	 4790 	 0.959429 	 0.00133927	0.00279798
4560 	 4795 	 0.95943 	 0.00133948	0.00279841
4560 	 4800 	 0.95943 	 0.00133968	0.00279884
4560 	 4805 	 0.959431 	 0.00133988	0.00279926
4560 	 4810 	 0.959431 	 0.00134009	0.00279969
4560 	 4815 	 0.959432 	 0.00134029	0.00280011
4560 	 4820 	 0.959432 	 0.00134049	0.00280054
4560 	 4825 	 0.959432 	 0.0013407	0.00280096
4560 	 4830 	 0.959433 	 0.0013409	0.00280138
4560 	 4835 	 0.959433 	 0.0013411	0.0028018
4560 	 4840 	 0.959434 	 0.0013413	0.00280223
4560 	 4845 	 0.959434 	 0.0013415	0.00280265
4560 	 4850 	 0.959435 	 0.00134171	0.00280307
4560 	 4855 	 0.959435 	 0.00134191	0.00280349
4560 	 4860 	 0.959435 	 0.00134211	0.00280391
4560 	 4865 	 0.959436 	 0.00134231	0.00280433
4560 	 4870 	 0.959436 	 0.00134251	0.00280474
4560 	 4875 	 0.959437 	 0.00134271	0.00280516
4560 	 4880 	 0.959437 	 0.00134291	0.00280558
4560 	 4885 	 0.959438 	 0.00134311	0.002806
4560 	 4890 	 0.959438 	 0.00134331	0.00280641
4560 	 4895 	 0.959438 	 0.0013435	0.00280683
4560 	 4900 	 0.959439 	 0.0013437	0.00280724
4560 	 4905 	 0.959439 	 0.0013439	0.00280766
4560 	 4910 	 0.95944 	 0.0013441	0.00280807
4560 	 4915 	 0.95944 	 0.0013443	0.00280848
4560 	 4920 	 0.959441 	 0.00134449	0.00280889
4560 	 4925 	 0.959441 	 0.00134469	0.00280931
4560 	 4930 	 0.959441 	 0.00134489	0.00280972
4560 	 4935 	 0.959442 	 0.00134509	0.00281013
4560 	 4940 	 0.959442 	 0.00134528	0.00281054
4560 	 4945 	 0.959443 	 0.00134548	0.00281095
4560 	 4950 	 0.959443 	 0.00134567	0.00281136
4560 	 4955 	 0.959443 	 0.00134587	0.00281177
4560 	 4960 	 0.959444 	 0.00134606	0.00281217
4560 	 4965 	 0.959444 	 0.00134626	0.00281258
4560 	 4970 	 0.959445 	 0.00134645	0.00281299
4560 	 4975 	 0.959445 	 0.00134665	0.00281339
4560 	 4980 	 0.959446 	 0.00134684	0.0028138
4560 	 4985 	 0.959446 	 0.00134704	0.00281421
4560 	 4990 	 0.959446 	 0.00134723	0.00281461
4560 	 4995 	 0.959447 	 0.00134742	0.00281501
4560 	 5000 	 0.959447 	 0.00134762	0.00281542
