50 	 5 	 0.854489 	 0.00537041	0.0112198
50 	 10 	 0.857036 	 0.00432072	0.00902677
50 	 15 	 0.860609 	 0.00317863	0.00664074
50 	 20 	 0.865331 	 0.00206543	0.00431506
50 	 25 	 0.8711 	 0.00117283	0.00245026
50 	 30 	 0.877509 	 0.00109364	0.00228481
50 	 35 	 0.889613 	 0.00158124	0.00330349
50 	 40 	 0.898388 	 0.0010461	0.00218549
50 	 45 	 0.905328 	 0.00106198	0.00221867
50 	 50 	 0.91064 	 0.00110908	0.00231708
50 	 55 	 0.914593 	 0.00104035	0.00217349
50 	 60 	 0.917497 	 0.000900307	0.00188091
50 	 65 	 0.919632 	 0.000747246	0.00156113
50 	 70 	 0.92122 	 0.000614844	0.00128452
50 	 75 	 0.922428 	 0.00051522	0.00107639
50 	 80 	 0.92337 	 0.000448837	0.000937702
50 	 85 	 0.924126 	 0.000411558	0.000859819
50 	 90 	 0.924748 	 0.000397775	0.000831024
50 	 95 	 0.925274 	 0.000401486	0.000838776
50 	 100 	 0.925727 	 0.000417002	0.000871194
50 	 105 	 0.926124 	 0.000439586	0.000918375
50 	 110 	 0.926478 	 0.000465715	0.000972963
50 	 115 	 0.926796 	 0.00049299	0.00102995
50 	 120 	 0.927086 	 0.000519892	0.00108615
50 	 125 	 0.927351 	 0.000545516	0.00113968
50 	 130 	 0.927595 	 0.000569378	0.00118954
50 	 135 	 0.927821 	 0.000591261	0.00123525
50 	 140 	 0.928032 	 0.000611114	0.00127673
50 	 145 	 0.928228 	 0.000628988	0.00131407
50 	 150 	 0.928411 	 0.000644989	0.0013475
50 	 155 	 0.928584 	 0.000659253	0.0013773
50 	 160 	 0.928746 	 0.000671924	0.00140377
50 	 165 	 0.928899 	 0.000683148	0.00142722
50 	 170 	 0.929043 	 0.000693065	0.00144794
50 	 175 	 0.92918 	 0.000701806	0.0014662
50 	 180 	 0.929309 	 0.000709491	0.00148226
50 	 185 	 0.929432 	 0.000716229	0.00149633
50 	 190 	 0.92955 	 0.000722118	0.00150864
50 	 195 	 0.929661 	 0.000727248	0.00151935
50 	 200 	 0.929768 	 0.000731696	0.00152865
50 	 205 	 0.929869 	 0.000735535	0.00153667
50 	 210 	 0.929967 	 0.000738827	0.00154354
50 	 215 	 0.93006 	 0.000741628	0.0015494
50 	 220 	 0.930149 	 0.000743989	0.00155433
50 	 225 	 0.930234 	 0.000745954	0.00155843
50 	 230 	 0.930317 	 0.000747565	0.0015618
50 	 235 	 0.930396 	 0.000748856	0.0015645
50 	 240 	 0.930472 	 0.000749861	0.0015666
50 	 245 	 0.930545 	 0.000750607	0.00156816
50 	 250 	 0.930615 	 0.000751122	0.00156923
50 	 255 	 0.930683 	 0.000751429	0.00156987
50 	 260 	 0.930749 	 0.000751548	0.00157012
50 	 265 	 0.930812 	 0.000751499	0.00157002
50 	 270 	 0.930874 	 0.000751298	0.0015696
50 	 275 	 0.930933 	 0.000750962	0.0015689
50 	 280 	 0.93099 	 0.000750504	0.00156794
50 	 285 	 0.931046 	 0.000749937	0.00156675
50 	 290 	 0.9311 	 0.000749272	0.00156536
50 	 295 	 0.931152 	 0.000748519	0.00156379
50 	 300 	 0.931203 	 0.000747689	0.00156206
50 	 305 	 0.931252 	 0.00074679	0.00156018
50 	 310 	 0.931299 	 0.000745829	0.00155817
50 	 315 	 0.931346 	 0.000744814	0.00155605
50 	 320 	 0.931391 	 0.00074375	0.00155383
50 	 325 	 0.931435 	 0.000742645	0.00155152
50 	 330 	 0.931477 	 0.000741503	0.00154913
50 	 335 	 0.931519 	 0.000740329	0.00154668
50 	 340 	 0.931559 	 0.000739127	0.00154417
50 	 345 	 0.931599 	 0.000737902	0.00154161
50 	 350 	 0.931637 	 0.000736658	0.00153901
50 	 355 	 0.931675 	 0.000735397	0.00153638
50 	 360 	 0.931711 	 0.000734123	0.00153372
50 	 365 	 0.931747 	 0.000732838	0.00153103
50 	 370 	 0.931781 	 0.000731545	0.00152833
50 	 375 	 0.931815 	 0.000730247	0.00152562
50 	 380 	 0.931849 	 0.000728945	0.0015229
50 	 385 	 0.931881 	 0.000727642	0.00152018
50 	 390 	 0.931913 	 0.000726339	0.00151745
50 	 395 	 0.931944 	 0.000725038	0.00151474
50 	 400 	 0.931974 	 0.00072374	0.00151202
50 	 405 	 0.932003 	 0.000722446	0.00150932
50 	 410 	 0.932032 	 0.000721159	0.00150663
50 	 415 	 0.932061 	 0.000719878	0.00150396
50 	 420 	 0.932089 	 0.000718605	0.0015013
50 	 425 	 0.932116 	 0.000717341	0.00149866
50 	 430 	 0.932142 	 0.000716087	0.00149604
50 	 435 	 0.932168 	 0.000714843	0.00149344
50 	 440 	 0.932194 	 0.00071361	0.00149086
50 	 445 	 0.932219 	 0.000712388	0.00148831
50 	 450 	 0.932244 	 0.000711179	0.00148578
50 	 455 	 0.932268 	 0.000709982	0.00148328
50 	 460 	 0.932291 	 0.000708798	0.00148081
50 	 465 	 0.932315 	 0.000707627	0.00147836
50 	 470 	 0.932337 	 0.000706471	0.00147595
50 	 475 	 0.93236 	 0.000705328	0.00147356
50 	 480 	 0.932382 	 0.000704199	0.0014712
50 	 485 	 0.932403 	 0.000703085	0.00146887
50 	 490 	 0.932424 	 0.000701986	0.00146658
50 	 495 	 0.932445 	 0.000700901	0.00146431
50 	 500 	 0.932465 	 0.000699831	0.00146207
50 	 505 	 0.932485 	 0.000698776	0.00145987
50 	 510 	 0.932505 	 0.000697736	0.0014577
50 	 515 	 0.932525 	 0.000696712	0.00145556
50 	 520 	 0.932544 	 0.000695702	0.00145345
50 	 525 	 0.932562 	 0.000694708	0.00145137
50 	 530 	 0.932581 	 0.000693729	0.00144933
50 	 535 	 0.932599 	 0.000692765	0.00144731
50 	 540 	 0.932617 	 0.000691816	0.00144533
50 	 545 	 0.932634 	 0.000690882	0.00144338
50 	 550 	 0.932652 	 0.000689963	0.00144146
50 	 555 	 0.932669 	 0.00068906	0.00143957
50 	 560 	 0.932685 	 0.000688171	0.00143771
50 	 565 	 0.932702 	 0.000687297	0.00143589
50 	 570 	 0.932718 	 0.000686438	0.00143409
50 	 575 	 0.932734 	 0.000685593	0.00143233
50 	 580 	 0.93275 	 0.000684763	0.00143059
50 	 585 	 0.932765 	 0.000683947	0.00142889
50 	 590 	 0.932781 	 0.000683146	0.00142722
50 	 595 	 0.932796 	 0.000682359	0.00142557
50 	 600 	 0.93281 	 0.000681586	0.00142396
50 	 605 	 0.932825 	 0.000680827	0.00142237
50 	 610 	 0.932839 	 0.000680082	0.00142081
50 	 615 	 0.932854 	 0.00067935	0.00141929
50 	 620 	 0.932868 	 0.000678632	0.00141779
50 	 625 	 0.932881 	 0.000677928	0.00141631
50 	 630 	 0.932895 	 0.000677237	0.00141487
50 	 635 	 0.932909 	 0.000676559	0.00141345
50 	 640 	 0.932922 	 0.000675893	0.00141206
50 	 645 	 0.932935 	 0.000675241	0.0014107
50 	 650 	 0.932948 	 0.000674602	0.00140937
50 	 655 	 0.932961 	 0.000673975	0.00140806
50 	 660 	 0.932973 	 0.00067336	0.00140677
50 	 665 	 0.932985 	 0.000672758	0.00140551
50 	 670 	 0.932998 	 0.000672167	0.00140428
50 	 675 	 0.93301 	 0.000671589	0.00140307
50 	 680 	 0.933022 	 0.000671023	0.00140189
50 	 685 	 0.933034 	 0.000670468	0.00140073
50 	 690 	 0.933045 	 0.000669925	0.00139959
50 	 695 	 0.933057 	 0.000669393	0.00139848
50 	 700 	 0.933068 	 0.000668872	0.0013974
50 	 705 	 0.933079 	 0.000668362	0.00139633
50 	 710 	 0.93309 	 0.000667864	0.00139529
50 	 715 	 0.933101 	 0.000667376	0.00139427
50 	 720 	 0.933112 	 0.000666899	0.00139327
50 	 725 	 0.933123 	 0.000666432	0.0013923
50 	 730 	 0.933133 	 0.000665975	0.00139134
50 	 735 	 0.933144 	 0.000665529	0.00139041
50 	 740 	 0.933154 	 0.000665093	0.0013895
50 	 745 	 0.933164 	 0.000664667	0.00138861
50 	 750 	 0.933174 	 0.000664251	0.00138774
50 	 755 	 0.933184 	 0.000663844	0.00138689
50 	 760 	 0.933194 	 0.000663447	0.00138606
50 	 765 	 0.933204 	 0.000663059	0.00138525
50 	 770 	 0.933213 	 0.000662681	0.00138446
50 	 775 	 0.933223 	 0.000662312	0.00138369
50 	 780 	 0.933232 	 0.000661951	0.00138294
50 	 785 	 0.933242 	 0.0006616	0.0013822
50 	 790 	 0.933251 	 0.000661257	0.00138149
50 	 795 	 0.93326 	 0.000660923	0.00138079
50 	 800 	 0.933269 	 0.000660598	0.00138011
50 	 805 	 0.933278 	 0.000660281	0.00137945
50 	 810 	 0.933287 	 0.000659972	0.0013788
50 	 815 	 0.933295 	 0.000659671	0.00137817
50 	 820 	 0.933304 	 0.000659379	0.00137756
50 	 825 	 0.933313 	 0.000659094	0.00137697
50 	 830 	 0.933321 	 0.000658817	0.00137639
50 	 835 	 0.933329 	 0.000658548	0.00137583
50 	 840 	 0.933338 	 0.000658286	0.00137528
50 	 845 	 0.933346 	 0.000658032	0.00137475
50 	 850 	 0.933354 	 0.000657785	0.00137423
50 	 855 	 0.933362 	 0.000657545	0.00137373
50 	 860 	 0.93337 	 0.000657313	0.00137325
50 	 865 	 0.933378 	 0.000657088	0.00137278
50 	 870 	 0.933386 	 0.000656869	0.00137232
50 	 875 	 0.933393 	 0.000656657	0.00137188
50 	 880 	 0.933401 	 0.000656452	0.00137145
50 	 885 	 0.933409 	 0.000656254	0.00137103
50 	 890 	 0.933416 	 0.000656062	0.00137063
50 	 895 	 0.933423 	 0.000655877	0.00137025
50 	 900 	 0.933431 	 0.000655698	0.00136987
50 	 905 	 0.933438 	 0.000655525	0.00136951
50 	 910 	 0.933445 	 0.000655358	0.00136916
50 	 915 	 0.933452 	 0.000655198	0.00136883
50 	 920 	 0.933459 	 0.000655043	0.0013685
50 	 925 	 0.933467 	 0.000654894	0.00136819
50 	 930 	 0.933473 	 0.000654751	0.00136789
50 	 935 	 0.93348 	 0.000654614	0.00136761
50 	 940 	 0.933487 	 0.000654482	0.00136733
50 	 945 	 0.933494 	 0.000654356	0.00136707
50 	 950 	 0.933501 	 0.000654236	0.00136682
50 	 955 	 0.933507 	 0.00065412	0.00136658
50 	 960 	 0.933514 	 0.00065401	0.00136635
50 	 965 	 0.93352 	 0.000653905	0.00136613
50 	 970 	 0.933527 	 0.000653806	0.00136592
50 	 975 	 0.933533 	 0.000653711	0.00136572
50 	 980 	 0.93354 	 0.000653622	0.00136553
50 	 985 	 0.933546 	 0.000653537	0.00136536
50 	 990 	 0.933552 	 0.000653457	0.00136519
50 	 995 	 0.933558 	 0.000653382	0.00136503
50 	 1000 	 0.933564 	 0.000653311	0.00136489
50 	 1005 	 0.933571 	 0.000653245	0.00136475
50 	 1010 	 0.933577 	 0.000653184	0.00136462
50 	 1015 	 0.933583 	 0.000653127	0.0013645
50 	 1020 	 0.933588 	 0.000653075	0.00136439
50 	 1025 	 0.933594 	 0.000653027	0.00136429
50 	 1030 	 0.9336 	 0.000652983	0.0013642
50 	 1035 	 0.933606 	 0.000652943	0.00136412
50 	 1040 	 0.933612 	 0.000652908	0.00136404
50 	 1045 	 0.933617 	 0.000652876	0.00136398
50 	 1050 	 0.933623 	 0.000652849	0.00136392
50 	 1055 	 0.933629 	 0.000652826	0.00136387
50 	 1060 	 0.933634 	 0.000652806	0.00136383
50 	 1065 	 0.93364 	 0.00065279	0.0013638
50 	 1070 	 0.933645 	 0.000652778	0.00136377
50 	 1075 	 0.933651 	 0.00065277	0.00136376
50 	 1080 	 0.933656 	 0.000652766	0.00136375
50 	 1085 	 0.933661 	 0.000652765	0.00136374
50 	 1090 	 0.933667 	 0.000652768	0.00136375
50 	 1095 	 0.933672 	 0.000652774	0.00136376
50 	 1100 	 0.933677 	 0.000652783	0.00136378
50 	 1105 	 0.933682 	 0.000652796	0.00136381
50 	 1110 	 0.933687 	 0.000652813	0.00136384
50 	 1115 	 0.933692 	 0.000652832	0.00136389
50 	 1120 	 0.933697 	 0.000652855	0.00136393
50 	 1125 	 0.933702 	 0.000652881	0.00136399
50 	 1130 	 0.933707 	 0.000652911	0.00136405
50 	 1135 	 0.933712 	 0.000652943	0.00136412
50 	 1140 	 0.933717 	 0.000652978	0.00136419
50 	 1145 	 0.933722 	 0.000653017	0.00136427
50 	 1150 	 0.933727 	 0.000653058	0.00136436
50 	 1155 	 0.933732 	 0.000653102	0.00136445
50 	 1160 	 0.933736 	 0.000653149	0.00136455
50 	 1165 	 0.933741 	 0.000653199	0.00136465
50 	 1170 	 0.933746 	 0.000653252	0.00136476
50 	 1175 	 0.933751 	 0.000653307	0.00136488
50 	 1180 	 0.933755 	 0.000653366	0.001365
50 	 1185 	 0.93376 	 0.000653426	0.00136513
50 	 1190 	 0.933764 	 0.00065349	0.00136526
50 	 1195 	 0.933769 	 0.000653556	0.0013654
50 	 1200 	 0.933773 	 0.000653624	0.00136554
50 	 1205 	 0.933778 	 0.000653695	0.00136569
50 	 1210 	 0.933782 	 0.000653769	0.00136584
50 	 1215 	 0.933787 	 0.000653845	0.001366
50 	 1220 	 0.933791 	 0.000653923	0.00136616
50 	 1225 	 0.933795 	 0.000654003	0.00136633
50 	 1230 	 0.9338 	 0.000654086	0.00136651
50 	 1235 	 0.933804 	 0.000654171	0.00136668
50 	 1240 	 0.933808 	 0.000654259	0.00136687
50 	 1245 	 0.933812 	 0.000654348	0.00136705
50 	 1250 	 0.933816 	 0.00065444	0.00136724
50 	 1255 	 0.933821 	 0.000654534	0.00136744
50 	 1260 	 0.933825 	 0.00065463	0.00136764
50 	 1265 	 0.933829 	 0.000654728	0.00136785
50 	 1270 	 0.933833 	 0.000654828	0.00136806
50 	 1275 	 0.933837 	 0.00065493	0.00136827
50 	 1280 	 0.933841 	 0.000655034	0.00136849
50 	 1285 	 0.933845 	 0.00065514	0.00136871
50 	 1290 	 0.933849 	 0.000655248	0.00136893
50 	 1295 	 0.933853 	 0.000655358	0.00136916
50 	 1300 	 0.933857 	 0.00065547	0.0013694
50 	 1305 	 0.933861 	 0.000655583	0.00136963
50 	 1310 	 0.933865 	 0.000655698	0.00136987
50 	 1315 	 0.933868 	 0.000655815	0.00137012
50 	 1320 	 0.933872 	 0.000655934	0.00137037
50 	 1325 	 0.933876 	 0.000656054	0.00137062
50 	 1330 	 0.93388 	 0.000656177	0.00137087
50 	 1335 	 0.933883 	 0.0006563	0.00137113
50 	 1340 	 0.933887 	 0.000656426	0.00137139
50 	 1345 	 0.933891 	 0.000656553	0.00137166
50 	 1350 	 0.933895 	 0.000656681	0.00137193
50 	 1355 	 0.933898 	 0.000656812	0.0013722
50 	 1360 	 0.933902 	 0.000656943	0.00137247
50 	 1365 	 0.933905 	 0.000657076	0.00137275
50 	 1370 	 0.933909 	 0.000657211	0.00137303
50 	 1375 	 0.933913 	 0.000657347	0.00137332
50 	 1380 	 0.933916 	 0.000657485	0.00137361
50 	 1385 	 0.93392 	 0.000657624	0.0013739
50 	 1390 	 0.933923 	 0.000657764	0.00137419
50 	 1395 	 0.933927 	 0.000657905	0.00137448
50 	 1400 	 0.93393 	 0.000658048	0.00137478
50 	 1405 	 0.933933 	 0.000658193	0.00137508
50 	 1410 	 0.933937 	 0.000658338	0.00137539
50 	 1415 	 0.93394 	 0.000658485	0.0013757
50 	 1420 	 0.933944 	 0.000658633	0.00137601
50 	 1425 	 0.933947 	 0.000658783	0.00137632
50 	 1430 	 0.93395 	 0.000658933	0.00137663
50 	 1435 	 0.933954 	 0.000659085	0.00137695
50 	 1440 	 0.933957 	 0.000659238	0.00137727
50 	 1445 	 0.93396 	 0.000659392	0.00137759
50 	 1450 	 0.933963 	 0.000659548	0.00137792
50 	 1455 	 0.933967 	 0.000659704	0.00137824
50 	 1460 	 0.93397 	 0.000659861	0.00137857
50 	 1465 	 0.933973 	 0.00066002	0.0013789
50 	 1470 	 0.933976 	 0.00066018	0.00137924
50 	 1475 	 0.933979 	 0.00066034	0.00137957
50 	 1480 	 0.933982 	 0.000660502	0.00137991
50 	 1485 	 0.933986 	 0.000660665	0.00138025
50 	 1490 	 0.933989 	 0.000660828	0.00138059
50 	 1495 	 0.933992 	 0.000660993	0.00138093
50 	 1500 	 0.933995 	 0.000661158	0.00138128
50 	 1505 	 0.933998 	 0.000661325	0.00138163
50 	 1510 	 0.934001 	 0.000661492	0.00138198
50 	 1515 	 0.934004 	 0.000661661	0.00138233
50 	 1520 	 0.934007 	 0.00066183	0.00138268
50 	 1525 	 0.93401 	 0.000662	0.00138304
50 	 1530 	 0.934013 	 0.000662171	0.0013834
50 	 1535 	 0.934016 	 0.000662343	0.00138376
50 	 1540 	 0.934019 	 0.000662516	0.00138412
50 	 1545 	 0.934022 	 0.000662689	0.00138448
50 	 1550 	 0.934025 	 0.000662864	0.00138484
50 	 1555 	 0.934027 	 0.000663039	0.00138521
50 	 1560 	 0.93403 	 0.000663215	0.00138558
50 	 1565 	 0.934033 	 0.000663391	0.00138595
50 	 1570 	 0.934036 	 0.000663569	0.00138632
50 	 1575 	 0.934039 	 0.000663747	0.00138669
50 	 1580 	 0.934042 	 0.000663926	0.00138706
50 	 1585 	 0.934044 	 0.000664105	0.00138744
50 	 1590 	 0.934047 	 0.000664285	0.00138781
50 	 1595 	 0.93405 	 0.000664466	0.00138819
50 	 1600 	 0.934053 	 0.000664648	0.00138857
50 	 1605 	 0.934055 	 0.00066483	0.00138895
50 	 1610 	 0.934058 	 0.000665013	0.00138933
50 	 1615 	 0.934061 	 0.000665196	0.00138972
50 	 1620 	 0.934064 	 0.000665381	0.0013901
50 	 1625 	 0.934066 	 0.000665565	0.00139049
50 	 1630 	 0.934069 	 0.000665751	0.00139087
50 	 1635 	 0.934072 	 0.000665937	0.00139126
50 	 1640 	 0.934074 	 0.000666123	0.00139165
50 	 1645 	 0.934077 	 0.00066631	0.00139204
50 	 1650 	 0.934079 	 0.000666498	0.00139244
50 	 1655 	 0.934082 	 0.000666686	0.00139283
50 	 1660 	 0.934085 	 0.000666875	0.00139322
50 	 1665 	 0.934087 	 0.000667064	0.00139362
50 	 1670 	 0.93409 	 0.000667254	0.00139401
50 	 1675 	 0.934092 	 0.000667444	0.00139441
50 	 1680 	 0.934095 	 0.000667635	0.00139481
50 	 1685 	 0.934097 	 0.000667826	0.00139521
50 	 1690 	 0.9341 	 0.000668018	0.00139561
50 	 1695 	 0.934102 	 0.00066821	0.00139601
50 	 1700 	 0.934105 	 0.000668402	0.00139641
50 	 1705 	 0.934107 	 0.000668596	0.00139682
50 	 1710 	 0.93411 	 0.000668789	0.00139722
50 	 1715 	 0.934112 	 0.000668983	0.00139763
50 	 1720 	 0.934115 	 0.000669177	0.00139803
50 	 1725 	 0.934117 	 0.000669372	0.00139844
50 	 1730 	 0.934119 	 0.000669567	0.00139885
50 	 1735 	 0.934122 	 0.000669763	0.00139926
50 	 1740 	 0.934124 	 0.000669959	0.00139967
50 	 1745 	 0.934127 	 0.000670155	0.00140008
50 	 1750 	 0.934129 	 0.000670351	0.00140049
50 	 1755 	 0.934131 	 0.000670548	0.0014009
50 	 1760 	 0.934134 	 0.000670746	0.00140131
50 	 1765 	 0.934136 	 0.000670943	0.00140172
50 	 1770 	 0.934138 	 0.000671141	0.00140214
50 	 1775 	 0.934141 	 0.00067134	0.00140255
50 	 1780 	 0.934143 	 0.000671538	0.00140297
50 	 1785 	 0.934145 	 0.000671737	0.00140338
50 	 1790 	 0.934147 	 0.000671937	0.0014038
50 	 1795 	 0.93415 	 0.000672136	0.00140422
50 	 1800 	 0.934152 	 0.000672336	0.00140463
50 	 1805 	 0.934154 	 0.000672536	0.00140505
50 	 1810 	 0.934156 	 0.000672737	0.00140547
50 	 1815 	 0.934159 	 0.000672937	0.00140589
50 	 1820 	 0.934161 	 0.000673138	0.00140631
50 	 1825 	 0.934163 	 0.00067334	0.00140673
50 	 1830 	 0.934165 	 0.000673541	0.00140715
50 	 1835 	 0.934167 	 0.000673743	0.00140757
50 	 1840 	 0.934169 	 0.000673945	0.00140799
50 	 1845 	 0.934172 	 0.000674147	0.00140842
50 	 1850 	 0.934174 	 0.000674349	0.00140884
50 	 1855 	 0.934176 	 0.000674552	0.00140926
50 	 1860 	 0.934178 	 0.000674754	0.00140969
50 	 1865 	 0.93418 	 0.000674957	0.00141011
50 	 1870 	 0.934182 	 0.000675161	0.00141053
50 	 1875 	 0.934184 	 0.000675364	0.00141096
50 	 1880 	 0.934186 	 0.000675568	0.00141138
50 	 1885 	 0.934189 	 0.000675771	0.00141181
50 	 1890 	 0.934191 	 0.000675975	0.00141224
50 	 1895 	 0.934193 	 0.000676179	0.00141266
50 	 1900 	 0.934195 	 0.000676384	0.00141309
50 	 1905 	 0.934197 	 0.000676588	0.00141352
50 	 1910 	 0.934199 	 0.000676793	0.00141394
50 	 1915 	 0.934201 	 0.000676997	0.00141437
50 	 1920 	 0.934203 	 0.000677202	0.0014148
50 	 1925 	 0.934205 	 0.000677407	0.00141523
50 	 1930 	 0.934207 	 0.000677612	0.00141566
50 	 1935 	 0.934209 	 0.000677818	0.00141608
50 	 1940 	 0.934211 	 0.000678023	0.00141651
50 	 1945 	 0.934213 	 0.000678228	0.00141694
50 	 1950 	 0.934215 	 0.000678434	0.00141737
50 	 1955 	 0.934217 	 0.00067864	0.0014178
50 	 1960 	 0.934219 	 0.000678846	0.00141823
50 	 1965 	 0.934221 	 0.000679052	0.00141866
50 	 1970 	 0.934223 	 0.000679258	0.00141909
50 	 1975 	 0.934224 	 0.000679464	0.00141952
50 	 1980 	 0.934226 	 0.00067967	0.00141995
50 	 1985 	 0.934228 	 0.000679876	0.00142039
50 	 1990 	 0.93423 	 0.000680082	0.00142082
50 	 1995 	 0.934232 	 0.000680289	0.00142125
50 	 2000 	 0.934234 	 0.000680495	0.00142168
50 	 2005 	 0.934236 	 0.000680702	0.00142211
50 	 2010 	 0.934238 	 0.000680909	0.00142254
50 	 2015 	 0.93424 	 0.000681115	0.00142297
50 	 2020 	 0.934241 	 0.000681322	0.00142341
50 	 2025 	 0.934243 	 0.000681529	0.00142384
50 	 2030 	 0.934245 	 0.000681736	0.00142427
50 	 2035 	 0.934247 	 0.000681942	0.0014247
50 	 2040 	 0.934249 	 0.000682149	0.00142513
50 	 2045 	 0.934251 	 0.000682356	0.00142557
50 	 2050 	 0.934252 	 0.000682563	0.001426
50 	 2055 	 0.934254 	 0.00068277	0.00142643
50 	 2060 	 0.934256 	 0.000682977	0.00142686
50 	 2065 	 0.934258 	 0.000683184	0.0014273
50 	 2070 	 0.934259 	 0.000683391	0.00142773
50 	 2075 	 0.934261 	 0.000683598	0.00142816
50 	 2080 	 0.934263 	 0.000683805	0.00142859
50 	 2085 	 0.934265 	 0.000684012	0.00142903
50 	 2090 	 0.934266 	 0.00068422	0.00142946
50 	 2095 	 0.934268 	 0.000684427	0.00142989
50 	 2100 	 0.93427 	 0.000684634	0.00143032
50 	 2105 	 0.934272 	 0.000684841	0.00143076
50 	 2110 	 0.934273 	 0.000685048	0.00143119
50 	 2115 	 0.934275 	 0.000685255	0.00143162
50 	 2120 	 0.934277 	 0.000685462	0.00143205
50 	 2125 	 0.934278 	 0.000685669	0.00143249
50 	 2130 	 0.93428 	 0.000685876	0.00143292
50 	 2135 	 0.934282 	 0.000686083	0.00143335
50 	 2140 	 0.934284 	 0.00068629	0.00143378
50 	 2145 	 0.934285 	 0.000686497	0.00143422
50 	 2150 	 0.934287 	 0.000686704	0.00143465
50 	 2155 	 0.934289 	 0.000686911	0.00143508
50 	 2160 	 0.93429 	 0.000687117	0.00143551
50 	 2165 	 0.934292 	 0.000687324	0.00143595
50 	 2170 	 0.934293 	 0.000687531	0.00143638
50 	 2175 	 0.934295 	 0.000687738	0.00143681
50 	 2180 	 0.934297 	 0.000687944	0.00143724
50 	 2185 	 0.934298 	 0.000688151	0.00143767
50 	 2190 	 0.9343 	 0.000688357	0.0014381
50 	 2195 	 0.934302 	 0.000688564	0.00143854
50 	 2200 	 0.934303 	 0.00068877	0.00143897
50 	 2205 	 0.934305 	 0.000688977	0.0014394
50 	 2210 	 0.934306 	 0.000689183	0.00143983
50 	 2215 	 0.934308 	 0.000689389	0.00144026
50 	 2220 	 0.93431 	 0.000689595	0.00144069
50 	 2225 	 0.934311 	 0.000689801	0.00144112
50 	 2230 	 0.934313 	 0.000690007	0.00144155
50 	 2235 	 0.934314 	 0.000690213	0.00144198
50 	 2240 	 0.934316 	 0.000690419	0.00144241
50 	 2245 	 0.934317 	 0.000690625	0.00144284
50 	 2250 	 0.934319 	 0.000690831	0.00144327
50 	 2255 	 0.93432 	 0.000691036	0.0014437
50 	 2260 	 0.934322 	 0.000691242	0.00144413
50 	 2265 	 0.934323 	 0.000691447	0.00144456
50 	 2270 	 0.934325 	 0.000691653	0.00144499
50 	 2275 	 0.934326 	 0.000691858	0.00144542
50 	 2280 	 0.934328 	 0.000692063	0.00144585
50 	 2285 	 0.934329 	 0.000692268	0.00144627
50 	 2290 	 0.934331 	 0.000692473	0.0014467
50 	 2295 	 0.934332 	 0.000692678	0.00144713
50 	 2300 	 0.934334 	 0.000692883	0.00144756
50 	 2305 	 0.934335 	 0.000693088	0.00144799
50 	 2310 	 0.934337 	 0.000693293	0.00144841
50 	 2315 	 0.934338 	 0.000693497	0.00144884
50 	 2320 	 0.93434 	 0.000693701	0.00144927
50 	 2325 	 0.934341 	 0.000693906	0.0014497
50 	 2330 	 0.934343 	 0.00069411	0.00145012
50 	 2335 	 0.934344 	 0.000694314	0.00145055
50 	 2340 	 0.934346 	 0.000694518	0.00145097
50 	 2345 	 0.934347 	 0.000694722	0.0014514
50 	 2350 	 0.934348 	 0.000694926	0.00145183
50 	 2355 	 0.93435 	 0.000695129	0.00145225
50 	 2360 	 0.934351 	 0.000695333	0.00145268
50 	 2365 	 0.934353 	 0.000695536	0.0014531
50 	 2370 	 0.934354 	 0.00069574	0.00145353
50 	 2375 	 0.934356 	 0.000695943	0.00145395
50 	 2380 	 0.934357 	 0.000696146	0.00145438
50 	 2385 	 0.934358 	 0.000696349	0.0014548
50 	 2390 	 0.93436 	 0.000696551	0.00145522
50 	 2395 	 0.934361 	 0.000696754	0.00145565
50 	 2400 	 0.934363 	 0.000696957	0.00145607
50 	 2405 	 0.934364 	 0.000697159	0.00145649
50 	 2410 	 0.934365 	 0.000697361	0.00145691
50 	 2415 	 0.934367 	 0.000697563	0.00145734
50 	 2420 	 0.934368 	 0.000697765	0.00145776
50 	 2425 	 0.934369 	 0.000697967	0.00145818
50 	 2430 	 0.934371 	 0.000698169	0.0014586
50 	 2435 	 0.934372 	 0.000698371	0.00145902
50 	 2440 	 0.934373 	 0.000698572	0.00145944
50 	 2445 	 0.934375 	 0.000698773	0.00145986
50 	 2450 	 0.934376 	 0.000698975	0.00146029
50 	 2455 	 0.934377 	 0.000699176	0.00146071
50 	 2460 	 0.934379 	 0.000699376	0.00146112
50 	 2465 	 0.93438 	 0.000699577	0.00146154
50 	 2470 	 0.934381 	 0.000699778	0.00146196
50 	 2475 	 0.934383 	 0.000699978	0.00146238
50 	 2480 	 0.934384 	 0.000700179	0.0014628
50 	 2485 	 0.934385 	 0.000700379	0.00146322
50 	 2490 	 0.934387 	 0.000700579	0.00146364
50 	 2495 	 0.934388 	 0.000700779	0.00146405
50 	 2500 	 0.934389 	 0.000700978	0.00146447
50 	 2505 	 0.93439 	 0.000701178	0.00146489
50 	 2510 	 0.934392 	 0.000701377	0.0014653
50 	 2515 	 0.934393 	 0.000701576	0.00146572
50 	 2520 	 0.934394 	 0.000701776	0.00146614
50 	 2525 	 0.934396 	 0.000701974	0.00146655
50 	 2530 	 0.934397 	 0.000702173	0.00146697
50 	 2535 	 0.934398 	 0.000702372	0.00146738
50 	 2540 	 0.934399 	 0.00070257	0.0014678
50 	 2545 	 0.934401 	 0.000702769	0.00146821
50 	 2550 	 0.934402 	 0.000702967	0.00146863
50 	 2555 	 0.934403 	 0.000703165	0.00146904
50 	 2560 	 0.934404 	 0.000703363	0.00146945
50 	 2565 	 0.934406 	 0.00070356	0.00146987
50 	 2570 	 0.934407 	 0.000703758	0.00147028
50 	 2575 	 0.934408 	 0.000703955	0.00147069
50 	 2580 	 0.934409 	 0.000704152	0.0014711
50 	 2585 	 0.93441 	 0.000704349	0.00147151
50 	 2590 	 0.934412 	 0.000704546	0.00147193
50 	 2595 	 0.934413 	 0.000704743	0.00147234
50 	 2600 	 0.934414 	 0.000704939	0.00147275
50 	 2605 	 0.934415 	 0.000705136	0.00147316
50 	 2610 	 0.934416 	 0.000705332	0.00147357
50 	 2615 	 0.934418 	 0.000705528	0.00147398
50 	 2620 	 0.934419 	 0.000705724	0.00147439
50 	 2625 	 0.93442 	 0.000705919	0.00147479
50 	 2630 	 0.934421 	 0.000706115	0.0014752
50 	 2635 	 0.934422 	 0.00070631	0.00147561
50 	 2640 	 0.934424 	 0.000706505	0.00147602
50 	 2645 	 0.934425 	 0.0007067	0.00147643
50 	 2650 	 0.934426 	 0.000706895	0.00147683
50 	 2655 	 0.934427 	 0.00070709	0.00147724
50 	 2660 	 0.934428 	 0.000707284	0.00147765
50 	 2665 	 0.934429 	 0.000707478	0.00147805
50 	 2670 	 0.934431 	 0.000707672	0.00147846
50 	 2675 	 0.934432 	 0.000707866	0.00147886
50 	 2680 	 0.934433 	 0.00070806	0.00147927
50 	 2685 	 0.934434 	 0.000708254	0.00147967
50 	 2690 	 0.934435 	 0.000708447	0.00148008
50 	 2695 	 0.934436 	 0.00070864	0.00148048
50 	 2700 	 0.934437 	 0.000708833	0.00148088
50 	 2705 	 0.934438 	 0.000709026	0.00148128
50 	 2710 	 0.93444 	 0.000709219	0.00148169
50 	 2715 	 0.934441 	 0.000709411	0.00148209
50 	 2720 	 0.934442 	 0.000709604	0.00148249
50 	 2725 	 0.934443 	 0.000709796	0.00148289
50 	 2730 	 0.934444 	 0.000709988	0.00148329
50 	 2735 	 0.934445 	 0.00071018	0.00148369
50 	 2740 	 0.934446 	 0.000710371	0.00148409
50 	 2745 	 0.934447 	 0.000710563	0.00148449
50 	 2750 	 0.934448 	 0.000710754	0.00148489
50 	 2755 	 0.93445 	 0.000710945	0.00148529
50 	 2760 	 0.934451 	 0.000711136	0.00148569
50 	 2765 	 0.934452 	 0.000711326	0.00148609
50 	 2770 	 0.934453 	 0.000711517	0.00148649
50 	 2775 	 0.934454 	 0.000711707	0.00148689
50 	 2780 	 0.934455 	 0.000711897	0.00148728
50 	 2785 	 0.934456 	 0.000712087	0.00148768
50 	 2790 	 0.934457 	 0.000712277	0.00148808
50 	 2795 	 0.934458 	 0.000712467	0.00148847
50 	 2800 	 0.934459 	 0.000712656	0.00148887
50 	 2805 	 0.93446 	 0.000712845	0.00148926
50 	 2810 	 0.934461 	 0.000713034	0.00148966
50 	 2815 	 0.934462 	 0.000713223	0.00149005
50 	 2820 	 0.934463 	 0.000713412	0.00149045
50 	 2825 	 0.934465 	 0.0007136	0.00149084
50 	 2830 	 0.934466 	 0.000713788	0.00149123
50 	 2835 	 0.934467 	 0.000713976	0.00149163
50 	 2840 	 0.934468 	 0.000714164	0.00149202
50 	 2845 	 0.934469 	 0.000714352	0.00149241
50 	 2850 	 0.93447 	 0.00071454	0.0014928
50 	 2855 	 0.934471 	 0.000714727	0.00149319
50 	 2860 	 0.934472 	 0.000714914	0.00149359
50 	 2865 	 0.934473 	 0.000715101	0.00149398
50 	 2870 	 0.934474 	 0.000715288	0.00149437
50 	 2875 	 0.934475 	 0.000715474	0.00149476
50 	 2880 	 0.934476 	 0.000715661	0.00149515
50 	 2885 	 0.934477 	 0.000715847	0.00149553
50 	 2890 	 0.934478 	 0.000716033	0.00149592
50 	 2895 	 0.934479 	 0.000716219	0.00149631
50 	 2900 	 0.93448 	 0.000716404	0.0014967
50 	 2905 	 0.934481 	 0.00071659	0.00149709
50 	 2910 	 0.934482 	 0.000716775	0.00149747
50 	 2915 	 0.934483 	 0.00071696	0.00149786
50 	 2920 	 0.934484 	 0.000717145	0.00149825
50 	 2925 	 0.934485 	 0.000717329	0.00149863
50 	 2930 	 0.934486 	 0.000717514	0.00149902
50 	 2935 	 0.934487 	 0.000717698	0.0014994
50 	 2940 	 0.934488 	 0.000717882	0.00149979
50 	 2945 	 0.934489 	 0.000718066	0.00150017
50 	 2950 	 0.93449 	 0.00071825	0.00150055
50 	 2955 	 0.934491 	 0.000718433	0.00150094
50 	 2960 	 0.934492 	 0.000718617	0.00150132
50 	 2965 	 0.934493 	 0.0007188	0.0015017
50 	 2970 	 0.934494 	 0.000718983	0.00150209
50 	 2975 	 0.934495 	 0.000719165	0.00150247
50 	 2980 	 0.934496 	 0.000719348	0.00150285
50 	 2985 	 0.934497 	 0.00071953	0.00150323
50 	 2990 	 0.934497 	 0.000719712	0.00150361
50 	 2995 	 0.934498 	 0.000719894	0.00150399
50 	 3000 	 0.934499 	 0.000720076	0.00150437
50 	 3005 	 0.9345 	 0.000720258	0.00150475
50 	 3010 	 0.934501 	 0.000720439	0.00150513
50 	 3015 	 0.934502 	 0.00072062	0.00150551
50 	 3020 	 0.934503 	 0.000720801	0.00150589
50 	 3025 	 0.934504 	 0.000720982	0.00150626
50 	 3030 	 0.934505 	 0.000721163	0.00150664
50 	 3035 	 0.934506 	 0.000721343	0.00150702
50 	 3040 	 0.934507 	 0.000721523	0.00150739
50 	 3045 	 0.934508 	 0.000721703	0.00150777
50 	 3050 	 0.934509 	 0.000721883	0.00150815
50 	 3055 	 0.93451 	 0.000722063	0.00150852
50 	 3060 	 0.934511 	 0.000722242	0.0015089
50 	 3065 	 0.934511 	 0.000722422	0.00150927
50 	 3070 	 0.934512 	 0.000722601	0.00150964
50 	 3075 	 0.934513 	 0.000722779	0.00151002
50 	 3080 	 0.934514 	 0.000722958	0.00151039
50 	 3085 	 0.934515 	 0.000723137	0.00151076
50 	 3090 	 0.934516 	 0.000723315	0.00151114
50 	 3095 	 0.934517 	 0.000723493	0.00151151
50 	 3100 	 0.934518 	 0.000723671	0.00151188
50 	 3105 	 0.934519 	 0.000723849	0.00151225
50 	 3110 	 0.93452 	 0.000724026	0.00151262
50 	 3115 	 0.93452 	 0.000724203	0.00151299
50 	 3120 	 0.934521 	 0.000724381	0.00151336
50 	 3125 	 0.934522 	 0.000724558	0.00151373
50 	 3130 	 0.934523 	 0.000724734	0.0015141
50 	 3135 	 0.934524 	 0.000724911	0.00151447
50 	 3140 	 0.934525 	 0.000725087	0.00151484
50 	 3145 	 0.934526 	 0.000725263	0.00151521
50 	 3150 	 0.934527 	 0.000725439	0.00151557
50 	 3155 	 0.934527 	 0.000725615	0.00151594
50 	 3160 	 0.934528 	 0.000725791	0.00151631
50 	 3165 	 0.934529 	 0.000725966	0.00151668
50 	 3170 	 0.93453 	 0.000726141	0.00151704
50 	 3175 	 0.934531 	 0.000726316	0.00151741
50 	 3180 	 0.934532 	 0.000726491	0.00151777
50 	 3185 	 0.934533 	 0.000726666	0.00151814
50 	 3190 	 0.934533 	 0.00072684	0.0015185
50 	 3195 	 0.934534 	 0.000727014	0.00151887
50 	 3200 	 0.934535 	 0.000727188	0.00151923
50 	 3205 	 0.934536 	 0.000727362	0.00151959
50 	 3210 	 0.934537 	 0.000727536	0.00151996
50 	 3215 	 0.934538 	 0.000727709	0.00152032
50 	 3220 	 0.934539 	 0.000727883	0.00152068
50 	 3225 	 0.934539 	 0.000728056	0.00152104
50 	 3230 	 0.93454 	 0.000728229	0.0015214
50 	 3235 	 0.934541 	 0.000728401	0.00152176
50 	 3240 	 0.934542 	 0.000728574	0.00152212
50 	 3245 	 0.934543 	 0.000728746	0.00152248
50 	 3250 	 0.934544 	 0.000728918	0.00152284
50 	 3255 	 0.934544 	 0.00072909	0.0015232
50 	 3260 	 0.934545 	 0.000729262	0.00152356
50 	 3265 	 0.934546 	 0.000729434	0.00152392
50 	 3270 	 0.934547 	 0.000729605	0.00152428
50 	 3275 	 0.934548 	 0.000729776	0.00152464
50 	 3280 	 0.934548 	 0.000729947	0.00152499
50 	 3285 	 0.934549 	 0.000730118	0.00152535
50 	 3290 	 0.93455 	 0.000730288	0.00152571
50 	 3295 	 0.934551 	 0.000730459	0.00152606
50 	 3300 	 0.934552 	 0.000730629	0.00152642
50 	 3305 	 0.934553 	 0.000730799	0.00152677
50 	 3310 	 0.934553 	 0.000730969	0.00152713
50 	 3315 	 0.934554 	 0.000731139	0.00152748
50 	 3320 	 0.934555 	 0.000731308	0.00152784
50 	 3325 	 0.934556 	 0.000731477	0.00152819
50 	 3330 	 0.934556 	 0.000731646	0.00152854
50 	 3335 	 0.934557 	 0.000731815	0.0015289
50 	 3340 	 0.934558 	 0.000731984	0.00152925
50 	 3345 	 0.934559 	 0.000732152	0.0015296
50 	 3350 	 0.93456 	 0.000732321	0.00152995
50 	 3355 	 0.93456 	 0.000732489	0.0015303
50 	 3360 	 0.934561 	 0.000732657	0.00153065
50 	 3365 	 0.934562 	 0.000732825	0.001531
50 	 3370 	 0.934563 	 0.000732992	0.00153135
50 	 3375 	 0.934564 	 0.00073316	0.0015317
50 	 3380 	 0.934564 	 0.000733327	0.00153205
50 	 3385 	 0.934565 	 0.000733494	0.0015324
50 	 3390 	 0.934566 	 0.000733661	0.00153275
50 	 3395 	 0.934567 	 0.000733827	0.0015331
50 	 3400 	 0.934567 	 0.000733994	0.00153345
50 	 3405 	 0.934568 	 0.00073416	0.00153379
50 	 3410 	 0.934569 	 0.000734326	0.00153414
50 	 3415 	 0.93457 	 0.000734492	0.00153449
50 	 3420 	 0.93457 	 0.000734657	0.00153483
50 	 3425 	 0.934571 	 0.000734823	0.00153518
50 	 3430 	 0.934572 	 0.000734988	0.00153552
50 	 3435 	 0.934573 	 0.000735153	0.00153587
50 	 3440 	 0.934573 	 0.000735318	0.00153621
50 	 3445 	 0.934574 	 0.000735483	0.00153656
50 	 3450 	 0.934575 	 0.000735648	0.0015369
50 	 3455 	 0.934576 	 0.000735812	0.00153725
50 	 3460 	 0.934576 	 0.000735976	0.00153759
50 	 3465 	 0.934577 	 0.00073614	0.00153793
50 	 3470 	 0.934578 	 0.000736304	0.00153827
50 	 3475 	 0.934579 	 0.000736468	0.00153862
50 	 3480 	 0.934579 	 0.000736631	0.00153896
50 	 3485 	 0.93458 	 0.000736794	0.0015393
50 	 3490 	 0.934581 	 0.000736957	0.00153964
50 	 3495 	 0.934582 	 0.00073712	0.00153998
50 	 3500 	 0.934582 	 0.000737283	0.00154032
50 	 3505 	 0.934583 	 0.000737446	0.00154066
50 	 3510 	 0.934584 	 0.000737608	0.001541
50 	 3515 	 0.934585 	 0.00073777	0.00154134
50 	 3520 	 0.934585 	 0.000737932	0.00154167
50 	 3525 	 0.934586 	 0.000738094	0.00154201
50 	 3530 	 0.934587 	 0.000738255	0.00154235
50 	 3535 	 0.934587 	 0.000738417	0.00154269
50 	 3540 	 0.934588 	 0.000738578	0.00154302
50 	 3545 	 0.934589 	 0.000738739	0.00154336
50 	 3550 	 0.93459 	 0.0007389	0.0015437
50 	 3555 	 0.93459 	 0.000739061	0.00154403
50 	 3560 	 0.934591 	 0.000739221	0.00154437
50 	 3565 	 0.934592 	 0.000739382	0.0015447
50 	 3570 	 0.934592 	 0.000739542	0.00154504
50 	 3575 	 0.934593 	 0.000739702	0.00154537
50 	 3580 	 0.934594 	 0.000739861	0.00154571
50 	 3585 	 0.934594 	 0.000740021	0.00154604
50 	 3590 	 0.934595 	 0.00074018	0.00154637
50 	 3595 	 0.934596 	 0.00074034	0.0015467
50 	 3600 	 0.934597 	 0.000740499	0.00154704
50 	 3605 	 0.934597 	 0.000740658	0.00154737
50 	 3610 	 0.934598 	 0.000740816	0.0015477
50 	 3615 	 0.934599 	 0.000740975	0.00154803
50 	 3620 	 0.934599 	 0.000741133	0.00154836
50 	 3625 	 0.9346 	 0.000741291	0.00154869
50 	 3630 	 0.934601 	 0.000741449	0.00154902
50 	 3635 	 0.934601 	 0.000741607	0.00154935
50 	 3640 	 0.934602 	 0.000741765	0.00154968
50 	 3645 	 0.934603 	 0.000741922	0.00155001
50 	 3650 	 0.934603 	 0.000742079	0.00155034
50 	 3655 	 0.934604 	 0.000742237	0.00155067
50 	 3660 	 0.934605 	 0.000742393	0.001551
50 	 3665 	 0.934605 	 0.00074255	0.00155132
50 	 3670 	 0.934606 	 0.000742707	0.00155165
50 	 3675 	 0.934607 	 0.000742863	0.00155198
50 	 3680 	 0.934608 	 0.000743019	0.0015523
50 	 3685 	 0.934608 	 0.000743175	0.00155263
50 	 3690 	 0.934609 	 0.000743331	0.00155295
50 	 3695 	 0.93461 	 0.000743487	0.00155328
50 	 3700 	 0.93461 	 0.000743642	0.0015536
50 	 3705 	 0.934611 	 0.000743798	0.00155393
50 	 3710 	 0.934612 	 0.000743953	0.00155425
50 	 3715 	 0.934612 	 0.000744108	0.00155458
50 	 3720 	 0.934613 	 0.000744262	0.0015549
50 	 3725 	 0.934613 	 0.000744417	0.00155522
50 	 3730 	 0.934614 	 0.000744572	0.00155555
50 	 3735 	 0.934615 	 0.000744726	0.00155587
50 	 3740 	 0.934615 	 0.00074488	0.00155619
50 	 3745 	 0.934616 	 0.000745034	0.00155651
50 	 3750 	 0.934617 	 0.000745188	0.00155683
50 	 3755 	 0.934617 	 0.000745341	0.00155715
50 	 3760 	 0.934618 	 0.000745494	0.00155747
50 	 3765 	 0.934619 	 0.000745648	0.00155779
50 	 3770 	 0.934619 	 0.000745801	0.00155811
50 	 3775 	 0.93462 	 0.000745954	0.00155843
50 	 3780 	 0.934621 	 0.000746106	0.00155875
50 	 3785 	 0.934621 	 0.000746259	0.00155907
50 	 3790 	 0.934622 	 0.000746411	0.00155939
50 	 3795 	 0.934623 	 0.000746563	0.00155971
50 	 3800 	 0.934623 	 0.000746715	0.00156002
50 	 3805 	 0.934624 	 0.000746867	0.00156034
50 	 3810 	 0.934624 	 0.000747019	0.00156066
50 	 3815 	 0.934625 	 0.00074717	0.00156097
50 	 3820 	 0.934626 	 0.000747322	0.00156129
50 	 3825 	 0.934626 	 0.000747473	0.00156161
50 	 3830 	 0.934627 	 0.000747624	0.00156192
50 	 3835 	 0.934628 	 0.000747774	0.00156224
50 	 3840 	 0.934628 	 0.000747925	0.00156255
50 	 3845 	 0.934629 	 0.000748076	0.00156287
50 	 3850 	 0.934629 	 0.000748226	0.00156318
50 	 3855 	 0.93463 	 0.000748376	0.00156349
50 	 3860 	 0.934631 	 0.000748526	0.00156381
50 	 3865 	 0.934631 	 0.000748676	0.00156412
50 	 3870 	 0.934632 	 0.000748825	0.00156443
50 	 3875 	 0.934633 	 0.000748975	0.00156474
50 	 3880 	 0.934633 	 0.000749124	0.00156506
50 	 3885 	 0.934634 	 0.000749273	0.00156537
50 	 3890 	 0.934634 	 0.000749422	0.00156568
50 	 3895 	 0.934635 	 0.000749571	0.00156599
50 	 3900 	 0.934636 	 0.000749719	0.0015663
50 	 3905 	 0.934636 	 0.000749868	0.00156661
50 	 3910 	 0.934637 	 0.000750016	0.00156692
50 	 3915 	 0.934637 	 0.000750164	0.00156723
50 	 3920 	 0.934638 	 0.000750312	0.00156754
50 	 3925 	 0.934639 	 0.00075046	0.00156785
50 	 3930 	 0.934639 	 0.000750607	0.00156816
50 	 3935 	 0.93464 	 0.000750755	0.00156846
50 	 3940 	 0.93464 	 0.000750902	0.00156877
50 	 3945 	 0.934641 	 0.000751049	0.00156908
50 	 3950 	 0.934642 	 0.000751196	0.00156939
50 	 3955 	 0.934642 	 0.000751343	0.00156969
50 	 3960 	 0.934643 	 0.00075149	0.00157
50 	 3965 	 0.934643 	 0.000751636	0.0015703
50 	 3970 	 0.934644 	 0.000751782	0.00157061
50 	 3975 	 0.934645 	 0.000751928	0.00157092
50 	 3980 	 0.934645 	 0.000752074	0.00157122
50 	 3985 	 0.934646 	 0.00075222	0.00157152
50 	 3990 	 0.934646 	 0.000752366	0.00157183
50 	 3995 	 0.934647 	 0.000752511	0.00157213
50 	 4000 	 0.934647 	 0.000752656	0.00157244
50 	 4005 	 0.934648 	 0.000752802	0.00157274
50 	 4010 	 0.934649 	 0.000752947	0.00157304
50 	 4015 	 0.934649 	 0.000753091	0.00157335
50 	 4020 	 0.93465 	 0.000753236	0.00157365
50 	 4025 	 0.93465 	 0.00075338	0.00157395
50 	 4030 	 0.934651 	 0.000753525	0.00157425
50 	 4035 	 0.934652 	 0.000753669	0.00157455
50 	 4040 	 0.934652 	 0.000753813	0.00157485
50 	 4045 	 0.934653 	 0.000753957	0.00157515
50 	 4050 	 0.934653 	 0.0007541	0.00157545
50 	 4055 	 0.934654 	 0.000754244	0.00157575
50 	 4060 	 0.934654 	 0.000754387	0.00157605
50 	 4065 	 0.934655 	 0.00075453	0.00157635
50 	 4070 	 0.934656 	 0.000754673	0.00157665
50 	 4075 	 0.934656 	 0.000754816	0.00157695
50 	 4080 	 0.934657 	 0.000754959	0.00157725
50 	 4085 	 0.934657 	 0.000755102	0.00157754
50 	 4090 	 0.934658 	 0.000755244	0.00157784
50 	 4095 	 0.934658 	 0.000755386	0.00157814
50 	 4100 	 0.934659 	 0.000755528	0.00157844
50 	 4105 	 0.934659 	 0.00075567	0.00157873
50 	 4110 	 0.93466 	 0.000755812	0.00157903
50 	 4115 	 0.934661 	 0.000755953	0.00157932
50 	 4120 	 0.934661 	 0.000756095	0.00157962
50 	 4125 	 0.934662 	 0.000756236	0.00157992
50 	 4130 	 0.934662 	 0.000756377	0.00158021
50 	 4135 	 0.934663 	 0.000756518	0.0015805
50 	 4140 	 0.934663 	 0.000756659	0.0015808
50 	 4145 	 0.934664 	 0.0007568	0.00158109
50 	 4150 	 0.934664 	 0.00075694	0.00158139
50 	 4155 	 0.934665 	 0.000757081	0.00158168
50 	 4160 	 0.934666 	 0.000757221	0.00158197
50 	 4165 	 0.934666 	 0.000757361	0.00158226
50 	 4170 	 0.934667 	 0.000757501	0.00158256
50 	 4175 	 0.934667 	 0.00075764	0.00158285
50 	 4180 	 0.934668 	 0.00075778	0.00158314
50 	 4185 	 0.934668 	 0.000757919	0.00158343
50 	 4190 	 0.934669 	 0.000758059	0.00158372
50 	 4195 	 0.934669 	 0.000758198	0.00158401
50 	 4200 	 0.93467 	 0.000758337	0.0015843
50 	 4205 	 0.93467 	 0.000758475	0.00158459
50 	 4210 	 0.934671 	 0.000758614	0.00158488
50 	 4215 	 0.934671 	 0.000758752	0.00158517
50 	 4220 	 0.934672 	 0.000758891	0.00158546
50 	 4225 	 0.934673 	 0.000759029	0.00158575
50 	 4230 	 0.934673 	 0.000759167	0.00158604
50 	 4235 	 0.934674 	 0.000759305	0.00158633
50 	 4240 	 0.934674 	 0.000759443	0.00158661
50 	 4245 	 0.934675 	 0.00075958	0.0015869
50 	 4250 	 0.934675 	 0.000759718	0.00158719
50 	 4255 	 0.934676 	 0.000759855	0.00158748
50 	 4260 	 0.934676 	 0.000759992	0.00158776
50 	 4265 	 0.934677 	 0.000760129	0.00158805
50 	 4270 	 0.934677 	 0.000760266	0.00158833
50 	 4275 	 0.934678 	 0.000760402	0.00158862
50 	 4280 	 0.934678 	 0.000760539	0.0015889
50 	 4285 	 0.934679 	 0.000760675	0.00158919
50 	 4290 	 0.934679 	 0.000760811	0.00158947
50 	 4295 	 0.93468 	 0.000760947	0.00158976
50 	 4300 	 0.93468 	 0.000761083	0.00159004
50 	 4305 	 0.934681 	 0.000761219	0.00159033
50 	 4310 	 0.934681 	 0.000761355	0.00159061
50 	 4315 	 0.934682 	 0.00076149	0.00159089
50 	 4320 	 0.934682 	 0.000761625	0.00159117
50 	 4325 	 0.934683 	 0.000761761	0.00159146
50 	 4330 	 0.934683 	 0.000761896	0.00159174
50 	 4335 	 0.934684 	 0.00076203	0.00159202
50 	 4340 	 0.934684 	 0.000762165	0.0015923
50 	 4345 	 0.934685 	 0.0007623	0.00159258
50 	 4350 	 0.934685 	 0.000762434	0.00159286
50 	 4355 	 0.934686 	 0.000762568	0.00159314
50 	 4360 	 0.934686 	 0.000762702	0.00159342
50 	 4365 	 0.934687 	 0.000762836	0.0015937
50 	 4370 	 0.934687 	 0.00076297	0.00159398
50 	 4375 	 0.934688 	 0.000763104	0.00159426
50 	 4380 	 0.934688 	 0.000763237	0.00159454
50 	 4385 	 0.934689 	 0.000763371	0.00159482
50 	 4390 	 0.934689 	 0.000763504	0.0015951
50 	 4395 	 0.93469 	 0.000763637	0.00159538
50 	 4400 	 0.93469 	 0.00076377	0.00159565
50 	 4405 	 0.934691 	 0.000763903	0.00159593
50 	 4410 	 0.934691 	 0.000764036	0.00159621
50 	 4415 	 0.934692 	 0.000764168	0.00159649
50 	 4420 	 0.934692 	 0.0007643	0.00159676
50 	 4425 	 0.934693 	 0.000764433	0.00159704
50 	 4430 	 0.934693 	 0.000764565	0.00159731
50 	 4435 	 0.934694 	 0.000764697	0.00159759
50 	 4440 	 0.934694 	 0.000764828	0.00159787
50 	 4445 	 0.934695 	 0.00076496	0.00159814
50 	 4450 	 0.934695 	 0.000765092	0.00159842
50 	 4455 	 0.934696 	 0.000765223	0.00159869
50 	 4460 	 0.934696 	 0.000765354	0.00159896
50 	 4465 	 0.934697 	 0.000765485	0.00159924
50 	 4470 	 0.934697 	 0.000765616	0.00159951
50 	 4475 	 0.934698 	 0.000765747	0.00159978
50 	 4480 	 0.934698 	 0.000765878	0.00160006
50 	 4485 	 0.934699 	 0.000766008	0.00160033
50 	 4490 	 0.934699 	 0.000766138	0.0016006
50 	 4495 	 0.9347 	 0.000766269	0.00160087
50 	 4500 	 0.9347 	 0.000766399	0.00160115
50 	 4505 	 0.934701 	 0.000766529	0.00160142
50 	 4510 	 0.934701 	 0.000766659	0.00160169
50 	 4515 	 0.934702 	 0.000766788	0.00160196
50 	 4520 	 0.934702 	 0.000766918	0.00160223
50 	 4525 	 0.934703 	 0.000767047	0.0016025
50 	 4530 	 0.934703 	 0.000767176	0.00160277
50 	 4535 	 0.934704 	 0.000767305	0.00160304
50 	 4540 	 0.934704 	 0.000767434	0.00160331
50 	 4545 	 0.934704 	 0.000767563	0.00160358
50 	 4550 	 0.934705 	 0.000767692	0.00160385
50 	 4555 	 0.934705 	 0.00076782	0.00160412
50 	 4560 	 0.934706 	 0.000767949	0.00160439
50 	 4565 	 0.934706 	 0.000768077	0.00160465
50 	 4570 	 0.934707 	 0.000768205	0.00160492
50 	 4575 	 0.934707 	 0.000768333	0.00160519
50 	 4580 	 0.934708 	 0.000768461	0.00160546
50 	 4585 	 0.934708 	 0.000768589	0.00160572
50 	 4590 	 0.934709 	 0.000768716	0.00160599
50 	 4595 	 0.934709 	 0.000768844	0.00160625
50 	 4600 	 0.93471 	 0.000768971	0.00160652
50 	 4605 	 0.93471 	 0.000769098	0.00160679
50 	 4610 	 0.934711 	 0.000769225	0.00160705
50 	 4615 	 0.934711 	 0.000769352	0.00160732
50 	 4620 	 0.934711 	 0.000769479	0.00160758
50 	 4625 	 0.934712 	 0.000769606	0.00160785
50 	 4630 	 0.934712 	 0.000769732	0.00160811
50 	 4635 	 0.934713 	 0.000769858	0.00160837
50 	 4640 	 0.934713 	 0.000769985	0.00160864
50 	 4645 	 0.934714 	 0.000770111	0.0016089
50 	 4650 	 0.934714 	 0.000770237	0.00160916
50 	 4655 	 0.934715 	 0.000770363	0.00160943
50 	 4660 	 0.934715 	 0.000770488	0.00160969
50 	 4665 	 0.934715 	 0.000770614	0.00160995
50 	 4670 	 0.934716 	 0.000770739	0.00161021
50 	 4675 	 0.934716 	 0.000770864	0.00161048
50 	 4680 	 0.934717 	 0.00077099	0.00161074
50 	 4685 	 0.934717 	 0.000771115	0.001611
50 	 4690 	 0.934718 	 0.00077124	0.00161126
50 	 4695 	 0.934718 	 0.000771364	0.00161152
50 	 4700 	 0.934719 	 0.000771489	0.00161178
50 	 4705 	 0.934719 	 0.000771613	0.00161204
50 	 4710 	 0.93472 	 0.000771738	0.0016123
50 	 4715 	 0.93472 	 0.000771862	0.00161256
50 	 4720 	 0.93472 	 0.000771986	0.00161282
50 	 4725 	 0.934721 	 0.00077211	0.00161308
50 	 4730 	 0.934721 	 0.000772234	0.00161334
50 	 4735 	 0.934722 	 0.000772357	0.0016136
50 	 4740 	 0.934722 	 0.000772481	0.00161385
50 	 4745 	 0.934723 	 0.000772604	0.00161411
50 	 4750 	 0.934723 	 0.000772728	0.00161437
50 	 4755 	 0.934723 	 0.000772851	0.00161463
50 	 4760 	 0.934724 	 0.000772974	0.00161488
50 	 4765 	 0.934724 	 0.000773097	0.00161514
50 	 4770 	 0.934725 	 0.00077322	0.0016154
50 	 4775 	 0.934725 	 0.000773342	0.00161565
50 	 4780 	 0.934726 	 0.000773465	0.00161591
50 	 4785 	 0.934726 	 0.000773587	0.00161616
50 	 4790 	 0.934726 	 0.000773709	0.00161642
50 	 4795 	 0.934727 	 0.000773832	0.00161668
50 	 4800 	 0.934727 	 0.000773954	0.00161693
50 	 4805 	 0.934728 	 0.000774075	0.00161718
50 	 4810 	 0.934728 	 0.000774197	0.00161744
50 	 4815 	 0.934729 	 0.000774319	0.00161769
50 	 4820 	 0.934729 	 0.00077444	0.00161795
50 	 4825 	 0.934729 	 0.000774562	0.0016182
50 	 4830 	 0.93473 	 0.000774683	0.00161845
50 	 4835 	 0.93473 	 0.000774804	0.00161871
50 	 4840 	 0.934731 	 0.000774925	0.00161896
50 	 4845 	 0.934731 	 0.000775046	0.00161921
50 	 4850 	 0.934732 	 0.000775166	0.00161946
50 	 4855 	 0.934732 	 0.000775287	0.00161972
50 	 4860 	 0.934732 	 0.000775408	0.00161997
50 	 4865 	 0.934733 	 0.000775528	0.00162022
50 	 4870 	 0.934733 	 0.000775648	0.00162047
50 	 4875 	 0.934734 	 0.000775768	0.00162072
50 	 4880 	 0.934734 	 0.000775888	0.00162097
50 	 4885 	 0.934735 	 0.000776008	0.00162122
50 	 4890 	 0.934735 	 0.000776128	0.00162147
50 	 4895 	 0.934735 	 0.000776247	0.00162172
50 	 4900 	 0.934736 	 0.000776367	0.00162197
50 	 4905 	 0.934736 	 0.000776486	0.00162222
50 	 4910 	 0.934737 	 0.000776605	0.00162247
50 	 4915 	 0.934737 	 0.000776724	0.00162272
50 	 4920 	 0.934737 	 0.000776843	0.00162297
50 	 4925 	 0.934738 	 0.000776962	0.00162322
50 	 4930 	 0.934738 	 0.000777081	0.00162346
50 	 4935 	 0.934739 	 0.0007772	0.00162371
50 	 4940 	 0.934739 	 0.000777318	0.00162396
50 	 4945 	 0.934739 	 0.000777436	0.00162421
50 	 4950 	 0.93474 	 0.000777555	0.00162445
50 	 4955 	 0.93474 	 0.000777673	0.0016247
50 	 4960 	 0.934741 	 0.000777791	0.00162495
50 	 4965 	 0.934741 	 0.000777909	0.00162519
50 	 4970 	 0.934741 	 0.000778026	0.00162544
50 	 4975 	 0.934742 	 0.000778144	0.00162568
50 	 4980 	 0.934742 	 0.000778261	0.00162593
50 	 4985 	 0.934743 	 0.000778379	0.00162618
50 	 4990 	 0.934743 	 0.000778496	0.00162642
50 	 4995 	 0.934744 	 0.000778613	0.00162666
50 	 5000 	 0.934744 	 0.00077873	0.00162691
