3750 	 5 	 0.876988 	 0.00532667	0.0111284
3750 	 10 	 0.879602 	 0.00430556	0.00899509
3750 	 15 	 0.883269 	 0.00321029	0.00670689
3750 	 20 	 0.888116 	 0.00215907	0.00451069
3750 	 25 	 0.894037 	 0.00130435	0.00272504
3750 	 30 	 0.900614 	 0.00111394	0.00232722
3750 	 35 	 0.913037 	 0.00187088	0.0039086
3750 	 40 	 0.922042 	 0.00103232	0.0021567
3750 	 45 	 0.929165 	 0.000747382	0.00156142
3750 	 50 	 0.934617 	 0.000745188	0.00155683
3750 	 55 	 0.938675 	 0.000745485	0.00155745
3750 	 60 	 0.941655 	 0.000724456	0.00151352
3750 	 65 	 0.943845 	 0.000711851	0.00148719
3750 	 70 	 0.945476 	 0.000713057	0.00148971
3750 	 75 	 0.946716 	 0.00071784	0.0014997
3750 	 80 	 0.947683 	 0.000717453	0.00149889
3750 	 85 	 0.948458 	 0.000709158	0.00148156
3750 	 90 	 0.949097 	 0.000694178	0.00145026
3750 	 95 	 0.949636 	 0.000675184	0.00141058
3750 	 100 	 0.950101 	 0.000654834	0.00136807
3750 	 105 	 0.950509 	 0.000635181	0.00132701
3750 	 110 	 0.950872 	 0.000617557	0.00129019
3750 	 115 	 0.951199 	 0.000602659	0.00125907
3750 	 120 	 0.951496 	 0.000590711	0.0012341
3750 	 125 	 0.951768 	 0.000581621	0.00121511
3750 	 130 	 0.952019 	 0.000575115	0.00120152
3750 	 135 	 0.952251 	 0.000570837	0.00119258
3750 	 140 	 0.952467 	 0.000568414	0.00118752
3750 	 145 	 0.952668 	 0.000567493	0.0011856
3750 	 150 	 0.952856 	 0.000567761	0.00118616
3750 	 155 	 0.953033 	 0.000568953	0.00118865
3750 	 160 	 0.9532 	 0.000570851	0.00119261
3750 	 165 	 0.953356 	 0.000573278	0.00119768
3750 	 170 	 0.953505 	 0.000576095	0.00120357
3750 	 175 	 0.953645 	 0.000579193	0.00121004
3750 	 180 	 0.953778 	 0.000582488	0.00121692
3750 	 185 	 0.953904 	 0.000585914	0.00122408
3750 	 190 	 0.954025 	 0.000589422	0.00123141
3750 	 195 	 0.954139 	 0.000592975	0.00123883
3750 	 200 	 0.954248 	 0.000596545	0.00124629
3750 	 205 	 0.954353 	 0.000600112	0.00125374
3750 	 210 	 0.954453 	 0.000603662	0.00126116
3750 	 215 	 0.954548 	 0.000607182	0.00126851
3750 	 220 	 0.95464 	 0.000610667	0.00127579
3750 	 225 	 0.954727 	 0.000614111	0.00128299
3750 	 230 	 0.954812 	 0.000617512	0.0012901
3750 	 235 	 0.954893 	 0.000620868	0.00129711
3750 	 240 	 0.954971 	 0.000624179	0.00130402
3750 	 245 	 0.955046 	 0.000627444	0.00131084
3750 	 250 	 0.955118 	 0.000630665	0.00131757
3750 	 255 	 0.955188 	 0.000633842	0.00132421
3750 	 260 	 0.955256 	 0.000636977	0.00133076
3750 	 265 	 0.955321 	 0.000640072	0.00133723
3750 	 270 	 0.955384 	 0.000643128	0.00134361
3750 	 275 	 0.955444 	 0.000646147	0.00134992
3750 	 280 	 0.955503 	 0.00064913	0.00135615
3750 	 285 	 0.95556 	 0.00065208	0.00136231
3750 	 290 	 0.955616 	 0.000654997	0.00136841
3750 	 295 	 0.955669 	 0.000657883	0.00137444
3750 	 300 	 0.955721 	 0.000660739	0.0013804
3750 	 305 	 0.955772 	 0.000663568	0.00138631
3750 	 310 	 0.955821 	 0.000666369	0.00139217
3750 	 315 	 0.955868 	 0.000669145	0.00139797
3750 	 320 	 0.955914 	 0.000671896	0.00140371
3750 	 325 	 0.955959 	 0.000674624	0.00140941
3750 	 330 	 0.956003 	 0.000677328	0.00141506
3750 	 335 	 0.956046 	 0.000680011	0.00142067
3750 	 340 	 0.956087 	 0.000682673	0.00142623
3750 	 345 	 0.956128 	 0.000685315	0.00143175
3750 	 350 	 0.956167 	 0.000687937	0.00143723
3750 	 355 	 0.956206 	 0.00069054	0.00144266
3750 	 360 	 0.956243 	 0.000693124	0.00144806
3750 	 365 	 0.95628 	 0.000695691	0.00145342
3750 	 370 	 0.956315 	 0.00069824	0.00145875
3750 	 375 	 0.95635 	 0.000700772	0.00146404
3750 	 380 	 0.956384 	 0.000703288	0.0014693
3750 	 385 	 0.956417 	 0.000705787	0.00147452
3750 	 390 	 0.95645 	 0.000708271	0.00147971
3750 	 395 	 0.956482 	 0.000710739	0.00148486
3750 	 400 	 0.956513 	 0.000713192	0.00148999
3750 	 405 	 0.956543 	 0.00071563	0.00149508
3750 	 410 	 0.956573 	 0.000718054	0.00150015
3750 	 415 	 0.956602 	 0.000720463	0.00150518
3750 	 420 	 0.95663 	 0.000722858	0.00151018
3750 	 425 	 0.956658 	 0.000725238	0.00151516
3750 	 430 	 0.956686 	 0.000727605	0.0015201
3750 	 435 	 0.956712 	 0.000729958	0.00152502
3750 	 440 	 0.956739 	 0.000732298	0.0015299
3750 	 445 	 0.956764 	 0.000734625	0.00153476
3750 	 450 	 0.95679 	 0.000736938	0.0015396
3750 	 455 	 0.956814 	 0.000739238	0.0015444
3750 	 460 	 0.956839 	 0.000741525	0.00154918
3750 	 465 	 0.956862 	 0.000743799	0.00155393
3750 	 470 	 0.956886 	 0.000746061	0.00155866
3750 	 475 	 0.956909 	 0.00074831	0.00156336
3750 	 480 	 0.956931 	 0.000750546	0.00156803
3750 	 485 	 0.956953 	 0.00075277	0.00157267
3750 	 490 	 0.956975 	 0.000754982	0.0015773
3750 	 495 	 0.956996 	 0.000757182	0.00158189
3750 	 500 	 0.957017 	 0.000759369	0.00158646
3750 	 505 	 0.957038 	 0.000761545	0.00159101
3750 	 510 	 0.957058 	 0.000763708	0.00159552
3750 	 515 	 0.957078 	 0.000765859	0.00160002
3750 	 520 	 0.957098 	 0.000767999	0.00160449
3750 	 525 	 0.957117 	 0.000770127	0.00160894
3750 	 530 	 0.957136 	 0.000772243	0.00161336
3750 	 535 	 0.957154 	 0.000774348	0.00161775
3750 	 540 	 0.957173 	 0.000776441	0.00162213
3750 	 545 	 0.957191 	 0.000778523	0.00162648
3750 	 550 	 0.957208 	 0.000780594	0.0016308
3750 	 555 	 0.957226 	 0.000782653	0.0016351
3750 	 560 	 0.957243 	 0.0007847	0.00163938
3750 	 565 	 0.95726 	 0.000786737	0.00164364
3750 	 570 	 0.957276 	 0.000788763	0.00164787
3750 	 575 	 0.957293 	 0.000790777	0.00165208
3750 	 580 	 0.957309 	 0.000792781	0.00165626
3750 	 585 	 0.957325 	 0.000794774	0.00166043
3750 	 590 	 0.957341 	 0.000796756	0.00166457
3750 	 595 	 0.957356 	 0.000798727	0.00166869
3750 	 600 	 0.957371 	 0.000800687	0.00167278
3750 	 605 	 0.957386 	 0.000802637	0.00167685
3750 	 610 	 0.957401 	 0.000804576	0.00168091
3750 	 615 	 0.957416 	 0.000806505	0.00168494
3750 	 620 	 0.95743 	 0.000808423	0.00168894
3750 	 625 	 0.957444 	 0.000810331	0.00169293
3750 	 630 	 0.957458 	 0.000812229	0.00169689
3750 	 635 	 0.957472 	 0.000814116	0.00170084
3750 	 640 	 0.957486 	 0.000815993	0.00170476
3750 	 645 	 0.957499 	 0.00081786	0.00170866
3750 	 650 	 0.957512 	 0.000819718	0.00171254
3750 	 655 	 0.957525 	 0.000821565	0.0017164
3750 	 660 	 0.957538 	 0.000823402	0.00172024
3750 	 665 	 0.957551 	 0.000825229	0.00172405
3750 	 670 	 0.957564 	 0.000827046	0.00172785
3750 	 675 	 0.957576 	 0.000828854	0.00173163
3750 	 680 	 0.957588 	 0.000830652	0.00173538
3750 	 685 	 0.9576 	 0.000832441	0.00173912
3750 	 690 	 0.957612 	 0.00083422	0.00174284
3750 	 695 	 0.957624 	 0.000835989	0.00174653
3750 	 700 	 0.957636 	 0.000837749	0.00175021
3750 	 705 	 0.957647 	 0.0008395	0.00175387
3750 	 710 	 0.957659 	 0.000841241	0.00175751
3750 	 715 	 0.95767 	 0.000842973	0.00176113
3750 	 720 	 0.957681 	 0.000844697	0.00176472
3750 	 725 	 0.957692 	 0.00084641	0.00176831
3750 	 730 	 0.957703 	 0.000848115	0.00177187
3750 	 735 	 0.957713 	 0.000849811	0.00177541
3750 	 740 	 0.957724 	 0.000851498	0.00177893
3750 	 745 	 0.957734 	 0.000853176	0.00178244
3750 	 750 	 0.957745 	 0.000854846	0.00178593
3750 	 755 	 0.957755 	 0.000856506	0.0017894
3750 	 760 	 0.957765 	 0.000858158	0.00179285
3750 	 765 	 0.957775 	 0.000859802	0.00179628
3750 	 770 	 0.957785 	 0.000861436	0.0017997
3750 	 775 	 0.957795 	 0.000863063	0.0018031
3750 	 780 	 0.957804 	 0.00086468	0.00180648
3750 	 785 	 0.957814 	 0.00086629	0.00180984
3750 	 790 	 0.957823 	 0.000867891	0.00181318
3750 	 795 	 0.957833 	 0.000869484	0.00181651
3750 	 800 	 0.957842 	 0.000871069	0.00181982
3750 	 805 	 0.957851 	 0.000872645	0.00182311
3750 	 810 	 0.95786 	 0.000874214	0.00182639
3750 	 815 	 0.957869 	 0.000875774	0.00182965
3750 	 820 	 0.957878 	 0.000877327	0.0018329
3750 	 825 	 0.957887 	 0.000878871	0.00183612
3750 	 830 	 0.957895 	 0.000880408	0.00183933
3750 	 835 	 0.957904 	 0.000881937	0.00184253
3750 	 840 	 0.957912 	 0.000883458	0.0018457
3750 	 845 	 0.957921 	 0.000884972	0.00184887
3750 	 850 	 0.957929 	 0.000886477	0.00185201
3750 	 855 	 0.957937 	 0.000887976	0.00185514
3750 	 860 	 0.957946 	 0.000889466	0.00185826
3750 	 865 	 0.957954 	 0.00089095	0.00186136
3750 	 870 	 0.957962 	 0.000892425	0.00186444
3750 	 875 	 0.95797 	 0.000893894	0.00186751
3750 	 880 	 0.957977 	 0.000895355	0.00187056
3750 	 885 	 0.957985 	 0.000896809	0.0018736
3750 	 890 	 0.957993 	 0.000898256	0.00187662
3750 	 895 	 0.958 	 0.000899695	0.00187963
3750 	 900 	 0.958008 	 0.000901128	0.00188262
3750 	 905 	 0.958015 	 0.000902553	0.0018856
3750 	 910 	 0.958023 	 0.000903972	0.00188856
3750 	 915 	 0.95803 	 0.000905383	0.00189151
3750 	 920 	 0.958037 	 0.000906788	0.00189444
3750 	 925 	 0.958045 	 0.000908185	0.00189736
3750 	 930 	 0.958052 	 0.000909576	0.00190027
3750 	 935 	 0.958059 	 0.00091096	0.00190316
3750 	 940 	 0.958066 	 0.000912338	0.00190604
3750 	 945 	 0.958073 	 0.000913708	0.0019089
3750 	 950 	 0.95808 	 0.000915073	0.00191175
3750 	 955 	 0.958087 	 0.00091643	0.00191459
3750 	 960 	 0.958093 	 0.000917781	0.00191741
3750 	 965 	 0.9581 	 0.000919126	0.00192022
3750 	 970 	 0.958107 	 0.000920464	0.00192302
3750 	 975 	 0.958113 	 0.000921796	0.0019258
3750 	 980 	 0.95812 	 0.000923121	0.00192857
3750 	 985 	 0.958126 	 0.000924441	0.00193132
3750 	 990 	 0.958133 	 0.000925754	0.00193407
3750 	 995 	 0.958139 	 0.00092706	0.0019368
3750 	 1000 	 0.958145 	 0.000928361	0.00193952
3750 	 1005 	 0.958151 	 0.000929655	0.00194222
3750 	 1010 	 0.958158 	 0.000930944	0.00194491
3750 	 1015 	 0.958164 	 0.000932226	0.00194759
3750 	 1020 	 0.95817 	 0.000933503	0.00195026
3750 	 1025 	 0.958176 	 0.000934773	0.00195291
3750 	 1030 	 0.958182 	 0.000936038	0.00195555
3750 	 1035 	 0.958188 	 0.000937297	0.00195818
3750 	 1040 	 0.958194 	 0.000938549	0.0019608
3750 	 1045 	 0.958199 	 0.000939797	0.00196341
3750 	 1050 	 0.958205 	 0.000941038	0.001966
3750 	 1055 	 0.958211 	 0.000942274	0.00196858
3750 	 1060 	 0.958217 	 0.000943504	0.00197115
3750 	 1065 	 0.958222 	 0.000944728	0.00197371
3750 	 1070 	 0.958228 	 0.000945947	0.00197626
3750 	 1075 	 0.958234 	 0.000947161	0.00197879
3750 	 1080 	 0.958239 	 0.000948369	0.00198131
3750 	 1085 	 0.958245 	 0.000949571	0.00198383
3750 	 1090 	 0.95825 	 0.000950768	0.00198633
3750 	 1095 	 0.958255 	 0.00095196	0.00198882
3750 	 1100 	 0.958261 	 0.000953146	0.0019913
3750 	 1105 	 0.958266 	 0.000954327	0.00199376
3750 	 1110 	 0.958271 	 0.000955503	0.00199622
3750 	 1115 	 0.958276 	 0.000956673	0.00199866
3750 	 1120 	 0.958282 	 0.000957839	0.0020011
3750 	 1125 	 0.958287 	 0.000958999	0.00200352
3750 	 1130 	 0.958292 	 0.000960154	0.00200594
3750 	 1135 	 0.958297 	 0.000961304	0.00200834
3750 	 1140 	 0.958302 	 0.000962449	0.00201073
3750 	 1145 	 0.958307 	 0.000963588	0.00201311
3750 	 1150 	 0.958312 	 0.000964723	0.00201548
3750 	 1155 	 0.958317 	 0.000965853	0.00201784
3750 	 1160 	 0.958322 	 0.000966978	0.00202019
3750 	 1165 	 0.958327 	 0.000968098	0.00202253
3750 	 1170 	 0.958331 	 0.000969214	0.00202486
3750 	 1175 	 0.958336 	 0.000970324	0.00202718
3750 	 1180 	 0.958341 	 0.00097143	0.00202949
3750 	 1185 	 0.958346 	 0.000972531	0.00203179
3750 	 1190 	 0.95835 	 0.000973627	0.00203408
3750 	 1195 	 0.958355 	 0.000974719	0.00203636
3750 	 1200 	 0.95836 	 0.000975806	0.00203864
3750 	 1205 	 0.958364 	 0.000976888	0.0020409
3750 	 1210 	 0.958369 	 0.000977966	0.00204315
3750 	 1215 	 0.958373 	 0.000979039	0.00204539
3750 	 1220 	 0.958378 	 0.000980107	0.00204762
3750 	 1225 	 0.958382 	 0.000981171	0.00204985
3750 	 1230 	 0.958386 	 0.000982231	0.00205206
3750 	 1235 	 0.958391 	 0.000983286	0.00205426
3750 	 1240 	 0.958395 	 0.000984337	0.00205646
3750 	 1245 	 0.9584 	 0.000985383	0.00205865
3750 	 1250 	 0.958404 	 0.000986425	0.00206082
3750 	 1255 	 0.958408 	 0.000987463	0.00206299
3750 	 1260 	 0.958412 	 0.000988497	0.00206515
3750 	 1265 	 0.958417 	 0.000989526	0.0020673
3750 	 1270 	 0.958421 	 0.000990551	0.00206944
3750 	 1275 	 0.958425 	 0.000991571	0.00207157
3750 	 1280 	 0.958429 	 0.000992588	0.0020737
3750 	 1285 	 0.958433 	 0.0009936	0.00207581
3750 	 1290 	 0.958437 	 0.000994608	0.00207792
3750 	 1295 	 0.958441 	 0.000995613	0.00208002
3750 	 1300 	 0.958445 	 0.000996613	0.00208211
3750 	 1305 	 0.958449 	 0.000997609	0.00208419
3750 	 1310 	 0.958453 	 0.000998601	0.00208626
3750 	 1315 	 0.958457 	 0.000999589	0.00208832
3750 	 1320 	 0.958461 	 0.00100057	0.00209038
3750 	 1325 	 0.958465 	 0.00100155	0.00209243
3750 	 1330 	 0.958469 	 0.00100253	0.00209447
3750 	 1335 	 0.958473 	 0.0010035	0.0020965
3750 	 1340 	 0.958476 	 0.00100447	0.00209852
3750 	 1345 	 0.95848 	 0.00100543	0.00210054
3750 	 1350 	 0.958484 	 0.0010064	0.00210254
3750 	 1355 	 0.958488 	 0.00100735	0.00210454
3750 	 1360 	 0.958491 	 0.00100831	0.00210653
3750 	 1365 	 0.958495 	 0.00100925	0.00210852
3750 	 1370 	 0.958499 	 0.0010102	0.00211049
3750 	 1375 	 0.958502 	 0.00101114	0.00211246
3750 	 1380 	 0.958506 	 0.00101208	0.00211442
3750 	 1385 	 0.95851 	 0.00101302	0.00211637
3750 	 1390 	 0.958513 	 0.00101395	0.00211832
3750 	 1395 	 0.958517 	 0.00101487	0.00212026
3750 	 1400 	 0.95852 	 0.0010158	0.00212219
3750 	 1405 	 0.958524 	 0.00101672	0.00212411
3750 	 1410 	 0.958527 	 0.00101763	0.00212602
3750 	 1415 	 0.958531 	 0.00101855	0.00212793
3750 	 1420 	 0.958534 	 0.00101946	0.00212983
3750 	 1425 	 0.958538 	 0.00102036	0.00213173
3750 	 1430 	 0.958541 	 0.00102127	0.00213361
3750 	 1435 	 0.958545 	 0.00102217	0.00213549
3750 	 1440 	 0.958548 	 0.00102306	0.00213736
3750 	 1445 	 0.958551 	 0.00102395	0.00213923
3750 	 1450 	 0.958555 	 0.00102484	0.00214109
3750 	 1455 	 0.958558 	 0.00102573	0.00214294
3750 	 1460 	 0.958561 	 0.00102661	0.00214478
3750 	 1465 	 0.958565 	 0.00102749	0.00214662
3750 	 1470 	 0.958568 	 0.00102837	0.00214845
3750 	 1475 	 0.958571 	 0.00102924	0.00215027
3750 	 1480 	 0.958574 	 0.00103011	0.00215209
3750 	 1485 	 0.958577 	 0.00103098	0.0021539
3750 	 1490 	 0.958581 	 0.00103184	0.0021557
3750 	 1495 	 0.958584 	 0.0010327	0.0021575
3750 	 1500 	 0.958587 	 0.00103356	0.00215929
3750 	 1505 	 0.95859 	 0.00103441	0.00216107
3750 	 1510 	 0.958593 	 0.00103526	0.00216284
3750 	 1515 	 0.958596 	 0.00103611	0.00216461
3750 	 1520 	 0.958599 	 0.00103695	0.00216638
3750 	 1525 	 0.958602 	 0.00103779	0.00216814
3750 	 1530 	 0.958605 	 0.00103863	0.00216989
3750 	 1535 	 0.958608 	 0.00103946	0.00217163
3750 	 1540 	 0.958612 	 0.0010403	0.00217337
3750 	 1545 	 0.958614 	 0.00104113	0.0021751
3750 	 1550 	 0.958617 	 0.00104195	0.00217683
3750 	 1555 	 0.95862 	 0.00104277	0.00217855
3750 	 1560 	 0.958623 	 0.00104359	0.00218026
3750 	 1565 	 0.958626 	 0.00104441	0.00218197
3750 	 1570 	 0.958629 	 0.00104523	0.00218367
3750 	 1575 	 0.958632 	 0.00104604	0.00218536
3750 	 1580 	 0.958635 	 0.00104685	0.00218705
3750 	 1585 	 0.958638 	 0.00104765	0.00218873
3750 	 1590 	 0.958641 	 0.00104845	0.00219041
3750 	 1595 	 0.958644 	 0.00104925	0.00219208
3750 	 1600 	 0.958646 	 0.00105005	0.00219375
3750 	 1605 	 0.958649 	 0.00105084	0.00219541
3750 	 1610 	 0.958652 	 0.00105164	0.00219706
3750 	 1615 	 0.958655 	 0.00105242	0.00219871
3750 	 1620 	 0.958657 	 0.00105321	0.00220035
3750 	 1625 	 0.95866 	 0.00105399	0.00220199
3750 	 1630 	 0.958663 	 0.00105477	0.00220362
3750 	 1635 	 0.958666 	 0.00105555	0.00220524
3750 	 1640 	 0.958668 	 0.00105633	0.00220686
3750 	 1645 	 0.958671 	 0.0010571	0.00220847
3750 	 1650 	 0.958674 	 0.00105787	0.00221008
3750 	 1655 	 0.958676 	 0.00105864	0.00221168
3750 	 1660 	 0.958679 	 0.0010594	0.00221328
3750 	 1665 	 0.958682 	 0.00106016	0.00221487
3750 	 1670 	 0.958684 	 0.00106092	0.00221646
3750 	 1675 	 0.958687 	 0.00106168	0.00221804
3750 	 1680 	 0.95869 	 0.00106243	0.00221962
3750 	 1685 	 0.958692 	 0.00106318	0.00222119
3750 	 1690 	 0.958695 	 0.00106393	0.00222275
3750 	 1695 	 0.958697 	 0.00106468	0.00222431
3750 	 1700 	 0.9587 	 0.00106542	0.00222586
3750 	 1705 	 0.958702 	 0.00106617	0.00222741
3750 	 1710 	 0.958705 	 0.0010669	0.00222896
3750 	 1715 	 0.958707 	 0.00106764	0.0022305
3750 	 1720 	 0.95871 	 0.00106837	0.00223203
3750 	 1725 	 0.958712 	 0.00106911	0.00223356
3750 	 1730 	 0.958715 	 0.00106984	0.00223508
3750 	 1735 	 0.958717 	 0.00107056	0.0022366
3750 	 1740 	 0.95872 	 0.00107129	0.00223811
3750 	 1745 	 0.958722 	 0.00107201	0.00223962
3750 	 1750 	 0.958725 	 0.00107273	0.00224113
3750 	 1755 	 0.958727 	 0.00107345	0.00224262
3750 	 1760 	 0.958729 	 0.00107416	0.00224412
3750 	 1765 	 0.958732 	 0.00107487	0.00224561
3750 	 1770 	 0.958734 	 0.00107558	0.00224709
3750 	 1775 	 0.958736 	 0.00107629	0.00224857
3750 	 1780 	 0.958739 	 0.001077	0.00225004
3750 	 1785 	 0.958741 	 0.0010777	0.00225151
3750 	 1790 	 0.958743 	 0.0010784	0.00225298
3750 	 1795 	 0.958746 	 0.0010791	0.00225444
3750 	 1800 	 0.958748 	 0.0010798	0.00225589
3750 	 1805 	 0.95875 	 0.00108049	0.00225734
3750 	 1810 	 0.958753 	 0.00108118	0.00225879
3750 	 1815 	 0.958755 	 0.00108187	0.00226023
3750 	 1820 	 0.958757 	 0.00108256	0.00226166
3750 	 1825 	 0.958759 	 0.00108324	0.0022631
3750 	 1830 	 0.958762 	 0.00108393	0.00226452
3750 	 1835 	 0.958764 	 0.00108461	0.00226595
3750 	 1840 	 0.958766 	 0.00108529	0.00226736
3750 	 1845 	 0.958768 	 0.00108596	0.00226878
3750 	 1850 	 0.958771 	 0.00108664	0.00227019
3750 	 1855 	 0.958773 	 0.00108731	0.00227159
3750 	 1860 	 0.958775 	 0.00108798	0.00227299
3750 	 1865 	 0.958777 	 0.00108865	0.00227439
3750 	 1870 	 0.958779 	 0.00108932	0.00227578
3750 	 1875 	 0.958781 	 0.00108998	0.00227717
3750 	 1880 	 0.958784 	 0.00109064	0.00227855
3750 	 1885 	 0.958786 	 0.0010913	0.00227993
3750 	 1890 	 0.958788 	 0.00109196	0.0022813
3750 	 1895 	 0.95879 	 0.00109262	0.00228267
3750 	 1900 	 0.958792 	 0.00109327	0.00228404
3750 	 1905 	 0.958794 	 0.00109392	0.0022854
3750 	 1910 	 0.958796 	 0.00109457	0.00228676
3750 	 1915 	 0.958798 	 0.00109522	0.00228811
3750 	 1920 	 0.9588 	 0.00109586	0.00228946
3750 	 1925 	 0.958802 	 0.00109651	0.00229081
3750 	 1930 	 0.958805 	 0.00109715	0.00229215
3750 	 1935 	 0.958807 	 0.00109779	0.00229348
3750 	 1940 	 0.958809 	 0.00109843	0.00229482
3750 	 1945 	 0.958811 	 0.00109906	0.00229615
3750 	 1950 	 0.958813 	 0.0010997	0.00229747
3750 	 1955 	 0.958815 	 0.00110033	0.00229879
3750 	 1960 	 0.958817 	 0.00110096	0.00230011
3750 	 1965 	 0.958819 	 0.00110159	0.00230142
3750 	 1970 	 0.958821 	 0.00110222	0.00230273
3750 	 1975 	 0.958823 	 0.00110284	0.00230403
3750 	 1980 	 0.958825 	 0.00110346	0.00230533
3750 	 1985 	 0.958827 	 0.00110408	0.00230663
3750 	 1990 	 0.958828 	 0.0011047	0.00230792
3750 	 1995 	 0.95883 	 0.00110532	0.00230921
3750 	 2000 	 0.958832 	 0.00110593	0.0023105
3750 	 2005 	 0.958834 	 0.00110655	0.00231178
3750 	 2010 	 0.958836 	 0.00110716	0.00231306
3750 	 2015 	 0.958838 	 0.00110777	0.00231433
3750 	 2020 	 0.95884 	 0.00110838	0.0023156
3750 	 2025 	 0.958842 	 0.00110898	0.00231687
3750 	 2030 	 0.958844 	 0.00110959	0.00231813
3750 	 2035 	 0.958846 	 0.00111019	0.00231939
3750 	 2040 	 0.958847 	 0.00111079	0.00232065
3750 	 2045 	 0.958849 	 0.00111139	0.0023219
3750 	 2050 	 0.958851 	 0.00111199	0.00232315
3750 	 2055 	 0.958853 	 0.00111258	0.00232439
3750 	 2060 	 0.958855 	 0.00111318	0.00232563
3750 	 2065 	 0.958857 	 0.00111377	0.00232687
3750 	 2070 	 0.958859 	 0.00111436	0.0023281
3750 	 2075 	 0.95886 	 0.00111495	0.00232933
3750 	 2080 	 0.958862 	 0.00111554	0.00233056
3750 	 2085 	 0.958864 	 0.00111612	0.00233178
3750 	 2090 	 0.958866 	 0.00111671	0.002333
3750 	 2095 	 0.958868 	 0.00111729	0.00233422
3750 	 2100 	 0.958869 	 0.00111787	0.00233543
3750 	 2105 	 0.958871 	 0.00111845	0.00233664
3750 	 2110 	 0.958873 	 0.00111902	0.00233785
3750 	 2115 	 0.958875 	 0.0011196	0.00233905
3750 	 2120 	 0.958876 	 0.00112017	0.00234025
3750 	 2125 	 0.958878 	 0.00112075	0.00234144
3750 	 2130 	 0.95888 	 0.00112132	0.00234263
3750 	 2135 	 0.958882 	 0.00112189	0.00234382
3750 	 2140 	 0.958883 	 0.00112245	0.00234501
3750 	 2145 	 0.958885 	 0.00112302	0.00234619
3750 	 2150 	 0.958887 	 0.00112358	0.00234737
3750 	 2155 	 0.958888 	 0.00112415	0.00234854
3750 	 2160 	 0.95889 	 0.00112471	0.00234972
3750 	 2165 	 0.958892 	 0.00112527	0.00235089
3750 	 2170 	 0.958893 	 0.00112582	0.00235205
3750 	 2175 	 0.958895 	 0.00112638	0.00235321
3750 	 2180 	 0.958897 	 0.00112694	0.00235437
3750 	 2185 	 0.958898 	 0.00112749	0.00235553
3750 	 2190 	 0.9589 	 0.00112804	0.00235668
3750 	 2195 	 0.958902 	 0.00112859	0.00235783
3750 	 2200 	 0.958903 	 0.00112914	0.00235898
3750 	 2205 	 0.958905 	 0.00112969	0.00236012
3750 	 2210 	 0.958907 	 0.00113023	0.00236126
3750 	 2215 	 0.958908 	 0.00113078	0.0023624
3750 	 2220 	 0.95891 	 0.00113132	0.00236353
3750 	 2225 	 0.958911 	 0.00113186	0.00236466
3750 	 2230 	 0.958913 	 0.0011324	0.00236579
3750 	 2235 	 0.958915 	 0.00113294	0.00236691
3750 	 2240 	 0.958916 	 0.00113347	0.00236804
3750 	 2245 	 0.958918 	 0.00113401	0.00236915
3750 	 2250 	 0.958919 	 0.00113454	0.00237027
3750 	 2255 	 0.958921 	 0.00113508	0.00237138
3750 	 2260 	 0.958923 	 0.00113561	0.00237249
3750 	 2265 	 0.958924 	 0.00113614	0.0023736
3750 	 2270 	 0.958926 	 0.00113667	0.0023747
3750 	 2275 	 0.958927 	 0.00113719	0.0023758
3750 	 2280 	 0.958929 	 0.00113772	0.0023769
3750 	 2285 	 0.95893 	 0.00113824	0.00237799
3750 	 2290 	 0.958932 	 0.00113876	0.00237909
3750 	 2295 	 0.958933 	 0.00113929	0.00238017
3750 	 2300 	 0.958935 	 0.0011398	0.00238126
3750 	 2305 	 0.958936 	 0.00114032	0.00238234
3750 	 2310 	 0.958938 	 0.00114084	0.00238342
3750 	 2315 	 0.958939 	 0.00114136	0.0023845
3750 	 2320 	 0.958941 	 0.00114187	0.00238557
3750 	 2325 	 0.958942 	 0.00114238	0.00238665
3750 	 2330 	 0.958944 	 0.00114289	0.00238772
3750 	 2335 	 0.958945 	 0.00114341	0.00238878
3750 	 2340 	 0.958947 	 0.00114391	0.00238984
3750 	 2345 	 0.958948 	 0.00114442	0.00239091
3750 	 2350 	 0.95895 	 0.00114493	0.00239196
3750 	 2355 	 0.958951 	 0.00114543	0.00239302
3750 	 2360 	 0.958953 	 0.00114594	0.00239407
3750 	 2365 	 0.958954 	 0.00114644	0.00239512
3750 	 2370 	 0.958956 	 0.00114694	0.00239617
3750 	 2375 	 0.958957 	 0.00114744	0.00239721
3750 	 2380 	 0.958959 	 0.00114794	0.00239825
3750 	 2385 	 0.95896 	 0.00114843	0.00239929
3750 	 2390 	 0.958961 	 0.00114893	0.00240033
3750 	 2395 	 0.958963 	 0.00114943	0.00240136
3750 	 2400 	 0.958964 	 0.00114992	0.00240239
3750 	 2405 	 0.958966 	 0.00115041	0.00240342
3750 	 2410 	 0.958967 	 0.0011509	0.00240444
3750 	 2415 	 0.958969 	 0.00115139	0.00240547
3750 	 2420 	 0.95897 	 0.00115188	0.00240649
3750 	 2425 	 0.958971 	 0.00115237	0.0024075
3750 	 2430 	 0.958973 	 0.00115285	0.00240852
3750 	 2435 	 0.958974 	 0.00115334	0.00240953
3750 	 2440 	 0.958975 	 0.00115382	0.00241054
3750 	 2445 	 0.958977 	 0.0011543	0.00241155
3750 	 2450 	 0.958978 	 0.00115478	0.00241255
3750 	 2455 	 0.95898 	 0.00115526	0.00241355
3750 	 2460 	 0.958981 	 0.00115574	0.00241455
3750 	 2465 	 0.958982 	 0.00115622	0.00241555
3750 	 2470 	 0.958984 	 0.00115669	0.00241655
3750 	 2475 	 0.958985 	 0.00115717	0.00241754
3750 	 2480 	 0.958986 	 0.00115764	0.00241853
3750 	 2485 	 0.958988 	 0.00115812	0.00241952
3750 	 2490 	 0.958989 	 0.00115859	0.0024205
3750 	 2495 	 0.95899 	 0.00115906	0.00242148
3750 	 2500 	 0.958992 	 0.00115953	0.00242246
3750 	 2505 	 0.958993 	 0.00115999	0.00242344
3750 	 2510 	 0.958994 	 0.00116046	0.00242441
3750 	 2515 	 0.958996 	 0.00116093	0.00242539
3750 	 2520 	 0.958997 	 0.00116139	0.00242636
3750 	 2525 	 0.958998 	 0.00116185	0.00242733
3750 	 2530 	 0.958999 	 0.00116232	0.00242829
3750 	 2535 	 0.959001 	 0.00116278	0.00242925
3750 	 2540 	 0.959002 	 0.00116324	0.00243021
3750 	 2545 	 0.959003 	 0.0011637	0.00243117
3750 	 2550 	 0.959005 	 0.00116415	0.00243213
3750 	 2555 	 0.959006 	 0.00116461	0.00243308
3750 	 2560 	 0.959007 	 0.00116507	0.00243403
3750 	 2565 	 0.959008 	 0.00116552	0.00243498
3750 	 2570 	 0.95901 	 0.00116597	0.00243593
3750 	 2575 	 0.959011 	 0.00116643	0.00243687
3750 	 2580 	 0.959012 	 0.00116688	0.00243782
3750 	 2585 	 0.959013 	 0.00116733	0.00243876
3750 	 2590 	 0.959015 	 0.00116777	0.00243969
3750 	 2595 	 0.959016 	 0.00116822	0.00244063
3750 	 2600 	 0.959017 	 0.00116867	0.00244156
3750 	 2605 	 0.959018 	 0.00116911	0.00244249
3750 	 2610 	 0.95902 	 0.00116956	0.00244342
3750 	 2615 	 0.959021 	 0.00117	0.00244435
3750 	 2620 	 0.959022 	 0.00117045	0.00244527
3750 	 2625 	 0.959023 	 0.00117089	0.0024462
3750 	 2630 	 0.959025 	 0.00117133	0.00244712
3750 	 2635 	 0.959026 	 0.00117177	0.00244803
3750 	 2640 	 0.959027 	 0.0011722	0.00244895
3750 	 2645 	 0.959028 	 0.00117264	0.00244986
3750 	 2650 	 0.959029 	 0.00117308	0.00245077
3750 	 2655 	 0.959031 	 0.00117351	0.00245168
3750 	 2660 	 0.959032 	 0.00117395	0.00245259
3750 	 2665 	 0.959033 	 0.00117438	0.00245349
3750 	 2670 	 0.959034 	 0.00117481	0.0024544
3750 	 2675 	 0.959035 	 0.00117524	0.0024553
3750 	 2680 	 0.959036 	 0.00117567	0.0024562
3750 	 2685 	 0.959038 	 0.0011761	0.00245709
3750 	 2690 	 0.959039 	 0.00117653	0.00245799
3750 	 2695 	 0.95904 	 0.00117696	0.00245888
3750 	 2700 	 0.959041 	 0.00117738	0.00245977
3750 	 2705 	 0.959042 	 0.00117781	0.00246066
3750 	 2710 	 0.959043 	 0.00117823	0.00246154
3750 	 2715 	 0.959045 	 0.00117866	0.00246243
3750 	 2720 	 0.959046 	 0.00117908	0.00246331
3750 	 2725 	 0.959047 	 0.0011795	0.00246419
3750 	 2730 	 0.959048 	 0.00117992	0.00246507
3750 	 2735 	 0.959049 	 0.00118034	0.00246594
3750 	 2740 	 0.95905 	 0.00118076	0.00246682
3750 	 2745 	 0.959051 	 0.00118117	0.00246769
3750 	 2750 	 0.959053 	 0.00118159	0.00246856
3750 	 2755 	 0.959054 	 0.00118201	0.00246943
3750 	 2760 	 0.959055 	 0.00118242	0.00247029
3750 	 2765 	 0.959056 	 0.00118283	0.00247116
3750 	 2770 	 0.959057 	 0.00118325	0.00247202
3750 	 2775 	 0.959058 	 0.00118366	0.00247288
3750 	 2780 	 0.959059 	 0.00118407	0.00247373
3750 	 2785 	 0.95906 	 0.00118448	0.00247459
3750 	 2790 	 0.959061 	 0.00118489	0.00247544
3750 	 2795 	 0.959062 	 0.00118529	0.0024763
3750 	 2800 	 0.959064 	 0.0011857	0.00247715
3750 	 2805 	 0.959065 	 0.00118611	0.002478
3750 	 2810 	 0.959066 	 0.00118651	0.00247884
3750 	 2815 	 0.959067 	 0.00118692	0.00247969
3750 	 2820 	 0.959068 	 0.00118732	0.00248053
3750 	 2825 	 0.959069 	 0.00118772	0.00248137
3750 	 2830 	 0.95907 	 0.00118812	0.00248221
3750 	 2835 	 0.959071 	 0.00118853	0.00248305
3750 	 2840 	 0.959072 	 0.00118893	0.00248388
3750 	 2845 	 0.959073 	 0.00118932	0.00248471
3750 	 2850 	 0.959074 	 0.00118972	0.00248555
3750 	 2855 	 0.959075 	 0.00119012	0.00248638
3750 	 2860 	 0.959076 	 0.00119052	0.0024872
3750 	 2865 	 0.959077 	 0.00119091	0.00248803
3750 	 2870 	 0.959079 	 0.0011913	0.00248885
3750 	 2875 	 0.95908 	 0.0011917	0.00248968
3750 	 2880 	 0.959081 	 0.00119209	0.0024905
3750 	 2885 	 0.959082 	 0.00119248	0.00249131
3750 	 2890 	 0.959083 	 0.00119287	0.00249213
3750 	 2895 	 0.959084 	 0.00119326	0.00249295
3750 	 2900 	 0.959085 	 0.00119365	0.00249376
3750 	 2905 	 0.959086 	 0.00119404	0.00249457
3750 	 2910 	 0.959087 	 0.00119443	0.00249538
3750 	 2915 	 0.959088 	 0.00119482	0.00249619
3750 	 2920 	 0.959089 	 0.0011952	0.002497
3750 	 2925 	 0.95909 	 0.00119559	0.0024978
3750 	 2930 	 0.959091 	 0.00119597	0.0024986
3750 	 2935 	 0.959092 	 0.00119635	0.0024994
3750 	 2940 	 0.959093 	 0.00119674	0.0025002
3750 	 2945 	 0.959094 	 0.00119712	0.002501
3750 	 2950 	 0.959095 	 0.0011975	0.0025018
3750 	 2955 	 0.959096 	 0.00119788	0.00250259
3750 	 2960 	 0.959097 	 0.00119826	0.00250338
3750 	 2965 	 0.959098 	 0.00119864	0.00250417
3750 	 2970 	 0.959099 	 0.00119902	0.00250496
3750 	 2975 	 0.9591 	 0.00119939	0.00250575
3750 	 2980 	 0.959101 	 0.00119977	0.00250654
3750 	 2985 	 0.959102 	 0.00120014	0.00250732
3750 	 2990 	 0.959103 	 0.00120052	0.0025081
3750 	 2995 	 0.959104 	 0.00120089	0.00250888
3750 	 3000 	 0.959105 	 0.00120126	0.00250966
3750 	 3005 	 0.959106 	 0.00120164	0.00251044
3750 	 3010 	 0.959107 	 0.00120201	0.00251121
3750 	 3015 	 0.959108 	 0.00120238	0.00251199
3750 	 3020 	 0.959109 	 0.00120275	0.00251276
3750 	 3025 	 0.95911 	 0.00120312	0.00251353
3750 	 3030 	 0.959111 	 0.00120349	0.0025143
3750 	 3035 	 0.959111 	 0.00120385	0.00251507
3750 	 3040 	 0.959112 	 0.00120422	0.00251583
3750 	 3045 	 0.959113 	 0.00120459	0.0025166
3750 	 3050 	 0.959114 	 0.00120495	0.00251736
3750 	 3055 	 0.959115 	 0.00120531	0.00251812
3750 	 3060 	 0.959116 	 0.00120568	0.00251888
3750 	 3065 	 0.959117 	 0.00120604	0.00251964
3750 	 3070 	 0.959118 	 0.0012064	0.0025204
3750 	 3075 	 0.959119 	 0.00120676	0.00252115
3750 	 3080 	 0.95912 	 0.00120712	0.0025219
3750 	 3085 	 0.959121 	 0.00120748	0.00252265
3750 	 3090 	 0.959122 	 0.00120784	0.00252341
3750 	 3095 	 0.959123 	 0.0012082	0.00252415
3750 	 3100 	 0.959124 	 0.00120856	0.0025249
3750 	 3105 	 0.959125 	 0.00120892	0.00252565
3750 	 3110 	 0.959125 	 0.00120927	0.00252639
3750 	 3115 	 0.959126 	 0.00120963	0.00252713
3750 	 3120 	 0.959127 	 0.00120998	0.00252787
3750 	 3125 	 0.959128 	 0.00121034	0.00252861
3750 	 3130 	 0.959129 	 0.00121069	0.00252935
3750 	 3135 	 0.95913 	 0.00121104	0.00253009
3750 	 3140 	 0.959131 	 0.00121139	0.00253082
3750 	 3145 	 0.959132 	 0.00121174	0.00253155
3750 	 3150 	 0.959133 	 0.00121209	0.00253229
3750 	 3155 	 0.959134 	 0.00121244	0.00253302
3750 	 3160 	 0.959134 	 0.00121279	0.00253375
3750 	 3165 	 0.959135 	 0.00121314	0.00253447
3750 	 3170 	 0.959136 	 0.00121349	0.0025352
3750 	 3175 	 0.959137 	 0.00121384	0.00253592
3750 	 3180 	 0.959138 	 0.00121418	0.00253665
3750 	 3185 	 0.959139 	 0.00121453	0.00253737
3750 	 3190 	 0.95914 	 0.00121487	0.00253809
3750 	 3195 	 0.959141 	 0.00121522	0.00253881
3750 	 3200 	 0.959141 	 0.00121556	0.00253952
3750 	 3205 	 0.959142 	 0.0012159	0.00254024
3750 	 3210 	 0.959143 	 0.00121624	0.00254095
3750 	 3215 	 0.959144 	 0.00121658	0.00254167
3750 	 3220 	 0.959145 	 0.00121692	0.00254238
3750 	 3225 	 0.959146 	 0.00121726	0.00254309
3750 	 3230 	 0.959147 	 0.0012176	0.0025438
3750 	 3235 	 0.959148 	 0.00121794	0.0025445
3750 	 3240 	 0.959148 	 0.00121828	0.00254521
3750 	 3245 	 0.959149 	 0.00121862	0.00254591
3750 	 3250 	 0.95915 	 0.00121895	0.00254662
3750 	 3255 	 0.959151 	 0.00121929	0.00254732
3750 	 3260 	 0.959152 	 0.00121962	0.00254802
3750 	 3265 	 0.959153 	 0.00121996	0.00254872
3750 	 3270 	 0.959153 	 0.00122029	0.00254941
3750 	 3275 	 0.959154 	 0.00122063	0.00255011
3750 	 3280 	 0.959155 	 0.00122096	0.00255081
3750 	 3285 	 0.959156 	 0.00122129	0.0025515
3750 	 3290 	 0.959157 	 0.00122162	0.00255219
3750 	 3295 	 0.959158 	 0.00122195	0.00255288
3750 	 3300 	 0.959158 	 0.00122228	0.00255357
3750 	 3305 	 0.959159 	 0.00122261	0.00255426
3750 	 3310 	 0.95916 	 0.00122294	0.00255494
3750 	 3315 	 0.959161 	 0.00122327	0.00255563
3750 	 3320 	 0.959162 	 0.0012236	0.00255631
3750 	 3325 	 0.959163 	 0.00122392	0.002557
3750 	 3330 	 0.959163 	 0.00122425	0.00255768
3750 	 3335 	 0.959164 	 0.00122457	0.00255836
3750 	 3340 	 0.959165 	 0.0012249	0.00255904
3750 	 3345 	 0.959166 	 0.00122522	0.00255971
3750 	 3350 	 0.959167 	 0.00122555	0.00256039
3750 	 3355 	 0.959167 	 0.00122587	0.00256106
3750 	 3360 	 0.959168 	 0.00122619	0.00256174
3750 	 3365 	 0.959169 	 0.00122651	0.00256241
3750 	 3370 	 0.95917 	 0.00122683	0.00256308
3750 	 3375 	 0.959171 	 0.00122715	0.00256375
3750 	 3380 	 0.959171 	 0.00122747	0.00256442
3750 	 3385 	 0.959172 	 0.00122779	0.00256509
3750 	 3390 	 0.959173 	 0.00122811	0.00256575
3750 	 3395 	 0.959174 	 0.00122843	0.00256642
3750 	 3400 	 0.959175 	 0.00122875	0.00256708
3750 	 3405 	 0.959175 	 0.00122906	0.00256774
3750 	 3410 	 0.959176 	 0.00122938	0.0025684
3750 	 3415 	 0.959177 	 0.0012297	0.00256906
3750 	 3420 	 0.959178 	 0.00123001	0.00256972
3750 	 3425 	 0.959178 	 0.00123033	0.00257038
3750 	 3430 	 0.959179 	 0.00123064	0.00257103
3750 	 3435 	 0.95918 	 0.00123095	0.00257169
3750 	 3440 	 0.959181 	 0.00123127	0.00257234
3750 	 3445 	 0.959182 	 0.00123158	0.00257299
3750 	 3450 	 0.959182 	 0.00123189	0.00257364
3750 	 3455 	 0.959183 	 0.0012322	0.00257429
3750 	 3460 	 0.959184 	 0.00123251	0.00257494
3750 	 3465 	 0.959185 	 0.00123282	0.00257559
3750 	 3470 	 0.959185 	 0.00123313	0.00257623
3750 	 3475 	 0.959186 	 0.00123344	0.00257688
3750 	 3480 	 0.959187 	 0.00123375	0.00257752
3750 	 3485 	 0.959188 	 0.00123405	0.00257816
3750 	 3490 	 0.959188 	 0.00123436	0.0025788
3750 	 3495 	 0.959189 	 0.00123467	0.00257944
3750 	 3500 	 0.95919 	 0.00123497	0.00258008
3750 	 3505 	 0.959191 	 0.00123528	0.00258072
3750 	 3510 	 0.959191 	 0.00123558	0.00258136
3750 	 3515 	 0.959192 	 0.00123589	0.00258199
3750 	 3520 	 0.959193 	 0.00123619	0.00258262
3750 	 3525 	 0.959194 	 0.00123649	0.00258326
3750 	 3530 	 0.959194 	 0.00123679	0.00258389
3750 	 3535 	 0.959195 	 0.0012371	0.00258452
3750 	 3540 	 0.959196 	 0.0012374	0.00258515
3750 	 3545 	 0.959197 	 0.0012377	0.00258578
3750 	 3550 	 0.959197 	 0.001238	0.0025864
3750 	 3555 	 0.959198 	 0.0012383	0.00258703
3750 	 3560 	 0.959199 	 0.0012386	0.00258765
3750 	 3565 	 0.959199 	 0.0012389	0.00258828
3750 	 3570 	 0.9592 	 0.00123919	0.0025889
3750 	 3575 	 0.959201 	 0.00123949	0.00258952
3750 	 3580 	 0.959202 	 0.00123979	0.00259014
3750 	 3585 	 0.959202 	 0.00124008	0.00259076
3750 	 3590 	 0.959203 	 0.00124038	0.00259138
3750 	 3595 	 0.959204 	 0.00124067	0.00259199
3750 	 3600 	 0.959205 	 0.00124097	0.00259261
3750 	 3605 	 0.959205 	 0.00124126	0.00259322
3750 	 3610 	 0.959206 	 0.00124156	0.00259384
3750 	 3615 	 0.959207 	 0.00124185	0.00259445
3750 	 3620 	 0.959207 	 0.00124214	0.00259506
3750 	 3625 	 0.959208 	 0.00124243	0.00259567
3750 	 3630 	 0.959209 	 0.00124273	0.00259628
3750 	 3635 	 0.959209 	 0.00124302	0.00259689
3750 	 3640 	 0.95921 	 0.00124331	0.0025975
3750 	 3645 	 0.959211 	 0.0012436	0.0025981
3750 	 3650 	 0.959212 	 0.00124389	0.00259871
3750 	 3655 	 0.959212 	 0.00124418	0.00259931
3750 	 3660 	 0.959213 	 0.00124446	0.00259991
3750 	 3665 	 0.959214 	 0.00124475	0.00260051
3750 	 3670 	 0.959214 	 0.00124504	0.00260111
3750 	 3675 	 0.959215 	 0.00124533	0.00260171
3750 	 3680 	 0.959216 	 0.00124561	0.00260231
3750 	 3685 	 0.959216 	 0.0012459	0.00260291
3750 	 3690 	 0.959217 	 0.00124618	0.0026035
3750 	 3695 	 0.959218 	 0.00124647	0.0026041
3750 	 3700 	 0.959218 	 0.00124675	0.00260469
3750 	 3705 	 0.959219 	 0.00124704	0.00260529
3750 	 3710 	 0.95922 	 0.00124732	0.00260588
3750 	 3715 	 0.959221 	 0.0012476	0.00260647
3750 	 3720 	 0.959221 	 0.00124788	0.00260706
3750 	 3725 	 0.959222 	 0.00124817	0.00260765
3750 	 3730 	 0.959223 	 0.00124845	0.00260824
3750 	 3735 	 0.959223 	 0.00124873	0.00260882
3750 	 3740 	 0.959224 	 0.00124901	0.00260941
3750 	 3745 	 0.959225 	 0.00124929	0.00260999
3750 	 3750 	 0.959225 	 0.00124957	0.00261058
3750 	 3755 	 0.959226 	 0.00124985	0.00261116
3750 	 3760 	 0.959227 	 0.00125013	0.00261174
3750 	 3765 	 0.959227 	 0.0012504	0.00261232
3750 	 3770 	 0.959228 	 0.00125068	0.0026129
3750 	 3775 	 0.959229 	 0.00125096	0.00261348
3750 	 3780 	 0.959229 	 0.00125123	0.00261406
3750 	 3785 	 0.95923 	 0.00125151	0.00261463
3750 	 3790 	 0.95923 	 0.00125179	0.00261521
3750 	 3795 	 0.959231 	 0.00125206	0.00261578
3750 	 3800 	 0.959232 	 0.00125234	0.00261636
3750 	 3805 	 0.959232 	 0.00125261	0.00261693
3750 	 3810 	 0.959233 	 0.00125288	0.0026175
3750 	 3815 	 0.959234 	 0.00125316	0.00261807
3750 	 3820 	 0.959234 	 0.00125343	0.00261864
3750 	 3825 	 0.959235 	 0.0012537	0.00261921
3750 	 3830 	 0.959236 	 0.00125397	0.00261978
3750 	 3835 	 0.959236 	 0.00125424	0.00262034
3750 	 3840 	 0.959237 	 0.00125451	0.00262091
3750 	 3845 	 0.959238 	 0.00125478	0.00262147
3750 	 3850 	 0.959238 	 0.00125505	0.00262204
3750 	 3855 	 0.959239 	 0.00125532	0.0026226
3750 	 3860 	 0.95924 	 0.00125559	0.00262316
3750 	 3865 	 0.95924 	 0.00125586	0.00262372
3750 	 3870 	 0.959241 	 0.00125613	0.00262428
3750 	 3875 	 0.959241 	 0.0012564	0.00262484
3750 	 3880 	 0.959242 	 0.00125666	0.0026254
3750 	 3885 	 0.959243 	 0.00125693	0.00262596
3750 	 3890 	 0.959243 	 0.0012572	0.00262651
3750 	 3895 	 0.959244 	 0.00125746	0.00262707
3750 	 3900 	 0.959245 	 0.00125773	0.00262762
3750 	 3905 	 0.959245 	 0.00125799	0.00262818
3750 	 3910 	 0.959246 	 0.00125826	0.00262873
3750 	 3915 	 0.959246 	 0.00125852	0.00262928
3750 	 3920 	 0.959247 	 0.00125879	0.00262983
3750 	 3925 	 0.959248 	 0.00125905	0.00263038
3750 	 3930 	 0.959248 	 0.00125931	0.00263093
3750 	 3935 	 0.959249 	 0.00125957	0.00263148
3750 	 3940 	 0.95925 	 0.00125983	0.00263202
3750 	 3945 	 0.95925 	 0.0012601	0.00263257
3750 	 3950 	 0.959251 	 0.00126036	0.00263312
3750 	 3955 	 0.959251 	 0.00126062	0.00263366
3750 	 3960 	 0.959252 	 0.00126088	0.0026342
3750 	 3965 	 0.959253 	 0.00126114	0.00263475
3750 	 3970 	 0.959253 	 0.0012614	0.00263529
3750 	 3975 	 0.959254 	 0.00126166	0.00263583
3750 	 3980 	 0.959254 	 0.00126191	0.00263637
3750 	 3985 	 0.959255 	 0.00126217	0.00263691
3750 	 3990 	 0.959256 	 0.00126243	0.00263744
3750 	 3995 	 0.959256 	 0.00126269	0.00263798
3750 	 4000 	 0.959257 	 0.00126294	0.00263852
3750 	 4005 	 0.959257 	 0.0012632	0.00263905
3750 	 4010 	 0.959258 	 0.00126345	0.00263959
3750 	 4015 	 0.959259 	 0.00126371	0.00264012
3750 	 4020 	 0.959259 	 0.00126396	0.00264065
3750 	 4025 	 0.95926 	 0.00126422	0.00264118
3750 	 4030 	 0.95926 	 0.00126447	0.00264171
3750 	 4035 	 0.959261 	 0.00126473	0.00264224
3750 	 4040 	 0.959262 	 0.00126498	0.00264277
3750 	 4045 	 0.959262 	 0.00126523	0.0026433
3750 	 4050 	 0.959263 	 0.00126549	0.00264383
3750 	 4055 	 0.959263 	 0.00126574	0.00264436
3750 	 4060 	 0.959264 	 0.00126599	0.00264488
3750 	 4065 	 0.959264 	 0.00126624	0.00264541
3750 	 4070 	 0.959265 	 0.00126649	0.00264593
3750 	 4075 	 0.959266 	 0.00126674	0.00264645
3750 	 4080 	 0.959266 	 0.00126699	0.00264698
3750 	 4085 	 0.959267 	 0.00126724	0.0026475
3750 	 4090 	 0.959267 	 0.00126749	0.00264802
3750 	 4095 	 0.959268 	 0.00126774	0.00264854
3750 	 4100 	 0.959268 	 0.00126799	0.00264906
3750 	 4105 	 0.959269 	 0.00126824	0.00264957
3750 	 4110 	 0.95927 	 0.00126848	0.00265009
3750 	 4115 	 0.95927 	 0.00126873	0.00265061
3750 	 4120 	 0.959271 	 0.00126898	0.00265112
3750 	 4125 	 0.959271 	 0.00126922	0.00265164
3750 	 4130 	 0.959272 	 0.00126947	0.00265215
3750 	 4135 	 0.959272 	 0.00126971	0.00265267
3750 	 4140 	 0.959273 	 0.00126996	0.00265318
3750 	 4145 	 0.959274 	 0.0012702	0.00265369
3750 	 4150 	 0.959274 	 0.00127045	0.0026542
3750 	 4155 	 0.959275 	 0.00127069	0.00265471
3750 	 4160 	 0.959275 	 0.00127094	0.00265522
3750 	 4165 	 0.959276 	 0.00127118	0.00265573
3750 	 4170 	 0.959276 	 0.00127142	0.00265623
3750 	 4175 	 0.959277 	 0.00127167	0.00265674
3750 	 4180 	 0.959277 	 0.00127191	0.00265725
3750 	 4185 	 0.959278 	 0.00127215	0.00265775
3750 	 4190 	 0.959279 	 0.00127239	0.00265826
3750 	 4195 	 0.959279 	 0.00127263	0.00265876
3750 	 4200 	 0.95928 	 0.00127287	0.00265926
3750 	 4205 	 0.95928 	 0.00127311	0.00265976
3750 	 4210 	 0.959281 	 0.00127335	0.00266026
3750 	 4215 	 0.959281 	 0.00127359	0.00266076
3750 	 4220 	 0.959282 	 0.00127383	0.00266126
3750 	 4225 	 0.959282 	 0.00127407	0.00266176
3750 	 4230 	 0.959283 	 0.00127431	0.00266226
3750 	 4235 	 0.959284 	 0.00127455	0.00266276
3750 	 4240 	 0.959284 	 0.00127478	0.00266325
3750 	 4245 	 0.959285 	 0.00127502	0.00266375
3750 	 4250 	 0.959285 	 0.00127526	0.00266424
3750 	 4255 	 0.959286 	 0.00127549	0.00266474
3750 	 4260 	 0.959286 	 0.00127573	0.00266523
3750 	 4265 	 0.959287 	 0.00127596	0.00266572
3750 	 4270 	 0.959287 	 0.0012762	0.00266621
3750 	 4275 	 0.959288 	 0.00127644	0.00266671
3750 	 4280 	 0.959288 	 0.00127667	0.0026672
3750 	 4285 	 0.959289 	 0.0012769	0.00266769
3750 	 4290 	 0.959289 	 0.00127714	0.00266817
3750 	 4295 	 0.95929 	 0.00127737	0.00266866
3750 	 4300 	 0.959291 	 0.0012776	0.00266915
3750 	 4305 	 0.959291 	 0.00127784	0.00266964
3750 	 4310 	 0.959292 	 0.00127807	0.00267012
3750 	 4315 	 0.959292 	 0.0012783	0.00267061
3750 	 4320 	 0.959293 	 0.00127853	0.00267109
3750 	 4325 	 0.959293 	 0.00127877	0.00267157
3750 	 4330 	 0.959294 	 0.001279	0.00267206
3750 	 4335 	 0.959294 	 0.00127923	0.00267254
3750 	 4340 	 0.959295 	 0.00127946	0.00267302
3750 	 4345 	 0.959295 	 0.00127969	0.0026735
3750 	 4350 	 0.959296 	 0.00127992	0.00267398
3750 	 4355 	 0.959296 	 0.00128015	0.00267446
3750 	 4360 	 0.959297 	 0.00128037	0.00267494
3750 	 4365 	 0.959297 	 0.0012806	0.00267541
3750 	 4370 	 0.959298 	 0.00128083	0.00267589
3750 	 4375 	 0.959298 	 0.00128106	0.00267637
3750 	 4380 	 0.959299 	 0.00128129	0.00267684
3750 	 4385 	 0.959299 	 0.00128151	0.00267732
3750 	 4390 	 0.9593 	 0.00128174	0.00267779
3750 	 4395 	 0.9593 	 0.00128197	0.00267826
3750 	 4400 	 0.959301 	 0.00128219	0.00267874
3750 	 4405 	 0.959301 	 0.00128242	0.00267921
3750 	 4410 	 0.959302 	 0.00128264	0.00267968
3750 	 4415 	 0.959302 	 0.00128287	0.00268015
3750 	 4420 	 0.959303 	 0.00128309	0.00268062
3750 	 4425 	 0.959303 	 0.00128332	0.00268109
3750 	 4430 	 0.959304 	 0.00128354	0.00268156
3750 	 4435 	 0.959304 	 0.00128377	0.00268202
3750 	 4440 	 0.959305 	 0.00128399	0.00268249
3750 	 4445 	 0.959305 	 0.00128421	0.00268296
3750 	 4450 	 0.959306 	 0.00128444	0.00268342
3750 	 4455 	 0.959306 	 0.00128466	0.00268389
3750 	 4460 	 0.959307 	 0.00128488	0.00268435
3750 	 4465 	 0.959307 	 0.0012851	0.00268481
3750 	 4470 	 0.959308 	 0.00128532	0.00268528
3750 	 4475 	 0.959308 	 0.00128554	0.00268574
3750 	 4480 	 0.959309 	 0.00128577	0.0026862
3750 	 4485 	 0.959309 	 0.00128599	0.00268666
3750 	 4490 	 0.95931 	 0.00128621	0.00268712
3750 	 4495 	 0.95931 	 0.00128643	0.00268758
3750 	 4500 	 0.959311 	 0.00128665	0.00268804
3750 	 4505 	 0.959311 	 0.00128686	0.00268849
3750 	 4510 	 0.959312 	 0.00128708	0.00268895
3750 	 4515 	 0.959312 	 0.0012873	0.00268941
3750 	 4520 	 0.959313 	 0.00128752	0.00268986
3750 	 4525 	 0.959313 	 0.00128774	0.00269032
3750 	 4530 	 0.959314 	 0.00128796	0.00269077
3750 	 4535 	 0.959314 	 0.00128817	0.00269123
3750 	 4540 	 0.959315 	 0.00128839	0.00269168
3750 	 4545 	 0.959315 	 0.00128861	0.00269213
3750 	 4550 	 0.959316 	 0.00128882	0.00269258
3750 	 4555 	 0.959316 	 0.00128904	0.00269303
3750 	 4560 	 0.959317 	 0.00128925	0.00269349
3750 	 4565 	 0.959317 	 0.00128947	0.00269393
3750 	 4570 	 0.959318 	 0.00128968	0.00269438
3750 	 4575 	 0.959318 	 0.0012899	0.00269483
3750 	 4580 	 0.959319 	 0.00129011	0.00269528
3750 	 4585 	 0.959319 	 0.00129033	0.00269573
3750 	 4590 	 0.95932 	 0.00129054	0.00269617
3750 	 4595 	 0.95932 	 0.00129075	0.00269662
3750 	 4600 	 0.95932 	 0.00129097	0.00269706
3750 	 4605 	 0.959321 	 0.00129118	0.00269751
3750 	 4610 	 0.959321 	 0.00129139	0.00269795
3750 	 4615 	 0.959322 	 0.0012916	0.0026984
3750 	 4620 	 0.959322 	 0.00129182	0.00269884
3750 	 4625 	 0.959323 	 0.00129203	0.00269928
3750 	 4630 	 0.959323 	 0.00129224	0.00269972
3750 	 4635 	 0.959324 	 0.00129245	0.00270016
3750 	 4640 	 0.959324 	 0.00129266	0.0027006
3750 	 4645 	 0.959325 	 0.00129287	0.00270104
3750 	 4650 	 0.959325 	 0.00129308	0.00270148
3750 	 4655 	 0.959326 	 0.00129329	0.00270192
3750 	 4660 	 0.959326 	 0.0012935	0.00270236
3750 	 4665 	 0.959327 	 0.00129371	0.00270279
3750 	 4670 	 0.959327 	 0.00129392	0.00270323
3750 	 4675 	 0.959327 	 0.00129413	0.00270367
3750 	 4680 	 0.959328 	 0.00129433	0.0027041
3750 	 4685 	 0.959328 	 0.00129454	0.00270454
3750 	 4690 	 0.959329 	 0.00129475	0.00270497
3750 	 4695 	 0.959329 	 0.00129496	0.0027054
3750 	 4700 	 0.95933 	 0.00129516	0.00270583
3750 	 4705 	 0.95933 	 0.00129537	0.00270627
3750 	 4710 	 0.959331 	 0.00129558	0.0027067
3750 	 4715 	 0.959331 	 0.00129578	0.00270713
3750 	 4720 	 0.959332 	 0.00129599	0.00270756
3750 	 4725 	 0.959332 	 0.0012962	0.00270799
3750 	 4730 	 0.959332 	 0.0012964	0.00270842
3750 	 4735 	 0.959333 	 0.00129661	0.00270885
3750 	 4740 	 0.959333 	 0.00129681	0.00270927
3750 	 4745 	 0.959334 	 0.00129701	0.0027097
3750 	 4750 	 0.959334 	 0.00129722	0.00271013
3750 	 4755 	 0.959335 	 0.00129742	0.00271055
3750 	 4760 	 0.959335 	 0.00129763	0.00271098
3750 	 4765 	 0.959336 	 0.00129783	0.0027114
3750 	 4770 	 0.959336 	 0.00129803	0.00271183
3750 	 4775 	 0.959337 	 0.00129824	0.00271225
3750 	 4780 	 0.959337 	 0.00129844	0.00271267
3750 	 4785 	 0.959337 	 0.00129864	0.00271309
3750 	 4790 	 0.959338 	 0.00129884	0.00271352
3750 	 4795 	 0.959338 	 0.00129904	0.00271394
3750 	 4800 	 0.959339 	 0.00129924	0.00271436
3750 	 4805 	 0.959339 	 0.00129945	0.00271478
3750 	 4810 	 0.95934 	 0.00129965	0.0027152
3750 	 4815 	 0.95934 	 0.00129985	0.00271562
3750 	 4820 	 0.95934 	 0.00130005	0.00271603
3750 	 4825 	 0.959341 	 0.00130025	0.00271645
3750 	 4830 	 0.959341 	 0.00130045	0.00271687
3750 	 4835 	 0.959342 	 0.00130065	0.00271728
3750 	 4840 	 0.959342 	 0.00130084	0.0027177
3750 	 4845 	 0.959343 	 0.00130104	0.00271812
3750 	 4850 	 0.959343 	 0.00130124	0.00271853
3750 	 4855 	 0.959344 	 0.00130144	0.00271894
3750 	 4860 	 0.959344 	 0.00130164	0.00271936
3750 	 4865 	 0.959344 	 0.00130184	0.00271977
3750 	 4870 	 0.959345 	 0.00130203	0.00272018
3750 	 4875 	 0.959345 	 0.00130223	0.0027206
3750 	 4880 	 0.959346 	 0.00130243	0.00272101
3750 	 4885 	 0.959346 	 0.00130262	0.00272142
3750 	 4890 	 0.959347 	 0.00130282	0.00272183
3750 	 4895 	 0.959347 	 0.00130302	0.00272224
3750 	 4900 	 0.959347 	 0.00130321	0.00272265
3750 	 4905 	 0.959348 	 0.00130341	0.00272305
3750 	 4910 	 0.959348 	 0.0013036	0.00272346
3750 	 4915 	 0.959349 	 0.0013038	0.00272387
3750 	 4920 	 0.959349 	 0.00130399	0.00272428
3750 	 4925 	 0.959349 	 0.00130419	0.00272468
3750 	 4930 	 0.95935 	 0.00130438	0.00272509
3750 	 4935 	 0.95935 	 0.00130457	0.00272549
3750 	 4940 	 0.959351 	 0.00130477	0.0027259
3750 	 4945 	 0.959351 	 0.00130496	0.0027263
3750 	 4950 	 0.959352 	 0.00130515	0.00272671
3750 	 4955 	 0.959352 	 0.00130535	0.00272711
3750 	 4960 	 0.959352 	 0.00130554	0.00272751
3750 	 4965 	 0.959353 	 0.00130573	0.00272791
3750 	 4970 	 0.959353 	 0.00130592	0.00272831
3750 	 4975 	 0.959354 	 0.00130612	0.00272871
3750 	 4980 	 0.959354 	 0.00130631	0.00272911
3750 	 4985 	 0.959354 	 0.0013065	0.00272951
3750 	 4990 	 0.959355 	 0.00130669	0.00272991
3750 	 4995 	 0.959355 	 0.00130688	0.00273031
3750 	 5000 	 0.959356 	 0.00130707	0.00273071
