2450 	 5 	 0.876762 	 0.00531126	0.0110962
2450 	 10 	 0.879375 	 0.00428498	0.0089521
2450 	 15 	 0.883042 	 0.00318336	0.00665062
2450 	 20 	 0.887887 	 0.00212565	0.00444087
2450 	 25 	 0.893806 	 0.00126794	0.00264896
2450 	 30 	 0.900382 	 0.00109379	0.00228513
2450 	 35 	 0.912802 	 0.00184298	0.00385032
2450 	 40 	 0.921805 	 0.000994224	0.00207711
2450 	 45 	 0.928926 	 0.000707007	0.00147707
2450 	 50 	 0.934376 	 0.000698975	0.00146029
2450 	 55 	 0.938433 	 0.000683594	0.00142815
2450 	 60 	 0.941412 	 0.000643444	0.00134427
2450 	 65 	 0.943602 	 0.000616249	0.00128746
2450 	 70 	 0.945233 	 0.000611021	0.00127653
2450 	 75 	 0.946472 	 0.000615772	0.00128646
2450 	 80 	 0.947439 	 0.000618781	0.00129275
2450 	 85 	 0.948214 	 0.000615427	0.00128574
2450 	 90 	 0.948852 	 0.000606078	0.00126621
2450 	 95 	 0.949392 	 0.000593055	0.001239
2450 	 100 	 0.949856 	 0.000578865	0.00120935
2450 	 105 	 0.950264 	 0.000565458	0.00118134
2450 	 110 	 0.950627 	 0.000554058	0.00115753
2450 	 115 	 0.950954 	 0.000545245	0.00113912
2450 	 120 	 0.951251 	 0.000539124	0.00112633
2450 	 125 	 0.951523 	 0.000535502	0.00111876
2450 	 130 	 0.951774 	 0.00053403	0.00111569
2450 	 135 	 0.952006 	 0.000534308	0.00111627
2450 	 140 	 0.952221 	 0.000535947	0.00111969
2450 	 145 	 0.952423 	 0.000538598	0.00112523
2450 	 150 	 0.952611 	 0.000541972	0.00113228
2450 	 155 	 0.952788 	 0.000545838	0.00114035
2450 	 160 	 0.952954 	 0.000550013	0.00114908
2450 	 165 	 0.953111 	 0.00055436	0.00115816
2450 	 170 	 0.953259 	 0.000558779	0.00116739
2450 	 175 	 0.953399 	 0.000563196	0.00117662
2450 	 180 	 0.953532 	 0.000567559	0.00118573
2450 	 185 	 0.953659 	 0.000571834	0.00119467
2450 	 190 	 0.953779 	 0.000575997	0.00120336
2450 	 195 	 0.953893 	 0.000580035	0.0012118
2450 	 200 	 0.954003 	 0.000583942	0.00121996
2450 	 205 	 0.954107 	 0.000587714	0.00122784
2450 	 210 	 0.954207 	 0.000591354	0.00123545
2450 	 215 	 0.954302 	 0.000594864	0.00124278
2450 	 220 	 0.954394 	 0.00059825	0.00124985
2450 	 225 	 0.954482 	 0.000601517	0.00125668
2450 	 230 	 0.954566 	 0.000604673	0.00126327
2450 	 235 	 0.954647 	 0.000607725	0.00126965
2450 	 240 	 0.954725 	 0.000610679	0.00127582
2450 	 245 	 0.9548 	 0.000613541	0.0012818
2450 	 250 	 0.954872 	 0.00061632	0.0012876
2450 	 255 	 0.954942 	 0.00061902	0.00129324
2450 	 260 	 0.95501 	 0.000621647	0.00129873
2450 	 265 	 0.955075 	 0.000624209	0.00130409
2450 	 270 	 0.955137 	 0.000626708	0.00130931
2450 	 275 	 0.955198 	 0.000629151	0.00131441
2450 	 280 	 0.955257 	 0.000631542	0.00131941
2450 	 285 	 0.955314 	 0.000633885	0.0013243
2450 	 290 	 0.955369 	 0.000636184	0.0013291
2450 	 295 	 0.955423 	 0.000638442	0.00133382
2450 	 300 	 0.955475 	 0.000640663	0.00133846
2450 	 305 	 0.955525 	 0.000642849	0.00134303
2450 	 310 	 0.955574 	 0.000645004	0.00134753
2450 	 315 	 0.955622 	 0.000647129	0.00135197
2450 	 320 	 0.955668 	 0.000649227	0.00135635
2450 	 325 	 0.955713 	 0.000651301	0.00136069
2450 	 330 	 0.955757 	 0.000653351	0.00136497
2450 	 335 	 0.9558 	 0.00065538	0.00136921
2450 	 340 	 0.955841 	 0.00065739	0.00137341
2450 	 345 	 0.955882 	 0.000659381	0.00137757
2450 	 350 	 0.955921 	 0.000661354	0.00138169
2450 	 355 	 0.955959 	 0.000663312	0.00138578
2450 	 360 	 0.955997 	 0.000665255	0.00138984
2450 	 365 	 0.956033 	 0.000667184	0.00139387
2450 	 370 	 0.956069 	 0.0006691	0.00139787
2450 	 375 	 0.956104 	 0.000671004	0.00140185
2450 	 380 	 0.956138 	 0.000672896	0.0014058
2450 	 385 	 0.956171 	 0.000674777	0.00140973
2450 	 390 	 0.956204 	 0.000676648	0.00141364
2450 	 395 	 0.956235 	 0.000678509	0.00141753
2450 	 400 	 0.956266 	 0.00068036	0.0014214
2450 	 405 	 0.956297 	 0.000682202	0.00142525
2450 	 410 	 0.956327 	 0.000684036	0.00142908
2450 	 415 	 0.956356 	 0.000685862	0.00143289
2450 	 420 	 0.956384 	 0.000687679	0.00143669
2450 	 425 	 0.956412 	 0.000689489	0.00144047
2450 	 430 	 0.956439 	 0.000691291	0.00144423
2450 	 435 	 0.956466 	 0.000693086	0.00144798
2450 	 440 	 0.956492 	 0.000694874	0.00145172
2450 	 445 	 0.956518 	 0.000696654	0.00145544
2450 	 450 	 0.956543 	 0.000698429	0.00145914
2450 	 455 	 0.956568 	 0.000700196	0.00146284
2450 	 460 	 0.956592 	 0.000701957	0.00146652
2450 	 465 	 0.956616 	 0.000703711	0.00147018
2450 	 470 	 0.956639 	 0.000705459	0.00147383
2450 	 475 	 0.956662 	 0.000707201	0.00147747
2450 	 480 	 0.956685 	 0.000708936	0.0014811
2450 	 485 	 0.956707 	 0.000710665	0.00148471
2450 	 490 	 0.956729 	 0.000712388	0.00148831
2450 	 495 	 0.95675 	 0.000714105	0.0014919
2450 	 500 	 0.956771 	 0.000715816	0.00149547
2450 	 505 	 0.956791 	 0.000717521	0.00149903
2450 	 510 	 0.956812 	 0.00071922	0.00150258
2450 	 515 	 0.956831 	 0.000720913	0.00150612
2450 	 520 	 0.956851 	 0.0007226	0.00150964
2450 	 525 	 0.95687 	 0.000724281	0.00151315
2450 	 530 	 0.956889 	 0.000725956	0.00151665
2450 	 535 	 0.956908 	 0.000727624	0.00152014
2450 	 540 	 0.956926 	 0.000729288	0.00152361
2450 	 545 	 0.956944 	 0.000730945	0.00152708
2450 	 550 	 0.956962 	 0.000732596	0.00153053
2450 	 555 	 0.956979 	 0.000734241	0.00153396
2450 	 560 	 0.956996 	 0.00073588	0.00153739
2450 	 565 	 0.957013 	 0.000737513	0.0015408
2450 	 570 	 0.95703 	 0.00073914	0.0015442
2450 	 575 	 0.957046 	 0.000740762	0.00154759
2450 	 580 	 0.957063 	 0.000742377	0.00155096
2450 	 585 	 0.957078 	 0.000743986	0.00155432
2450 	 590 	 0.957094 	 0.00074559	0.00155767
2450 	 595 	 0.95711 	 0.000747187	0.00156101
2450 	 600 	 0.957125 	 0.000748778	0.00156433
2450 	 605 	 0.95714 	 0.000750364	0.00156765
2450 	 610 	 0.957155 	 0.000751943	0.00157095
2450 	 615 	 0.957169 	 0.000753516	0.00157423
2450 	 620 	 0.957184 	 0.000755083	0.00157751
2450 	 625 	 0.957198 	 0.000756645	0.00158077
2450 	 630 	 0.957212 	 0.0007582	0.00158402
2450 	 635 	 0.957225 	 0.000759749	0.00158725
2450 	 640 	 0.957239 	 0.000761293	0.00159048
2450 	 645 	 0.957252 	 0.00076283	0.00159369
2450 	 650 	 0.957266 	 0.000764361	0.00159689
2450 	 655 	 0.957279 	 0.000765886	0.00160008
2450 	 660 	 0.957292 	 0.000767406	0.00160325
2450 	 665 	 0.957304 	 0.000768919	0.00160641
2450 	 670 	 0.957317 	 0.000770426	0.00160956
2450 	 675 	 0.957329 	 0.000771927	0.0016127
2450 	 680 	 0.957342 	 0.000773422	0.00161582
2450 	 685 	 0.957354 	 0.000774912	0.00161893
2450 	 690 	 0.957366 	 0.000776395	0.00162203
2450 	 695 	 0.957377 	 0.000777872	0.00162512
2450 	 700 	 0.957389 	 0.000779344	0.00162819
2450 	 705 	 0.957401 	 0.000780809	0.00163125
2450 	 710 	 0.957412 	 0.000782269	0.0016343
2450 	 715 	 0.957423 	 0.000783722	0.00163734
2450 	 720 	 0.957434 	 0.00078517	0.00164036
2450 	 725 	 0.957445 	 0.000786612	0.00164337
2450 	 730 	 0.957456 	 0.000788047	0.00164637
2450 	 735 	 0.957467 	 0.000789477	0.00164936
2450 	 740 	 0.957477 	 0.000790901	0.00165234
2450 	 745 	 0.957488 	 0.00079232	0.0016553
2450 	 750 	 0.957498 	 0.000793732	0.00165825
2450 	 755 	 0.957508 	 0.000795139	0.00166119
2450 	 760 	 0.957518 	 0.00079654	0.00166412
2450 	 765 	 0.957528 	 0.000797935	0.00166703
2450 	 770 	 0.957538 	 0.000799324	0.00166993
2450 	 775 	 0.957548 	 0.000800707	0.00167282
2450 	 780 	 0.957558 	 0.000802085	0.0016757
2450 	 785 	 0.957567 	 0.000803457	0.00167857
2450 	 790 	 0.957577 	 0.000804823	0.00168142
2450 	 795 	 0.957586 	 0.000806184	0.00168427
2450 	 800 	 0.957595 	 0.000807539	0.0016871
2450 	 805 	 0.957604 	 0.000808888	0.00168991
2450 	 810 	 0.957613 	 0.000810232	0.00169272
2450 	 815 	 0.957622 	 0.00081157	0.00169552
2450 	 820 	 0.957631 	 0.000812903	0.0016983
2450 	 825 	 0.95764 	 0.00081423	0.00170107
2450 	 830 	 0.957649 	 0.000815551	0.00170383
2450 	 835 	 0.957657 	 0.000816867	0.00170658
2450 	 840 	 0.957666 	 0.000818177	0.00170932
2450 	 845 	 0.957674 	 0.000819482	0.00171205
2450 	 850 	 0.957682 	 0.000820782	0.00171476
2450 	 855 	 0.957691 	 0.000822076	0.00171747
2450 	 860 	 0.957699 	 0.000823365	0.00172016
2450 	 865 	 0.957707 	 0.000824648	0.00172284
2450 	 870 	 0.957715 	 0.000825926	0.00172551
2450 	 875 	 0.957723 	 0.000827198	0.00172817
2450 	 880 	 0.957731 	 0.000828466	0.00173082
2450 	 885 	 0.957738 	 0.000829728	0.00173345
2450 	 890 	 0.957746 	 0.000830984	0.00173608
2450 	 895 	 0.957754 	 0.000832236	0.00173869
2450 	 900 	 0.957761 	 0.000833482	0.0017413
2450 	 905 	 0.957769 	 0.000834723	0.00174389
2450 	 910 	 0.957776 	 0.000835959	0.00174647
2450 	 915 	 0.957784 	 0.00083719	0.00174904
2450 	 920 	 0.957791 	 0.000838415	0.0017516
2450 	 925 	 0.957798 	 0.000839636	0.00175415
2450 	 930 	 0.957805 	 0.000840851	0.00175669
2450 	 935 	 0.957812 	 0.000842062	0.00175922
2450 	 940 	 0.957819 	 0.000843267	0.00176174
2450 	 945 	 0.957826 	 0.000844468	0.00176425
2450 	 950 	 0.957833 	 0.000845663	0.00176674
2450 	 955 	 0.95784 	 0.000846854	0.00176923
2450 	 960 	 0.957847 	 0.000848039	0.00177171
2450 	 965 	 0.957853 	 0.00084922	0.00177417
2450 	 970 	 0.95786 	 0.000850396	0.00177663
2450 	 975 	 0.957866 	 0.000851566	0.00177908
2450 	 980 	 0.957873 	 0.000852733	0.00178151
2450 	 985 	 0.957879 	 0.000853894	0.00178394
2450 	 990 	 0.957886 	 0.00085505	0.00178636
2450 	 995 	 0.957892 	 0.000856202	0.00178876
2450 	 1000 	 0.957898 	 0.000857349	0.00179116
2450 	 1005 	 0.957905 	 0.000858492	0.00179355
2450 	 1010 	 0.957911 	 0.000859629	0.00179592
2450 	 1015 	 0.957917 	 0.000860763	0.00179829
2450 	 1020 	 0.957923 	 0.000861891	0.00180065
2450 	 1025 	 0.957929 	 0.000863015	0.001803
2450 	 1030 	 0.957935 	 0.000864134	0.00180533
2450 	 1035 	 0.957941 	 0.000865249	0.00180766
2450 	 1040 	 0.957947 	 0.000866359	0.00180998
2450 	 1045 	 0.957953 	 0.000867465	0.00181229
2450 	 1050 	 0.957959 	 0.000868566	0.00181459
2450 	 1055 	 0.957964 	 0.000869663	0.00181688
2450 	 1060 	 0.95797 	 0.000870755	0.00181917
2450 	 1065 	 0.957976 	 0.000871843	0.00182144
2450 	 1070 	 0.957981 	 0.000872926	0.0018237
2450 	 1075 	 0.957987 	 0.000874006	0.00182596
2450 	 1080 	 0.957992 	 0.00087508	0.0018282
2450 	 1085 	 0.957998 	 0.000876151	0.00183044
2450 	 1090 	 0.958003 	 0.000877217	0.00183267
2450 	 1095 	 0.958009 	 0.000878279	0.00183489
2450 	 1100 	 0.958014 	 0.000879337	0.00183709
2450 	 1105 	 0.958019 	 0.00088039	0.0018393
2450 	 1110 	 0.958024 	 0.00088144	0.00184149
2450 	 1115 	 0.95803 	 0.000882485	0.00184367
2450 	 1120 	 0.958035 	 0.000883526	0.00184585
2450 	 1125 	 0.95804 	 0.000884563	0.00184801
2450 	 1130 	 0.958045 	 0.000885596	0.00185017
2450 	 1135 	 0.95805 	 0.000886624	0.00185232
2450 	 1140 	 0.958055 	 0.000887649	0.00185446
2450 	 1145 	 0.95806 	 0.00088867	0.00185659
2450 	 1150 	 0.958065 	 0.000889686	0.00185872
2450 	 1155 	 0.95807 	 0.000890699	0.00186083
2450 	 1160 	 0.958075 	 0.000891708	0.00186294
2450 	 1165 	 0.95808 	 0.000892712	0.00186504
2450 	 1170 	 0.958085 	 0.000893713	0.00186713
2450 	 1175 	 0.958089 	 0.00089471	0.00186921
2450 	 1180 	 0.958094 	 0.000895703	0.00187129
2450 	 1185 	 0.958099 	 0.000896692	0.00187335
2450 	 1190 	 0.958103 	 0.000897678	0.00187541
2450 	 1195 	 0.958108 	 0.000898659	0.00187746
2450 	 1200 	 0.958113 	 0.000899637	0.00187951
2450 	 1205 	 0.958117 	 0.000900611	0.00188154
2450 	 1210 	 0.958122 	 0.000901581	0.00188357
2450 	 1215 	 0.958126 	 0.000902548	0.00188559
2450 	 1220 	 0.958131 	 0.000903511	0.0018876
2450 	 1225 	 0.958135 	 0.00090447	0.0018896
2450 	 1230 	 0.95814 	 0.000905425	0.0018916
2450 	 1235 	 0.958144 	 0.000906377	0.00189359
2450 	 1240 	 0.958148 	 0.000907325	0.00189557
2450 	 1245 	 0.958153 	 0.00090827	0.00189754
2450 	 1250 	 0.958157 	 0.000909211	0.00189951
2450 	 1255 	 0.958161 	 0.000910148	0.00190147
2450 	 1260 	 0.958166 	 0.000911082	0.00190342
2450 	 1265 	 0.95817 	 0.000912013	0.00190536
2450 	 1270 	 0.958174 	 0.00091294	0.0019073
2450 	 1275 	 0.958178 	 0.000913863	0.00190923
2450 	 1280 	 0.958182 	 0.000914783	0.00191115
2450 	 1285 	 0.958186 	 0.000915699	0.00191306
2450 	 1290 	 0.95819 	 0.000916612	0.00191497
2450 	 1295 	 0.958194 	 0.000917522	0.00191687
2450 	 1300 	 0.958198 	 0.000918428	0.00191876
2450 	 1305 	 0.958202 	 0.000919331	0.00192065
2450 	 1310 	 0.958206 	 0.000920231	0.00192253
2450 	 1315 	 0.95821 	 0.000921127	0.0019244
2450 	 1320 	 0.958214 	 0.00092202	0.00192627
2450 	 1325 	 0.958218 	 0.00092291	0.00192813
2450 	 1330 	 0.958222 	 0.000923796	0.00192998
2450 	 1335 	 0.958226 	 0.000924679	0.00193182
2450 	 1340 	 0.95823 	 0.000925559	0.00193366
2450 	 1345 	 0.958233 	 0.000926436	0.00193549
2450 	 1350 	 0.958237 	 0.000927309	0.00193732
2450 	 1355 	 0.958241 	 0.00092818	0.00193914
2450 	 1360 	 0.958245 	 0.000929047	0.00194095
2450 	 1365 	 0.958248 	 0.000929911	0.00194275
2450 	 1370 	 0.958252 	 0.000930771	0.00194455
2450 	 1375 	 0.958256 	 0.000931629	0.00194634
2450 	 1380 	 0.958259 	 0.000932484	0.00194813
2450 	 1385 	 0.958263 	 0.000933335	0.00194991
2450 	 1390 	 0.958266 	 0.000934184	0.00195168
2450 	 1395 	 0.95827 	 0.000935029	0.00195345
2450 	 1400 	 0.958274 	 0.000935872	0.00195521
2450 	 1405 	 0.958277 	 0.000936711	0.00195696
2450 	 1410 	 0.958281 	 0.000937548	0.00195871
2450 	 1415 	 0.958284 	 0.000938381	0.00196045
2450 	 1420 	 0.958287 	 0.000939211	0.00196218
2450 	 1425 	 0.958291 	 0.000940039	0.00196391
2450 	 1430 	 0.958294 	 0.000940864	0.00196564
2450 	 1435 	 0.958298 	 0.000941685	0.00196735
2450 	 1440 	 0.958301 	 0.000942504	0.00196906
2450 	 1445 	 0.958304 	 0.00094332	0.00197077
2450 	 1450 	 0.958308 	 0.000944133	0.00197247
2450 	 1455 	 0.958311 	 0.000944943	0.00197416
2450 	 1460 	 0.958314 	 0.000945751	0.00197585
2450 	 1465 	 0.958318 	 0.000946555	0.00197753
2450 	 1470 	 0.958321 	 0.000947357	0.0019792
2450 	 1475 	 0.958324 	 0.000948156	0.00198087
2450 	 1480 	 0.958327 	 0.000948952	0.00198253
2450 	 1485 	 0.958331 	 0.000949745	0.00198419
2450 	 1490 	 0.958334 	 0.000950536	0.00198584
2450 	 1495 	 0.958337 	 0.000951324	0.00198749
2450 	 1500 	 0.95834 	 0.000952109	0.00198913
2450 	 1505 	 0.958343 	 0.000952892	0.00199076
2450 	 1510 	 0.958346 	 0.000953672	0.00199239
2450 	 1515 	 0.958349 	 0.000954449	0.00199402
2450 	 1520 	 0.958352 	 0.000955223	0.00199564
2450 	 1525 	 0.958356 	 0.000955995	0.00199725
2450 	 1530 	 0.958359 	 0.000956765	0.00199886
2450 	 1535 	 0.958362 	 0.000957531	0.00200046
2450 	 1540 	 0.958365 	 0.000958295	0.00200205
2450 	 1545 	 0.958368 	 0.000959057	0.00200364
2450 	 1550 	 0.958371 	 0.000959816	0.00200523
2450 	 1555 	 0.958374 	 0.000960572	0.00200681
2450 	 1560 	 0.958376 	 0.000961326	0.00200838
2450 	 1565 	 0.958379 	 0.000962077	0.00200995
2450 	 1570 	 0.958382 	 0.000962826	0.00201152
2450 	 1575 	 0.958385 	 0.000963572	0.00201308
2450 	 1580 	 0.958388 	 0.000964316	0.00201463
2450 	 1585 	 0.958391 	 0.000965057	0.00201618
2450 	 1590 	 0.958394 	 0.000965796	0.00201772
2450 	 1595 	 0.958397 	 0.000966532	0.00201926
2450 	 1600 	 0.958399 	 0.000967266	0.0020208
2450 	 1605 	 0.958402 	 0.000967998	0.00202232
2450 	 1610 	 0.958405 	 0.000968727	0.00202385
2450 	 1615 	 0.958408 	 0.000969453	0.00202536
2450 	 1620 	 0.958411 	 0.000970178	0.00202688
2450 	 1625 	 0.958413 	 0.0009709	0.00202839
2450 	 1630 	 0.958416 	 0.000971619	0.00202989
2450 	 1635 	 0.958419 	 0.000972336	0.00203139
2450 	 1640 	 0.958421 	 0.000973051	0.00203288
2450 	 1645 	 0.958424 	 0.000973764	0.00203437
2450 	 1650 	 0.958427 	 0.000974474	0.00203585
2450 	 1655 	 0.95843 	 0.000975182	0.00203733
2450 	 1660 	 0.958432 	 0.000975888	0.00203881
2450 	 1665 	 0.958435 	 0.000976591	0.00204028
2450 	 1670 	 0.958437 	 0.000977292	0.00204174
2450 	 1675 	 0.95844 	 0.000977991	0.0020432
2450 	 1680 	 0.958443 	 0.000978688	0.00204466
2450 	 1685 	 0.958445 	 0.000979382	0.00204611
2450 	 1690 	 0.958448 	 0.000980074	0.00204755
2450 	 1695 	 0.95845 	 0.000980764	0.00204899
2450 	 1700 	 0.958453 	 0.000981452	0.00205043
2450 	 1705 	 0.958455 	 0.000982137	0.00205186
2450 	 1710 	 0.958458 	 0.000982821	0.00205329
2450 	 1715 	 0.95846 	 0.000983502	0.00205471
2450 	 1720 	 0.958463 	 0.000984181	0.00205613
2450 	 1725 	 0.958465 	 0.000984858	0.00205755
2450 	 1730 	 0.958468 	 0.000985533	0.00205896
2450 	 1735 	 0.95847 	 0.000986206	0.00206036
2450 	 1740 	 0.958473 	 0.000986876	0.00206176
2450 	 1745 	 0.958475 	 0.000987545	0.00206316
2450 	 1750 	 0.958478 	 0.000988211	0.00206455
2450 	 1755 	 0.95848 	 0.000988875	0.00206594
2450 	 1760 	 0.958482 	 0.000989538	0.00206732
2450 	 1765 	 0.958485 	 0.000990198	0.0020687
2450 	 1770 	 0.958487 	 0.000990856	0.00207008
2450 	 1775 	 0.95849 	 0.000991512	0.00207145
2450 	 1780 	 0.958492 	 0.000992166	0.00207282
2450 	 1785 	 0.958494 	 0.000992818	0.00207418
2450 	 1790 	 0.958497 	 0.000993468	0.00207554
2450 	 1795 	 0.958499 	 0.000994116	0.00207689
2450 	 1800 	 0.958501 	 0.000994762	0.00207824
2450 	 1805 	 0.958503 	 0.000995406	0.00207959
2450 	 1810 	 0.958506 	 0.000996048	0.00208093
2450 	 1815 	 0.958508 	 0.000996689	0.00208226
2450 	 1820 	 0.95851 	 0.000997327	0.0020836
2450 	 1825 	 0.958513 	 0.000997963	0.00208493
2450 	 1830 	 0.958515 	 0.000998598	0.00208625
2450 	 1835 	 0.958517 	 0.00099923	0.00208757
2450 	 1840 	 0.958519 	 0.00099986	0.00208889
2450 	 1845 	 0.958521 	 0.00100049	0.0020902
2450 	 1850 	 0.958524 	 0.00100112	0.00209151
2450 	 1855 	 0.958526 	 0.00100174	0.00209282
2450 	 1860 	 0.958528 	 0.00100236	0.00209412
2450 	 1865 	 0.95853 	 0.00100298	0.00209542
2450 	 1870 	 0.958532 	 0.0010036	0.00209671
2450 	 1875 	 0.958535 	 0.00100422	0.002098
2450 	 1880 	 0.958537 	 0.00100484	0.00209929
2450 	 1885 	 0.958539 	 0.00100545	0.00210057
2450 	 1890 	 0.958541 	 0.00100606	0.00210185
2450 	 1895 	 0.958543 	 0.00100667	0.00210312
2450 	 1900 	 0.958545 	 0.00100728	0.00210439
2450 	 1905 	 0.958547 	 0.00100789	0.00210566
2450 	 1910 	 0.958549 	 0.00100849	0.00210692
2450 	 1915 	 0.958551 	 0.0010091	0.00210818
2450 	 1920 	 0.958554 	 0.0010097	0.00210944
2450 	 1925 	 0.958556 	 0.0010103	0.00211069
2450 	 1930 	 0.958558 	 0.00101089	0.00211194
2450 	 1935 	 0.95856 	 0.00101149	0.00211319
2450 	 1940 	 0.958562 	 0.00101208	0.00211443
2450 	 1945 	 0.958564 	 0.00101268	0.00211567
2450 	 1950 	 0.958566 	 0.00101327	0.0021169
2450 	 1955 	 0.958568 	 0.00101386	0.00211813
2450 	 1960 	 0.95857 	 0.00101444	0.00211936
2450 	 1965 	 0.958572 	 0.00101503	0.00212058
2450 	 1970 	 0.958574 	 0.00101561	0.0021218
2450 	 1975 	 0.958576 	 0.0010162	0.00212302
2450 	 1980 	 0.958578 	 0.00101678	0.00212423
2450 	 1985 	 0.95858 	 0.00101736	0.00212544
2450 	 1990 	 0.958582 	 0.00101793	0.00212665
2450 	 1995 	 0.958583 	 0.00101851	0.00212785
2450 	 2000 	 0.958585 	 0.00101908	0.00212905
2450 	 2005 	 0.958587 	 0.00101965	0.00213025
2450 	 2010 	 0.958589 	 0.00102023	0.00213144
2450 	 2015 	 0.958591 	 0.00102079	0.00213263
2450 	 2020 	 0.958593 	 0.00102136	0.00213381
2450 	 2025 	 0.958595 	 0.00102193	0.00213499
2450 	 2030 	 0.958597 	 0.00102249	0.00213617
2450 	 2035 	 0.958599 	 0.00102306	0.00213735
2450 	 2040 	 0.958601 	 0.00102362	0.00213852
2450 	 2045 	 0.958602 	 0.00102418	0.00213969
2450 	 2050 	 0.958604 	 0.00102473	0.00214086
2450 	 2055 	 0.958606 	 0.00102529	0.00214202
2450 	 2060 	 0.958608 	 0.00102585	0.00214318
2450 	 2065 	 0.95861 	 0.0010264	0.00214434
2450 	 2070 	 0.958612 	 0.00102695	0.00214549
2450 	 2075 	 0.958613 	 0.0010275	0.00214664
2450 	 2080 	 0.958615 	 0.00102805	0.00214779
2450 	 2085 	 0.958617 	 0.0010286	0.00214893
2450 	 2090 	 0.958619 	 0.00102914	0.00215007
2450 	 2095 	 0.958621 	 0.00102969	0.00215121
2450 	 2100 	 0.958622 	 0.00103023	0.00215234
2450 	 2105 	 0.958624 	 0.00103077	0.00215347
2450 	 2110 	 0.958626 	 0.00103131	0.0021546
2450 	 2115 	 0.958628 	 0.00103185	0.00215572
2450 	 2120 	 0.958629 	 0.00103239	0.00215685
2450 	 2125 	 0.958631 	 0.00103292	0.00215796
2450 	 2130 	 0.958633 	 0.00103346	0.00215908
2450 	 2135 	 0.958635 	 0.00103399	0.00216019
2450 	 2140 	 0.958636 	 0.00103452	0.0021613
2450 	 2145 	 0.958638 	 0.00103505	0.00216241
2450 	 2150 	 0.95864 	 0.00103558	0.00216351
2450 	 2155 	 0.958641 	 0.00103611	0.00216461
2450 	 2160 	 0.958643 	 0.00103663	0.00216571
2450 	 2165 	 0.958645 	 0.00103715	0.00216681
2450 	 2170 	 0.958646 	 0.00103768	0.0021679
2450 	 2175 	 0.958648 	 0.0010382	0.00216899
2450 	 2180 	 0.95865 	 0.00103872	0.00217007
2450 	 2185 	 0.958651 	 0.00103924	0.00217115
2450 	 2190 	 0.958653 	 0.00103975	0.00217224
2450 	 2195 	 0.958655 	 0.00104027	0.00217331
2450 	 2200 	 0.958656 	 0.00104078	0.00217439
2450 	 2205 	 0.958658 	 0.0010413	0.00217546
2450 	 2210 	 0.95866 	 0.00104181	0.00217653
2450 	 2215 	 0.958661 	 0.00104232	0.00217759
2450 	 2220 	 0.958663 	 0.00104283	0.00217866
2450 	 2225 	 0.958665 	 0.00104333	0.00217972
2450 	 2230 	 0.958666 	 0.00104384	0.00218077
2450 	 2235 	 0.958668 	 0.00104435	0.00218183
2450 	 2240 	 0.958669 	 0.00104485	0.00218288
2450 	 2245 	 0.958671 	 0.00104535	0.00218393
2450 	 2250 	 0.958673 	 0.00104585	0.00218498
2450 	 2255 	 0.958674 	 0.00104635	0.00218602
2450 	 2260 	 0.958676 	 0.00104685	0.00218706
2450 	 2265 	 0.958677 	 0.00104735	0.0021881
2450 	 2270 	 0.958679 	 0.00104784	0.00218914
2450 	 2275 	 0.95868 	 0.00104834	0.00219017
2450 	 2280 	 0.958682 	 0.00104883	0.0021912
2450 	 2285 	 0.958683 	 0.00104932	0.00219223
2450 	 2290 	 0.958685 	 0.00104981	0.00219325
2450 	 2295 	 0.958686 	 0.0010503	0.00219427
2450 	 2300 	 0.958688 	 0.00105079	0.00219529
2450 	 2305 	 0.95869 	 0.00105128	0.00219631
2450 	 2310 	 0.958691 	 0.00105176	0.00219733
2450 	 2315 	 0.958693 	 0.00105225	0.00219834
2450 	 2320 	 0.958694 	 0.00105273	0.00219935
2450 	 2325 	 0.958696 	 0.00105321	0.00220036
2450 	 2330 	 0.958697 	 0.00105369	0.00220136
2450 	 2335 	 0.958698 	 0.00105417	0.00220236
2450 	 2340 	 0.9587 	 0.00105465	0.00220336
2450 	 2345 	 0.958701 	 0.00105513	0.00220436
2450 	 2350 	 0.958703 	 0.00105561	0.00220535
2450 	 2355 	 0.958704 	 0.00105608	0.00220634
2450 	 2360 	 0.958706 	 0.00105655	0.00220733
2450 	 2365 	 0.958707 	 0.00105703	0.00220832
2450 	 2370 	 0.958709 	 0.0010575	0.0022093
2450 	 2375 	 0.95871 	 0.00105797	0.00221029
2450 	 2380 	 0.958712 	 0.00105844	0.00221126
2450 	 2385 	 0.958713 	 0.0010589	0.00221224
2450 	 2390 	 0.958714 	 0.00105937	0.00221322
2450 	 2395 	 0.958716 	 0.00105983	0.00221419
2450 	 2400 	 0.958717 	 0.0010603	0.00221516
2450 	 2405 	 0.958719 	 0.00106076	0.00221613
2450 	 2410 	 0.95872 	 0.00106122	0.00221709
2450 	 2415 	 0.958722 	 0.00106168	0.00221805
2450 	 2420 	 0.958723 	 0.00106214	0.00221901
2450 	 2425 	 0.958724 	 0.0010626	0.00221997
2450 	 2430 	 0.958726 	 0.00106306	0.00222093
2450 	 2435 	 0.958727 	 0.00106352	0.00222188
2450 	 2440 	 0.958728 	 0.00106397	0.00222283
2450 	 2445 	 0.95873 	 0.00106443	0.00222378
2450 	 2450 	 0.958731 	 0.00106488	0.00222472
2450 	 2455 	 0.958733 	 0.00106533	0.00222567
2450 	 2460 	 0.958734 	 0.00106578	0.00222661
2450 	 2465 	 0.958735 	 0.00106623	0.00222755
2450 	 2470 	 0.958737 	 0.00106668	0.00222849
2450 	 2475 	 0.958738 	 0.00106713	0.00222942
2450 	 2480 	 0.958739 	 0.00106757	0.00223035
2450 	 2485 	 0.958741 	 0.00106802	0.00223128
2450 	 2490 	 0.958742 	 0.00106846	0.00223221
2450 	 2495 	 0.958743 	 0.0010689	0.00223314
2450 	 2500 	 0.958745 	 0.00106935	0.00223406
2450 	 2505 	 0.958746 	 0.00106979	0.00223498
2450 	 2510 	 0.958747 	 0.00107023	0.0022359
2450 	 2515 	 0.958749 	 0.00107067	0.00223682
2450 	 2520 	 0.95875 	 0.0010711	0.00223773
2450 	 2525 	 0.958751 	 0.00107154	0.00223864
2450 	 2530 	 0.958752 	 0.00107198	0.00223955
2450 	 2535 	 0.958754 	 0.00107241	0.00224046
2450 	 2540 	 0.958755 	 0.00107284	0.00224137
2450 	 2545 	 0.958756 	 0.00107328	0.00224227
2450 	 2550 	 0.958758 	 0.00107371	0.00224317
2450 	 2555 	 0.958759 	 0.00107414	0.00224407
2450 	 2560 	 0.95876 	 0.00107457	0.00224497
2450 	 2565 	 0.958761 	 0.001075	0.00224587
2450 	 2570 	 0.958763 	 0.00107543	0.00224676
2450 	 2575 	 0.958764 	 0.00107585	0.00224765
2450 	 2580 	 0.958765 	 0.00107628	0.00224854
2450 	 2585 	 0.958766 	 0.0010767	0.00224943
2450 	 2590 	 0.958768 	 0.00107713	0.00225031
2450 	 2595 	 0.958769 	 0.00107755	0.00225119
2450 	 2600 	 0.95877 	 0.00107797	0.00225208
2450 	 2605 	 0.958771 	 0.00107839	0.00225295
2450 	 2610 	 0.958773 	 0.00107881	0.00225383
2450 	 2615 	 0.958774 	 0.00107923	0.00225471
2450 	 2620 	 0.958775 	 0.00107965	0.00225558
2450 	 2625 	 0.958776 	 0.00108006	0.00225645
2450 	 2630 	 0.958778 	 0.00108048	0.00225732
2450 	 2635 	 0.958779 	 0.00108089	0.00225818
2450 	 2640 	 0.95878 	 0.00108131	0.00225905
2450 	 2645 	 0.958781 	 0.00108172	0.00225991
2450 	 2650 	 0.958782 	 0.00108213	0.00226077
2450 	 2655 	 0.958784 	 0.00108254	0.00226163
2450 	 2660 	 0.958785 	 0.00108295	0.00226249
2450 	 2665 	 0.958786 	 0.00108336	0.00226334
2450 	 2670 	 0.958787 	 0.00108377	0.00226419
2450 	 2675 	 0.958788 	 0.00108418	0.00226505
2450 	 2680 	 0.958789 	 0.00108458	0.00226589
2450 	 2685 	 0.958791 	 0.00108499	0.00226674
2450 	 2690 	 0.958792 	 0.00108539	0.00226759
2450 	 2695 	 0.958793 	 0.0010858	0.00226843
2450 	 2700 	 0.958794 	 0.0010862	0.00226927
2450 	 2705 	 0.958795 	 0.0010866	0.00227011
2450 	 2710 	 0.958796 	 0.001087	0.00227095
2450 	 2715 	 0.958798 	 0.0010874	0.00227178
2450 	 2720 	 0.958799 	 0.0010878	0.00227262
2450 	 2725 	 0.9588 	 0.0010882	0.00227345
2450 	 2730 	 0.958801 	 0.0010886	0.00227428
2450 	 2735 	 0.958802 	 0.00108899	0.00227511
2450 	 2740 	 0.958803 	 0.00108939	0.00227593
2450 	 2745 	 0.958804 	 0.00108978	0.00227676
2450 	 2750 	 0.958806 	 0.00109018	0.00227758
2450 	 2755 	 0.958807 	 0.00109057	0.0022784
2450 	 2760 	 0.958808 	 0.00109096	0.00227922
2450 	 2765 	 0.958809 	 0.00109135	0.00228004
2450 	 2770 	 0.95881 	 0.00109174	0.00228085
2450 	 2775 	 0.958811 	 0.00109213	0.00228167
2450 	 2780 	 0.958812 	 0.00109252	0.00228248
2450 	 2785 	 0.958813 	 0.00109291	0.00228329
2450 	 2790 	 0.958814 	 0.0010933	0.0022841
2450 	 2795 	 0.958816 	 0.00109368	0.0022849
2450 	 2800 	 0.958817 	 0.00109407	0.00228571
2450 	 2805 	 0.958818 	 0.00109445	0.00228651
2450 	 2810 	 0.958819 	 0.00109484	0.00228731
2450 	 2815 	 0.95882 	 0.00109522	0.00228811
2450 	 2820 	 0.958821 	 0.0010956	0.00228891
2450 	 2825 	 0.958822 	 0.00109598	0.0022897
2450 	 2830 	 0.958823 	 0.00109636	0.0022905
2450 	 2835 	 0.958824 	 0.00109674	0.00229129
2450 	 2840 	 0.958825 	 0.00109712	0.00229208
2450 	 2845 	 0.958826 	 0.0010975	0.00229287
2450 	 2850 	 0.958827 	 0.00109787	0.00229366
2450 	 2855 	 0.958828 	 0.00109825	0.00229444
2450 	 2860 	 0.958829 	 0.00109862	0.00229523
2450 	 2865 	 0.95883 	 0.001099	0.00229601
2450 	 2870 	 0.958832 	 0.00109937	0.00229679
2450 	 2875 	 0.958833 	 0.00109975	0.00229757
2450 	 2880 	 0.958834 	 0.00110012	0.00229835
2450 	 2885 	 0.958835 	 0.00110049	0.00229912
2450 	 2890 	 0.958836 	 0.00110086	0.0022999
2450 	 2895 	 0.958837 	 0.00110123	0.00230067
2450 	 2900 	 0.958838 	 0.0011016	0.00230144
2450 	 2905 	 0.958839 	 0.00110197	0.00230221
2450 	 2910 	 0.95884 	 0.00110233	0.00230298
2450 	 2915 	 0.958841 	 0.0011027	0.00230374
2450 	 2920 	 0.958842 	 0.00110307	0.0023045
2450 	 2925 	 0.958843 	 0.00110343	0.00230527
2450 	 2930 	 0.958844 	 0.00110379	0.00230603
2450 	 2935 	 0.958845 	 0.00110416	0.00230679
2450 	 2940 	 0.958846 	 0.00110452	0.00230755
2450 	 2945 	 0.958847 	 0.00110488	0.0023083
2450 	 2950 	 0.958848 	 0.00110524	0.00230906
2450 	 2955 	 0.958849 	 0.0011056	0.00230981
2450 	 2960 	 0.95885 	 0.00110596	0.00231056
2450 	 2965 	 0.958851 	 0.00110632	0.00231131
2450 	 2970 	 0.958852 	 0.00110668	0.00231206
2450 	 2975 	 0.958853 	 0.00110704	0.0023128
2450 	 2980 	 0.958854 	 0.00110739	0.00231355
2450 	 2985 	 0.958855 	 0.00110775	0.00231429
2450 	 2990 	 0.958856 	 0.00110811	0.00231503
2450 	 2995 	 0.958857 	 0.00110846	0.00231578
2450 	 3000 	 0.958858 	 0.00110881	0.00231651
2450 	 3005 	 0.958859 	 0.00110917	0.00231725
2450 	 3010 	 0.95886 	 0.00110952	0.00231799
2450 	 3015 	 0.958861 	 0.00110987	0.00231872
2450 	 3020 	 0.958862 	 0.00111022	0.00231945
2450 	 3025 	 0.958863 	 0.00111057	0.00232019
2450 	 3030 	 0.958864 	 0.00111092	0.00232092
2450 	 3035 	 0.958864 	 0.00111127	0.00232164
2450 	 3040 	 0.958865 	 0.00111162	0.00232237
2450 	 3045 	 0.958866 	 0.00111196	0.0023231
2450 	 3050 	 0.958867 	 0.00111231	0.00232382
2450 	 3055 	 0.958868 	 0.00111266	0.00232454
2450 	 3060 	 0.958869 	 0.001113	0.00232526
2450 	 3065 	 0.95887 	 0.00111335	0.00232598
2450 	 3070 	 0.958871 	 0.00111369	0.0023267
2450 	 3075 	 0.958872 	 0.00111403	0.00232742
2450 	 3080 	 0.958873 	 0.00111437	0.00232813
2450 	 3085 	 0.958874 	 0.00111472	0.00232885
2450 	 3090 	 0.958875 	 0.00111506	0.00232956
2450 	 3095 	 0.958876 	 0.0011154	0.00233027
2450 	 3100 	 0.958877 	 0.00111574	0.00233098
2450 	 3105 	 0.958878 	 0.00111608	0.00233169
2450 	 3110 	 0.958878 	 0.00111641	0.00233239
2450 	 3115 	 0.958879 	 0.00111675	0.0023331
2450 	 3120 	 0.95888 	 0.00111709	0.0023338
2450 	 3125 	 0.958881 	 0.00111742	0.0023345
2450 	 3130 	 0.958882 	 0.00111776	0.0023352
2450 	 3135 	 0.958883 	 0.00111809	0.0023359
2450 	 3140 	 0.958884 	 0.00111843	0.0023366
2450 	 3145 	 0.958885 	 0.00111876	0.0023373
2450 	 3150 	 0.958886 	 0.00111909	0.00233799
2450 	 3155 	 0.958887 	 0.00111943	0.00233869
2450 	 3160 	 0.958887 	 0.00111976	0.00233938
2450 	 3165 	 0.958888 	 0.00112009	0.00234007
2450 	 3170 	 0.958889 	 0.00112042	0.00234076
2450 	 3175 	 0.95889 	 0.00112075	0.00234145
2450 	 3180 	 0.958891 	 0.00112108	0.00234213
2450 	 3185 	 0.958892 	 0.00112141	0.00234282
2450 	 3190 	 0.958893 	 0.00112173	0.0023435
2450 	 3195 	 0.958894 	 0.00112206	0.00234419
2450 	 3200 	 0.958894 	 0.00112239	0.00234487
2450 	 3205 	 0.958895 	 0.00112271	0.00234555
2450 	 3210 	 0.958896 	 0.00112304	0.00234623
2450 	 3215 	 0.958897 	 0.00112336	0.00234691
2450 	 3220 	 0.958898 	 0.00112368	0.00234758
2450 	 3225 	 0.958899 	 0.00112401	0.00234826
2450 	 3230 	 0.9589 	 0.00112433	0.00234893
2450 	 3235 	 0.958901 	 0.00112465	0.0023496
2450 	 3240 	 0.958901 	 0.00112497	0.00235027
2450 	 3245 	 0.958902 	 0.00112529	0.00235094
2450 	 3250 	 0.958903 	 0.00112561	0.00235161
2450 	 3255 	 0.958904 	 0.00112593	0.00235228
2450 	 3260 	 0.958905 	 0.00112625	0.00235295
2450 	 3265 	 0.958906 	 0.00112657	0.00235361
2450 	 3270 	 0.958906 	 0.00112689	0.00235427
2450 	 3275 	 0.958907 	 0.0011272	0.00235494
2450 	 3280 	 0.958908 	 0.00112752	0.0023556
2450 	 3285 	 0.958909 	 0.00112784	0.00235626
2450 	 3290 	 0.95891 	 0.00112815	0.00235691
2450 	 3295 	 0.958911 	 0.00112847	0.00235757
2450 	 3300 	 0.958911 	 0.00112878	0.00235823
2450 	 3305 	 0.958912 	 0.00112909	0.00235888
2450 	 3310 	 0.958913 	 0.00112941	0.00235953
2450 	 3315 	 0.958914 	 0.00112972	0.00236019
2450 	 3320 	 0.958915 	 0.00113003	0.00236084
2450 	 3325 	 0.958916 	 0.00113034	0.00236149
2450 	 3330 	 0.958916 	 0.00113065	0.00236213
2450 	 3335 	 0.958917 	 0.00113096	0.00236278
2450 	 3340 	 0.958918 	 0.00113127	0.00236343
2450 	 3345 	 0.958919 	 0.00113158	0.00236407
2450 	 3350 	 0.95892 	 0.00113189	0.00236472
2450 	 3355 	 0.95892 	 0.00113219	0.00236536
2450 	 3360 	 0.958921 	 0.0011325	0.002366
2450 	 3365 	 0.958922 	 0.00113281	0.00236664
2450 	 3370 	 0.958923 	 0.00113311	0.00236728
2450 	 3375 	 0.958924 	 0.00113342	0.00236791
2450 	 3380 	 0.958924 	 0.00113372	0.00236855
2450 	 3385 	 0.958925 	 0.00113403	0.00236919
2450 	 3390 	 0.958926 	 0.00113433	0.00236982
2450 	 3395 	 0.958927 	 0.00113463	0.00237045
2450 	 3400 	 0.958928 	 0.00113493	0.00237108
2450 	 3405 	 0.958928 	 0.00113524	0.00237171
2450 	 3410 	 0.958929 	 0.00113554	0.00237234
2450 	 3415 	 0.95893 	 0.00113584	0.00237297
2450 	 3420 	 0.958931 	 0.00113614	0.0023736
2450 	 3425 	 0.958931 	 0.00113644	0.00237422
2450 	 3430 	 0.958932 	 0.00113673	0.00237485
2450 	 3435 	 0.958933 	 0.00113703	0.00237547
2450 	 3440 	 0.958934 	 0.00113733	0.00237609
2450 	 3445 	 0.958935 	 0.00113763	0.00237671
2450 	 3450 	 0.958935 	 0.00113792	0.00237733
2450 	 3455 	 0.958936 	 0.00113822	0.00237795
2450 	 3460 	 0.958937 	 0.00113852	0.00237857
2450 	 3465 	 0.958938 	 0.00113881	0.00237919
2450 	 3470 	 0.958938 	 0.00113911	0.0023798
2450 	 3475 	 0.958939 	 0.0011394	0.00238041
2450 	 3480 	 0.95894 	 0.00113969	0.00238103
2450 	 3485 	 0.958941 	 0.00113999	0.00238164
2450 	 3490 	 0.958941 	 0.00114028	0.00238225
2450 	 3495 	 0.958942 	 0.00114057	0.00238286
2450 	 3500 	 0.958943 	 0.00114086	0.00238347
2450 	 3505 	 0.958944 	 0.00114115	0.00238408
2450 	 3510 	 0.958944 	 0.00114144	0.00238468
2450 	 3515 	 0.958945 	 0.00114173	0.00238529
2450 	 3520 	 0.958946 	 0.00114202	0.00238589
2450 	 3525 	 0.958947 	 0.00114231	0.00238649
2450 	 3530 	 0.958947 	 0.0011426	0.0023871
2450 	 3535 	 0.958948 	 0.00114289	0.0023877
2450 	 3540 	 0.958949 	 0.00114317	0.0023883
2450 	 3545 	 0.95895 	 0.00114346	0.0023889
2450 	 3550 	 0.95895 	 0.00114375	0.00238949
2450 	 3555 	 0.958951 	 0.00114403	0.00239009
2450 	 3560 	 0.958952 	 0.00114432	0.00239069
2450 	 3565 	 0.958952 	 0.0011446	0.00239128
2450 	 3570 	 0.958953 	 0.00114488	0.00239187
2450 	 3575 	 0.958954 	 0.00114517	0.00239247
2450 	 3580 	 0.958955 	 0.00114545	0.00239306
2450 	 3585 	 0.958955 	 0.00114573	0.00239365
2450 	 3590 	 0.958956 	 0.00114602	0.00239424
2450 	 3595 	 0.958957 	 0.0011463	0.00239482
2450 	 3600 	 0.958957 	 0.00114658	0.00239541
2450 	 3605 	 0.958958 	 0.00114686	0.002396
2450 	 3610 	 0.958959 	 0.00114714	0.00239658
2450 	 3615 	 0.95896 	 0.00114742	0.00239717
2450 	 3620 	 0.95896 	 0.0011477	0.00239775
2450 	 3625 	 0.958961 	 0.00114798	0.00239833
2450 	 3630 	 0.958962 	 0.00114825	0.00239891
2450 	 3635 	 0.958962 	 0.00114853	0.00239949
2450 	 3640 	 0.958963 	 0.00114881	0.00240007
2450 	 3645 	 0.958964 	 0.00114909	0.00240065
2450 	 3650 	 0.958965 	 0.00114936	0.00240123
2450 	 3655 	 0.958965 	 0.00114964	0.0024018
2450 	 3660 	 0.958966 	 0.00114991	0.00240238
2450 	 3665 	 0.958967 	 0.00115019	0.00240295
2450 	 3670 	 0.958967 	 0.00115046	0.00240352
2450 	 3675 	 0.958968 	 0.00115073	0.00240409
2450 	 3680 	 0.958969 	 0.00115101	0.00240466
2450 	 3685 	 0.958969 	 0.00115128	0.00240523
2450 	 3690 	 0.95897 	 0.00115155	0.0024058
2450 	 3695 	 0.958971 	 0.00115182	0.00240637
2450 	 3700 	 0.958971 	 0.0011521	0.00240694
2450 	 3705 	 0.958972 	 0.00115237	0.0024075
2450 	 3710 	 0.958973 	 0.00115264	0.00240807
2450 	 3715 	 0.958973 	 0.00115291	0.00240863
2450 	 3720 	 0.958974 	 0.00115318	0.0024092
2450 	 3725 	 0.958975 	 0.00115345	0.00240976
2450 	 3730 	 0.958976 	 0.00115371	0.00241032
2450 	 3735 	 0.958976 	 0.00115398	0.00241088
2450 	 3740 	 0.958977 	 0.00115425	0.00241144
2450 	 3745 	 0.958978 	 0.00115452	0.002412
2450 	 3750 	 0.958978 	 0.00115478	0.00241255
2450 	 3755 	 0.958979 	 0.00115505	0.00241311
2450 	 3760 	 0.95898 	 0.00115532	0.00241366
2450 	 3765 	 0.95898 	 0.00115558	0.00241422
2450 	 3770 	 0.958981 	 0.00115585	0.00241477
2450 	 3775 	 0.958981 	 0.00115611	0.00241532
2450 	 3780 	 0.958982 	 0.00115637	0.00241588
2450 	 3785 	 0.958983 	 0.00115664	0.00241643
2450 	 3790 	 0.958983 	 0.0011569	0.00241698
2450 	 3795 	 0.958984 	 0.00115716	0.00241752
2450 	 3800 	 0.958985 	 0.00115742	0.00241807
2450 	 3805 	 0.958985 	 0.00115769	0.00241862
2450 	 3810 	 0.958986 	 0.00115795	0.00241916
2450 	 3815 	 0.958987 	 0.00115821	0.00241971
2450 	 3820 	 0.958987 	 0.00115847	0.00242025
2450 	 3825 	 0.958988 	 0.00115873	0.0024208
2450 	 3830 	 0.958989 	 0.00115899	0.00242134
2450 	 3835 	 0.958989 	 0.00115925	0.00242188
2450 	 3840 	 0.95899 	 0.00115951	0.00242242
2450 	 3845 	 0.958991 	 0.00115976	0.00242296
2450 	 3850 	 0.958991 	 0.00116002	0.0024235
2450 	 3855 	 0.958992 	 0.00116028	0.00242404
2450 	 3860 	 0.958992 	 0.00116054	0.00242457
2450 	 3865 	 0.958993 	 0.00116079	0.00242511
2450 	 3870 	 0.958994 	 0.00116105	0.00242564
2450 	 3875 	 0.958994 	 0.0011613	0.00242618
2450 	 3880 	 0.958995 	 0.00116156	0.00242671
2450 	 3885 	 0.958996 	 0.00116181	0.00242724
2450 	 3890 	 0.958996 	 0.00116207	0.00242777
2450 	 3895 	 0.958997 	 0.00116232	0.0024283
2450 	 3900 	 0.958998 	 0.00116258	0.00242883
2450 	 3905 	 0.958998 	 0.00116283	0.00242936
2450 	 3910 	 0.958999 	 0.00116308	0.00242989
2450 	 3915 	 0.958999 	 0.00116333	0.00243042
2450 	 3920 	 0.959 	 0.00116359	0.00243094
2450 	 3925 	 0.959001 	 0.00116384	0.00243147
2450 	 3930 	 0.959001 	 0.00116409	0.00243199
2450 	 3935 	 0.959002 	 0.00116434	0.00243252
2450 	 3940 	 0.959002 	 0.00116459	0.00243304
2450 	 3945 	 0.959003 	 0.00116484	0.00243356
2450 	 3950 	 0.959004 	 0.00116509	0.00243408
2450 	 3955 	 0.959004 	 0.00116534	0.0024346
2450 	 3960 	 0.959005 	 0.00116559	0.00243512
2450 	 3965 	 0.959006 	 0.00116583	0.00243564
2450 	 3970 	 0.959006 	 0.00116608	0.00243616
2450 	 3975 	 0.959007 	 0.00116633	0.00243668
2450 	 3980 	 0.959007 	 0.00116658	0.00243719
2450 	 3985 	 0.959008 	 0.00116682	0.00243771
2450 	 3990 	 0.959009 	 0.00116707	0.00243822
2450 	 3995 	 0.959009 	 0.00116731	0.00243873
2450 	 4000 	 0.95901 	 0.00116756	0.00243925
2450 	 4005 	 0.95901 	 0.00116781	0.00243976
2450 	 4010 	 0.959011 	 0.00116805	0.00244027
2450 	 4015 	 0.959012 	 0.00116829	0.00244078
2450 	 4020 	 0.959012 	 0.00116854	0.00244129
2450 	 4025 	 0.959013 	 0.00116878	0.0024418
2450 	 4030 	 0.959013 	 0.00116902	0.0024423
2450 	 4035 	 0.959014 	 0.00116927	0.00244281
2450 	 4040 	 0.959014 	 0.00116951	0.00244332
2450 	 4045 	 0.959015 	 0.00116975	0.00244382
2450 	 4050 	 0.959016 	 0.00116999	0.00244433
2450 	 4055 	 0.959016 	 0.00117023	0.00244483
2450 	 4060 	 0.959017 	 0.00117047	0.00244533
2450 	 4065 	 0.959017 	 0.00117071	0.00244583
2450 	 4070 	 0.959018 	 0.00117095	0.00244634
2450 	 4075 	 0.959019 	 0.00117119	0.00244684
2450 	 4080 	 0.959019 	 0.00117143	0.00244734
2450 	 4085 	 0.95902 	 0.00117167	0.00244783
2450 	 4090 	 0.95902 	 0.00117191	0.00244833
2450 	 4095 	 0.959021 	 0.00117215	0.00244883
2450 	 4100 	 0.959021 	 0.00117239	0.00244933
2450 	 4105 	 0.959022 	 0.00117262	0.00244982
2450 	 4110 	 0.959023 	 0.00117286	0.00245032
2450 	 4115 	 0.959023 	 0.0011731	0.00245081
2450 	 4120 	 0.959024 	 0.00117333	0.0024513
2450 	 4125 	 0.959024 	 0.00117357	0.0024518
2450 	 4130 	 0.959025 	 0.0011738	0.00245229
2450 	 4135 	 0.959025 	 0.00117404	0.00245278
2450 	 4140 	 0.959026 	 0.00117427	0.00245327
2450 	 4145 	 0.959027 	 0.00117451	0.00245376
2450 	 4150 	 0.959027 	 0.00117474	0.00245425
2450 	 4155 	 0.959028 	 0.00117497	0.00245474
2450 	 4160 	 0.959028 	 0.00117521	0.00245522
2450 	 4165 	 0.959029 	 0.00117544	0.00245571
2450 	 4170 	 0.959029 	 0.00117567	0.00245619
2450 	 4175 	 0.95903 	 0.0011759	0.00245668
2450 	 4180 	 0.95903 	 0.00117614	0.00245716
2450 	 4185 	 0.959031 	 0.00117637	0.00245765
2450 	 4190 	 0.959032 	 0.0011766	0.00245813
2450 	 4195 	 0.959032 	 0.00117683	0.00245861
2450 	 4200 	 0.959033 	 0.00117706	0.00245909
2450 	 4205 	 0.959033 	 0.00117729	0.00245957
2450 	 4210 	 0.959034 	 0.00117752	0.00246005
2450 	 4215 	 0.959034 	 0.00117775	0.00246053
2450 	 4220 	 0.959035 	 0.00117798	0.00246101
2450 	 4225 	 0.959035 	 0.00117821	0.00246149
2450 	 4230 	 0.959036 	 0.00117843	0.00246196
2450 	 4235 	 0.959036 	 0.00117866	0.00246244
2450 	 4240 	 0.959037 	 0.00117889	0.00246291
2450 	 4245 	 0.959038 	 0.00117912	0.00246339
2450 	 4250 	 0.959038 	 0.00117934	0.00246386
2450 	 4255 	 0.959039 	 0.00117957	0.00246433
2450 	 4260 	 0.959039 	 0.00117979	0.00246481
2450 	 4265 	 0.95904 	 0.00118002	0.00246528
2450 	 4270 	 0.95904 	 0.00118025	0.00246575
2450 	 4275 	 0.959041 	 0.00118047	0.00246622
2450 	 4280 	 0.959041 	 0.0011807	0.00246669
2450 	 4285 	 0.959042 	 0.00118092	0.00246716
2450 	 4290 	 0.959042 	 0.00118114	0.00246762
2450 	 4295 	 0.959043 	 0.00118137	0.00246809
2450 	 4300 	 0.959043 	 0.00118159	0.00246856
2450 	 4305 	 0.959044 	 0.00118181	0.00246902
2450 	 4310 	 0.959045 	 0.00118204	0.00246949
2450 	 4315 	 0.959045 	 0.00118226	0.00246995
2450 	 4320 	 0.959046 	 0.00118248	0.00247042
2450 	 4325 	 0.959046 	 0.0011827	0.00247088
2450 	 4330 	 0.959047 	 0.00118292	0.00247134
2450 	 4335 	 0.959047 	 0.00118314	0.0024718
2450 	 4340 	 0.959048 	 0.00118336	0.00247226
2450 	 4345 	 0.959048 	 0.00118359	0.00247273
2450 	 4350 	 0.959049 	 0.00118381	0.00247318
2450 	 4355 	 0.959049 	 0.00118402	0.00247364
2450 	 4360 	 0.95905 	 0.00118424	0.0024741
2450 	 4365 	 0.95905 	 0.00118446	0.00247456
2450 	 4370 	 0.959051 	 0.00118468	0.00247502
2450 	 4375 	 0.959051 	 0.0011849	0.00247547
2450 	 4380 	 0.959052 	 0.00118512	0.00247593
2450 	 4385 	 0.959052 	 0.00118534	0.00247638
2450 	 4390 	 0.959053 	 0.00118555	0.00247684
2450 	 4395 	 0.959053 	 0.00118577	0.00247729
2450 	 4400 	 0.959054 	 0.00118599	0.00247774
2450 	 4405 	 0.959054 	 0.0011862	0.00247819
2450 	 4410 	 0.959055 	 0.00118642	0.00247864
2450 	 4415 	 0.959055 	 0.00118663	0.0024791
2450 	 4420 	 0.959056 	 0.00118685	0.00247955
2450 	 4425 	 0.959056 	 0.00118706	0.00247999
2450 	 4430 	 0.959057 	 0.00118728	0.00248044
2450 	 4435 	 0.959057 	 0.00118749	0.00248089
2450 	 4440 	 0.959058 	 0.00118771	0.00248134
2450 	 4445 	 0.959058 	 0.00118792	0.00248179
2450 	 4450 	 0.959059 	 0.00118814	0.00248223
2450 	 4455 	 0.959059 	 0.00118835	0.00248268
2450 	 4460 	 0.95906 	 0.00118856	0.00248312
2450 	 4465 	 0.95906 	 0.00118877	0.00248357
2450 	 4470 	 0.959061 	 0.00118899	0.00248401
2450 	 4475 	 0.959061 	 0.0011892	0.00248445
2450 	 4480 	 0.959062 	 0.00118941	0.00248489
2450 	 4485 	 0.959062 	 0.00118962	0.00248533
2450 	 4490 	 0.959063 	 0.00118983	0.00248578
2450 	 4495 	 0.959063 	 0.00119004	0.00248622
2450 	 4500 	 0.959064 	 0.00119025	0.00248666
2450 	 4505 	 0.959064 	 0.00119046	0.00248709
2450 	 4510 	 0.959065 	 0.00119067	0.00248753
2450 	 4515 	 0.959065 	 0.00119088	0.00248797
2450 	 4520 	 0.959066 	 0.00119109	0.00248841
2450 	 4525 	 0.959066 	 0.0011913	0.00248884
2450 	 4530 	 0.959067 	 0.00119151	0.00248928
2450 	 4535 	 0.959067 	 0.00119172	0.00248971
2450 	 4540 	 0.959068 	 0.00119192	0.00249015
2450 	 4545 	 0.959068 	 0.00119213	0.00249058
2450 	 4550 	 0.959069 	 0.00119234	0.00249102
2450 	 4555 	 0.959069 	 0.00119255	0.00249145
2450 	 4560 	 0.95907 	 0.00119275	0.00249188
2450 	 4565 	 0.95907 	 0.00119296	0.00249231
2450 	 4570 	 0.959071 	 0.00119317	0.00249274
2450 	 4575 	 0.959071 	 0.00119337	0.00249317
2450 	 4580 	 0.959072 	 0.00119358	0.0024936
2450 	 4585 	 0.959072 	 0.00119378	0.00249403
2450 	 4590 	 0.959072 	 0.00119399	0.00249446
2450 	 4595 	 0.959073 	 0.00119419	0.00249489
2450 	 4600 	 0.959073 	 0.0011944	0.00249531
2450 	 4605 	 0.959074 	 0.0011946	0.00249574
2450 	 4610 	 0.959074 	 0.0011948	0.00249616
2450 	 4615 	 0.959075 	 0.00119501	0.00249659
2450 	 4620 	 0.959075 	 0.00119521	0.00249701
2450 	 4625 	 0.959076 	 0.00119541	0.00249744
2450 	 4630 	 0.959076 	 0.00119562	0.00249786
2450 	 4635 	 0.959077 	 0.00119582	0.00249828
2450 	 4640 	 0.959077 	 0.00119602	0.00249871
2450 	 4645 	 0.959078 	 0.00119622	0.00249913
2450 	 4650 	 0.959078 	 0.00119642	0.00249955
2450 	 4655 	 0.959079 	 0.00119663	0.00249997
2450 	 4660 	 0.959079 	 0.00119683	0.00250039
2450 	 4665 	 0.95908 	 0.00119703	0.00250081
2450 	 4670 	 0.95908 	 0.00119723	0.00250123
2450 	 4675 	 0.95908 	 0.00119743	0.00250164
2450 	 4680 	 0.959081 	 0.00119763	0.00250206
2450 	 4685 	 0.959081 	 0.00119783	0.00250248
2450 	 4690 	 0.959082 	 0.00119803	0.00250289
2450 	 4695 	 0.959082 	 0.00119822	0.00250331
2450 	 4700 	 0.959083 	 0.00119842	0.00250372
2450 	 4705 	 0.959083 	 0.00119862	0.00250414
2450 	 4710 	 0.959084 	 0.00119882	0.00250455
2450 	 4715 	 0.959084 	 0.00119902	0.00250497
2450 	 4720 	 0.959085 	 0.00119922	0.00250538
2450 	 4725 	 0.959085 	 0.00119941	0.00250579
2450 	 4730 	 0.959085 	 0.00119961	0.0025062
2450 	 4735 	 0.959086 	 0.00119981	0.00250661
2450 	 4740 	 0.959086 	 0.0012	0.00250702
2450 	 4745 	 0.959087 	 0.0012002	0.00250743
2450 	 4750 	 0.959087 	 0.00120039	0.00250784
2450 	 4755 	 0.959088 	 0.00120059	0.00250825
2450 	 4760 	 0.959088 	 0.00120079	0.00250866
2450 	 4765 	 0.959089 	 0.00120098	0.00250907
2450 	 4770 	 0.959089 	 0.00120118	0.00250947
2450 	 4775 	 0.959089 	 0.00120137	0.00250988
2450 	 4780 	 0.95909 	 0.00120156	0.00251029
2450 	 4785 	 0.95909 	 0.00120176	0.00251069
2450 	 4790 	 0.959091 	 0.00120195	0.0025111
2450 	 4795 	 0.959091 	 0.00120215	0.0025115
2450 	 4800 	 0.959092 	 0.00120234	0.0025119
2450 	 4805 	 0.959092 	 0.00120253	0.00251231
2450 	 4810 	 0.959093 	 0.00120272	0.00251271
2450 	 4815 	 0.959093 	 0.00120292	0.00251311
2450 	 4820 	 0.959093 	 0.00120311	0.00251351
2450 	 4825 	 0.959094 	 0.0012033	0.00251391
2450 	 4830 	 0.959094 	 0.00120349	0.00251431
2450 	 4835 	 0.959095 	 0.00120368	0.00251471
2450 	 4840 	 0.959095 	 0.00120387	0.00251511
2450 	 4845 	 0.959096 	 0.00120407	0.00251551
2450 	 4850 	 0.959096 	 0.00120426	0.00251591
2450 	 4855 	 0.959096 	 0.00120445	0.00251631
2450 	 4860 	 0.959097 	 0.00120464	0.0025167
2450 	 4865 	 0.959097 	 0.00120483	0.0025171
2450 	 4870 	 0.959098 	 0.00120502	0.0025175
2450 	 4875 	 0.959098 	 0.0012052	0.00251789
2450 	 4880 	 0.959099 	 0.00120539	0.00251829
2450 	 4885 	 0.959099 	 0.00120558	0.00251868
2450 	 4890 	 0.959099 	 0.00120577	0.00251908
2450 	 4895 	 0.9591 	 0.00120596	0.00251947
2450 	 4900 	 0.9591 	 0.00120615	0.00251986
2450 	 4905 	 0.959101 	 0.00120633	0.00252025
2450 	 4910 	 0.959101 	 0.00120652	0.00252064
2450 	 4915 	 0.959102 	 0.00120671	0.00252104
2450 	 4920 	 0.959102 	 0.0012069	0.00252143
2450 	 4925 	 0.959102 	 0.00120708	0.00252182
2450 	 4930 	 0.959103 	 0.00120727	0.00252221
2450 	 4935 	 0.959103 	 0.00120746	0.0025226
2450 	 4940 	 0.959104 	 0.00120764	0.00252298
2450 	 4945 	 0.959104 	 0.00120783	0.00252337
2450 	 4950 	 0.959105 	 0.00120801	0.00252376
2450 	 4955 	 0.959105 	 0.0012082	0.00252415
2450 	 4960 	 0.959105 	 0.00120838	0.00252453
2450 	 4965 	 0.959106 	 0.00120857	0.00252492
2450 	 4970 	 0.959106 	 0.00120875	0.0025253
2450 	 4975 	 0.959107 	 0.00120894	0.00252569
2450 	 4980 	 0.959107 	 0.00120912	0.00252607
2450 	 4985 	 0.959107 	 0.0012093	0.00252646
2450 	 4990 	 0.959108 	 0.00120949	0.00252684
2450 	 4995 	 0.959108 	 0.00120967	0.00252722
2450 	 5000 	 0.959109 	 0.00120985	0.00252761
