3035 	 5 	 0.885109 	 0.00310554 	 0.00646707
3035 	 10 	 0.885428 	 0.00293926 	 0.00612081
3035 	 15 	 0.886163 	 0.00262332 	 0.00546288
3035 	 20 	 0.887808 	 0.00208423 	 0.00434026
3035 	 25 	 0.891299 	 0.00138326 	 0.00288055
3035 	 30 	 0.897921 	 0.00105419 	 0.00219528
3035 	 35 	 0.908177 	 0.00108111 	 0.00225134
3035 	 40 	 0.920319 	 0.000952433 	 0.00198337
3035 	 45 	 0.930574 	 0.00088853 	 0.0018503
3035 	 50 	 0.937111 	 0.000776126 	 0.00161623
3035 	 55 	 0.940722 	 0.000629993 	 0.00131192
3035 	 60 	 0.942671 	 0.000563264 	 0.00117296
3035 	 65 	 0.943806 	 0.000538065 	 0.00112048
3035 	 70 	 0.944563 	 0.000512016 	 0.00106624
3035 	 75 	 0.945145 	 0.000479966 	 0.000999495
3035 	 80 	 0.94564 	 0.000448933 	 0.000934872
3035 	 85 	 0.946088 	 0.000425419 	 0.000885904
3035 	 90 	 0.946507 	 0.000412746 	 0.000859515
3035 	 95 	 0.946904 	 0.000411312 	 0.000856529
3035 	 100 	 0.947283 	 0.000419558 	 0.0008737
3035 	 105 	 0.947646 	 0.000435069 	 0.000906
3035 	 110 	 0.947993 	 0.000455408 	 0.000948355
3035 	 115 	 0.948327 	 0.00047854 	 0.000996525
3035 	 120 	 0.948647 	 0.000502934 	 0.00104732
3035 	 125 	 0.948954 	 0.000527509 	 0.0010985
3035 	 130 	 0.949249 	 0.000551537 	 0.00114854
3035 	 135 	 0.949531 	 0.00057454 	 0.00119644
3035 	 140 	 0.949803 	 0.000596224 	 0.0012416
3035 	 145 	 0.950063 	 0.000616418 	 0.00128365
3035 	 150 	 0.950313 	 0.000635036 	 0.00132242
3035 	 155 	 0.950553 	 0.000652054 	 0.00135786
3035 	 160 	 0.950783 	 0.000667487 	 0.00139
3035 	 165 	 0.951004 	 0.000681379 	 0.00141892
3035 	 170 	 0.951216 	 0.000693791 	 0.00144477
3035 	 175 	 0.95142 	 0.000704797 	 0.00146769
3035 	 180 	 0.951615 	 0.000714477 	 0.00148785
3035 	 185 	 0.951803 	 0.000722918 	 0.00150543
3035 	 190 	 0.951982 	 0.000730205 	 0.0015206
3035 	 195 	 0.952155 	 0.000736425 	 0.00153355
3035 	 200 	 0.952321 	 0.000741664 	 0.00154446
3035 	 205 	 0.95248 	 0.000746006 	 0.00155351
3035 	 210 	 0.952632 	 0.000749531 	 0.00156085
3035 	 215 	 0.952779 	 0.000752317 	 0.00156665
3035 	 220 	 0.952919 	 0.000754437 	 0.00157106
3035 	 225 	 0.953054 	 0.000755963 	 0.00157424
3035 	 230 	 0.953184 	 0.00075696 	 0.00157632
3035 	 235 	 0.953308 	 0.000757493 	 0.00157743
3035 	 240 	 0.953427 	 0.00075762 	 0.00157769
3035 	 245 	 0.953541 	 0.000757397 	 0.00157723
3035 	 250 	 0.953651 	 0.000756875 	 0.00157614
3035 	 255 	 0.953756 	 0.000756102 	 0.00157453
3035 	 260 	 0.953858 	 0.000755123 	 0.00157249
3035 	 265 	 0.953955 	 0.000753979 	 0.00157011
3035 	 270 	 0.954048 	 0.000752708 	 0.00156746
3035 	 275 	 0.954137 	 0.000751344 	 0.00156462
3035 	 280 	 0.954223 	 0.000749919 	 0.00156165
3035 	 285 	 0.954305 	 0.000748461 	 0.00155862
3035 	 290 	 0.954384 	 0.000746995 	 0.00155556
3035 	 295 	 0.95446 	 0.000745545 	 0.00155255
3035 	 300 	 0.954533 	 0.000744131 	 0.0015496
3035 	 305 	 0.954603 	 0.000742771 	 0.00154677
3035 	 310 	 0.95467 	 0.00074148 	 0.00154408
3035 	 315 	 0.954734 	 0.000740271 	 0.00154156
3035 	 320 	 0.954796 	 0.000739157 	 0.00153924
3035 	 325 	 0.954855 	 0.000738146 	 0.00153714
3035 	 330 	 0.954912 	 0.000737247 	 0.00153526
3035 	 335 	 0.954966 	 0.000736465 	 0.00153364
3035 	 340 	 0.955019 	 0.000735804 	 0.00153226
3035 	 345 	 0.955069 	 0.000735269 	 0.00153115
3035 	 350 	 0.955117 	 0.000734861 	 0.0015303
3035 	 355 	 0.955163 	 0.00073458 	 0.00152971
3035 	 360 	 0.955208 	 0.000734427 	 0.00152939
3035 	 365 	 0.95525 	 0.0007344 	 0.00152934
3035 	 370 	 0.955291 	 0.000734498 	 0.00152954
3035 	 375 	 0.955331 	 0.000734717 	 0.00153
3035 	 380 	 0.955368 	 0.000735055 	 0.0015307
3035 	 385 	 0.955404 	 0.000735508 	 0.00153164
3035 	 390 	 0.955439 	 0.00073607 	 0.00153282
3035 	 395 	 0.955472 	 0.000736739 	 0.00153421
3035 	 400 	 0.955504 	 0.000737509 	 0.00153581
3035 	 405 	 0.955535 	 0.000738374 	 0.00153761
3035 	 410 	 0.955565 	 0.00073933 	 0.0015396
3035 	 415 	 0.955593 	 0.000740372 	 0.00154177
3035 	 420 	 0.95562 	 0.000741492 	 0.00154411
3035 	 425 	 0.955646 	 0.000742687 	 0.00154659
3035 	 430 	 0.955671 	 0.00074395 	 0.00154922
3035 	 435 	 0.955695 	 0.000745277 	 0.00155199
3035 	 440 	 0.955718 	 0.000746661 	 0.00155487
3035 	 445 	 0.95574 	 0.000748098 	 0.00155786
3035 	 450 	 0.955761 	 0.000749583 	 0.00156095
3035 	 455 	 0.955781 	 0.00075111 	 0.00156413
3035 	 460 	 0.955801 	 0.000752674 	 0.00156739
3035 	 465 	 0.95582 	 0.000754272 	 0.00157072
3035 	 470 	 0.955838 	 0.000755898 	 0.0015741
3035 	 475 	 0.955855 	 0.000757548 	 0.00157754
3035 	 480 	 0.955871 	 0.000759218 	 0.00158102
3035 	 485 	 0.955887 	 0.000760905 	 0.00158453
3035 	 490 	 0.955902 	 0.000762604 	 0.00158807
3035 	 495 	 0.955917 	 0.000764312 	 0.00159163
3035 	 500 	 0.955931 	 0.000766026 	 0.0015952
3035 	 505 	 0.955945 	 0.000767743 	 0.00159877
3035 	 510 	 0.955958 	 0.000769459 	 0.00160234
3035 	 515 	 0.95597 	 0.000771173 	 0.00160591
3035 	 520 	 0.955982 	 0.000772881 	 0.00160947
3035 	 525 	 0.955993 	 0.000774581 	 0.00161301
3035 	 530 	 0.956004 	 0.000776271 	 0.00161653
3035 	 535 	 0.956015 	 0.000777949 	 0.00162002
3035 	 540 	 0.956025 	 0.000779613 	 0.00162349
3035 	 545 	 0.956035 	 0.000781262 	 0.00162692
3035 	 550 	 0.956044 	 0.000782893 	 0.00163032
3035 	 555 	 0.956053 	 0.000784506 	 0.00163368
3035 	 560 	 0.956061 	 0.000786099 	 0.001637
3035 	 565 	 0.95607 	 0.000787672 	 0.00164027
3035 	 570 	 0.956077 	 0.000789222 	 0.0016435
3035 	 575 	 0.956085 	 0.000790749 	 0.00164668
3035 	 580 	 0.956092 	 0.000792252 	 0.00164981
3035 	 585 	 0.956099 	 0.000793731 	 0.00165289
3035 	 590 	 0.956106 	 0.000795185 	 0.00165592
3035 	 595 	 0.956112 	 0.000796613 	 0.00165889
3035 	 600 	 0.956119 	 0.000798016 	 0.00166181
3035 	 605 	 0.956125 	 0.000799391 	 0.00166468
3035 	 610 	 0.95613 	 0.000800741 	 0.00166749
3035 	 615 	 0.956136 	 0.000802063 	 0.00167024
3035 	 620 	 0.956141 	 0.000803358 	 0.00167294
3035 	 625 	 0.956146 	 0.000804626 	 0.00167558
3035 	 630 	 0.956151 	 0.000805867 	 0.00167816
3035 	 635 	 0.956155 	 0.000807081 	 0.00168069
3035 	 640 	 0.95616 	 0.000808268 	 0.00168316
3035 	 645 	 0.956164 	 0.000809428 	 0.00168558
3035 	 650 	 0.956168 	 0.000810561 	 0.00168794
3035 	 655 	 0.956172 	 0.000811667 	 0.00169024
3035 	 660 	 0.956176 	 0.000812747 	 0.00169249
3035 	 665 	 0.956179 	 0.0008138 	 0.00169468
3035 	 670 	 0.956183 	 0.000814828 	 0.00169682
3035 	 675 	 0.956186 	 0.00081583 	 0.00169891
3035 	 680 	 0.956189 	 0.000816806 	 0.00170094
3035 	 685 	 0.956192 	 0.000817758 	 0.00170292
3035 	 690 	 0.956195 	 0.000818685 	 0.00170485
3035 	 695 	 0.956198 	 0.000819588 	 0.00170673
3035 	 700 	 0.956201 	 0.000820467 	 0.00170856
3035 	 705 	 0.956204 	 0.000821322 	 0.00171035
3035 	 710 	 0.956206 	 0.000822155 	 0.00171208
3035 	 715 	 0.956208 	 0.000822964 	 0.00171377
3035 	 720 	 0.956211 	 0.000823752 	 0.00171541
3035 	 725 	 0.956213 	 0.000824517 	 0.001717
3035 	 730 	 0.956215 	 0.000825262 	 0.00171855
3035 	 735 	 0.956217 	 0.000825985 	 0.00172006
3035 	 740 	 0.956219 	 0.000826688 	 0.00172152
3035 	 745 	 0.956221 	 0.00082737 	 0.00172294
3035 	 750 	 0.956223 	 0.000828033 	 0.00172432
3035 	 755 	 0.956224 	 0.000828677 	 0.00172566
3035 	 760 	 0.956226 	 0.000829302 	 0.00172696
3035 	 765 	 0.956228 	 0.000829909 	 0.00172823
3035 	 770 	 0.956229 	 0.000830498 	 0.00172945
3035 	 775 	 0.956231 	 0.000831069 	 0.00173064
3035 	 780 	 0.956232 	 0.000831623 	 0.0017318
3035 	 785 	 0.956233 	 0.000832161 	 0.00173292
3035 	 790 	 0.956235 	 0.000832682 	 0.001734
3035 	 795 	 0.956236 	 0.000833188 	 0.00173506
3035 	 800 	 0.956237 	 0.000833678 	 0.00173608
3035 	 805 	 0.956238 	 0.000834153 	 0.00173707
3035 	 810 	 0.956239 	 0.000834614 	 0.00173802
3035 	 815 	 0.95624 	 0.00083506 	 0.00173895
3035 	 820 	 0.956241 	 0.000835492 	 0.00173985
3035 	 825 	 0.956242 	 0.000835911 	 0.00174073
3035 	 830 	 0.956243 	 0.000836317 	 0.00174157
3035 	 835 	 0.956244 	 0.00083671 	 0.00174239
3035 	 840 	 0.956245 	 0.000837091 	 0.00174318
3035 	 845 	 0.956246 	 0.00083746 	 0.00174395
3035 	 850 	 0.956247 	 0.000837817 	 0.00174469
3035 	 855 	 0.956247 	 0.000838163 	 0.00174541
3035 	 860 	 0.956248 	 0.000838497 	 0.00174611
3035 	 865 	 0.956249 	 0.000838821 	 0.00174679
3035 	 870 	 0.956249 	 0.000839134 	 0.00174744
3035 	 875 	 0.95625 	 0.000839438 	 0.00174807
3035 	 880 	 0.956251 	 0.000839731 	 0.00174868
3035 	 885 	 0.956251 	 0.000840015 	 0.00174927
3035 	 890 	 0.956252 	 0.00084029 	 0.00174985
3035 	 895 	 0.956252 	 0.000840556 	 0.0017504
3035 	 900 	 0.956253 	 0.000840813 	 0.00175093
3035 	 905 	 0.956253 	 0.000841062 	 0.00175145
3035 	 910 	 0.956254 	 0.000841302 	 0.00175195
3035 	 915 	 0.956254 	 0.000841535 	 0.00175244
3035 	 920 	 0.956255 	 0.000841759 	 0.0017529
3035 	 925 	 0.956255 	 0.000841977 	 0.00175336
3035 	 930 	 0.956256 	 0.000842187 	 0.0017538
3035 	 935 	 0.956256 	 0.00084239 	 0.00175422
3035 	 940 	 0.956256 	 0.000842587 	 0.00175463
3035 	 945 	 0.956257 	 0.000842777 	 0.00175502
3035 	 950 	 0.956257 	 0.00084296 	 0.00175541
3035 	 955 	 0.956257 	 0.000843137 	 0.00175577
3035 	 960 	 0.956258 	 0.000843309 	 0.00175613
3035 	 965 	 0.956258 	 0.000843474 	 0.00175648
3035 	 970 	 0.956258 	 0.000843634 	 0.00175681
3035 	 975 	 0.956259 	 0.000843789 	 0.00175713
3035 	 980 	 0.956259 	 0.000843938 	 0.00175744
3035 	 985 	 0.956259 	 0.000844083 	 0.00175774
3035 	 990 	 0.956259 	 0.000844222 	 0.00175803
3035 	 995 	 0.95626 	 0.000844357 	 0.00175831
3035 	 1000 	 0.95626 	 0.000844487 	 0.00175858
3035 	 1005 	 0.95626 	 0.000844612 	 0.00175885
3035 	 1010 	 0.95626 	 0.000844734 	 0.0017591
3035 	 1015 	 0.956261 	 0.000844851 	 0.00175934
3035 	 1020 	 0.956261 	 0.000844964 	 0.00175958
3035 	 1025 	 0.956261 	 0.000845073 	 0.00175981
3035 	 1030 	 0.956261 	 0.000845179 	 0.00176003
3035 	 1035 	 0.956261 	 0.000845281 	 0.00176024
3035 	 1040 	 0.956261 	 0.000845379 	 0.00176044
3035 	 1045 	 0.956262 	 0.000845474 	 0.00176064
3035 	 1050 	 0.956262 	 0.000845566 	 0.00176083
3035 	 1055 	 0.956262 	 0.000845654 	 0.00176102
3035 	 1060 	 0.956262 	 0.00084574 	 0.00176119
3035 	 1065 	 0.956262 	 0.000845822 	 0.00176137
3035 	 1070 	 0.956262 	 0.000845902 	 0.00176153
3035 	 1075 	 0.956262 	 0.000845979 	 0.00176169
3035 	 1080 	 0.956263 	 0.000846053 	 0.00176185
3035 	 1085 	 0.956263 	 0.000846124 	 0.00176199
3035 	 1090 	 0.956263 	 0.000846193 	 0.00176214
3035 	 1095 	 0.956263 	 0.00084626 	 0.00176228
3035 	 1100 	 0.956263 	 0.000846324 	 0.00176241
3035 	 1105 	 0.956263 	 0.000846386 	 0.00176254
3035 	 1110 	 0.956263 	 0.000846446 	 0.00176267
3035 	 1115 	 0.956263 	 0.000846504 	 0.00176279
3035 	 1120 	 0.956263 	 0.00084656 	 0.0017629
3035 	 1125 	 0.956263 	 0.000846614 	 0.00176301
3035 	 1130 	 0.956264 	 0.000846666 	 0.00176312
3035 	 1135 	 0.956264 	 0.000846716 	 0.00176323
3035 	 1140 	 0.956264 	 0.000846764 	 0.00176333
3035 	 1145 	 0.956264 	 0.000846811 	 0.00176342
3035 	 1150 	 0.956264 	 0.000846855 	 0.00176352
3035 	 1155 	 0.956264 	 0.000846899 	 0.00176361
3035 	 1160 	 0.956264 	 0.000846941 	 0.00176369
3035 	 1165 	 0.956264 	 0.000846981 	 0.00176378
3035 	 1170 	 0.956264 	 0.00084702 	 0.00176386
3035 	 1175 	 0.956264 	 0.000847057 	 0.00176394
3035 	 1180 	 0.956264 	 0.000847094 	 0.00176401
3035 	 1185 	 0.956264 	 0.000847129 	 0.00176409
3035 	 1190 	 0.956264 	 0.000847162 	 0.00176416
3035 	 1195 	 0.956264 	 0.000847195 	 0.00176422
3035 	 1200 	 0.956264 	 0.000847226 	 0.00176429
3035 	 1205 	 0.956264 	 0.000847256 	 0.00176435
3035 	 1210 	 0.956264 	 0.000847285 	 0.00176441
3035 	 1215 	 0.956264 	 0.000847313 	 0.00176447
3035 	 1220 	 0.956264 	 0.00084734 	 0.00176453
3035 	 1225 	 0.956265 	 0.000847367 	 0.00176458
3035 	 1230 	 0.956265 	 0.000847392 	 0.00176463
3035 	 1235 	 0.956265 	 0.000847416 	 0.00176468
3035 	 1240 	 0.956265 	 0.000847439 	 0.00176473
3035 	 1245 	 0.956265 	 0.000847462 	 0.00176478
3035 	 1250 	 0.956265 	 0.000847484 	 0.00176483
3035 	 1255 	 0.956265 	 0.000847505 	 0.00176487
3035 	 1260 	 0.956265 	 0.000847525 	 0.00176491
3035 	 1265 	 0.956265 	 0.000847544 	 0.00176495
3035 	 1270 	 0.956265 	 0.000847563 	 0.00176499
3035 	 1275 	 0.956265 	 0.000847581 	 0.00176503
3035 	 1280 	 0.956265 	 0.000847599 	 0.00176506
3035 	 1285 	 0.956265 	 0.000847616 	 0.0017651
3035 	 1290 	 0.956265 	 0.000847632 	 0.00176513
3035 	 1295 	 0.956265 	 0.000847647 	 0.00176517
3035 	 1300 	 0.956265 	 0.000847662 	 0.0017652
3035 	 1305 	 0.956265 	 0.000847677 	 0.00176523
3035 	 1310 	 0.956265 	 0.000847691 	 0.00176526
3035 	 1315 	 0.956265 	 0.000847704 	 0.00176529
3035 	 1320 	 0.956265 	 0.000847717 	 0.00176531
3035 	 1325 	 0.956265 	 0.00084773 	 0.00176534
3035 	 1330 	 0.956265 	 0.000847742 	 0.00176536
3035 	 1335 	 0.956265 	 0.000847754 	 0.00176539
3035 	 1340 	 0.956265 	 0.000847765 	 0.00176541
3035 	 1345 	 0.956265 	 0.000847776 	 0.00176543
3035 	 1350 	 0.956265 	 0.000847786 	 0.00176546
3035 	 1355 	 0.956265 	 0.000847796 	 0.00176548
3035 	 1360 	 0.956265 	 0.000847806 	 0.0017655
3035 	 1365 	 0.956265 	 0.000847815 	 0.00176552
3035 	 1370 	 0.956265 	 0.000847824 	 0.00176553
3035 	 1375 	 0.956265 	 0.000847833 	 0.00176555
3035 	 1380 	 0.956265 	 0.000847841 	 0.00176557
3035 	 1385 	 0.956265 	 0.000847849 	 0.00176559
3035 	 1390 	 0.956265 	 0.000847857 	 0.0017656
3035 	 1395 	 0.956265 	 0.000847864 	 0.00176562
3035 	 1400 	 0.956265 	 0.000847872 	 0.00176563
3035 	 1405 	 0.956265 	 0.000847878 	 0.00176565
3035 	 1410 	 0.956265 	 0.000847885 	 0.00176566
3035 	 1415 	 0.956265 	 0.000847892 	 0.00176567
3035 	 1420 	 0.956265 	 0.000847898 	 0.00176569
3035 	 1425 	 0.956265 	 0.000847904 	 0.0017657
3035 	 1430 	 0.956265 	 0.00084791 	 0.00176571
3035 	 1435 	 0.956265 	 0.000847915 	 0.00176572
3035 	 1440 	 0.956265 	 0.00084792 	 0.00176573
3035 	 1445 	 0.956265 	 0.000847926 	 0.00176575
3035 	 1450 	 0.956265 	 0.00084793 	 0.00176576
3035 	 1455 	 0.956265 	 0.000847935 	 0.00176577
3035 	 1460 	 0.956265 	 0.00084794 	 0.00176578
3035 	 1465 	 0.956265 	 0.000847944 	 0.00176578
3035 	 1470 	 0.956265 	 0.000847949 	 0.00176579
3035 	 1475 	 0.956265 	 0.000847953 	 0.0017658
3035 	 1480 	 0.956265 	 0.000847957 	 0.00176581
3035 	 1485 	 0.956265 	 0.00084796 	 0.00176582
3035 	 1490 	 0.956265 	 0.000847964 	 0.00176583
3035 	 1495 	 0.956265 	 0.000847968 	 0.00176583
3035 	 1500 	 0.956265 	 0.000847971 	 0.00176584
3035 	 1505 	 0.956265 	 0.000847974 	 0.00176585
3035 	 1510 	 0.956265 	 0.000847977 	 0.00176585
3035 	 1515 	 0.956265 	 0.00084798 	 0.00176586
3035 	 1520 	 0.956265 	 0.000847983 	 0.00176587
3035 	 1525 	 0.956265 	 0.000847986 	 0.00176587
3035 	 1530 	 0.956265 	 0.000847989 	 0.00176588
3035 	 1535 	 0.956265 	 0.000847992 	 0.00176588
3035 	 1540 	 0.956265 	 0.000847994 	 0.00176589
3035 	 1545 	 0.956265 	 0.000847996 	 0.00176589
3035 	 1550 	 0.956265 	 0.000847999 	 0.0017659
3035 	 1555 	 0.956265 	 0.000848001 	 0.0017659
3035 	 1560 	 0.956265 	 0.000848003 	 0.00176591
3035 	 1565 	 0.956265 	 0.000848005 	 0.00176591
3035 	 1570 	 0.956265 	 0.000848007 	 0.00176592
3035 	 1575 	 0.956265 	 0.000848009 	 0.00176592
3035 	 1580 	 0.956265 	 0.000848011 	 0.00176592
3035 	 1585 	 0.956265 	 0.000848013 	 0.00176593
3035 	 1590 	 0.956265 	 0.000848015 	 0.00176593
3035 	 1595 	 0.956265 	 0.000848016 	 0.00176593
3035 	 1600 	 0.956265 	 0.000848018 	 0.00176594
3035 	 1605 	 0.956265 	 0.000848019 	 0.00176594
3035 	 1610 	 0.956265 	 0.000848021 	 0.00176594
3035 	 1615 	 0.956265 	 0.000848022 	 0.00176595
3035 	 1620 	 0.956265 	 0.000848024 	 0.00176595
3035 	 1625 	 0.956265 	 0.000848025 	 0.00176595
3035 	 1630 	 0.956265 	 0.000848026 	 0.00176596
3035 	 1635 	 0.956265 	 0.000848028 	 0.00176596
3035 	 1640 	 0.956265 	 0.000848029 	 0.00176596
3035 	 1645 	 0.956265 	 0.00084803 	 0.00176596
3035 	 1650 	 0.956265 	 0.000848031 	 0.00176596
3035 	 1655 	 0.956265 	 0.000848032 	 0.00176597
3035 	 1660 	 0.956265 	 0.000848033 	 0.00176597
3035 	 1665 	 0.956265 	 0.000848034 	 0.00176597
3035 	 1670 	 0.956265 	 0.000848035 	 0.00176597
3035 	 1675 	 0.956265 	 0.000848036 	 0.00176598
3035 	 1680 	 0.956265 	 0.000848037 	 0.00176598
3035 	 1685 	 0.956265 	 0.000848038 	 0.00176598
3035 	 1690 	 0.956265 	 0.000848038 	 0.00176598
3035 	 1695 	 0.956265 	 0.000848039 	 0.00176598
3035 	 1700 	 0.956265 	 0.00084804 	 0.00176598
3035 	 1705 	 0.956265 	 0.000848041 	 0.00176599
3035 	 1710 	 0.956265 	 0.000848041 	 0.00176599
3035 	 1715 	 0.956265 	 0.000848042 	 0.00176599
3035 	 1720 	 0.956265 	 0.000848043 	 0.00176599
3035 	 1725 	 0.956265 	 0.000848043 	 0.00176599
3035 	 1730 	 0.956265 	 0.000848044 	 0.00176599
3035 	 1735 	 0.956265 	 0.000848044 	 0.00176599
3035 	 1740 	 0.956265 	 0.000848045 	 0.00176599
3035 	 1745 	 0.956265 	 0.000848046 	 0.001766
3035 	 1750 	 0.956265 	 0.000848046 	 0.001766
3035 	 1755 	 0.956265 	 0.000848047 	 0.001766
3035 	 1760 	 0.956265 	 0.000848047 	 0.001766
3035 	 1765 	 0.956265 	 0.000848047 	 0.001766
3035 	 1770 	 0.956265 	 0.000848048 	 0.001766
3035 	 1775 	 0.956265 	 0.000848048 	 0.001766
3035 	 1780 	 0.956265 	 0.000848049 	 0.001766
3035 	 1785 	 0.956265 	 0.000848049 	 0.001766
3035 	 1790 	 0.956265 	 0.00084805 	 0.001766
3035 	 1795 	 0.956265 	 0.00084805 	 0.001766
3035 	 1800 	 0.956265 	 0.00084805 	 0.00176601
3035 	 1805 	 0.956265 	 0.000848051 	 0.00176601
3035 	 1810 	 0.956265 	 0.000848051 	 0.00176601
3035 	 1815 	 0.956265 	 0.000848051 	 0.00176601
3035 	 1820 	 0.956265 	 0.000848051 	 0.00176601
3035 	 1825 	 0.956265 	 0.000848052 	 0.00176601
3035 	 1830 	 0.956265 	 0.000848052 	 0.00176601
3035 	 1835 	 0.956265 	 0.000848052 	 0.00176601
3035 	 1840 	 0.956265 	 0.000848053 	 0.00176601
3035 	 1845 	 0.956265 	 0.000848053 	 0.00176601
3035 	 1850 	 0.956265 	 0.000848053 	 0.00176601
3035 	 1855 	 0.956265 	 0.000848053 	 0.00176601
3035 	 1860 	 0.956265 	 0.000848054 	 0.00176601
3035 	 1865 	 0.956265 	 0.000848054 	 0.00176601
3035 	 1870 	 0.956265 	 0.000848054 	 0.00176601
3035 	 1875 	 0.956265 	 0.000848054 	 0.00176601
3035 	 1880 	 0.956265 	 0.000848054 	 0.00176601
3035 	 1885 	 0.956265 	 0.000848054 	 0.00176601
3035 	 1890 	 0.956265 	 0.000848055 	 0.00176601
3035 	 1895 	 0.956265 	 0.000848055 	 0.00176601
3035 	 1900 	 0.956265 	 0.000848055 	 0.00176602
3035 	 1905 	 0.956265 	 0.000848055 	 0.00176602
3035 	 1910 	 0.956265 	 0.000848055 	 0.00176602
3035 	 1915 	 0.956265 	 0.000848055 	 0.00176602
3035 	 1920 	 0.956265 	 0.000848056 	 0.00176602
3035 	 1925 	 0.956265 	 0.000848056 	 0.00176602
3035 	 1930 	 0.956265 	 0.000848056 	 0.00176602
3035 	 1935 	 0.956265 	 0.000848056 	 0.00176602
3035 	 1940 	 0.956265 	 0.000848056 	 0.00176602
3035 	 1945 	 0.956265 	 0.000848056 	 0.00176602
3035 	 1950 	 0.956265 	 0.000848056 	 0.00176602
3035 	 1955 	 0.956265 	 0.000848056 	 0.00176602
3035 	 1960 	 0.956265 	 0.000848057 	 0.00176602
3035 	 1965 	 0.956265 	 0.000848057 	 0.00176602
3035 	 1970 	 0.956265 	 0.000848057 	 0.00176602
3035 	 1975 	 0.956265 	 0.000848057 	 0.00176602
3035 	 1980 	 0.956265 	 0.000848057 	 0.00176602
3035 	 1985 	 0.956265 	 0.000848057 	 0.00176602
3035 	 1990 	 0.956265 	 0.000848057 	 0.00176602
3035 	 1995 	 0.956265 	 0.000848057 	 0.00176602
3035 	 2000 	 0.956265 	 0.000848057 	 0.00176602
3035 	 2005 	 0.956265 	 0.000848057 	 0.00176602
3035 	 2010 	 0.956265 	 0.000848057 	 0.00176602
3035 	 2015 	 0.956265 	 0.000848057 	 0.00176602
3035 	 2020 	 0.956265 	 0.000848057 	 0.00176602
3035 	 2025 	 0.956265 	 0.000848058 	 0.00176602
3035 	 2030 	 0.956265 	 0.000848058 	 0.00176602
3035 	 2035 	 0.956265 	 0.000848058 	 0.00176602
3035 	 2040 	 0.956265 	 0.000848058 	 0.00176602
3035 	 2045 	 0.956265 	 0.000848058 	 0.00176602
3035 	 2050 	 0.956265 	 0.000848058 	 0.00176602
3035 	 2055 	 0.956265 	 0.000848058 	 0.00176602
3035 	 2060 	 0.956265 	 0.000848058 	 0.00176602
3035 	 2065 	 0.956265 	 0.000848058 	 0.00176602
3035 	 2070 	 0.956265 	 0.000848058 	 0.00176602
3035 	 2075 	 0.956265 	 0.000848058 	 0.00176602
3035 	 2080 	 0.956265 	 0.000848058 	 0.00176602
3035 	 2085 	 0.956265 	 0.000848058 	 0.00176602
3035 	 2090 	 0.956265 	 0.000848058 	 0.00176602
3035 	 2095 	 0.956265 	 0.000848058 	 0.00176602
3035 	 2100 	 0.956265 	 0.000848058 	 0.00176602
3035 	 2105 	 0.956265 	 0.000848058 	 0.00176602
3035 	 2110 	 0.956265 	 0.000848058 	 0.00176602
3035 	 2115 	 0.956265 	 0.000848058 	 0.00176602
3035 	 2120 	 0.956265 	 0.000848058 	 0.00176602
3035 	 2125 	 0.956265 	 0.000848058 	 0.00176602
3035 	 2130 	 0.956265 	 0.000848058 	 0.00176602
3035 	 2135 	 0.956265 	 0.000848058 	 0.00176602
3035 	 2140 	 0.956265 	 0.000848058 	 0.00176602
3035 	 2145 	 0.956265 	 0.000848058 	 0.00176602
3035 	 2150 	 0.956265 	 0.000848059 	 0.00176602
3035 	 2155 	 0.956265 	 0.000848059 	 0.00176602
3035 	 2160 	 0.956265 	 0.000848059 	 0.00176602
3035 	 2165 	 0.956265 	 0.000848059 	 0.00176602
3035 	 2170 	 0.956265 	 0.000848059 	 0.00176602
3035 	 2175 	 0.956265 	 0.000848059 	 0.00176602
3035 	 2180 	 0.956265 	 0.000848059 	 0.00176602
3035 	 2185 	 0.956265 	 0.000848059 	 0.00176602
3035 	 2190 	 0.956265 	 0.000848059 	 0.00176602
3035 	 2195 	 0.956265 	 0.000848059 	 0.00176602
3035 	 2200 	 0.956265 	 0.000848059 	 0.00176602
3035 	 2205 	 0.956265 	 0.000848059 	 0.00176602
3035 	 2210 	 0.956265 	 0.000848059 	 0.00176602
3035 	 2215 	 0.956265 	 0.000848059 	 0.00176602
3035 	 2220 	 0.956265 	 0.000848059 	 0.00176602
3035 	 2225 	 0.956265 	 0.000848059 	 0.00176602
3035 	 2230 	 0.956265 	 0.000848059 	 0.00176602
3035 	 2235 	 0.956265 	 0.000848059 	 0.00176602
3035 	 2240 	 0.956265 	 0.000848059 	 0.00176602
3035 	 2245 	 0.956265 	 0.000848059 	 0.00176602
3035 	 2250 	 0.956265 	 0.000848059 	 0.00176602
3035 	 2255 	 0.956265 	 0.000848059 	 0.00176602
3035 	 2260 	 0.956265 	 0.000848059 	 0.00176602
3035 	 2265 	 0.956265 	 0.000848059 	 0.00176602
3035 	 2270 	 0.956265 	 0.000848059 	 0.00176602
3035 	 2275 	 0.956265 	 0.000848059 	 0.00176602
3035 	 2280 	 0.956265 	 0.000848059 	 0.00176602
3035 	 2285 	 0.956265 	 0.000848059 	 0.00176602
3035 	 2290 	 0.956265 	 0.000848059 	 0.00176602
3035 	 2295 	 0.956265 	 0.000848059 	 0.00176602
3035 	 2300 	 0.956265 	 0.000848059 	 0.00176602
3035 	 2305 	 0.956265 	 0.000848059 	 0.00176602
3035 	 2310 	 0.956265 	 0.000848059 	 0.00176602
3035 	 2315 	 0.956265 	 0.000848059 	 0.00176602
3035 	 2320 	 0.956265 	 0.000848059 	 0.00176602
3035 	 2325 	 0.956265 	 0.000848059 	 0.00176602
3035 	 2330 	 0.956265 	 0.000848059 	 0.00176602
3035 	 2335 	 0.956265 	 0.000848059 	 0.00176602
3035 	 2340 	 0.956265 	 0.000848059 	 0.00176602
3035 	 2345 	 0.956265 	 0.000848059 	 0.00176602
3035 	 2350 	 0.956265 	 0.000848059 	 0.00176602
3035 	 2355 	 0.956265 	 0.000848059 	 0.00176602
3035 	 2360 	 0.956265 	 0.000848059 	 0.00176602
3035 	 2365 	 0.956265 	 0.000848059 	 0.00176602
3035 	 2370 	 0.956265 	 0.000848059 	 0.00176602
3035 	 2375 	 0.956265 	 0.000848059 	 0.00176602
3035 	 2380 	 0.956265 	 0.000848059 	 0.00176602
3035 	 2385 	 0.956265 	 0.000848059 	 0.00176602
3035 	 2390 	 0.956265 	 0.000848059 	 0.00176602
3035 	 2395 	 0.956265 	 0.000848059 	 0.00176602
3035 	 2400 	 0.956265 	 0.000848059 	 0.00176602
3035 	 2405 	 0.956265 	 0.000848059 	 0.00176602
3035 	 2410 	 0.956265 	 0.000848059 	 0.00176602
3035 	 2415 	 0.956265 	 0.000848059 	 0.00176602
3035 	 2420 	 0.956265 	 0.000848059 	 0.00176602
3035 	 2425 	 0.956265 	 0.000848059 	 0.00176602
3035 	 2430 	 0.956265 	 0.000848059 	 0.00176602
3035 	 2435 	 0.956265 	 0.000848059 	 0.00176602
3035 	 2440 	 0.956265 	 0.000848059 	 0.00176602
3035 	 2445 	 0.956265 	 0.000848059 	 0.00176602
3035 	 2450 	 0.956265 	 0.000848059 	 0.00176602
3035 	 2455 	 0.956265 	 0.000848059 	 0.00176602
3035 	 2460 	 0.956265 	 0.000848059 	 0.00176602
3035 	 2465 	 0.956265 	 0.000848059 	 0.00176602
3035 	 2470 	 0.956265 	 0.000848059 	 0.00176602
3035 	 2475 	 0.956265 	 0.000848059 	 0.00176602
3035 	 2480 	 0.956265 	 0.000848059 	 0.00176602
3035 	 2485 	 0.956265 	 0.000848059 	 0.00176602
3035 	 2490 	 0.956265 	 0.000848059 	 0.00176602
3035 	 2495 	 0.956265 	 0.000848059 	 0.00176602
3035 	 2500 	 0.956265 	 0.000848059 	 0.00176602
3035 	 2505 	 0.956265 	 0.000848059 	 0.00176602
3035 	 2510 	 0.956265 	 0.000848059 	 0.00176602
3035 	 2515 	 0.956265 	 0.000848059 	 0.00176602
3035 	 2520 	 0.956265 	 0.000848059 	 0.00176602
3035 	 2525 	 0.956265 	 0.000848059 	 0.00176602
3035 	 2530 	 0.956265 	 0.000848059 	 0.00176602
3035 	 2535 	 0.956265 	 0.000848059 	 0.00176602
3035 	 2540 	 0.956265 	 0.000848059 	 0.00176602
3035 	 2545 	 0.956265 	 0.000848059 	 0.00176602
3035 	 2550 	 0.956265 	 0.000848059 	 0.00176602
3035 	 2555 	 0.956265 	 0.000848059 	 0.00176602
3035 	 2560 	 0.956265 	 0.000848059 	 0.00176602
3035 	 2565 	 0.956265 	 0.000848059 	 0.00176602
3035 	 2570 	 0.956265 	 0.000848059 	 0.00176602
3035 	 2575 	 0.956265 	 0.000848059 	 0.00176602
3035 	 2580 	 0.956265 	 0.000848059 	 0.00176602
3035 	 2585 	 0.956265 	 0.000848059 	 0.00176602
3035 	 2590 	 0.956265 	 0.000848059 	 0.00176602
3035 	 2595 	 0.956265 	 0.000848059 	 0.00176602
3035 	 2600 	 0.956265 	 0.000848059 	 0.00176602
3035 	 2605 	 0.956265 	 0.000848059 	 0.00176602
3035 	 2610 	 0.956265 	 0.000848059 	 0.00176602
3035 	 2615 	 0.956265 	 0.000848059 	 0.00176602
3035 	 2620 	 0.956265 	 0.000848059 	 0.00176602
3035 	 2625 	 0.956265 	 0.000848059 	 0.00176602
3035 	 2630 	 0.956265 	 0.000848059 	 0.00176602
3035 	 2635 	 0.956265 	 0.000848059 	 0.00176602
3035 	 2640 	 0.956265 	 0.000848059 	 0.00176602
3035 	 2645 	 0.956265 	 0.000848059 	 0.00176602
3035 	 2650 	 0.956265 	 0.000848059 	 0.00176602
3035 	 2655 	 0.956265 	 0.000848059 	 0.00176602
3035 	 2660 	 0.956265 	 0.000848059 	 0.00176602
3035 	 2665 	 0.956265 	 0.000848059 	 0.00176602
3035 	 2670 	 0.956265 	 0.000848059 	 0.00176602
3035 	 2675 	 0.956265 	 0.000848059 	 0.00176602
3035 	 2680 	 0.956265 	 0.000848059 	 0.00176602
3035 	 2685 	 0.956265 	 0.000848059 	 0.00176602
3035 	 2690 	 0.956265 	 0.000848059 	 0.00176602
3035 	 2695 	 0.956265 	 0.000848059 	 0.00176602
3035 	 2700 	 0.956265 	 0.000848059 	 0.00176602
3035 	 2705 	 0.956265 	 0.000848059 	 0.00176602
3035 	 2710 	 0.956265 	 0.000848059 	 0.00176602
3035 	 2715 	 0.956265 	 0.000848059 	 0.00176602
3035 	 2720 	 0.956265 	 0.000848059 	 0.00176602
3035 	 2725 	 0.956265 	 0.000848059 	 0.00176602
3035 	 2730 	 0.956265 	 0.000848059 	 0.00176602
3035 	 2735 	 0.956265 	 0.000848059 	 0.00176602
3035 	 2740 	 0.956265 	 0.000848059 	 0.00176602
3035 	 2745 	 0.956265 	 0.000848059 	 0.00176602
3035 	 2750 	 0.956265 	 0.000848059 	 0.00176602
3035 	 2755 	 0.956265 	 0.000848059 	 0.00176602
3035 	 2760 	 0.956265 	 0.000848059 	 0.00176602
3035 	 2765 	 0.956265 	 0.000848059 	 0.00176602
3035 	 2770 	 0.956265 	 0.000848059 	 0.00176602
3035 	 2775 	 0.956265 	 0.000848059 	 0.00176602
3035 	 2780 	 0.956265 	 0.000848059 	 0.00176602
3035 	 2785 	 0.956265 	 0.000848059 	 0.00176602
3035 	 2790 	 0.956265 	 0.000848059 	 0.00176602
3035 	 2795 	 0.956265 	 0.000848059 	 0.00176602
3035 	 2800 	 0.956265 	 0.000848059 	 0.00176602
3035 	 2805 	 0.956265 	 0.000848059 	 0.00176602
3035 	 2810 	 0.956265 	 0.000848059 	 0.00176602
3035 	 2815 	 0.956265 	 0.000848059 	 0.00176602
3035 	 2820 	 0.956265 	 0.000848059 	 0.00176602
3035 	 2825 	 0.956265 	 0.000848059 	 0.00176602
3035 	 2830 	 0.956265 	 0.000848059 	 0.00176602
3035 	 2835 	 0.956265 	 0.000848059 	 0.00176602
3035 	 2840 	 0.956265 	 0.000848059 	 0.00176602
3035 	 2845 	 0.956265 	 0.000848059 	 0.00176602
3035 	 2850 	 0.956265 	 0.000848059 	 0.00176602
3035 	 2855 	 0.956265 	 0.000848059 	 0.00176602
3035 	 2860 	 0.956265 	 0.000848059 	 0.00176602
3035 	 2865 	 0.956265 	 0.000848059 	 0.00176602
3035 	 2870 	 0.956265 	 0.000848059 	 0.00176602
3035 	 2875 	 0.956265 	 0.000848059 	 0.00176602
3035 	 2880 	 0.956265 	 0.000848059 	 0.00176602
3035 	 2885 	 0.956265 	 0.000848059 	 0.00176602
3035 	 2890 	 0.956265 	 0.000848059 	 0.00176602
3035 	 2895 	 0.956265 	 0.000848059 	 0.00176602
3035 	 2900 	 0.956265 	 0.000848059 	 0.00176602
3035 	 2905 	 0.956265 	 0.000848059 	 0.00176602
3035 	 2910 	 0.956265 	 0.000848059 	 0.00176602
3035 	 2915 	 0.956265 	 0.000848059 	 0.00176602
3035 	 2920 	 0.956265 	 0.000848059 	 0.00176602
3035 	 2925 	 0.956265 	 0.000848059 	 0.00176602
3035 	 2930 	 0.956265 	 0.000848059 	 0.00176602
3035 	 2935 	 0.956265 	 0.000848059 	 0.00176602
3035 	 2940 	 0.956265 	 0.000848059 	 0.00176602
3035 	 2945 	 0.956265 	 0.000848059 	 0.00176602
3035 	 2950 	 0.956265 	 0.000848059 	 0.00176602
3035 	 2955 	 0.956265 	 0.000848059 	 0.00176602
3035 	 2960 	 0.956265 	 0.000848059 	 0.00176602
3035 	 2965 	 0.956265 	 0.000848059 	 0.00176602
3035 	 2970 	 0.956265 	 0.000848059 	 0.00176602
3035 	 2975 	 0.956265 	 0.000848059 	 0.00176602
3035 	 2980 	 0.956265 	 0.000848059 	 0.00176602
3035 	 2985 	 0.956265 	 0.000848059 	 0.00176602
3035 	 2990 	 0.956265 	 0.000848059 	 0.00176602
3035 	 2995 	 0.956265 	 0.000848059 	 0.00176602
3035 	 3000 	 0.956265 	 0.000848059 	 0.00176602
3035 	 3005 	 0.956265 	 0.000848059 	 0.00176602
3035 	 3010 	 0.956265 	 0.000848059 	 0.00176602
3035 	 3015 	 0.956265 	 0.000848059 	 0.00176602
3035 	 3020 	 0.956265 	 0.000848059 	 0.00176602
3035 	 3025 	 0.956265 	 0.000848059 	 0.00176602
3035 	 3030 	 0.956265 	 0.000848059 	 0.00176602
3035 	 3035 	 0.956265 	 0.000848059 	 0.00176602
3035 	 3040 	 0.956265 	 0.000848059 	 0.00176602
3035 	 3045 	 0.956265 	 0.000848059 	 0.00176602
3035 	 3050 	 0.956265 	 0.000848059 	 0.00176602
3035 	 3055 	 0.956265 	 0.000848059 	 0.00176602
3035 	 3060 	 0.956265 	 0.000848059 	 0.00176602
3035 	 3065 	 0.956265 	 0.000848059 	 0.00176602
3035 	 3070 	 0.956265 	 0.000848059 	 0.00176602
3035 	 3075 	 0.956265 	 0.000848059 	 0.00176602
3035 	 3080 	 0.956265 	 0.000848059 	 0.00176602
3035 	 3085 	 0.956265 	 0.000848059 	 0.00176602
3035 	 3090 	 0.956265 	 0.000848059 	 0.00176602
3035 	 3095 	 0.956265 	 0.000848059 	 0.00176602
3035 	 3100 	 0.956265 	 0.000848059 	 0.00176602
3035 	 3105 	 0.956265 	 0.000848059 	 0.00176602
3035 	 3110 	 0.956265 	 0.000848059 	 0.00176602
3035 	 3115 	 0.956265 	 0.000848059 	 0.00176602
3035 	 3120 	 0.956265 	 0.000848059 	 0.00176602
3035 	 3125 	 0.956265 	 0.000848059 	 0.00176602
3035 	 3130 	 0.956265 	 0.000848059 	 0.00176602
3035 	 3135 	 0.956265 	 0.000848059 	 0.00176602
3035 	 3140 	 0.956265 	 0.000848059 	 0.00176602
3035 	 3145 	 0.956265 	 0.000848059 	 0.00176602
3035 	 3150 	 0.956265 	 0.000848059 	 0.00176602
3035 	 3155 	 0.956265 	 0.000848059 	 0.00176602
3035 	 3160 	 0.956265 	 0.000848059 	 0.00176602
3035 	 3165 	 0.956265 	 0.000848059 	 0.00176602
3035 	 3170 	 0.956265 	 0.000848059 	 0.00176602
3035 	 3175 	 0.956265 	 0.000848059 	 0.00176602
3035 	 3180 	 0.956265 	 0.000848059 	 0.00176602
3035 	 3185 	 0.956265 	 0.000848059 	 0.00176602
3035 	 3190 	 0.956265 	 0.000848059 	 0.00176602
3035 	 3195 	 0.956265 	 0.000848059 	 0.00176602
3035 	 3200 	 0.956265 	 0.000848059 	 0.00176602
3035 	 3205 	 0.956265 	 0.000848059 	 0.00176602
3035 	 3210 	 0.956265 	 0.000848059 	 0.00176602
3035 	 3215 	 0.956265 	 0.000848059 	 0.00176602
3035 	 3220 	 0.956265 	 0.000848059 	 0.00176602
3035 	 3225 	 0.956265 	 0.000848059 	 0.00176602
3035 	 3230 	 0.956265 	 0.000848059 	 0.00176602
3035 	 3235 	 0.956265 	 0.000848059 	 0.00176602
3035 	 3240 	 0.956265 	 0.000848059 	 0.00176602
3035 	 3245 	 0.956265 	 0.000848059 	 0.00176602
3035 	 3250 	 0.956265 	 0.000848059 	 0.00176602
3035 	 3255 	 0.956265 	 0.000848059 	 0.00176602
3035 	 3260 	 0.956265 	 0.000848059 	 0.00176602
3035 	 3265 	 0.956265 	 0.000848059 	 0.00176602
3035 	 3270 	 0.956265 	 0.000848059 	 0.00176602
3035 	 3275 	 0.956265 	 0.000848059 	 0.00176602
3035 	 3280 	 0.956265 	 0.000848059 	 0.00176602
3035 	 3285 	 0.956265 	 0.000848059 	 0.00176602
3035 	 3290 	 0.956265 	 0.000848059 	 0.00176602
3035 	 3295 	 0.956265 	 0.000848059 	 0.00176602
3035 	 3300 	 0.956265 	 0.000848059 	 0.00176602
3035 	 3305 	 0.956265 	 0.000848059 	 0.00176602
3035 	 3310 	 0.956265 	 0.000848059 	 0.00176602
3035 	 3315 	 0.956265 	 0.000848059 	 0.00176602
3035 	 3320 	 0.956265 	 0.000848059 	 0.00176602
3035 	 3325 	 0.956265 	 0.000848059 	 0.00176602
3035 	 3330 	 0.956265 	 0.000848059 	 0.00176602
3035 	 3335 	 0.956265 	 0.000848059 	 0.00176602
3035 	 3340 	 0.956265 	 0.000848059 	 0.00176602
3035 	 3345 	 0.956265 	 0.000848059 	 0.00176602
3035 	 3350 	 0.956265 	 0.000848059 	 0.00176602
3035 	 3355 	 0.956265 	 0.000848059 	 0.00176602
3035 	 3360 	 0.956265 	 0.000848059 	 0.00176602
3035 	 3365 	 0.956265 	 0.000848059 	 0.00176602
3035 	 3370 	 0.956265 	 0.000848059 	 0.00176602
3035 	 3375 	 0.956265 	 0.000848059 	 0.00176602
3035 	 3380 	 0.956265 	 0.000848059 	 0.00176602
3035 	 3385 	 0.956265 	 0.000848059 	 0.00176602
3035 	 3390 	 0.956265 	 0.000848059 	 0.00176602
3035 	 3395 	 0.956265 	 0.000848059 	 0.00176602
3035 	 3400 	 0.956265 	 0.000848059 	 0.00176602
3035 	 3405 	 0.956265 	 0.000848059 	 0.00176602
3035 	 3410 	 0.956265 	 0.000848059 	 0.00176602
3035 	 3415 	 0.956265 	 0.000848059 	 0.00176602
3035 	 3420 	 0.956265 	 0.000848059 	 0.00176602
3035 	 3425 	 0.956265 	 0.000848059 	 0.00176602
3035 	 3430 	 0.956265 	 0.000848059 	 0.00176602
3035 	 3435 	 0.956265 	 0.000848059 	 0.00176602
3035 	 3440 	 0.956265 	 0.000848059 	 0.00176602
3035 	 3445 	 0.956265 	 0.000848059 	 0.00176602
3035 	 3450 	 0.956265 	 0.000848059 	 0.00176602
3035 	 3455 	 0.956265 	 0.000848059 	 0.00176602
3035 	 3460 	 0.956265 	 0.000848059 	 0.00176602
3035 	 3465 	 0.956265 	 0.000848059 	 0.00176602
3035 	 3470 	 0.956265 	 0.000848059 	 0.00176602
3035 	 3475 	 0.956265 	 0.000848059 	 0.00176602
3035 	 3480 	 0.956265 	 0.000848059 	 0.00176602
3035 	 3485 	 0.956265 	 0.000848059 	 0.00176602
3035 	 3490 	 0.956265 	 0.000848059 	 0.00176602
3035 	 3495 	 0.956265 	 0.000848059 	 0.00176602
3035 	 3500 	 0.956265 	 0.000848059 	 0.00176602
3035 	 3505 	 0.956265 	 0.000848059 	 0.00176602
3035 	 3510 	 0.956265 	 0.000848059 	 0.00176602
3035 	 3515 	 0.956265 	 0.000848059 	 0.00176602
3035 	 3520 	 0.956265 	 0.000848059 	 0.00176602
3035 	 3525 	 0.956265 	 0.000848059 	 0.00176602
3035 	 3530 	 0.956265 	 0.000848059 	 0.00176602
3035 	 3535 	 0.956265 	 0.000848059 	 0.00176602
3035 	 3540 	 0.956265 	 0.000848059 	 0.00176602
3035 	 3545 	 0.956265 	 0.000848059 	 0.00176602
3035 	 3550 	 0.956265 	 0.000848059 	 0.00176602
3035 	 3555 	 0.956265 	 0.000848059 	 0.00176602
3035 	 3560 	 0.956265 	 0.000848059 	 0.00176602
3035 	 3565 	 0.956265 	 0.000848059 	 0.00176602
3035 	 3570 	 0.956265 	 0.000848059 	 0.00176602
3035 	 3575 	 0.956265 	 0.000848059 	 0.00176602
3035 	 3580 	 0.956265 	 0.000848059 	 0.00176602
3035 	 3585 	 0.956265 	 0.000848059 	 0.00176602
3035 	 3590 	 0.956265 	 0.000848059 	 0.00176602
3035 	 3595 	 0.956265 	 0.000848059 	 0.00176602
3035 	 3600 	 0.956265 	 0.000848059 	 0.00176602
3035 	 3605 	 0.956265 	 0.000848059 	 0.00176602
3035 	 3610 	 0.956265 	 0.000848059 	 0.00176602
3035 	 3615 	 0.956265 	 0.000848059 	 0.00176602
3035 	 3620 	 0.956265 	 0.000848059 	 0.00176602
3035 	 3625 	 0.956265 	 0.000848059 	 0.00176602
3035 	 3630 	 0.956265 	 0.000848059 	 0.00176602
3035 	 3635 	 0.956265 	 0.000848059 	 0.00176602
3035 	 3640 	 0.956265 	 0.000848059 	 0.00176602
3035 	 3645 	 0.956265 	 0.000848059 	 0.00176602
3035 	 3650 	 0.956265 	 0.000848059 	 0.00176602
3035 	 3655 	 0.956265 	 0.000848059 	 0.00176602
3035 	 3660 	 0.956265 	 0.000848059 	 0.00176602
3035 	 3665 	 0.956265 	 0.000848059 	 0.00176602
3035 	 3670 	 0.956265 	 0.000848059 	 0.00176602
3035 	 3675 	 0.956265 	 0.000848059 	 0.00176602
3035 	 3680 	 0.956265 	 0.000848059 	 0.00176602
3035 	 3685 	 0.956265 	 0.000848059 	 0.00176602
3035 	 3690 	 0.956265 	 0.000848059 	 0.00176602
3035 	 3695 	 0.956265 	 0.000848059 	 0.00176602
3035 	 3700 	 0.956265 	 0.000848059 	 0.00176602
3035 	 3705 	 0.956265 	 0.000848059 	 0.00176602
3035 	 3710 	 0.956265 	 0.000848059 	 0.00176602
3035 	 3715 	 0.956265 	 0.000848059 	 0.00176602
3035 	 3720 	 0.956265 	 0.000848059 	 0.00176602
3035 	 3725 	 0.956265 	 0.000848059 	 0.00176602
3035 	 3730 	 0.956265 	 0.000848059 	 0.00176602
3035 	 3735 	 0.956265 	 0.000848059 	 0.00176602
3035 	 3740 	 0.956265 	 0.000848059 	 0.00176602
3035 	 3745 	 0.956265 	 0.000848059 	 0.00176602
3035 	 3750 	 0.956265 	 0.000848059 	 0.00176602
3035 	 3755 	 0.956265 	 0.000848059 	 0.00176602
3035 	 3760 	 0.956265 	 0.000848059 	 0.00176602
3035 	 3765 	 0.956265 	 0.000848059 	 0.00176602
3035 	 3770 	 0.956265 	 0.000848059 	 0.00176602
3035 	 3775 	 0.956265 	 0.000848059 	 0.00176602
3035 	 3780 	 0.956265 	 0.000848059 	 0.00176602
3035 	 3785 	 0.956265 	 0.000848059 	 0.00176602
3035 	 3790 	 0.956265 	 0.000848059 	 0.00176602
3035 	 3795 	 0.956265 	 0.000848059 	 0.00176602
3035 	 3800 	 0.956265 	 0.000848059 	 0.00176602
3035 	 3805 	 0.956265 	 0.000848059 	 0.00176602
3035 	 3810 	 0.956265 	 0.000848059 	 0.00176602
3035 	 3815 	 0.956265 	 0.000848059 	 0.00176602
3035 	 3820 	 0.956265 	 0.000848059 	 0.00176602
3035 	 3825 	 0.956265 	 0.000848059 	 0.00176602
3035 	 3830 	 0.956265 	 0.000848059 	 0.00176602
3035 	 3835 	 0.956265 	 0.000848059 	 0.00176602
3035 	 3840 	 0.956265 	 0.000848059 	 0.00176602
3035 	 3845 	 0.956265 	 0.000848059 	 0.00176602
3035 	 3850 	 0.956265 	 0.000848059 	 0.00176602
3035 	 3855 	 0.956265 	 0.000848059 	 0.00176602
3035 	 3860 	 0.956265 	 0.000848059 	 0.00176602
3035 	 3865 	 0.956265 	 0.000848059 	 0.00176602
3035 	 3870 	 0.956265 	 0.000848059 	 0.00176602
3035 	 3875 	 0.956265 	 0.000848059 	 0.00176602
3035 	 3880 	 0.956265 	 0.000848059 	 0.00176602
3035 	 3885 	 0.956265 	 0.000848059 	 0.00176602
3035 	 3890 	 0.956265 	 0.000848059 	 0.00176602
3035 	 3895 	 0.956265 	 0.000848059 	 0.00176602
3035 	 3900 	 0.956265 	 0.000848059 	 0.00176602
3035 	 3905 	 0.956265 	 0.000848059 	 0.00176602
3035 	 3910 	 0.956265 	 0.000848059 	 0.00176602
3035 	 3915 	 0.956265 	 0.000848059 	 0.00176602
3035 	 3920 	 0.956265 	 0.000848059 	 0.00176602
3035 	 3925 	 0.956265 	 0.000848059 	 0.00176602
3035 	 3930 	 0.956265 	 0.000848059 	 0.00176602
3035 	 3935 	 0.956265 	 0.000848059 	 0.00176602
3035 	 3940 	 0.956265 	 0.000848059 	 0.00176602
3035 	 3945 	 0.956265 	 0.000848059 	 0.00176602
3035 	 3950 	 0.956265 	 0.000848059 	 0.00176602
3035 	 3955 	 0.956265 	 0.000848059 	 0.00176602
3035 	 3960 	 0.956265 	 0.000848059 	 0.00176602
3035 	 3965 	 0.956265 	 0.000848059 	 0.00176602
3035 	 3970 	 0.956265 	 0.000848059 	 0.00176602
3035 	 3975 	 0.956265 	 0.000848059 	 0.00176602
3035 	 3980 	 0.956265 	 0.000848059 	 0.00176602
3035 	 3985 	 0.956265 	 0.000848059 	 0.00176602
3035 	 3990 	 0.956265 	 0.000848059 	 0.00176602
3035 	 3995 	 0.956265 	 0.000848059 	 0.00176602
3035 	 4000 	 0.956265 	 0.000848059 	 0.00176602
3035 	 4005 	 0.956265 	 0.000848059 	 0.00176602
3035 	 4010 	 0.956265 	 0.000848059 	 0.00176602
3035 	 4015 	 0.956265 	 0.000848059 	 0.00176602
3035 	 4020 	 0.956265 	 0.000848059 	 0.00176602
3035 	 4025 	 0.956265 	 0.000848059 	 0.00176602
3035 	 4030 	 0.956265 	 0.000848059 	 0.00176602
3035 	 4035 	 0.956265 	 0.000848059 	 0.00176602
3035 	 4040 	 0.956265 	 0.000848059 	 0.00176602
3035 	 4045 	 0.956265 	 0.000848059 	 0.00176602
3035 	 4050 	 0.956265 	 0.000848059 	 0.00176602
3035 	 4055 	 0.956265 	 0.000848059 	 0.00176602
3035 	 4060 	 0.956265 	 0.000848059 	 0.00176602
3035 	 4065 	 0.956265 	 0.000848059 	 0.00176602
3035 	 4070 	 0.956265 	 0.000848059 	 0.00176602
3035 	 4075 	 0.956265 	 0.000848059 	 0.00176602
3035 	 4080 	 0.956265 	 0.000848059 	 0.00176602
3035 	 4085 	 0.956265 	 0.000848059 	 0.00176602
3035 	 4090 	 0.956265 	 0.000848059 	 0.00176602
3035 	 4095 	 0.956265 	 0.000848059 	 0.00176602
3035 	 4100 	 0.956265 	 0.000848059 	 0.00176602
3035 	 4105 	 0.956265 	 0.000848059 	 0.00176602
3035 	 4110 	 0.956265 	 0.000848059 	 0.00176602
3035 	 4115 	 0.956265 	 0.000848059 	 0.00176602
3035 	 4120 	 0.956265 	 0.000848059 	 0.00176602
3035 	 4125 	 0.956265 	 0.000848059 	 0.00176602
3035 	 4130 	 0.956265 	 0.000848059 	 0.00176602
3035 	 4135 	 0.956265 	 0.000848059 	 0.00176602
3035 	 4140 	 0.956265 	 0.000848059 	 0.00176602
3035 	 4145 	 0.956265 	 0.000848059 	 0.00176602
3035 	 4150 	 0.956265 	 0.000848059 	 0.00176602
3035 	 4155 	 0.956265 	 0.000848059 	 0.00176602
3035 	 4160 	 0.956265 	 0.000848059 	 0.00176602
3035 	 4165 	 0.956265 	 0.000848059 	 0.00176602
3035 	 4170 	 0.956265 	 0.000848059 	 0.00176602
3035 	 4175 	 0.956265 	 0.000848059 	 0.00176602
3035 	 4180 	 0.956265 	 0.000848059 	 0.00176602
3035 	 4185 	 0.956265 	 0.000848059 	 0.00176602
3035 	 4190 	 0.956265 	 0.000848059 	 0.00176602
3035 	 4195 	 0.956265 	 0.000848059 	 0.00176602
3035 	 4200 	 0.956265 	 0.000848059 	 0.00176602
3035 	 4205 	 0.956265 	 0.000848059 	 0.00176602
3035 	 4210 	 0.956265 	 0.000848059 	 0.00176602
3035 	 4215 	 0.956265 	 0.000848059 	 0.00176602
3035 	 4220 	 0.956265 	 0.000848059 	 0.00176602
3035 	 4225 	 0.956265 	 0.000848059 	 0.00176602
3035 	 4230 	 0.956265 	 0.000848059 	 0.00176602
3035 	 4235 	 0.956265 	 0.000848059 	 0.00176602
3035 	 4240 	 0.956265 	 0.000848059 	 0.00176602
3035 	 4245 	 0.956265 	 0.000848059 	 0.00176602
3035 	 4250 	 0.956265 	 0.000848059 	 0.00176602
3035 	 4255 	 0.956265 	 0.000848059 	 0.00176602
3035 	 4260 	 0.956265 	 0.000848059 	 0.00176602
3035 	 4265 	 0.956265 	 0.000848059 	 0.00176602
3035 	 4270 	 0.956265 	 0.000848059 	 0.00176602
3035 	 4275 	 0.956265 	 0.000848059 	 0.00176602
3035 	 4280 	 0.956265 	 0.000848059 	 0.00176602
3035 	 4285 	 0.956265 	 0.000848059 	 0.00176602
3035 	 4290 	 0.956265 	 0.000848059 	 0.00176602
3035 	 4295 	 0.956265 	 0.000848059 	 0.00176602
3035 	 4300 	 0.956265 	 0.000848059 	 0.00176602
3035 	 4305 	 0.956265 	 0.000848059 	 0.00176602
3035 	 4310 	 0.956265 	 0.000848059 	 0.00176602
3035 	 4315 	 0.956265 	 0.000848059 	 0.00176602
3035 	 4320 	 0.956265 	 0.000848059 	 0.00176602
3035 	 4325 	 0.956265 	 0.000848059 	 0.00176602
3035 	 4330 	 0.956265 	 0.000848059 	 0.00176602
3035 	 4335 	 0.956265 	 0.000848059 	 0.00176602
3035 	 4340 	 0.956265 	 0.000848059 	 0.00176602
3035 	 4345 	 0.956265 	 0.000848059 	 0.00176602
3035 	 4350 	 0.956265 	 0.000848059 	 0.00176602
3035 	 4355 	 0.956265 	 0.000848059 	 0.00176602
3035 	 4360 	 0.956265 	 0.000848059 	 0.00176602
3035 	 4365 	 0.956265 	 0.000848059 	 0.00176602
3035 	 4370 	 0.956265 	 0.000848059 	 0.00176602
3035 	 4375 	 0.956265 	 0.000848059 	 0.00176602
3035 	 4380 	 0.956265 	 0.000848059 	 0.00176602
3035 	 4385 	 0.956265 	 0.000848059 	 0.00176602
3035 	 4390 	 0.956265 	 0.000848059 	 0.00176602
3035 	 4395 	 0.956265 	 0.000848059 	 0.00176602
3035 	 4400 	 0.956265 	 0.000848059 	 0.00176602
3035 	 4405 	 0.956265 	 0.000848059 	 0.00176602
3035 	 4410 	 0.956265 	 0.000848059 	 0.00176602
3035 	 4415 	 0.956265 	 0.000848059 	 0.00176602
3035 	 4420 	 0.956265 	 0.000848059 	 0.00176602
3035 	 4425 	 0.956265 	 0.000848059 	 0.00176602
3035 	 4430 	 0.956265 	 0.000848059 	 0.00176602
3035 	 4435 	 0.956265 	 0.000848059 	 0.00176602
3035 	 4440 	 0.956265 	 0.000848059 	 0.00176602
3035 	 4445 	 0.956265 	 0.000848059 	 0.00176602
3035 	 4450 	 0.956265 	 0.000848059 	 0.00176602
3035 	 4455 	 0.956265 	 0.000848059 	 0.00176602
3035 	 4460 	 0.956265 	 0.000848059 	 0.00176602
3035 	 4465 	 0.956265 	 0.000848059 	 0.00176602
3035 	 4470 	 0.956265 	 0.000848059 	 0.00176602
3035 	 4475 	 0.956265 	 0.000848059 	 0.00176602
3035 	 4480 	 0.956265 	 0.000848059 	 0.00176602
3035 	 4485 	 0.956265 	 0.000848059 	 0.00176602
3035 	 4490 	 0.956265 	 0.000848059 	 0.00176602
3035 	 4495 	 0.956265 	 0.000848059 	 0.00176602
3035 	 4500 	 0.956265 	 0.000848059 	 0.00176602
3035 	 4505 	 0.956265 	 0.000848059 	 0.00176602
3035 	 4510 	 0.956265 	 0.000848059 	 0.00176602
3035 	 4515 	 0.956265 	 0.000848059 	 0.00176602
3035 	 4520 	 0.956265 	 0.000848059 	 0.00176602
3035 	 4525 	 0.956265 	 0.000848059 	 0.00176602
3035 	 4530 	 0.956265 	 0.000848059 	 0.00176602
3035 	 4535 	 0.956265 	 0.000848059 	 0.00176602
3035 	 4540 	 0.956265 	 0.000848059 	 0.00176602
3035 	 4545 	 0.956265 	 0.000848059 	 0.00176602
3035 	 4550 	 0.956265 	 0.000848059 	 0.00176602
3035 	 4555 	 0.956265 	 0.000848059 	 0.00176602
3035 	 4560 	 0.956265 	 0.000848059 	 0.00176602
3035 	 4565 	 0.956265 	 0.000848059 	 0.00176602
3035 	 4570 	 0.956265 	 0.000848059 	 0.00176602
3035 	 4575 	 0.956265 	 0.000848059 	 0.00176602
3035 	 4580 	 0.956265 	 0.000848059 	 0.00176602
3035 	 4585 	 0.956265 	 0.000848059 	 0.00176602
3035 	 4590 	 0.956265 	 0.000848059 	 0.00176602
3035 	 4595 	 0.956265 	 0.000848059 	 0.00176602
3035 	 4600 	 0.956265 	 0.000848059 	 0.00176602
3035 	 4605 	 0.956265 	 0.000848059 	 0.00176602
3035 	 4610 	 0.956265 	 0.000848059 	 0.00176602
3035 	 4615 	 0.956265 	 0.000848059 	 0.00176602
3035 	 4620 	 0.956265 	 0.000848059 	 0.00176602
3035 	 4625 	 0.956265 	 0.000848059 	 0.00176602
3035 	 4630 	 0.956265 	 0.000848059 	 0.00176602
3035 	 4635 	 0.956265 	 0.000848059 	 0.00176602
3035 	 4640 	 0.956265 	 0.000848059 	 0.00176602
3035 	 4645 	 0.956265 	 0.000848059 	 0.00176602
3035 	 4650 	 0.956265 	 0.000848059 	 0.00176602
3035 	 4655 	 0.956265 	 0.000848059 	 0.00176602
3035 	 4660 	 0.956265 	 0.000848059 	 0.00176602
3035 	 4665 	 0.956265 	 0.000848059 	 0.00176602
3035 	 4670 	 0.956265 	 0.000848059 	 0.00176602
3035 	 4675 	 0.956265 	 0.000848059 	 0.00176602
3035 	 4680 	 0.956265 	 0.000848059 	 0.00176602
3035 	 4685 	 0.956265 	 0.000848059 	 0.00176602
3035 	 4690 	 0.956265 	 0.000848059 	 0.00176602
3035 	 4695 	 0.956265 	 0.000848059 	 0.00176602
3035 	 4700 	 0.956265 	 0.000848059 	 0.00176602
3035 	 4705 	 0.956265 	 0.000848059 	 0.00176602
3035 	 4710 	 0.956265 	 0.000848059 	 0.00176602
3035 	 4715 	 0.956265 	 0.000848059 	 0.00176602
3035 	 4720 	 0.956265 	 0.000848059 	 0.00176602
3035 	 4725 	 0.956265 	 0.000848059 	 0.00176602
3035 	 4730 	 0.956265 	 0.000848059 	 0.00176602
3035 	 4735 	 0.956265 	 0.000848059 	 0.00176602
3035 	 4740 	 0.956265 	 0.000848059 	 0.00176602
3035 	 4745 	 0.956265 	 0.000848059 	 0.00176602
3035 	 4750 	 0.956265 	 0.000848059 	 0.00176602
3035 	 4755 	 0.956265 	 0.000848059 	 0.00176602
3035 	 4760 	 0.956265 	 0.000848059 	 0.00176602
3035 	 4765 	 0.956265 	 0.000848059 	 0.00176602
3035 	 4770 	 0.956265 	 0.000848059 	 0.00176602
3035 	 4775 	 0.956265 	 0.000848059 	 0.00176602
3035 	 4780 	 0.956265 	 0.000848059 	 0.00176602
3035 	 4785 	 0.956265 	 0.000848059 	 0.00176602
3035 	 4790 	 0.956265 	 0.000848059 	 0.00176602
3035 	 4795 	 0.956265 	 0.000848059 	 0.00176602
3035 	 4800 	 0.956265 	 0.000848059 	 0.00176602
3035 	 4805 	 0.956265 	 0.000848059 	 0.00176602
3035 	 4810 	 0.956265 	 0.000848059 	 0.00176602
3035 	 4815 	 0.956265 	 0.000848059 	 0.00176602
3035 	 4820 	 0.956265 	 0.000848059 	 0.00176602
3035 	 4825 	 0.956265 	 0.000848059 	 0.00176602
3035 	 4830 	 0.956265 	 0.000848059 	 0.00176602
3035 	 4835 	 0.956265 	 0.000848059 	 0.00176602
3035 	 4840 	 0.956265 	 0.000848059 	 0.00176602
3035 	 4845 	 0.956265 	 0.000848059 	 0.00176602
3035 	 4850 	 0.956265 	 0.000848059 	 0.00176602
3035 	 4855 	 0.956265 	 0.000848059 	 0.00176602
3035 	 4860 	 0.956265 	 0.000848059 	 0.00176602
3035 	 4865 	 0.956265 	 0.000848059 	 0.00176602
3035 	 4870 	 0.956265 	 0.000848059 	 0.00176602
3035 	 4875 	 0.956265 	 0.000848059 	 0.00176602
3035 	 4880 	 0.956265 	 0.000848059 	 0.00176602
3035 	 4885 	 0.956265 	 0.000848059 	 0.00176602
3035 	 4890 	 0.956265 	 0.000848059 	 0.00176602
3035 	 4895 	 0.956265 	 0.000848059 	 0.00176602
3035 	 4900 	 0.956265 	 0.000848059 	 0.00176602
3035 	 4905 	 0.956265 	 0.000848059 	 0.00176602
3035 	 4910 	 0.956265 	 0.000848059 	 0.00176602
3035 	 4915 	 0.956265 	 0.000848059 	 0.00176602
3035 	 4920 	 0.956265 	 0.000848059 	 0.00176602
3035 	 4925 	 0.956265 	 0.000848059 	 0.00176602
3035 	 4930 	 0.956265 	 0.000848059 	 0.00176602
3035 	 4935 	 0.956265 	 0.000848059 	 0.00176602
3035 	 4940 	 0.956265 	 0.000848059 	 0.00176602
3035 	 4945 	 0.956265 	 0.000848059 	 0.00176602
3035 	 4950 	 0.956265 	 0.000848059 	 0.00176602
3035 	 4955 	 0.956265 	 0.000848059 	 0.00176602
3035 	 4960 	 0.956265 	 0.000848059 	 0.00176602
3035 	 4965 	 0.956265 	 0.000848059 	 0.00176602
3035 	 4970 	 0.956265 	 0.000848059 	 0.00176602
3035 	 4975 	 0.956265 	 0.000848059 	 0.00176602
3035 	 4980 	 0.956265 	 0.000848059 	 0.00176602
3035 	 4985 	 0.956265 	 0.000848059 	 0.00176602
3035 	 4990 	 0.956265 	 0.000848059 	 0.00176602
3035 	 4995 	 0.956265 	 0.000848059 	 0.00176602
3035 	 5000 	 0.956265 	 0.000848059 	 0.00176602
