585 	 5 	 0.732508 	 0.00321903 	 0.00670341
585 	 10 	 0.732508 	 0.00321885 	 0.00670304
585 	 15 	 0.732508 	 0.00321741 	 0.00670003
585 	 20 	 0.732513 	 0.00320621 	 0.00667671
585 	 25 	 0.732561 	 0.00312744 	 0.00651267
585 	 30 	 0.733019 	 0.00275726 	 0.00574181
585 	 35 	 0.737206 	 0.0040153 	 0.00836158
585 	 40 	 0.762518 	 0.00271964 	 0.00566347
585 	 45 	 0.800771 	 0.0105109 	 0.0218881
585 	 50 	 0.811678 	 0.0025934 	 0.00540057
585 	 55 	 0.813767 	 0.0008905 	 0.0018544
585 	 60 	 0.814758 	 0.000873286 	 0.00181856
585 	 65 	 0.815614 	 0.000847468 	 0.00176479
585 	 70 	 0.816437 	 0.000844721 	 0.00175907
585 	 75 	 0.817239 	 0.000873276 	 0.00181854
585 	 80 	 0.818021 	 0.000927036 	 0.00193049
585 	 85 	 0.818784 	 0.000998377 	 0.00207905
585 	 90 	 0.819527 	 0.00108081 	 0.00225071
585 	 95 	 0.820252 	 0.00116949 	 0.00243539
585 	 100 	 0.820959 	 0.00126102 	 0.00262598
585 	 105 	 0.821649 	 0.00135308 	 0.00281769
585 	 110 	 0.822321 	 0.00144411 	 0.00300725
585 	 115 	 0.822977 	 0.00153308 	 0.00319253
585 	 120 	 0.823616 	 0.00161931 	 0.00337209
585 	 125 	 0.824239 	 0.00170235 	 0.00354503
585 	 130 	 0.824847 	 0.00178194 	 0.00371076
585 	 135 	 0.82544 	 0.0018579 	 0.00386894
585 	 140 	 0.826018 	 0.00193016 	 0.00401943
585 	 145 	 0.826582 	 0.0019987 	 0.00416216
585 	 150 	 0.827131 	 0.00206354 	 0.00429718
585 	 155 	 0.827667 	 0.00212472 	 0.00442459
585 	 160 	 0.82819 	 0.00218232 	 0.00454453
585 	 165 	 0.8287 	 0.00223642 	 0.00465719
585 	 170 	 0.829197 	 0.00228711 	 0.00476275
585 	 175 	 0.829681 	 0.0023345 	 0.00486143
585 	 180 	 0.830154 	 0.00237869 	 0.00495345
585 	 185 	 0.830615 	 0.00241979 	 0.00503905
585 	 190 	 0.831064 	 0.00245792 	 0.00511845
585 	 195 	 0.831503 	 0.00249318 	 0.00519188
585 	 200 	 0.83193 	 0.00252569 	 0.00525957
585 	 205 	 0.832347 	 0.00255555 	 0.00532176
585 	 210 	 0.832753 	 0.00258288 	 0.00537867
585 	 215 	 0.83315 	 0.00260778 	 0.00543052
585 	 220 	 0.833536 	 0.00263035 	 0.00547753
585 	 225 	 0.833913 	 0.0026507 	 0.0055199
585 	 230 	 0.83428 	 0.00266893 	 0.00555786
585 	 235 	 0.834639 	 0.00268513 	 0.00559159
585 	 240 	 0.834988 	 0.00269939 	 0.0056213
585 	 245 	 0.835329 	 0.00271182 	 0.00564717
585 	 250 	 0.835661 	 0.00272249 	 0.00566939
585 	 255 	 0.835985 	 0.00273149 	 0.00568814
585 	 260 	 0.836301 	 0.00273891 	 0.00570359
585 	 265 	 0.836609 	 0.00274483 	 0.00571591
585 	 270 	 0.83691 	 0.00274932 	 0.00572527
585 	 275 	 0.837203 	 0.00275246 	 0.00573181
585 	 280 	 0.837488 	 0.00275433 	 0.0057357
585 	 285 	 0.837767 	 0.00275499 	 0.00573707
585 	 290 	 0.838039 	 0.00275451 	 0.00573607
585 	 295 	 0.838304 	 0.00275296 	 0.00573284
585 	 300 	 0.838562 	 0.0027504 	 0.00572751
585 	 305 	 0.838814 	 0.00274688 	 0.00572019
585 	 310 	 0.839059 	 0.00274248 	 0.00571103
585 	 315 	 0.839299 	 0.00273725 	 0.00570013
585 	 320 	 0.839533 	 0.00273123 	 0.0056876
585 	 325 	 0.83976 	 0.00272449 	 0.00567356
585 	 330 	 0.839983 	 0.00271707 	 0.0056581
585 	 335 	 0.840199 	 0.00270902 	 0.00564134
585 	 340 	 0.84041 	 0.00270039 	 0.00562337
585 	 345 	 0.840616 	 0.00269122 	 0.00560427
585 	 350 	 0.840817 	 0.00268155 	 0.00558414
585 	 355 	 0.841013 	 0.00267143 	 0.00556307
585 	 360 	 0.841204 	 0.0026609 	 0.00554113
585 	 365 	 0.84139 	 0.00264998 	 0.00551841
585 	 370 	 0.841572 	 0.00263873 	 0.00549497
585 	 375 	 0.841749 	 0.00262717 	 0.0054709
585 	 380 	 0.841922 	 0.00261534 	 0.00544626
585 	 385 	 0.84209 	 0.00260326 	 0.00542112
585 	 390 	 0.842254 	 0.00259098 	 0.00539553
585 	 395 	 0.842415 	 0.00257851 	 0.00536956
585 	 400 	 0.842571 	 0.00256588 	 0.00534327
585 	 405 	 0.842723 	 0.00255313 	 0.00531671
585 	 410 	 0.842872 	 0.00254027 	 0.00528994
585 	 415 	 0.843016 	 0.00252733 	 0.005263
585 	 420 	 0.843158 	 0.00251434 	 0.00523593
585 	 425 	 0.843295 	 0.00250131 	 0.00520879
585 	 430 	 0.84343 	 0.00248826 	 0.00518162
585 	 435 	 0.843561 	 0.00247521 	 0.00515445
585 	 440 	 0.843688 	 0.00246219 	 0.00512733
585 	 445 	 0.843813 	 0.0024492 	 0.00510029
585 	 450 	 0.843934 	 0.00243627 	 0.00507336
585 	 455 	 0.844053 	 0.00242341 	 0.00504658
585 	 460 	 0.844168 	 0.00241063 	 0.00501997
585 	 465 	 0.844281 	 0.00239795 	 0.00499357
585 	 470 	 0.84439 	 0.00238538 	 0.0049674
585 	 475 	 0.844497 	 0.00237294 	 0.00494148
585 	 480 	 0.844602 	 0.00236063 	 0.00491584
585 	 485 	 0.844704 	 0.00234846 	 0.00489049
585 	 490 	 0.844803 	 0.00233644 	 0.00486547
585 	 495 	 0.8449 	 0.00232458 	 0.00484078
585 	 500 	 0.844994 	 0.0023129 	 0.00481645
585 	 505 	 0.845086 	 0.00230139 	 0.00479248
585 	 510 	 0.845176 	 0.00229006 	 0.0047689
585 	 515 	 0.845264 	 0.00227893 	 0.00474571
585 	 520 	 0.845349 	 0.00226799 	 0.00472292
585 	 525 	 0.845432 	 0.00225725 	 0.00470056
585 	 530 	 0.845513 	 0.00224671 	 0.00467862
585 	 535 	 0.845592 	 0.00223638 	 0.00465711
585 	 540 	 0.84567 	 0.00222627 	 0.00463604
585 	 545 	 0.845745 	 0.00221636 	 0.00461542
585 	 550 	 0.845818 	 0.00220668 	 0.00459525
585 	 555 	 0.84589 	 0.00219721 	 0.00457553
585 	 560 	 0.84596 	 0.00218796 	 0.00455628
585 	 565 	 0.846028 	 0.00217893 	 0.00453748
585 	 570 	 0.846094 	 0.00217013 	 0.00451914
585 	 575 	 0.846159 	 0.00216155 	 0.00450127
585 	 580 	 0.846222 	 0.00215318 	 0.00448386
585 	 585 	 0.846283 	 0.00214504 	 0.0044669
585 	 590 	 0.846343 	 0.00213712 	 0.00445041
585 	 595 	 0.846402 	 0.00212942 	 0.00443438
585 	 600 	 0.846459 	 0.00212194 	 0.0044188
585 	 605 	 0.846515 	 0.00211468 	 0.00440367
585 	 610 	 0.846569 	 0.00210763 	 0.00438899
585 	 615 	 0.846622 	 0.00210079 	 0.00437475
585 	 620 	 0.846674 	 0.00209416 	 0.00436095
585 	 625 	 0.846724 	 0.00208775 	 0.00434759
585 	 630 	 0.846773 	 0.00208153 	 0.00433465
585 	 635 	 0.846821 	 0.00207553 	 0.00432214
585 	 640 	 0.846867 	 0.00206972 	 0.00431004
585 	 645 	 0.846913 	 0.0020641 	 0.00429835
585 	 650 	 0.846957 	 0.00205869 	 0.00428707
585 	 655 	 0.847001 	 0.00205346 	 0.00427618
585 	 660 	 0.847043 	 0.00204842 	 0.00426569
585 	 665 	 0.847084 	 0.00204356 	 0.00425557
585 	 670 	 0.847124 	 0.00203888 	 0.00424583
585 	 675 	 0.847163 	 0.00203438 	 0.00423646
585 	 680 	 0.847201 	 0.00203005 	 0.00422744
585 	 685 	 0.847238 	 0.00202589 	 0.00421878
585 	 690 	 0.847275 	 0.0020219 	 0.00421046
585 	 695 	 0.84731 	 0.00201807 	 0.00420248
585 	 700 	 0.847345 	 0.00201439 	 0.00419483
585 	 705 	 0.847378 	 0.00201087 	 0.00418749
585 	 710 	 0.847411 	 0.0020075 	 0.00418047
585 	 715 	 0.847443 	 0.00200427 	 0.00417375
585 	 720 	 0.847474 	 0.00200119 	 0.00416733
585 	 725 	 0.847505 	 0.00199824 	 0.00416119
585 	 730 	 0.847534 	 0.00199543 	 0.00415534
585 	 735 	 0.847563 	 0.00199275 	 0.00414976
585 	 740 	 0.847591 	 0.00199019 	 0.00414444
585 	 745 	 0.847619 	 0.00198776 	 0.00413937
585 	 750 	 0.847646 	 0.00198545 	 0.00413456
585 	 755 	 0.847672 	 0.00198325 	 0.00412998
585 	 760 	 0.847697 	 0.00198117 	 0.00412564
585 	 765 	 0.847722 	 0.00197919 	 0.00412153
585 	 770 	 0.847747 	 0.00197732 	 0.00411763
585 	 775 	 0.84777 	 0.00197555 	 0.00411395
585 	 780 	 0.847793 	 0.00197388 	 0.00411047
585 	 785 	 0.847816 	 0.00197231 	 0.00410719
585 	 790 	 0.847838 	 0.00197082 	 0.0041041
585 	 795 	 0.847859 	 0.00196943 	 0.00410119
585 	 800 	 0.84788 	 0.00196812 	 0.00409846
585 	 805 	 0.8479 	 0.00196689 	 0.00409591
585 	 810 	 0.84792 	 0.00196574 	 0.00409351
585 	 815 	 0.847939 	 0.00196467 	 0.00409128
585 	 820 	 0.847958 	 0.00196367 	 0.0040892
585 	 825 	 0.847977 	 0.00196274 	 0.00408727
585 	 830 	 0.847995 	 0.00196188 	 0.00408547
585 	 835 	 0.848012 	 0.00196108 	 0.00408382
585 	 840 	 0.848029 	 0.00196035 	 0.00408229
585 	 845 	 0.848046 	 0.00195968 	 0.00408089
585 	 850 	 0.848062 	 0.00195906 	 0.00407961
585 	 855 	 0.848078 	 0.0019585 	 0.00407844
585 	 860 	 0.848093 	 0.00195799 	 0.00407739
585 	 865 	 0.848108 	 0.00195754 	 0.00407644
585 	 870 	 0.848123 	 0.00195713 	 0.00407559
585 	 875 	 0.848137 	 0.00195677 	 0.00407483
585 	 880 	 0.848151 	 0.00195645 	 0.00407417
585 	 885 	 0.848165 	 0.00195618 	 0.0040736
585 	 890 	 0.848178 	 0.00195594 	 0.00407311
585 	 895 	 0.848191 	 0.00195575 	 0.0040727
585 	 900 	 0.848203 	 0.00195559 	 0.00407237
585 	 905 	 0.848216 	 0.00195546 	 0.00407211
585 	 910 	 0.848228 	 0.00195537 	 0.00407192
585 	 915 	 0.848239 	 0.00195531 	 0.0040718
585 	 920 	 0.848251 	 0.00195528 	 0.00407174
585 	 925 	 0.848262 	 0.00195528 	 0.00407173
585 	 930 	 0.848273 	 0.00195531 	 0.00407179
585 	 935 	 0.848283 	 0.00195536 	 0.00407189
585 	 940 	 0.848294 	 0.00195543 	 0.00407205
585 	 945 	 0.848304 	 0.00195553 	 0.00407226
585 	 950 	 0.848314 	 0.00195565 	 0.00407251
585 	 955 	 0.848323 	 0.00195579 	 0.0040728
585 	 960 	 0.848332 	 0.00195595 	 0.00407313
585 	 965 	 0.848342 	 0.00195613 	 0.0040735
585 	 970 	 0.84835 	 0.00195632 	 0.0040739
585 	 975 	 0.848359 	 0.00195653 	 0.00407434
585 	 980 	 0.848367 	 0.00195676 	 0.00407481
585 	 985 	 0.848376 	 0.001957 	 0.00407531
585 	 990 	 0.848384 	 0.00195725 	 0.00407584
585 	 995 	 0.848391 	 0.00195752 	 0.00407639
585 	 1000 	 0.848399 	 0.00195779 	 0.00407696
585 	 1005 	 0.848407 	 0.00195808 	 0.00407756
585 	 1010 	 0.848414 	 0.00195837 	 0.00407818
585 	 1015 	 0.848421 	 0.00195868 	 0.00407881
585 	 1020 	 0.848428 	 0.00195899 	 0.00407946
585 	 1025 	 0.848434 	 0.00195931 	 0.00408013
585 	 1030 	 0.848441 	 0.00195964 	 0.00408081
585 	 1035 	 0.848447 	 0.00195997 	 0.00408151
585 	 1040 	 0.848454 	 0.00196031 	 0.00408222
585 	 1045 	 0.84846 	 0.00196066 	 0.00408293
585 	 1050 	 0.848466 	 0.00196101 	 0.00408366
585 	 1055 	 0.848471 	 0.00196136 	 0.0040844
585 	 1060 	 0.848477 	 0.00196172 	 0.00408514
585 	 1065 	 0.848483 	 0.00196208 	 0.00408589
585 	 1070 	 0.848488 	 0.00196244 	 0.00408664
585 	 1075 	 0.848493 	 0.00196281 	 0.0040874
585 	 1080 	 0.848498 	 0.00196317 	 0.00408817
585 	 1085 	 0.848503 	 0.00196354 	 0.00408893
585 	 1090 	 0.848508 	 0.00196391 	 0.0040897
585 	 1095 	 0.848513 	 0.00196428 	 0.00409047
585 	 1100 	 0.848517 	 0.00196465 	 0.00409124
585 	 1105 	 0.848522 	 0.00196502 	 0.00409201
585 	 1110 	 0.848526 	 0.00196539 	 0.00409278
585 	 1115 	 0.84853 	 0.00196576 	 0.00409355
585 	 1120 	 0.848535 	 0.00196613 	 0.00409432
585 	 1125 	 0.848539 	 0.00196649 	 0.00409508
585 	 1130 	 0.848543 	 0.00196686 	 0.00409585
585 	 1135 	 0.848547 	 0.00196722 	 0.00409661
585 	 1140 	 0.84855 	 0.00196759 	 0.00409736
585 	 1145 	 0.848554 	 0.00196795 	 0.00409811
585 	 1150 	 0.848558 	 0.00196831 	 0.00409886
585 	 1155 	 0.848561 	 0.00196866 	 0.00409961
585 	 1160 	 0.848564 	 0.00196902 	 0.00410034
585 	 1165 	 0.848568 	 0.00196937 	 0.00410108
585 	 1170 	 0.848571 	 0.00196972 	 0.0041018
585 	 1175 	 0.848574 	 0.00197007 	 0.00410253
585 	 1180 	 0.848577 	 0.00197041 	 0.00410324
585 	 1185 	 0.84858 	 0.00197075 	 0.00410395
585 	 1190 	 0.848583 	 0.00197109 	 0.00410465
585 	 1195 	 0.848586 	 0.00197142 	 0.00410535
585 	 1200 	 0.848589 	 0.00197175 	 0.00410604
585 	 1205 	 0.848592 	 0.00197208 	 0.00410672
585 	 1210 	 0.848594 	 0.0019724 	 0.00410739
585 	 1215 	 0.848597 	 0.00197273 	 0.00410806
585 	 1220 	 0.848599 	 0.00197304 	 0.00410872
585 	 1225 	 0.848602 	 0.00197336 	 0.00410937
585 	 1230 	 0.848604 	 0.00197367 	 0.00411002
585 	 1235 	 0.848606 	 0.00197397 	 0.00411066
585 	 1240 	 0.848609 	 0.00197427 	 0.00411129
585 	 1245 	 0.848611 	 0.00197457 	 0.00411191
585 	 1250 	 0.848613 	 0.00197487 	 0.00411252
585 	 1255 	 0.848615 	 0.00197516 	 0.00411313
585 	 1260 	 0.848617 	 0.00197544 	 0.00411372
585 	 1265 	 0.848619 	 0.00197573 	 0.00411431
585 	 1270 	 0.848621 	 0.00197601 	 0.00411489
585 	 1275 	 0.848623 	 0.00197628 	 0.00411547
585 	 1280 	 0.848625 	 0.00197655 	 0.00411603
585 	 1285 	 0.848627 	 0.00197682 	 0.00411659
585 	 1290 	 0.848629 	 0.00197708 	 0.00411714
585 	 1295 	 0.84863 	 0.00197734 	 0.00411768
585 	 1300 	 0.848632 	 0.0019776 	 0.00411821
585 	 1305 	 0.848634 	 0.00197785 	 0.00411874
585 	 1310 	 0.848635 	 0.0019781 	 0.00411926
585 	 1315 	 0.848637 	 0.00197835 	 0.00411977
585 	 1320 	 0.848638 	 0.00197859 	 0.00412027
585 	 1325 	 0.84864 	 0.00197882 	 0.00412076
585 	 1330 	 0.848641 	 0.00197906 	 0.00412125
585 	 1335 	 0.848643 	 0.00197929 	 0.00412172
585 	 1340 	 0.848644 	 0.00197951 	 0.00412219
585 	 1345 	 0.848645 	 0.00197973 	 0.00412266
585 	 1350 	 0.848647 	 0.00197995 	 0.00412311
585 	 1355 	 0.848648 	 0.00198017 	 0.00412356
585 	 1360 	 0.848649 	 0.00198038 	 0.004124
585 	 1365 	 0.84865 	 0.00198059 	 0.00412443
585 	 1370 	 0.848652 	 0.00198079 	 0.00412486
585 	 1375 	 0.848653 	 0.00198099 	 0.00412528
585 	 1380 	 0.848654 	 0.00198119 	 0.00412569
585 	 1385 	 0.848655 	 0.00198138 	 0.00412609
585 	 1390 	 0.848656 	 0.00198157 	 0.00412649
585 	 1395 	 0.848657 	 0.00198176 	 0.00412688
585 	 1400 	 0.848658 	 0.00198194 	 0.00412726
585 	 1405 	 0.848659 	 0.00198213 	 0.00412764
585 	 1410 	 0.84866 	 0.0019823 	 0.00412801
585 	 1415 	 0.848661 	 0.00198248 	 0.00412837
585 	 1420 	 0.848662 	 0.00198265 	 0.00412873
585 	 1425 	 0.848663 	 0.00198282 	 0.00412908
585 	 1430 	 0.848664 	 0.00198298 	 0.00412942
585 	 1435 	 0.848665 	 0.00198314 	 0.00412976
585 	 1440 	 0.848665 	 0.0019833 	 0.00413009
585 	 1445 	 0.848666 	 0.00198346 	 0.00413042
585 	 1450 	 0.848667 	 0.00198361 	 0.00413073
585 	 1455 	 0.848668 	 0.00198376 	 0.00413105
585 	 1460 	 0.848669 	 0.00198391 	 0.00413136
585 	 1465 	 0.848669 	 0.00198406 	 0.00413166
585 	 1470 	 0.84867 	 0.0019842 	 0.00413195
585 	 1475 	 0.848671 	 0.00198434 	 0.00413224
585 	 1480 	 0.848671 	 0.00198447 	 0.00413253
585 	 1485 	 0.848672 	 0.00198461 	 0.00413281
585 	 1490 	 0.848673 	 0.00198474 	 0.00413308
585 	 1495 	 0.848673 	 0.00198487 	 0.00413335
585 	 1500 	 0.848674 	 0.001985 	 0.00413362
585 	 1505 	 0.848675 	 0.00198512 	 0.00413387
585 	 1510 	 0.848675 	 0.00198524 	 0.00413413
585 	 1515 	 0.848676 	 0.00198536 	 0.00413438
585 	 1520 	 0.848676 	 0.00198548 	 0.00413462
585 	 1525 	 0.848677 	 0.00198559 	 0.00413486
585 	 1530 	 0.848677 	 0.00198571 	 0.00413509
585 	 1535 	 0.848678 	 0.00198582 	 0.00413532
585 	 1540 	 0.848678 	 0.00198592 	 0.00413555
585 	 1545 	 0.848679 	 0.00198603 	 0.00413577
585 	 1550 	 0.848679 	 0.00198613 	 0.00413599
585 	 1555 	 0.84868 	 0.00198624 	 0.0041362
585 	 1560 	 0.84868 	 0.00198634 	 0.00413641
585 	 1565 	 0.848681 	 0.00198643 	 0.00413661
585 	 1570 	 0.848681 	 0.00198653 	 0.00413681
585 	 1575 	 0.848682 	 0.00198662 	 0.00413701
585 	 1580 	 0.848682 	 0.00198672 	 0.0041372
585 	 1585 	 0.848682 	 0.00198681 	 0.00413739
585 	 1590 	 0.848683 	 0.0019869 	 0.00413757
585 	 1595 	 0.848683 	 0.00198698 	 0.00413775
585 	 1600 	 0.848683 	 0.00198707 	 0.00413793
585 	 1605 	 0.848684 	 0.00198715 	 0.0041381
585 	 1610 	 0.848684 	 0.00198723 	 0.00413827
585 	 1615 	 0.848685 	 0.00198731 	 0.00413844
585 	 1620 	 0.848685 	 0.00198739 	 0.0041386
585 	 1625 	 0.848685 	 0.00198747 	 0.00413876
585 	 1630 	 0.848686 	 0.00198754 	 0.00413891
585 	 1635 	 0.848686 	 0.00198761 	 0.00413907
585 	 1640 	 0.848686 	 0.00198769 	 0.00413922
585 	 1645 	 0.848686 	 0.00198776 	 0.00413936
585 	 1650 	 0.848687 	 0.00198783 	 0.00413951
585 	 1655 	 0.848687 	 0.00198789 	 0.00413965
585 	 1660 	 0.848687 	 0.00198796 	 0.00413978
585 	 1665 	 0.848688 	 0.00198802 	 0.00413992
585 	 1670 	 0.848688 	 0.00198809 	 0.00414005
585 	 1675 	 0.848688 	 0.00198815 	 0.00414018
585 	 1680 	 0.848688 	 0.00198821 	 0.00414031
585 	 1685 	 0.848689 	 0.00198827 	 0.00414043
585 	 1690 	 0.848689 	 0.00198833 	 0.00414055
585 	 1695 	 0.848689 	 0.00198838 	 0.00414067
585 	 1700 	 0.848689 	 0.00198844 	 0.00414079
585 	 1705 	 0.848689 	 0.00198849 	 0.0041409
585 	 1710 	 0.84869 	 0.00198855 	 0.00414101
585 	 1715 	 0.84869 	 0.0019886 	 0.00414112
585 	 1720 	 0.84869 	 0.00198865 	 0.00414123
585 	 1725 	 0.84869 	 0.0019887 	 0.00414133
585 	 1730 	 0.84869 	 0.00198875 	 0.00414143
585 	 1735 	 0.848691 	 0.0019888 	 0.00414153
585 	 1740 	 0.848691 	 0.00198885 	 0.00414163
585 	 1745 	 0.848691 	 0.00198889 	 0.00414173
585 	 1750 	 0.848691 	 0.00198894 	 0.00414182
585 	 1755 	 0.848691 	 0.00198898 	 0.00414191
585 	 1760 	 0.848692 	 0.00198902 	 0.004142
585 	 1765 	 0.848692 	 0.00198907 	 0.00414209
585 	 1770 	 0.848692 	 0.00198911 	 0.00414218
585 	 1775 	 0.848692 	 0.00198915 	 0.00414226
585 	 1780 	 0.848692 	 0.00198919 	 0.00414234
585 	 1785 	 0.848692 	 0.00198923 	 0.00414242
585 	 1790 	 0.848692 	 0.00198926 	 0.0041425
585 	 1795 	 0.848693 	 0.0019893 	 0.00414258
585 	 1800 	 0.848693 	 0.00198934 	 0.00414265
585 	 1805 	 0.848693 	 0.00198937 	 0.00414273
585 	 1810 	 0.848693 	 0.00198941 	 0.0041428
585 	 1815 	 0.848693 	 0.00198944 	 0.00414287
585 	 1820 	 0.848693 	 0.00198947 	 0.00414294
585 	 1825 	 0.848693 	 0.00198951 	 0.00414301
585 	 1830 	 0.848693 	 0.00198954 	 0.00414307
585 	 1835 	 0.848694 	 0.00198957 	 0.00414314
585 	 1840 	 0.848694 	 0.0019896 	 0.0041432
585 	 1845 	 0.848694 	 0.00198963 	 0.00414326
585 	 1850 	 0.848694 	 0.00198966 	 0.00414332
585 	 1855 	 0.848694 	 0.00198969 	 0.00414338
585 	 1860 	 0.848694 	 0.00198971 	 0.00414344
585 	 1865 	 0.848694 	 0.00198974 	 0.0041435
585 	 1870 	 0.848694 	 0.00198977 	 0.00414355
585 	 1875 	 0.848694 	 0.00198979 	 0.00414361
585 	 1880 	 0.848695 	 0.00198982 	 0.00414366
585 	 1885 	 0.848695 	 0.00198984 	 0.00414371
585 	 1890 	 0.848695 	 0.00198987 	 0.00414376
585 	 1895 	 0.848695 	 0.00198989 	 0.00414381
585 	 1900 	 0.848695 	 0.00198992 	 0.00414386
585 	 1905 	 0.848695 	 0.00198994 	 0.00414391
585 	 1910 	 0.848695 	 0.00198996 	 0.00414396
585 	 1915 	 0.848695 	 0.00198998 	 0.004144
585 	 1920 	 0.848695 	 0.00199 	 0.00414404
585 	 1925 	 0.848695 	 0.00199003 	 0.00414409
585 	 1930 	 0.848695 	 0.00199005 	 0.00414413
585 	 1935 	 0.848695 	 0.00199007 	 0.00414417
585 	 1940 	 0.848695 	 0.00199009 	 0.00414421
585 	 1945 	 0.848695 	 0.0019901 	 0.00414425
585 	 1950 	 0.848696 	 0.00199012 	 0.00414429
585 	 1955 	 0.848696 	 0.00199014 	 0.00414433
585 	 1960 	 0.848696 	 0.00199016 	 0.00414437
585 	 1965 	 0.848696 	 0.00199018 	 0.0041444
585 	 1970 	 0.848696 	 0.00199019 	 0.00414444
585 	 1975 	 0.848696 	 0.00199021 	 0.00414447
585 	 1980 	 0.848696 	 0.00199023 	 0.00414451
585 	 1985 	 0.848696 	 0.00199024 	 0.00414454
585 	 1990 	 0.848696 	 0.00199026 	 0.00414457
585 	 1995 	 0.848696 	 0.00199027 	 0.0041446
585 	 2000 	 0.848696 	 0.00199029 	 0.00414463
585 	 2005 	 0.848696 	 0.0019903 	 0.00414466
585 	 2010 	 0.848696 	 0.00199032 	 0.00414469
585 	 2015 	 0.848696 	 0.00199033 	 0.00414472
585 	 2020 	 0.848696 	 0.00199034 	 0.00414475
585 	 2025 	 0.848696 	 0.00199036 	 0.00414478
585 	 2030 	 0.848696 	 0.00199037 	 0.00414481
585 	 2035 	 0.848696 	 0.00199038 	 0.00414483
585 	 2040 	 0.848696 	 0.0019904 	 0.00414486
585 	 2045 	 0.848697 	 0.00199041 	 0.00414488
585 	 2050 	 0.848697 	 0.00199042 	 0.00414491
585 	 2055 	 0.848697 	 0.00199043 	 0.00414493
585 	 2060 	 0.848697 	 0.00199044 	 0.00414496
585 	 2065 	 0.848697 	 0.00199045 	 0.00414498
585 	 2070 	 0.848697 	 0.00199046 	 0.004145
585 	 2075 	 0.848697 	 0.00199047 	 0.00414502
585 	 2080 	 0.848697 	 0.00199048 	 0.00414504
585 	 2085 	 0.848697 	 0.00199049 	 0.00414507
585 	 2090 	 0.848697 	 0.0019905 	 0.00414509
585 	 2095 	 0.848697 	 0.00199051 	 0.00414511
585 	 2100 	 0.848697 	 0.00199052 	 0.00414513
585 	 2105 	 0.848697 	 0.00199053 	 0.00414515
585 	 2110 	 0.848697 	 0.00199054 	 0.00414516
585 	 2115 	 0.848697 	 0.00199055 	 0.00414518
585 	 2120 	 0.848697 	 0.00199056 	 0.0041452
585 	 2125 	 0.848697 	 0.00199057 	 0.00414522
585 	 2130 	 0.848697 	 0.00199058 	 0.00414523
585 	 2135 	 0.848697 	 0.00199058 	 0.00414525
585 	 2140 	 0.848697 	 0.00199059 	 0.00414527
585 	 2145 	 0.848697 	 0.0019906 	 0.00414528
585 	 2150 	 0.848697 	 0.00199061 	 0.0041453
585 	 2155 	 0.848697 	 0.00199061 	 0.00414531
585 	 2160 	 0.848697 	 0.00199062 	 0.00414533
585 	 2165 	 0.848697 	 0.00199063 	 0.00414534
585 	 2170 	 0.848697 	 0.00199064 	 0.00414536
585 	 2175 	 0.848697 	 0.00199064 	 0.00414537
585 	 2180 	 0.848697 	 0.00199065 	 0.00414539
585 	 2185 	 0.848697 	 0.00199066 	 0.0041454
585 	 2190 	 0.848697 	 0.00199066 	 0.00414541
585 	 2195 	 0.848697 	 0.00199067 	 0.00414543
585 	 2200 	 0.848697 	 0.00199067 	 0.00414544
585 	 2205 	 0.848697 	 0.00199068 	 0.00414545
585 	 2210 	 0.848697 	 0.00199068 	 0.00414546
585 	 2215 	 0.848697 	 0.00199069 	 0.00414547
585 	 2220 	 0.848697 	 0.0019907 	 0.00414548
585 	 2225 	 0.848697 	 0.0019907 	 0.0041455
585 	 2230 	 0.848697 	 0.00199071 	 0.00414551
585 	 2235 	 0.848697 	 0.00199071 	 0.00414552
585 	 2240 	 0.848697 	 0.00199072 	 0.00414553
585 	 2245 	 0.848697 	 0.00199072 	 0.00414554
585 	 2250 	 0.848698 	 0.00199073 	 0.00414555
585 	 2255 	 0.848698 	 0.00199073 	 0.00414556
585 	 2260 	 0.848698 	 0.00199074 	 0.00414557
585 	 2265 	 0.848698 	 0.00199074 	 0.00414558
585 	 2270 	 0.848698 	 0.00199074 	 0.00414558
585 	 2275 	 0.848698 	 0.00199075 	 0.00414559
585 	 2280 	 0.848698 	 0.00199075 	 0.0041456
585 	 2285 	 0.848698 	 0.00199076 	 0.00414561
585 	 2290 	 0.848698 	 0.00199076 	 0.00414562
585 	 2295 	 0.848698 	 0.00199076 	 0.00414563
585 	 2300 	 0.848698 	 0.00199077 	 0.00414563
585 	 2305 	 0.848698 	 0.00199077 	 0.00414564
585 	 2310 	 0.848698 	 0.00199077 	 0.00414565
585 	 2315 	 0.848698 	 0.00199078 	 0.00414566
585 	 2320 	 0.848698 	 0.00199078 	 0.00414566
585 	 2325 	 0.848698 	 0.00199079 	 0.00414567
585 	 2330 	 0.848698 	 0.00199079 	 0.00414568
585 	 2335 	 0.848698 	 0.00199079 	 0.00414568
585 	 2340 	 0.848698 	 0.00199079 	 0.00414569
585 	 2345 	 0.848698 	 0.0019908 	 0.0041457
585 	 2350 	 0.848698 	 0.0019908 	 0.0041457
585 	 2355 	 0.848698 	 0.0019908 	 0.00414571
585 	 2360 	 0.848698 	 0.00199081 	 0.00414571
585 	 2365 	 0.848698 	 0.00199081 	 0.00414572
585 	 2370 	 0.848698 	 0.00199081 	 0.00414573
585 	 2375 	 0.848698 	 0.00199081 	 0.00414573
585 	 2380 	 0.848698 	 0.00199082 	 0.00414574
585 	 2385 	 0.848698 	 0.00199082 	 0.00414574
585 	 2390 	 0.848698 	 0.00199082 	 0.00414575
585 	 2395 	 0.848698 	 0.00199082 	 0.00414575
585 	 2400 	 0.848698 	 0.00199083 	 0.00414576
585 	 2405 	 0.848698 	 0.00199083 	 0.00414576
585 	 2410 	 0.848698 	 0.00199083 	 0.00414577
585 	 2415 	 0.848698 	 0.00199083 	 0.00414577
585 	 2420 	 0.848698 	 0.00199084 	 0.00414578
585 	 2425 	 0.848698 	 0.00199084 	 0.00414578
585 	 2430 	 0.848698 	 0.00199084 	 0.00414578
585 	 2435 	 0.848698 	 0.00199084 	 0.00414579
585 	 2440 	 0.848698 	 0.00199084 	 0.00414579
585 	 2445 	 0.848698 	 0.00199085 	 0.0041458
585 	 2450 	 0.848698 	 0.00199085 	 0.0041458
585 	 2455 	 0.848698 	 0.00199085 	 0.0041458
585 	 2460 	 0.848698 	 0.00199085 	 0.00414581
585 	 2465 	 0.848698 	 0.00199085 	 0.00414581
585 	 2470 	 0.848698 	 0.00199085 	 0.00414581
585 	 2475 	 0.848698 	 0.00199086 	 0.00414582
585 	 2480 	 0.848698 	 0.00199086 	 0.00414582
585 	 2485 	 0.848698 	 0.00199086 	 0.00414582
585 	 2490 	 0.848698 	 0.00199086 	 0.00414583
585 	 2495 	 0.848698 	 0.00199086 	 0.00414583
585 	 2500 	 0.848698 	 0.00199086 	 0.00414583
585 	 2505 	 0.848698 	 0.00199087 	 0.00414584
585 	 2510 	 0.848698 	 0.00199087 	 0.00414584
585 	 2515 	 0.848698 	 0.00199087 	 0.00414584
585 	 2520 	 0.848698 	 0.00199087 	 0.00414585
585 	 2525 	 0.848698 	 0.00199087 	 0.00414585
585 	 2530 	 0.848698 	 0.00199087 	 0.00414585
585 	 2535 	 0.848698 	 0.00199087 	 0.00414585
585 	 2540 	 0.848698 	 0.00199087 	 0.00414586
585 	 2545 	 0.848698 	 0.00199088 	 0.00414586
585 	 2550 	 0.848698 	 0.00199088 	 0.00414586
585 	 2555 	 0.848698 	 0.00199088 	 0.00414586
585 	 2560 	 0.848698 	 0.00199088 	 0.00414587
585 	 2565 	 0.848698 	 0.00199088 	 0.00414587
585 	 2570 	 0.848698 	 0.00199088 	 0.00414587
585 	 2575 	 0.848698 	 0.00199088 	 0.00414587
585 	 2580 	 0.848698 	 0.00199088 	 0.00414587
585 	 2585 	 0.848698 	 0.00199088 	 0.00414588
585 	 2590 	 0.848698 	 0.00199088 	 0.00414588
585 	 2595 	 0.848698 	 0.00199089 	 0.00414588
585 	 2600 	 0.848698 	 0.00199089 	 0.00414588
585 	 2605 	 0.848698 	 0.00199089 	 0.00414588
585 	 2610 	 0.848698 	 0.00199089 	 0.00414589
585 	 2615 	 0.848698 	 0.00199089 	 0.00414589
585 	 2620 	 0.848698 	 0.00199089 	 0.00414589
585 	 2625 	 0.848698 	 0.00199089 	 0.00414589
585 	 2630 	 0.848698 	 0.00199089 	 0.00414589
585 	 2635 	 0.848698 	 0.00199089 	 0.00414589
585 	 2640 	 0.848698 	 0.00199089 	 0.0041459
585 	 2645 	 0.848698 	 0.00199089 	 0.0041459
585 	 2650 	 0.848698 	 0.00199089 	 0.0041459
585 	 2655 	 0.848698 	 0.0019909 	 0.0041459
585 	 2660 	 0.848698 	 0.0019909 	 0.0041459
585 	 2665 	 0.848698 	 0.0019909 	 0.0041459
585 	 2670 	 0.848698 	 0.0019909 	 0.0041459
585 	 2675 	 0.848698 	 0.0019909 	 0.00414591
585 	 2680 	 0.848698 	 0.0019909 	 0.00414591
585 	 2685 	 0.848698 	 0.0019909 	 0.00414591
585 	 2690 	 0.848698 	 0.0019909 	 0.00414591
585 	 2695 	 0.848698 	 0.0019909 	 0.00414591
585 	 2700 	 0.848698 	 0.0019909 	 0.00414591
585 	 2705 	 0.848698 	 0.0019909 	 0.00414591
585 	 2710 	 0.848698 	 0.0019909 	 0.00414591
585 	 2715 	 0.848698 	 0.0019909 	 0.00414592
585 	 2720 	 0.848698 	 0.0019909 	 0.00414592
585 	 2725 	 0.848698 	 0.0019909 	 0.00414592
585 	 2730 	 0.848698 	 0.0019909 	 0.00414592
585 	 2735 	 0.848698 	 0.0019909 	 0.00414592
585 	 2740 	 0.848698 	 0.00199091 	 0.00414592
585 	 2745 	 0.848698 	 0.00199091 	 0.00414592
585 	 2750 	 0.848698 	 0.00199091 	 0.00414592
585 	 2755 	 0.848698 	 0.00199091 	 0.00414592
585 	 2760 	 0.848698 	 0.00199091 	 0.00414592
585 	 2765 	 0.848698 	 0.00199091 	 0.00414592
585 	 2770 	 0.848698 	 0.00199091 	 0.00414593
585 	 2775 	 0.848698 	 0.00199091 	 0.00414593
585 	 2780 	 0.848698 	 0.00199091 	 0.00414593
585 	 2785 	 0.848698 	 0.00199091 	 0.00414593
585 	 2790 	 0.848698 	 0.00199091 	 0.00414593
585 	 2795 	 0.848698 	 0.00199091 	 0.00414593
585 	 2800 	 0.848698 	 0.00199091 	 0.00414593
585 	 2805 	 0.848698 	 0.00199091 	 0.00414593
585 	 2810 	 0.848698 	 0.00199091 	 0.00414593
585 	 2815 	 0.848698 	 0.00199091 	 0.00414593
585 	 2820 	 0.848698 	 0.00199091 	 0.00414593
585 	 2825 	 0.848698 	 0.00199091 	 0.00414593
585 	 2830 	 0.848698 	 0.00199091 	 0.00414593
585 	 2835 	 0.848698 	 0.00199091 	 0.00414593
585 	 2840 	 0.848698 	 0.00199091 	 0.00414594
585 	 2845 	 0.848698 	 0.00199091 	 0.00414594
585 	 2850 	 0.848698 	 0.00199091 	 0.00414594
585 	 2855 	 0.848698 	 0.00199091 	 0.00414594
585 	 2860 	 0.848698 	 0.00199091 	 0.00414594
585 	 2865 	 0.848698 	 0.00199091 	 0.00414594
585 	 2870 	 0.848698 	 0.00199091 	 0.00414594
585 	 2875 	 0.848698 	 0.00199091 	 0.00414594
585 	 2880 	 0.848698 	 0.00199091 	 0.00414594
585 	 2885 	 0.848698 	 0.00199091 	 0.00414594
585 	 2890 	 0.848698 	 0.00199091 	 0.00414594
585 	 2895 	 0.848698 	 0.00199092 	 0.00414594
585 	 2900 	 0.848698 	 0.00199092 	 0.00414594
585 	 2905 	 0.848698 	 0.00199092 	 0.00414594
585 	 2910 	 0.848698 	 0.00199092 	 0.00414594
585 	 2915 	 0.848698 	 0.00199092 	 0.00414594
585 	 2920 	 0.848698 	 0.00199092 	 0.00414594
585 	 2925 	 0.848698 	 0.00199092 	 0.00414594
585 	 2930 	 0.848698 	 0.00199092 	 0.00414594
585 	 2935 	 0.848698 	 0.00199092 	 0.00414594
585 	 2940 	 0.848698 	 0.00199092 	 0.00414594
585 	 2945 	 0.848698 	 0.00199092 	 0.00414595
585 	 2950 	 0.848698 	 0.00199092 	 0.00414595
585 	 2955 	 0.848698 	 0.00199092 	 0.00414595
585 	 2960 	 0.848698 	 0.00199092 	 0.00414595
585 	 2965 	 0.848698 	 0.00199092 	 0.00414595
585 	 2970 	 0.848698 	 0.00199092 	 0.00414595
585 	 2975 	 0.848698 	 0.00199092 	 0.00414595
585 	 2980 	 0.848698 	 0.00199092 	 0.00414595
585 	 2985 	 0.848698 	 0.00199092 	 0.00414595
585 	 2990 	 0.848698 	 0.00199092 	 0.00414595
585 	 2995 	 0.848698 	 0.00199092 	 0.00414595
585 	 3000 	 0.848698 	 0.00199092 	 0.00414595
585 	 3005 	 0.848698 	 0.00199092 	 0.00414595
585 	 3010 	 0.848698 	 0.00199092 	 0.00414595
585 	 3015 	 0.848698 	 0.00199092 	 0.00414595
585 	 3020 	 0.848698 	 0.00199092 	 0.00414595
585 	 3025 	 0.848698 	 0.00199092 	 0.00414595
585 	 3030 	 0.848698 	 0.00199092 	 0.00414595
585 	 3035 	 0.848698 	 0.00199092 	 0.00414595
585 	 3040 	 0.848698 	 0.00199092 	 0.00414595
585 	 3045 	 0.848698 	 0.00199092 	 0.00414595
585 	 3050 	 0.848698 	 0.00199092 	 0.00414595
585 	 3055 	 0.848698 	 0.00199092 	 0.00414595
585 	 3060 	 0.848698 	 0.00199092 	 0.00414595
585 	 3065 	 0.848698 	 0.00199092 	 0.00414595
585 	 3070 	 0.848698 	 0.00199092 	 0.00414595
585 	 3075 	 0.848698 	 0.00199092 	 0.00414595
585 	 3080 	 0.848698 	 0.00199092 	 0.00414595
585 	 3085 	 0.848698 	 0.00199092 	 0.00414595
585 	 3090 	 0.848698 	 0.00199092 	 0.00414595
585 	 3095 	 0.848698 	 0.00199092 	 0.00414595
585 	 3100 	 0.848698 	 0.00199092 	 0.00414595
585 	 3105 	 0.848698 	 0.00199092 	 0.00414595
585 	 3110 	 0.848698 	 0.00199092 	 0.00414595
585 	 3115 	 0.848698 	 0.00199092 	 0.00414595
585 	 3120 	 0.848698 	 0.00199092 	 0.00414595
585 	 3125 	 0.848698 	 0.00199092 	 0.00414595
585 	 3130 	 0.848698 	 0.00199092 	 0.00414595
585 	 3135 	 0.848698 	 0.00199092 	 0.00414595
585 	 3140 	 0.848698 	 0.00199092 	 0.00414595
585 	 3145 	 0.848698 	 0.00199092 	 0.00414595
585 	 3150 	 0.848698 	 0.00199092 	 0.00414595
585 	 3155 	 0.848698 	 0.00199092 	 0.00414595
585 	 3160 	 0.848698 	 0.00199092 	 0.00414595
585 	 3165 	 0.848698 	 0.00199092 	 0.00414595
585 	 3170 	 0.848698 	 0.00199092 	 0.00414595
585 	 3175 	 0.848698 	 0.00199092 	 0.00414595
585 	 3180 	 0.848698 	 0.00199092 	 0.00414595
585 	 3185 	 0.848698 	 0.00199092 	 0.00414595
585 	 3190 	 0.848698 	 0.00199092 	 0.00414596
585 	 3195 	 0.848698 	 0.00199092 	 0.00414596
585 	 3200 	 0.848698 	 0.00199092 	 0.00414596
585 	 3205 	 0.848698 	 0.00199092 	 0.00414596
585 	 3210 	 0.848698 	 0.00199092 	 0.00414596
585 	 3215 	 0.848698 	 0.00199092 	 0.00414596
585 	 3220 	 0.848698 	 0.00199092 	 0.00414596
585 	 3225 	 0.848698 	 0.00199092 	 0.00414596
585 	 3230 	 0.848698 	 0.00199092 	 0.00414596
585 	 3235 	 0.848698 	 0.00199092 	 0.00414596
585 	 3240 	 0.848698 	 0.00199092 	 0.00414596
585 	 3245 	 0.848698 	 0.00199092 	 0.00414596
585 	 3250 	 0.848698 	 0.00199092 	 0.00414596
585 	 3255 	 0.848698 	 0.00199092 	 0.00414596
585 	 3260 	 0.848698 	 0.00199092 	 0.00414596
585 	 3265 	 0.848698 	 0.00199092 	 0.00414596
585 	 3270 	 0.848698 	 0.00199092 	 0.00414596
585 	 3275 	 0.848698 	 0.00199092 	 0.00414596
585 	 3280 	 0.848698 	 0.00199092 	 0.00414596
585 	 3285 	 0.848698 	 0.00199092 	 0.00414596
585 	 3290 	 0.848698 	 0.00199092 	 0.00414596
585 	 3295 	 0.848698 	 0.00199092 	 0.00414596
585 	 3300 	 0.848698 	 0.00199092 	 0.00414596
585 	 3305 	 0.848698 	 0.00199092 	 0.00414596
585 	 3310 	 0.848698 	 0.00199092 	 0.00414596
585 	 3315 	 0.848698 	 0.00199092 	 0.00414596
585 	 3320 	 0.848698 	 0.00199092 	 0.00414596
585 	 3325 	 0.848698 	 0.00199092 	 0.00414596
585 	 3330 	 0.848698 	 0.00199092 	 0.00414596
585 	 3335 	 0.848698 	 0.00199092 	 0.00414596
585 	 3340 	 0.848698 	 0.00199092 	 0.00414596
585 	 3345 	 0.848698 	 0.00199092 	 0.00414596
585 	 3350 	 0.848698 	 0.00199092 	 0.00414596
585 	 3355 	 0.848698 	 0.00199092 	 0.00414596
585 	 3360 	 0.848698 	 0.00199092 	 0.00414596
585 	 3365 	 0.848698 	 0.00199092 	 0.00414596
585 	 3370 	 0.848698 	 0.00199092 	 0.00414596
585 	 3375 	 0.848698 	 0.00199092 	 0.00414596
585 	 3380 	 0.848698 	 0.00199092 	 0.00414596
585 	 3385 	 0.848698 	 0.00199092 	 0.00414596
585 	 3390 	 0.848698 	 0.00199092 	 0.00414596
585 	 3395 	 0.848698 	 0.00199092 	 0.00414596
585 	 3400 	 0.848698 	 0.00199092 	 0.00414596
585 	 3405 	 0.848698 	 0.00199092 	 0.00414596
585 	 3410 	 0.848698 	 0.00199092 	 0.00414596
585 	 3415 	 0.848698 	 0.00199092 	 0.00414596
585 	 3420 	 0.848698 	 0.00199092 	 0.00414596
585 	 3425 	 0.848698 	 0.00199092 	 0.00414596
585 	 3430 	 0.848698 	 0.00199092 	 0.00414596
585 	 3435 	 0.848698 	 0.00199092 	 0.00414596
585 	 3440 	 0.848698 	 0.00199092 	 0.00414596
585 	 3445 	 0.848698 	 0.00199092 	 0.00414596
585 	 3450 	 0.848698 	 0.00199092 	 0.00414596
585 	 3455 	 0.848698 	 0.00199092 	 0.00414596
585 	 3460 	 0.848698 	 0.00199092 	 0.00414596
585 	 3465 	 0.848698 	 0.00199092 	 0.00414596
585 	 3470 	 0.848698 	 0.00199092 	 0.00414596
585 	 3475 	 0.848698 	 0.00199092 	 0.00414596
585 	 3480 	 0.848698 	 0.00199092 	 0.00414596
585 	 3485 	 0.848698 	 0.00199092 	 0.00414596
585 	 3490 	 0.848698 	 0.00199092 	 0.00414596
585 	 3495 	 0.848698 	 0.00199092 	 0.00414596
585 	 3500 	 0.848698 	 0.00199092 	 0.00414596
585 	 3505 	 0.848698 	 0.00199092 	 0.00414596
585 	 3510 	 0.848698 	 0.00199092 	 0.00414596
585 	 3515 	 0.848698 	 0.00199092 	 0.00414596
585 	 3520 	 0.848698 	 0.00199092 	 0.00414596
585 	 3525 	 0.848698 	 0.00199092 	 0.00414596
585 	 3530 	 0.848698 	 0.00199092 	 0.00414596
585 	 3535 	 0.848698 	 0.00199092 	 0.00414596
585 	 3540 	 0.848698 	 0.00199092 	 0.00414596
585 	 3545 	 0.848698 	 0.00199092 	 0.00414596
585 	 3550 	 0.848698 	 0.00199092 	 0.00414596
585 	 3555 	 0.848698 	 0.00199092 	 0.00414596
585 	 3560 	 0.848698 	 0.00199092 	 0.00414596
585 	 3565 	 0.848698 	 0.00199092 	 0.00414596
585 	 3570 	 0.848698 	 0.00199092 	 0.00414596
585 	 3575 	 0.848698 	 0.00199092 	 0.00414596
585 	 3580 	 0.848698 	 0.00199092 	 0.00414596
585 	 3585 	 0.848698 	 0.00199092 	 0.00414596
585 	 3590 	 0.848698 	 0.00199092 	 0.00414596
585 	 3595 	 0.848698 	 0.00199092 	 0.00414596
585 	 3600 	 0.848698 	 0.00199092 	 0.00414596
585 	 3605 	 0.848698 	 0.00199092 	 0.00414596
585 	 3610 	 0.848698 	 0.00199092 	 0.00414596
585 	 3615 	 0.848698 	 0.00199092 	 0.00414596
585 	 3620 	 0.848698 	 0.00199092 	 0.00414596
585 	 3625 	 0.848698 	 0.00199092 	 0.00414596
585 	 3630 	 0.848698 	 0.00199092 	 0.00414596
585 	 3635 	 0.848698 	 0.00199092 	 0.00414596
585 	 3640 	 0.848698 	 0.00199092 	 0.00414596
585 	 3645 	 0.848698 	 0.00199092 	 0.00414596
585 	 3650 	 0.848698 	 0.00199092 	 0.00414596
585 	 3655 	 0.848698 	 0.00199092 	 0.00414596
585 	 3660 	 0.848698 	 0.00199092 	 0.00414596
585 	 3665 	 0.848698 	 0.00199092 	 0.00414596
585 	 3670 	 0.848698 	 0.00199092 	 0.00414596
585 	 3675 	 0.848698 	 0.00199092 	 0.00414596
585 	 3680 	 0.848698 	 0.00199092 	 0.00414596
585 	 3685 	 0.848698 	 0.00199092 	 0.00414596
585 	 3690 	 0.848698 	 0.00199092 	 0.00414596
585 	 3695 	 0.848698 	 0.00199092 	 0.00414596
585 	 3700 	 0.848698 	 0.00199092 	 0.00414596
585 	 3705 	 0.848698 	 0.00199092 	 0.00414596
585 	 3710 	 0.848698 	 0.00199092 	 0.00414596
585 	 3715 	 0.848698 	 0.00199092 	 0.00414596
585 	 3720 	 0.848698 	 0.00199092 	 0.00414596
585 	 3725 	 0.848698 	 0.00199092 	 0.00414596
585 	 3730 	 0.848698 	 0.00199092 	 0.00414596
585 	 3735 	 0.848698 	 0.00199092 	 0.00414596
585 	 3740 	 0.848698 	 0.00199092 	 0.00414596
585 	 3745 	 0.848698 	 0.00199092 	 0.00414596
585 	 3750 	 0.848698 	 0.00199092 	 0.00414596
585 	 3755 	 0.848698 	 0.00199092 	 0.00414596
585 	 3760 	 0.848698 	 0.00199092 	 0.00414596
585 	 3765 	 0.848698 	 0.00199092 	 0.00414596
585 	 3770 	 0.848698 	 0.00199092 	 0.00414596
585 	 3775 	 0.848698 	 0.00199092 	 0.00414596
585 	 3780 	 0.848698 	 0.00199092 	 0.00414596
585 	 3785 	 0.848698 	 0.00199092 	 0.00414596
585 	 3790 	 0.848698 	 0.00199092 	 0.00414596
585 	 3795 	 0.848698 	 0.00199092 	 0.00414596
585 	 3800 	 0.848698 	 0.00199092 	 0.00414596
585 	 3805 	 0.848698 	 0.00199092 	 0.00414596
585 	 3810 	 0.848698 	 0.00199092 	 0.00414596
585 	 3815 	 0.848698 	 0.00199092 	 0.00414596
585 	 3820 	 0.848698 	 0.00199092 	 0.00414596
585 	 3825 	 0.848698 	 0.00199092 	 0.00414596
585 	 3830 	 0.848698 	 0.00199092 	 0.00414596
585 	 3835 	 0.848698 	 0.00199092 	 0.00414596
585 	 3840 	 0.848698 	 0.00199092 	 0.00414596
585 	 3845 	 0.848698 	 0.00199092 	 0.00414596
585 	 3850 	 0.848698 	 0.00199092 	 0.00414596
585 	 3855 	 0.848698 	 0.00199092 	 0.00414596
585 	 3860 	 0.848698 	 0.00199092 	 0.00414596
585 	 3865 	 0.848698 	 0.00199092 	 0.00414596
585 	 3870 	 0.848698 	 0.00199092 	 0.00414596
585 	 3875 	 0.848698 	 0.00199092 	 0.00414596
585 	 3880 	 0.848698 	 0.00199092 	 0.00414596
585 	 3885 	 0.848698 	 0.00199092 	 0.00414596
585 	 3890 	 0.848698 	 0.00199092 	 0.00414596
585 	 3895 	 0.848698 	 0.00199092 	 0.00414596
585 	 3900 	 0.848698 	 0.00199092 	 0.00414596
585 	 3905 	 0.848698 	 0.00199092 	 0.00414596
585 	 3910 	 0.848698 	 0.00199092 	 0.00414596
585 	 3915 	 0.848698 	 0.00199092 	 0.00414596
585 	 3920 	 0.848698 	 0.00199092 	 0.00414596
585 	 3925 	 0.848698 	 0.00199092 	 0.00414596
585 	 3930 	 0.848698 	 0.00199092 	 0.00414596
585 	 3935 	 0.848698 	 0.00199092 	 0.00414596
585 	 3940 	 0.848698 	 0.00199092 	 0.00414596
585 	 3945 	 0.848698 	 0.00199092 	 0.00414596
585 	 3950 	 0.848698 	 0.00199092 	 0.00414596
585 	 3955 	 0.848698 	 0.00199092 	 0.00414596
585 	 3960 	 0.848698 	 0.00199092 	 0.00414596
585 	 3965 	 0.848698 	 0.00199092 	 0.00414596
585 	 3970 	 0.848698 	 0.00199092 	 0.00414596
585 	 3975 	 0.848698 	 0.00199092 	 0.00414596
585 	 3980 	 0.848698 	 0.00199092 	 0.00414596
585 	 3985 	 0.848698 	 0.00199092 	 0.00414596
585 	 3990 	 0.848698 	 0.00199092 	 0.00414596
585 	 3995 	 0.848698 	 0.00199092 	 0.00414596
585 	 4000 	 0.848698 	 0.00199092 	 0.00414596
585 	 4005 	 0.848698 	 0.00199092 	 0.00414596
585 	 4010 	 0.848698 	 0.00199092 	 0.00414596
585 	 4015 	 0.848698 	 0.00199092 	 0.00414596
585 	 4020 	 0.848698 	 0.00199092 	 0.00414596
585 	 4025 	 0.848698 	 0.00199092 	 0.00414596
585 	 4030 	 0.848698 	 0.00199092 	 0.00414596
585 	 4035 	 0.848698 	 0.00199092 	 0.00414596
585 	 4040 	 0.848698 	 0.00199092 	 0.00414596
585 	 4045 	 0.848698 	 0.00199092 	 0.00414596
585 	 4050 	 0.848698 	 0.00199092 	 0.00414596
585 	 4055 	 0.848698 	 0.00199092 	 0.00414596
585 	 4060 	 0.848698 	 0.00199092 	 0.00414596
585 	 4065 	 0.848698 	 0.00199092 	 0.00414596
585 	 4070 	 0.848698 	 0.00199092 	 0.00414596
585 	 4075 	 0.848698 	 0.00199092 	 0.00414596
585 	 4080 	 0.848698 	 0.00199092 	 0.00414596
585 	 4085 	 0.848698 	 0.00199092 	 0.00414596
585 	 4090 	 0.848698 	 0.00199092 	 0.00414596
585 	 4095 	 0.848698 	 0.00199092 	 0.00414596
585 	 4100 	 0.848698 	 0.00199092 	 0.00414596
585 	 4105 	 0.848698 	 0.00199092 	 0.00414596
585 	 4110 	 0.848698 	 0.00199092 	 0.00414596
585 	 4115 	 0.848698 	 0.00199092 	 0.00414596
585 	 4120 	 0.848698 	 0.00199092 	 0.00414596
585 	 4125 	 0.848698 	 0.00199092 	 0.00414596
585 	 4130 	 0.848698 	 0.00199092 	 0.00414596
585 	 4135 	 0.848698 	 0.00199092 	 0.00414596
585 	 4140 	 0.848698 	 0.00199092 	 0.00414596
585 	 4145 	 0.848698 	 0.00199092 	 0.00414596
585 	 4150 	 0.848698 	 0.00199092 	 0.00414596
585 	 4155 	 0.848698 	 0.00199092 	 0.00414596
585 	 4160 	 0.848698 	 0.00199092 	 0.00414596
585 	 4165 	 0.848698 	 0.00199092 	 0.00414596
585 	 4170 	 0.848698 	 0.00199092 	 0.00414596
585 	 4175 	 0.848698 	 0.00199092 	 0.00414596
585 	 4180 	 0.848698 	 0.00199092 	 0.00414596
585 	 4185 	 0.848698 	 0.00199092 	 0.00414596
585 	 4190 	 0.848698 	 0.00199092 	 0.00414596
585 	 4195 	 0.848698 	 0.00199092 	 0.00414596
585 	 4200 	 0.848698 	 0.00199092 	 0.00414596
585 	 4205 	 0.848698 	 0.00199092 	 0.00414596
585 	 4210 	 0.848698 	 0.00199092 	 0.00414596
585 	 4215 	 0.848698 	 0.00199092 	 0.00414596
585 	 4220 	 0.848698 	 0.00199092 	 0.00414596
585 	 4225 	 0.848698 	 0.00199092 	 0.00414596
585 	 4230 	 0.848698 	 0.00199092 	 0.00414596
585 	 4235 	 0.848698 	 0.00199092 	 0.00414596
585 	 4240 	 0.848698 	 0.00199092 	 0.00414596
585 	 4245 	 0.848698 	 0.00199092 	 0.00414596
585 	 4250 	 0.848698 	 0.00199092 	 0.00414596
585 	 4255 	 0.848698 	 0.00199092 	 0.00414596
585 	 4260 	 0.848698 	 0.00199092 	 0.00414596
585 	 4265 	 0.848698 	 0.00199092 	 0.00414596
585 	 4270 	 0.848698 	 0.00199092 	 0.00414596
585 	 4275 	 0.848698 	 0.00199092 	 0.00414596
585 	 4280 	 0.848698 	 0.00199092 	 0.00414596
585 	 4285 	 0.848698 	 0.00199092 	 0.00414596
585 	 4290 	 0.848698 	 0.00199092 	 0.00414596
585 	 4295 	 0.848698 	 0.00199092 	 0.00414596
585 	 4300 	 0.848698 	 0.00199092 	 0.00414596
585 	 4305 	 0.848698 	 0.00199092 	 0.00414596
585 	 4310 	 0.848698 	 0.00199092 	 0.00414596
585 	 4315 	 0.848698 	 0.00199092 	 0.00414596
585 	 4320 	 0.848698 	 0.00199092 	 0.00414596
585 	 4325 	 0.848698 	 0.00199092 	 0.00414596
585 	 4330 	 0.848698 	 0.00199092 	 0.00414596
585 	 4335 	 0.848698 	 0.00199092 	 0.00414596
585 	 4340 	 0.848698 	 0.00199092 	 0.00414596
585 	 4345 	 0.848698 	 0.00199092 	 0.00414596
585 	 4350 	 0.848698 	 0.00199092 	 0.00414596
585 	 4355 	 0.848698 	 0.00199092 	 0.00414596
585 	 4360 	 0.848698 	 0.00199092 	 0.00414596
585 	 4365 	 0.848698 	 0.00199092 	 0.00414596
585 	 4370 	 0.848698 	 0.00199092 	 0.00414596
585 	 4375 	 0.848698 	 0.00199092 	 0.00414596
585 	 4380 	 0.848698 	 0.00199092 	 0.00414596
585 	 4385 	 0.848698 	 0.00199092 	 0.00414596
585 	 4390 	 0.848698 	 0.00199092 	 0.00414596
585 	 4395 	 0.848698 	 0.00199092 	 0.00414596
585 	 4400 	 0.848698 	 0.00199092 	 0.00414596
585 	 4405 	 0.848698 	 0.00199092 	 0.00414596
585 	 4410 	 0.848698 	 0.00199092 	 0.00414596
585 	 4415 	 0.848698 	 0.00199092 	 0.00414596
585 	 4420 	 0.848698 	 0.00199092 	 0.00414596
585 	 4425 	 0.848698 	 0.00199092 	 0.00414596
585 	 4430 	 0.848698 	 0.00199092 	 0.00414596
585 	 4435 	 0.848698 	 0.00199092 	 0.00414596
585 	 4440 	 0.848698 	 0.00199092 	 0.00414596
585 	 4445 	 0.848698 	 0.00199092 	 0.00414596
585 	 4450 	 0.848698 	 0.00199092 	 0.00414596
585 	 4455 	 0.848698 	 0.00199092 	 0.00414596
585 	 4460 	 0.848698 	 0.00199092 	 0.00414596
585 	 4465 	 0.848698 	 0.00199092 	 0.00414596
585 	 4470 	 0.848698 	 0.00199092 	 0.00414596
585 	 4475 	 0.848698 	 0.00199092 	 0.00414596
585 	 4480 	 0.848698 	 0.00199092 	 0.00414596
585 	 4485 	 0.848698 	 0.00199092 	 0.00414596
585 	 4490 	 0.848698 	 0.00199092 	 0.00414596
585 	 4495 	 0.848698 	 0.00199092 	 0.00414596
585 	 4500 	 0.848698 	 0.00199092 	 0.00414596
585 	 4505 	 0.848698 	 0.00199092 	 0.00414596
585 	 4510 	 0.848698 	 0.00199092 	 0.00414596
585 	 4515 	 0.848698 	 0.00199092 	 0.00414596
585 	 4520 	 0.848698 	 0.00199092 	 0.00414596
585 	 4525 	 0.848698 	 0.00199092 	 0.00414596
585 	 4530 	 0.848698 	 0.00199092 	 0.00414596
585 	 4535 	 0.848698 	 0.00199092 	 0.00414596
585 	 4540 	 0.848698 	 0.00199092 	 0.00414596
585 	 4545 	 0.848698 	 0.00199092 	 0.00414596
585 	 4550 	 0.848698 	 0.00199092 	 0.00414596
585 	 4555 	 0.848698 	 0.00199092 	 0.00414596
585 	 4560 	 0.848698 	 0.00199092 	 0.00414596
585 	 4565 	 0.848698 	 0.00199092 	 0.00414596
585 	 4570 	 0.848698 	 0.00199092 	 0.00414596
585 	 4575 	 0.848698 	 0.00199092 	 0.00414596
585 	 4580 	 0.848698 	 0.00199092 	 0.00414596
585 	 4585 	 0.848698 	 0.00199092 	 0.00414596
585 	 4590 	 0.848698 	 0.00199092 	 0.00414596
585 	 4595 	 0.848698 	 0.00199092 	 0.00414596
585 	 4600 	 0.848698 	 0.00199092 	 0.00414596
585 	 4605 	 0.848698 	 0.00199092 	 0.00414596
585 	 4610 	 0.848698 	 0.00199092 	 0.00414596
585 	 4615 	 0.848698 	 0.00199092 	 0.00414596
585 	 4620 	 0.848698 	 0.00199092 	 0.00414596
585 	 4625 	 0.848698 	 0.00199092 	 0.00414596
585 	 4630 	 0.848698 	 0.00199092 	 0.00414596
585 	 4635 	 0.848698 	 0.00199092 	 0.00414596
585 	 4640 	 0.848698 	 0.00199092 	 0.00414596
585 	 4645 	 0.848698 	 0.00199092 	 0.00414596
585 	 4650 	 0.848698 	 0.00199092 	 0.00414596
585 	 4655 	 0.848698 	 0.00199092 	 0.00414596
585 	 4660 	 0.848698 	 0.00199092 	 0.00414596
585 	 4665 	 0.848698 	 0.00199092 	 0.00414596
585 	 4670 	 0.848698 	 0.00199092 	 0.00414596
585 	 4675 	 0.848698 	 0.00199092 	 0.00414596
585 	 4680 	 0.848698 	 0.00199092 	 0.00414596
585 	 4685 	 0.848698 	 0.00199092 	 0.00414596
585 	 4690 	 0.848698 	 0.00199092 	 0.00414596
585 	 4695 	 0.848698 	 0.00199092 	 0.00414596
585 	 4700 	 0.848698 	 0.00199092 	 0.00414596
585 	 4705 	 0.848698 	 0.00199092 	 0.00414596
585 	 4710 	 0.848698 	 0.00199092 	 0.00414596
585 	 4715 	 0.848698 	 0.00199092 	 0.00414596
585 	 4720 	 0.848698 	 0.00199092 	 0.00414596
585 	 4725 	 0.848698 	 0.00199092 	 0.00414596
585 	 4730 	 0.848698 	 0.00199092 	 0.00414596
585 	 4735 	 0.848698 	 0.00199092 	 0.00414596
585 	 4740 	 0.848698 	 0.00199092 	 0.00414596
585 	 4745 	 0.848698 	 0.00199092 	 0.00414596
585 	 4750 	 0.848698 	 0.00199092 	 0.00414596
585 	 4755 	 0.848698 	 0.00199092 	 0.00414596
585 	 4760 	 0.848698 	 0.00199092 	 0.00414596
585 	 4765 	 0.848698 	 0.00199092 	 0.00414596
585 	 4770 	 0.848698 	 0.00199092 	 0.00414596
585 	 4775 	 0.848698 	 0.00199092 	 0.00414596
585 	 4780 	 0.848698 	 0.00199092 	 0.00414596
585 	 4785 	 0.848698 	 0.00199092 	 0.00414596
585 	 4790 	 0.848698 	 0.00199092 	 0.00414596
585 	 4795 	 0.848698 	 0.00199092 	 0.00414596
585 	 4800 	 0.848698 	 0.00199092 	 0.00414596
585 	 4805 	 0.848698 	 0.00199092 	 0.00414596
585 	 4810 	 0.848698 	 0.00199092 	 0.00414596
585 	 4815 	 0.848698 	 0.00199092 	 0.00414596
585 	 4820 	 0.848698 	 0.00199092 	 0.00414596
585 	 4825 	 0.848698 	 0.00199092 	 0.00414596
585 	 4830 	 0.848698 	 0.00199092 	 0.00414596
585 	 4835 	 0.848698 	 0.00199092 	 0.00414596
585 	 4840 	 0.848698 	 0.00199092 	 0.00414596
585 	 4845 	 0.848698 	 0.00199092 	 0.00414596
585 	 4850 	 0.848698 	 0.00199092 	 0.00414596
585 	 4855 	 0.848698 	 0.00199092 	 0.00414596
585 	 4860 	 0.848698 	 0.00199092 	 0.00414596
585 	 4865 	 0.848698 	 0.00199092 	 0.00414596
585 	 4870 	 0.848698 	 0.00199092 	 0.00414596
585 	 4875 	 0.848698 	 0.00199092 	 0.00414596
585 	 4880 	 0.848698 	 0.00199092 	 0.00414596
585 	 4885 	 0.848698 	 0.00199092 	 0.00414596
585 	 4890 	 0.848698 	 0.00199092 	 0.00414596
585 	 4895 	 0.848698 	 0.00199092 	 0.00414596
585 	 4900 	 0.848698 	 0.00199092 	 0.00414596
585 	 4905 	 0.848698 	 0.00199092 	 0.00414596
585 	 4910 	 0.848698 	 0.00199092 	 0.00414596
585 	 4915 	 0.848698 	 0.00199092 	 0.00414596
585 	 4920 	 0.848698 	 0.00199092 	 0.00414596
585 	 4925 	 0.848698 	 0.00199092 	 0.00414596
585 	 4930 	 0.848698 	 0.00199092 	 0.00414596
585 	 4935 	 0.848698 	 0.00199092 	 0.00414596
585 	 4940 	 0.848698 	 0.00199092 	 0.00414596
585 	 4945 	 0.848698 	 0.00199092 	 0.00414596
585 	 4950 	 0.848698 	 0.00199092 	 0.00414596
585 	 4955 	 0.848698 	 0.00199092 	 0.00414596
585 	 4960 	 0.848698 	 0.00199092 	 0.00414596
585 	 4965 	 0.848698 	 0.00199092 	 0.00414596
585 	 4970 	 0.848698 	 0.00199092 	 0.00414596
585 	 4975 	 0.848698 	 0.00199092 	 0.00414596
585 	 4980 	 0.848698 	 0.00199092 	 0.00414596
585 	 4985 	 0.848698 	 0.00199092 	 0.00414596
585 	 4990 	 0.848698 	 0.00199092 	 0.00414596
585 	 4995 	 0.848698 	 0.00199092 	 0.00414596
585 	 5000 	 0.848698 	 0.00199092 	 0.00414596
