4165 	 5 	 0.877034 	 0.00533045	0.0111363
4165 	 10 	 0.879648 	 0.00431058	0.00900559
4165 	 15 	 0.883316 	 0.00321687	0.00672064
4165 	 20 	 0.888162 	 0.00216732	0.00452793
4165 	 25 	 0.894084 	 0.00131365	0.00274446
4165 	 30 	 0.900662 	 0.00111972	0.00233931
4165 	 35 	 0.913085 	 0.00187798	0.00392344
4165 	 40 	 0.922091 	 0.00104229	0.00217753
4165 	 45 	 0.929214 	 0.000758337	0.0015843
4165 	 50 	 0.934666 	 0.000757361	0.00158226
4165 	 55 	 0.938724 	 0.000760884	0.00158963
4165 	 60 	 0.941705 	 0.000743713	0.00155375
4165 	 65 	 0.943895 	 0.000733954	0.00153336
4165 	 70 	 0.945526 	 0.000736401	0.00153848
4165 	 75 	 0.946766 	 0.000741216	0.00154853
4165 	 80 	 0.947733 	 0.000740216	0.00154645
4165 	 85 	 0.948508 	 0.000731015	0.00152722
4165 	 90 	 0.949147 	 0.000714999	0.00149376
4165 	 95 	 0.949686 	 0.000694905	0.00145178
4165 	 100 	 0.950151 	 0.000673417	0.00140689
4165 	 105 	 0.950559 	 0.000652606	0.00136341
4165 	 110 	 0.950922 	 0.000633819	0.00132416
4165 	 115 	 0.951249 	 0.000617772	0.00129064
4165 	 120 	 0.951546 	 0.000604707	0.00126334
4165 	 125 	 0.951818 	 0.000594552	0.00124213
4165 	 130 	 0.952069 	 0.00058705	0.00122645
4165 	 135 	 0.952301 	 0.000581854	0.0012156
4165 	 140 	 0.952517 	 0.000578599	0.0012088
4165 	 145 	 0.952718 	 0.000576933	0.00120532
4165 	 150 	 0.952907 	 0.000576542	0.0012045
4165 	 155 	 0.953084 	 0.000577159	0.00120579
4165 	 160 	 0.95325 	 0.000578558	0.00120871
4165 	 165 	 0.953407 	 0.000580558	0.00121289
4165 	 170 	 0.953555 	 0.000583013	0.00121802
4165 	 175 	 0.953695 	 0.000585807	0.00122386
4165 	 180 	 0.953828 	 0.000588851	0.00123022
4165 	 185 	 0.953955 	 0.000592072	0.00123695
4165 	 190 	 0.954075 	 0.000595417	0.00124393
4165 	 195 	 0.95419 	 0.000598844	0.00125109
4165 	 200 	 0.954299 	 0.00060232	0.00125836
4165 	 205 	 0.954403 	 0.000605822	0.00126567
4165 	 210 	 0.954503 	 0.000609332	0.001273
4165 	 215 	 0.954598 	 0.000612835	0.00128032
4165 	 220 	 0.95469 	 0.000616323	0.00128761
4165 	 225 	 0.954778 	 0.000619787	0.00129485
4165 	 230 	 0.954862 	 0.000623223	0.00130203
4165 	 235 	 0.954943 	 0.000626627	0.00130914
4165 	 240 	 0.955021 	 0.000629998	0.00131618
4165 	 245 	 0.955096 	 0.000633334	0.00132315
4165 	 250 	 0.955169 	 0.000636635	0.00133005
4165 	 255 	 0.955239 	 0.0006399	0.00133687
4165 	 260 	 0.955306 	 0.00064313	0.00134362
4165 	 265 	 0.955371 	 0.000646325	0.00135029
4165 	 270 	 0.955434 	 0.000649487	0.0013569
4165 	 275 	 0.955495 	 0.000652616	0.00136343
4165 	 280 	 0.955554 	 0.000655714	0.00136991
4165 	 285 	 0.955611 	 0.00065878	0.00137631
4165 	 290 	 0.955666 	 0.000661818	0.00138266
4165 	 295 	 0.95572 	 0.000664826	0.00138894
4165 	 300 	 0.955772 	 0.000667807	0.00139517
4165 	 305 	 0.955822 	 0.000670761	0.00140134
4165 	 310 	 0.955871 	 0.000673689	0.00140746
4165 	 315 	 0.955919 	 0.000676593	0.00141353
4165 	 320 	 0.955965 	 0.000679473	0.00141954
4165 	 325 	 0.95601 	 0.000682329	0.00142551
4165 	 330 	 0.956054 	 0.000685162	0.00143143
4165 	 335 	 0.956096 	 0.000687974	0.0014373
4165 	 340 	 0.956138 	 0.000690765	0.00144313
4165 	 345 	 0.956178 	 0.000693535	0.00144892
4165 	 350 	 0.956218 	 0.000696285	0.00145467
4165 	 355 	 0.956256 	 0.000699015	0.00146037
4165 	 360 	 0.956294 	 0.000701726	0.00146603
4165 	 365 	 0.95633 	 0.000704418	0.00147166
4165 	 370 	 0.956366 	 0.000707093	0.00147725
4165 	 375 	 0.956401 	 0.000709749	0.00148279
4165 	 380 	 0.956435 	 0.000712388	0.00148831
4165 	 385 	 0.956468 	 0.000715009	0.00149378
4165 	 390 	 0.9565 	 0.000717614	0.00149923
4165 	 395 	 0.956532 	 0.000720202	0.00150463
4165 	 400 	 0.956563 	 0.000722773	0.00151
4165 	 405 	 0.956594 	 0.000725329	0.00151534
4165 	 410 	 0.956623 	 0.000727868	0.00152065
4165 	 415 	 0.956652 	 0.000730392	0.00152592
4165 	 420 	 0.956681 	 0.0007329	0.00153116
4165 	 425 	 0.956709 	 0.000735393	0.00153637
4165 	 430 	 0.956736 	 0.000737871	0.00154155
4165 	 435 	 0.956763 	 0.000740334	0.00154669
4165 	 440 	 0.956789 	 0.000742782	0.00155181
4165 	 445 	 0.956815 	 0.000745216	0.00155689
4165 	 450 	 0.95684 	 0.000747635	0.00156195
4165 	 455 	 0.956865 	 0.00075004	0.00156697
4165 	 460 	 0.956889 	 0.00075243	0.00157196
4165 	 465 	 0.956913 	 0.000754806	0.00157693
4165 	 470 	 0.956936 	 0.000757168	0.00158186
4165 	 475 	 0.956959 	 0.000759517	0.00158677
4165 	 480 	 0.956982 	 0.000761851	0.00159165
4165 	 485 	 0.957004 	 0.000764172	0.0015965
4165 	 490 	 0.957025 	 0.00076648	0.00160132
4165 	 495 	 0.957047 	 0.000768774	0.00160611
4165 	 500 	 0.957068 	 0.000771054	0.00161087
4165 	 505 	 0.957088 	 0.000773322	0.00161561
4165 	 510 	 0.957109 	 0.000775576	0.00162032
4165 	 515 	 0.957128 	 0.000777817	0.001625
4165 	 520 	 0.957148 	 0.000780045	0.00162966
4165 	 525 	 0.957167 	 0.00078226	0.00163428
4165 	 530 	 0.957186 	 0.000784462	0.00163889
4165 	 535 	 0.957205 	 0.000786652	0.00164346
4165 	 540 	 0.957223 	 0.000788829	0.00164801
4165 	 545 	 0.957241 	 0.000790994	0.00165253
4165 	 550 	 0.957259 	 0.000793146	0.00165703
4165 	 555 	 0.957276 	 0.000795286	0.0016615
4165 	 560 	 0.957293 	 0.000797413	0.00166594
4165 	 565 	 0.95731 	 0.000799528	0.00167036
4165 	 570 	 0.957327 	 0.000801631	0.00167475
4165 	 575 	 0.957343 	 0.000803722	0.00167912
4165 	 580 	 0.95736 	 0.000805802	0.00168347
4165 	 585 	 0.957375 	 0.000807869	0.00168779
4165 	 590 	 0.957391 	 0.000809924	0.00169208
4165 	 595 	 0.957407 	 0.000811968	0.00169635
4165 	 600 	 0.957422 	 0.000814	0.00170059
4165 	 605 	 0.957437 	 0.000816021	0.00170482
4165 	 610 	 0.957452 	 0.00081803	0.00170901
4165 	 615 	 0.957466 	 0.000820028	0.00171319
4165 	 620 	 0.957481 	 0.000822014	0.00171734
4165 	 625 	 0.957495 	 0.000823989	0.00172146
4165 	 630 	 0.957509 	 0.000825953	0.00172557
4165 	 635 	 0.957523 	 0.000827906	0.00172965
4165 	 640 	 0.957536 	 0.000829848	0.0017337
4165 	 645 	 0.95755 	 0.000831779	0.00173774
4165 	 650 	 0.957563 	 0.000833699	0.00174175
4165 	 655 	 0.957576 	 0.000835609	0.00174574
4165 	 660 	 0.957589 	 0.000837507	0.00174971
4165 	 665 	 0.957602 	 0.000839395	0.00175365
4165 	 670 	 0.957614 	 0.000841273	0.00175757
4165 	 675 	 0.957627 	 0.00084314	0.00176147
4165 	 680 	 0.957639 	 0.000844997	0.00176535
4165 	 685 	 0.957651 	 0.000846843	0.00176921
4165 	 690 	 0.957663 	 0.000848679	0.00177305
4165 	 695 	 0.957675 	 0.000850505	0.00177686
4165 	 700 	 0.957686 	 0.000852321	0.00178065
4165 	 705 	 0.957698 	 0.000854127	0.00178443
4165 	 710 	 0.957709 	 0.000855923	0.00178818
4165 	 715 	 0.95772 	 0.000857709	0.00179191
4165 	 720 	 0.957731 	 0.000859485	0.00179562
4165 	 725 	 0.957742 	 0.000861252	0.00179931
4165 	 730 	 0.957753 	 0.000863008	0.00180298
4165 	 735 	 0.957764 	 0.000864756	0.00180663
4165 	 740 	 0.957774 	 0.000866494	0.00181026
4165 	 745 	 0.957785 	 0.000868222	0.00181387
4165 	 750 	 0.957795 	 0.000869941	0.00181746
4165 	 755 	 0.957805 	 0.00087165	0.00182104
4165 	 760 	 0.957816 	 0.000873351	0.00182459
4165 	 765 	 0.957826 	 0.000875042	0.00182812
4165 	 770 	 0.957835 	 0.000876724	0.00183164
4165 	 775 	 0.957845 	 0.000878398	0.00183513
4165 	 780 	 0.957855 	 0.000880062	0.00183861
4165 	 785 	 0.957864 	 0.000881717	0.00184207
4165 	 790 	 0.957874 	 0.000883363	0.00184551
4165 	 795 	 0.957883 	 0.000885001	0.00184893
4165 	 800 	 0.957892 	 0.00088663	0.00185233
4165 	 805 	 0.957902 	 0.000888251	0.00185572
4165 	 810 	 0.957911 	 0.000889862	0.00185908
4165 	 815 	 0.95792 	 0.000891466	0.00186243
4165 	 820 	 0.957928 	 0.000893061	0.00186577
4165 	 825 	 0.957937 	 0.000894647	0.00186908
4165 	 830 	 0.957946 	 0.000896225	0.00187238
4165 	 835 	 0.957954 	 0.000897795	0.00187566
4165 	 840 	 0.957963 	 0.000899357	0.00187892
4165 	 845 	 0.957971 	 0.000900911	0.00188217
4165 	 850 	 0.95798 	 0.000902457	0.0018854
4165 	 855 	 0.957988 	 0.000903994	0.00188861
4165 	 860 	 0.957996 	 0.000905524	0.0018918
4165 	 865 	 0.958004 	 0.000907046	0.00189498
4165 	 870 	 0.958012 	 0.00090856	0.00189815
4165 	 875 	 0.95802 	 0.000910066	0.00190129
4165 	 880 	 0.958028 	 0.000911565	0.00190442
4165 	 885 	 0.958036 	 0.000913056	0.00190754
4165 	 890 	 0.958043 	 0.000914539	0.00191064
4165 	 895 	 0.958051 	 0.000916015	0.00191372
4165 	 900 	 0.958059 	 0.000917483	0.00191679
4165 	 905 	 0.958066 	 0.000918944	0.00191984
4165 	 910 	 0.958073 	 0.000920397	0.00192288
4165 	 915 	 0.958081 	 0.000921844	0.0019259
4165 	 920 	 0.958088 	 0.000923283	0.00192891
4165 	 925 	 0.958095 	 0.000924715	0.0019319
4165 	 930 	 0.958102 	 0.000926139	0.00193487
4165 	 935 	 0.958109 	 0.000927557	0.00193784
4165 	 940 	 0.958116 	 0.000928967	0.00194078
4165 	 945 	 0.958123 	 0.000930371	0.00194371
4165 	 950 	 0.95813 	 0.000931768	0.00194663
4165 	 955 	 0.958137 	 0.000933158	0.00194954
4165 	 960 	 0.958144 	 0.00093454	0.00195243
4165 	 965 	 0.958151 	 0.000935917	0.0019553
4165 	 970 	 0.958157 	 0.000937286	0.00195816
4165 	 975 	 0.958164 	 0.000938649	0.00196101
4165 	 980 	 0.95817 	 0.000940005	0.00196384
4165 	 985 	 0.958177 	 0.000941355	0.00196666
4165 	 990 	 0.958183 	 0.000942698	0.00196947
4165 	 995 	 0.958189 	 0.000944034	0.00197226
4165 	 1000 	 0.958196 	 0.000945365	0.00197504
4165 	 1005 	 0.958202 	 0.000946688	0.0019778
4165 	 1010 	 0.958208 	 0.000948006	0.00198056
4165 	 1015 	 0.958214 	 0.000949317	0.0019833
4165 	 1020 	 0.95822 	 0.000950622	0.00198602
4165 	 1025 	 0.958226 	 0.000951921	0.00198874
4165 	 1030 	 0.958232 	 0.000953213	0.00199144
4165 	 1035 	 0.958238 	 0.0009545	0.00199412
4165 	 1040 	 0.958244 	 0.00095578	0.0019968
4165 	 1045 	 0.95825 	 0.000957055	0.00199946
4165 	 1050 	 0.958256 	 0.000958323	0.00200211
4165 	 1055 	 0.958262 	 0.000959586	0.00200475
4165 	 1060 	 0.958267 	 0.000960842	0.00200737
4165 	 1065 	 0.958273 	 0.000962093	0.00200999
4165 	 1070 	 0.958279 	 0.000963338	0.00201259
4165 	 1075 	 0.958284 	 0.000964577	0.00201518
4165 	 1080 	 0.95829 	 0.000965811	0.00201776
4165 	 1085 	 0.958295 	 0.000967039	0.00202032
4165 	 1090 	 0.958301 	 0.000968261	0.00202287
4165 	 1095 	 0.958306 	 0.000969478	0.00202542
4165 	 1100 	 0.958311 	 0.000970689	0.00202795
4165 	 1105 	 0.958317 	 0.000971894	0.00203046
4165 	 1110 	 0.958322 	 0.000973094	0.00203297
4165 	 1115 	 0.958327 	 0.000974289	0.00203547
4165 	 1120 	 0.958332 	 0.000975478	0.00203795
4165 	 1125 	 0.958337 	 0.000976662	0.00204043
4165 	 1130 	 0.958342 	 0.000977841	0.00204289
4165 	 1135 	 0.958348 	 0.000979014	0.00204534
4165 	 1140 	 0.958353 	 0.000980182	0.00204778
4165 	 1145 	 0.958358 	 0.000981345	0.00205021
4165 	 1150 	 0.958363 	 0.000982503	0.00205263
4165 	 1155 	 0.958367 	 0.000983655	0.00205504
4165 	 1160 	 0.958372 	 0.000984803	0.00205743
4165 	 1165 	 0.958377 	 0.000985945	0.00205982
4165 	 1170 	 0.958382 	 0.000987083	0.0020622
4165 	 1175 	 0.958387 	 0.000988215	0.00206456
4165 	 1180 	 0.958391 	 0.000989342	0.00206692
4165 	 1185 	 0.958396 	 0.000990465	0.00206926
4165 	 1190 	 0.958401 	 0.000991582	0.0020716
4165 	 1195 	 0.958405 	 0.000992695	0.00207392
4165 	 1200 	 0.95841 	 0.000993803	0.00207624
4165 	 1205 	 0.958415 	 0.000994906	0.00207854
4165 	 1210 	 0.958419 	 0.000996005	0.00208084
4165 	 1215 	 0.958424 	 0.000997098	0.00208312
4165 	 1220 	 0.958428 	 0.000998187	0.0020854
4165 	 1225 	 0.958433 	 0.000999272	0.00208766
4165 	 1230 	 0.958437 	 0.00100035	0.00208992
4165 	 1235 	 0.958441 	 0.00100143	0.00209216
4165 	 1240 	 0.958446 	 0.0010025	0.0020944
4165 	 1245 	 0.95845 	 0.00100356	0.00209663
4165 	 1250 	 0.958454 	 0.00100462	0.00209884
4165 	 1255 	 0.958459 	 0.00100568	0.00210105
4165 	 1260 	 0.958463 	 0.00100673	0.00210325
4165 	 1265 	 0.958467 	 0.00100778	0.00210544
4165 	 1270 	 0.958471 	 0.00100883	0.00210762
4165 	 1275 	 0.958475 	 0.00100987	0.00210979
4165 	 1280 	 0.95848 	 0.0010109	0.00211196
4165 	 1285 	 0.958484 	 0.00101193	0.00211411
4165 	 1290 	 0.958488 	 0.00101296	0.00211625
4165 	 1295 	 0.958492 	 0.00101398	0.00211839
4165 	 1300 	 0.958496 	 0.001015	0.00212052
4165 	 1305 	 0.9585 	 0.00101601	0.00212264
4165 	 1310 	 0.958504 	 0.00101702	0.00212475
4165 	 1315 	 0.958508 	 0.00101803	0.00212685
4165 	 1320 	 0.958512 	 0.00101903	0.00212894
4165 	 1325 	 0.958516 	 0.00102003	0.00213102
4165 	 1330 	 0.958519 	 0.00102102	0.0021331
4165 	 1335 	 0.958523 	 0.00102201	0.00213517
4165 	 1340 	 0.958527 	 0.001023	0.00213723
4165 	 1345 	 0.958531 	 0.00102398	0.00213928
4165 	 1350 	 0.958535 	 0.00102496	0.00214132
4165 	 1355 	 0.958538 	 0.00102593	0.00214335
4165 	 1360 	 0.958542 	 0.0010269	0.00214538
4165 	 1365 	 0.958546 	 0.00102786	0.0021474
4165 	 1370 	 0.958549 	 0.00102883	0.00214941
4165 	 1375 	 0.958553 	 0.00102978	0.00215141
4165 	 1380 	 0.958557 	 0.00103074	0.0021534
4165 	 1385 	 0.95856 	 0.00103169	0.00215539
4165 	 1390 	 0.958564 	 0.00103264	0.00215737
4165 	 1395 	 0.958567 	 0.00103358	0.00215934
4165 	 1400 	 0.958571 	 0.00103452	0.0021613
4165 	 1405 	 0.958574 	 0.00103546	0.00216326
4165 	 1410 	 0.958578 	 0.00103639	0.0021652
4165 	 1415 	 0.958581 	 0.00103732	0.00216714
4165 	 1420 	 0.958585 	 0.00103824	0.00216908
4165 	 1425 	 0.958588 	 0.00103916	0.002171
4165 	 1430 	 0.958592 	 0.00104008	0.00217292
4165 	 1435 	 0.958595 	 0.001041	0.00217483
4165 	 1440 	 0.958599 	 0.00104191	0.00217673
4165 	 1445 	 0.958602 	 0.00104281	0.00217863
4165 	 1450 	 0.958605 	 0.00104372	0.00218052
4165 	 1455 	 0.958609 	 0.00104462	0.0021824
4165 	 1460 	 0.958612 	 0.00104552	0.00218427
4165 	 1465 	 0.958615 	 0.00104641	0.00218614
4165 	 1470 	 0.958618 	 0.0010473	0.002188
4165 	 1475 	 0.958622 	 0.00104819	0.00218985
4165 	 1480 	 0.958625 	 0.00104907	0.0021917
4165 	 1485 	 0.958628 	 0.00104995	0.00219354
4165 	 1490 	 0.958631 	 0.00105083	0.00219537
4165 	 1495 	 0.958634 	 0.0010517	0.00219719
4165 	 1500 	 0.958638 	 0.00105257	0.00219901
4165 	 1505 	 0.958641 	 0.00105344	0.00220082
4165 	 1510 	 0.958644 	 0.0010543	0.00220263
4165 	 1515 	 0.958647 	 0.00105516	0.00220443
4165 	 1520 	 0.95865 	 0.00105602	0.00220622
4165 	 1525 	 0.958653 	 0.00105688	0.002208
4165 	 1530 	 0.958656 	 0.00105773	0.00220978
4165 	 1535 	 0.958659 	 0.00105857	0.00221156
4165 	 1540 	 0.958662 	 0.00105942	0.00221332
4165 	 1545 	 0.958665 	 0.00106026	0.00221508
4165 	 1550 	 0.958668 	 0.0010611	0.00221683
4165 	 1555 	 0.958671 	 0.00106194	0.00221858
4165 	 1560 	 0.958674 	 0.00106277	0.00222032
4165 	 1565 	 0.958677 	 0.0010636	0.00222205
4165 	 1570 	 0.95868 	 0.00106443	0.00222378
4165 	 1575 	 0.958683 	 0.00106525	0.0022255
4165 	 1580 	 0.958686 	 0.00106607	0.00222722
4165 	 1585 	 0.958688 	 0.00106689	0.00222893
4165 	 1590 	 0.958691 	 0.0010677	0.00223063
4165 	 1595 	 0.958694 	 0.00106852	0.00223232
4165 	 1600 	 0.958697 	 0.00106933	0.00223402
4165 	 1605 	 0.9587 	 0.00107013	0.0022357
4165 	 1610 	 0.958703 	 0.00107094	0.00223738
4165 	 1615 	 0.958705 	 0.00107174	0.00223905
4165 	 1620 	 0.958708 	 0.00107253	0.00224072
4165 	 1625 	 0.958711 	 0.00107333	0.00224238
4165 	 1630 	 0.958714 	 0.00107412	0.00224403
4165 	 1635 	 0.958716 	 0.00107491	0.00224568
4165 	 1640 	 0.958719 	 0.0010757	0.00224733
4165 	 1645 	 0.958722 	 0.00107648	0.00224897
4165 	 1650 	 0.958724 	 0.00107726	0.0022506
4165 	 1655 	 0.958727 	 0.00107804	0.00225222
4165 	 1660 	 0.95873 	 0.00107882	0.00225385
4165 	 1665 	 0.958732 	 0.00107959	0.00225546
4165 	 1670 	 0.958735 	 0.00108036	0.00225707
4165 	 1675 	 0.958738 	 0.00108113	0.00225867
4165 	 1680 	 0.95874 	 0.00108189	0.00226027
4165 	 1685 	 0.958743 	 0.00108266	0.00226187
4165 	 1690 	 0.958745 	 0.00108342	0.00226345
4165 	 1695 	 0.958748 	 0.00108417	0.00226504
4165 	 1700 	 0.95875 	 0.00108493	0.00226661
4165 	 1705 	 0.958753 	 0.00108568	0.00226819
4165 	 1710 	 0.958755 	 0.00108643	0.00226975
4165 	 1715 	 0.958758 	 0.00108718	0.00227131
4165 	 1720 	 0.95876 	 0.00108792	0.00227287
4165 	 1725 	 0.958763 	 0.00108866	0.00227442
4165 	 1730 	 0.958765 	 0.0010894	0.00227596
4165 	 1735 	 0.958768 	 0.00109014	0.0022775
4165 	 1740 	 0.95877 	 0.00109088	0.00227904
4165 	 1745 	 0.958773 	 0.00109161	0.00228057
4165 	 1750 	 0.958775 	 0.00109234	0.00228209
4165 	 1755 	 0.958778 	 0.00109307	0.00228361
4165 	 1760 	 0.95878 	 0.00109379	0.00228513
4165 	 1765 	 0.958782 	 0.00109451	0.00228664
4165 	 1770 	 0.958785 	 0.00109523	0.00228814
4165 	 1775 	 0.958787 	 0.00109595	0.00228964
4165 	 1780 	 0.958789 	 0.00109667	0.00229114
4165 	 1785 	 0.958792 	 0.00109738	0.00229263
4165 	 1790 	 0.958794 	 0.00109809	0.00229411
4165 	 1795 	 0.958796 	 0.0010988	0.00229559
4165 	 1800 	 0.958799 	 0.00109951	0.00229707
4165 	 1805 	 0.958801 	 0.00110021	0.00229854
4165 	 1810 	 0.958803 	 0.00110091	0.00230001
4165 	 1815 	 0.958806 	 0.00110161	0.00230147
4165 	 1820 	 0.958808 	 0.00110231	0.00230292
4165 	 1825 	 0.95881 	 0.001103	0.00230437
4165 	 1830 	 0.958812 	 0.0011037	0.00230582
4165 	 1835 	 0.958815 	 0.00110439	0.00230726
4165 	 1840 	 0.958817 	 0.00110507	0.0023087
4165 	 1845 	 0.958819 	 0.00110576	0.00231014
4165 	 1850 	 0.958821 	 0.00110644	0.00231156
4165 	 1855 	 0.958823 	 0.00110713	0.00231299
4165 	 1860 	 0.958826 	 0.00110781	0.00231441
4165 	 1865 	 0.958828 	 0.00110848	0.00231582
4165 	 1870 	 0.95883 	 0.00110916	0.00231723
4165 	 1875 	 0.958832 	 0.00110983	0.00231864
4165 	 1880 	 0.958834 	 0.0011105	0.00232004
4165 	 1885 	 0.958836 	 0.00111117	0.00232144
4165 	 1890 	 0.958838 	 0.00111184	0.00232283
4165 	 1895 	 0.958841 	 0.0011125	0.00232422
4165 	 1900 	 0.958843 	 0.00111317	0.00232561
4165 	 1905 	 0.958845 	 0.00111383	0.00232699
4165 	 1910 	 0.958847 	 0.00111448	0.00232836
4165 	 1915 	 0.958849 	 0.00111514	0.00232973
4165 	 1920 	 0.958851 	 0.0011158	0.0023311
4165 	 1925 	 0.958853 	 0.00111645	0.00233246
4165 	 1930 	 0.958855 	 0.0011171	0.00233382
4165 	 1935 	 0.958857 	 0.00111775	0.00233518
4165 	 1940 	 0.958859 	 0.00111839	0.00233653
4165 	 1945 	 0.958861 	 0.00111904	0.00233787
4165 	 1950 	 0.958863 	 0.00111968	0.00233921
4165 	 1955 	 0.958865 	 0.00112032	0.00234055
4165 	 1960 	 0.958867 	 0.00112096	0.00234189
4165 	 1965 	 0.958869 	 0.0011216	0.00234322
4165 	 1970 	 0.958871 	 0.00112223	0.00234454
4165 	 1975 	 0.958873 	 0.00112286	0.00234586
4165 	 1980 	 0.958875 	 0.00112349	0.00234718
4165 	 1985 	 0.958877 	 0.00112412	0.0023485
4165 	 1990 	 0.958879 	 0.00112475	0.00234981
4165 	 1995 	 0.958881 	 0.00112537	0.00235111
4165 	 2000 	 0.958883 	 0.001126	0.00235242
4165 	 2005 	 0.958885 	 0.00112662	0.00235371
4165 	 2010 	 0.958887 	 0.00112724	0.00235501
4165 	 2015 	 0.958889 	 0.00112786	0.0023563
4165 	 2020 	 0.958891 	 0.00112847	0.00235758
4165 	 2025 	 0.958892 	 0.00112909	0.00235887
4165 	 2030 	 0.958894 	 0.0011297	0.00236015
4165 	 2035 	 0.958896 	 0.00113031	0.00236142
4165 	 2040 	 0.958898 	 0.00113092	0.00236269
4165 	 2045 	 0.9589 	 0.00113152	0.00236396
4165 	 2050 	 0.958902 	 0.00113213	0.00236523
4165 	 2055 	 0.958904 	 0.00113273	0.00236649
4165 	 2060 	 0.958905 	 0.00113333	0.00236774
4165 	 2065 	 0.958907 	 0.00113393	0.002369
4165 	 2070 	 0.958909 	 0.00113453	0.00237025
4165 	 2075 	 0.958911 	 0.00113513	0.00237149
4165 	 2080 	 0.958913 	 0.00113572	0.00237273
4165 	 2085 	 0.958915 	 0.00113632	0.00237397
4165 	 2090 	 0.958916 	 0.00113691	0.00237521
4165 	 2095 	 0.958918 	 0.0011375	0.00237644
4165 	 2100 	 0.95892 	 0.00113808	0.00237767
4165 	 2105 	 0.958922 	 0.00113867	0.00237889
4165 	 2110 	 0.958923 	 0.00113925	0.00238011
4165 	 2115 	 0.958925 	 0.00113984	0.00238133
4165 	 2120 	 0.958927 	 0.00114042	0.00238254
4165 	 2125 	 0.958929 	 0.001141	0.00238375
4165 	 2130 	 0.95893 	 0.00114158	0.00238496
4165 	 2135 	 0.958932 	 0.00114215	0.00238616
4165 	 2140 	 0.958934 	 0.00114273	0.00238736
4165 	 2145 	 0.958936 	 0.0011433	0.00238856
4165 	 2150 	 0.958937 	 0.00114387	0.00238975
4165 	 2155 	 0.958939 	 0.00114444	0.00239094
4165 	 2160 	 0.958941 	 0.00114501	0.00239213
4165 	 2165 	 0.958942 	 0.00114557	0.00239331
4165 	 2170 	 0.958944 	 0.00114614	0.00239449
4165 	 2175 	 0.958946 	 0.0011467	0.00239567
4165 	 2180 	 0.958947 	 0.00114726	0.00239684
4165 	 2185 	 0.958949 	 0.00114782	0.00239801
4165 	 2190 	 0.958951 	 0.00114838	0.00239918
4165 	 2195 	 0.958952 	 0.00114894	0.00240034
4165 	 2200 	 0.958954 	 0.00114949	0.0024015
4165 	 2205 	 0.958956 	 0.00115005	0.00240266
4165 	 2210 	 0.958957 	 0.0011506	0.00240381
4165 	 2215 	 0.958959 	 0.00115115	0.00240496
4165 	 2220 	 0.95896 	 0.0011517	0.00240611
4165 	 2225 	 0.958962 	 0.00115225	0.00240726
4165 	 2230 	 0.958964 	 0.00115279	0.0024084
4165 	 2235 	 0.958965 	 0.00115334	0.00240954
4165 	 2240 	 0.958967 	 0.00115388	0.00241067
4165 	 2245 	 0.958968 	 0.00115442	0.0024118
4165 	 2250 	 0.95897 	 0.00115496	0.00241293
4165 	 2255 	 0.958972 	 0.0011555	0.00241406
4165 	 2260 	 0.958973 	 0.00115604	0.00241518
4165 	 2265 	 0.958975 	 0.00115658	0.0024163
4165 	 2270 	 0.958976 	 0.00115711	0.00241742
4165 	 2275 	 0.958978 	 0.00115764	0.00241853
4165 	 2280 	 0.958979 	 0.00115818	0.00241964
4165 	 2285 	 0.958981 	 0.00115871	0.00242075
4165 	 2290 	 0.958982 	 0.00115923	0.00242185
4165 	 2295 	 0.958984 	 0.00115976	0.00242295
4165 	 2300 	 0.958986 	 0.00116029	0.00242405
4165 	 2305 	 0.958987 	 0.00116081	0.00242515
4165 	 2310 	 0.958989 	 0.00116134	0.00242624
4165 	 2315 	 0.95899 	 0.00116186	0.00242733
4165 	 2320 	 0.958992 	 0.00116238	0.00242842
4165 	 2325 	 0.958993 	 0.0011629	0.0024295
4165 	 2330 	 0.958995 	 0.00116341	0.00243058
4165 	 2335 	 0.958996 	 0.00116393	0.00243166
4165 	 2340 	 0.958998 	 0.00116445	0.00243274
4165 	 2345 	 0.958999 	 0.00116496	0.00243381
4165 	 2350 	 0.959 	 0.00116547	0.00243488
4165 	 2355 	 0.959002 	 0.00116598	0.00243595
4165 	 2360 	 0.959003 	 0.00116649	0.00243701
4165 	 2365 	 0.959005 	 0.001167	0.00243807
4165 	 2370 	 0.959006 	 0.00116751	0.00243913
4165 	 2375 	 0.959008 	 0.00116801	0.00244019
4165 	 2380 	 0.959009 	 0.00116852	0.00244124
4165 	 2385 	 0.959011 	 0.00116902	0.00244229
4165 	 2390 	 0.959012 	 0.00116952	0.00244334
4165 	 2395 	 0.959013 	 0.00117002	0.00244439
4165 	 2400 	 0.959015 	 0.00117052	0.00244543
4165 	 2405 	 0.959016 	 0.00117102	0.00244647
4165 	 2410 	 0.959018 	 0.00117151	0.00244751
4165 	 2415 	 0.959019 	 0.00117201	0.00244854
4165 	 2420 	 0.95902 	 0.0011725	0.00244957
4165 	 2425 	 0.959022 	 0.001173	0.0024506
4165 	 2430 	 0.959023 	 0.00117349	0.00245163
4165 	 2435 	 0.959025 	 0.00117398	0.00245265
4165 	 2440 	 0.959026 	 0.00117447	0.00245367
4165 	 2445 	 0.959027 	 0.00117495	0.00245469
4165 	 2450 	 0.959029 	 0.00117544	0.00245571
4165 	 2455 	 0.95903 	 0.00117593	0.00245672
4165 	 2460 	 0.959032 	 0.00117641	0.00245773
4165 	 2465 	 0.959033 	 0.00117689	0.00245874
4165 	 2470 	 0.959034 	 0.00117737	0.00245975
4165 	 2475 	 0.959036 	 0.00117785	0.00246075
4165 	 2480 	 0.959037 	 0.00117833	0.00246175
4165 	 2485 	 0.959038 	 0.00117881	0.00246275
4165 	 2490 	 0.95904 	 0.00117929	0.00246375
4165 	 2495 	 0.959041 	 0.00117976	0.00246474
4165 	 2500 	 0.959042 	 0.00118024	0.00246573
4165 	 2505 	 0.959044 	 0.00118071	0.00246672
4165 	 2510 	 0.959045 	 0.00118118	0.0024677
4165 	 2515 	 0.959046 	 0.00118165	0.00246869
4165 	 2520 	 0.959047 	 0.00118212	0.00246967
4165 	 2525 	 0.959049 	 0.00118259	0.00247065
4165 	 2530 	 0.95905 	 0.00118306	0.00247162
4165 	 2535 	 0.959051 	 0.00118352	0.0024726
4165 	 2540 	 0.959053 	 0.00118399	0.00247357
4165 	 2545 	 0.959054 	 0.00118445	0.00247454
4165 	 2550 	 0.959055 	 0.00118492	0.0024755
4165 	 2555 	 0.959056 	 0.00118538	0.00247647
4165 	 2560 	 0.959058 	 0.00118584	0.00247743
4165 	 2565 	 0.959059 	 0.0011863	0.00247839
4165 	 2570 	 0.95906 	 0.00118676	0.00247935
4165 	 2575 	 0.959062 	 0.00118721	0.0024803
4165 	 2580 	 0.959063 	 0.00118767	0.00248126
4165 	 2585 	 0.959064 	 0.00118812	0.00248221
4165 	 2590 	 0.959065 	 0.00118858	0.00248315
4165 	 2595 	 0.959067 	 0.00118903	0.0024841
4165 	 2600 	 0.959068 	 0.00118948	0.00248504
4165 	 2605 	 0.959069 	 0.00118993	0.00248598
4165 	 2610 	 0.95907 	 0.00119038	0.00248692
4165 	 2615 	 0.959071 	 0.00119083	0.00248786
4165 	 2620 	 0.959073 	 0.00119128	0.00248879
4165 	 2625 	 0.959074 	 0.00119172	0.00248973
4165 	 2630 	 0.959075 	 0.00119217	0.00249066
4165 	 2635 	 0.959076 	 0.00119261	0.00249158
4165 	 2640 	 0.959078 	 0.00119305	0.00249251
4165 	 2645 	 0.959079 	 0.0011935	0.00249343
4165 	 2650 	 0.95908 	 0.00119394	0.00249435
4165 	 2655 	 0.959081 	 0.00119438	0.00249527
4165 	 2660 	 0.959082 	 0.00119482	0.00249619
4165 	 2665 	 0.959083 	 0.00119525	0.0024971
4165 	 2670 	 0.959085 	 0.00119569	0.00249802
4165 	 2675 	 0.959086 	 0.00119613	0.00249893
4165 	 2680 	 0.959087 	 0.00119656	0.00249983
4165 	 2685 	 0.959088 	 0.00119699	0.00250074
4165 	 2690 	 0.959089 	 0.00119743	0.00250164
4165 	 2695 	 0.959091 	 0.00119786	0.00250255
4165 	 2700 	 0.959092 	 0.00119829	0.00250345
4165 	 2705 	 0.959093 	 0.00119872	0.00250434
4165 	 2710 	 0.959094 	 0.00119915	0.00250524
4165 	 2715 	 0.959095 	 0.00119958	0.00250613
4165 	 2720 	 0.959096 	 0.0012	0.00250702
4165 	 2725 	 0.959097 	 0.00120043	0.00250791
4165 	 2730 	 0.959099 	 0.00120085	0.0025088
4165 	 2735 	 0.9591 	 0.00120128	0.00250968
4165 	 2740 	 0.959101 	 0.0012017	0.00251057
4165 	 2745 	 0.959102 	 0.00120212	0.00251145
4165 	 2750 	 0.959103 	 0.00120254	0.00251233
4165 	 2755 	 0.959104 	 0.00120296	0.0025132
4165 	 2760 	 0.959105 	 0.00120338	0.00251408
4165 	 2765 	 0.959106 	 0.0012038	0.00251495
4165 	 2770 	 0.959108 	 0.00120421	0.00251582
4165 	 2775 	 0.959109 	 0.00120463	0.00251669
4165 	 2780 	 0.95911 	 0.00120505	0.00251756
4165 	 2785 	 0.959111 	 0.00120546	0.00251842
4165 	 2790 	 0.959112 	 0.00120587	0.00251929
4165 	 2795 	 0.959113 	 0.00120628	0.00252015
4165 	 2800 	 0.959114 	 0.0012067	0.00252101
4165 	 2805 	 0.959115 	 0.00120711	0.00252187
4165 	 2810 	 0.959116 	 0.00120752	0.00252272
4165 	 2815 	 0.959117 	 0.00120792	0.00252357
4165 	 2820 	 0.959119 	 0.00120833	0.00252443
4165 	 2825 	 0.95912 	 0.00120874	0.00252527
4165 	 2830 	 0.959121 	 0.00120914	0.00252612
4165 	 2835 	 0.959122 	 0.00120955	0.00252697
4165 	 2840 	 0.959123 	 0.00120995	0.00252781
4165 	 2845 	 0.959124 	 0.00121036	0.00252865
4165 	 2850 	 0.959125 	 0.00121076	0.00252949
4165 	 2855 	 0.959126 	 0.00121116	0.00253033
4165 	 2860 	 0.959127 	 0.00121156	0.00253117
4165 	 2865 	 0.959128 	 0.00121196	0.002532
4165 	 2870 	 0.959129 	 0.00121236	0.00253284
4165 	 2875 	 0.95913 	 0.00121276	0.00253367
4165 	 2880 	 0.959131 	 0.00121315	0.0025345
4165 	 2885 	 0.959132 	 0.00121355	0.00253532
4165 	 2890 	 0.959133 	 0.00121394	0.00253615
4165 	 2895 	 0.959134 	 0.00121434	0.00253697
4165 	 2900 	 0.959135 	 0.00121473	0.00253779
4165 	 2905 	 0.959136 	 0.00121512	0.00253861
4165 	 2910 	 0.959137 	 0.00121551	0.00253943
4165 	 2915 	 0.959138 	 0.0012159	0.00254025
4165 	 2920 	 0.959139 	 0.00121629	0.00254106
4165 	 2925 	 0.95914 	 0.00121668	0.00254187
4165 	 2930 	 0.959141 	 0.00121707	0.00254268
4165 	 2935 	 0.959142 	 0.00121746	0.00254349
4165 	 2940 	 0.959143 	 0.00121785	0.0025443
4165 	 2945 	 0.959144 	 0.00121823	0.00254511
4165 	 2950 	 0.959145 	 0.00121862	0.00254591
4165 	 2955 	 0.959146 	 0.001219	0.00254671
4165 	 2960 	 0.959147 	 0.00121938	0.00254751
4165 	 2965 	 0.959148 	 0.00121977	0.00254831
4165 	 2970 	 0.959149 	 0.00122015	0.00254911
4165 	 2975 	 0.95915 	 0.00122053	0.0025499
4165 	 2980 	 0.959151 	 0.00122091	0.0025507
4165 	 2985 	 0.959152 	 0.00122129	0.00255149
4165 	 2990 	 0.959153 	 0.00122166	0.00255228
4165 	 2995 	 0.959154 	 0.00122204	0.00255307
4165 	 3000 	 0.959155 	 0.00122242	0.00255386
4165 	 3005 	 0.959156 	 0.00122279	0.00255464
4165 	 3010 	 0.959157 	 0.00122317	0.00255542
4165 	 3015 	 0.959158 	 0.00122354	0.00255621
4165 	 3020 	 0.959159 	 0.00122392	0.00255699
4165 	 3025 	 0.95916 	 0.00122429	0.00255776
4165 	 3030 	 0.959161 	 0.00122466	0.00255854
4165 	 3035 	 0.959162 	 0.00122503	0.00255932
4165 	 3040 	 0.959163 	 0.0012254	0.00256009
4165 	 3045 	 0.959164 	 0.00122577	0.00256086
4165 	 3050 	 0.959165 	 0.00122614	0.00256163
4165 	 3055 	 0.959166 	 0.00122651	0.0025624
4165 	 3060 	 0.959167 	 0.00122688	0.00256317
4165 	 3065 	 0.959168 	 0.00122724	0.00256393
4165 	 3070 	 0.959169 	 0.00122761	0.0025647
4165 	 3075 	 0.95917 	 0.00122797	0.00256546
4165 	 3080 	 0.959171 	 0.00122834	0.00256622
4165 	 3085 	 0.959171 	 0.0012287	0.00256698
4165 	 3090 	 0.959172 	 0.00122906	0.00256774
4165 	 3095 	 0.959173 	 0.00122942	0.00256849
4165 	 3100 	 0.959174 	 0.00122979	0.00256925
4165 	 3105 	 0.959175 	 0.00123015	0.00257
4165 	 3110 	 0.959176 	 0.00123051	0.00257075
4165 	 3115 	 0.959177 	 0.00123086	0.0025715
4165 	 3120 	 0.959178 	 0.00123122	0.00257225
4165 	 3125 	 0.959179 	 0.00123158	0.002573
4165 	 3130 	 0.95918 	 0.00123194	0.00257374
4165 	 3135 	 0.959181 	 0.00123229	0.00257448
4165 	 3140 	 0.959181 	 0.00123265	0.00257523
4165 	 3145 	 0.959182 	 0.001233	0.00257597
4165 	 3150 	 0.959183 	 0.00123336	0.00257671
4165 	 3155 	 0.959184 	 0.00123371	0.00257744
4165 	 3160 	 0.959185 	 0.00123406	0.00257818
4165 	 3165 	 0.959186 	 0.00123441	0.00257891
4165 	 3170 	 0.959187 	 0.00123476	0.00257965
4165 	 3175 	 0.959188 	 0.00123511	0.00258038
4165 	 3180 	 0.959189 	 0.00123546	0.00258111
4165 	 3185 	 0.959189 	 0.00123581	0.00258184
4165 	 3190 	 0.95919 	 0.00123616	0.00258256
4165 	 3195 	 0.959191 	 0.00123651	0.00258329
4165 	 3200 	 0.959192 	 0.00123685	0.00258401
4165 	 3205 	 0.959193 	 0.0012372	0.00258474
4165 	 3210 	 0.959194 	 0.00123754	0.00258546
4165 	 3215 	 0.959195 	 0.00123789	0.00258618
4165 	 3220 	 0.959196 	 0.00123823	0.0025869
4165 	 3225 	 0.959196 	 0.00123858	0.00258761
4165 	 3230 	 0.959197 	 0.00123892	0.00258833
4165 	 3235 	 0.959198 	 0.00123926	0.00258904
4165 	 3240 	 0.959199 	 0.0012396	0.00258975
4165 	 3245 	 0.9592 	 0.00123994	0.00259047
4165 	 3250 	 0.959201 	 0.00124028	0.00259117
4165 	 3255 	 0.959202 	 0.00124062	0.00259188
4165 	 3260 	 0.959202 	 0.00124096	0.00259259
4165 	 3265 	 0.959203 	 0.0012413	0.0025933
4165 	 3270 	 0.959204 	 0.00124163	0.002594
4165 	 3275 	 0.959205 	 0.00124197	0.0025947
4165 	 3280 	 0.959206 	 0.00124231	0.0025954
4165 	 3285 	 0.959207 	 0.00124264	0.0025961
4165 	 3290 	 0.959207 	 0.00124298	0.0025968
4165 	 3295 	 0.959208 	 0.00124331	0.0025975
4165 	 3300 	 0.959209 	 0.00124364	0.0025982
4165 	 3305 	 0.95921 	 0.00124397	0.00259889
4165 	 3310 	 0.959211 	 0.00124431	0.00259958
4165 	 3315 	 0.959212 	 0.00124464	0.00260027
4165 	 3320 	 0.959212 	 0.00124497	0.00260097
4165 	 3325 	 0.959213 	 0.0012453	0.00260165
4165 	 3330 	 0.959214 	 0.00124563	0.00260234
4165 	 3335 	 0.959215 	 0.00124596	0.00260303
4165 	 3340 	 0.959216 	 0.00124628	0.00260371
4165 	 3345 	 0.959216 	 0.00124661	0.0026044
4165 	 3350 	 0.959217 	 0.00124694	0.00260508
4165 	 3355 	 0.959218 	 0.00124726	0.00260576
4165 	 3360 	 0.959219 	 0.00124759	0.00260644
4165 	 3365 	 0.95922 	 0.00124791	0.00260712
4165 	 3370 	 0.95922 	 0.00124824	0.0026078
4165 	 3375 	 0.959221 	 0.00124856	0.00260847
4165 	 3380 	 0.959222 	 0.00124888	0.00260915
4165 	 3385 	 0.959223 	 0.00124921	0.00260982
4165 	 3390 	 0.959224 	 0.00124953	0.00261049
4165 	 3395 	 0.959224 	 0.00124985	0.00261116
4165 	 3400 	 0.959225 	 0.00125017	0.00261183
4165 	 3405 	 0.959226 	 0.00125049	0.0026125
4165 	 3410 	 0.959227 	 0.00125081	0.00261317
4165 	 3415 	 0.959228 	 0.00125113	0.00261383
4165 	 3420 	 0.959228 	 0.00125144	0.0026145
4165 	 3425 	 0.959229 	 0.00125176	0.00261516
4165 	 3430 	 0.95923 	 0.00125208	0.00261582
4165 	 3435 	 0.959231 	 0.00125239	0.00261648
4165 	 3440 	 0.959231 	 0.00125271	0.00261714
4165 	 3445 	 0.959232 	 0.00125303	0.0026178
4165 	 3450 	 0.959233 	 0.00125334	0.00261846
4165 	 3455 	 0.959234 	 0.00125365	0.00261911
4165 	 3460 	 0.959234 	 0.00125397	0.00261977
4165 	 3465 	 0.959235 	 0.00125428	0.00262042
4165 	 3470 	 0.959236 	 0.00125459	0.00262107
4165 	 3475 	 0.959237 	 0.0012549	0.00262172
4165 	 3480 	 0.959238 	 0.00125521	0.00262237
4165 	 3485 	 0.959238 	 0.00125552	0.00262302
4165 	 3490 	 0.959239 	 0.00125583	0.00262367
4165 	 3495 	 0.95924 	 0.00125614	0.00262431
4165 	 3500 	 0.959241 	 0.00125645	0.00262496
4165 	 3505 	 0.959241 	 0.00125676	0.0026256
4165 	 3510 	 0.959242 	 0.00125707	0.00262624
4165 	 3515 	 0.959243 	 0.00125737	0.00262688
4165 	 3520 	 0.959244 	 0.00125768	0.00262752
4165 	 3525 	 0.959244 	 0.00125799	0.00262816
4165 	 3530 	 0.959245 	 0.00125829	0.0026288
4165 	 3535 	 0.959246 	 0.00125859	0.00262943
4165 	 3540 	 0.959246 	 0.0012589	0.00263007
4165 	 3545 	 0.959247 	 0.0012592	0.0026307
4165 	 3550 	 0.959248 	 0.0012595	0.00263134
4165 	 3555 	 0.959249 	 0.00125981	0.00263197
4165 	 3560 	 0.959249 	 0.00126011	0.0026326
4165 	 3565 	 0.95925 	 0.00126041	0.00263323
4165 	 3570 	 0.959251 	 0.00126071	0.00263385
4165 	 3575 	 0.959252 	 0.00126101	0.00263448
4165 	 3580 	 0.959252 	 0.00126131	0.00263511
4165 	 3585 	 0.959253 	 0.00126161	0.00263573
4165 	 3590 	 0.959254 	 0.00126191	0.00263636
4165 	 3595 	 0.959254 	 0.00126221	0.00263698
4165 	 3600 	 0.959255 	 0.0012625	0.0026376
4165 	 3605 	 0.959256 	 0.0012628	0.00263822
4165 	 3610 	 0.959257 	 0.0012631	0.00263884
4165 	 3615 	 0.959257 	 0.00126339	0.00263946
4165 	 3620 	 0.959258 	 0.00126369	0.00264007
4165 	 3625 	 0.959259 	 0.00126398	0.00264069
4165 	 3630 	 0.959259 	 0.00126428	0.0026413
4165 	 3635 	 0.95926 	 0.00126457	0.00264192
4165 	 3640 	 0.959261 	 0.00126486	0.00264253
4165 	 3645 	 0.959261 	 0.00126516	0.00264314
4165 	 3650 	 0.959262 	 0.00126545	0.00264375
4165 	 3655 	 0.959263 	 0.00126574	0.00264436
4165 	 3660 	 0.959264 	 0.00126603	0.00264497
4165 	 3665 	 0.959264 	 0.00126632	0.00264557
4165 	 3670 	 0.959265 	 0.00126661	0.00264618
4165 	 3675 	 0.959266 	 0.0012669	0.00264678
4165 	 3680 	 0.959266 	 0.00126719	0.00264739
4165 	 3685 	 0.959267 	 0.00126748	0.00264799
4165 	 3690 	 0.959268 	 0.00126776	0.00264859
4165 	 3695 	 0.959268 	 0.00126805	0.00264919
4165 	 3700 	 0.959269 	 0.00126834	0.00264979
4165 	 3705 	 0.95927 	 0.00126863	0.00265039
4165 	 3710 	 0.95927 	 0.00126891	0.00265099
4165 	 3715 	 0.959271 	 0.0012692	0.00265158
4165 	 3720 	 0.959272 	 0.00126948	0.00265218
4165 	 3725 	 0.959272 	 0.00126977	0.00265277
4165 	 3730 	 0.959273 	 0.00127005	0.00265336
4165 	 3735 	 0.959274 	 0.00127033	0.00265396
4165 	 3740 	 0.959274 	 0.00127062	0.00265455
4165 	 3745 	 0.959275 	 0.0012709	0.00265514
4165 	 3750 	 0.959276 	 0.00127118	0.00265573
4165 	 3755 	 0.959276 	 0.00127146	0.00265631
4165 	 3760 	 0.959277 	 0.00127174	0.0026569
4165 	 3765 	 0.959278 	 0.00127202	0.00265749
4165 	 3770 	 0.959278 	 0.0012723	0.00265807
4165 	 3775 	 0.959279 	 0.00127258	0.00265866
4165 	 3780 	 0.95928 	 0.00127286	0.00265924
4165 	 3785 	 0.95928 	 0.00127314	0.00265982
4165 	 3790 	 0.959281 	 0.00127342	0.0026604
4165 	 3795 	 0.959282 	 0.00127369	0.00266098
4165 	 3800 	 0.959282 	 0.00127397	0.00266156
4165 	 3805 	 0.959283 	 0.00127425	0.00266214
4165 	 3810 	 0.959284 	 0.00127452	0.00266271
4165 	 3815 	 0.959284 	 0.0012748	0.00266329
4165 	 3820 	 0.959285 	 0.00127507	0.00266386
4165 	 3825 	 0.959286 	 0.00127535	0.00266444
4165 	 3830 	 0.959286 	 0.00127562	0.00266501
4165 	 3835 	 0.959287 	 0.0012759	0.00266558
4165 	 3840 	 0.959288 	 0.00127617	0.00266615
4165 	 3845 	 0.959288 	 0.00127644	0.00266672
4165 	 3850 	 0.959289 	 0.00127671	0.00266729
4165 	 3855 	 0.959289 	 0.00127699	0.00266786
4165 	 3860 	 0.95929 	 0.00127726	0.00266842
4165 	 3865 	 0.959291 	 0.00127753	0.00266899
4165 	 3870 	 0.959291 	 0.0012778	0.00266956
4165 	 3875 	 0.959292 	 0.00127807	0.00267012
4165 	 3880 	 0.959293 	 0.00127834	0.00267068
4165 	 3885 	 0.959293 	 0.00127861	0.00267124
4165 	 3890 	 0.959294 	 0.00127888	0.00267181
4165 	 3895 	 0.959295 	 0.00127914	0.00267237
4165 	 3900 	 0.959295 	 0.00127941	0.00267292
4165 	 3905 	 0.959296 	 0.00127968	0.00267348
4165 	 3910 	 0.959296 	 0.00127995	0.00267404
4165 	 3915 	 0.959297 	 0.00128021	0.0026746
4165 	 3920 	 0.959298 	 0.00128048	0.00267515
4165 	 3925 	 0.959298 	 0.00128074	0.00267571
4165 	 3930 	 0.959299 	 0.00128101	0.00267626
4165 	 3935 	 0.959299 	 0.00128127	0.00267681
4165 	 3940 	 0.9593 	 0.00128154	0.00267736
4165 	 3945 	 0.959301 	 0.0012818	0.00267791
4165 	 3950 	 0.959301 	 0.00128206	0.00267846
4165 	 3955 	 0.959302 	 0.00128233	0.00267901
4165 	 3960 	 0.959303 	 0.00128259	0.00267956
4165 	 3965 	 0.959303 	 0.00128285	0.00268011
4165 	 3970 	 0.959304 	 0.00128311	0.00268065
4165 	 3975 	 0.959304 	 0.00128337	0.0026812
4165 	 3980 	 0.959305 	 0.00128363	0.00268174
4165 	 3985 	 0.959306 	 0.00128389	0.00268229
4165 	 3990 	 0.959306 	 0.00128415	0.00268283
4165 	 3995 	 0.959307 	 0.00128441	0.00268337
4165 	 4000 	 0.959307 	 0.00128467	0.00268391
4165 	 4005 	 0.959308 	 0.00128493	0.00268445
4165 	 4010 	 0.959309 	 0.00128519	0.00268499
4165 	 4015 	 0.959309 	 0.00128545	0.00268553
4165 	 4020 	 0.95931 	 0.0012857	0.00268607
4165 	 4025 	 0.95931 	 0.00128596	0.0026866
4165 	 4030 	 0.959311 	 0.00128622	0.00268714
4165 	 4035 	 0.959312 	 0.00128647	0.00268767
4165 	 4040 	 0.959312 	 0.00128673	0.00268821
4165 	 4045 	 0.959313 	 0.00128698	0.00268874
4165 	 4050 	 0.959313 	 0.00128724	0.00268927
4165 	 4055 	 0.959314 	 0.00128749	0.0026898
4165 	 4060 	 0.959314 	 0.00128774	0.00269033
4165 	 4065 	 0.959315 	 0.001288	0.00269086
4165 	 4070 	 0.959316 	 0.00128825	0.00269139
4165 	 4075 	 0.959316 	 0.0012885	0.00269192
4165 	 4080 	 0.959317 	 0.00128876	0.00269244
4165 	 4085 	 0.959317 	 0.00128901	0.00269297
4165 	 4090 	 0.959318 	 0.00128926	0.0026935
4165 	 4095 	 0.959319 	 0.00128951	0.00269402
4165 	 4100 	 0.959319 	 0.00128976	0.00269454
4165 	 4105 	 0.95932 	 0.00129001	0.00269506
4165 	 4110 	 0.95932 	 0.00129026	0.00269559
4165 	 4115 	 0.959321 	 0.00129051	0.00269611
4165 	 4120 	 0.959321 	 0.00129076	0.00269663
4165 	 4125 	 0.959322 	 0.00129101	0.00269715
4165 	 4130 	 0.959323 	 0.00129125	0.00269766
4165 	 4135 	 0.959323 	 0.0012915	0.00269818
4165 	 4140 	 0.959324 	 0.00129175	0.0026987
4165 	 4145 	 0.959324 	 0.001292	0.00269921
4165 	 4150 	 0.959325 	 0.00129224	0.00269973
4165 	 4155 	 0.959325 	 0.00129249	0.00270024
4165 	 4160 	 0.959326 	 0.00129273	0.00270076
4165 	 4165 	 0.959326 	 0.00129298	0.00270127
4165 	 4170 	 0.959327 	 0.00129322	0.00270178
4165 	 4175 	 0.959328 	 0.00129347	0.00270229
4165 	 4180 	 0.959328 	 0.00129371	0.0027028
4165 	 4185 	 0.959329 	 0.00129396	0.00270331
4165 	 4190 	 0.959329 	 0.0012942	0.00270382
4165 	 4195 	 0.95933 	 0.00129444	0.00270433
4165 	 4200 	 0.95933 	 0.00129469	0.00270483
4165 	 4205 	 0.959331 	 0.00129493	0.00270534
4165 	 4210 	 0.959331 	 0.00129517	0.00270585
4165 	 4215 	 0.959332 	 0.00129541	0.00270635
4165 	 4220 	 0.959333 	 0.00129565	0.00270685
4165 	 4225 	 0.959333 	 0.00129589	0.00270736
4165 	 4230 	 0.959334 	 0.00129613	0.00270786
4165 	 4235 	 0.959334 	 0.00129637	0.00270836
4165 	 4240 	 0.959335 	 0.00129661	0.00270886
4165 	 4245 	 0.959335 	 0.00129685	0.00270936
4165 	 4250 	 0.959336 	 0.00129709	0.00270986
4165 	 4255 	 0.959336 	 0.00129733	0.00271036
4165 	 4260 	 0.959337 	 0.00129757	0.00271085
4165 	 4265 	 0.959337 	 0.0012978	0.00271135
4165 	 4270 	 0.959338 	 0.00129804	0.00271185
4165 	 4275 	 0.959338 	 0.00129828	0.00271234
4165 	 4280 	 0.959339 	 0.00129852	0.00271284
4165 	 4285 	 0.95934 	 0.00129875	0.00271333
4165 	 4290 	 0.95934 	 0.00129899	0.00271382
4165 	 4295 	 0.959341 	 0.00129922	0.00271431
4165 	 4300 	 0.959341 	 0.00129946	0.0027148
4165 	 4305 	 0.959342 	 0.00129969	0.00271529
4165 	 4310 	 0.959342 	 0.00129993	0.00271578
4165 	 4315 	 0.959343 	 0.00130016	0.00271627
4165 	 4320 	 0.959343 	 0.00130039	0.00271676
4165 	 4325 	 0.959344 	 0.00130063	0.00271725
4165 	 4330 	 0.959344 	 0.00130086	0.00271774
4165 	 4335 	 0.959345 	 0.00130109	0.00271822
4165 	 4340 	 0.959345 	 0.00130133	0.00271871
4165 	 4345 	 0.959346 	 0.00130156	0.00271919
4165 	 4350 	 0.959346 	 0.00130179	0.00271967
4165 	 4355 	 0.959347 	 0.00130202	0.00272016
4165 	 4360 	 0.959347 	 0.00130225	0.00272064
4165 	 4365 	 0.959348 	 0.00130248	0.00272112
4165 	 4370 	 0.959348 	 0.00130271	0.0027216
4165 	 4375 	 0.959349 	 0.00130294	0.00272208
4165 	 4380 	 0.959349 	 0.00130317	0.00272256
4165 	 4385 	 0.95935 	 0.0013034	0.00272304
4165 	 4390 	 0.95935 	 0.00130363	0.00272352
4165 	 4395 	 0.959351 	 0.00130386	0.00272399
4165 	 4400 	 0.959351 	 0.00130408	0.00272447
4165 	 4405 	 0.959352 	 0.00130431	0.00272495
4165 	 4410 	 0.959353 	 0.00130454	0.00272542
4165 	 4415 	 0.959353 	 0.00130477	0.0027259
4165 	 4420 	 0.959354 	 0.00130499	0.00272637
4165 	 4425 	 0.959354 	 0.00130522	0.00272684
4165 	 4430 	 0.959355 	 0.00130545	0.00272731
4165 	 4435 	 0.959355 	 0.00130567	0.00272778
4165 	 4440 	 0.959356 	 0.0013059	0.00272826
4165 	 4445 	 0.959356 	 0.00130612	0.00272873
4165 	 4450 	 0.959357 	 0.00130635	0.00272919
4165 	 4455 	 0.959357 	 0.00130657	0.00272966
4165 	 4460 	 0.959358 	 0.00130679	0.00273013
4165 	 4465 	 0.959358 	 0.00130702	0.0027306
4165 	 4470 	 0.959359 	 0.00130724	0.00273106
4165 	 4475 	 0.959359 	 0.00130746	0.00273153
4165 	 4480 	 0.95936 	 0.00130769	0.00273199
4165 	 4485 	 0.95936 	 0.00130791	0.00273246
4165 	 4490 	 0.959361 	 0.00130813	0.00273292
4165 	 4495 	 0.959361 	 0.00130835	0.00273339
4165 	 4500 	 0.959361 	 0.00130857	0.00273385
4165 	 4505 	 0.959362 	 0.00130879	0.00273431
4165 	 4510 	 0.959362 	 0.00130901	0.00273477
4165 	 4515 	 0.959363 	 0.00130923	0.00273523
4165 	 4520 	 0.959363 	 0.00130945	0.00273569
4165 	 4525 	 0.959364 	 0.00130967	0.00273615
4165 	 4530 	 0.959364 	 0.00130989	0.00273661
4165 	 4535 	 0.959365 	 0.00131011	0.00273706
4165 	 4540 	 0.959365 	 0.00131033	0.00273752
4165 	 4545 	 0.959366 	 0.00131055	0.00273798
4165 	 4550 	 0.959366 	 0.00131077	0.00273843
4165 	 4555 	 0.959367 	 0.00131099	0.00273889
4165 	 4560 	 0.959367 	 0.0013112	0.00273934
4165 	 4565 	 0.959368 	 0.00131142	0.00273979
4165 	 4570 	 0.959368 	 0.00131164	0.00274025
4165 	 4575 	 0.959369 	 0.00131185	0.0027407
4165 	 4580 	 0.959369 	 0.00131207	0.00274115
4165 	 4585 	 0.95937 	 0.00131228	0.0027416
4165 	 4590 	 0.95937 	 0.0013125	0.00274205
4165 	 4595 	 0.959371 	 0.00131272	0.0027425
4165 	 4600 	 0.959371 	 0.00131293	0.00274295
4165 	 4605 	 0.959372 	 0.00131314	0.0027434
4165 	 4610 	 0.959372 	 0.00131336	0.00274385
4165 	 4615 	 0.959373 	 0.00131357	0.00274429
4165 	 4620 	 0.959373 	 0.00131379	0.00274474
4165 	 4625 	 0.959373 	 0.001314	0.00274518
4165 	 4630 	 0.959374 	 0.00131421	0.00274563
4165 	 4635 	 0.959374 	 0.00131442	0.00274607
4165 	 4640 	 0.959375 	 0.00131464	0.00274652
4165 	 4645 	 0.959375 	 0.00131485	0.00274696
4165 	 4650 	 0.959376 	 0.00131506	0.0027474
4165 	 4655 	 0.959376 	 0.00131527	0.00274784
4165 	 4660 	 0.959377 	 0.00131548	0.00274828
4165 	 4665 	 0.959377 	 0.00131569	0.00274872
4165 	 4670 	 0.959378 	 0.0013159	0.00274916
4165 	 4675 	 0.959378 	 0.00131611	0.0027496
4165 	 4680 	 0.959379 	 0.00131632	0.00275004
4165 	 4685 	 0.959379 	 0.00131653	0.00275048
4165 	 4690 	 0.959379 	 0.00131674	0.00275092
4165 	 4695 	 0.95938 	 0.00131695	0.00275135
4165 	 4700 	 0.95938 	 0.00131716	0.00275179
4165 	 4705 	 0.959381 	 0.00131737	0.00275223
4165 	 4710 	 0.959381 	 0.00131758	0.00275266
4165 	 4715 	 0.959382 	 0.00131779	0.00275309
4165 	 4720 	 0.959382 	 0.00131799	0.00275353
4165 	 4725 	 0.959383 	 0.0013182	0.00275396
4165 	 4730 	 0.959383 	 0.00131841	0.00275439
4165 	 4735 	 0.959384 	 0.00131861	0.00275482
4165 	 4740 	 0.959384 	 0.00131882	0.00275526
4165 	 4745 	 0.959384 	 0.00131903	0.00275569
4165 	 4750 	 0.959385 	 0.00131923	0.00275612
4165 	 4755 	 0.959385 	 0.00131944	0.00275655
4165 	 4760 	 0.959386 	 0.00131964	0.00275697
4165 	 4765 	 0.959386 	 0.00131985	0.0027574
4165 	 4770 	 0.959387 	 0.00132005	0.00275783
4165 	 4775 	 0.959387 	 0.00132026	0.00275826
4165 	 4780 	 0.959388 	 0.00132046	0.00275868
4165 	 4785 	 0.959388 	 0.00132066	0.00275911
4165 	 4790 	 0.959388 	 0.00132087	0.00275953
4165 	 4795 	 0.959389 	 0.00132107	0.00275996
4165 	 4800 	 0.959389 	 0.00132127	0.00276038
4165 	 4805 	 0.95939 	 0.00132148	0.0027608
4165 	 4810 	 0.95939 	 0.00132168	0.00276123
4165 	 4815 	 0.959391 	 0.00132188	0.00276165
4165 	 4820 	 0.959391 	 0.00132208	0.00276207
4165 	 4825 	 0.959392 	 0.00132228	0.00276249
4165 	 4830 	 0.959392 	 0.00132248	0.00276291
4165 	 4835 	 0.959392 	 0.00132269	0.00276333
4165 	 4840 	 0.959393 	 0.00132289	0.00276375
4165 	 4845 	 0.959393 	 0.00132309	0.00276417
4165 	 4850 	 0.959394 	 0.00132329	0.00276459
4165 	 4855 	 0.959394 	 0.00132349	0.002765
4165 	 4860 	 0.959395 	 0.00132369	0.00276542
4165 	 4865 	 0.959395 	 0.00132389	0.00276584
4165 	 4870 	 0.959395 	 0.00132408	0.00276625
4165 	 4875 	 0.959396 	 0.00132428	0.00276667
4165 	 4880 	 0.959396 	 0.00132448	0.00276708
4165 	 4885 	 0.959397 	 0.00132468	0.0027675
4165 	 4890 	 0.959397 	 0.00132488	0.00276791
4165 	 4895 	 0.959398 	 0.00132507	0.00276832
4165 	 4900 	 0.959398 	 0.00132527	0.00276873
4165 	 4905 	 0.959398 	 0.00132547	0.00276915
4165 	 4910 	 0.959399 	 0.00132567	0.00276956
4165 	 4915 	 0.959399 	 0.00132586	0.00276997
4165 	 4920 	 0.9594 	 0.00132606	0.00277038
4165 	 4925 	 0.9594 	 0.00132625	0.00277079
4165 	 4930 	 0.959401 	 0.00132645	0.0027712
4165 	 4935 	 0.959401 	 0.00132665	0.0027716
4165 	 4940 	 0.959401 	 0.00132684	0.00277201
4165 	 4945 	 0.959402 	 0.00132704	0.00277242
4165 	 4950 	 0.959402 	 0.00132723	0.00277283
4165 	 4955 	 0.959403 	 0.00132742	0.00277323
4165 	 4960 	 0.959403 	 0.00132762	0.00277364
4165 	 4965 	 0.959403 	 0.00132781	0.00277404
4165 	 4970 	 0.959404 	 0.00132801	0.00277445
4165 	 4975 	 0.959404 	 0.0013282	0.00277485
4165 	 4980 	 0.959405 	 0.00132839	0.00277525
4165 	 4985 	 0.959405 	 0.00132858	0.00277566
4165 	 4990 	 0.959406 	 0.00132878	0.00277606
4165 	 4995 	 0.959406 	 0.00132897	0.00277646
4165 	 5000 	 0.959406 	 0.00132916	0.00277686
