1560 	 5 	 0.885109 	 0.00310556 	 0.00646711
1560 	 10 	 0.885428 	 0.00293928 	 0.00612085
1560 	 15 	 0.886163 	 0.00262334 	 0.00546292
1560 	 20 	 0.887808 	 0.00208424 	 0.00434029
1560 	 25 	 0.891299 	 0.00138327 	 0.00288055
1560 	 30 	 0.897921 	 0.00105418 	 0.00219525
1560 	 35 	 0.908177 	 0.00108111 	 0.00225133
1560 	 40 	 0.920319 	 0.000952452 	 0.00198341
1560 	 45 	 0.930574 	 0.000888547 	 0.00185034
1560 	 50 	 0.937111 	 0.00077611 	 0.0016162
1560 	 55 	 0.940722 	 0.000629933 	 0.00131179
1560 	 60 	 0.942671 	 0.000563174 	 0.00117277
1560 	 65 	 0.943806 	 0.000537967 	 0.00112028
1560 	 70 	 0.944563 	 0.000511921 	 0.00106604
1560 	 75 	 0.945145 	 0.000479879 	 0.000999315
1560 	 80 	 0.94564 	 0.00044886 	 0.00093472
1560 	 85 	 0.946088 	 0.000425362 	 0.000885786
1560 	 90 	 0.946507 	 0.000412708 	 0.000859436
1560 	 95 	 0.946904 	 0.000411293 	 0.000856489
1560 	 100 	 0.947283 	 0.000419557 	 0.000873698
1560 	 105 	 0.947646 	 0.000435083 	 0.00090603
1560 	 110 	 0.947993 	 0.000455435 	 0.000948412
1560 	 115 	 0.948327 	 0.000478577 	 0.000996604
1560 	 120 	 0.948647 	 0.00050298 	 0.00104742
1560 	 125 	 0.948954 	 0.000527562 	 0.00109861
1560 	 130 	 0.949249 	 0.000551594 	 0.00114866
1560 	 135 	 0.949531 	 0.000574602 	 0.00119657
1560 	 140 	 0.949803 	 0.000596289 	 0.00124173
1560 	 145 	 0.950063 	 0.000616485 	 0.00128379
1560 	 150 	 0.950313 	 0.000635105 	 0.00132256
1560 	 155 	 0.950553 	 0.000652124 	 0.001358
1560 	 160 	 0.950783 	 0.000667559 	 0.00139014
1560 	 165 	 0.951004 	 0.000681451 	 0.00141907
1560 	 170 	 0.951216 	 0.000693864 	 0.00144492
1560 	 175 	 0.95142 	 0.00070487 	 0.00146784
1560 	 180 	 0.951615 	 0.00071455 	 0.001488
1560 	 185 	 0.951803 	 0.000722991 	 0.00150558
1560 	 190 	 0.951982 	 0.000730277 	 0.00152075
1560 	 195 	 0.952155 	 0.000736497 	 0.0015337
1560 	 200 	 0.952321 	 0.000741736 	 0.00154461
1560 	 205 	 0.95248 	 0.000746077 	 0.00155365
1560 	 210 	 0.952632 	 0.000749601 	 0.00156099
1560 	 215 	 0.952779 	 0.000752386 	 0.00156679
1560 	 220 	 0.952919 	 0.000754505 	 0.0015712
1560 	 225 	 0.953054 	 0.00075603 	 0.00157438
1560 	 230 	 0.953183 	 0.000757026 	 0.00157645
1560 	 235 	 0.953308 	 0.000757558 	 0.00157756
1560 	 240 	 0.953427 	 0.000757683 	 0.00157782
1560 	 245 	 0.953541 	 0.000757459 	 0.00157735
1560 	 250 	 0.953651 	 0.000756935 	 0.00157626
1560 	 255 	 0.953756 	 0.000756161 	 0.00157465
1560 	 260 	 0.953858 	 0.00075518 	 0.00157261
1560 	 265 	 0.953955 	 0.000754035 	 0.00157022
1560 	 270 	 0.954048 	 0.000752762 	 0.00156757
1560 	 275 	 0.954137 	 0.000751396 	 0.00156473
1560 	 280 	 0.954223 	 0.000749969 	 0.00156176
1560 	 285 	 0.954305 	 0.000748509 	 0.00155872
1560 	 290 	 0.954384 	 0.000747042 	 0.00155566
1560 	 295 	 0.95446 	 0.00074559 	 0.00155264
1560 	 300 	 0.954533 	 0.000744174 	 0.00154969
1560 	 305 	 0.954603 	 0.000742812 	 0.00154685
1560 	 310 	 0.95467 	 0.000741519 	 0.00154416
1560 	 315 	 0.954734 	 0.000740308 	 0.00154164
1560 	 320 	 0.954796 	 0.000739192 	 0.00153932
1560 	 325 	 0.954855 	 0.000738179 	 0.00153721
1560 	 330 	 0.954912 	 0.000737278 	 0.00153533
1560 	 335 	 0.954966 	 0.000736494 	 0.0015337
1560 	 340 	 0.955019 	 0.000735831 	 0.00153232
1560 	 345 	 0.955069 	 0.000735294 	 0.0015312
1560 	 350 	 0.955117 	 0.000734884 	 0.00153034
1560 	 355 	 0.955163 	 0.000734601 	 0.00152975
1560 	 360 	 0.955208 	 0.000734446 	 0.00152943
1560 	 365 	 0.95525 	 0.000734417 	 0.00152937
1560 	 370 	 0.955291 	 0.000734513 	 0.00152957
1560 	 375 	 0.955331 	 0.00073473 	 0.00153002
1560 	 380 	 0.955368 	 0.000735066 	 0.00153072
1560 	 385 	 0.955404 	 0.000735517 	 0.00153166
1560 	 390 	 0.955439 	 0.000736078 	 0.00153283
1560 	 395 	 0.955472 	 0.000736745 	 0.00153422
1560 	 400 	 0.955504 	 0.000737513 	 0.00153582
1560 	 405 	 0.955535 	 0.000738377 	 0.00153762
1560 	 410 	 0.955564 	 0.000739331 	 0.0015396
1560 	 415 	 0.955593 	 0.00074037 	 0.00154177
1560 	 420 	 0.95562 	 0.000741489 	 0.0015441
1560 	 425 	 0.955646 	 0.000742683 	 0.00154658
1560 	 430 	 0.955671 	 0.000743944 	 0.00154921
1560 	 435 	 0.955695 	 0.00074527 	 0.00155197
1560 	 440 	 0.955718 	 0.000746652 	 0.00155485
1560 	 445 	 0.95574 	 0.000748088 	 0.00155784
1560 	 450 	 0.955761 	 0.000749571 	 0.00156093
1560 	 455 	 0.955781 	 0.000751096 	 0.00156411
1560 	 460 	 0.955801 	 0.00075266 	 0.00156736
1560 	 465 	 0.95582 	 0.000754256 	 0.00157068
1560 	 470 	 0.955838 	 0.00075588 	 0.00157407
1560 	 475 	 0.955855 	 0.000757529 	 0.0015775
1560 	 480 	 0.955871 	 0.000759198 	 0.00158098
1560 	 485 	 0.955887 	 0.000760884 	 0.00158449
1560 	 490 	 0.955902 	 0.000762582 	 0.00158802
1560 	 495 	 0.955917 	 0.000764289 	 0.00159158
1560 	 500 	 0.955931 	 0.000766002 	 0.00159515
1560 	 505 	 0.955945 	 0.000767717 	 0.00159872
1560 	 510 	 0.955958 	 0.000769433 	 0.00160229
1560 	 515 	 0.95597 	 0.000771145 	 0.00160586
1560 	 520 	 0.955982 	 0.000772852 	 0.00160941
1560 	 525 	 0.955993 	 0.000774552 	 0.00161295
1560 	 530 	 0.956004 	 0.000776241 	 0.00161647
1560 	 535 	 0.956015 	 0.000777918 	 0.00161996
1560 	 540 	 0.956025 	 0.000779582 	 0.00162342
1560 	 545 	 0.956035 	 0.000781229 	 0.00162686
1560 	 550 	 0.956044 	 0.00078286 	 0.00163025
1560 	 555 	 0.956053 	 0.000784472 	 0.00163361
1560 	 560 	 0.956061 	 0.000786065 	 0.00163692
1560 	 565 	 0.95607 	 0.000787636 	 0.0016402
1560 	 570 	 0.956077 	 0.000789186 	 0.00164342
1560 	 575 	 0.956085 	 0.000790712 	 0.0016466
1560 	 580 	 0.956092 	 0.000792215 	 0.00164973
1560 	 585 	 0.956099 	 0.000793693 	 0.00165281
1560 	 590 	 0.956106 	 0.000795146 	 0.00165584
1560 	 595 	 0.956112 	 0.000796574 	 0.00165881
1560 	 600 	 0.956119 	 0.000797976 	 0.00166173
1560 	 605 	 0.956124 	 0.000799351 	 0.00166459
1560 	 610 	 0.95613 	 0.0008007 	 0.0016674
1560 	 615 	 0.956136 	 0.000802022 	 0.00167015
1560 	 620 	 0.956141 	 0.000803316 	 0.00167285
1560 	 625 	 0.956146 	 0.000804584 	 0.00167549
1560 	 630 	 0.956151 	 0.000805825 	 0.00167807
1560 	 635 	 0.956155 	 0.000807038 	 0.0016806
1560 	 640 	 0.95616 	 0.000808224 	 0.00168307
1560 	 645 	 0.956164 	 0.000809384 	 0.00168548
1560 	 650 	 0.956168 	 0.000810516 	 0.00168784
1560 	 655 	 0.956172 	 0.000811622 	 0.00169015
1560 	 660 	 0.956176 	 0.000812701 	 0.00169239
1560 	 665 	 0.956179 	 0.000813755 	 0.00169459
1560 	 670 	 0.956183 	 0.000814782 	 0.00169673
1560 	 675 	 0.956186 	 0.000815784 	 0.00169881
1560 	 680 	 0.956189 	 0.00081676 	 0.00170085
1560 	 685 	 0.956192 	 0.000817711 	 0.00170283
1560 	 690 	 0.956195 	 0.000818638 	 0.00170476
1560 	 695 	 0.956198 	 0.000819541 	 0.00170664
1560 	 700 	 0.956201 	 0.000820419 	 0.00170847
1560 	 705 	 0.956203 	 0.000821274 	 0.00171025
1560 	 710 	 0.956206 	 0.000822106 	 0.00171198
1560 	 715 	 0.956208 	 0.000822916 	 0.00171366
1560 	 720 	 0.956211 	 0.000823703 	 0.0017153
1560 	 725 	 0.956213 	 0.000824468 	 0.0017169
1560 	 730 	 0.956215 	 0.000825212 	 0.00171845
1560 	 735 	 0.956217 	 0.000825935 	 0.00171995
1560 	 740 	 0.956219 	 0.000826638 	 0.00172142
1560 	 745 	 0.956221 	 0.00082732 	 0.00172284
1560 	 750 	 0.956223 	 0.000827983 	 0.00172422
1560 	 755 	 0.956224 	 0.000828627 	 0.00172556
1560 	 760 	 0.956226 	 0.000829252 	 0.00172686
1560 	 765 	 0.956228 	 0.000829858 	 0.00172812
1560 	 770 	 0.956229 	 0.000830447 	 0.00172935
1560 	 775 	 0.956231 	 0.000831018 	 0.00173054
1560 	 780 	 0.956232 	 0.000831572 	 0.00173169
1560 	 785 	 0.956233 	 0.000832109 	 0.00173281
1560 	 790 	 0.956235 	 0.000832631 	 0.00173389
1560 	 795 	 0.956236 	 0.000833136 	 0.00173495
1560 	 800 	 0.956237 	 0.000833626 	 0.00173597
1560 	 805 	 0.956238 	 0.000834101 	 0.00173696
1560 	 810 	 0.956239 	 0.000834562 	 0.00173792
1560 	 815 	 0.95624 	 0.000835008 	 0.00173885
1560 	 820 	 0.956241 	 0.00083544 	 0.00173975
1560 	 825 	 0.956242 	 0.000835859 	 0.00174062
1560 	 830 	 0.956243 	 0.000836265 	 0.00174146
1560 	 835 	 0.956244 	 0.000836658 	 0.00174228
1560 	 840 	 0.956245 	 0.000837038 	 0.00174307
1560 	 845 	 0.956246 	 0.000837407 	 0.00174384
1560 	 850 	 0.956247 	 0.000837764 	 0.00174458
1560 	 855 	 0.956247 	 0.000838109 	 0.0017453
1560 	 860 	 0.956248 	 0.000838444 	 0.001746
1560 	 865 	 0.956249 	 0.000838768 	 0.00174667
1560 	 870 	 0.956249 	 0.000839081 	 0.00174733
1560 	 875 	 0.95625 	 0.000839384 	 0.00174796
1560 	 880 	 0.956251 	 0.000839678 	 0.00174857
1560 	 885 	 0.956251 	 0.000839962 	 0.00174916
1560 	 890 	 0.956252 	 0.000840236 	 0.00174973
1560 	 895 	 0.956252 	 0.000840502 	 0.00175029
1560 	 900 	 0.956253 	 0.000840759 	 0.00175082
1560 	 905 	 0.956253 	 0.000841008 	 0.00175134
1560 	 910 	 0.956254 	 0.000841248 	 0.00175184
1560 	 915 	 0.956254 	 0.000841481 	 0.00175232
1560 	 920 	 0.956255 	 0.000841705 	 0.00175279
1560 	 925 	 0.956255 	 0.000841923 	 0.00175324
1560 	 930 	 0.956256 	 0.000842133 	 0.00175368
1560 	 935 	 0.956256 	 0.000842336 	 0.00175411
1560 	 940 	 0.956256 	 0.000842532 	 0.00175451
1560 	 945 	 0.956257 	 0.000842722 	 0.00175491
1560 	 950 	 0.956257 	 0.000842906 	 0.00175529
1560 	 955 	 0.956257 	 0.000843083 	 0.00175566
1560 	 960 	 0.956258 	 0.000843254 	 0.00175602
1560 	 965 	 0.956258 	 0.00084342 	 0.00175636
1560 	 970 	 0.956258 	 0.00084358 	 0.0017567
1560 	 975 	 0.956259 	 0.000843734 	 0.00175702
1560 	 980 	 0.956259 	 0.000843884 	 0.00175733
1560 	 985 	 0.956259 	 0.000844028 	 0.00175763
1560 	 990 	 0.956259 	 0.000844167 	 0.00175792
1560 	 995 	 0.95626 	 0.000844302 	 0.0017582
1560 	 1000 	 0.95626 	 0.000844432 	 0.00175847
1560 	 1005 	 0.95626 	 0.000844558 	 0.00175873
1560 	 1010 	 0.95626 	 0.000844679 	 0.00175898
1560 	 1015 	 0.956261 	 0.000844796 	 0.00175923
1560 	 1020 	 0.956261 	 0.000844909 	 0.00175946
1560 	 1025 	 0.956261 	 0.000845018 	 0.00175969
1560 	 1030 	 0.956261 	 0.000845124 	 0.00175991
1560 	 1035 	 0.956261 	 0.000845226 	 0.00176012
1560 	 1040 	 0.956261 	 0.000845324 	 0.00176033
1560 	 1045 	 0.956262 	 0.000845419 	 0.00176053
1560 	 1050 	 0.956262 	 0.000845511 	 0.00176072
1560 	 1055 	 0.956262 	 0.000845599 	 0.0017609
1560 	 1060 	 0.956262 	 0.000845685 	 0.00176108
1560 	 1065 	 0.956262 	 0.000845767 	 0.00176125
1560 	 1070 	 0.956262 	 0.000845847 	 0.00176142
1560 	 1075 	 0.956262 	 0.000845923 	 0.00176158
1560 	 1080 	 0.956263 	 0.000845997 	 0.00176173
1560 	 1085 	 0.956263 	 0.000846069 	 0.00176188
1560 	 1090 	 0.956263 	 0.000846138 	 0.00176202
1560 	 1095 	 0.956263 	 0.000846205 	 0.00176216
1560 	 1100 	 0.956263 	 0.000846269 	 0.0017623
1560 	 1105 	 0.956263 	 0.000846331 	 0.00176242
1560 	 1110 	 0.956263 	 0.000846391 	 0.00176255
1560 	 1115 	 0.956263 	 0.000846449 	 0.00176267
1560 	 1120 	 0.956263 	 0.000846504 	 0.00176279
1560 	 1125 	 0.956263 	 0.000846558 	 0.0017629
1560 	 1130 	 0.956263 	 0.00084661 	 0.00176301
1560 	 1135 	 0.956264 	 0.00084666 	 0.00176311
1560 	 1140 	 0.956264 	 0.000846708 	 0.00176321
1560 	 1145 	 0.956264 	 0.000846755 	 0.00176331
1560 	 1150 	 0.956264 	 0.0008468 	 0.0017634
1560 	 1155 	 0.956264 	 0.000846843 	 0.00176349
1560 	 1160 	 0.956264 	 0.000846885 	 0.00176358
1560 	 1165 	 0.956264 	 0.000846925 	 0.00176366
1560 	 1170 	 0.956264 	 0.000846964 	 0.00176374
1560 	 1175 	 0.956264 	 0.000847002 	 0.00176382
1560 	 1180 	 0.956264 	 0.000847038 	 0.0017639
1560 	 1185 	 0.956264 	 0.000847073 	 0.00176397
1560 	 1190 	 0.956264 	 0.000847107 	 0.00176404
1560 	 1195 	 0.956264 	 0.000847139 	 0.00176411
1560 	 1200 	 0.956264 	 0.00084717 	 0.00176417
1560 	 1205 	 0.956264 	 0.000847201 	 0.00176424
1560 	 1210 	 0.956264 	 0.00084723 	 0.0017643
1560 	 1215 	 0.956264 	 0.000847258 	 0.00176435
1560 	 1220 	 0.956264 	 0.000847285 	 0.00176441
1560 	 1225 	 0.956264 	 0.000847311 	 0.00176447
1560 	 1230 	 0.956265 	 0.000847336 	 0.00176452
1560 	 1235 	 0.956265 	 0.00084736 	 0.00176457
1560 	 1240 	 0.956265 	 0.000847384 	 0.00176462
1560 	 1245 	 0.956265 	 0.000847406 	 0.00176466
1560 	 1250 	 0.956265 	 0.000847428 	 0.00176471
1560 	 1255 	 0.956265 	 0.000847449 	 0.00176475
1560 	 1260 	 0.956265 	 0.000847469 	 0.0017648
1560 	 1265 	 0.956265 	 0.000847489 	 0.00176484
1560 	 1270 	 0.956265 	 0.000847507 	 0.00176487
1560 	 1275 	 0.956265 	 0.000847526 	 0.00176491
1560 	 1280 	 0.956265 	 0.000847543 	 0.00176495
1560 	 1285 	 0.956265 	 0.00084756 	 0.00176498
1560 	 1290 	 0.956265 	 0.000847576 	 0.00176502
1560 	 1295 	 0.956265 	 0.000847592 	 0.00176505
1560 	 1300 	 0.956265 	 0.000847607 	 0.00176508
1560 	 1305 	 0.956265 	 0.000847621 	 0.00176511
1560 	 1310 	 0.956265 	 0.000847635 	 0.00176514
1560 	 1315 	 0.956265 	 0.000847649 	 0.00176517
1560 	 1320 	 0.956265 	 0.000847662 	 0.0017652
1560 	 1325 	 0.956265 	 0.000847674 	 0.00176522
1560 	 1330 	 0.956265 	 0.000847686 	 0.00176525
1560 	 1335 	 0.956265 	 0.000847698 	 0.00176527
1560 	 1340 	 0.956265 	 0.000847709 	 0.00176529
1560 	 1345 	 0.956265 	 0.00084772 	 0.00176532
1560 	 1350 	 0.956265 	 0.00084773 	 0.00176534
1560 	 1355 	 0.956265 	 0.00084774 	 0.00176536
1560 	 1360 	 0.956265 	 0.00084775 	 0.00176538
1560 	 1365 	 0.956265 	 0.000847759 	 0.0017654
1560 	 1370 	 0.956265 	 0.000847768 	 0.00176542
1560 	 1375 	 0.956265 	 0.000847777 	 0.00176544
1560 	 1380 	 0.956265 	 0.000847785 	 0.00176545
1560 	 1385 	 0.956265 	 0.000847793 	 0.00176547
1560 	 1390 	 0.956265 	 0.000847801 	 0.00176549
1560 	 1395 	 0.956265 	 0.000847809 	 0.0017655
1560 	 1400 	 0.956265 	 0.000847816 	 0.00176552
1560 	 1405 	 0.956265 	 0.000847823 	 0.00176553
1560 	 1410 	 0.956265 	 0.000847829 	 0.00176555
1560 	 1415 	 0.956265 	 0.000847836 	 0.00176556
1560 	 1420 	 0.956265 	 0.000847842 	 0.00176557
1560 	 1425 	 0.956265 	 0.000847848 	 0.00176558
1560 	 1430 	 0.956265 	 0.000847854 	 0.0017656
1560 	 1435 	 0.956265 	 0.000847859 	 0.00176561
1560 	 1440 	 0.956265 	 0.000847865 	 0.00176562
1560 	 1445 	 0.956265 	 0.00084787 	 0.00176563
1560 	 1450 	 0.956265 	 0.000847875 	 0.00176564
1560 	 1455 	 0.956265 	 0.000847879 	 0.00176565
1560 	 1460 	 0.956265 	 0.000847884 	 0.00176566
1560 	 1465 	 0.956265 	 0.000847888 	 0.00176567
1560 	 1470 	 0.956265 	 0.000847893 	 0.00176568
1560 	 1475 	 0.956265 	 0.000847897 	 0.00176569
1560 	 1480 	 0.956265 	 0.000847901 	 0.00176569
1560 	 1485 	 0.956265 	 0.000847905 	 0.0017657
1560 	 1490 	 0.956265 	 0.000847908 	 0.00176571
1560 	 1495 	 0.956265 	 0.000847912 	 0.00176572
1560 	 1500 	 0.956265 	 0.000847915 	 0.00176572
1560 	 1505 	 0.956265 	 0.000847918 	 0.00176573
1560 	 1510 	 0.956265 	 0.000847922 	 0.00176574
1560 	 1515 	 0.956265 	 0.000847925 	 0.00176574
1560 	 1520 	 0.956265 	 0.000847928 	 0.00176575
1560 	 1525 	 0.956265 	 0.00084793 	 0.00176576
1560 	 1530 	 0.956265 	 0.000847933 	 0.00176576
1560 	 1535 	 0.956265 	 0.000847936 	 0.00176577
1560 	 1540 	 0.956265 	 0.000847938 	 0.00176577
1560 	 1545 	 0.956265 	 0.000847941 	 0.00176578
1560 	 1550 	 0.956265 	 0.000847943 	 0.00176578
1560 	 1555 	 0.956265 	 0.000847945 	 0.00176579
1560 	 1560 	 0.956265 	 0.000847947 	 0.00176579
1560 	 1565 	 0.956265 	 0.000847949 	 0.0017658
1560 	 1570 	 0.956265 	 0.000847951 	 0.0017658
1560 	 1575 	 0.956265 	 0.000847953 	 0.0017658
1560 	 1580 	 0.956265 	 0.000847955 	 0.00176581
1560 	 1585 	 0.956265 	 0.000847957 	 0.00176581
1560 	 1590 	 0.956265 	 0.000847959 	 0.00176581
1560 	 1595 	 0.956265 	 0.00084796 	 0.00176582
1560 	 1600 	 0.956265 	 0.000847962 	 0.00176582
1560 	 1605 	 0.956265 	 0.000847964 	 0.00176582
1560 	 1610 	 0.956265 	 0.000847965 	 0.00176583
1560 	 1615 	 0.956265 	 0.000847967 	 0.00176583
1560 	 1620 	 0.956265 	 0.000847968 	 0.00176583
1560 	 1625 	 0.956265 	 0.000847969 	 0.00176584
1560 	 1630 	 0.956265 	 0.00084797 	 0.00176584
1560 	 1635 	 0.956265 	 0.000847972 	 0.00176584
1560 	 1640 	 0.956265 	 0.000847973 	 0.00176584
1560 	 1645 	 0.956265 	 0.000847974 	 0.00176585
1560 	 1650 	 0.956265 	 0.000847975 	 0.00176585
1560 	 1655 	 0.956265 	 0.000847976 	 0.00176585
1560 	 1660 	 0.956265 	 0.000847977 	 0.00176585
1560 	 1665 	 0.956265 	 0.000847978 	 0.00176586
1560 	 1670 	 0.956265 	 0.000847979 	 0.00176586
1560 	 1675 	 0.956265 	 0.00084798 	 0.00176586
1560 	 1680 	 0.956265 	 0.000847981 	 0.00176586
1560 	 1685 	 0.956265 	 0.000847982 	 0.00176586
1560 	 1690 	 0.956265 	 0.000847983 	 0.00176586
1560 	 1695 	 0.956265 	 0.000847983 	 0.00176587
1560 	 1700 	 0.956265 	 0.000847984 	 0.00176587
1560 	 1705 	 0.956265 	 0.000847985 	 0.00176587
1560 	 1710 	 0.956265 	 0.000847985 	 0.00176587
1560 	 1715 	 0.956265 	 0.000847986 	 0.00176587
1560 	 1720 	 0.956265 	 0.000847987 	 0.00176587
1560 	 1725 	 0.956265 	 0.000847987 	 0.00176587
1560 	 1730 	 0.956265 	 0.000847988 	 0.00176588
1560 	 1735 	 0.956265 	 0.000847989 	 0.00176588
1560 	 1740 	 0.956265 	 0.000847989 	 0.00176588
1560 	 1745 	 0.956265 	 0.00084799 	 0.00176588
1560 	 1750 	 0.956265 	 0.00084799 	 0.00176588
1560 	 1755 	 0.956265 	 0.000847991 	 0.00176588
1560 	 1760 	 0.956265 	 0.000847991 	 0.00176588
1560 	 1765 	 0.956265 	 0.000847992 	 0.00176588
1560 	 1770 	 0.956265 	 0.000847992 	 0.00176588
1560 	 1775 	 0.956265 	 0.000847992 	 0.00176588
1560 	 1780 	 0.956265 	 0.000847993 	 0.00176589
1560 	 1785 	 0.956265 	 0.000847993 	 0.00176589
1560 	 1790 	 0.956265 	 0.000847994 	 0.00176589
1560 	 1795 	 0.956265 	 0.000847994 	 0.00176589
1560 	 1800 	 0.956265 	 0.000847994 	 0.00176589
1560 	 1805 	 0.956265 	 0.000847995 	 0.00176589
1560 	 1810 	 0.956265 	 0.000847995 	 0.00176589
1560 	 1815 	 0.956265 	 0.000847995 	 0.00176589
1560 	 1820 	 0.956265 	 0.000847996 	 0.00176589
1560 	 1825 	 0.956265 	 0.000847996 	 0.00176589
1560 	 1830 	 0.956265 	 0.000847996 	 0.00176589
1560 	 1835 	 0.956265 	 0.000847996 	 0.00176589
1560 	 1840 	 0.956265 	 0.000847997 	 0.00176589
1560 	 1845 	 0.956265 	 0.000847997 	 0.00176589
1560 	 1850 	 0.956265 	 0.000847997 	 0.00176589
1560 	 1855 	 0.956265 	 0.000847997 	 0.0017659
1560 	 1860 	 0.956265 	 0.000847998 	 0.0017659
1560 	 1865 	 0.956265 	 0.000847998 	 0.0017659
1560 	 1870 	 0.956265 	 0.000847998 	 0.0017659
1560 	 1875 	 0.956265 	 0.000847998 	 0.0017659
1560 	 1880 	 0.956265 	 0.000847998 	 0.0017659
1560 	 1885 	 0.956265 	 0.000847999 	 0.0017659
1560 	 1890 	 0.956265 	 0.000847999 	 0.0017659
1560 	 1895 	 0.956265 	 0.000847999 	 0.0017659
1560 	 1900 	 0.956265 	 0.000847999 	 0.0017659
1560 	 1905 	 0.956265 	 0.000847999 	 0.0017659
1560 	 1910 	 0.956265 	 0.000847999 	 0.0017659
1560 	 1915 	 0.956265 	 0.000848 	 0.0017659
1560 	 1920 	 0.956265 	 0.000848 	 0.0017659
1560 	 1925 	 0.956265 	 0.000848 	 0.0017659
1560 	 1930 	 0.956265 	 0.000848 	 0.0017659
1560 	 1935 	 0.956265 	 0.000848 	 0.0017659
1560 	 1940 	 0.956265 	 0.000848 	 0.0017659
1560 	 1945 	 0.956265 	 0.000848 	 0.0017659
1560 	 1950 	 0.956265 	 0.000848 	 0.0017659
1560 	 1955 	 0.956265 	 0.000848001 	 0.0017659
1560 	 1960 	 0.956265 	 0.000848001 	 0.0017659
1560 	 1965 	 0.956265 	 0.000848001 	 0.0017659
1560 	 1970 	 0.956265 	 0.000848001 	 0.0017659
1560 	 1975 	 0.956265 	 0.000848001 	 0.0017659
1560 	 1980 	 0.956265 	 0.000848001 	 0.0017659
1560 	 1985 	 0.956265 	 0.000848001 	 0.0017659
1560 	 1990 	 0.956265 	 0.000848001 	 0.0017659
1560 	 1995 	 0.956265 	 0.000848001 	 0.0017659
1560 	 2000 	 0.956265 	 0.000848001 	 0.0017659
1560 	 2005 	 0.956265 	 0.000848001 	 0.0017659
1560 	 2010 	 0.956265 	 0.000848001 	 0.0017659
1560 	 2015 	 0.956265 	 0.000848002 	 0.0017659
1560 	 2020 	 0.956265 	 0.000848002 	 0.0017659
1560 	 2025 	 0.956265 	 0.000848002 	 0.0017659
1560 	 2030 	 0.956265 	 0.000848002 	 0.0017659
1560 	 2035 	 0.956265 	 0.000848002 	 0.0017659
1560 	 2040 	 0.956265 	 0.000848002 	 0.0017659
1560 	 2045 	 0.956265 	 0.000848002 	 0.0017659
1560 	 2050 	 0.956265 	 0.000848002 	 0.0017659
1560 	 2055 	 0.956265 	 0.000848002 	 0.0017659
1560 	 2060 	 0.956265 	 0.000848002 	 0.0017659
1560 	 2065 	 0.956265 	 0.000848002 	 0.0017659
1560 	 2070 	 0.956265 	 0.000848002 	 0.0017659
1560 	 2075 	 0.956265 	 0.000848002 	 0.00176591
1560 	 2080 	 0.956265 	 0.000848002 	 0.00176591
1560 	 2085 	 0.956265 	 0.000848002 	 0.00176591
1560 	 2090 	 0.956265 	 0.000848002 	 0.00176591
1560 	 2095 	 0.956265 	 0.000848002 	 0.00176591
1560 	 2100 	 0.956265 	 0.000848002 	 0.00176591
1560 	 2105 	 0.956265 	 0.000848002 	 0.00176591
1560 	 2110 	 0.956265 	 0.000848002 	 0.00176591
1560 	 2115 	 0.956265 	 0.000848002 	 0.00176591
1560 	 2120 	 0.956265 	 0.000848002 	 0.00176591
1560 	 2125 	 0.956265 	 0.000848003 	 0.00176591
1560 	 2130 	 0.956265 	 0.000848003 	 0.00176591
1560 	 2135 	 0.956265 	 0.000848003 	 0.00176591
1560 	 2140 	 0.956265 	 0.000848003 	 0.00176591
1560 	 2145 	 0.956265 	 0.000848003 	 0.00176591
1560 	 2150 	 0.956265 	 0.000848003 	 0.00176591
1560 	 2155 	 0.956265 	 0.000848003 	 0.00176591
1560 	 2160 	 0.956265 	 0.000848003 	 0.00176591
1560 	 2165 	 0.956265 	 0.000848003 	 0.00176591
1560 	 2170 	 0.956265 	 0.000848003 	 0.00176591
1560 	 2175 	 0.956265 	 0.000848003 	 0.00176591
1560 	 2180 	 0.956265 	 0.000848003 	 0.00176591
1560 	 2185 	 0.956265 	 0.000848003 	 0.00176591
1560 	 2190 	 0.956265 	 0.000848003 	 0.00176591
1560 	 2195 	 0.956265 	 0.000848003 	 0.00176591
1560 	 2200 	 0.956265 	 0.000848003 	 0.00176591
1560 	 2205 	 0.956265 	 0.000848003 	 0.00176591
1560 	 2210 	 0.956265 	 0.000848003 	 0.00176591
1560 	 2215 	 0.956265 	 0.000848003 	 0.00176591
1560 	 2220 	 0.956265 	 0.000848003 	 0.00176591
1560 	 2225 	 0.956265 	 0.000848003 	 0.00176591
1560 	 2230 	 0.956265 	 0.000848003 	 0.00176591
1560 	 2235 	 0.956265 	 0.000848003 	 0.00176591
1560 	 2240 	 0.956265 	 0.000848003 	 0.00176591
1560 	 2245 	 0.956265 	 0.000848003 	 0.00176591
1560 	 2250 	 0.956265 	 0.000848003 	 0.00176591
1560 	 2255 	 0.956265 	 0.000848003 	 0.00176591
1560 	 2260 	 0.956265 	 0.000848003 	 0.00176591
1560 	 2265 	 0.956265 	 0.000848003 	 0.00176591
1560 	 2270 	 0.956265 	 0.000848003 	 0.00176591
1560 	 2275 	 0.956265 	 0.000848003 	 0.00176591
1560 	 2280 	 0.956265 	 0.000848003 	 0.00176591
1560 	 2285 	 0.956265 	 0.000848003 	 0.00176591
1560 	 2290 	 0.956265 	 0.000848003 	 0.00176591
1560 	 2295 	 0.956265 	 0.000848003 	 0.00176591
1560 	 2300 	 0.956265 	 0.000848003 	 0.00176591
1560 	 2305 	 0.956265 	 0.000848003 	 0.00176591
1560 	 2310 	 0.956265 	 0.000848003 	 0.00176591
1560 	 2315 	 0.956265 	 0.000848003 	 0.00176591
1560 	 2320 	 0.956265 	 0.000848003 	 0.00176591
1560 	 2325 	 0.956265 	 0.000848003 	 0.00176591
1560 	 2330 	 0.956265 	 0.000848003 	 0.00176591
1560 	 2335 	 0.956265 	 0.000848003 	 0.00176591
1560 	 2340 	 0.956265 	 0.000848003 	 0.00176591
1560 	 2345 	 0.956265 	 0.000848003 	 0.00176591
1560 	 2350 	 0.956265 	 0.000848003 	 0.00176591
1560 	 2355 	 0.956265 	 0.000848003 	 0.00176591
1560 	 2360 	 0.956265 	 0.000848003 	 0.00176591
1560 	 2365 	 0.956265 	 0.000848003 	 0.00176591
1560 	 2370 	 0.956265 	 0.000848003 	 0.00176591
1560 	 2375 	 0.956265 	 0.000848003 	 0.00176591
1560 	 2380 	 0.956265 	 0.000848003 	 0.00176591
1560 	 2385 	 0.956265 	 0.000848003 	 0.00176591
1560 	 2390 	 0.956265 	 0.000848003 	 0.00176591
1560 	 2395 	 0.956265 	 0.000848003 	 0.00176591
1560 	 2400 	 0.956265 	 0.000848003 	 0.00176591
1560 	 2405 	 0.956265 	 0.000848003 	 0.00176591
1560 	 2410 	 0.956265 	 0.000848003 	 0.00176591
1560 	 2415 	 0.956265 	 0.000848003 	 0.00176591
1560 	 2420 	 0.956265 	 0.000848003 	 0.00176591
1560 	 2425 	 0.956265 	 0.000848003 	 0.00176591
1560 	 2430 	 0.956265 	 0.000848003 	 0.00176591
1560 	 2435 	 0.956265 	 0.000848003 	 0.00176591
1560 	 2440 	 0.956265 	 0.000848003 	 0.00176591
1560 	 2445 	 0.956265 	 0.000848003 	 0.00176591
1560 	 2450 	 0.956265 	 0.000848003 	 0.00176591
1560 	 2455 	 0.956265 	 0.000848003 	 0.00176591
1560 	 2460 	 0.956265 	 0.000848003 	 0.00176591
1560 	 2465 	 0.956265 	 0.000848003 	 0.00176591
1560 	 2470 	 0.956265 	 0.000848003 	 0.00176591
1560 	 2475 	 0.956265 	 0.000848003 	 0.00176591
1560 	 2480 	 0.956265 	 0.000848003 	 0.00176591
1560 	 2485 	 0.956265 	 0.000848003 	 0.00176591
1560 	 2490 	 0.956265 	 0.000848003 	 0.00176591
1560 	 2495 	 0.956265 	 0.000848003 	 0.00176591
1560 	 2500 	 0.956265 	 0.000848003 	 0.00176591
1560 	 2505 	 0.956265 	 0.000848003 	 0.00176591
1560 	 2510 	 0.956265 	 0.000848003 	 0.00176591
1560 	 2515 	 0.956265 	 0.000848003 	 0.00176591
1560 	 2520 	 0.956265 	 0.000848003 	 0.00176591
1560 	 2525 	 0.956265 	 0.000848003 	 0.00176591
1560 	 2530 	 0.956265 	 0.000848003 	 0.00176591
1560 	 2535 	 0.956265 	 0.000848003 	 0.00176591
1560 	 2540 	 0.956265 	 0.000848003 	 0.00176591
1560 	 2545 	 0.956265 	 0.000848003 	 0.00176591
1560 	 2550 	 0.956265 	 0.000848003 	 0.00176591
1560 	 2555 	 0.956265 	 0.000848003 	 0.00176591
1560 	 2560 	 0.956265 	 0.000848003 	 0.00176591
1560 	 2565 	 0.956265 	 0.000848003 	 0.00176591
1560 	 2570 	 0.956265 	 0.000848003 	 0.00176591
1560 	 2575 	 0.956265 	 0.000848003 	 0.00176591
1560 	 2580 	 0.956265 	 0.000848003 	 0.00176591
1560 	 2585 	 0.956265 	 0.000848003 	 0.00176591
1560 	 2590 	 0.956265 	 0.000848003 	 0.00176591
1560 	 2595 	 0.956265 	 0.000848003 	 0.00176591
1560 	 2600 	 0.956265 	 0.000848003 	 0.00176591
1560 	 2605 	 0.956265 	 0.000848003 	 0.00176591
1560 	 2610 	 0.956265 	 0.000848003 	 0.00176591
1560 	 2615 	 0.956265 	 0.000848003 	 0.00176591
1560 	 2620 	 0.956265 	 0.000848003 	 0.00176591
1560 	 2625 	 0.956265 	 0.000848003 	 0.00176591
1560 	 2630 	 0.956265 	 0.000848003 	 0.00176591
1560 	 2635 	 0.956265 	 0.000848003 	 0.00176591
1560 	 2640 	 0.956265 	 0.000848003 	 0.00176591
1560 	 2645 	 0.956265 	 0.000848003 	 0.00176591
1560 	 2650 	 0.956265 	 0.000848003 	 0.00176591
1560 	 2655 	 0.956265 	 0.000848003 	 0.00176591
1560 	 2660 	 0.956265 	 0.000848003 	 0.00176591
1560 	 2665 	 0.956265 	 0.000848003 	 0.00176591
1560 	 2670 	 0.956265 	 0.000848003 	 0.00176591
1560 	 2675 	 0.956265 	 0.000848003 	 0.00176591
1560 	 2680 	 0.956265 	 0.000848003 	 0.00176591
1560 	 2685 	 0.956265 	 0.000848003 	 0.00176591
1560 	 2690 	 0.956265 	 0.000848003 	 0.00176591
1560 	 2695 	 0.956265 	 0.000848003 	 0.00176591
1560 	 2700 	 0.956265 	 0.000848003 	 0.00176591
1560 	 2705 	 0.956265 	 0.000848003 	 0.00176591
1560 	 2710 	 0.956265 	 0.000848003 	 0.00176591
1560 	 2715 	 0.956265 	 0.000848003 	 0.00176591
1560 	 2720 	 0.956265 	 0.000848003 	 0.00176591
1560 	 2725 	 0.956265 	 0.000848003 	 0.00176591
1560 	 2730 	 0.956265 	 0.000848003 	 0.00176591
1560 	 2735 	 0.956265 	 0.000848003 	 0.00176591
1560 	 2740 	 0.956265 	 0.000848003 	 0.00176591
1560 	 2745 	 0.956265 	 0.000848003 	 0.00176591
1560 	 2750 	 0.956265 	 0.000848003 	 0.00176591
1560 	 2755 	 0.956265 	 0.000848003 	 0.00176591
1560 	 2760 	 0.956265 	 0.000848003 	 0.00176591
1560 	 2765 	 0.956265 	 0.000848003 	 0.00176591
1560 	 2770 	 0.956265 	 0.000848003 	 0.00176591
1560 	 2775 	 0.956265 	 0.000848003 	 0.00176591
1560 	 2780 	 0.956265 	 0.000848003 	 0.00176591
1560 	 2785 	 0.956265 	 0.000848003 	 0.00176591
1560 	 2790 	 0.956265 	 0.000848003 	 0.00176591
1560 	 2795 	 0.956265 	 0.000848003 	 0.00176591
1560 	 2800 	 0.956265 	 0.000848003 	 0.00176591
1560 	 2805 	 0.956265 	 0.000848003 	 0.00176591
1560 	 2810 	 0.956265 	 0.000848003 	 0.00176591
1560 	 2815 	 0.956265 	 0.000848003 	 0.00176591
1560 	 2820 	 0.956265 	 0.000848003 	 0.00176591
1560 	 2825 	 0.956265 	 0.000848003 	 0.00176591
1560 	 2830 	 0.956265 	 0.000848003 	 0.00176591
1560 	 2835 	 0.956265 	 0.000848003 	 0.00176591
1560 	 2840 	 0.956265 	 0.000848003 	 0.00176591
1560 	 2845 	 0.956265 	 0.000848003 	 0.00176591
1560 	 2850 	 0.956265 	 0.000848003 	 0.00176591
1560 	 2855 	 0.956265 	 0.000848003 	 0.00176591
1560 	 2860 	 0.956265 	 0.000848003 	 0.00176591
1560 	 2865 	 0.956265 	 0.000848003 	 0.00176591
1560 	 2870 	 0.956265 	 0.000848003 	 0.00176591
1560 	 2875 	 0.956265 	 0.000848003 	 0.00176591
1560 	 2880 	 0.956265 	 0.000848003 	 0.00176591
1560 	 2885 	 0.956265 	 0.000848003 	 0.00176591
1560 	 2890 	 0.956265 	 0.000848003 	 0.00176591
1560 	 2895 	 0.956265 	 0.000848003 	 0.00176591
1560 	 2900 	 0.956265 	 0.000848003 	 0.00176591
1560 	 2905 	 0.956265 	 0.000848003 	 0.00176591
1560 	 2910 	 0.956265 	 0.000848003 	 0.00176591
1560 	 2915 	 0.956265 	 0.000848003 	 0.00176591
1560 	 2920 	 0.956265 	 0.000848003 	 0.00176591
1560 	 2925 	 0.956265 	 0.000848003 	 0.00176591
1560 	 2930 	 0.956265 	 0.000848003 	 0.00176591
1560 	 2935 	 0.956265 	 0.000848003 	 0.00176591
1560 	 2940 	 0.956265 	 0.000848003 	 0.00176591
1560 	 2945 	 0.956265 	 0.000848003 	 0.00176591
1560 	 2950 	 0.956265 	 0.000848003 	 0.00176591
1560 	 2955 	 0.956265 	 0.000848003 	 0.00176591
1560 	 2960 	 0.956265 	 0.000848003 	 0.00176591
1560 	 2965 	 0.956265 	 0.000848003 	 0.00176591
1560 	 2970 	 0.956265 	 0.000848003 	 0.00176591
1560 	 2975 	 0.956265 	 0.000848003 	 0.00176591
1560 	 2980 	 0.956265 	 0.000848003 	 0.00176591
1560 	 2985 	 0.956265 	 0.000848003 	 0.00176591
1560 	 2990 	 0.956265 	 0.000848003 	 0.00176591
1560 	 2995 	 0.956265 	 0.000848003 	 0.00176591
1560 	 3000 	 0.956265 	 0.000848003 	 0.00176591
1560 	 3005 	 0.956265 	 0.000848003 	 0.00176591
1560 	 3010 	 0.956265 	 0.000848003 	 0.00176591
1560 	 3015 	 0.956265 	 0.000848003 	 0.00176591
1560 	 3020 	 0.956265 	 0.000848003 	 0.00176591
1560 	 3025 	 0.956265 	 0.000848003 	 0.00176591
1560 	 3030 	 0.956265 	 0.000848003 	 0.00176591
1560 	 3035 	 0.956265 	 0.000848003 	 0.00176591
1560 	 3040 	 0.956265 	 0.000848003 	 0.00176591
1560 	 3045 	 0.956265 	 0.000848003 	 0.00176591
1560 	 3050 	 0.956265 	 0.000848003 	 0.00176591
1560 	 3055 	 0.956265 	 0.000848003 	 0.00176591
1560 	 3060 	 0.956265 	 0.000848003 	 0.00176591
1560 	 3065 	 0.956265 	 0.000848003 	 0.00176591
1560 	 3070 	 0.956265 	 0.000848003 	 0.00176591
1560 	 3075 	 0.956265 	 0.000848003 	 0.00176591
1560 	 3080 	 0.956265 	 0.000848003 	 0.00176591
1560 	 3085 	 0.956265 	 0.000848003 	 0.00176591
1560 	 3090 	 0.956265 	 0.000848003 	 0.00176591
1560 	 3095 	 0.956265 	 0.000848003 	 0.00176591
1560 	 3100 	 0.956265 	 0.000848003 	 0.00176591
1560 	 3105 	 0.956265 	 0.000848003 	 0.00176591
1560 	 3110 	 0.956265 	 0.000848003 	 0.00176591
1560 	 3115 	 0.956265 	 0.000848003 	 0.00176591
1560 	 3120 	 0.956265 	 0.000848003 	 0.00176591
1560 	 3125 	 0.956265 	 0.000848003 	 0.00176591
1560 	 3130 	 0.956265 	 0.000848003 	 0.00176591
1560 	 3135 	 0.956265 	 0.000848003 	 0.00176591
1560 	 3140 	 0.956265 	 0.000848003 	 0.00176591
1560 	 3145 	 0.956265 	 0.000848003 	 0.00176591
1560 	 3150 	 0.956265 	 0.000848003 	 0.00176591
1560 	 3155 	 0.956265 	 0.000848003 	 0.00176591
1560 	 3160 	 0.956265 	 0.000848003 	 0.00176591
1560 	 3165 	 0.956265 	 0.000848003 	 0.00176591
1560 	 3170 	 0.956265 	 0.000848003 	 0.00176591
1560 	 3175 	 0.956265 	 0.000848003 	 0.00176591
1560 	 3180 	 0.956265 	 0.000848003 	 0.00176591
1560 	 3185 	 0.956265 	 0.000848003 	 0.00176591
1560 	 3190 	 0.956265 	 0.000848003 	 0.00176591
1560 	 3195 	 0.956265 	 0.000848003 	 0.00176591
1560 	 3200 	 0.956265 	 0.000848003 	 0.00176591
1560 	 3205 	 0.956265 	 0.000848003 	 0.00176591
1560 	 3210 	 0.956265 	 0.000848003 	 0.00176591
1560 	 3215 	 0.956265 	 0.000848003 	 0.00176591
1560 	 3220 	 0.956265 	 0.000848003 	 0.00176591
1560 	 3225 	 0.956265 	 0.000848003 	 0.00176591
1560 	 3230 	 0.956265 	 0.000848003 	 0.00176591
1560 	 3235 	 0.956265 	 0.000848003 	 0.00176591
1560 	 3240 	 0.956265 	 0.000848003 	 0.00176591
1560 	 3245 	 0.956265 	 0.000848003 	 0.00176591
1560 	 3250 	 0.956265 	 0.000848003 	 0.00176591
1560 	 3255 	 0.956265 	 0.000848003 	 0.00176591
1560 	 3260 	 0.956265 	 0.000848003 	 0.00176591
1560 	 3265 	 0.956265 	 0.000848003 	 0.00176591
1560 	 3270 	 0.956265 	 0.000848003 	 0.00176591
1560 	 3275 	 0.956265 	 0.000848003 	 0.00176591
1560 	 3280 	 0.956265 	 0.000848003 	 0.00176591
1560 	 3285 	 0.956265 	 0.000848003 	 0.00176591
1560 	 3290 	 0.956265 	 0.000848003 	 0.00176591
1560 	 3295 	 0.956265 	 0.000848003 	 0.00176591
1560 	 3300 	 0.956265 	 0.000848003 	 0.00176591
1560 	 3305 	 0.956265 	 0.000848003 	 0.00176591
1560 	 3310 	 0.956265 	 0.000848003 	 0.00176591
1560 	 3315 	 0.956265 	 0.000848003 	 0.00176591
1560 	 3320 	 0.956265 	 0.000848003 	 0.00176591
1560 	 3325 	 0.956265 	 0.000848003 	 0.00176591
1560 	 3330 	 0.956265 	 0.000848003 	 0.00176591
1560 	 3335 	 0.956265 	 0.000848003 	 0.00176591
1560 	 3340 	 0.956265 	 0.000848003 	 0.00176591
1560 	 3345 	 0.956265 	 0.000848003 	 0.00176591
1560 	 3350 	 0.956265 	 0.000848003 	 0.00176591
1560 	 3355 	 0.956265 	 0.000848003 	 0.00176591
1560 	 3360 	 0.956265 	 0.000848003 	 0.00176591
1560 	 3365 	 0.956265 	 0.000848003 	 0.00176591
1560 	 3370 	 0.956265 	 0.000848003 	 0.00176591
1560 	 3375 	 0.956265 	 0.000848003 	 0.00176591
1560 	 3380 	 0.956265 	 0.000848003 	 0.00176591
1560 	 3385 	 0.956265 	 0.000848003 	 0.00176591
1560 	 3390 	 0.956265 	 0.000848003 	 0.00176591
1560 	 3395 	 0.956265 	 0.000848003 	 0.00176591
1560 	 3400 	 0.956265 	 0.000848003 	 0.00176591
1560 	 3405 	 0.956265 	 0.000848003 	 0.00176591
1560 	 3410 	 0.956265 	 0.000848003 	 0.00176591
1560 	 3415 	 0.956265 	 0.000848003 	 0.00176591
1560 	 3420 	 0.956265 	 0.000848003 	 0.00176591
1560 	 3425 	 0.956265 	 0.000848003 	 0.00176591
1560 	 3430 	 0.956265 	 0.000848003 	 0.00176591
1560 	 3435 	 0.956265 	 0.000848003 	 0.00176591
1560 	 3440 	 0.956265 	 0.000848003 	 0.00176591
1560 	 3445 	 0.956265 	 0.000848003 	 0.00176591
1560 	 3450 	 0.956265 	 0.000848003 	 0.00176591
1560 	 3455 	 0.956265 	 0.000848003 	 0.00176591
1560 	 3460 	 0.956265 	 0.000848003 	 0.00176591
1560 	 3465 	 0.956265 	 0.000848003 	 0.00176591
1560 	 3470 	 0.956265 	 0.000848003 	 0.00176591
1560 	 3475 	 0.956265 	 0.000848003 	 0.00176591
1560 	 3480 	 0.956265 	 0.000848003 	 0.00176591
1560 	 3485 	 0.956265 	 0.000848003 	 0.00176591
1560 	 3490 	 0.956265 	 0.000848003 	 0.00176591
1560 	 3495 	 0.956265 	 0.000848003 	 0.00176591
1560 	 3500 	 0.956265 	 0.000848003 	 0.00176591
1560 	 3505 	 0.956265 	 0.000848003 	 0.00176591
1560 	 3510 	 0.956265 	 0.000848003 	 0.00176591
1560 	 3515 	 0.956265 	 0.000848003 	 0.00176591
1560 	 3520 	 0.956265 	 0.000848003 	 0.00176591
1560 	 3525 	 0.956265 	 0.000848003 	 0.00176591
1560 	 3530 	 0.956265 	 0.000848003 	 0.00176591
1560 	 3535 	 0.956265 	 0.000848003 	 0.00176591
1560 	 3540 	 0.956265 	 0.000848003 	 0.00176591
1560 	 3545 	 0.956265 	 0.000848003 	 0.00176591
1560 	 3550 	 0.956265 	 0.000848003 	 0.00176591
1560 	 3555 	 0.956265 	 0.000848003 	 0.00176591
1560 	 3560 	 0.956265 	 0.000848003 	 0.00176591
1560 	 3565 	 0.956265 	 0.000848003 	 0.00176591
1560 	 3570 	 0.956265 	 0.000848003 	 0.00176591
1560 	 3575 	 0.956265 	 0.000848003 	 0.00176591
1560 	 3580 	 0.956265 	 0.000848003 	 0.00176591
1560 	 3585 	 0.956265 	 0.000848003 	 0.00176591
1560 	 3590 	 0.956265 	 0.000848003 	 0.00176591
1560 	 3595 	 0.956265 	 0.000848003 	 0.00176591
1560 	 3600 	 0.956265 	 0.000848003 	 0.00176591
1560 	 3605 	 0.956265 	 0.000848003 	 0.00176591
1560 	 3610 	 0.956265 	 0.000848003 	 0.00176591
1560 	 3615 	 0.956265 	 0.000848003 	 0.00176591
1560 	 3620 	 0.956265 	 0.000848003 	 0.00176591
1560 	 3625 	 0.956265 	 0.000848003 	 0.00176591
1560 	 3630 	 0.956265 	 0.000848003 	 0.00176591
1560 	 3635 	 0.956265 	 0.000848003 	 0.00176591
1560 	 3640 	 0.956265 	 0.000848003 	 0.00176591
1560 	 3645 	 0.956265 	 0.000848003 	 0.00176591
1560 	 3650 	 0.956265 	 0.000848003 	 0.00176591
1560 	 3655 	 0.956265 	 0.000848003 	 0.00176591
1560 	 3660 	 0.956265 	 0.000848003 	 0.00176591
1560 	 3665 	 0.956265 	 0.000848003 	 0.00176591
1560 	 3670 	 0.956265 	 0.000848003 	 0.00176591
1560 	 3675 	 0.956265 	 0.000848003 	 0.00176591
1560 	 3680 	 0.956265 	 0.000848003 	 0.00176591
1560 	 3685 	 0.956265 	 0.000848003 	 0.00176591
1560 	 3690 	 0.956265 	 0.000848003 	 0.00176591
1560 	 3695 	 0.956265 	 0.000848003 	 0.00176591
1560 	 3700 	 0.956265 	 0.000848003 	 0.00176591
1560 	 3705 	 0.956265 	 0.000848003 	 0.00176591
1560 	 3710 	 0.956265 	 0.000848003 	 0.00176591
1560 	 3715 	 0.956265 	 0.000848003 	 0.00176591
1560 	 3720 	 0.956265 	 0.000848003 	 0.00176591
1560 	 3725 	 0.956265 	 0.000848003 	 0.00176591
1560 	 3730 	 0.956265 	 0.000848003 	 0.00176591
1560 	 3735 	 0.956265 	 0.000848003 	 0.00176591
1560 	 3740 	 0.956265 	 0.000848003 	 0.00176591
1560 	 3745 	 0.956265 	 0.000848003 	 0.00176591
1560 	 3750 	 0.956265 	 0.000848003 	 0.00176591
1560 	 3755 	 0.956265 	 0.000848003 	 0.00176591
1560 	 3760 	 0.956265 	 0.000848003 	 0.00176591
1560 	 3765 	 0.956265 	 0.000848003 	 0.00176591
1560 	 3770 	 0.956265 	 0.000848003 	 0.00176591
1560 	 3775 	 0.956265 	 0.000848003 	 0.00176591
1560 	 3780 	 0.956265 	 0.000848003 	 0.00176591
1560 	 3785 	 0.956265 	 0.000848003 	 0.00176591
1560 	 3790 	 0.956265 	 0.000848003 	 0.00176591
1560 	 3795 	 0.956265 	 0.000848003 	 0.00176591
1560 	 3800 	 0.956265 	 0.000848003 	 0.00176591
1560 	 3805 	 0.956265 	 0.000848003 	 0.00176591
1560 	 3810 	 0.956265 	 0.000848003 	 0.00176591
1560 	 3815 	 0.956265 	 0.000848003 	 0.00176591
1560 	 3820 	 0.956265 	 0.000848003 	 0.00176591
1560 	 3825 	 0.956265 	 0.000848003 	 0.00176591
1560 	 3830 	 0.956265 	 0.000848003 	 0.00176591
1560 	 3835 	 0.956265 	 0.000848003 	 0.00176591
1560 	 3840 	 0.956265 	 0.000848003 	 0.00176591
1560 	 3845 	 0.956265 	 0.000848003 	 0.00176591
1560 	 3850 	 0.956265 	 0.000848003 	 0.00176591
1560 	 3855 	 0.956265 	 0.000848003 	 0.00176591
1560 	 3860 	 0.956265 	 0.000848003 	 0.00176591
1560 	 3865 	 0.956265 	 0.000848003 	 0.00176591
1560 	 3870 	 0.956265 	 0.000848003 	 0.00176591
1560 	 3875 	 0.956265 	 0.000848003 	 0.00176591
1560 	 3880 	 0.956265 	 0.000848003 	 0.00176591
1560 	 3885 	 0.956265 	 0.000848003 	 0.00176591
1560 	 3890 	 0.956265 	 0.000848003 	 0.00176591
1560 	 3895 	 0.956265 	 0.000848003 	 0.00176591
1560 	 3900 	 0.956265 	 0.000848003 	 0.00176591
1560 	 3905 	 0.956265 	 0.000848003 	 0.00176591
1560 	 3910 	 0.956265 	 0.000848003 	 0.00176591
1560 	 3915 	 0.956265 	 0.000848003 	 0.00176591
1560 	 3920 	 0.956265 	 0.000848003 	 0.00176591
1560 	 3925 	 0.956265 	 0.000848003 	 0.00176591
1560 	 3930 	 0.956265 	 0.000848003 	 0.00176591
1560 	 3935 	 0.956265 	 0.000848003 	 0.00176591
1560 	 3940 	 0.956265 	 0.000848003 	 0.00176591
1560 	 3945 	 0.956265 	 0.000848003 	 0.00176591
1560 	 3950 	 0.956265 	 0.000848003 	 0.00176591
1560 	 3955 	 0.956265 	 0.000848003 	 0.00176591
1560 	 3960 	 0.956265 	 0.000848003 	 0.00176591
1560 	 3965 	 0.956265 	 0.000848003 	 0.00176591
1560 	 3970 	 0.956265 	 0.000848003 	 0.00176591
1560 	 3975 	 0.956265 	 0.000848003 	 0.00176591
1560 	 3980 	 0.956265 	 0.000848003 	 0.00176591
1560 	 3985 	 0.956265 	 0.000848003 	 0.00176591
1560 	 3990 	 0.956265 	 0.000848003 	 0.00176591
1560 	 3995 	 0.956265 	 0.000848003 	 0.00176591
1560 	 4000 	 0.956265 	 0.000848003 	 0.00176591
1560 	 4005 	 0.956265 	 0.000848003 	 0.00176591
1560 	 4010 	 0.956265 	 0.000848003 	 0.00176591
1560 	 4015 	 0.956265 	 0.000848003 	 0.00176591
1560 	 4020 	 0.956265 	 0.000848003 	 0.00176591
1560 	 4025 	 0.956265 	 0.000848003 	 0.00176591
1560 	 4030 	 0.956265 	 0.000848003 	 0.00176591
1560 	 4035 	 0.956265 	 0.000848003 	 0.00176591
1560 	 4040 	 0.956265 	 0.000848003 	 0.00176591
1560 	 4045 	 0.956265 	 0.000848003 	 0.00176591
1560 	 4050 	 0.956265 	 0.000848003 	 0.00176591
1560 	 4055 	 0.956265 	 0.000848003 	 0.00176591
1560 	 4060 	 0.956265 	 0.000848003 	 0.00176591
1560 	 4065 	 0.956265 	 0.000848003 	 0.00176591
1560 	 4070 	 0.956265 	 0.000848003 	 0.00176591
1560 	 4075 	 0.956265 	 0.000848003 	 0.00176591
1560 	 4080 	 0.956265 	 0.000848003 	 0.00176591
1560 	 4085 	 0.956265 	 0.000848003 	 0.00176591
1560 	 4090 	 0.956265 	 0.000848003 	 0.00176591
1560 	 4095 	 0.956265 	 0.000848003 	 0.00176591
1560 	 4100 	 0.956265 	 0.000848003 	 0.00176591
1560 	 4105 	 0.956265 	 0.000848003 	 0.00176591
1560 	 4110 	 0.956265 	 0.000848003 	 0.00176591
1560 	 4115 	 0.956265 	 0.000848003 	 0.00176591
1560 	 4120 	 0.956265 	 0.000848003 	 0.00176591
1560 	 4125 	 0.956265 	 0.000848003 	 0.00176591
1560 	 4130 	 0.956265 	 0.000848003 	 0.00176591
1560 	 4135 	 0.956265 	 0.000848003 	 0.00176591
1560 	 4140 	 0.956265 	 0.000848003 	 0.00176591
1560 	 4145 	 0.956265 	 0.000848003 	 0.00176591
1560 	 4150 	 0.956265 	 0.000848003 	 0.00176591
1560 	 4155 	 0.956265 	 0.000848003 	 0.00176591
1560 	 4160 	 0.956265 	 0.000848003 	 0.00176591
1560 	 4165 	 0.956265 	 0.000848003 	 0.00176591
1560 	 4170 	 0.956265 	 0.000848003 	 0.00176591
1560 	 4175 	 0.956265 	 0.000848003 	 0.00176591
1560 	 4180 	 0.956265 	 0.000848003 	 0.00176591
1560 	 4185 	 0.956265 	 0.000848003 	 0.00176591
1560 	 4190 	 0.956265 	 0.000848003 	 0.00176591
1560 	 4195 	 0.956265 	 0.000848003 	 0.00176591
1560 	 4200 	 0.956265 	 0.000848003 	 0.00176591
1560 	 4205 	 0.956265 	 0.000848003 	 0.00176591
1560 	 4210 	 0.956265 	 0.000848003 	 0.00176591
1560 	 4215 	 0.956265 	 0.000848003 	 0.00176591
1560 	 4220 	 0.956265 	 0.000848003 	 0.00176591
1560 	 4225 	 0.956265 	 0.000848003 	 0.00176591
1560 	 4230 	 0.956265 	 0.000848003 	 0.00176591
1560 	 4235 	 0.956265 	 0.000848003 	 0.00176591
1560 	 4240 	 0.956265 	 0.000848003 	 0.00176591
1560 	 4245 	 0.956265 	 0.000848003 	 0.00176591
1560 	 4250 	 0.956265 	 0.000848003 	 0.00176591
1560 	 4255 	 0.956265 	 0.000848003 	 0.00176591
1560 	 4260 	 0.956265 	 0.000848003 	 0.00176591
1560 	 4265 	 0.956265 	 0.000848003 	 0.00176591
1560 	 4270 	 0.956265 	 0.000848003 	 0.00176591
1560 	 4275 	 0.956265 	 0.000848003 	 0.00176591
1560 	 4280 	 0.956265 	 0.000848003 	 0.00176591
1560 	 4285 	 0.956265 	 0.000848003 	 0.00176591
1560 	 4290 	 0.956265 	 0.000848003 	 0.00176591
1560 	 4295 	 0.956265 	 0.000848003 	 0.00176591
1560 	 4300 	 0.956265 	 0.000848003 	 0.00176591
1560 	 4305 	 0.956265 	 0.000848003 	 0.00176591
1560 	 4310 	 0.956265 	 0.000848003 	 0.00176591
1560 	 4315 	 0.956265 	 0.000848003 	 0.00176591
1560 	 4320 	 0.956265 	 0.000848003 	 0.00176591
1560 	 4325 	 0.956265 	 0.000848003 	 0.00176591
1560 	 4330 	 0.956265 	 0.000848003 	 0.00176591
1560 	 4335 	 0.956265 	 0.000848003 	 0.00176591
1560 	 4340 	 0.956265 	 0.000848003 	 0.00176591
1560 	 4345 	 0.956265 	 0.000848003 	 0.00176591
1560 	 4350 	 0.956265 	 0.000848003 	 0.00176591
1560 	 4355 	 0.956265 	 0.000848003 	 0.00176591
1560 	 4360 	 0.956265 	 0.000848003 	 0.00176591
1560 	 4365 	 0.956265 	 0.000848003 	 0.00176591
1560 	 4370 	 0.956265 	 0.000848003 	 0.00176591
1560 	 4375 	 0.956265 	 0.000848003 	 0.00176591
1560 	 4380 	 0.956265 	 0.000848003 	 0.00176591
1560 	 4385 	 0.956265 	 0.000848003 	 0.00176591
1560 	 4390 	 0.956265 	 0.000848003 	 0.00176591
1560 	 4395 	 0.956265 	 0.000848003 	 0.00176591
1560 	 4400 	 0.956265 	 0.000848003 	 0.00176591
1560 	 4405 	 0.956265 	 0.000848003 	 0.00176591
1560 	 4410 	 0.956265 	 0.000848003 	 0.00176591
1560 	 4415 	 0.956265 	 0.000848003 	 0.00176591
1560 	 4420 	 0.956265 	 0.000848003 	 0.00176591
1560 	 4425 	 0.956265 	 0.000848003 	 0.00176591
1560 	 4430 	 0.956265 	 0.000848003 	 0.00176591
1560 	 4435 	 0.956265 	 0.000848003 	 0.00176591
1560 	 4440 	 0.956265 	 0.000848003 	 0.00176591
1560 	 4445 	 0.956265 	 0.000848003 	 0.00176591
1560 	 4450 	 0.956265 	 0.000848003 	 0.00176591
1560 	 4455 	 0.956265 	 0.000848003 	 0.00176591
1560 	 4460 	 0.956265 	 0.000848003 	 0.00176591
1560 	 4465 	 0.956265 	 0.000848003 	 0.00176591
1560 	 4470 	 0.956265 	 0.000848003 	 0.00176591
1560 	 4475 	 0.956265 	 0.000848003 	 0.00176591
1560 	 4480 	 0.956265 	 0.000848003 	 0.00176591
1560 	 4485 	 0.956265 	 0.000848003 	 0.00176591
1560 	 4490 	 0.956265 	 0.000848003 	 0.00176591
1560 	 4495 	 0.956265 	 0.000848003 	 0.00176591
1560 	 4500 	 0.956265 	 0.000848003 	 0.00176591
1560 	 4505 	 0.956265 	 0.000848003 	 0.00176591
1560 	 4510 	 0.956265 	 0.000848003 	 0.00176591
1560 	 4515 	 0.956265 	 0.000848003 	 0.00176591
1560 	 4520 	 0.956265 	 0.000848003 	 0.00176591
1560 	 4525 	 0.956265 	 0.000848003 	 0.00176591
1560 	 4530 	 0.956265 	 0.000848003 	 0.00176591
1560 	 4535 	 0.956265 	 0.000848003 	 0.00176591
1560 	 4540 	 0.956265 	 0.000848003 	 0.00176591
1560 	 4545 	 0.956265 	 0.000848003 	 0.00176591
1560 	 4550 	 0.956265 	 0.000848003 	 0.00176591
1560 	 4555 	 0.956265 	 0.000848003 	 0.00176591
1560 	 4560 	 0.956265 	 0.000848003 	 0.00176591
1560 	 4565 	 0.956265 	 0.000848003 	 0.00176591
1560 	 4570 	 0.956265 	 0.000848003 	 0.00176591
1560 	 4575 	 0.956265 	 0.000848003 	 0.00176591
1560 	 4580 	 0.956265 	 0.000848003 	 0.00176591
1560 	 4585 	 0.956265 	 0.000848003 	 0.00176591
1560 	 4590 	 0.956265 	 0.000848003 	 0.00176591
1560 	 4595 	 0.956265 	 0.000848003 	 0.00176591
1560 	 4600 	 0.956265 	 0.000848003 	 0.00176591
1560 	 4605 	 0.956265 	 0.000848003 	 0.00176591
1560 	 4610 	 0.956265 	 0.000848003 	 0.00176591
1560 	 4615 	 0.956265 	 0.000848003 	 0.00176591
1560 	 4620 	 0.956265 	 0.000848003 	 0.00176591
1560 	 4625 	 0.956265 	 0.000848003 	 0.00176591
1560 	 4630 	 0.956265 	 0.000848003 	 0.00176591
1560 	 4635 	 0.956265 	 0.000848003 	 0.00176591
1560 	 4640 	 0.956265 	 0.000848003 	 0.00176591
1560 	 4645 	 0.956265 	 0.000848003 	 0.00176591
1560 	 4650 	 0.956265 	 0.000848003 	 0.00176591
1560 	 4655 	 0.956265 	 0.000848003 	 0.00176591
1560 	 4660 	 0.956265 	 0.000848003 	 0.00176591
1560 	 4665 	 0.956265 	 0.000848003 	 0.00176591
1560 	 4670 	 0.956265 	 0.000848003 	 0.00176591
1560 	 4675 	 0.956265 	 0.000848003 	 0.00176591
1560 	 4680 	 0.956265 	 0.000848003 	 0.00176591
1560 	 4685 	 0.956265 	 0.000848003 	 0.00176591
1560 	 4690 	 0.956265 	 0.000848003 	 0.00176591
1560 	 4695 	 0.956265 	 0.000848003 	 0.00176591
1560 	 4700 	 0.956265 	 0.000848003 	 0.00176591
1560 	 4705 	 0.956265 	 0.000848003 	 0.00176591
1560 	 4710 	 0.956265 	 0.000848003 	 0.00176591
1560 	 4715 	 0.956265 	 0.000848003 	 0.00176591
1560 	 4720 	 0.956265 	 0.000848003 	 0.00176591
1560 	 4725 	 0.956265 	 0.000848003 	 0.00176591
1560 	 4730 	 0.956265 	 0.000848003 	 0.00176591
1560 	 4735 	 0.956265 	 0.000848003 	 0.00176591
1560 	 4740 	 0.956265 	 0.000848003 	 0.00176591
1560 	 4745 	 0.956265 	 0.000848003 	 0.00176591
1560 	 4750 	 0.956265 	 0.000848003 	 0.00176591
1560 	 4755 	 0.956265 	 0.000848003 	 0.00176591
1560 	 4760 	 0.956265 	 0.000848003 	 0.00176591
1560 	 4765 	 0.956265 	 0.000848003 	 0.00176591
1560 	 4770 	 0.956265 	 0.000848003 	 0.00176591
1560 	 4775 	 0.956265 	 0.000848003 	 0.00176591
1560 	 4780 	 0.956265 	 0.000848003 	 0.00176591
1560 	 4785 	 0.956265 	 0.000848003 	 0.00176591
1560 	 4790 	 0.956265 	 0.000848003 	 0.00176591
1560 	 4795 	 0.956265 	 0.000848003 	 0.00176591
1560 	 4800 	 0.956265 	 0.000848003 	 0.00176591
1560 	 4805 	 0.956265 	 0.000848003 	 0.00176591
1560 	 4810 	 0.956265 	 0.000848003 	 0.00176591
1560 	 4815 	 0.956265 	 0.000848003 	 0.00176591
1560 	 4820 	 0.956265 	 0.000848003 	 0.00176591
1560 	 4825 	 0.956265 	 0.000848003 	 0.00176591
1560 	 4830 	 0.956265 	 0.000848003 	 0.00176591
1560 	 4835 	 0.956265 	 0.000848003 	 0.00176591
1560 	 4840 	 0.956265 	 0.000848003 	 0.00176591
1560 	 4845 	 0.956265 	 0.000848003 	 0.00176591
1560 	 4850 	 0.956265 	 0.000848003 	 0.00176591
1560 	 4855 	 0.956265 	 0.000848003 	 0.00176591
1560 	 4860 	 0.956265 	 0.000848003 	 0.00176591
1560 	 4865 	 0.956265 	 0.000848003 	 0.00176591
1560 	 4870 	 0.956265 	 0.000848003 	 0.00176591
1560 	 4875 	 0.956265 	 0.000848003 	 0.00176591
1560 	 4880 	 0.956265 	 0.000848003 	 0.00176591
1560 	 4885 	 0.956265 	 0.000848003 	 0.00176591
1560 	 4890 	 0.956265 	 0.000848003 	 0.00176591
1560 	 4895 	 0.956265 	 0.000848003 	 0.00176591
1560 	 4900 	 0.956265 	 0.000848003 	 0.00176591
1560 	 4905 	 0.956265 	 0.000848003 	 0.00176591
1560 	 4910 	 0.956265 	 0.000848003 	 0.00176591
1560 	 4915 	 0.956265 	 0.000848003 	 0.00176591
1560 	 4920 	 0.956265 	 0.000848003 	 0.00176591
1560 	 4925 	 0.956265 	 0.000848003 	 0.00176591
1560 	 4930 	 0.956265 	 0.000848003 	 0.00176591
1560 	 4935 	 0.956265 	 0.000848003 	 0.00176591
1560 	 4940 	 0.956265 	 0.000848003 	 0.00176591
1560 	 4945 	 0.956265 	 0.000848003 	 0.00176591
1560 	 4950 	 0.956265 	 0.000848003 	 0.00176591
1560 	 4955 	 0.956265 	 0.000848003 	 0.00176591
1560 	 4960 	 0.956265 	 0.000848003 	 0.00176591
1560 	 4965 	 0.956265 	 0.000848003 	 0.00176591
1560 	 4970 	 0.956265 	 0.000848003 	 0.00176591
1560 	 4975 	 0.956265 	 0.000848003 	 0.00176591
1560 	 4980 	 0.956265 	 0.000848003 	 0.00176591
1560 	 4985 	 0.956265 	 0.000848003 	 0.00176591
1560 	 4990 	 0.956265 	 0.000848003 	 0.00176591
1560 	 4995 	 0.956265 	 0.000848003 	 0.00176591
1560 	 5000 	 0.956265 	 0.000848003 	 0.00176591
