1815 	 5 	 0.876558 	 0.00530073	0.0110742
1815 	 10 	 0.87917 	 0.00427083	0.00892255
1815 	 15 	 0.882836 	 0.00316492	0.00661209
1815 	 20 	 0.88768 	 0.00210328	0.00439413
1815 	 25 	 0.893598 	 0.00124534	0.00260174
1815 	 30 	 0.900173 	 0.00108458	0.00226589
1815 	 35 	 0.912589 	 0.00182545	0.0038137
1815 	 40 	 0.92159 	 0.000972039	0.00203077
1815 	 45 	 0.92871 	 0.00068596	0.00143309
1815 	 50 	 0.934159 	 0.000672937	0.00140589
1815 	 55 	 0.938214 	 0.000643895	0.00134521
1815 	 60 	 0.941193 	 0.000586473	0.00122525
1815 	 65 	 0.943383 	 0.000545222	0.00113907
1815 	 70 	 0.945013 	 0.0005336	0.00111479
1815 	 75 	 0.946252 	 0.000538522	0.00112507
1815 	 80 	 0.947218 	 0.00054524	0.00113911
1815 	 85 	 0.947993 	 0.000547147	0.00114309
1815 	 90 	 0.948632 	 0.00054372	0.00113593
1815 	 95 	 0.949171 	 0.000536927	0.00112174
1815 	 100 	 0.949635 	 0.000529098	0.00110538
1815 	 105 	 0.950043 	 0.000522045	0.00109065
1815 	 110 	 0.950406 	 0.00051685	0.00107979
1815 	 115 	 0.950733 	 0.000513953	0.00107374
1815 	 120 	 0.95103 	 0.000513341	0.00107246
1815 	 125 	 0.951302 	 0.000514737	0.00107538
1815 	 130 	 0.951552 	 0.000517747	0.00108167
1815 	 135 	 0.951784 	 0.000521962	0.00109047
1815 	 140 	 0.952 	 0.000527009	0.00110102
1815 	 145 	 0.952201 	 0.000532579	0.00111265
1815 	 150 	 0.952389 	 0.000538425	0.00112487
1815 	 155 	 0.952566 	 0.000544363	0.00113727
1815 	 160 	 0.952732 	 0.00055026	0.00114959
1815 	 165 	 0.952889 	 0.000556023	0.00116163
1815 	 170 	 0.953037 	 0.00056159	0.00117326
1815 	 175 	 0.953177 	 0.000566922	0.0011844
1815 	 180 	 0.95331 	 0.000572001	0.00119501
1815 	 185 	 0.953437 	 0.000576816	0.00120507
1815 	 190 	 0.953557 	 0.000581369	0.00121459
1815 	 195 	 0.953671 	 0.000585666	0.00122356
1815 	 200 	 0.953781 	 0.000589717	0.00123203
1815 	 205 	 0.953885 	 0.000593535	0.00124
1815 	 210 	 0.953985 	 0.000597134	0.00124752
1815 	 215 	 0.95408 	 0.000600527	0.00125461
1815 	 220 	 0.954172 	 0.000603731	0.0012613
1815 	 225 	 0.954259 	 0.000606759	0.00126763
1815 	 230 	 0.954344 	 0.000609625	0.00127362
1815 	 235 	 0.954425 	 0.000612342	0.00127929
1815 	 240 	 0.954503 	 0.000614923	0.00128469
1815 	 245 	 0.954578 	 0.00061738	0.00128982
1815 	 250 	 0.95465 	 0.000619722	0.00129471
1815 	 255 	 0.95472 	 0.00062196	0.00129939
1815 	 260 	 0.954787 	 0.000624104	0.00130387
1815 	 265 	 0.954852 	 0.000626162	0.00130817
1815 	 270 	 0.954915 	 0.000628142	0.0013123
1815 	 275 	 0.954976 	 0.000630051	0.00131629
1815 	 280 	 0.955035 	 0.000631895	0.00132014
1815 	 285 	 0.955092 	 0.000633681	0.00132388
1815 	 290 	 0.955147 	 0.000635414	0.0013275
1815 	 295 	 0.955201 	 0.0006371	0.00133102
1815 	 300 	 0.955253 	 0.000638742	0.00133445
1815 	 305 	 0.955303 	 0.000640345	0.0013378
1815 	 310 	 0.955352 	 0.000641913	0.00134107
1815 	 315 	 0.9554 	 0.000643449	0.00134428
1815 	 320 	 0.955446 	 0.000644956	0.00134743
1815 	 325 	 0.955491 	 0.000646438	0.00135053
1815 	 330 	 0.955535 	 0.000647896	0.00135357
1815 	 335 	 0.955577 	 0.000649333	0.00135658
1815 	 340 	 0.955619 	 0.000650752	0.00135954
1815 	 345 	 0.955659 	 0.000652154	0.00136247
1815 	 350 	 0.955698 	 0.000653541	0.00136537
1815 	 355 	 0.955737 	 0.000654914	0.00136823
1815 	 360 	 0.955774 	 0.000656275	0.00137108
1815 	 365 	 0.955811 	 0.000657626	0.0013739
1815 	 370 	 0.955846 	 0.000658967	0.0013767
1815 	 375 	 0.955881 	 0.000660299	0.00137948
1815 	 380 	 0.955915 	 0.000661624	0.00138225
1815 	 385 	 0.955949 	 0.000662941	0.00138501
1815 	 390 	 0.955981 	 0.000664253	0.00138775
1815 	 395 	 0.956013 	 0.00066556	0.00139048
1815 	 400 	 0.956044 	 0.000666862	0.0013932
1815 	 405 	 0.956074 	 0.00066816	0.00139591
1815 	 410 	 0.956104 	 0.000669454	0.00139861
1815 	 415 	 0.956133 	 0.000670744	0.00140131
1815 	 420 	 0.956161 	 0.000672032	0.001404
1815 	 425 	 0.956189 	 0.000673317	0.00140668
1815 	 430 	 0.956217 	 0.0006746	0.00140936
1815 	 435 	 0.956243 	 0.000675881	0.00141204
1815 	 440 	 0.95627 	 0.00067716	0.00141471
1815 	 445 	 0.956295 	 0.000678438	0.00141738
1815 	 450 	 0.956321 	 0.000679714	0.00142005
1815 	 455 	 0.956345 	 0.000680989	0.00142271
1815 	 460 	 0.95637 	 0.000682263	0.00142537
1815 	 465 	 0.956393 	 0.000683535	0.00142803
1815 	 470 	 0.956417 	 0.000684807	0.00143069
1815 	 475 	 0.95644 	 0.000686077	0.00143334
1815 	 480 	 0.956462 	 0.000687347	0.00143599
1815 	 485 	 0.956484 	 0.000688616	0.00143864
1815 	 490 	 0.956506 	 0.000689884	0.00144129
1815 	 495 	 0.956527 	 0.000691151	0.00144394
1815 	 500 	 0.956548 	 0.000692417	0.00144658
1815 	 505 	 0.956569 	 0.000693682	0.00144923
1815 	 510 	 0.956589 	 0.000694946	0.00145187
1815 	 515 	 0.956609 	 0.00069621	0.00145451
1815 	 520 	 0.956628 	 0.000697473	0.00145715
1815 	 525 	 0.956648 	 0.000698734	0.00145978
1815 	 530 	 0.956666 	 0.000699995	0.00146242
1815 	 535 	 0.956685 	 0.000701254	0.00146505
1815 	 540 	 0.956703 	 0.000702513	0.00146768
1815 	 545 	 0.956721 	 0.00070377	0.0014703
1815 	 550 	 0.956739 	 0.000705026	0.00147293
1815 	 555 	 0.956756 	 0.000706281	0.00147555
1815 	 560 	 0.956774 	 0.000707534	0.00147817
1815 	 565 	 0.956791 	 0.000708786	0.00148078
1815 	 570 	 0.956807 	 0.000710037	0.0014834
1815 	 575 	 0.956824 	 0.000711286	0.00148601
1815 	 580 	 0.95684 	 0.000712534	0.00148861
1815 	 585 	 0.956856 	 0.00071378	0.00149122
1815 	 590 	 0.956871 	 0.000715024	0.00149382
1815 	 595 	 0.956887 	 0.000716267	0.00149641
1815 	 600 	 0.956902 	 0.000717507	0.001499
1815 	 605 	 0.956917 	 0.000718746	0.00150159
1815 	 610 	 0.956932 	 0.000719983	0.00150418
1815 	 615 	 0.956946 	 0.000721218	0.00150676
1815 	 620 	 0.956961 	 0.000722452	0.00150933
1815 	 625 	 0.956975 	 0.000723682	0.0015119
1815 	 630 	 0.956989 	 0.000724911	0.00151447
1815 	 635 	 0.957003 	 0.000726138	0.00151703
1815 	 640 	 0.957016 	 0.000727362	0.00151959
1815 	 645 	 0.95703 	 0.000728585	0.00152215
1815 	 650 	 0.957043 	 0.000729804	0.00152469
1815 	 655 	 0.957056 	 0.000731022	0.00152724
1815 	 660 	 0.957069 	 0.000732237	0.00152978
1815 	 665 	 0.957082 	 0.000733449	0.00153231
1815 	 670 	 0.957094 	 0.000734659	0.00153484
1815 	 675 	 0.957107 	 0.000735867	0.00153736
1815 	 680 	 0.957119 	 0.000737072	0.00153988
1815 	 685 	 0.957131 	 0.000738274	0.00154239
1815 	 690 	 0.957143 	 0.000739473	0.00154489
1815 	 695 	 0.957155 	 0.00074067	0.00154739
1815 	 700 	 0.957166 	 0.000741864	0.00154989
1815 	 705 	 0.957178 	 0.000743055	0.00155238
1815 	 710 	 0.957189 	 0.000744243	0.00155486
1815 	 715 	 0.9572 	 0.000745428	0.00155734
1815 	 720 	 0.957211 	 0.000746611	0.00155981
1815 	 725 	 0.957222 	 0.000747791	0.00156227
1815 	 730 	 0.957233 	 0.000748967	0.00156473
1815 	 735 	 0.957244 	 0.000750141	0.00156718
1815 	 740 	 0.957254 	 0.000751311	0.00156963
1815 	 745 	 0.957265 	 0.000752479	0.00157207
1815 	 750 	 0.957275 	 0.000753643	0.0015745
1815 	 755 	 0.957285 	 0.000754804	0.00157692
1815 	 760 	 0.957296 	 0.000755963	0.00157934
1815 	 765 	 0.957306 	 0.000757118	0.00158176
1815 	 770 	 0.957315 	 0.000758269	0.00158416
1815 	 775 	 0.957325 	 0.000759418	0.00158656
1815 	 780 	 0.957335 	 0.000760564	0.00158896
1815 	 785 	 0.957344 	 0.000761706	0.00159134
1815 	 790 	 0.957354 	 0.000762845	0.00159372
1815 	 795 	 0.957363 	 0.00076398	0.00159609
1815 	 800 	 0.957372 	 0.000765113	0.00159846
1815 	 805 	 0.957381 	 0.000766242	0.00160082
1815 	 810 	 0.957391 	 0.000767368	0.00160317
1815 	 815 	 0.957399 	 0.00076849	0.00160552
1815 	 820 	 0.957408 	 0.00076961	0.00160785
1815 	 825 	 0.957417 	 0.000770725	0.00161019
1815 	 830 	 0.957426 	 0.000771838	0.00161251
1815 	 835 	 0.957434 	 0.000772947	0.00161483
1815 	 840 	 0.957443 	 0.000774053	0.00161714
1815 	 845 	 0.957451 	 0.000775155	0.00161944
1815 	 850 	 0.95746 	 0.000776254	0.00162174
1815 	 855 	 0.957468 	 0.00077735	0.00162403
1815 	 860 	 0.957476 	 0.000778442	0.00162631
1815 	 865 	 0.957484 	 0.000779531	0.00162858
1815 	 870 	 0.957492 	 0.000780616	0.00163085
1815 	 875 	 0.9575 	 0.000781698	0.00163311
1815 	 880 	 0.957508 	 0.000782777	0.00163536
1815 	 885 	 0.957516 	 0.000783852	0.00163761
1815 	 890 	 0.957523 	 0.000784924	0.00163985
1815 	 895 	 0.957531 	 0.000785992	0.00164208
1815 	 900 	 0.957538 	 0.000787057	0.00164431
1815 	 905 	 0.957546 	 0.000788119	0.00164652
1815 	 910 	 0.957553 	 0.000789177	0.00164873
1815 	 915 	 0.957561 	 0.000790232	0.00165094
1815 	 920 	 0.957568 	 0.000791283	0.00165313
1815 	 925 	 0.957575 	 0.000792331	0.00165532
1815 	 930 	 0.957582 	 0.000793375	0.00165751
1815 	 935 	 0.957589 	 0.000794416	0.00165968
1815 	 940 	 0.957596 	 0.000795454	0.00166185
1815 	 945 	 0.957603 	 0.000796488	0.00166401
1815 	 950 	 0.95761 	 0.000797519	0.00166616
1815 	 955 	 0.957617 	 0.000798547	0.00166831
1815 	 960 	 0.957624 	 0.000799571	0.00167045
1815 	 965 	 0.95763 	 0.000800591	0.00167258
1815 	 970 	 0.957637 	 0.000801609	0.00167471
1815 	 975 	 0.957643 	 0.000802623	0.00167682
1815 	 980 	 0.95765 	 0.000803633	0.00167894
1815 	 985 	 0.957656 	 0.00080464	0.00168104
1815 	 990 	 0.957663 	 0.000805644	0.00168314
1815 	 995 	 0.957669 	 0.000806645	0.00168523
1815 	 1000 	 0.957675 	 0.000807642	0.00168731
1815 	 1005 	 0.957682 	 0.000808635	0.00168939
1815 	 1010 	 0.957688 	 0.000809626	0.00169146
1815 	 1015 	 0.957694 	 0.000810613	0.00169352
1815 	 1020 	 0.9577 	 0.000811597	0.00169557
1815 	 1025 	 0.957706 	 0.000812577	0.00169762
1815 	 1030 	 0.957712 	 0.000813554	0.00169966
1815 	 1035 	 0.957718 	 0.000814528	0.0017017
1815 	 1040 	 0.957724 	 0.000815499	0.00170373
1815 	 1045 	 0.95773 	 0.000816466	0.00170575
1815 	 1050 	 0.957736 	 0.00081743	0.00170776
1815 	 1055 	 0.957741 	 0.000818391	0.00170977
1815 	 1060 	 0.957747 	 0.000819349	0.00171177
1815 	 1065 	 0.957753 	 0.000820303	0.00171376
1815 	 1070 	 0.957758 	 0.000821254	0.00171575
1815 	 1075 	 0.957764 	 0.000822202	0.00171773
1815 	 1080 	 0.957769 	 0.000823147	0.0017197
1815 	 1085 	 0.957775 	 0.000824088	0.00172167
1815 	 1090 	 0.95778 	 0.000825026	0.00172363
1815 	 1095 	 0.957786 	 0.000825961	0.00172558
1815 	 1100 	 0.957791 	 0.000826893	0.00172753
1815 	 1105 	 0.957796 	 0.000827822	0.00172947
1815 	 1110 	 0.957801 	 0.000828748	0.00173141
1815 	 1115 	 0.957807 	 0.00082967	0.00173333
1815 	 1120 	 0.957812 	 0.00083059	0.00173525
1815 	 1125 	 0.957817 	 0.000831506	0.00173717
1815 	 1130 	 0.957822 	 0.000832419	0.00173907
1815 	 1135 	 0.957827 	 0.000833329	0.00174098
1815 	 1140 	 0.957832 	 0.000834236	0.00174287
1815 	 1145 	 0.957837 	 0.00083514	0.00174476
1815 	 1150 	 0.957842 	 0.000836041	0.00174664
1815 	 1155 	 0.957847 	 0.000836938	0.00174852
1815 	 1160 	 0.957852 	 0.000837833	0.00175039
1815 	 1165 	 0.957857 	 0.000838725	0.00175225
1815 	 1170 	 0.957862 	 0.000839614	0.00175411
1815 	 1175 	 0.957866 	 0.000840499	0.00175596
1815 	 1180 	 0.957871 	 0.000841382	0.0017578
1815 	 1185 	 0.957876 	 0.000842262	0.00175964
1815 	 1190 	 0.95788 	 0.000843138	0.00176147
1815 	 1195 	 0.957885 	 0.000844012	0.0017633
1815 	 1200 	 0.95789 	 0.000844883	0.00176511
1815 	 1205 	 0.957894 	 0.000845751	0.00176693
1815 	 1210 	 0.957899 	 0.000846616	0.00176873
1815 	 1215 	 0.957903 	 0.000847478	0.00177054
1815 	 1220 	 0.957908 	 0.000848337	0.00177233
1815 	 1225 	 0.957912 	 0.000849193	0.00177412
1815 	 1230 	 0.957917 	 0.000850047	0.0017759
1815 	 1235 	 0.957921 	 0.000850897	0.00177768
1815 	 1240 	 0.957925 	 0.000851745	0.00177945
1815 	 1245 	 0.95793 	 0.00085259	0.00178122
1815 	 1250 	 0.957934 	 0.000853432	0.00178297
1815 	 1255 	 0.957938 	 0.000854271	0.00178473
1815 	 1260 	 0.957943 	 0.000855107	0.00178648
1815 	 1265 	 0.957947 	 0.000855941	0.00178822
1815 	 1270 	 0.957951 	 0.000856772	0.00178995
1815 	 1275 	 0.957955 	 0.0008576	0.00179168
1815 	 1280 	 0.957959 	 0.000858425	0.00179341
1815 	 1285 	 0.957963 	 0.000859248	0.00179513
1815 	 1290 	 0.957967 	 0.000860068	0.00179684
1815 	 1295 	 0.957971 	 0.000860885	0.00179854
1815 	 1300 	 0.957975 	 0.000861699	0.00180025
1815 	 1305 	 0.957979 	 0.000862511	0.00180194
1815 	 1310 	 0.957983 	 0.00086332	0.00180363
1815 	 1315 	 0.957987 	 0.000864126	0.00180532
1815 	 1320 	 0.957991 	 0.00086493	0.001807
1815 	 1325 	 0.957995 	 0.000865731	0.00180867
1815 	 1330 	 0.957999 	 0.000866529	0.00181034
1815 	 1335 	 0.958003 	 0.000867325	0.001812
1815 	 1340 	 0.958007 	 0.000868118	0.00181366
1815 	 1345 	 0.95801 	 0.000868908	0.00181531
1815 	 1350 	 0.958014 	 0.000869696	0.00181695
1815 	 1355 	 0.958018 	 0.000870482	0.00181859
1815 	 1360 	 0.958022 	 0.000871264	0.00182023
1815 	 1365 	 0.958025 	 0.000872045	0.00182186
1815 	 1370 	 0.958029 	 0.000872822	0.00182348
1815 	 1375 	 0.958033 	 0.000873597	0.0018251
1815 	 1380 	 0.958036 	 0.00087437	0.00182672
1815 	 1385 	 0.95804 	 0.00087514	0.00182833
1815 	 1390 	 0.958043 	 0.000875908	0.00182993
1815 	 1395 	 0.958047 	 0.000876673	0.00183153
1815 	 1400 	 0.958051 	 0.000877435	0.00183312
1815 	 1405 	 0.958054 	 0.000878195	0.00183471
1815 	 1410 	 0.958058 	 0.000878953	0.00183629
1815 	 1415 	 0.958061 	 0.000879708	0.00183787
1815 	 1420 	 0.958064 	 0.000880461	0.00183944
1815 	 1425 	 0.958068 	 0.000881211	0.00184101
1815 	 1430 	 0.958071 	 0.000881959	0.00184257
1815 	 1435 	 0.958075 	 0.000882705	0.00184413
1815 	 1440 	 0.958078 	 0.000883448	0.00184568
1815 	 1445 	 0.958081 	 0.000884189	0.00184723
1815 	 1450 	 0.958085 	 0.000884927	0.00184877
1815 	 1455 	 0.958088 	 0.000885663	0.00185031
1815 	 1460 	 0.958091 	 0.000886397	0.00185184
1815 	 1465 	 0.958095 	 0.000887128	0.00185337
1815 	 1470 	 0.958098 	 0.000887857	0.0018549
1815 	 1475 	 0.958101 	 0.000888584	0.00185641
1815 	 1480 	 0.958104 	 0.000889308	0.00185793
1815 	 1485 	 0.958108 	 0.000890031	0.00185944
1815 	 1490 	 0.958111 	 0.00089075	0.00186094
1815 	 1495 	 0.958114 	 0.000891468	0.00186244
1815 	 1500 	 0.958117 	 0.000892183	0.00186393
1815 	 1505 	 0.95812 	 0.000892896	0.00186542
1815 	 1510 	 0.958123 	 0.000893607	0.00186691
1815 	 1515 	 0.958126 	 0.000894316	0.00186839
1815 	 1520 	 0.958129 	 0.000895022	0.00186986
1815 	 1525 	 0.958132 	 0.000895726	0.00187133
1815 	 1530 	 0.958136 	 0.000896428	0.0018728
1815 	 1535 	 0.958139 	 0.000897128	0.00187426
1815 	 1540 	 0.958142 	 0.000897825	0.00187572
1815 	 1545 	 0.958145 	 0.000898521	0.00187717
1815 	 1550 	 0.958148 	 0.000899214	0.00187862
1815 	 1555 	 0.95815 	 0.000899905	0.00188007
1815 	 1560 	 0.958153 	 0.000900594	0.0018815
1815 	 1565 	 0.958156 	 0.000901281	0.00188294
1815 	 1570 	 0.958159 	 0.000901965	0.00188437
1815 	 1575 	 0.958162 	 0.000902648	0.0018858
1815 	 1580 	 0.958165 	 0.000903328	0.00188722
1815 	 1585 	 0.958168 	 0.000904007	0.00188863
1815 	 1590 	 0.958171 	 0.000904683	0.00189005
1815 	 1595 	 0.958174 	 0.000905357	0.00189146
1815 	 1600 	 0.958176 	 0.000906029	0.00189286
1815 	 1605 	 0.958179 	 0.000906699	0.00189426
1815 	 1610 	 0.958182 	 0.000907367	0.00189566
1815 	 1615 	 0.958185 	 0.000908033	0.00189705
1815 	 1620 	 0.958188 	 0.000908697	0.00189843
1815 	 1625 	 0.95819 	 0.000909359	0.00189982
1815 	 1630 	 0.958193 	 0.000910019	0.0019012
1815 	 1635 	 0.958196 	 0.000910677	0.00190257
1815 	 1640 	 0.958198 	 0.000911333	0.00190394
1815 	 1645 	 0.958201 	 0.000911987	0.00190531
1815 	 1650 	 0.958204 	 0.000912639	0.00190667
1815 	 1655 	 0.958206 	 0.000913289	0.00190803
1815 	 1660 	 0.958209 	 0.000913937	0.00190938
1815 	 1665 	 0.958212 	 0.000914583	0.00191073
1815 	 1670 	 0.958214 	 0.000915227	0.00191208
1815 	 1675 	 0.958217 	 0.000915869	0.00191342
1815 	 1680 	 0.95822 	 0.00091651	0.00191476
1815 	 1685 	 0.958222 	 0.000917148	0.00191609
1815 	 1690 	 0.958225 	 0.000917785	0.00191742
1815 	 1695 	 0.958227 	 0.000918419	0.00191875
1815 	 1700 	 0.95823 	 0.000919052	0.00192007
1815 	 1705 	 0.958232 	 0.000919683	0.00192139
1815 	 1710 	 0.958235 	 0.000920312	0.0019227
1815 	 1715 	 0.958237 	 0.000920939	0.00192401
1815 	 1720 	 0.95824 	 0.000921564	0.00192532
1815 	 1725 	 0.958242 	 0.000922188	0.00192662
1815 	 1730 	 0.958245 	 0.000922809	0.00192792
1815 	 1735 	 0.958247 	 0.000923429	0.00192921
1815 	 1740 	 0.95825 	 0.000924047	0.0019305
1815 	 1745 	 0.958252 	 0.000924663	0.00193179
1815 	 1750 	 0.958255 	 0.000925278	0.00193307
1815 	 1755 	 0.958257 	 0.00092589	0.00193435
1815 	 1760 	 0.958259 	 0.000926501	0.00193563
1815 	 1765 	 0.958262 	 0.00092711	0.0019369
1815 	 1770 	 0.958264 	 0.000927717	0.00193817
1815 	 1775 	 0.958266 	 0.000928323	0.00193944
1815 	 1780 	 0.958269 	 0.000928926	0.0019407
1815 	 1785 	 0.958271 	 0.000929528	0.00194195
1815 	 1790 	 0.958273 	 0.000930129	0.00194321
1815 	 1795 	 0.958276 	 0.000930727	0.00194446
1815 	 1800 	 0.958278 	 0.000931324	0.00194571
1815 	 1805 	 0.95828 	 0.000931919	0.00194695
1815 	 1810 	 0.958283 	 0.000932512	0.00194819
1815 	 1815 	 0.958285 	 0.000933104	0.00194942
1815 	 1820 	 0.958287 	 0.000933694	0.00195066
1815 	 1825 	 0.958289 	 0.000934282	0.00195189
1815 	 1830 	 0.958292 	 0.000934869	0.00195311
1815 	 1835 	 0.958294 	 0.000935454	0.00195433
1815 	 1840 	 0.958296 	 0.000936037	0.00195555
1815 	 1845 	 0.958298 	 0.000936619	0.00195677
1815 	 1850 	 0.958301 	 0.000937199	0.00195798
1815 	 1855 	 0.958303 	 0.000937777	0.00195919
1815 	 1860 	 0.958305 	 0.000938354	0.00196039
1815 	 1865 	 0.958307 	 0.000938929	0.00196159
1815 	 1870 	 0.958309 	 0.000939502	0.00196279
1815 	 1875 	 0.958311 	 0.000940074	0.00196399
1815 	 1880 	 0.958314 	 0.000940644	0.00196518
1815 	 1885 	 0.958316 	 0.000941213	0.00196637
1815 	 1890 	 0.958318 	 0.00094178	0.00196755
1815 	 1895 	 0.95832 	 0.000942346	0.00196873
1815 	 1900 	 0.958322 	 0.00094291	0.00196991
1815 	 1905 	 0.958324 	 0.000943472	0.00197108
1815 	 1910 	 0.958326 	 0.000944033	0.00197226
1815 	 1915 	 0.958328 	 0.000944592	0.00197342
1815 	 1920 	 0.95833 	 0.00094515	0.00197459
1815 	 1925 	 0.958332 	 0.000945706	0.00197575
1815 	 1930 	 0.958334 	 0.00094626	0.00197691
1815 	 1935 	 0.958337 	 0.000946813	0.00197807
1815 	 1940 	 0.958339 	 0.000947365	0.00197922
1815 	 1945 	 0.958341 	 0.000947915	0.00198037
1815 	 1950 	 0.958343 	 0.000948464	0.00198151
1815 	 1955 	 0.958345 	 0.000949011	0.00198266
1815 	 1960 	 0.958347 	 0.000949556	0.0019838
1815 	 1965 	 0.958349 	 0.0009501	0.00198493
1815 	 1970 	 0.958351 	 0.000950643	0.00198607
1815 	 1975 	 0.958353 	 0.000951184	0.0019872
1815 	 1980 	 0.958355 	 0.000951723	0.00198832
1815 	 1985 	 0.958356 	 0.000952262	0.00198945
1815 	 1990 	 0.958358 	 0.000952798	0.00199057
1815 	 1995 	 0.95836 	 0.000953334	0.00199169
1815 	 2000 	 0.958362 	 0.000953867	0.0019928
1815 	 2005 	 0.958364 	 0.0009544	0.00199392
1815 	 2010 	 0.958366 	 0.000954931	0.00199502
1815 	 2015 	 0.958368 	 0.00095546	0.00199613
1815 	 2020 	 0.95837 	 0.000955988	0.00199723
1815 	 2025 	 0.958372 	 0.000956515	0.00199833
1815 	 2030 	 0.958374 	 0.00095704	0.00199943
1815 	 2035 	 0.958376 	 0.000957564	0.00200053
1815 	 2040 	 0.958377 	 0.000958087	0.00200162
1815 	 2045 	 0.958379 	 0.000958608	0.00200271
1815 	 2050 	 0.958381 	 0.000959127	0.00200379
1815 	 2055 	 0.958383 	 0.000959646	0.00200487
1815 	 2060 	 0.958385 	 0.000960163	0.00200595
1815 	 2065 	 0.958387 	 0.000960678	0.00200703
1815 	 2070 	 0.958388 	 0.000961192	0.00200811
1815 	 2075 	 0.95839 	 0.000961705	0.00200918
1815 	 2080 	 0.958392 	 0.000962217	0.00201025
1815 	 2085 	 0.958394 	 0.000962727	0.00201131
1815 	 2090 	 0.958396 	 0.000963236	0.00201238
1815 	 2095 	 0.958397 	 0.000963743	0.00201344
1815 	 2100 	 0.958399 	 0.00096425	0.00201449
1815 	 2105 	 0.958401 	 0.000964754	0.00201555
1815 	 2110 	 0.958403 	 0.000965258	0.0020166
1815 	 2115 	 0.958404 	 0.00096576	0.00201765
1815 	 2120 	 0.958406 	 0.000966261	0.0020187
1815 	 2125 	 0.958408 	 0.000966761	0.00201974
1815 	 2130 	 0.95841 	 0.000967259	0.00202078
1815 	 2135 	 0.958411 	 0.000967756	0.00202182
1815 	 2140 	 0.958413 	 0.000968252	0.00202285
1815 	 2145 	 0.958415 	 0.000968746	0.00202389
1815 	 2150 	 0.958417 	 0.00096924	0.00202492
1815 	 2155 	 0.958418 	 0.000969732	0.00202595
1815 	 2160 	 0.95842 	 0.000970222	0.00202697
1815 	 2165 	 0.958422 	 0.000970712	0.00202799
1815 	 2170 	 0.958423 	 0.0009712	0.00202901
1815 	 2175 	 0.958425 	 0.000971687	0.00203003
1815 	 2180 	 0.958427 	 0.000972172	0.00203105
1815 	 2185 	 0.958428 	 0.000972657	0.00203206
1815 	 2190 	 0.95843 	 0.00097314	0.00203307
1815 	 2195 	 0.958432 	 0.000973622	0.00203407
1815 	 2200 	 0.958433 	 0.000974103	0.00203508
1815 	 2205 	 0.958435 	 0.000974583	0.00203608
1815 	 2210 	 0.958437 	 0.000975061	0.00203708
1815 	 2215 	 0.958438 	 0.000975538	0.00203808
1815 	 2220 	 0.95844 	 0.000976014	0.00203907
1815 	 2225 	 0.958441 	 0.000976489	0.00204006
1815 	 2230 	 0.958443 	 0.000976962	0.00204105
1815 	 2235 	 0.958445 	 0.000977435	0.00204204
1815 	 2240 	 0.958446 	 0.000977906	0.00204302
1815 	 2245 	 0.958448 	 0.000978376	0.00204401
1815 	 2250 	 0.958449 	 0.000978845	0.00204498
1815 	 2255 	 0.958451 	 0.000979312	0.00204596
1815 	 2260 	 0.958453 	 0.000979779	0.00204694
1815 	 2265 	 0.958454 	 0.000980244	0.00204791
1815 	 2270 	 0.958456 	 0.000980708	0.00204888
1815 	 2275 	 0.958457 	 0.000981171	0.00204985
1815 	 2280 	 0.958459 	 0.000981633	0.00205081
1815 	 2285 	 0.95846 	 0.000982094	0.00205177
1815 	 2290 	 0.958462 	 0.000982554	0.00205273
1815 	 2295 	 0.958463 	 0.000983012	0.00205369
1815 	 2300 	 0.958465 	 0.00098347	0.00205465
1815 	 2305 	 0.958466 	 0.000983926	0.0020556
1815 	 2310 	 0.958468 	 0.000984381	0.00205655
1815 	 2315 	 0.958469 	 0.000984835	0.0020575
1815 	 2320 	 0.958471 	 0.000985288	0.00205845
1815 	 2325 	 0.958472 	 0.00098574	0.00205939
1815 	 2330 	 0.958474 	 0.00098619	0.00206033
1815 	 2335 	 0.958475 	 0.00098664	0.00206127
1815 	 2340 	 0.958477 	 0.000987089	0.00206221
1815 	 2345 	 0.958478 	 0.000987536	0.00206314
1815 	 2350 	 0.95848 	 0.000987982	0.00206408
1815 	 2355 	 0.958481 	 0.000988428	0.00206501
1815 	 2360 	 0.958483 	 0.000988872	0.00206593
1815 	 2365 	 0.958484 	 0.000989315	0.00206686
1815 	 2370 	 0.958486 	 0.000989757	0.00206778
1815 	 2375 	 0.958487 	 0.000990198	0.0020687
1815 	 2380 	 0.958488 	 0.000990638	0.00206962
1815 	 2385 	 0.95849 	 0.000991077	0.00207054
1815 	 2390 	 0.958491 	 0.000991515	0.00207146
1815 	 2395 	 0.958493 	 0.000991952	0.00207237
1815 	 2400 	 0.958494 	 0.000992387	0.00207328
1815 	 2405 	 0.958496 	 0.000992822	0.00207419
1815 	 2410 	 0.958497 	 0.000993256	0.00207509
1815 	 2415 	 0.958498 	 0.000993688	0.002076
1815 	 2420 	 0.9585 	 0.00099412	0.0020769
1815 	 2425 	 0.958501 	 0.000994551	0.0020778
1815 	 2430 	 0.958503 	 0.00099498	0.0020787
1815 	 2435 	 0.958504 	 0.000995409	0.00207959
1815 	 2440 	 0.958505 	 0.000995836	0.00208048
1815 	 2445 	 0.958507 	 0.000996263	0.00208138
1815 	 2450 	 0.958508 	 0.000996689	0.00208226
1815 	 2455 	 0.958509 	 0.000997113	0.00208315
1815 	 2460 	 0.958511 	 0.000997537	0.00208404
1815 	 2465 	 0.958512 	 0.000997959	0.00208492
1815 	 2470 	 0.958513 	 0.000998381	0.0020858
1815 	 2475 	 0.958515 	 0.000998802	0.00208668
1815 	 2480 	 0.958516 	 0.000999221	0.00208756
1815 	 2485 	 0.958518 	 0.00099964	0.00208843
1815 	 2490 	 0.958519 	 0.00100006	0.0020893
1815 	 2495 	 0.95852 	 0.00100047	0.00209017
1815 	 2500 	 0.958521 	 0.00100089	0.00209104
1815 	 2505 	 0.958523 	 0.0010013	0.00209191
1815 	 2510 	 0.958524 	 0.00100172	0.00209277
1815 	 2515 	 0.958525 	 0.00100213	0.00209364
1815 	 2520 	 0.958527 	 0.00100254	0.0020945
1815 	 2525 	 0.958528 	 0.00100295	0.00209536
1815 	 2530 	 0.958529 	 0.00100336	0.00209621
1815 	 2535 	 0.958531 	 0.00100377	0.00209707
1815 	 2540 	 0.958532 	 0.00100418	0.00209792
1815 	 2545 	 0.958533 	 0.00100459	0.00209877
1815 	 2550 	 0.958534 	 0.001005	0.00209962
1815 	 2555 	 0.958536 	 0.0010054	0.00210047
1815 	 2560 	 0.958537 	 0.00100581	0.00210131
1815 	 2565 	 0.958538 	 0.00100621	0.00210215
1815 	 2570 	 0.95854 	 0.00100661	0.002103
1815 	 2575 	 0.958541 	 0.00100701	0.00210383
1815 	 2580 	 0.958542 	 0.00100741	0.00210467
1815 	 2585 	 0.958543 	 0.00100781	0.00210551
1815 	 2590 	 0.958545 	 0.00100821	0.00210634
1815 	 2595 	 0.958546 	 0.00100861	0.00210717
1815 	 2600 	 0.958547 	 0.00100901	0.002108
1815 	 2605 	 0.958548 	 0.0010094	0.00210883
1815 	 2610 	 0.958549 	 0.0010098	0.00210966
1815 	 2615 	 0.958551 	 0.00101019	0.00211048
1815 	 2620 	 0.958552 	 0.00101059	0.0021113
1815 	 2625 	 0.958553 	 0.00101098	0.00211212
1815 	 2630 	 0.958554 	 0.00101137	0.00211294
1815 	 2635 	 0.958556 	 0.00101176	0.00211376
1815 	 2640 	 0.958557 	 0.00101215	0.00211458
1815 	 2645 	 0.958558 	 0.00101254	0.00211539
1815 	 2650 	 0.958559 	 0.00101293	0.0021162
1815 	 2655 	 0.95856 	 0.00101332	0.00211701
1815 	 2660 	 0.958562 	 0.00101371	0.00211782
1815 	 2665 	 0.958563 	 0.00101409	0.00211862
1815 	 2670 	 0.958564 	 0.00101448	0.00211943
1815 	 2675 	 0.958565 	 0.00101486	0.00212023
1815 	 2680 	 0.958566 	 0.00101525	0.00212103
1815 	 2685 	 0.958567 	 0.00101563	0.00212183
1815 	 2690 	 0.958569 	 0.00101601	0.00212263
1815 	 2695 	 0.95857 	 0.00101639	0.00212342
1815 	 2700 	 0.958571 	 0.00101677	0.00212422
1815 	 2705 	 0.958572 	 0.00101715	0.00212501
1815 	 2710 	 0.958573 	 0.00101753	0.0021258
1815 	 2715 	 0.958574 	 0.00101791	0.00212659
1815 	 2720 	 0.958576 	 0.00101828	0.00212738
1815 	 2725 	 0.958577 	 0.00101866	0.00212816
1815 	 2730 	 0.958578 	 0.00101903	0.00212895
1815 	 2735 	 0.958579 	 0.00101941	0.00212973
1815 	 2740 	 0.95858 	 0.00101978	0.00213051
1815 	 2745 	 0.958581 	 0.00102015	0.00213129
1815 	 2750 	 0.958582 	 0.00102053	0.00213206
1815 	 2755 	 0.958583 	 0.0010209	0.00213284
1815 	 2760 	 0.958585 	 0.00102127	0.00213361
1815 	 2765 	 0.958586 	 0.00102164	0.00213438
1815 	 2770 	 0.958587 	 0.00102201	0.00213515
1815 	 2775 	 0.958588 	 0.00102237	0.00213592
1815 	 2780 	 0.958589 	 0.00102274	0.00213669
1815 	 2785 	 0.95859 	 0.00102311	0.00213746
1815 	 2790 	 0.958591 	 0.00102347	0.00213822
1815 	 2795 	 0.958592 	 0.00102384	0.00213898
1815 	 2800 	 0.958593 	 0.0010242	0.00213974
1815 	 2805 	 0.958595 	 0.00102456	0.0021405
1815 	 2810 	 0.958596 	 0.00102493	0.00214126
1815 	 2815 	 0.958597 	 0.00102529	0.00214201
1815 	 2820 	 0.958598 	 0.00102565	0.00214277
1815 	 2825 	 0.958599 	 0.00102601	0.00214352
1815 	 2830 	 0.9586 	 0.00102637	0.00214427
1815 	 2835 	 0.958601 	 0.00102673	0.00214502
1815 	 2840 	 0.958602 	 0.00102709	0.00214577
1815 	 2845 	 0.958603 	 0.00102744	0.00214651
1815 	 2850 	 0.958604 	 0.0010278	0.00214726
1815 	 2855 	 0.958605 	 0.00102815	0.002148
1815 	 2860 	 0.958606 	 0.00102851	0.00214874
1815 	 2865 	 0.958607 	 0.00102886	0.00214948
1815 	 2870 	 0.958608 	 0.00102922	0.00215022
1815 	 2875 	 0.958609 	 0.00102957	0.00215096
1815 	 2880 	 0.95861 	 0.00102992	0.00215169
1815 	 2885 	 0.958611 	 0.00103027	0.00215243
1815 	 2890 	 0.958613 	 0.00103062	0.00215316
1815 	 2895 	 0.958614 	 0.00103097	0.00215389
1815 	 2900 	 0.958615 	 0.00103132	0.00215462
1815 	 2905 	 0.958616 	 0.00103167	0.00215535
1815 	 2910 	 0.958617 	 0.00103202	0.00215607
1815 	 2915 	 0.958618 	 0.00103236	0.0021568
1815 	 2920 	 0.958619 	 0.00103271	0.00215752
1815 	 2925 	 0.95862 	 0.00103306	0.00215824
1815 	 2930 	 0.958621 	 0.0010334	0.00215896
1815 	 2935 	 0.958622 	 0.00103375	0.00215968
1815 	 2940 	 0.958623 	 0.00103409	0.0021604
1815 	 2945 	 0.958624 	 0.00103443	0.00216112
1815 	 2950 	 0.958625 	 0.00103477	0.00216183
1815 	 2955 	 0.958626 	 0.00103511	0.00216254
1815 	 2960 	 0.958627 	 0.00103546	0.00216325
1815 	 2965 	 0.958628 	 0.0010358	0.00216396
1815 	 2970 	 0.958629 	 0.00103613	0.00216467
1815 	 2975 	 0.95863 	 0.00103647	0.00216538
1815 	 2980 	 0.958631 	 0.00103681	0.00216609
1815 	 2985 	 0.958632 	 0.00103715	0.00216679
1815 	 2990 	 0.958633 	 0.00103748	0.00216749
1815 	 2995 	 0.958634 	 0.00103782	0.0021682
1815 	 3000 	 0.958635 	 0.00103816	0.0021689
1815 	 3005 	 0.958636 	 0.00103849	0.00216959
1815 	 3010 	 0.958636 	 0.00103882	0.00217029
1815 	 3015 	 0.958637 	 0.00103916	0.00217099
1815 	 3020 	 0.958638 	 0.00103949	0.00217168
1815 	 3025 	 0.958639 	 0.00103982	0.00217237
1815 	 3030 	 0.95864 	 0.00104015	0.00217307
1815 	 3035 	 0.958641 	 0.00104048	0.00217376
1815 	 3040 	 0.958642 	 0.00104081	0.00217445
1815 	 3045 	 0.958643 	 0.00104114	0.00217513
1815 	 3050 	 0.958644 	 0.00104147	0.00217582
1815 	 3055 	 0.958645 	 0.0010418	0.0021765
1815 	 3060 	 0.958646 	 0.00104212	0.00217719
1815 	 3065 	 0.958647 	 0.00104245	0.00217787
1815 	 3070 	 0.958648 	 0.00104278	0.00217855
1815 	 3075 	 0.958649 	 0.0010431	0.00217923
1815 	 3080 	 0.95865 	 0.00104343	0.00217991
1815 	 3085 	 0.958651 	 0.00104375	0.00218059
1815 	 3090 	 0.958652 	 0.00104407	0.00218126
1815 	 3095 	 0.958652 	 0.0010444	0.00218194
1815 	 3100 	 0.958653 	 0.00104472	0.00218261
1815 	 3105 	 0.958654 	 0.00104504	0.00218328
1815 	 3110 	 0.958655 	 0.00104536	0.00218395
1815 	 3115 	 0.958656 	 0.00104568	0.00218462
1815 	 3120 	 0.958657 	 0.001046	0.00218529
1815 	 3125 	 0.958658 	 0.00104632	0.00218595
1815 	 3130 	 0.958659 	 0.00104664	0.00218662
1815 	 3135 	 0.95866 	 0.00104696	0.00218728
1815 	 3140 	 0.958661 	 0.00104727	0.00218794
1815 	 3145 	 0.958662 	 0.00104759	0.0021886
1815 	 3150 	 0.958662 	 0.0010479	0.00218926
1815 	 3155 	 0.958663 	 0.00104822	0.00218992
1815 	 3160 	 0.958664 	 0.00104853	0.00219058
1815 	 3165 	 0.958665 	 0.00104885	0.00219124
1815 	 3170 	 0.958666 	 0.00104916	0.00219189
1815 	 3175 	 0.958667 	 0.00104948	0.00219254
1815 	 3180 	 0.958668 	 0.00104979	0.0021932
1815 	 3185 	 0.958669 	 0.0010501	0.00219385
1815 	 3190 	 0.95867 	 0.00105041	0.0021945
1815 	 3195 	 0.95867 	 0.00105072	0.00219515
1815 	 3200 	 0.958671 	 0.00105103	0.00219579
1815 	 3205 	 0.958672 	 0.00105134	0.00219644
1815 	 3210 	 0.958673 	 0.00105165	0.00219708
1815 	 3215 	 0.958674 	 0.00105196	0.00219773
1815 	 3220 	 0.958675 	 0.00105226	0.00219837
1815 	 3225 	 0.958676 	 0.00105257	0.00219901
1815 	 3230 	 0.958676 	 0.00105288	0.00219965
1815 	 3235 	 0.958677 	 0.00105318	0.00220029
1815 	 3240 	 0.958678 	 0.00105349	0.00220093
1815 	 3245 	 0.958679 	 0.00105379	0.00220156
1815 	 3250 	 0.95868 	 0.0010541	0.0022022
1815 	 3255 	 0.958681 	 0.0010544	0.00220283
1815 	 3260 	 0.958682 	 0.0010547	0.00220347
1815 	 3265 	 0.958682 	 0.001055	0.0022041
1815 	 3270 	 0.958683 	 0.00105531	0.00220473
1815 	 3275 	 0.958684 	 0.00105561	0.00220536
1815 	 3280 	 0.958685 	 0.00105591	0.00220598
1815 	 3285 	 0.958686 	 0.00105621	0.00220661
1815 	 3290 	 0.958687 	 0.00105651	0.00220724
1815 	 3295 	 0.958687 	 0.00105681	0.00220786
1815 	 3300 	 0.958688 	 0.0010571	0.00220848
1815 	 3305 	 0.958689 	 0.0010574	0.00220911
1815 	 3310 	 0.95869 	 0.0010577	0.00220973
1815 	 3315 	 0.958691 	 0.001058	0.00221035
1815 	 3320 	 0.958692 	 0.00105829	0.00221097
1815 	 3325 	 0.958692 	 0.00105859	0.00221158
1815 	 3330 	 0.958693 	 0.00105888	0.0022122
1815 	 3335 	 0.958694 	 0.00105918	0.00221282
1815 	 3340 	 0.958695 	 0.00105947	0.00221343
1815 	 3345 	 0.958696 	 0.00105977	0.00221404
1815 	 3350 	 0.958696 	 0.00106006	0.00221465
1815 	 3355 	 0.958697 	 0.00106035	0.00221527
1815 	 3360 	 0.958698 	 0.00106064	0.00221587
1815 	 3365 	 0.958699 	 0.00106093	0.00221648
1815 	 3370 	 0.9587 	 0.00106122	0.00221709
1815 	 3375 	 0.9587 	 0.00106151	0.0022177
1815 	 3380 	 0.958701 	 0.0010618	0.0022183
1815 	 3385 	 0.958702 	 0.00106209	0.00221891
1815 	 3390 	 0.958703 	 0.00106238	0.00221951
1815 	 3395 	 0.958704 	 0.00106267	0.00222011
1815 	 3400 	 0.958704 	 0.00106296	0.00222071
1815 	 3405 	 0.958705 	 0.00106324	0.00222131
1815 	 3410 	 0.958706 	 0.00106353	0.00222191
1815 	 3415 	 0.958707 	 0.00106382	0.00222251
1815 	 3420 	 0.958707 	 0.0010641	0.0022231
1815 	 3425 	 0.958708 	 0.00106439	0.0022237
1815 	 3430 	 0.958709 	 0.00106467	0.00222429
1815 	 3435 	 0.95871 	 0.00106496	0.00222489
1815 	 3440 	 0.958711 	 0.00106524	0.00222548
1815 	 3445 	 0.958711 	 0.00106552	0.00222607
1815 	 3450 	 0.958712 	 0.0010658	0.00222666
1815 	 3455 	 0.958713 	 0.00106609	0.00222725
1815 	 3460 	 0.958714 	 0.00106637	0.00222784
1815 	 3465 	 0.958714 	 0.00106665	0.00222842
1815 	 3470 	 0.958715 	 0.00106693	0.00222901
1815 	 3475 	 0.958716 	 0.00106721	0.00222959
1815 	 3480 	 0.958717 	 0.00106749	0.00223018
1815 	 3485 	 0.958717 	 0.00106777	0.00223076
1815 	 3490 	 0.958718 	 0.00106805	0.00223134
1815 	 3495 	 0.958719 	 0.00106832	0.00223192
1815 	 3500 	 0.95872 	 0.0010686	0.0022325
1815 	 3505 	 0.95872 	 0.00106888	0.00223308
1815 	 3510 	 0.958721 	 0.00106915	0.00223366
1815 	 3515 	 0.958722 	 0.00106943	0.00223423
1815 	 3520 	 0.958723 	 0.00106971	0.00223481
1815 	 3525 	 0.958723 	 0.00106998	0.00223538
1815 	 3530 	 0.958724 	 0.00107025	0.00223596
1815 	 3535 	 0.958725 	 0.00107053	0.00223653
1815 	 3540 	 0.958726 	 0.0010708	0.0022371
1815 	 3545 	 0.958726 	 0.00107108	0.00223767
1815 	 3550 	 0.958727 	 0.00107135	0.00223824
1815 	 3555 	 0.958728 	 0.00107162	0.00223881
1815 	 3560 	 0.958729 	 0.00107189	0.00223938
1815 	 3565 	 0.958729 	 0.00107216	0.00223994
1815 	 3570 	 0.95873 	 0.00107243	0.00224051
1815 	 3575 	 0.958731 	 0.0010727	0.00224107
1815 	 3580 	 0.958731 	 0.00107297	0.00224164
1815 	 3585 	 0.958732 	 0.00107324	0.0022422
1815 	 3590 	 0.958733 	 0.00107351	0.00224276
1815 	 3595 	 0.958734 	 0.00107378	0.00224332
1815 	 3600 	 0.958734 	 0.00107405	0.00224388
1815 	 3605 	 0.958735 	 0.00107431	0.00224444
1815 	 3610 	 0.958736 	 0.00107458	0.002245
1815 	 3615 	 0.958736 	 0.00107485	0.00224555
1815 	 3620 	 0.958737 	 0.00107511	0.00224611
1815 	 3625 	 0.958738 	 0.00107538	0.00224666
1815 	 3630 	 0.958739 	 0.00107564	0.00224722
1815 	 3635 	 0.958739 	 0.00107591	0.00224777
1815 	 3640 	 0.95874 	 0.00107617	0.00224832
1815 	 3645 	 0.958741 	 0.00107644	0.00224887
1815 	 3650 	 0.958741 	 0.0010767	0.00224942
1815 	 3655 	 0.958742 	 0.00107696	0.00224997
1815 	 3660 	 0.958743 	 0.00107723	0.00225052
1815 	 3665 	 0.958743 	 0.00107749	0.00225107
1815 	 3670 	 0.958744 	 0.00107775	0.00225161
1815 	 3675 	 0.958745 	 0.00107801	0.00225216
1815 	 3680 	 0.958745 	 0.00107827	0.0022527
1815 	 3685 	 0.958746 	 0.00107853	0.00225325
1815 	 3690 	 0.958747 	 0.00107879	0.00225379
1815 	 3695 	 0.958748 	 0.00107905	0.00225433
1815 	 3700 	 0.958748 	 0.00107931	0.00225487
1815 	 3705 	 0.958749 	 0.00107957	0.00225541
1815 	 3710 	 0.95875 	 0.00107982	0.00225595
1815 	 3715 	 0.95875 	 0.00108008	0.00225649
1815 	 3720 	 0.958751 	 0.00108034	0.00225702
1815 	 3725 	 0.958752 	 0.0010806	0.00225756
1815 	 3730 	 0.958752 	 0.00108085	0.0022581
1815 	 3735 	 0.958753 	 0.00108111	0.00225863
1815 	 3740 	 0.958754 	 0.00108136	0.00225916
1815 	 3745 	 0.958754 	 0.00108162	0.0022597
1815 	 3750 	 0.958755 	 0.00108187	0.00226023
1815 	 3755 	 0.958756 	 0.00108213	0.00226076
1815 	 3760 	 0.958756 	 0.00108238	0.00226129
1815 	 3765 	 0.958757 	 0.00108263	0.00226182
1815 	 3770 	 0.958758 	 0.00108289	0.00226235
1815 	 3775 	 0.958758 	 0.00108314	0.00226287
1815 	 3780 	 0.958759 	 0.00108339	0.0022634
1815 	 3785 	 0.95876 	 0.00108364	0.00226392
1815 	 3790 	 0.95876 	 0.00108389	0.00226445
1815 	 3795 	 0.958761 	 0.00108414	0.00226497
1815 	 3800 	 0.958762 	 0.00108439	0.0022655
1815 	 3805 	 0.958762 	 0.00108464	0.00226602
1815 	 3810 	 0.958763 	 0.00108489	0.00226654
1815 	 3815 	 0.958764 	 0.00108514	0.00226706
1815 	 3820 	 0.958764 	 0.00108539	0.00226758
1815 	 3825 	 0.958765 	 0.00108564	0.0022681
1815 	 3830 	 0.958765 	 0.00108589	0.00226861
1815 	 3835 	 0.958766 	 0.00108613	0.00226913
1815 	 3840 	 0.958767 	 0.00108638	0.00226965
1815 	 3845 	 0.958767 	 0.00108663	0.00227016
1815 	 3850 	 0.958768 	 0.00108687	0.00227068
1815 	 3855 	 0.958769 	 0.00108712	0.00227119
1815 	 3860 	 0.958769 	 0.00108736	0.0022717
1815 	 3865 	 0.95877 	 0.00108761	0.00227221
1815 	 3870 	 0.958771 	 0.00108785	0.00227272
1815 	 3875 	 0.958771 	 0.0010881	0.00227324
1815 	 3880 	 0.958772 	 0.00108834	0.00227374
1815 	 3885 	 0.958772 	 0.00108859	0.00227425
1815 	 3890 	 0.958773 	 0.00108883	0.00227476
1815 	 3895 	 0.958774 	 0.00108907	0.00227527
1815 	 3900 	 0.958774 	 0.00108931	0.00227577
1815 	 3905 	 0.958775 	 0.00108955	0.00227628
1815 	 3910 	 0.958776 	 0.0010898	0.00227678
1815 	 3915 	 0.958776 	 0.00109004	0.00227729
1815 	 3920 	 0.958777 	 0.00109028	0.00227779
1815 	 3925 	 0.958777 	 0.00109052	0.00227829
1815 	 3930 	 0.958778 	 0.00109076	0.00227879
1815 	 3935 	 0.958779 	 0.001091	0.00227929
1815 	 3940 	 0.958779 	 0.00109124	0.00227979
1815 	 3945 	 0.95878 	 0.00109147	0.00228029
1815 	 3950 	 0.95878 	 0.00109171	0.00228079
1815 	 3955 	 0.958781 	 0.00109195	0.00228128
1815 	 3960 	 0.958782 	 0.00109219	0.00228178
1815 	 3965 	 0.958782 	 0.00109243	0.00228228
1815 	 3970 	 0.958783 	 0.00109266	0.00228277
1815 	 3975 	 0.958784 	 0.0010929	0.00228326
1815 	 3980 	 0.958784 	 0.00109313	0.00228376
1815 	 3985 	 0.958785 	 0.00109337	0.00228425
1815 	 3990 	 0.958785 	 0.00109361	0.00228474
1815 	 3995 	 0.958786 	 0.00109384	0.00228523
1815 	 4000 	 0.958787 	 0.00109408	0.00228572
1815 	 4005 	 0.958787 	 0.00109431	0.00228621
1815 	 4010 	 0.958788 	 0.00109454	0.0022867
1815 	 4015 	 0.958788 	 0.00109478	0.00228719
1815 	 4020 	 0.958789 	 0.00109501	0.00228767
1815 	 4025 	 0.958789 	 0.00109524	0.00228816
1815 	 4030 	 0.95879 	 0.00109547	0.00228865
1815 	 4035 	 0.958791 	 0.00109571	0.00228913
1815 	 4040 	 0.958791 	 0.00109594	0.00228961
1815 	 4045 	 0.958792 	 0.00109617	0.0022901
1815 	 4050 	 0.958792 	 0.0010964	0.00229058
1815 	 4055 	 0.958793 	 0.00109663	0.00229106
1815 	 4060 	 0.958794 	 0.00109686	0.00229154
1815 	 4065 	 0.958794 	 0.00109709	0.00229202
1815 	 4070 	 0.958795 	 0.00109732	0.0022925
1815 	 4075 	 0.958795 	 0.00109755	0.00229298
1815 	 4080 	 0.958796 	 0.00109778	0.00229346
1815 	 4085 	 0.958796 	 0.00109801	0.00229393
1815 	 4090 	 0.958797 	 0.00109823	0.00229441
1815 	 4095 	 0.958798 	 0.00109846	0.00229489
1815 	 4100 	 0.958798 	 0.00109869	0.00229536
1815 	 4105 	 0.958799 	 0.00109892	0.00229584
1815 	 4110 	 0.958799 	 0.00109914	0.00229631
1815 	 4115 	 0.9588 	 0.00109937	0.00229678
1815 	 4120 	 0.9588 	 0.00109959	0.00229725
1815 	 4125 	 0.958801 	 0.00109982	0.00229772
1815 	 4130 	 0.958802 	 0.00110004	0.00229819
1815 	 4135 	 0.958802 	 0.00110027	0.00229866
1815 	 4140 	 0.958803 	 0.00110049	0.00229913
1815 	 4145 	 0.958803 	 0.00110072	0.0022996
1815 	 4150 	 0.958804 	 0.00110094	0.00230007
1815 	 4155 	 0.958804 	 0.00110117	0.00230054
1815 	 4160 	 0.958805 	 0.00110139	0.002301
1815 	 4165 	 0.958806 	 0.00110161	0.00230147
1815 	 4170 	 0.958806 	 0.00110183	0.00230193
1815 	 4175 	 0.958807 	 0.00110206	0.0023024
1815 	 4180 	 0.958807 	 0.00110228	0.00230286
1815 	 4185 	 0.958808 	 0.0011025	0.00230332
1815 	 4190 	 0.958808 	 0.00110272	0.00230378
1815 	 4195 	 0.958809 	 0.00110294	0.00230424
1815 	 4200 	 0.958809 	 0.00110316	0.0023047
1815 	 4205 	 0.95881 	 0.00110338	0.00230516
1815 	 4210 	 0.958811 	 0.0011036	0.00230562
1815 	 4215 	 0.958811 	 0.00110382	0.00230608
1815 	 4220 	 0.958812 	 0.00110404	0.00230654
1815 	 4225 	 0.958812 	 0.00110426	0.002307
1815 	 4230 	 0.958813 	 0.00110448	0.00230745
1815 	 4235 	 0.958813 	 0.00110469	0.00230791
1815 	 4240 	 0.958814 	 0.00110491	0.00230836
1815 	 4245 	 0.958814 	 0.00110513	0.00230882
1815 	 4250 	 0.958815 	 0.00110535	0.00230927
1815 	 4255 	 0.958815 	 0.00110556	0.00230972
1815 	 4260 	 0.958816 	 0.00110578	0.00231017
1815 	 4265 	 0.958816 	 0.001106	0.00231063
1815 	 4270 	 0.958817 	 0.00110621	0.00231108
1815 	 4275 	 0.958818 	 0.00110643	0.00231153
1815 	 4280 	 0.958818 	 0.00110664	0.00231198
1815 	 4285 	 0.958819 	 0.00110686	0.00231243
1815 	 4290 	 0.958819 	 0.00110707	0.00231287
1815 	 4295 	 0.95882 	 0.00110729	0.00231332
1815 	 4300 	 0.95882 	 0.0011075	0.00231377
1815 	 4305 	 0.958821 	 0.00110771	0.00231421
1815 	 4310 	 0.958821 	 0.00110793	0.00231466
1815 	 4315 	 0.958822 	 0.00110814	0.0023151
1815 	 4320 	 0.958822 	 0.00110835	0.00231555
1815 	 4325 	 0.958823 	 0.00110856	0.00231599
1815 	 4330 	 0.958823 	 0.00110878	0.00231643
1815 	 4335 	 0.958824 	 0.00110899	0.00231688
1815 	 4340 	 0.958824 	 0.0011092	0.00231732
1815 	 4345 	 0.958825 	 0.00110941	0.00231776
1815 	 4350 	 0.958825 	 0.00110962	0.0023182
1815 	 4355 	 0.958826 	 0.00110983	0.00231864
1815 	 4360 	 0.958826 	 0.00111004	0.00231908
1815 	 4365 	 0.958827 	 0.00111025	0.00231951
1815 	 4370 	 0.958828 	 0.00111046	0.00231995
1815 	 4375 	 0.958828 	 0.00111067	0.00232039
1815 	 4380 	 0.958829 	 0.00111088	0.00232083
1815 	 4385 	 0.958829 	 0.00111109	0.00232126
1815 	 4390 	 0.95883 	 0.00111129	0.0023217
1815 	 4395 	 0.95883 	 0.0011115	0.00232213
1815 	 4400 	 0.958831 	 0.00111171	0.00232256
1815 	 4405 	 0.958831 	 0.00111192	0.002323
1815 	 4410 	 0.958832 	 0.00111212	0.00232343
1815 	 4415 	 0.958832 	 0.00111233	0.00232386
1815 	 4420 	 0.958833 	 0.00111254	0.00232429
1815 	 4425 	 0.958833 	 0.00111274	0.00232472
1815 	 4430 	 0.958834 	 0.00111295	0.00232515
1815 	 4435 	 0.958834 	 0.00111315	0.00232558
1815 	 4440 	 0.958835 	 0.00111336	0.00232601
1815 	 4445 	 0.958835 	 0.00111356	0.00232644
1815 	 4450 	 0.958836 	 0.00111377	0.00232687
1815 	 4455 	 0.958836 	 0.00111397	0.00232729
1815 	 4460 	 0.958837 	 0.00111418	0.00232772
1815 	 4465 	 0.958837 	 0.00111438	0.00232814
1815 	 4470 	 0.958838 	 0.00111458	0.00232857
1815 	 4475 	 0.958838 	 0.00111479	0.00232899
1815 	 4480 	 0.958839 	 0.00111499	0.00232942
1815 	 4485 	 0.958839 	 0.00111519	0.00232984
1815 	 4490 	 0.95884 	 0.00111539	0.00233026
1815 	 4495 	 0.95884 	 0.0011156	0.00233069
1815 	 4500 	 0.958841 	 0.0011158	0.00233111
1815 	 4505 	 0.958841 	 0.001116	0.00233153
1815 	 4510 	 0.958842 	 0.0011162	0.00233195
1815 	 4515 	 0.958842 	 0.0011164	0.00233237
1815 	 4520 	 0.958843 	 0.0011166	0.00233279
1815 	 4525 	 0.958843 	 0.0011168	0.0023332
1815 	 4530 	 0.958844 	 0.001117	0.00233362
1815 	 4535 	 0.958844 	 0.0011172	0.00233404
1815 	 4540 	 0.958844 	 0.0011174	0.00233446
1815 	 4545 	 0.958845 	 0.0011176	0.00233487
1815 	 4550 	 0.958845 	 0.0011178	0.00233529
1815 	 4555 	 0.958846 	 0.001118	0.0023357
1815 	 4560 	 0.958846 	 0.0011182	0.00233612
1815 	 4565 	 0.958847 	 0.00111839	0.00233653
1815 	 4570 	 0.958847 	 0.00111859	0.00233694
1815 	 4575 	 0.958848 	 0.00111879	0.00233735
1815 	 4580 	 0.958848 	 0.00111899	0.00233777
1815 	 4585 	 0.958849 	 0.00111918	0.00233818
1815 	 4590 	 0.958849 	 0.00111938	0.00233859
1815 	 4595 	 0.95885 	 0.00111958	0.002339
1815 	 4600 	 0.95885 	 0.00111977	0.00233941
1815 	 4605 	 0.958851 	 0.00111997	0.00233982
1815 	 4610 	 0.958851 	 0.00112016	0.00234022
1815 	 4615 	 0.958852 	 0.00112036	0.00234063
1815 	 4620 	 0.958852 	 0.00112055	0.00234104
1815 	 4625 	 0.958853 	 0.00112075	0.00234145
1815 	 4630 	 0.958853 	 0.00112094	0.00234185
1815 	 4635 	 0.958853 	 0.00112114	0.00234226
1815 	 4640 	 0.958854 	 0.00112133	0.00234266
1815 	 4645 	 0.958854 	 0.00112152	0.00234307
1815 	 4650 	 0.958855 	 0.00112172	0.00234347
1815 	 4655 	 0.958855 	 0.00112191	0.00234387
1815 	 4660 	 0.958856 	 0.0011221	0.00234428
1815 	 4665 	 0.958856 	 0.0011223	0.00234468
1815 	 4670 	 0.958857 	 0.00112249	0.00234508
1815 	 4675 	 0.958857 	 0.00112268	0.00234548
1815 	 4680 	 0.958858 	 0.00112287	0.00234588
1815 	 4685 	 0.958858 	 0.00112306	0.00234628
1815 	 4690 	 0.958859 	 0.00112325	0.00234668
1815 	 4695 	 0.958859 	 0.00112344	0.00234708
1815 	 4700 	 0.958859 	 0.00112363	0.00234748
1815 	 4705 	 0.95886 	 0.00112383	0.00234788
1815 	 4710 	 0.95886 	 0.00112402	0.00234827
1815 	 4715 	 0.958861 	 0.00112421	0.00234867
1815 	 4720 	 0.958861 	 0.00112439	0.00234907
1815 	 4725 	 0.958862 	 0.00112458	0.00234946
1815 	 4730 	 0.958862 	 0.00112477	0.00234986
1815 	 4735 	 0.958863 	 0.00112496	0.00235025
1815 	 4740 	 0.958863 	 0.00112515	0.00235064
1815 	 4745 	 0.958864 	 0.00112534	0.00235104
1815 	 4750 	 0.958864 	 0.00112553	0.00235143
1815 	 4755 	 0.958864 	 0.00112571	0.00235182
1815 	 4760 	 0.958865 	 0.0011259	0.00235221
1815 	 4765 	 0.958865 	 0.00112609	0.00235261
1815 	 4770 	 0.958866 	 0.00112628	0.002353
1815 	 4775 	 0.958866 	 0.00112646	0.00235339
1815 	 4780 	 0.958867 	 0.00112665	0.00235378
1815 	 4785 	 0.958867 	 0.00112684	0.00235416
1815 	 4790 	 0.958868 	 0.00112702	0.00235455
1815 	 4795 	 0.958868 	 0.00112721	0.00235494
1815 	 4800 	 0.958868 	 0.00112739	0.00235533
1815 	 4805 	 0.958869 	 0.00112758	0.00235572
1815 	 4810 	 0.958869 	 0.00112776	0.0023561
1815 	 4815 	 0.95887 	 0.00112795	0.00235649
1815 	 4820 	 0.95887 	 0.00112813	0.00235687
1815 	 4825 	 0.958871 	 0.00112832	0.00235726
1815 	 4830 	 0.958871 	 0.0011285	0.00235764
1815 	 4835 	 0.958871 	 0.00112868	0.00235803
1815 	 4840 	 0.958872 	 0.00112887	0.00235841
1815 	 4845 	 0.958872 	 0.00112905	0.00235879
1815 	 4850 	 0.958873 	 0.00112923	0.00235917
1815 	 4855 	 0.958873 	 0.00112942	0.00235956
1815 	 4860 	 0.958874 	 0.0011296	0.00235994
1815 	 4865 	 0.958874 	 0.00112978	0.00236032
1815 	 4870 	 0.958875 	 0.00112996	0.0023607
1815 	 4875 	 0.958875 	 0.00113014	0.00236108
1815 	 4880 	 0.958875 	 0.00113033	0.00236146
1815 	 4885 	 0.958876 	 0.00113051	0.00236184
1815 	 4890 	 0.958876 	 0.00113069	0.00236221
1815 	 4895 	 0.958877 	 0.00113087	0.00236259
1815 	 4900 	 0.958877 	 0.00113105	0.00236297
1815 	 4905 	 0.958877 	 0.00113123	0.00236335
1815 	 4910 	 0.958878 	 0.00113141	0.00236372
1815 	 4915 	 0.958878 	 0.00113159	0.0023641
1815 	 4920 	 0.958879 	 0.00113177	0.00236447
1815 	 4925 	 0.958879 	 0.00113195	0.00236485
1815 	 4930 	 0.95888 	 0.00113213	0.00236522
1815 	 4935 	 0.95888 	 0.00113231	0.00236559
1815 	 4940 	 0.95888 	 0.00113249	0.00236597
1815 	 4945 	 0.958881 	 0.00113266	0.00236634
1815 	 4950 	 0.958881 	 0.00113284	0.00236671
1815 	 4955 	 0.958882 	 0.00113302	0.00236708
1815 	 4960 	 0.958882 	 0.0011332	0.00236746
1815 	 4965 	 0.958883 	 0.00113337	0.00236783
1815 	 4970 	 0.958883 	 0.00113355	0.0023682
1815 	 4975 	 0.958883 	 0.00113373	0.00236857
1815 	 4980 	 0.958884 	 0.00113391	0.00236894
1815 	 4985 	 0.958884 	 0.00113408	0.0023693
1815 	 4990 	 0.958885 	 0.00113426	0.00236967
1815 	 4995 	 0.958885 	 0.00113443	0.00237004
1815 	 5000 	 0.958885 	 0.00113461	0.00237041
