65 	 5 	 0.873576 	 0.00305408 	 0.00635991
65 	 10 	 0.873892 	 0.00288904 	 0.00601621
65 	 15 	 0.874617 	 0.00257452 	 0.00536127
65 	 20 	 0.87624 	 0.00203404 	 0.00423576
65 	 25 	 0.879686 	 0.0013133 	 0.00273486
65 	 30 	 0.886222 	 0.000930369 	 0.00193743
65 	 35 	 0.896345 	 0.000926009 	 0.00192835
65 	 40 	 0.908328 	 0.000777619 	 0.00161934
65 	 45 	 0.91845 	 0.000784647 	 0.00163397
65 	 50 	 0.924901 	 0.000754835 	 0.00157189
65 	 55 	 0.928465 	 0.00067147 	 0.00139829
65 	 60 	 0.930389 	 0.000634304 	 0.00132089
65 	 65 	 0.931509 	 0.000610882 	 0.00127212
65 	 70 	 0.932257 	 0.000573704 	 0.0011947
65 	 75 	 0.93283 	 0.000523725 	 0.00109062
65 	 80 	 0.933319 	 0.000469213 	 0.000977102
65 	 85 	 0.933762 	 0.000417023 	 0.000868422
65 	 90 	 0.934175 	 0.000371541 	 0.000773709
65 	 95 	 0.934567 	 0.000335322 	 0.000698284
65 	 100 	 0.934941 	 0.000309611 	 0.000644744
65 	 105 	 0.935299 	 0.000294505 	 0.000613287
65 	 110 	 0.935642 	 0.000289016 	 0.000601855
65 	 115 	 0.935971 	 0.000291338 	 0.00060669
65 	 120 	 0.936287 	 0.000299334 	 0.000623341
65 	 125 	 0.93659 	 0.00031099 	 0.000647616
65 	 130 	 0.936881 	 0.000324669 	 0.0006761
65 	 135 	 0.93716 	 0.000339154 	 0.000706265
65 	 140 	 0.937428 	 0.0003536 	 0.000736346
65 	 145 	 0.937685 	 0.00036744 	 0.000765168
65 	 150 	 0.937932 	 0.000380316 	 0.000791981
65 	 155 	 0.938168 	 0.000392009 	 0.000816331
65 	 160 	 0.938396 	 0.0004024 	 0.00083797
65 	 165 	 0.938614 	 0.000411438 	 0.000856791
65 	 170 	 0.938823 	 0.000419118 	 0.000872784
65 	 175 	 0.939024 	 0.000425465 	 0.000886001
65 	 180 	 0.939216 	 0.000430526 	 0.000896541
65 	 185 	 0.939401 	 0.000434363 	 0.00090453
65 	 190 	 0.939579 	 0.000437044 	 0.000910114
65 	 195 	 0.939749 	 0.000438646 	 0.000913449
65 	 200 	 0.939913 	 0.000439245 	 0.000914697
65 	 205 	 0.94007 	 0.000438922 	 0.000914024
65 	 210 	 0.94022 	 0.000437755 	 0.000911594
65 	 215 	 0.940365 	 0.000435823 	 0.000907571
65 	 220 	 0.940504 	 0.000433202 	 0.000902112
65 	 225 	 0.940637 	 0.000429966 	 0.000895375
65 	 230 	 0.940764 	 0.000426189 	 0.000887509
65 	 235 	 0.940887 	 0.00042194 	 0.00087866
65 	 240 	 0.941005 	 0.000417286 	 0.000868969
65 	 245 	 0.941118 	 0.000412293 	 0.00085857
65 	 250 	 0.941226 	 0.000407021 	 0.000847594
65 	 255 	 0.94133 	 0.000401532 	 0.000836163
65 	 260 	 0.94143 	 0.000395883 	 0.000824398
65 	 265 	 0.941525 	 0.000390126 	 0.000812411
65 	 270 	 0.941617 	 0.000384316 	 0.000800311
65 	 275 	 0.941706 	 0.0003785 	 0.0007882
65 	 280 	 0.94179 	 0.000372727 	 0.000776177
65 	 285 	 0.941872 	 0.000367039 	 0.000764334
65 	 290 	 0.941949 	 0.00036148 	 0.000752757
65 	 295 	 0.942024 	 0.000356088 	 0.000741528
65 	 300 	 0.942096 	 0.000350899 	 0.000730722
65 	 305 	 0.942165 	 0.000345947 	 0.000720409
65 	 310 	 0.942231 	 0.000341261 	 0.000710653
65 	 315 	 0.942295 	 0.000336871 	 0.00070151
65 	 320 	 0.942356 	 0.000332799 	 0.00069303
65 	 325 	 0.942414 	 0.000329067 	 0.000685258
65 	 330 	 0.94247 	 0.000325691 	 0.00067823
65 	 335 	 0.942524 	 0.000322687 	 0.000671974
65 	 340 	 0.942576 	 0.000320065 	 0.000666513
65 	 345 	 0.942625 	 0.000317832 	 0.000661862
65 	 350 	 0.942673 	 0.000315991 	 0.000658028
65 	 355 	 0.942719 	 0.000314542 	 0.000655011
65 	 360 	 0.942762 	 0.000313483 	 0.000652806
65 	 365 	 0.942804 	 0.000312808 	 0.0006514
65 	 370 	 0.942845 	 0.000312507 	 0.000650774
65 	 375 	 0.942884 	 0.00031257 	 0.000650905
65 	 380 	 0.942921 	 0.000312984 	 0.000651766
65 	 385 	 0.942956 	 0.000313732 	 0.000653324
65 	 390 	 0.942991 	 0.000314798 	 0.000655545
65 	 395 	 0.943024 	 0.000316164 	 0.00065839
65 	 400 	 0.943055 	 0.000317812 	 0.00066182
65 	 405 	 0.943085 	 0.00031972 	 0.000665795
65 	 410 	 0.943114 	 0.000321871 	 0.000670274
65 	 415 	 0.943142 	 0.000324243 	 0.000675214
65 	 420 	 0.943169 	 0.000326818 	 0.000680576
65 	 425 	 0.943195 	 0.000329576 	 0.000686318
65 	 430 	 0.943219 	 0.000332497 	 0.000692402
65 	 435 	 0.943243 	 0.000335565 	 0.00069879
65 	 440 	 0.943266 	 0.000338761 	 0.000705446
65 	 445 	 0.943287 	 0.000342069 	 0.000712335
65 	 450 	 0.943308 	 0.000345474 	 0.000719425
65 	 455 	 0.943328 	 0.00034896 	 0.000726684
65 	 460 	 0.943348 	 0.000352513 	 0.000734084
65 	 465 	 0.943366 	 0.000356121 	 0.000741597
65 	 470 	 0.943384 	 0.000359772 	 0.0007492
65 	 475 	 0.943401 	 0.000363454 	 0.000756868
65 	 480 	 0.943417 	 0.000367158 	 0.00076458
65 	 485 	 0.943433 	 0.000370873 	 0.000772317
65 	 490 	 0.943448 	 0.000374591 	 0.000780059
65 	 495 	 0.943462 	 0.000378304 	 0.000787792
65 	 500 	 0.943476 	 0.000382005 	 0.000795499
65 	 505 	 0.94349 	 0.000385688 	 0.000803168
65 	 510 	 0.943502 	 0.000389346 	 0.000810785
65 	 515 	 0.943515 	 0.000392974 	 0.00081834
65 	 520 	 0.943526 	 0.000396567 	 0.000825823
65 	 525 	 0.943538 	 0.000400121 	 0.000833225
65 	 530 	 0.943548 	 0.000403633 	 0.000840538
65 	 535 	 0.943559 	 0.000407099 	 0.000847755
65 	 540 	 0.943569 	 0.000410516 	 0.00085487
65 	 545 	 0.943578 	 0.000413881 	 0.000861878
65 	 550 	 0.943587 	 0.000417193 	 0.000868775
65 	 555 	 0.943596 	 0.000420449 	 0.000875555
65 	 560 	 0.943605 	 0.000423648 	 0.000882216
65 	 565 	 0.943613 	 0.000426788 	 0.000888756
65 	 570 	 0.943621 	 0.000429869 	 0.000895171
65 	 575 	 0.943628 	 0.000432889 	 0.00090146
65 	 580 	 0.943635 	 0.000435848 	 0.000907623
65 	 585 	 0.943642 	 0.000438746 	 0.000913657
65 	 590 	 0.943649 	 0.000441581 	 0.000919562
65 	 595 	 0.943655 	 0.000444355 	 0.000925339
65 	 600 	 0.943661 	 0.000447067 	 0.000930986
65 	 605 	 0.943667 	 0.000449717 	 0.000936505
65 	 610 	 0.943673 	 0.000452306 	 0.000941895
65 	 615 	 0.943678 	 0.000454833 	 0.000947158
65 	 620 	 0.943683 	 0.0004573 	 0.000952295
65 	 625 	 0.943688 	 0.000459706 	 0.000957306
65 	 630 	 0.943693 	 0.000462053 	 0.000962193
65 	 635 	 0.943697 	 0.000464341 	 0.000966958
65 	 640 	 0.943702 	 0.000466571 	 0.000971601
65 	 645 	 0.943706 	 0.000468743 	 0.000976124
65 	 650 	 0.94371 	 0.000470859 	 0.00098053
65 	 655 	 0.943714 	 0.000472919 	 0.00098482
65 	 660 	 0.943718 	 0.000474924 	 0.000988996
65 	 665 	 0.943721 	 0.000476875 	 0.00099306
65 	 670 	 0.943725 	 0.000478774 	 0.000997013
65 	 675 	 0.943728 	 0.00048062 	 0.00100086
65 	 680 	 0.943731 	 0.000482416 	 0.0010046
65 	 685 	 0.943734 	 0.000484161 	 0.00100823
65 	 690 	 0.943737 	 0.000485858 	 0.00101177
65 	 695 	 0.94374 	 0.000487507 	 0.0010152
65 	 700 	 0.943742 	 0.000489109 	 0.00101853
65 	 705 	 0.943745 	 0.000490665 	 0.00102177
65 	 710 	 0.943747 	 0.000492176 	 0.00102492
65 	 715 	 0.94375 	 0.000493643 	 0.00102798
65 	 720 	 0.943752 	 0.000495067 	 0.00103094
65 	 725 	 0.943754 	 0.00049645 	 0.00103382
65 	 730 	 0.943756 	 0.000497792 	 0.00103662
65 	 735 	 0.943758 	 0.000499094 	 0.00103933
65 	 740 	 0.94376 	 0.000500357 	 0.00104196
65 	 745 	 0.943762 	 0.000501582 	 0.00104451
65 	 750 	 0.943764 	 0.000502771 	 0.00104699
65 	 755 	 0.943766 	 0.000503923 	 0.00104939
65 	 760 	 0.943767 	 0.000505041 	 0.00105171
65 	 765 	 0.943769 	 0.000506124 	 0.00105397
65 	 770 	 0.94377 	 0.000507174 	 0.00105615
65 	 775 	 0.943772 	 0.000508192 	 0.00105827
65 	 780 	 0.943773 	 0.000509178 	 0.00106033
65 	 785 	 0.943774 	 0.000510134 	 0.00106232
65 	 790 	 0.943776 	 0.00051106 	 0.00106425
65 	 795 	 0.943777 	 0.000511957 	 0.00106611
65 	 800 	 0.943778 	 0.000512826 	 0.00106792
65 	 805 	 0.943779 	 0.000513668 	 0.00106968
65 	 810 	 0.94378 	 0.000514483 	 0.00107137
65 	 815 	 0.943781 	 0.000515272 	 0.00107302
65 	 820 	 0.943782 	 0.000516036 	 0.00107461
65 	 825 	 0.943783 	 0.000516776 	 0.00107615
65 	 830 	 0.943784 	 0.000517492 	 0.00107764
65 	 835 	 0.943785 	 0.000518185 	 0.00107908
65 	 840 	 0.943786 	 0.000518856 	 0.00108048
65 	 845 	 0.943787 	 0.000519506 	 0.00108183
65 	 850 	 0.943788 	 0.000520134 	 0.00108314
65 	 855 	 0.943788 	 0.000520742 	 0.00108441
65 	 860 	 0.943789 	 0.00052133 	 0.00108563
65 	 865 	 0.94379 	 0.000521899 	 0.00108682
65 	 870 	 0.94379 	 0.00052245 	 0.00108797
65 	 875 	 0.943791 	 0.000522983 	 0.00108907
65 	 880 	 0.943792 	 0.000523498 	 0.00109015
65 	 885 	 0.943792 	 0.000523996 	 0.00109118
65 	 890 	 0.943793 	 0.000524478 	 0.00109219
65 	 895 	 0.943793 	 0.000524944 	 0.00109316
65 	 900 	 0.943794 	 0.000525394 	 0.0010941
65 	 905 	 0.943794 	 0.00052583 	 0.001095
65 	 910 	 0.943795 	 0.000526251 	 0.00109588
65 	 915 	 0.943795 	 0.000526658 	 0.00109673
65 	 920 	 0.943796 	 0.000527052 	 0.00109755
65 	 925 	 0.943796 	 0.000527432 	 0.00109834
65 	 930 	 0.943797 	 0.0005278 	 0.00109911
65 	 935 	 0.943797 	 0.000528155 	 0.00109985
65 	 940 	 0.943797 	 0.000528499 	 0.00110056
65 	 945 	 0.943798 	 0.000528831 	 0.00110125
65 	 950 	 0.943798 	 0.000529152 	 0.00110192
65 	 955 	 0.943798 	 0.000529462 	 0.00110257
65 	 960 	 0.943799 	 0.000529761 	 0.00110319
65 	 965 	 0.943799 	 0.000530051 	 0.00110379
65 	 970 	 0.943799 	 0.00053033 	 0.00110438
65 	 975 	 0.943799 	 0.0005306 	 0.00110494
65 	 980 	 0.9438 	 0.000530861 	 0.00110548
65 	 985 	 0.9438 	 0.000531113 	 0.00110601
65 	 990 	 0.9438 	 0.000531357 	 0.00110651
65 	 995 	 0.9438 	 0.000531592 	 0.001107
65 	 1000 	 0.943801 	 0.000531819 	 0.00110748
65 	 1005 	 0.943801 	 0.000532039 	 0.00110793
65 	 1010 	 0.943801 	 0.00053225 	 0.00110837
65 	 1015 	 0.943801 	 0.000532455 	 0.0011088
65 	 1020 	 0.943802 	 0.000532653 	 0.00110921
65 	 1025 	 0.943802 	 0.000532843 	 0.00110961
65 	 1030 	 0.943802 	 0.000533028 	 0.00110999
65 	 1035 	 0.943802 	 0.000533205 	 0.00111036
65 	 1040 	 0.943802 	 0.000533377 	 0.00111072
65 	 1045 	 0.943802 	 0.000533543 	 0.00111107
65 	 1050 	 0.943803 	 0.000533703 	 0.0011114
65 	 1055 	 0.943803 	 0.000533858 	 0.00111172
65 	 1060 	 0.943803 	 0.000534007 	 0.00111203
65 	 1065 	 0.943803 	 0.000534151 	 0.00111233
65 	 1070 	 0.943803 	 0.00053429 	 0.00111262
65 	 1075 	 0.943803 	 0.000534424 	 0.0011129
65 	 1080 	 0.943803 	 0.000534553 	 0.00111317
65 	 1085 	 0.943803 	 0.000534678 	 0.00111343
65 	 1090 	 0.943804 	 0.000534799 	 0.00111368
65 	 1095 	 0.943804 	 0.000534915 	 0.00111392
65 	 1100 	 0.943804 	 0.000535028 	 0.00111416
65 	 1105 	 0.943804 	 0.000535136 	 0.00111438
65 	 1110 	 0.943804 	 0.000535241 	 0.0011146
65 	 1115 	 0.943804 	 0.000535342 	 0.00111481
65 	 1120 	 0.943804 	 0.000535439 	 0.00111501
65 	 1125 	 0.943804 	 0.000535533 	 0.00111521
65 	 1130 	 0.943804 	 0.000535624 	 0.0011154
65 	 1135 	 0.943804 	 0.000535711 	 0.00111558
65 	 1140 	 0.943804 	 0.000535796 	 0.00111576
65 	 1145 	 0.943804 	 0.000535877 	 0.00111593
65 	 1150 	 0.943805 	 0.000535956 	 0.00111609
65 	 1155 	 0.943805 	 0.000536031 	 0.00111625
65 	 1160 	 0.943805 	 0.000536105 	 0.0011164
65 	 1165 	 0.943805 	 0.000536175 	 0.00111655
65 	 1170 	 0.943805 	 0.000536243 	 0.00111669
65 	 1175 	 0.943805 	 0.000536309 	 0.00111683
65 	 1180 	 0.943805 	 0.000536372 	 0.00111696
65 	 1185 	 0.943805 	 0.000536433 	 0.00111708
65 	 1190 	 0.943805 	 0.000536492 	 0.00111721
65 	 1195 	 0.943805 	 0.000536549 	 0.00111733
65 	 1200 	 0.943805 	 0.000536604 	 0.00111744
65 	 1205 	 0.943805 	 0.000536656 	 0.00111755
65 	 1210 	 0.943805 	 0.000536707 	 0.00111766
65 	 1215 	 0.943805 	 0.000536756 	 0.00111776
65 	 1220 	 0.943805 	 0.000536804 	 0.00111786
65 	 1225 	 0.943805 	 0.00053685 	 0.00111795
65 	 1230 	 0.943805 	 0.000536894 	 0.00111804
65 	 1235 	 0.943805 	 0.000536936 	 0.00111813
65 	 1240 	 0.943805 	 0.000536977 	 0.00111822
65 	 1245 	 0.943805 	 0.000537017 	 0.0011183
65 	 1250 	 0.943805 	 0.000537055 	 0.00111838
65 	 1255 	 0.943805 	 0.000537091 	 0.00111846
65 	 1260 	 0.943805 	 0.000537127 	 0.00111853
65 	 1265 	 0.943805 	 0.000537161 	 0.0011186
65 	 1270 	 0.943806 	 0.000537194 	 0.00111867
65 	 1275 	 0.943806 	 0.000537226 	 0.00111873
65 	 1280 	 0.943806 	 0.000537256 	 0.0011188
65 	 1285 	 0.943806 	 0.000537286 	 0.00111886
65 	 1290 	 0.943806 	 0.000537314 	 0.00111892
65 	 1295 	 0.943806 	 0.000537341 	 0.00111898
65 	 1300 	 0.943806 	 0.000537368 	 0.00111903
65 	 1305 	 0.943806 	 0.000537393 	 0.00111908
65 	 1310 	 0.943806 	 0.000537418 	 0.00111914
65 	 1315 	 0.943806 	 0.000537442 	 0.00111918
65 	 1320 	 0.943806 	 0.000537464 	 0.00111923
65 	 1325 	 0.943806 	 0.000537486 	 0.00111928
65 	 1330 	 0.943806 	 0.000537508 	 0.00111932
65 	 1335 	 0.943806 	 0.000537528 	 0.00111936
65 	 1340 	 0.943806 	 0.000537548 	 0.00111941
65 	 1345 	 0.943806 	 0.000537567 	 0.00111944
65 	 1350 	 0.943806 	 0.000537585 	 0.00111948
65 	 1355 	 0.943806 	 0.000537603 	 0.00111952
65 	 1360 	 0.943806 	 0.00053762 	 0.00111955
65 	 1365 	 0.943806 	 0.000537636 	 0.00111959
65 	 1370 	 0.943806 	 0.000537652 	 0.00111962
65 	 1375 	 0.943806 	 0.000537667 	 0.00111965
65 	 1380 	 0.943806 	 0.000537682 	 0.00111968
65 	 1385 	 0.943806 	 0.000537696 	 0.00111971
65 	 1390 	 0.943806 	 0.000537709 	 0.00111974
65 	 1395 	 0.943806 	 0.000537722 	 0.00111977
65 	 1400 	 0.943806 	 0.000537735 	 0.0011198
65 	 1405 	 0.943806 	 0.000537747 	 0.00111982
65 	 1410 	 0.943806 	 0.000537759 	 0.00111985
65 	 1415 	 0.943806 	 0.00053777 	 0.00111987
65 	 1420 	 0.943806 	 0.000537781 	 0.00111989
65 	 1425 	 0.943806 	 0.000537792 	 0.00111991
65 	 1430 	 0.943806 	 0.000537802 	 0.00111993
65 	 1435 	 0.943806 	 0.000537811 	 0.00111995
65 	 1440 	 0.943806 	 0.000537821 	 0.00111997
65 	 1445 	 0.943806 	 0.00053783 	 0.00111999
65 	 1450 	 0.943806 	 0.000537839 	 0.00112001
65 	 1455 	 0.943806 	 0.000537847 	 0.00112003
65 	 1460 	 0.943806 	 0.000537855 	 0.00112005
65 	 1465 	 0.943806 	 0.000537863 	 0.00112006
65 	 1470 	 0.943806 	 0.00053787 	 0.00112008
65 	 1475 	 0.943806 	 0.000537878 	 0.00112009
65 	 1480 	 0.943806 	 0.000537885 	 0.00112011
65 	 1485 	 0.943806 	 0.000537891 	 0.00112012
65 	 1490 	 0.943806 	 0.000537898 	 0.00112013
65 	 1495 	 0.943806 	 0.000537904 	 0.00112015
65 	 1500 	 0.943806 	 0.00053791 	 0.00112016
65 	 1505 	 0.943806 	 0.000537916 	 0.00112017
65 	 1510 	 0.943806 	 0.000537921 	 0.00112018
65 	 1515 	 0.943806 	 0.000537927 	 0.00112019
65 	 1520 	 0.943806 	 0.000537932 	 0.00112021
65 	 1525 	 0.943806 	 0.000537937 	 0.00112022
65 	 1530 	 0.943806 	 0.000537941 	 0.00112023
65 	 1535 	 0.943806 	 0.000537946 	 0.00112023
65 	 1540 	 0.943806 	 0.000537951 	 0.00112024
65 	 1545 	 0.943806 	 0.000537955 	 0.00112025
65 	 1550 	 0.943806 	 0.000537959 	 0.00112026
65 	 1555 	 0.943806 	 0.000537963 	 0.00112027
65 	 1560 	 0.943806 	 0.000537967 	 0.00112028
65 	 1565 	 0.943806 	 0.00053797 	 0.00112029
65 	 1570 	 0.943806 	 0.000537974 	 0.00112029
65 	 1575 	 0.943806 	 0.000537977 	 0.0011203
65 	 1580 	 0.943806 	 0.000537981 	 0.00112031
65 	 1585 	 0.943806 	 0.000537984 	 0.00112031
65 	 1590 	 0.943806 	 0.000537987 	 0.00112032
65 	 1595 	 0.943806 	 0.00053799 	 0.00112033
65 	 1600 	 0.943806 	 0.000537993 	 0.00112033
65 	 1605 	 0.943806 	 0.000537995 	 0.00112034
65 	 1610 	 0.943806 	 0.000537998 	 0.00112034
65 	 1615 	 0.943806 	 0.000538 	 0.00112035
65 	 1620 	 0.943806 	 0.000538003 	 0.00112035
65 	 1625 	 0.943806 	 0.000538005 	 0.00112036
65 	 1630 	 0.943806 	 0.000538008 	 0.00112036
65 	 1635 	 0.943806 	 0.00053801 	 0.00112037
65 	 1640 	 0.943806 	 0.000538012 	 0.00112037
65 	 1645 	 0.943806 	 0.000538014 	 0.00112038
65 	 1650 	 0.943806 	 0.000538016 	 0.00112038
65 	 1655 	 0.943806 	 0.000538018 	 0.00112038
65 	 1660 	 0.943806 	 0.000538019 	 0.00112039
65 	 1665 	 0.943806 	 0.000538021 	 0.00112039
65 	 1670 	 0.943806 	 0.000538023 	 0.00112039
65 	 1675 	 0.943806 	 0.000538024 	 0.0011204
65 	 1680 	 0.943806 	 0.000538026 	 0.0011204
65 	 1685 	 0.943806 	 0.000538027 	 0.0011204
65 	 1690 	 0.943806 	 0.000538029 	 0.00112041
65 	 1695 	 0.943806 	 0.00053803 	 0.00112041
65 	 1700 	 0.943806 	 0.000538032 	 0.00112041
65 	 1705 	 0.943806 	 0.000538033 	 0.00112042
65 	 1710 	 0.943806 	 0.000538034 	 0.00112042
65 	 1715 	 0.943806 	 0.000538035 	 0.00112042
65 	 1720 	 0.943806 	 0.000538036 	 0.00112042
65 	 1725 	 0.943806 	 0.000538037 	 0.00112043
65 	 1730 	 0.943806 	 0.000538038 	 0.00112043
65 	 1735 	 0.943806 	 0.00053804 	 0.00112043
65 	 1740 	 0.943806 	 0.00053804 	 0.00112043
65 	 1745 	 0.943806 	 0.000538041 	 0.00112043
65 	 1750 	 0.943806 	 0.000538042 	 0.00112044
65 	 1755 	 0.943806 	 0.000538043 	 0.00112044
65 	 1760 	 0.943806 	 0.000538044 	 0.00112044
65 	 1765 	 0.943806 	 0.000538045 	 0.00112044
65 	 1770 	 0.943806 	 0.000538046 	 0.00112044
65 	 1775 	 0.943806 	 0.000538046 	 0.00112044
65 	 1780 	 0.943806 	 0.000538047 	 0.00112045
65 	 1785 	 0.943806 	 0.000538048 	 0.00112045
65 	 1790 	 0.943806 	 0.000538048 	 0.00112045
65 	 1795 	 0.943806 	 0.000538049 	 0.00112045
65 	 1800 	 0.943806 	 0.00053805 	 0.00112045
65 	 1805 	 0.943806 	 0.00053805 	 0.00112045
65 	 1810 	 0.943806 	 0.000538051 	 0.00112045
65 	 1815 	 0.943806 	 0.000538051 	 0.00112045
65 	 1820 	 0.943806 	 0.000538052 	 0.00112046
65 	 1825 	 0.943806 	 0.000538052 	 0.00112046
65 	 1830 	 0.943806 	 0.000538053 	 0.00112046
65 	 1835 	 0.943806 	 0.000538053 	 0.00112046
65 	 1840 	 0.943806 	 0.000538054 	 0.00112046
65 	 1845 	 0.943806 	 0.000538054 	 0.00112046
65 	 1850 	 0.943806 	 0.000538055 	 0.00112046
65 	 1855 	 0.943806 	 0.000538055 	 0.00112046
65 	 1860 	 0.943806 	 0.000538056 	 0.00112046
65 	 1865 	 0.943806 	 0.000538056 	 0.00112046
65 	 1870 	 0.943806 	 0.000538056 	 0.00112046
65 	 1875 	 0.943806 	 0.000538057 	 0.00112047
65 	 1880 	 0.943806 	 0.000538057 	 0.00112047
65 	 1885 	 0.943806 	 0.000538057 	 0.00112047
65 	 1890 	 0.943806 	 0.000538058 	 0.00112047
65 	 1895 	 0.943806 	 0.000538058 	 0.00112047
65 	 1900 	 0.943806 	 0.000538058 	 0.00112047
65 	 1905 	 0.943806 	 0.000538058 	 0.00112047
65 	 1910 	 0.943806 	 0.000538059 	 0.00112047
65 	 1915 	 0.943806 	 0.000538059 	 0.00112047
65 	 1920 	 0.943806 	 0.000538059 	 0.00112047
65 	 1925 	 0.943806 	 0.000538059 	 0.00112047
65 	 1930 	 0.943806 	 0.00053806 	 0.00112047
65 	 1935 	 0.943806 	 0.00053806 	 0.00112047
65 	 1940 	 0.943806 	 0.00053806 	 0.00112047
65 	 1945 	 0.943806 	 0.00053806 	 0.00112047
65 	 1950 	 0.943806 	 0.000538061 	 0.00112047
65 	 1955 	 0.943806 	 0.000538061 	 0.00112047
65 	 1960 	 0.943806 	 0.000538061 	 0.00112047
65 	 1965 	 0.943806 	 0.000538061 	 0.00112047
65 	 1970 	 0.943806 	 0.000538061 	 0.00112047
65 	 1975 	 0.943806 	 0.000538061 	 0.00112048
65 	 1980 	 0.943806 	 0.000538062 	 0.00112048
65 	 1985 	 0.943806 	 0.000538062 	 0.00112048
65 	 1990 	 0.943806 	 0.000538062 	 0.00112048
65 	 1995 	 0.943806 	 0.000538062 	 0.00112048
65 	 2000 	 0.943806 	 0.000538062 	 0.00112048
65 	 2005 	 0.943806 	 0.000538062 	 0.00112048
65 	 2010 	 0.943806 	 0.000538062 	 0.00112048
65 	 2015 	 0.943806 	 0.000538062 	 0.00112048
65 	 2020 	 0.943806 	 0.000538063 	 0.00112048
65 	 2025 	 0.943806 	 0.000538063 	 0.00112048
65 	 2030 	 0.943806 	 0.000538063 	 0.00112048
65 	 2035 	 0.943806 	 0.000538063 	 0.00112048
65 	 2040 	 0.943806 	 0.000538063 	 0.00112048
65 	 2045 	 0.943806 	 0.000538063 	 0.00112048
65 	 2050 	 0.943806 	 0.000538063 	 0.00112048
65 	 2055 	 0.943806 	 0.000538063 	 0.00112048
65 	 2060 	 0.943806 	 0.000538063 	 0.00112048
65 	 2065 	 0.943806 	 0.000538063 	 0.00112048
65 	 2070 	 0.943806 	 0.000538064 	 0.00112048
65 	 2075 	 0.943806 	 0.000538064 	 0.00112048
65 	 2080 	 0.943806 	 0.000538064 	 0.00112048
65 	 2085 	 0.943806 	 0.000538064 	 0.00112048
65 	 2090 	 0.943806 	 0.000538064 	 0.00112048
65 	 2095 	 0.943806 	 0.000538064 	 0.00112048
65 	 2100 	 0.943806 	 0.000538064 	 0.00112048
65 	 2105 	 0.943806 	 0.000538064 	 0.00112048
65 	 2110 	 0.943806 	 0.000538064 	 0.00112048
65 	 2115 	 0.943806 	 0.000538064 	 0.00112048
65 	 2120 	 0.943806 	 0.000538064 	 0.00112048
65 	 2125 	 0.943806 	 0.000538064 	 0.00112048
65 	 2130 	 0.943806 	 0.000538064 	 0.00112048
65 	 2135 	 0.943806 	 0.000538064 	 0.00112048
65 	 2140 	 0.943806 	 0.000538064 	 0.00112048
65 	 2145 	 0.943806 	 0.000538064 	 0.00112048
65 	 2150 	 0.943806 	 0.000538064 	 0.00112048
65 	 2155 	 0.943806 	 0.000538064 	 0.00112048
65 	 2160 	 0.943806 	 0.000538064 	 0.00112048
65 	 2165 	 0.943806 	 0.000538065 	 0.00112048
65 	 2170 	 0.943806 	 0.000538065 	 0.00112048
65 	 2175 	 0.943806 	 0.000538065 	 0.00112048
65 	 2180 	 0.943806 	 0.000538065 	 0.00112048
65 	 2185 	 0.943806 	 0.000538065 	 0.00112048
65 	 2190 	 0.943806 	 0.000538065 	 0.00112048
65 	 2195 	 0.943806 	 0.000538065 	 0.00112048
65 	 2200 	 0.943806 	 0.000538065 	 0.00112048
65 	 2205 	 0.943806 	 0.000538065 	 0.00112048
65 	 2210 	 0.943806 	 0.000538065 	 0.00112048
65 	 2215 	 0.943806 	 0.000538065 	 0.00112048
65 	 2220 	 0.943806 	 0.000538065 	 0.00112048
65 	 2225 	 0.943806 	 0.000538065 	 0.00112048
65 	 2230 	 0.943806 	 0.000538065 	 0.00112048
65 	 2235 	 0.943806 	 0.000538065 	 0.00112048
65 	 2240 	 0.943806 	 0.000538065 	 0.00112048
65 	 2245 	 0.943806 	 0.000538065 	 0.00112048
65 	 2250 	 0.943806 	 0.000538065 	 0.00112048
65 	 2255 	 0.943806 	 0.000538065 	 0.00112048
65 	 2260 	 0.943806 	 0.000538065 	 0.00112048
65 	 2265 	 0.943806 	 0.000538065 	 0.00112048
65 	 2270 	 0.943806 	 0.000538065 	 0.00112048
65 	 2275 	 0.943806 	 0.000538065 	 0.00112048
65 	 2280 	 0.943806 	 0.000538065 	 0.00112048
65 	 2285 	 0.943806 	 0.000538065 	 0.00112048
65 	 2290 	 0.943806 	 0.000538065 	 0.00112048
65 	 2295 	 0.943806 	 0.000538065 	 0.00112048
65 	 2300 	 0.943806 	 0.000538065 	 0.00112048
65 	 2305 	 0.943806 	 0.000538065 	 0.00112048
65 	 2310 	 0.943806 	 0.000538065 	 0.00112048
65 	 2315 	 0.943806 	 0.000538065 	 0.00112048
65 	 2320 	 0.943806 	 0.000538065 	 0.00112048
65 	 2325 	 0.943806 	 0.000538065 	 0.00112048
65 	 2330 	 0.943806 	 0.000538065 	 0.00112048
65 	 2335 	 0.943806 	 0.000538065 	 0.00112048
65 	 2340 	 0.943806 	 0.000538065 	 0.00112048
65 	 2345 	 0.943806 	 0.000538065 	 0.00112048
65 	 2350 	 0.943806 	 0.000538065 	 0.00112048
65 	 2355 	 0.943806 	 0.000538065 	 0.00112048
65 	 2360 	 0.943806 	 0.000538065 	 0.00112048
65 	 2365 	 0.943806 	 0.000538065 	 0.00112048
65 	 2370 	 0.943806 	 0.000538065 	 0.00112048
65 	 2375 	 0.943806 	 0.000538065 	 0.00112048
65 	 2380 	 0.943806 	 0.000538065 	 0.00112048
65 	 2385 	 0.943806 	 0.000538065 	 0.00112048
65 	 2390 	 0.943806 	 0.000538065 	 0.00112048
65 	 2395 	 0.943806 	 0.000538065 	 0.00112048
65 	 2400 	 0.943806 	 0.000538065 	 0.00112048
65 	 2405 	 0.943806 	 0.000538065 	 0.00112048
65 	 2410 	 0.943806 	 0.000538065 	 0.00112048
65 	 2415 	 0.943806 	 0.000538065 	 0.00112048
65 	 2420 	 0.943806 	 0.000538065 	 0.00112048
65 	 2425 	 0.943806 	 0.000538065 	 0.00112048
65 	 2430 	 0.943806 	 0.000538065 	 0.00112048
65 	 2435 	 0.943806 	 0.000538065 	 0.00112048
65 	 2440 	 0.943806 	 0.000538065 	 0.00112048
65 	 2445 	 0.943806 	 0.000538065 	 0.00112048
65 	 2450 	 0.943806 	 0.000538065 	 0.00112048
65 	 2455 	 0.943806 	 0.000538065 	 0.00112048
65 	 2460 	 0.943806 	 0.000538065 	 0.00112048
65 	 2465 	 0.943806 	 0.000538065 	 0.00112048
65 	 2470 	 0.943806 	 0.000538065 	 0.00112048
65 	 2475 	 0.943806 	 0.000538065 	 0.00112048
65 	 2480 	 0.943806 	 0.000538065 	 0.00112048
65 	 2485 	 0.943806 	 0.000538065 	 0.00112048
65 	 2490 	 0.943806 	 0.000538065 	 0.00112048
65 	 2495 	 0.943806 	 0.000538065 	 0.00112048
65 	 2500 	 0.943806 	 0.000538065 	 0.00112048
65 	 2505 	 0.943806 	 0.000538065 	 0.00112048
65 	 2510 	 0.943806 	 0.000538065 	 0.00112048
65 	 2515 	 0.943806 	 0.000538065 	 0.00112048
65 	 2520 	 0.943806 	 0.000538065 	 0.00112048
65 	 2525 	 0.943806 	 0.000538065 	 0.00112048
65 	 2530 	 0.943806 	 0.000538065 	 0.00112048
65 	 2535 	 0.943806 	 0.000538065 	 0.00112048
65 	 2540 	 0.943806 	 0.000538065 	 0.00112048
65 	 2545 	 0.943806 	 0.000538065 	 0.00112048
65 	 2550 	 0.943806 	 0.000538065 	 0.00112048
65 	 2555 	 0.943806 	 0.000538065 	 0.00112048
65 	 2560 	 0.943806 	 0.000538065 	 0.00112048
65 	 2565 	 0.943806 	 0.000538065 	 0.00112048
65 	 2570 	 0.943806 	 0.000538065 	 0.00112048
65 	 2575 	 0.943806 	 0.000538065 	 0.00112048
65 	 2580 	 0.943806 	 0.000538065 	 0.00112048
65 	 2585 	 0.943806 	 0.000538065 	 0.00112048
65 	 2590 	 0.943806 	 0.000538065 	 0.00112048
65 	 2595 	 0.943806 	 0.000538065 	 0.00112048
65 	 2600 	 0.943806 	 0.000538065 	 0.00112048
65 	 2605 	 0.943806 	 0.000538065 	 0.00112048
65 	 2610 	 0.943806 	 0.000538065 	 0.00112048
65 	 2615 	 0.943806 	 0.000538065 	 0.00112048
65 	 2620 	 0.943806 	 0.000538065 	 0.00112048
65 	 2625 	 0.943806 	 0.000538065 	 0.00112048
65 	 2630 	 0.943806 	 0.000538065 	 0.00112048
65 	 2635 	 0.943806 	 0.000538065 	 0.00112048
65 	 2640 	 0.943806 	 0.000538065 	 0.00112048
65 	 2645 	 0.943806 	 0.000538065 	 0.00112048
65 	 2650 	 0.943806 	 0.000538065 	 0.00112048
65 	 2655 	 0.943806 	 0.000538065 	 0.00112048
65 	 2660 	 0.943806 	 0.000538065 	 0.00112048
65 	 2665 	 0.943806 	 0.000538065 	 0.00112048
65 	 2670 	 0.943806 	 0.000538065 	 0.00112048
65 	 2675 	 0.943806 	 0.000538065 	 0.00112048
65 	 2680 	 0.943806 	 0.000538065 	 0.00112048
65 	 2685 	 0.943806 	 0.000538065 	 0.00112048
65 	 2690 	 0.943806 	 0.000538065 	 0.00112048
65 	 2695 	 0.943806 	 0.000538065 	 0.00112048
65 	 2700 	 0.943806 	 0.000538065 	 0.00112048
65 	 2705 	 0.943806 	 0.000538065 	 0.00112048
65 	 2710 	 0.943806 	 0.000538065 	 0.00112048
65 	 2715 	 0.943806 	 0.000538065 	 0.00112048
65 	 2720 	 0.943806 	 0.000538065 	 0.00112048
65 	 2725 	 0.943806 	 0.000538065 	 0.00112048
65 	 2730 	 0.943806 	 0.000538065 	 0.00112048
65 	 2735 	 0.943806 	 0.000538065 	 0.00112048
65 	 2740 	 0.943806 	 0.000538065 	 0.00112048
65 	 2745 	 0.943806 	 0.000538065 	 0.00112048
65 	 2750 	 0.943806 	 0.000538065 	 0.00112048
65 	 2755 	 0.943806 	 0.000538065 	 0.00112048
65 	 2760 	 0.943806 	 0.000538065 	 0.00112048
65 	 2765 	 0.943806 	 0.000538065 	 0.00112048
65 	 2770 	 0.943806 	 0.000538065 	 0.00112048
65 	 2775 	 0.943806 	 0.000538065 	 0.00112048
65 	 2780 	 0.943806 	 0.000538065 	 0.00112048
65 	 2785 	 0.943806 	 0.000538065 	 0.00112048
65 	 2790 	 0.943806 	 0.000538065 	 0.00112048
65 	 2795 	 0.943806 	 0.000538065 	 0.00112048
65 	 2800 	 0.943806 	 0.000538065 	 0.00112048
65 	 2805 	 0.943806 	 0.000538065 	 0.00112048
65 	 2810 	 0.943806 	 0.000538065 	 0.00112048
65 	 2815 	 0.943806 	 0.000538065 	 0.00112048
65 	 2820 	 0.943806 	 0.000538065 	 0.00112048
65 	 2825 	 0.943806 	 0.000538065 	 0.00112048
65 	 2830 	 0.943806 	 0.000538065 	 0.00112048
65 	 2835 	 0.943806 	 0.000538065 	 0.00112048
65 	 2840 	 0.943806 	 0.000538065 	 0.00112048
65 	 2845 	 0.943806 	 0.000538065 	 0.00112048
65 	 2850 	 0.943806 	 0.000538065 	 0.00112048
65 	 2855 	 0.943806 	 0.000538065 	 0.00112048
65 	 2860 	 0.943806 	 0.000538065 	 0.00112048
65 	 2865 	 0.943806 	 0.000538065 	 0.00112048
65 	 2870 	 0.943806 	 0.000538065 	 0.00112048
65 	 2875 	 0.943806 	 0.000538065 	 0.00112048
65 	 2880 	 0.943806 	 0.000538065 	 0.00112048
65 	 2885 	 0.943806 	 0.000538065 	 0.00112048
65 	 2890 	 0.943806 	 0.000538065 	 0.00112048
65 	 2895 	 0.943806 	 0.000538065 	 0.00112048
65 	 2900 	 0.943806 	 0.000538065 	 0.00112048
65 	 2905 	 0.943806 	 0.000538065 	 0.00112048
65 	 2910 	 0.943806 	 0.000538065 	 0.00112048
65 	 2915 	 0.943806 	 0.000538065 	 0.00112048
65 	 2920 	 0.943806 	 0.000538065 	 0.00112048
65 	 2925 	 0.943806 	 0.000538065 	 0.00112048
65 	 2930 	 0.943806 	 0.000538065 	 0.00112048
65 	 2935 	 0.943806 	 0.000538065 	 0.00112048
65 	 2940 	 0.943806 	 0.000538065 	 0.00112048
65 	 2945 	 0.943806 	 0.000538065 	 0.00112048
65 	 2950 	 0.943806 	 0.000538065 	 0.00112048
65 	 2955 	 0.943806 	 0.000538065 	 0.00112048
65 	 2960 	 0.943806 	 0.000538065 	 0.00112048
65 	 2965 	 0.943806 	 0.000538065 	 0.00112048
65 	 2970 	 0.943806 	 0.000538065 	 0.00112048
65 	 2975 	 0.943806 	 0.000538065 	 0.00112048
65 	 2980 	 0.943806 	 0.000538065 	 0.00112048
65 	 2985 	 0.943806 	 0.000538065 	 0.00112048
65 	 2990 	 0.943806 	 0.000538065 	 0.00112048
65 	 2995 	 0.943806 	 0.000538065 	 0.00112048
65 	 3000 	 0.943806 	 0.000538065 	 0.00112048
65 	 3005 	 0.943806 	 0.000538065 	 0.00112048
65 	 3010 	 0.943806 	 0.000538065 	 0.00112048
65 	 3015 	 0.943806 	 0.000538065 	 0.00112048
65 	 3020 	 0.943806 	 0.000538065 	 0.00112048
65 	 3025 	 0.943806 	 0.000538065 	 0.00112048
65 	 3030 	 0.943806 	 0.000538065 	 0.00112048
65 	 3035 	 0.943806 	 0.000538065 	 0.00112048
65 	 3040 	 0.943806 	 0.000538065 	 0.00112048
65 	 3045 	 0.943806 	 0.000538065 	 0.00112048
65 	 3050 	 0.943806 	 0.000538065 	 0.00112048
65 	 3055 	 0.943806 	 0.000538065 	 0.00112048
65 	 3060 	 0.943806 	 0.000538065 	 0.00112048
65 	 3065 	 0.943806 	 0.000538065 	 0.00112048
65 	 3070 	 0.943806 	 0.000538065 	 0.00112048
65 	 3075 	 0.943806 	 0.000538065 	 0.00112048
65 	 3080 	 0.943806 	 0.000538065 	 0.00112048
65 	 3085 	 0.943806 	 0.000538065 	 0.00112048
65 	 3090 	 0.943806 	 0.000538065 	 0.00112048
65 	 3095 	 0.943806 	 0.000538065 	 0.00112048
65 	 3100 	 0.943806 	 0.000538065 	 0.00112048
65 	 3105 	 0.943806 	 0.000538065 	 0.00112048
65 	 3110 	 0.943806 	 0.000538065 	 0.00112048
65 	 3115 	 0.943806 	 0.000538065 	 0.00112048
65 	 3120 	 0.943806 	 0.000538065 	 0.00112048
65 	 3125 	 0.943806 	 0.000538065 	 0.00112048
65 	 3130 	 0.943806 	 0.000538065 	 0.00112048
65 	 3135 	 0.943806 	 0.000538065 	 0.00112048
65 	 3140 	 0.943806 	 0.000538065 	 0.00112048
65 	 3145 	 0.943806 	 0.000538065 	 0.00112048
65 	 3150 	 0.943806 	 0.000538065 	 0.00112048
65 	 3155 	 0.943806 	 0.000538065 	 0.00112048
65 	 3160 	 0.943806 	 0.000538065 	 0.00112048
65 	 3165 	 0.943806 	 0.000538065 	 0.00112048
65 	 3170 	 0.943806 	 0.000538065 	 0.00112048
65 	 3175 	 0.943806 	 0.000538065 	 0.00112048
65 	 3180 	 0.943806 	 0.000538065 	 0.00112048
65 	 3185 	 0.943806 	 0.000538065 	 0.00112048
65 	 3190 	 0.943806 	 0.000538065 	 0.00112048
65 	 3195 	 0.943806 	 0.000538065 	 0.00112048
65 	 3200 	 0.943806 	 0.000538065 	 0.00112048
65 	 3205 	 0.943806 	 0.000538065 	 0.00112048
65 	 3210 	 0.943806 	 0.000538065 	 0.00112048
65 	 3215 	 0.943806 	 0.000538065 	 0.00112048
65 	 3220 	 0.943806 	 0.000538065 	 0.00112048
65 	 3225 	 0.943806 	 0.000538065 	 0.00112048
65 	 3230 	 0.943806 	 0.000538065 	 0.00112048
65 	 3235 	 0.943806 	 0.000538065 	 0.00112048
65 	 3240 	 0.943806 	 0.000538065 	 0.00112048
65 	 3245 	 0.943806 	 0.000538065 	 0.00112048
65 	 3250 	 0.943806 	 0.000538065 	 0.00112048
65 	 3255 	 0.943806 	 0.000538065 	 0.00112048
65 	 3260 	 0.943806 	 0.000538065 	 0.00112048
65 	 3265 	 0.943806 	 0.000538065 	 0.00112048
65 	 3270 	 0.943806 	 0.000538065 	 0.00112048
65 	 3275 	 0.943806 	 0.000538065 	 0.00112048
65 	 3280 	 0.943806 	 0.000538065 	 0.00112048
65 	 3285 	 0.943806 	 0.000538065 	 0.00112048
65 	 3290 	 0.943806 	 0.000538065 	 0.00112048
65 	 3295 	 0.943806 	 0.000538065 	 0.00112048
65 	 3300 	 0.943806 	 0.000538065 	 0.00112048
65 	 3305 	 0.943806 	 0.000538065 	 0.00112048
65 	 3310 	 0.943806 	 0.000538065 	 0.00112048
65 	 3315 	 0.943806 	 0.000538065 	 0.00112048
65 	 3320 	 0.943806 	 0.000538065 	 0.00112048
65 	 3325 	 0.943806 	 0.000538065 	 0.00112048
65 	 3330 	 0.943806 	 0.000538065 	 0.00112048
65 	 3335 	 0.943806 	 0.000538065 	 0.00112048
65 	 3340 	 0.943806 	 0.000538065 	 0.00112048
65 	 3345 	 0.943806 	 0.000538065 	 0.00112048
65 	 3350 	 0.943806 	 0.000538065 	 0.00112048
65 	 3355 	 0.943806 	 0.000538065 	 0.00112048
65 	 3360 	 0.943806 	 0.000538065 	 0.00112048
65 	 3365 	 0.943806 	 0.000538065 	 0.00112048
65 	 3370 	 0.943806 	 0.000538065 	 0.00112048
65 	 3375 	 0.943806 	 0.000538065 	 0.00112048
65 	 3380 	 0.943806 	 0.000538065 	 0.00112048
65 	 3385 	 0.943806 	 0.000538065 	 0.00112048
65 	 3390 	 0.943806 	 0.000538065 	 0.00112048
65 	 3395 	 0.943806 	 0.000538065 	 0.00112048
65 	 3400 	 0.943806 	 0.000538065 	 0.00112048
65 	 3405 	 0.943806 	 0.000538065 	 0.00112048
65 	 3410 	 0.943806 	 0.000538065 	 0.00112048
65 	 3415 	 0.943806 	 0.000538065 	 0.00112048
65 	 3420 	 0.943806 	 0.000538065 	 0.00112048
65 	 3425 	 0.943806 	 0.000538065 	 0.00112048
65 	 3430 	 0.943806 	 0.000538065 	 0.00112048
65 	 3435 	 0.943806 	 0.000538065 	 0.00112048
65 	 3440 	 0.943806 	 0.000538065 	 0.00112048
65 	 3445 	 0.943806 	 0.000538065 	 0.00112048
65 	 3450 	 0.943806 	 0.000538065 	 0.00112048
65 	 3455 	 0.943806 	 0.000538065 	 0.00112048
65 	 3460 	 0.943806 	 0.000538065 	 0.00112048
65 	 3465 	 0.943806 	 0.000538065 	 0.00112048
65 	 3470 	 0.943806 	 0.000538065 	 0.00112048
65 	 3475 	 0.943806 	 0.000538065 	 0.00112048
65 	 3480 	 0.943806 	 0.000538065 	 0.00112048
65 	 3485 	 0.943806 	 0.000538065 	 0.00112048
65 	 3490 	 0.943806 	 0.000538065 	 0.00112048
65 	 3495 	 0.943806 	 0.000538065 	 0.00112048
65 	 3500 	 0.943806 	 0.000538065 	 0.00112048
65 	 3505 	 0.943806 	 0.000538065 	 0.00112048
65 	 3510 	 0.943806 	 0.000538065 	 0.00112048
65 	 3515 	 0.943806 	 0.000538065 	 0.00112048
65 	 3520 	 0.943806 	 0.000538065 	 0.00112048
65 	 3525 	 0.943806 	 0.000538065 	 0.00112048
65 	 3530 	 0.943806 	 0.000538065 	 0.00112048
65 	 3535 	 0.943806 	 0.000538065 	 0.00112048
65 	 3540 	 0.943806 	 0.000538065 	 0.00112048
65 	 3545 	 0.943806 	 0.000538065 	 0.00112048
65 	 3550 	 0.943806 	 0.000538065 	 0.00112048
65 	 3555 	 0.943806 	 0.000538065 	 0.00112048
65 	 3560 	 0.943806 	 0.000538065 	 0.00112048
65 	 3565 	 0.943806 	 0.000538065 	 0.00112048
65 	 3570 	 0.943806 	 0.000538065 	 0.00112048
65 	 3575 	 0.943806 	 0.000538065 	 0.00112048
65 	 3580 	 0.943806 	 0.000538065 	 0.00112048
65 	 3585 	 0.943806 	 0.000538065 	 0.00112048
65 	 3590 	 0.943806 	 0.000538065 	 0.00112048
65 	 3595 	 0.943806 	 0.000538065 	 0.00112048
65 	 3600 	 0.943806 	 0.000538065 	 0.00112048
65 	 3605 	 0.943806 	 0.000538065 	 0.00112048
65 	 3610 	 0.943806 	 0.000538065 	 0.00112048
65 	 3615 	 0.943806 	 0.000538065 	 0.00112048
65 	 3620 	 0.943806 	 0.000538065 	 0.00112048
65 	 3625 	 0.943806 	 0.000538065 	 0.00112048
65 	 3630 	 0.943806 	 0.000538065 	 0.00112048
65 	 3635 	 0.943806 	 0.000538065 	 0.00112048
65 	 3640 	 0.943806 	 0.000538065 	 0.00112048
65 	 3645 	 0.943806 	 0.000538065 	 0.00112048
65 	 3650 	 0.943806 	 0.000538065 	 0.00112048
65 	 3655 	 0.943806 	 0.000538065 	 0.00112048
65 	 3660 	 0.943806 	 0.000538065 	 0.00112048
65 	 3665 	 0.943806 	 0.000538065 	 0.00112048
65 	 3670 	 0.943806 	 0.000538065 	 0.00112048
65 	 3675 	 0.943806 	 0.000538065 	 0.00112048
65 	 3680 	 0.943806 	 0.000538065 	 0.00112048
65 	 3685 	 0.943806 	 0.000538065 	 0.00112048
65 	 3690 	 0.943806 	 0.000538065 	 0.00112048
65 	 3695 	 0.943806 	 0.000538065 	 0.00112048
65 	 3700 	 0.943806 	 0.000538065 	 0.00112048
65 	 3705 	 0.943806 	 0.000538065 	 0.00112048
65 	 3710 	 0.943806 	 0.000538065 	 0.00112048
65 	 3715 	 0.943806 	 0.000538065 	 0.00112048
65 	 3720 	 0.943806 	 0.000538065 	 0.00112048
65 	 3725 	 0.943806 	 0.000538065 	 0.00112048
65 	 3730 	 0.943806 	 0.000538065 	 0.00112048
65 	 3735 	 0.943806 	 0.000538065 	 0.00112048
65 	 3740 	 0.943806 	 0.000538065 	 0.00112048
65 	 3745 	 0.943806 	 0.000538065 	 0.00112048
65 	 3750 	 0.943806 	 0.000538065 	 0.00112048
65 	 3755 	 0.943806 	 0.000538065 	 0.00112048
65 	 3760 	 0.943806 	 0.000538065 	 0.00112048
65 	 3765 	 0.943806 	 0.000538065 	 0.00112048
65 	 3770 	 0.943806 	 0.000538065 	 0.00112048
65 	 3775 	 0.943806 	 0.000538065 	 0.00112048
65 	 3780 	 0.943806 	 0.000538065 	 0.00112048
65 	 3785 	 0.943806 	 0.000538065 	 0.00112048
65 	 3790 	 0.943806 	 0.000538065 	 0.00112048
65 	 3795 	 0.943806 	 0.000538065 	 0.00112048
65 	 3800 	 0.943806 	 0.000538065 	 0.00112048
65 	 3805 	 0.943806 	 0.000538065 	 0.00112048
65 	 3810 	 0.943806 	 0.000538065 	 0.00112048
65 	 3815 	 0.943806 	 0.000538065 	 0.00112048
65 	 3820 	 0.943806 	 0.000538065 	 0.00112048
65 	 3825 	 0.943806 	 0.000538065 	 0.00112048
65 	 3830 	 0.943806 	 0.000538065 	 0.00112048
65 	 3835 	 0.943806 	 0.000538065 	 0.00112048
65 	 3840 	 0.943806 	 0.000538065 	 0.00112048
65 	 3845 	 0.943806 	 0.000538065 	 0.00112048
65 	 3850 	 0.943806 	 0.000538065 	 0.00112048
65 	 3855 	 0.943806 	 0.000538065 	 0.00112048
65 	 3860 	 0.943806 	 0.000538065 	 0.00112048
65 	 3865 	 0.943806 	 0.000538065 	 0.00112048
65 	 3870 	 0.943806 	 0.000538065 	 0.00112048
65 	 3875 	 0.943806 	 0.000538065 	 0.00112048
65 	 3880 	 0.943806 	 0.000538065 	 0.00112048
65 	 3885 	 0.943806 	 0.000538065 	 0.00112048
65 	 3890 	 0.943806 	 0.000538065 	 0.00112048
65 	 3895 	 0.943806 	 0.000538065 	 0.00112048
65 	 3900 	 0.943806 	 0.000538065 	 0.00112048
65 	 3905 	 0.943806 	 0.000538065 	 0.00112048
65 	 3910 	 0.943806 	 0.000538065 	 0.00112048
65 	 3915 	 0.943806 	 0.000538065 	 0.00112048
65 	 3920 	 0.943806 	 0.000538065 	 0.00112048
65 	 3925 	 0.943806 	 0.000538065 	 0.00112048
65 	 3930 	 0.943806 	 0.000538065 	 0.00112048
65 	 3935 	 0.943806 	 0.000538065 	 0.00112048
65 	 3940 	 0.943806 	 0.000538065 	 0.00112048
65 	 3945 	 0.943806 	 0.000538065 	 0.00112048
65 	 3950 	 0.943806 	 0.000538065 	 0.00112048
65 	 3955 	 0.943806 	 0.000538065 	 0.00112048
65 	 3960 	 0.943806 	 0.000538065 	 0.00112048
65 	 3965 	 0.943806 	 0.000538065 	 0.00112048
65 	 3970 	 0.943806 	 0.000538065 	 0.00112048
65 	 3975 	 0.943806 	 0.000538065 	 0.00112048
65 	 3980 	 0.943806 	 0.000538065 	 0.00112048
65 	 3985 	 0.943806 	 0.000538065 	 0.00112048
65 	 3990 	 0.943806 	 0.000538065 	 0.00112048
65 	 3995 	 0.943806 	 0.000538065 	 0.00112048
65 	 4000 	 0.943806 	 0.000538065 	 0.00112048
65 	 4005 	 0.943806 	 0.000538065 	 0.00112048
65 	 4010 	 0.943806 	 0.000538065 	 0.00112048
65 	 4015 	 0.943806 	 0.000538065 	 0.00112048
65 	 4020 	 0.943806 	 0.000538065 	 0.00112048
65 	 4025 	 0.943806 	 0.000538065 	 0.00112048
65 	 4030 	 0.943806 	 0.000538065 	 0.00112048
65 	 4035 	 0.943806 	 0.000538065 	 0.00112048
65 	 4040 	 0.943806 	 0.000538065 	 0.00112048
65 	 4045 	 0.943806 	 0.000538065 	 0.00112048
65 	 4050 	 0.943806 	 0.000538065 	 0.00112048
65 	 4055 	 0.943806 	 0.000538065 	 0.00112048
65 	 4060 	 0.943806 	 0.000538065 	 0.00112048
65 	 4065 	 0.943806 	 0.000538065 	 0.00112048
65 	 4070 	 0.943806 	 0.000538065 	 0.00112048
65 	 4075 	 0.943806 	 0.000538065 	 0.00112048
65 	 4080 	 0.943806 	 0.000538065 	 0.00112048
65 	 4085 	 0.943806 	 0.000538065 	 0.00112048
65 	 4090 	 0.943806 	 0.000538065 	 0.00112048
65 	 4095 	 0.943806 	 0.000538065 	 0.00112048
65 	 4100 	 0.943806 	 0.000538065 	 0.00112048
65 	 4105 	 0.943806 	 0.000538065 	 0.00112048
65 	 4110 	 0.943806 	 0.000538065 	 0.00112048
65 	 4115 	 0.943806 	 0.000538065 	 0.00112048
65 	 4120 	 0.943806 	 0.000538065 	 0.00112048
65 	 4125 	 0.943806 	 0.000538065 	 0.00112048
65 	 4130 	 0.943806 	 0.000538065 	 0.00112048
65 	 4135 	 0.943806 	 0.000538065 	 0.00112048
65 	 4140 	 0.943806 	 0.000538065 	 0.00112048
65 	 4145 	 0.943806 	 0.000538065 	 0.00112048
65 	 4150 	 0.943806 	 0.000538065 	 0.00112048
65 	 4155 	 0.943806 	 0.000538065 	 0.00112048
65 	 4160 	 0.943806 	 0.000538065 	 0.00112048
65 	 4165 	 0.943806 	 0.000538065 	 0.00112048
65 	 4170 	 0.943806 	 0.000538065 	 0.00112048
65 	 4175 	 0.943806 	 0.000538065 	 0.00112048
65 	 4180 	 0.943806 	 0.000538065 	 0.00112048
65 	 4185 	 0.943806 	 0.000538065 	 0.00112048
65 	 4190 	 0.943806 	 0.000538065 	 0.00112048
65 	 4195 	 0.943806 	 0.000538065 	 0.00112048
65 	 4200 	 0.943806 	 0.000538065 	 0.00112048
65 	 4205 	 0.943806 	 0.000538065 	 0.00112048
65 	 4210 	 0.943806 	 0.000538065 	 0.00112048
65 	 4215 	 0.943806 	 0.000538065 	 0.00112048
65 	 4220 	 0.943806 	 0.000538065 	 0.00112048
65 	 4225 	 0.943806 	 0.000538065 	 0.00112048
65 	 4230 	 0.943806 	 0.000538065 	 0.00112048
65 	 4235 	 0.943806 	 0.000538065 	 0.00112048
65 	 4240 	 0.943806 	 0.000538065 	 0.00112048
65 	 4245 	 0.943806 	 0.000538065 	 0.00112048
65 	 4250 	 0.943806 	 0.000538065 	 0.00112048
65 	 4255 	 0.943806 	 0.000538065 	 0.00112048
65 	 4260 	 0.943806 	 0.000538065 	 0.00112048
65 	 4265 	 0.943806 	 0.000538065 	 0.00112048
65 	 4270 	 0.943806 	 0.000538065 	 0.00112048
65 	 4275 	 0.943806 	 0.000538065 	 0.00112048
65 	 4280 	 0.943806 	 0.000538065 	 0.00112048
65 	 4285 	 0.943806 	 0.000538065 	 0.00112048
65 	 4290 	 0.943806 	 0.000538065 	 0.00112048
65 	 4295 	 0.943806 	 0.000538065 	 0.00112048
65 	 4300 	 0.943806 	 0.000538065 	 0.00112048
65 	 4305 	 0.943806 	 0.000538065 	 0.00112048
65 	 4310 	 0.943806 	 0.000538065 	 0.00112048
65 	 4315 	 0.943806 	 0.000538065 	 0.00112048
65 	 4320 	 0.943806 	 0.000538065 	 0.00112048
65 	 4325 	 0.943806 	 0.000538065 	 0.00112048
65 	 4330 	 0.943806 	 0.000538065 	 0.00112048
65 	 4335 	 0.943806 	 0.000538065 	 0.00112048
65 	 4340 	 0.943806 	 0.000538065 	 0.00112048
65 	 4345 	 0.943806 	 0.000538065 	 0.00112048
65 	 4350 	 0.943806 	 0.000538065 	 0.00112048
65 	 4355 	 0.943806 	 0.000538065 	 0.00112048
65 	 4360 	 0.943806 	 0.000538065 	 0.00112048
65 	 4365 	 0.943806 	 0.000538065 	 0.00112048
65 	 4370 	 0.943806 	 0.000538065 	 0.00112048
65 	 4375 	 0.943806 	 0.000538065 	 0.00112048
65 	 4380 	 0.943806 	 0.000538065 	 0.00112048
65 	 4385 	 0.943806 	 0.000538065 	 0.00112048
65 	 4390 	 0.943806 	 0.000538065 	 0.00112048
65 	 4395 	 0.943806 	 0.000538065 	 0.00112048
65 	 4400 	 0.943806 	 0.000538065 	 0.00112048
65 	 4405 	 0.943806 	 0.000538065 	 0.00112048
65 	 4410 	 0.943806 	 0.000538065 	 0.00112048
65 	 4415 	 0.943806 	 0.000538065 	 0.00112048
65 	 4420 	 0.943806 	 0.000538065 	 0.00112048
65 	 4425 	 0.943806 	 0.000538065 	 0.00112048
65 	 4430 	 0.943806 	 0.000538065 	 0.00112048
65 	 4435 	 0.943806 	 0.000538065 	 0.00112048
65 	 4440 	 0.943806 	 0.000538065 	 0.00112048
65 	 4445 	 0.943806 	 0.000538065 	 0.00112048
65 	 4450 	 0.943806 	 0.000538065 	 0.00112048
65 	 4455 	 0.943806 	 0.000538065 	 0.00112048
65 	 4460 	 0.943806 	 0.000538065 	 0.00112048
65 	 4465 	 0.943806 	 0.000538065 	 0.00112048
65 	 4470 	 0.943806 	 0.000538065 	 0.00112048
65 	 4475 	 0.943806 	 0.000538065 	 0.00112048
65 	 4480 	 0.943806 	 0.000538065 	 0.00112048
65 	 4485 	 0.943806 	 0.000538065 	 0.00112048
65 	 4490 	 0.943806 	 0.000538065 	 0.00112048
65 	 4495 	 0.943806 	 0.000538065 	 0.00112048
65 	 4500 	 0.943806 	 0.000538065 	 0.00112048
65 	 4505 	 0.943806 	 0.000538065 	 0.00112048
65 	 4510 	 0.943806 	 0.000538065 	 0.00112048
65 	 4515 	 0.943806 	 0.000538065 	 0.00112048
65 	 4520 	 0.943806 	 0.000538065 	 0.00112048
65 	 4525 	 0.943806 	 0.000538065 	 0.00112048
65 	 4530 	 0.943806 	 0.000538065 	 0.00112048
65 	 4535 	 0.943806 	 0.000538065 	 0.00112048
65 	 4540 	 0.943806 	 0.000538065 	 0.00112048
65 	 4545 	 0.943806 	 0.000538065 	 0.00112048
65 	 4550 	 0.943806 	 0.000538065 	 0.00112048
65 	 4555 	 0.943806 	 0.000538065 	 0.00112048
65 	 4560 	 0.943806 	 0.000538065 	 0.00112048
65 	 4565 	 0.943806 	 0.000538065 	 0.00112048
65 	 4570 	 0.943806 	 0.000538065 	 0.00112048
65 	 4575 	 0.943806 	 0.000538065 	 0.00112048
65 	 4580 	 0.943806 	 0.000538065 	 0.00112048
65 	 4585 	 0.943806 	 0.000538065 	 0.00112048
65 	 4590 	 0.943806 	 0.000538065 	 0.00112048
65 	 4595 	 0.943806 	 0.000538065 	 0.00112048
65 	 4600 	 0.943806 	 0.000538065 	 0.00112048
65 	 4605 	 0.943806 	 0.000538065 	 0.00112048
65 	 4610 	 0.943806 	 0.000538065 	 0.00112048
65 	 4615 	 0.943806 	 0.000538065 	 0.00112048
65 	 4620 	 0.943806 	 0.000538065 	 0.00112048
65 	 4625 	 0.943806 	 0.000538065 	 0.00112048
65 	 4630 	 0.943806 	 0.000538065 	 0.00112048
65 	 4635 	 0.943806 	 0.000538065 	 0.00112048
65 	 4640 	 0.943806 	 0.000538065 	 0.00112048
65 	 4645 	 0.943806 	 0.000538065 	 0.00112048
65 	 4650 	 0.943806 	 0.000538065 	 0.00112048
65 	 4655 	 0.943806 	 0.000538065 	 0.00112048
65 	 4660 	 0.943806 	 0.000538065 	 0.00112048
65 	 4665 	 0.943806 	 0.000538065 	 0.00112048
65 	 4670 	 0.943806 	 0.000538065 	 0.00112048
65 	 4675 	 0.943806 	 0.000538065 	 0.00112048
65 	 4680 	 0.943806 	 0.000538065 	 0.00112048
65 	 4685 	 0.943806 	 0.000538065 	 0.00112048
65 	 4690 	 0.943806 	 0.000538065 	 0.00112048
65 	 4695 	 0.943806 	 0.000538065 	 0.00112048
65 	 4700 	 0.943806 	 0.000538065 	 0.00112048
65 	 4705 	 0.943806 	 0.000538065 	 0.00112048
65 	 4710 	 0.943806 	 0.000538065 	 0.00112048
65 	 4715 	 0.943806 	 0.000538065 	 0.00112048
65 	 4720 	 0.943806 	 0.000538065 	 0.00112048
65 	 4725 	 0.943806 	 0.000538065 	 0.00112048
65 	 4730 	 0.943806 	 0.000538065 	 0.00112048
65 	 4735 	 0.943806 	 0.000538065 	 0.00112048
65 	 4740 	 0.943806 	 0.000538065 	 0.00112048
65 	 4745 	 0.943806 	 0.000538065 	 0.00112048
65 	 4750 	 0.943806 	 0.000538065 	 0.00112048
65 	 4755 	 0.943806 	 0.000538065 	 0.00112048
65 	 4760 	 0.943806 	 0.000538065 	 0.00112048
65 	 4765 	 0.943806 	 0.000538065 	 0.00112048
65 	 4770 	 0.943806 	 0.000538065 	 0.00112048
65 	 4775 	 0.943806 	 0.000538065 	 0.00112048
65 	 4780 	 0.943806 	 0.000538065 	 0.00112048
65 	 4785 	 0.943806 	 0.000538065 	 0.00112048
65 	 4790 	 0.943806 	 0.000538065 	 0.00112048
65 	 4795 	 0.943806 	 0.000538065 	 0.00112048
65 	 4800 	 0.943806 	 0.000538065 	 0.00112048
65 	 4805 	 0.943806 	 0.000538065 	 0.00112048
65 	 4810 	 0.943806 	 0.000538065 	 0.00112048
65 	 4815 	 0.943806 	 0.000538065 	 0.00112048
65 	 4820 	 0.943806 	 0.000538065 	 0.00112048
65 	 4825 	 0.943806 	 0.000538065 	 0.00112048
65 	 4830 	 0.943806 	 0.000538065 	 0.00112048
65 	 4835 	 0.943806 	 0.000538065 	 0.00112048
65 	 4840 	 0.943806 	 0.000538065 	 0.00112048
65 	 4845 	 0.943806 	 0.000538065 	 0.00112048
65 	 4850 	 0.943806 	 0.000538065 	 0.00112048
65 	 4855 	 0.943806 	 0.000538065 	 0.00112048
65 	 4860 	 0.943806 	 0.000538065 	 0.00112048
65 	 4865 	 0.943806 	 0.000538065 	 0.00112048
65 	 4870 	 0.943806 	 0.000538065 	 0.00112048
65 	 4875 	 0.943806 	 0.000538065 	 0.00112048
65 	 4880 	 0.943806 	 0.000538065 	 0.00112048
65 	 4885 	 0.943806 	 0.000538065 	 0.00112048
65 	 4890 	 0.943806 	 0.000538065 	 0.00112048
65 	 4895 	 0.943806 	 0.000538065 	 0.00112048
65 	 4900 	 0.943806 	 0.000538065 	 0.00112048
65 	 4905 	 0.943806 	 0.000538065 	 0.00112048
65 	 4910 	 0.943806 	 0.000538065 	 0.00112048
65 	 4915 	 0.943806 	 0.000538065 	 0.00112048
65 	 4920 	 0.943806 	 0.000538065 	 0.00112048
65 	 4925 	 0.943806 	 0.000538065 	 0.00112048
65 	 4930 	 0.943806 	 0.000538065 	 0.00112048
65 	 4935 	 0.943806 	 0.000538065 	 0.00112048
65 	 4940 	 0.943806 	 0.000538065 	 0.00112048
65 	 4945 	 0.943806 	 0.000538065 	 0.00112048
65 	 4950 	 0.943806 	 0.000538065 	 0.00112048
65 	 4955 	 0.943806 	 0.000538065 	 0.00112048
65 	 4960 	 0.943806 	 0.000538065 	 0.00112048
65 	 4965 	 0.943806 	 0.000538065 	 0.00112048
65 	 4970 	 0.943806 	 0.000538065 	 0.00112048
65 	 4975 	 0.943806 	 0.000538065 	 0.00112048
65 	 4980 	 0.943806 	 0.000538065 	 0.00112048
65 	 4985 	 0.943806 	 0.000538065 	 0.00112048
65 	 4990 	 0.943806 	 0.000538065 	 0.00112048
65 	 4995 	 0.943806 	 0.000538065 	 0.00112048
65 	 5000 	 0.943806 	 0.000538065 	 0.00112048
