2790 	 5 	 0.734597 	 0.00295529 	 0.00615419
2790 	 10 	 0.734598 	 0.00295517 	 0.00615394
2790 	 15 	 0.734598 	 0.00295421 	 0.00615194
2790 	 20 	 0.734603 	 0.00294678 	 0.00613647
2790 	 25 	 0.734651 	 0.00289592 	 0.00603054
2790 	 30 	 0.735111 	 0.00273365 	 0.00569263
2790 	 35 	 0.73931 	 0.00459697 	 0.00957287
2790 	 40 	 0.764694 	 0.00252313 	 0.00525425
2790 	 45 	 0.803055 	 0.00987495 	 0.0205639
2790 	 50 	 0.813994 	 0.00241747 	 0.00503421
2790 	 55 	 0.816089 	 0.00181169 	 0.00377272
2790 	 60 	 0.817082 	 0.0018466 	 0.00384541
2790 	 65 	 0.817941 	 0.00173374 	 0.00361039
2790 	 70 	 0.818767 	 0.00160867 	 0.00334994
2790 	 75 	 0.819571 	 0.00149488 	 0.00311298
2790 	 80 	 0.820355 	 0.00139579 	 0.00290664
2790 	 85 	 0.82112 	 0.00131215 	 0.00273246
2790 	 90 	 0.821865 	 0.0012442 	 0.00259095
2790 	 95 	 0.822593 	 0.00119188 	 0.002482
2790 	 100 	 0.823302 	 0.00115474 	 0.00240467
2790 	 105 	 0.823993 	 0.00113192 	 0.00235715
2790 	 110 	 0.824667 	 0.00112214 	 0.00233678
2790 	 115 	 0.825325 	 0.00112381 	 0.00234026
2790 	 120 	 0.825966 	 0.00113517 	 0.00236391
2790 	 125 	 0.826591 	 0.00115441 	 0.00240398
2790 	 130 	 0.827201 	 0.00117984 	 0.00245693
2790 	 135 	 0.827795 	 0.00120991 	 0.00251956
2790 	 140 	 0.828375 	 0.0012433 	 0.00258908
2790 	 145 	 0.82894 	 0.00127889 	 0.0026632
2790 	 150 	 0.829491 	 0.00131577 	 0.00273999
2790 	 155 	 0.830029 	 0.0013532 	 0.00281794
2790 	 160 	 0.830553 	 0.00139061 	 0.00289585
2790 	 165 	 0.831064 	 0.00142754 	 0.00297276
2790 	 170 	 0.831563 	 0.00146365 	 0.00304796
2790 	 175 	 0.832049 	 0.00149868 	 0.00312089
2790 	 180 	 0.832523 	 0.00153242 	 0.00319117
2790 	 185 	 0.832985 	 0.00156475 	 0.00325848
2790 	 190 	 0.833436 	 0.00159556 	 0.00332264
2790 	 195 	 0.833875 	 0.00162479 	 0.00338352
2790 	 200 	 0.834304 	 0.00165242 	 0.00344104
2790 	 205 	 0.834722 	 0.00167841 	 0.00349518
2790 	 210 	 0.835129 	 0.0017028 	 0.00354595
2790 	 215 	 0.835527 	 0.00172558 	 0.0035934
2790 	 220 	 0.835914 	 0.0017468 	 0.00363759
2790 	 225 	 0.836292 	 0.00176649 	 0.00367859
2790 	 230 	 0.836661 	 0.0017847 	 0.00371651
2790 	 235 	 0.83702 	 0.00180147 	 0.00375144
2790 	 240 	 0.83737 	 0.00181687 	 0.0037835
2790 	 245 	 0.837712 	 0.00183094 	 0.00381281
2790 	 250 	 0.838045 	 0.00184375 	 0.00383949
2790 	 255 	 0.83837 	 0.00185536 	 0.00386367
2790 	 260 	 0.838687 	 0.00186583 	 0.00388546
2790 	 265 	 0.838996 	 0.00187522 	 0.00390501
2790 	 270 	 0.839297 	 0.00188358 	 0.00392243
2790 	 275 	 0.839591 	 0.00189099 	 0.00393784
2790 	 280 	 0.839878 	 0.00189749 	 0.00395138
2790 	 285 	 0.840157 	 0.00190315 	 0.00396317
2790 	 290 	 0.84043 	 0.00190802 	 0.00397331
2790 	 295 	 0.840695 	 0.00191216 	 0.00398194
2790 	 300 	 0.840954 	 0.00191562 	 0.00398915
2790 	 305 	 0.841207 	 0.00191847 	 0.00399507
2790 	 310 	 0.841453 	 0.00192074 	 0.0039998
2790 	 315 	 0.841694 	 0.00192248 	 0.00400344
2790 	 320 	 0.841928 	 0.00192376 	 0.00400609
2790 	 325 	 0.842156 	 0.0019246 	 0.00400785
2790 	 330 	 0.842379 	 0.00192507 	 0.00400882
2790 	 335 	 0.842596 	 0.00192519 	 0.00400908
2790 	 340 	 0.842808 	 0.00192502 	 0.00400871
2790 	 345 	 0.843015 	 0.00192458 	 0.00400781
2790 	 350 	 0.843216 	 0.00192392 	 0.00400644
2790 	 355 	 0.843413 	 0.00192308 	 0.00400468
2790 	 360 	 0.843604 	 0.00192209 	 0.00400261
2790 	 365 	 0.843791 	 0.00192097 	 0.00400029
2790 	 370 	 0.843973 	 0.00191977 	 0.00399779
2790 	 375 	 0.844151 	 0.00191851 	 0.00399517
2790 	 380 	 0.844324 	 0.00191722 	 0.00399247
2790 	 385 	 0.844493 	 0.00191592 	 0.00398977
2790 	 390 	 0.844658 	 0.00191464 	 0.0039871
2790 	 395 	 0.844818 	 0.0019134 	 0.00398452
2790 	 400 	 0.844975 	 0.00191222 	 0.00398206
2790 	 405 	 0.845127 	 0.00191112 	 0.00397977
2790 	 410 	 0.845276 	 0.00191012 	 0.00397769
2790 	 415 	 0.845422 	 0.00190924 	 0.00397585
2790 	 420 	 0.845563 	 0.00190848 	 0.00397428
2790 	 425 	 0.845701 	 0.00190787 	 0.00397301
2790 	 430 	 0.845836 	 0.00190742 	 0.00397206
2790 	 435 	 0.845967 	 0.00190713 	 0.00397146
2790 	 440 	 0.846095 	 0.00190702 	 0.00397124
2790 	 445 	 0.84622 	 0.0019071 	 0.00397139
2790 	 450 	 0.846342 	 0.00190737 	 0.00397195
2790 	 455 	 0.846461 	 0.00190783 	 0.00397293
2790 	 460 	 0.846577 	 0.00190851 	 0.00397433
2790 	 465 	 0.846689 	 0.00190939 	 0.00397616
2790 	 470 	 0.8468 	 0.00191048 	 0.00397844
2790 	 475 	 0.846907 	 0.00191179 	 0.00398116
2790 	 480 	 0.847012 	 0.00191331 	 0.00398433
2790 	 485 	 0.847114 	 0.00191505 	 0.00398795
2790 	 490 	 0.847213 	 0.001917 	 0.00399202
2790 	 495 	 0.84731 	 0.00191917 	 0.00399654
2790 	 500 	 0.847405 	 0.00192156 	 0.00400151
2790 	 505 	 0.847497 	 0.00192415 	 0.00400691
2790 	 510 	 0.847587 	 0.00192695 	 0.00401275
2790 	 515 	 0.847675 	 0.00192996 	 0.00401901
2790 	 520 	 0.847761 	 0.00193317 	 0.0040257
2790 	 525 	 0.847844 	 0.00193658 	 0.00403279
2790 	 530 	 0.847926 	 0.00194018 	 0.00404029
2790 	 535 	 0.848005 	 0.00194397 	 0.00404818
2790 	 540 	 0.848082 	 0.00194794 	 0.00405645
2790 	 545 	 0.848158 	 0.00195209 	 0.00406509
2790 	 550 	 0.848232 	 0.00195641 	 0.00407408
2790 	 555 	 0.848303 	 0.00196089 	 0.00408342
2790 	 560 	 0.848373 	 0.00196553 	 0.00409309
2790 	 565 	 0.848442 	 0.00197033 	 0.00410307
2790 	 570 	 0.848508 	 0.00197527 	 0.00411336
2790 	 575 	 0.848573 	 0.00198035 	 0.00412395
2790 	 580 	 0.848636 	 0.00198557 	 0.00413481
2790 	 585 	 0.848698 	 0.00199091 	 0.00414593
2790 	 590 	 0.848758 	 0.00199637 	 0.0041573
2790 	 595 	 0.848817 	 0.00200194 	 0.00416891
2790 	 600 	 0.848874 	 0.00200763 	 0.00418074
2790 	 605 	 0.84893 	 0.00201341 	 0.00419278
2790 	 610 	 0.848984 	 0.00201928 	 0.00420501
2790 	 615 	 0.849037 	 0.00202524 	 0.00421743
2790 	 620 	 0.849089 	 0.00203129 	 0.00423001
2790 	 625 	 0.84914 	 0.0020374 	 0.00424275
2790 	 630 	 0.849189 	 0.00204359 	 0.00425563
2790 	 635 	 0.849237 	 0.00204984 	 0.00426864
2790 	 640 	 0.849284 	 0.00205614 	 0.00428177
2790 	 645 	 0.849329 	 0.0020625 	 0.00429501
2790 	 650 	 0.849374 	 0.0020689 	 0.00430834
2790 	 655 	 0.849417 	 0.00207534 	 0.00432175
2790 	 660 	 0.849459 	 0.00208182 	 0.00433524
2790 	 665 	 0.849501 	 0.00208832 	 0.00434878
2790 	 670 	 0.849541 	 0.00209485 	 0.00436238
2790 	 675 	 0.84958 	 0.0021014 	 0.00437602
2790 	 680 	 0.849618 	 0.00210796 	 0.00438969
2790 	 685 	 0.849656 	 0.00211454 	 0.00440338
2790 	 690 	 0.849692 	 0.00212112 	 0.00441708
2790 	 695 	 0.849728 	 0.0021277 	 0.00443078
2790 	 700 	 0.849762 	 0.00213428 	 0.00444449
2790 	 705 	 0.849796 	 0.00214085 	 0.00445818
2790 	 710 	 0.849829 	 0.00214742 	 0.00447184
2790 	 715 	 0.849861 	 0.00215397 	 0.00448548
2790 	 720 	 0.849892 	 0.0021605 	 0.00449909
2790 	 725 	 0.849923 	 0.00216701 	 0.00451265
2790 	 730 	 0.849952 	 0.0021735 	 0.00452617
2790 	 735 	 0.849981 	 0.00217997 	 0.00453963
2790 	 740 	 0.85001 	 0.0021864 	 0.00455303
2790 	 745 	 0.850037 	 0.00219281 	 0.00456637
2790 	 750 	 0.850064 	 0.00219918 	 0.00457963
2790 	 755 	 0.85009 	 0.00220551 	 0.00459282
2790 	 760 	 0.850116 	 0.00221181 	 0.00460593
2790 	 765 	 0.850141 	 0.00221806 	 0.00461895
2790 	 770 	 0.850165 	 0.00222427 	 0.00463189
2790 	 775 	 0.850189 	 0.00223044 	 0.00464473
2790 	 780 	 0.850212 	 0.00223655 	 0.00465747
2790 	 785 	 0.850235 	 0.00224263 	 0.00467011
2790 	 790 	 0.850257 	 0.00224865 	 0.00468265
2790 	 795 	 0.850278 	 0.00225462 	 0.00469508
2790 	 800 	 0.850299 	 0.00226053 	 0.0047074
2790 	 805 	 0.850319 	 0.0022664 	 0.00471961
2790 	 810 	 0.850339 	 0.0022722 	 0.0047317
2790 	 815 	 0.850359 	 0.00227795 	 0.00474368
2790 	 820 	 0.850378 	 0.00228365 	 0.00475554
2790 	 825 	 0.850396 	 0.00228929 	 0.00476728
2790 	 830 	 0.850414 	 0.00229486 	 0.00477889
2790 	 835 	 0.850432 	 0.00230038 	 0.00479038
2790 	 840 	 0.850449 	 0.00230584 	 0.00480174
2790 	 845 	 0.850465 	 0.00231123 	 0.00481298
2790 	 850 	 0.850482 	 0.00231657 	 0.00482409
2790 	 855 	 0.850497 	 0.00232184 	 0.00483507
2790 	 860 	 0.850513 	 0.00232705 	 0.00484592
2790 	 865 	 0.850528 	 0.0023322 	 0.00485664
2790 	 870 	 0.850543 	 0.00233728 	 0.00486723
2790 	 875 	 0.850557 	 0.00234231 	 0.00487769
2790 	 880 	 0.850571 	 0.00234726 	 0.00488801
2790 	 885 	 0.850585 	 0.00235216 	 0.00489821
2790 	 890 	 0.850598 	 0.00235699 	 0.00490827
2790 	 895 	 0.850611 	 0.00236176 	 0.0049182
2790 	 900 	 0.850624 	 0.00236646 	 0.004928
2790 	 905 	 0.850636 	 0.00237111 	 0.00493766
2790 	 910 	 0.850648 	 0.00237568 	 0.0049472
2790 	 915 	 0.85066 	 0.0023802 	 0.0049566
2790 	 920 	 0.850671 	 0.00238465 	 0.00496587
2790 	 925 	 0.850682 	 0.00238904 	 0.00497501
2790 	 930 	 0.850693 	 0.00239337 	 0.00498402
2790 	 935 	 0.850704 	 0.00239763 	 0.0049929
2790 	 940 	 0.850714 	 0.00240183 	 0.00500165
2790 	 945 	 0.850724 	 0.00240597 	 0.00501027
2790 	 950 	 0.850734 	 0.00241005 	 0.00501877
2790 	 955 	 0.850743 	 0.00241407 	 0.00502714
2790 	 960 	 0.850753 	 0.00241803 	 0.00503538
2790 	 965 	 0.850762 	 0.00242193 	 0.0050435
2790 	 970 	 0.850771 	 0.00242577 	 0.00505149
2790 	 975 	 0.850779 	 0.00242955 	 0.00505936
2790 	 980 	 0.850788 	 0.00243327 	 0.00506711
2790 	 985 	 0.850796 	 0.00243693 	 0.00507474
2790 	 990 	 0.850804 	 0.00244054 	 0.00508224
2790 	 995 	 0.850812 	 0.00244408 	 0.00508963
2790 	 1000 	 0.85082 	 0.00244757 	 0.0050969
2790 	 1005 	 0.850827 	 0.00245101 	 0.00510405
2790 	 1010 	 0.850834 	 0.00245439 	 0.00511109
2790 	 1015 	 0.850841 	 0.00245771 	 0.00511801
2790 	 1020 	 0.850848 	 0.00246098 	 0.00512482
2790 	 1025 	 0.850855 	 0.0024642 	 0.00513152
2790 	 1030 	 0.850862 	 0.00246736 	 0.00513811
2790 	 1035 	 0.850868 	 0.00247047 	 0.00514458
2790 	 1040 	 0.850874 	 0.00247353 	 0.00515095
2790 	 1045 	 0.85088 	 0.00247654 	 0.00515721
2790 	 1050 	 0.850886 	 0.00247949 	 0.00516337
2790 	 1055 	 0.850892 	 0.0024824 	 0.00516942
2790 	 1060 	 0.850898 	 0.00248525 	 0.00517537
2790 	 1065 	 0.850903 	 0.00248806 	 0.00518121
2790 	 1070 	 0.850909 	 0.00249082 	 0.00518696
2790 	 1075 	 0.850914 	 0.00249353 	 0.0051926
2790 	 1080 	 0.850919 	 0.0024962 	 0.00519815
2790 	 1085 	 0.850924 	 0.00249881 	 0.0052036
2790 	 1090 	 0.850929 	 0.00250138 	 0.00520896
2790 	 1095 	 0.850934 	 0.00250391 	 0.00521422
2790 	 1100 	 0.850938 	 0.00250639 	 0.00521939
2790 	 1105 	 0.850943 	 0.00250883 	 0.00522446
2790 	 1110 	 0.850947 	 0.00251122 	 0.00522945
2790 	 1115 	 0.850951 	 0.00251357 	 0.00523434
2790 	 1120 	 0.850956 	 0.00251588 	 0.00523915
2790 	 1125 	 0.85096 	 0.00251815 	 0.00524387
2790 	 1130 	 0.850964 	 0.00252038 	 0.00524851
2790 	 1135 	 0.850968 	 0.00252256 	 0.00525306
2790 	 1140 	 0.850971 	 0.00252471 	 0.00525753
2790 	 1145 	 0.850975 	 0.00252682 	 0.00526192
2790 	 1150 	 0.850979 	 0.00252889 	 0.00526623
2790 	 1155 	 0.850982 	 0.00253092 	 0.00527046
2790 	 1160 	 0.850986 	 0.00253291 	 0.00527461
2790 	 1165 	 0.850989 	 0.00253487 	 0.00527868
2790 	 1170 	 0.850992 	 0.00253679 	 0.00528268
2790 	 1175 	 0.850995 	 0.00253867 	 0.0052866
2790 	 1180 	 0.850998 	 0.00254052 	 0.00529045
2790 	 1185 	 0.851001 	 0.00254233 	 0.00529423
2790 	 1190 	 0.851004 	 0.00254412 	 0.00529794
2790 	 1195 	 0.851007 	 0.00254586 	 0.00530158
2790 	 1200 	 0.85101 	 0.00254758 	 0.00530515
2790 	 1205 	 0.851013 	 0.00254926 	 0.00530865
2790 	 1210 	 0.851015 	 0.00255091 	 0.00531209
2790 	 1215 	 0.851018 	 0.00255253 	 0.00531546
2790 	 1220 	 0.85102 	 0.00255411 	 0.00531876
2790 	 1225 	 0.851023 	 0.00255567 	 0.00532201
2790 	 1230 	 0.851025 	 0.0025572 	 0.00532519
2790 	 1235 	 0.851028 	 0.0025587 	 0.00532831
2790 	 1240 	 0.85103 	 0.00256017 	 0.00533137
2790 	 1245 	 0.851032 	 0.00256161 	 0.00533437
2790 	 1250 	 0.851034 	 0.00256302 	 0.00533731
2790 	 1255 	 0.851036 	 0.00256441 	 0.0053402
2790 	 1260 	 0.851039 	 0.00256577 	 0.00534303
2790 	 1265 	 0.851041 	 0.0025671 	 0.00534581
2790 	 1270 	 0.851042 	 0.00256841 	 0.00534853
2790 	 1275 	 0.851044 	 0.00256969 	 0.0053512
2790 	 1280 	 0.851046 	 0.00257095 	 0.00535381
2790 	 1285 	 0.851048 	 0.00257218 	 0.00535638
2790 	 1290 	 0.85105 	 0.00257338 	 0.00535889
2790 	 1295 	 0.851052 	 0.00257457 	 0.00536136
2790 	 1300 	 0.851053 	 0.00257573 	 0.00536377
2790 	 1305 	 0.851055 	 0.00257687 	 0.00536614
2790 	 1310 	 0.851057 	 0.00257798 	 0.00536847
2790 	 1315 	 0.851058 	 0.00257907 	 0.00537074
2790 	 1320 	 0.85106 	 0.00258015 	 0.00537297
2790 	 1325 	 0.851061 	 0.0025812 	 0.00537516
2790 	 1330 	 0.851063 	 0.00258223 	 0.0053773
2790 	 1335 	 0.851064 	 0.00258323 	 0.0053794
2790 	 1340 	 0.851065 	 0.00258422 	 0.00538146
2790 	 1345 	 0.851067 	 0.00258519 	 0.00538348
2790 	 1350 	 0.851068 	 0.00258614 	 0.00538546
2790 	 1355 	 0.851069 	 0.00258707 	 0.00538739
2790 	 1360 	 0.851071 	 0.00258798 	 0.00538929
2790 	 1365 	 0.851072 	 0.00258888 	 0.00539115
2790 	 1370 	 0.851073 	 0.00258975 	 0.00539297
2790 	 1375 	 0.851074 	 0.00259061 	 0.00539476
2790 	 1380 	 0.851075 	 0.00259145 	 0.00539651
2790 	 1385 	 0.851076 	 0.00259227 	 0.00539822
2790 	 1390 	 0.851077 	 0.00259308 	 0.0053999
2790 	 1395 	 0.851078 	 0.00259387 	 0.00540155
2790 	 1400 	 0.851079 	 0.00259464 	 0.00540316
2790 	 1405 	 0.85108 	 0.0025954 	 0.00540474
2790 	 1410 	 0.851081 	 0.00259614 	 0.00540629
2790 	 1415 	 0.851082 	 0.00259687 	 0.0054078
2790 	 1420 	 0.851083 	 0.00259758 	 0.00540928
2790 	 1425 	 0.851084 	 0.00259828 	 0.00541074
2790 	 1430 	 0.851085 	 0.00259897 	 0.00541216
2790 	 1435 	 0.851086 	 0.00259964 	 0.00541356
2790 	 1440 	 0.851087 	 0.00260029 	 0.00541492
2790 	 1445 	 0.851088 	 0.00260093 	 0.00541626
2790 	 1450 	 0.851088 	 0.00260156 	 0.00541757
2790 	 1455 	 0.851089 	 0.00260218 	 0.00541886
2790 	 1460 	 0.85109 	 0.00260278 	 0.00542011
2790 	 1465 	 0.851091 	 0.00260337 	 0.00542134
2790 	 1470 	 0.851091 	 0.00260395 	 0.00542255
2790 	 1475 	 0.851092 	 0.00260452 	 0.00542373
2790 	 1480 	 0.851093 	 0.00260508 	 0.00542489
2790 	 1485 	 0.851093 	 0.00260562 	 0.00542602
2790 	 1490 	 0.851094 	 0.00260615 	 0.00542713
2790 	 1495 	 0.851095 	 0.00260667 	 0.00542821
2790 	 1500 	 0.851095 	 0.00260718 	 0.00542928
2790 	 1505 	 0.851096 	 0.00260768 	 0.00543032
2790 	 1510 	 0.851096 	 0.00260817 	 0.00543134
2790 	 1515 	 0.851097 	 0.00260865 	 0.00543233
2790 	 1520 	 0.851098 	 0.00260912 	 0.00543331
2790 	 1525 	 0.851098 	 0.00260958 	 0.00543427
2790 	 1530 	 0.851099 	 0.00261003 	 0.0054352
2790 	 1535 	 0.851099 	 0.00261047 	 0.00543612
2790 	 1540 	 0.8511 	 0.0026109 	 0.00543702
2790 	 1545 	 0.8511 	 0.00261132 	 0.0054379
2790 	 1550 	 0.851101 	 0.00261174 	 0.00543876
2790 	 1555 	 0.851101 	 0.00261214 	 0.0054396
2790 	 1560 	 0.851102 	 0.00261254 	 0.00544042
2790 	 1565 	 0.851102 	 0.00261292 	 0.00544123
2790 	 1570 	 0.851102 	 0.0026133 	 0.00544202
2790 	 1575 	 0.851103 	 0.00261367 	 0.00544279
2790 	 1580 	 0.851103 	 0.00261404 	 0.00544355
2790 	 1585 	 0.851104 	 0.00261439 	 0.00544429
2790 	 1590 	 0.851104 	 0.00261474 	 0.00544501
2790 	 1595 	 0.851105 	 0.00261508 	 0.00544572
2790 	 1600 	 0.851105 	 0.00261542 	 0.00544642
2790 	 1605 	 0.851105 	 0.00261574 	 0.0054471
2790 	 1610 	 0.851106 	 0.00261606 	 0.00544776
2790 	 1615 	 0.851106 	 0.00261637 	 0.00544842
2790 	 1620 	 0.851106 	 0.00261668 	 0.00544905
2790 	 1625 	 0.851107 	 0.00261698 	 0.00544968
2790 	 1630 	 0.851107 	 0.00261727 	 0.00545029
2790 	 1635 	 0.851107 	 0.00261756 	 0.00545088
2790 	 1640 	 0.851108 	 0.00261784 	 0.00545147
2790 	 1645 	 0.851108 	 0.00261812 	 0.00545204
2790 	 1650 	 0.851108 	 0.00261838 	 0.0054526
2790 	 1655 	 0.851108 	 0.00261865 	 0.00545315
2790 	 1660 	 0.851109 	 0.0026189 	 0.00545369
2790 	 1665 	 0.851109 	 0.00261916 	 0.00545421
2790 	 1670 	 0.851109 	 0.0026194 	 0.00545472
2790 	 1675 	 0.851109 	 0.00261964 	 0.00545523
2790 	 1680 	 0.85111 	 0.00261988 	 0.00545572
2790 	 1685 	 0.85111 	 0.00262011 	 0.0054562
2790 	 1690 	 0.85111 	 0.00262034 	 0.00545667
2790 	 1695 	 0.85111 	 0.00262056 	 0.00545713
2790 	 1700 	 0.851111 	 0.00262078 	 0.00545758
2790 	 1705 	 0.851111 	 0.00262099 	 0.00545802
2790 	 1710 	 0.851111 	 0.00262119 	 0.00545845
2790 	 1715 	 0.851111 	 0.0026214 	 0.00545888
2790 	 1720 	 0.851112 	 0.0026216 	 0.00545929
2790 	 1725 	 0.851112 	 0.00262179 	 0.00545969
2790 	 1730 	 0.851112 	 0.00262198 	 0.00546009
2790 	 1735 	 0.851112 	 0.00262216 	 0.00546047
2790 	 1740 	 0.851112 	 0.00262235 	 0.00546085
2790 	 1745 	 0.851112 	 0.00262252 	 0.00546122
2790 	 1750 	 0.851113 	 0.0026227 	 0.00546158
2790 	 1755 	 0.851113 	 0.00262287 	 0.00546194
2790 	 1760 	 0.851113 	 0.00262303 	 0.00546229
2790 	 1765 	 0.851113 	 0.0026232 	 0.00546262
2790 	 1770 	 0.851113 	 0.00262336 	 0.00546296
2790 	 1775 	 0.851113 	 0.00262351 	 0.00546328
2790 	 1780 	 0.851114 	 0.00262366 	 0.0054636
2790 	 1785 	 0.851114 	 0.00262381 	 0.00546391
2790 	 1790 	 0.851114 	 0.00262396 	 0.00546421
2790 	 1795 	 0.851114 	 0.0026241 	 0.00546451
2790 	 1800 	 0.851114 	 0.00262424 	 0.0054648
2790 	 1805 	 0.851114 	 0.00262438 	 0.00546508
2790 	 1810 	 0.851114 	 0.00262451 	 0.00546536
2790 	 1815 	 0.851115 	 0.00262464 	 0.00546563
2790 	 1820 	 0.851115 	 0.00262477 	 0.0054659
2790 	 1825 	 0.851115 	 0.00262489 	 0.00546616
2790 	 1830 	 0.851115 	 0.00262502 	 0.00546641
2790 	 1835 	 0.851115 	 0.00262514 	 0.00546666
2790 	 1840 	 0.851115 	 0.00262525 	 0.00546691
2790 	 1845 	 0.851115 	 0.00262537 	 0.00546714
2790 	 1850 	 0.851115 	 0.00262548 	 0.00546738
2790 	 1855 	 0.851115 	 0.00262559 	 0.0054676
2790 	 1860 	 0.851116 	 0.0026257 	 0.00546783
2790 	 1865 	 0.851116 	 0.0026258 	 0.00546804
2790 	 1870 	 0.851116 	 0.0026259 	 0.00546826
2790 	 1875 	 0.851116 	 0.002626 	 0.00546847
2790 	 1880 	 0.851116 	 0.0026261 	 0.00546867
2790 	 1885 	 0.851116 	 0.0026262 	 0.00546887
2790 	 1890 	 0.851116 	 0.00262629 	 0.00546906
2790 	 1895 	 0.851116 	 0.00262638 	 0.00546925
2790 	 1900 	 0.851116 	 0.00262647 	 0.00546944
2790 	 1905 	 0.851116 	 0.00262656 	 0.00546962
2790 	 1910 	 0.851116 	 0.00262664 	 0.0054698
2790 	 1915 	 0.851117 	 0.00262673 	 0.00546997
2790 	 1920 	 0.851117 	 0.00262681 	 0.00547014
2790 	 1925 	 0.851117 	 0.00262689 	 0.00547031
2790 	 1930 	 0.851117 	 0.00262697 	 0.00547047
2790 	 1935 	 0.851117 	 0.00262704 	 0.00547063
2790 	 1940 	 0.851117 	 0.00262712 	 0.00547079
2790 	 1945 	 0.851117 	 0.00262719 	 0.00547094
2790 	 1950 	 0.851117 	 0.00262726 	 0.00547109
2790 	 1955 	 0.851117 	 0.00262733 	 0.00547124
2790 	 1960 	 0.851117 	 0.0026274 	 0.00547138
2790 	 1965 	 0.851117 	 0.00262747 	 0.00547152
2790 	 1970 	 0.851117 	 0.00262753 	 0.00547165
2790 	 1975 	 0.851117 	 0.0026276 	 0.00547179
2790 	 1980 	 0.851117 	 0.00262766 	 0.00547192
2790 	 1985 	 0.851117 	 0.00262772 	 0.00547204
2790 	 1990 	 0.851117 	 0.00262778 	 0.00547217
2790 	 1995 	 0.851118 	 0.00262784 	 0.00547229
2790 	 2000 	 0.851118 	 0.0026279 	 0.00547241
2790 	 2005 	 0.851118 	 0.00262795 	 0.00547253
2790 	 2010 	 0.851118 	 0.00262801 	 0.00547264
2790 	 2015 	 0.851118 	 0.00262806 	 0.00547275
2790 	 2020 	 0.851118 	 0.00262811 	 0.00547286
2790 	 2025 	 0.851118 	 0.00262816 	 0.00547296
2790 	 2030 	 0.851118 	 0.00262821 	 0.00547307
2790 	 2035 	 0.851118 	 0.00262826 	 0.00547317
2790 	 2040 	 0.851118 	 0.00262831 	 0.00547327
2790 	 2045 	 0.851118 	 0.00262836 	 0.00547337
2790 	 2050 	 0.851118 	 0.0026284 	 0.00547346
2790 	 2055 	 0.851118 	 0.00262845 	 0.00547355
2790 	 2060 	 0.851118 	 0.00262849 	 0.00547364
2790 	 2065 	 0.851118 	 0.00262853 	 0.00547373
2790 	 2070 	 0.851118 	 0.00262857 	 0.00547382
2790 	 2075 	 0.851118 	 0.00262861 	 0.0054739
2790 	 2080 	 0.851118 	 0.00262865 	 0.00547399
2790 	 2085 	 0.851118 	 0.00262869 	 0.00547407
2790 	 2090 	 0.851118 	 0.00262873 	 0.00547415
2790 	 2095 	 0.851118 	 0.00262877 	 0.00547422
2790 	 2100 	 0.851118 	 0.0026288 	 0.0054743
2790 	 2105 	 0.851118 	 0.00262884 	 0.00547437
2790 	 2110 	 0.851118 	 0.00262887 	 0.00547445
2790 	 2115 	 0.851118 	 0.00262891 	 0.00547452
2790 	 2120 	 0.851118 	 0.00262894 	 0.00547459
2790 	 2125 	 0.851118 	 0.00262897 	 0.00547465
2790 	 2130 	 0.851118 	 0.00262901 	 0.00547472
2790 	 2135 	 0.851119 	 0.00262904 	 0.00547478
2790 	 2140 	 0.851119 	 0.00262907 	 0.00547485
2790 	 2145 	 0.851119 	 0.0026291 	 0.00547491
2790 	 2150 	 0.851119 	 0.00262912 	 0.00547497
2790 	 2155 	 0.851119 	 0.00262915 	 0.00547503
2790 	 2160 	 0.851119 	 0.00262918 	 0.00547508
2790 	 2165 	 0.851119 	 0.00262921 	 0.00547514
2790 	 2170 	 0.851119 	 0.00262923 	 0.00547519
2790 	 2175 	 0.851119 	 0.00262926 	 0.00547525
2790 	 2180 	 0.851119 	 0.00262928 	 0.0054753
2790 	 2185 	 0.851119 	 0.00262931 	 0.00547535
2790 	 2190 	 0.851119 	 0.00262933 	 0.0054754
2790 	 2195 	 0.851119 	 0.00262936 	 0.00547545
2790 	 2200 	 0.851119 	 0.00262938 	 0.0054755
2790 	 2205 	 0.851119 	 0.0026294 	 0.00547555
2790 	 2210 	 0.851119 	 0.00262942 	 0.00547559
2790 	 2215 	 0.851119 	 0.00262945 	 0.00547564
2790 	 2220 	 0.851119 	 0.00262947 	 0.00547568
2790 	 2225 	 0.851119 	 0.00262949 	 0.00547572
2790 	 2230 	 0.851119 	 0.00262951 	 0.00547576
2790 	 2235 	 0.851119 	 0.00262953 	 0.0054758
2790 	 2240 	 0.851119 	 0.00262955 	 0.00547584
2790 	 2245 	 0.851119 	 0.00262956 	 0.00547588
2790 	 2250 	 0.851119 	 0.00262958 	 0.00547592
2790 	 2255 	 0.851119 	 0.0026296 	 0.00547596
2790 	 2260 	 0.851119 	 0.00262962 	 0.00547599
2790 	 2265 	 0.851119 	 0.00262963 	 0.00547603
2790 	 2270 	 0.851119 	 0.00262965 	 0.00547606
2790 	 2275 	 0.851119 	 0.00262967 	 0.0054761
2790 	 2280 	 0.851119 	 0.00262968 	 0.00547613
2790 	 2285 	 0.851119 	 0.0026297 	 0.00547616
2790 	 2290 	 0.851119 	 0.00262971 	 0.00547619
2790 	 2295 	 0.851119 	 0.00262973 	 0.00547623
2790 	 2300 	 0.851119 	 0.00262974 	 0.00547626
2790 	 2305 	 0.851119 	 0.00262976 	 0.00547628
2790 	 2310 	 0.851119 	 0.00262977 	 0.00547631
2790 	 2315 	 0.851119 	 0.00262978 	 0.00547634
2790 	 2320 	 0.851119 	 0.0026298 	 0.00547637
2790 	 2325 	 0.851119 	 0.00262981 	 0.0054764
2790 	 2330 	 0.851119 	 0.00262982 	 0.00547642
2790 	 2335 	 0.851119 	 0.00262984 	 0.00547645
2790 	 2340 	 0.851119 	 0.00262985 	 0.00547647
2790 	 2345 	 0.851119 	 0.00262986 	 0.0054765
2790 	 2350 	 0.851119 	 0.00262987 	 0.00547652
2790 	 2355 	 0.851119 	 0.00262988 	 0.00547654
2790 	 2360 	 0.851119 	 0.00262989 	 0.00547657
2790 	 2365 	 0.851119 	 0.0026299 	 0.00547659
2790 	 2370 	 0.851119 	 0.00262991 	 0.00547661
2790 	 2375 	 0.851119 	 0.00262992 	 0.00547663
2790 	 2380 	 0.851119 	 0.00262993 	 0.00547665
2790 	 2385 	 0.851119 	 0.00262994 	 0.00547667
2790 	 2390 	 0.851119 	 0.00262995 	 0.00547669
2790 	 2395 	 0.851119 	 0.00262996 	 0.00547671
2790 	 2400 	 0.851119 	 0.00262997 	 0.00547673
2790 	 2405 	 0.851119 	 0.00262998 	 0.00547675
2790 	 2410 	 0.851119 	 0.00262999 	 0.00547677
2790 	 2415 	 0.851119 	 0.00263 	 0.00547679
2790 	 2420 	 0.851119 	 0.00263001 	 0.0054768
2790 	 2425 	 0.851119 	 0.00263001 	 0.00547682
2790 	 2430 	 0.851119 	 0.00263002 	 0.00547684
2790 	 2435 	 0.851119 	 0.00263003 	 0.00547685
2790 	 2440 	 0.851119 	 0.00263004 	 0.00547687
2790 	 2445 	 0.851119 	 0.00263004 	 0.00547688
2790 	 2450 	 0.851119 	 0.00263005 	 0.0054769
2790 	 2455 	 0.851119 	 0.00263006 	 0.00547691
2790 	 2460 	 0.851119 	 0.00263007 	 0.00547693
2790 	 2465 	 0.851119 	 0.00263007 	 0.00547694
2790 	 2470 	 0.851119 	 0.00263008 	 0.00547695
2790 	 2475 	 0.851119 	 0.00263009 	 0.00547697
2790 	 2480 	 0.851119 	 0.00263009 	 0.00547698
2790 	 2485 	 0.851119 	 0.0026301 	 0.00547699
2790 	 2490 	 0.851119 	 0.0026301 	 0.00547701
2790 	 2495 	 0.851119 	 0.00263011 	 0.00547702
2790 	 2500 	 0.851119 	 0.00263012 	 0.00547703
2790 	 2505 	 0.851119 	 0.00263012 	 0.00547704
2790 	 2510 	 0.851119 	 0.00263013 	 0.00547705
2790 	 2515 	 0.851119 	 0.00263013 	 0.00547706
2790 	 2520 	 0.851119 	 0.00263014 	 0.00547707
2790 	 2525 	 0.851119 	 0.00263014 	 0.00547709
2790 	 2530 	 0.851119 	 0.00263015 	 0.0054771
2790 	 2535 	 0.851119 	 0.00263015 	 0.00547711
2790 	 2540 	 0.851119 	 0.00263016 	 0.00547712
2790 	 2545 	 0.851119 	 0.00263016 	 0.00547713
2790 	 2550 	 0.851119 	 0.00263017 	 0.00547713
2790 	 2555 	 0.851119 	 0.00263017 	 0.00547714
2790 	 2560 	 0.851119 	 0.00263017 	 0.00547715
2790 	 2565 	 0.851119 	 0.00263018 	 0.00547716
2790 	 2570 	 0.851119 	 0.00263018 	 0.00547717
2790 	 2575 	 0.851119 	 0.00263019 	 0.00547718
2790 	 2580 	 0.851119 	 0.00263019 	 0.00547719
2790 	 2585 	 0.851119 	 0.00263019 	 0.00547719
2790 	 2590 	 0.851119 	 0.0026302 	 0.0054772
2790 	 2595 	 0.851119 	 0.0026302 	 0.00547721
2790 	 2600 	 0.851119 	 0.0026302 	 0.00547722
2790 	 2605 	 0.851119 	 0.00263021 	 0.00547722
2790 	 2610 	 0.851119 	 0.00263021 	 0.00547723
2790 	 2615 	 0.851119 	 0.00263021 	 0.00547724
2790 	 2620 	 0.851119 	 0.00263022 	 0.00547724
2790 	 2625 	 0.851119 	 0.00263022 	 0.00547725
2790 	 2630 	 0.851119 	 0.00263022 	 0.00547726
2790 	 2635 	 0.851119 	 0.00263023 	 0.00547726
2790 	 2640 	 0.851119 	 0.00263023 	 0.00547727
2790 	 2645 	 0.851119 	 0.00263023 	 0.00547728
2790 	 2650 	 0.851119 	 0.00263024 	 0.00547728
2790 	 2655 	 0.851119 	 0.00263024 	 0.00547729
2790 	 2660 	 0.851119 	 0.00263024 	 0.00547729
2790 	 2665 	 0.851119 	 0.00263024 	 0.0054773
2790 	 2670 	 0.851119 	 0.00263025 	 0.0054773
2790 	 2675 	 0.851119 	 0.00263025 	 0.00547731
2790 	 2680 	 0.851119 	 0.00263025 	 0.00547731
2790 	 2685 	 0.851119 	 0.00263025 	 0.00547732
2790 	 2690 	 0.851119 	 0.00263026 	 0.00547732
2790 	 2695 	 0.851119 	 0.00263026 	 0.00547733
2790 	 2700 	 0.851119 	 0.00263026 	 0.00547733
2790 	 2705 	 0.851119 	 0.00263026 	 0.00547734
2790 	 2710 	 0.851119 	 0.00263026 	 0.00547734
2790 	 2715 	 0.851119 	 0.00263027 	 0.00547735
2790 	 2720 	 0.851119 	 0.00263027 	 0.00547735
2790 	 2725 	 0.851119 	 0.00263027 	 0.00547735
2790 	 2730 	 0.851119 	 0.00263027 	 0.00547736
2790 	 2735 	 0.851119 	 0.00263027 	 0.00547736
2790 	 2740 	 0.851119 	 0.00263028 	 0.00547737
2790 	 2745 	 0.851119 	 0.00263028 	 0.00547737
2790 	 2750 	 0.851119 	 0.00263028 	 0.00547737
2790 	 2755 	 0.851119 	 0.00263028 	 0.00547738
2790 	 2760 	 0.851119 	 0.00263028 	 0.00547738
2790 	 2765 	 0.851119 	 0.00263028 	 0.00547738
2790 	 2770 	 0.851119 	 0.00263029 	 0.00547739
2790 	 2775 	 0.851119 	 0.00263029 	 0.00547739
2790 	 2780 	 0.851119 	 0.00263029 	 0.00547739
2790 	 2785 	 0.851119 	 0.00263029 	 0.0054774
2790 	 2790 	 0.851119 	 0.00263029 	 0.0054774
2790 	 2795 	 0.851119 	 0.00263029 	 0.0054774
2790 	 2800 	 0.851119 	 0.00263029 	 0.0054774
2790 	 2805 	 0.851119 	 0.0026303 	 0.00547741
2790 	 2810 	 0.851119 	 0.0026303 	 0.00547741
2790 	 2815 	 0.851119 	 0.0026303 	 0.00547741
2790 	 2820 	 0.851119 	 0.0026303 	 0.00547741
2790 	 2825 	 0.851119 	 0.0026303 	 0.00547742
2790 	 2830 	 0.851119 	 0.0026303 	 0.00547742
2790 	 2835 	 0.851119 	 0.0026303 	 0.00547742
2790 	 2840 	 0.851119 	 0.0026303 	 0.00547742
2790 	 2845 	 0.851119 	 0.00263031 	 0.00547743
2790 	 2850 	 0.851119 	 0.00263031 	 0.00547743
2790 	 2855 	 0.851119 	 0.00263031 	 0.00547743
2790 	 2860 	 0.851119 	 0.00263031 	 0.00547743
2790 	 2865 	 0.851119 	 0.00263031 	 0.00547744
2790 	 2870 	 0.851119 	 0.00263031 	 0.00547744
2790 	 2875 	 0.851119 	 0.00263031 	 0.00547744
2790 	 2880 	 0.851119 	 0.00263031 	 0.00547744
2790 	 2885 	 0.851119 	 0.00263031 	 0.00547744
2790 	 2890 	 0.851119 	 0.00263031 	 0.00547744
2790 	 2895 	 0.851119 	 0.00263032 	 0.00547745
2790 	 2900 	 0.851119 	 0.00263032 	 0.00547745
2790 	 2905 	 0.851119 	 0.00263032 	 0.00547745
2790 	 2910 	 0.851119 	 0.00263032 	 0.00547745
2790 	 2915 	 0.851119 	 0.00263032 	 0.00547745
2790 	 2920 	 0.851119 	 0.00263032 	 0.00547745
2790 	 2925 	 0.851119 	 0.00263032 	 0.00547746
2790 	 2930 	 0.851119 	 0.00263032 	 0.00547746
2790 	 2935 	 0.851119 	 0.00263032 	 0.00547746
2790 	 2940 	 0.851119 	 0.00263032 	 0.00547746
2790 	 2945 	 0.851119 	 0.00263032 	 0.00547746
2790 	 2950 	 0.851119 	 0.00263032 	 0.00547746
2790 	 2955 	 0.851119 	 0.00263032 	 0.00547746
2790 	 2960 	 0.851119 	 0.00263032 	 0.00547747
2790 	 2965 	 0.851119 	 0.00263033 	 0.00547747
2790 	 2970 	 0.851119 	 0.00263033 	 0.00547747
2790 	 2975 	 0.851119 	 0.00263033 	 0.00547747
2790 	 2980 	 0.851119 	 0.00263033 	 0.00547747
2790 	 2985 	 0.851119 	 0.00263033 	 0.00547747
2790 	 2990 	 0.851119 	 0.00263033 	 0.00547747
2790 	 2995 	 0.851119 	 0.00263033 	 0.00547747
2790 	 3000 	 0.851119 	 0.00263033 	 0.00547748
2790 	 3005 	 0.851119 	 0.00263033 	 0.00547748
2790 	 3010 	 0.851119 	 0.00263033 	 0.00547748
2790 	 3015 	 0.851119 	 0.00263033 	 0.00547748
2790 	 3020 	 0.851119 	 0.00263033 	 0.00547748
2790 	 3025 	 0.851119 	 0.00263033 	 0.00547748
2790 	 3030 	 0.851119 	 0.00263033 	 0.00547748
2790 	 3035 	 0.851119 	 0.00263033 	 0.00547748
2790 	 3040 	 0.851119 	 0.00263033 	 0.00547748
2790 	 3045 	 0.851119 	 0.00263033 	 0.00547748
2790 	 3050 	 0.851119 	 0.00263033 	 0.00547748
2790 	 3055 	 0.851119 	 0.00263033 	 0.00547749
2790 	 3060 	 0.851119 	 0.00263033 	 0.00547749
2790 	 3065 	 0.851119 	 0.00263033 	 0.00547749
2790 	 3070 	 0.85112 	 0.00263033 	 0.00547749
2790 	 3075 	 0.85112 	 0.00263034 	 0.00547749
2790 	 3080 	 0.85112 	 0.00263034 	 0.00547749
2790 	 3085 	 0.85112 	 0.00263034 	 0.00547749
2790 	 3090 	 0.85112 	 0.00263034 	 0.00547749
2790 	 3095 	 0.85112 	 0.00263034 	 0.00547749
2790 	 3100 	 0.85112 	 0.00263034 	 0.00547749
2790 	 3105 	 0.85112 	 0.00263034 	 0.00547749
2790 	 3110 	 0.85112 	 0.00263034 	 0.00547749
2790 	 3115 	 0.85112 	 0.00263034 	 0.00547749
2790 	 3120 	 0.85112 	 0.00263034 	 0.00547749
2790 	 3125 	 0.85112 	 0.00263034 	 0.00547749
2790 	 3130 	 0.85112 	 0.00263034 	 0.0054775
2790 	 3135 	 0.85112 	 0.00263034 	 0.0054775
2790 	 3140 	 0.85112 	 0.00263034 	 0.0054775
2790 	 3145 	 0.85112 	 0.00263034 	 0.0054775
2790 	 3150 	 0.85112 	 0.00263034 	 0.0054775
2790 	 3155 	 0.85112 	 0.00263034 	 0.0054775
2790 	 3160 	 0.85112 	 0.00263034 	 0.0054775
2790 	 3165 	 0.85112 	 0.00263034 	 0.0054775
2790 	 3170 	 0.85112 	 0.00263034 	 0.0054775
2790 	 3175 	 0.85112 	 0.00263034 	 0.0054775
2790 	 3180 	 0.85112 	 0.00263034 	 0.0054775
2790 	 3185 	 0.85112 	 0.00263034 	 0.0054775
2790 	 3190 	 0.85112 	 0.00263034 	 0.0054775
2790 	 3195 	 0.85112 	 0.00263034 	 0.0054775
2790 	 3200 	 0.85112 	 0.00263034 	 0.0054775
2790 	 3205 	 0.85112 	 0.00263034 	 0.0054775
2790 	 3210 	 0.85112 	 0.00263034 	 0.0054775
2790 	 3215 	 0.85112 	 0.00263034 	 0.0054775
2790 	 3220 	 0.85112 	 0.00263034 	 0.0054775
2790 	 3225 	 0.85112 	 0.00263034 	 0.0054775
2790 	 3230 	 0.85112 	 0.00263034 	 0.0054775
2790 	 3235 	 0.85112 	 0.00263034 	 0.0054775
2790 	 3240 	 0.85112 	 0.00263034 	 0.0054775
2790 	 3245 	 0.85112 	 0.00263034 	 0.00547751
2790 	 3250 	 0.85112 	 0.00263034 	 0.00547751
2790 	 3255 	 0.85112 	 0.00263034 	 0.00547751
2790 	 3260 	 0.85112 	 0.00263034 	 0.00547751
2790 	 3265 	 0.85112 	 0.00263034 	 0.00547751
2790 	 3270 	 0.85112 	 0.00263034 	 0.00547751
2790 	 3275 	 0.85112 	 0.00263034 	 0.00547751
2790 	 3280 	 0.85112 	 0.00263034 	 0.00547751
2790 	 3285 	 0.85112 	 0.00263034 	 0.00547751
2790 	 3290 	 0.85112 	 0.00263034 	 0.00547751
2790 	 3295 	 0.85112 	 0.00263034 	 0.00547751
2790 	 3300 	 0.85112 	 0.00263034 	 0.00547751
2790 	 3305 	 0.85112 	 0.00263034 	 0.00547751
2790 	 3310 	 0.85112 	 0.00263034 	 0.00547751
2790 	 3315 	 0.85112 	 0.00263034 	 0.00547751
2790 	 3320 	 0.85112 	 0.00263035 	 0.00547751
2790 	 3325 	 0.85112 	 0.00263035 	 0.00547751
2790 	 3330 	 0.85112 	 0.00263035 	 0.00547751
2790 	 3335 	 0.85112 	 0.00263035 	 0.00547751
2790 	 3340 	 0.85112 	 0.00263035 	 0.00547751
2790 	 3345 	 0.85112 	 0.00263035 	 0.00547751
2790 	 3350 	 0.85112 	 0.00263035 	 0.00547751
2790 	 3355 	 0.85112 	 0.00263035 	 0.00547751
2790 	 3360 	 0.85112 	 0.00263035 	 0.00547751
2790 	 3365 	 0.85112 	 0.00263035 	 0.00547751
2790 	 3370 	 0.85112 	 0.00263035 	 0.00547751
2790 	 3375 	 0.85112 	 0.00263035 	 0.00547751
2790 	 3380 	 0.85112 	 0.00263035 	 0.00547751
2790 	 3385 	 0.85112 	 0.00263035 	 0.00547751
2790 	 3390 	 0.85112 	 0.00263035 	 0.00547751
2790 	 3395 	 0.85112 	 0.00263035 	 0.00547751
2790 	 3400 	 0.85112 	 0.00263035 	 0.00547751
2790 	 3405 	 0.85112 	 0.00263035 	 0.00547751
2790 	 3410 	 0.85112 	 0.00263035 	 0.00547751
2790 	 3415 	 0.85112 	 0.00263035 	 0.00547751
2790 	 3420 	 0.85112 	 0.00263035 	 0.00547751
2790 	 3425 	 0.85112 	 0.00263035 	 0.00547751
2790 	 3430 	 0.85112 	 0.00263035 	 0.00547751
2790 	 3435 	 0.85112 	 0.00263035 	 0.00547751
2790 	 3440 	 0.85112 	 0.00263035 	 0.00547751
2790 	 3445 	 0.85112 	 0.00263035 	 0.00547751
2790 	 3450 	 0.85112 	 0.00263035 	 0.00547751
2790 	 3455 	 0.85112 	 0.00263035 	 0.00547751
2790 	 3460 	 0.85112 	 0.00263035 	 0.00547751
2790 	 3465 	 0.85112 	 0.00263035 	 0.00547751
2790 	 3470 	 0.85112 	 0.00263035 	 0.00547751
2790 	 3475 	 0.85112 	 0.00263035 	 0.00547751
2790 	 3480 	 0.85112 	 0.00263035 	 0.00547751
2790 	 3485 	 0.85112 	 0.00263035 	 0.00547751
2790 	 3490 	 0.85112 	 0.00263035 	 0.00547751
2790 	 3495 	 0.85112 	 0.00263035 	 0.00547751
2790 	 3500 	 0.85112 	 0.00263035 	 0.00547751
2790 	 3505 	 0.85112 	 0.00263035 	 0.00547751
2790 	 3510 	 0.85112 	 0.00263035 	 0.00547751
2790 	 3515 	 0.85112 	 0.00263035 	 0.00547751
2790 	 3520 	 0.85112 	 0.00263035 	 0.00547751
2790 	 3525 	 0.85112 	 0.00263035 	 0.00547751
2790 	 3530 	 0.85112 	 0.00263035 	 0.00547751
2790 	 3535 	 0.85112 	 0.00263035 	 0.00547751
2790 	 3540 	 0.85112 	 0.00263035 	 0.00547751
2790 	 3545 	 0.85112 	 0.00263035 	 0.00547751
2790 	 3550 	 0.85112 	 0.00263035 	 0.00547751
2790 	 3555 	 0.85112 	 0.00263035 	 0.00547751
2790 	 3560 	 0.85112 	 0.00263035 	 0.00547751
2790 	 3565 	 0.85112 	 0.00263035 	 0.00547751
2790 	 3570 	 0.85112 	 0.00263035 	 0.00547751
2790 	 3575 	 0.85112 	 0.00263035 	 0.00547751
2790 	 3580 	 0.85112 	 0.00263035 	 0.00547751
2790 	 3585 	 0.85112 	 0.00263035 	 0.00547751
2790 	 3590 	 0.85112 	 0.00263035 	 0.00547751
2790 	 3595 	 0.85112 	 0.00263035 	 0.00547752
2790 	 3600 	 0.85112 	 0.00263035 	 0.00547752
2790 	 3605 	 0.85112 	 0.00263035 	 0.00547752
2790 	 3610 	 0.85112 	 0.00263035 	 0.00547752
2790 	 3615 	 0.85112 	 0.00263035 	 0.00547752
2790 	 3620 	 0.85112 	 0.00263035 	 0.00547752
2790 	 3625 	 0.85112 	 0.00263035 	 0.00547752
2790 	 3630 	 0.85112 	 0.00263035 	 0.00547752
2790 	 3635 	 0.85112 	 0.00263035 	 0.00547752
2790 	 3640 	 0.85112 	 0.00263035 	 0.00547752
2790 	 3645 	 0.85112 	 0.00263035 	 0.00547752
2790 	 3650 	 0.85112 	 0.00263035 	 0.00547752
2790 	 3655 	 0.85112 	 0.00263035 	 0.00547752
2790 	 3660 	 0.85112 	 0.00263035 	 0.00547752
2790 	 3665 	 0.85112 	 0.00263035 	 0.00547752
2790 	 3670 	 0.85112 	 0.00263035 	 0.00547752
2790 	 3675 	 0.85112 	 0.00263035 	 0.00547752
2790 	 3680 	 0.85112 	 0.00263035 	 0.00547752
2790 	 3685 	 0.85112 	 0.00263035 	 0.00547752
2790 	 3690 	 0.85112 	 0.00263035 	 0.00547752
2790 	 3695 	 0.85112 	 0.00263035 	 0.00547752
2790 	 3700 	 0.85112 	 0.00263035 	 0.00547752
2790 	 3705 	 0.85112 	 0.00263035 	 0.00547752
2790 	 3710 	 0.85112 	 0.00263035 	 0.00547752
2790 	 3715 	 0.85112 	 0.00263035 	 0.00547752
2790 	 3720 	 0.85112 	 0.00263035 	 0.00547752
2790 	 3725 	 0.85112 	 0.00263035 	 0.00547752
2790 	 3730 	 0.85112 	 0.00263035 	 0.00547752
2790 	 3735 	 0.85112 	 0.00263035 	 0.00547752
2790 	 3740 	 0.85112 	 0.00263035 	 0.00547752
2790 	 3745 	 0.85112 	 0.00263035 	 0.00547752
2790 	 3750 	 0.85112 	 0.00263035 	 0.00547752
2790 	 3755 	 0.85112 	 0.00263035 	 0.00547752
2790 	 3760 	 0.85112 	 0.00263035 	 0.00547752
2790 	 3765 	 0.85112 	 0.00263035 	 0.00547752
2790 	 3770 	 0.85112 	 0.00263035 	 0.00547752
2790 	 3775 	 0.85112 	 0.00263035 	 0.00547752
2790 	 3780 	 0.85112 	 0.00263035 	 0.00547752
2790 	 3785 	 0.85112 	 0.00263035 	 0.00547752
2790 	 3790 	 0.85112 	 0.00263035 	 0.00547752
2790 	 3795 	 0.85112 	 0.00263035 	 0.00547752
2790 	 3800 	 0.85112 	 0.00263035 	 0.00547752
2790 	 3805 	 0.85112 	 0.00263035 	 0.00547752
2790 	 3810 	 0.85112 	 0.00263035 	 0.00547752
2790 	 3815 	 0.85112 	 0.00263035 	 0.00547752
2790 	 3820 	 0.85112 	 0.00263035 	 0.00547752
2790 	 3825 	 0.85112 	 0.00263035 	 0.00547752
2790 	 3830 	 0.85112 	 0.00263035 	 0.00547752
2790 	 3835 	 0.85112 	 0.00263035 	 0.00547752
2790 	 3840 	 0.85112 	 0.00263035 	 0.00547752
2790 	 3845 	 0.85112 	 0.00263035 	 0.00547752
2790 	 3850 	 0.85112 	 0.00263035 	 0.00547752
2790 	 3855 	 0.85112 	 0.00263035 	 0.00547752
2790 	 3860 	 0.85112 	 0.00263035 	 0.00547752
2790 	 3865 	 0.85112 	 0.00263035 	 0.00547752
2790 	 3870 	 0.85112 	 0.00263035 	 0.00547752
2790 	 3875 	 0.85112 	 0.00263035 	 0.00547752
2790 	 3880 	 0.85112 	 0.00263035 	 0.00547752
2790 	 3885 	 0.85112 	 0.00263035 	 0.00547752
2790 	 3890 	 0.85112 	 0.00263035 	 0.00547752
2790 	 3895 	 0.85112 	 0.00263035 	 0.00547752
2790 	 3900 	 0.85112 	 0.00263035 	 0.00547752
2790 	 3905 	 0.85112 	 0.00263035 	 0.00547752
2790 	 3910 	 0.85112 	 0.00263035 	 0.00547752
2790 	 3915 	 0.85112 	 0.00263035 	 0.00547752
2790 	 3920 	 0.85112 	 0.00263035 	 0.00547752
2790 	 3925 	 0.85112 	 0.00263035 	 0.00547752
2790 	 3930 	 0.85112 	 0.00263035 	 0.00547752
2790 	 3935 	 0.85112 	 0.00263035 	 0.00547752
2790 	 3940 	 0.85112 	 0.00263035 	 0.00547752
2790 	 3945 	 0.85112 	 0.00263035 	 0.00547752
2790 	 3950 	 0.85112 	 0.00263035 	 0.00547752
2790 	 3955 	 0.85112 	 0.00263035 	 0.00547752
2790 	 3960 	 0.85112 	 0.00263035 	 0.00547752
2790 	 3965 	 0.85112 	 0.00263035 	 0.00547752
2790 	 3970 	 0.85112 	 0.00263035 	 0.00547752
2790 	 3975 	 0.85112 	 0.00263035 	 0.00547752
2790 	 3980 	 0.85112 	 0.00263035 	 0.00547752
2790 	 3985 	 0.85112 	 0.00263035 	 0.00547752
2790 	 3990 	 0.85112 	 0.00263035 	 0.00547752
2790 	 3995 	 0.85112 	 0.00263035 	 0.00547752
2790 	 4000 	 0.85112 	 0.00263035 	 0.00547752
2790 	 4005 	 0.85112 	 0.00263035 	 0.00547752
2790 	 4010 	 0.85112 	 0.00263035 	 0.00547752
2790 	 4015 	 0.85112 	 0.00263035 	 0.00547752
2790 	 4020 	 0.85112 	 0.00263035 	 0.00547752
2790 	 4025 	 0.85112 	 0.00263035 	 0.00547752
2790 	 4030 	 0.85112 	 0.00263035 	 0.00547752
2790 	 4035 	 0.85112 	 0.00263035 	 0.00547752
2790 	 4040 	 0.85112 	 0.00263035 	 0.00547752
2790 	 4045 	 0.85112 	 0.00263035 	 0.00547752
2790 	 4050 	 0.85112 	 0.00263035 	 0.00547752
2790 	 4055 	 0.85112 	 0.00263035 	 0.00547752
2790 	 4060 	 0.85112 	 0.00263035 	 0.00547752
2790 	 4065 	 0.85112 	 0.00263035 	 0.00547752
2790 	 4070 	 0.85112 	 0.00263035 	 0.00547752
2790 	 4075 	 0.85112 	 0.00263035 	 0.00547752
2790 	 4080 	 0.85112 	 0.00263035 	 0.00547752
2790 	 4085 	 0.85112 	 0.00263035 	 0.00547752
2790 	 4090 	 0.85112 	 0.00263035 	 0.00547752
2790 	 4095 	 0.85112 	 0.00263035 	 0.00547752
2790 	 4100 	 0.85112 	 0.00263035 	 0.00547752
2790 	 4105 	 0.85112 	 0.00263035 	 0.00547752
2790 	 4110 	 0.85112 	 0.00263035 	 0.00547752
2790 	 4115 	 0.85112 	 0.00263035 	 0.00547752
2790 	 4120 	 0.85112 	 0.00263035 	 0.00547752
2790 	 4125 	 0.85112 	 0.00263035 	 0.00547752
2790 	 4130 	 0.85112 	 0.00263035 	 0.00547752
2790 	 4135 	 0.85112 	 0.00263035 	 0.00547752
2790 	 4140 	 0.85112 	 0.00263035 	 0.00547752
2790 	 4145 	 0.85112 	 0.00263035 	 0.00547752
2790 	 4150 	 0.85112 	 0.00263035 	 0.00547752
2790 	 4155 	 0.85112 	 0.00263035 	 0.00547752
2790 	 4160 	 0.85112 	 0.00263035 	 0.00547752
2790 	 4165 	 0.85112 	 0.00263035 	 0.00547752
2790 	 4170 	 0.85112 	 0.00263035 	 0.00547752
2790 	 4175 	 0.85112 	 0.00263035 	 0.00547752
2790 	 4180 	 0.85112 	 0.00263035 	 0.00547752
2790 	 4185 	 0.85112 	 0.00263035 	 0.00547752
2790 	 4190 	 0.85112 	 0.00263035 	 0.00547752
2790 	 4195 	 0.85112 	 0.00263035 	 0.00547752
2790 	 4200 	 0.85112 	 0.00263035 	 0.00547752
2790 	 4205 	 0.85112 	 0.00263035 	 0.00547752
2790 	 4210 	 0.85112 	 0.00263035 	 0.00547752
2790 	 4215 	 0.85112 	 0.00263035 	 0.00547752
2790 	 4220 	 0.85112 	 0.00263035 	 0.00547752
2790 	 4225 	 0.85112 	 0.00263035 	 0.00547752
2790 	 4230 	 0.85112 	 0.00263035 	 0.00547752
2790 	 4235 	 0.85112 	 0.00263035 	 0.00547752
2790 	 4240 	 0.85112 	 0.00263035 	 0.00547752
2790 	 4245 	 0.85112 	 0.00263035 	 0.00547752
2790 	 4250 	 0.85112 	 0.00263035 	 0.00547752
2790 	 4255 	 0.85112 	 0.00263035 	 0.00547752
2790 	 4260 	 0.85112 	 0.00263035 	 0.00547752
2790 	 4265 	 0.85112 	 0.00263035 	 0.00547752
2790 	 4270 	 0.85112 	 0.00263035 	 0.00547752
2790 	 4275 	 0.85112 	 0.00263035 	 0.00547752
2790 	 4280 	 0.85112 	 0.00263035 	 0.00547752
2790 	 4285 	 0.85112 	 0.00263035 	 0.00547752
2790 	 4290 	 0.85112 	 0.00263035 	 0.00547752
2790 	 4295 	 0.85112 	 0.00263035 	 0.00547752
2790 	 4300 	 0.85112 	 0.00263035 	 0.00547752
2790 	 4305 	 0.85112 	 0.00263035 	 0.00547752
2790 	 4310 	 0.85112 	 0.00263035 	 0.00547752
2790 	 4315 	 0.85112 	 0.00263035 	 0.00547752
2790 	 4320 	 0.85112 	 0.00263035 	 0.00547752
2790 	 4325 	 0.85112 	 0.00263035 	 0.00547752
2790 	 4330 	 0.85112 	 0.00263035 	 0.00547752
2790 	 4335 	 0.85112 	 0.00263035 	 0.00547752
2790 	 4340 	 0.85112 	 0.00263035 	 0.00547752
2790 	 4345 	 0.85112 	 0.00263035 	 0.00547752
2790 	 4350 	 0.85112 	 0.00263035 	 0.00547752
2790 	 4355 	 0.85112 	 0.00263035 	 0.00547752
2790 	 4360 	 0.85112 	 0.00263035 	 0.00547752
2790 	 4365 	 0.85112 	 0.00263035 	 0.00547752
2790 	 4370 	 0.85112 	 0.00263035 	 0.00547752
2790 	 4375 	 0.85112 	 0.00263035 	 0.00547752
2790 	 4380 	 0.85112 	 0.00263035 	 0.00547752
2790 	 4385 	 0.85112 	 0.00263035 	 0.00547752
2790 	 4390 	 0.85112 	 0.00263035 	 0.00547752
2790 	 4395 	 0.85112 	 0.00263035 	 0.00547752
2790 	 4400 	 0.85112 	 0.00263035 	 0.00547752
2790 	 4405 	 0.85112 	 0.00263035 	 0.00547752
2790 	 4410 	 0.85112 	 0.00263035 	 0.00547752
2790 	 4415 	 0.85112 	 0.00263035 	 0.00547752
2790 	 4420 	 0.85112 	 0.00263035 	 0.00547752
2790 	 4425 	 0.85112 	 0.00263035 	 0.00547752
2790 	 4430 	 0.85112 	 0.00263035 	 0.00547752
2790 	 4435 	 0.85112 	 0.00263035 	 0.00547752
2790 	 4440 	 0.85112 	 0.00263035 	 0.00547752
2790 	 4445 	 0.85112 	 0.00263035 	 0.00547752
2790 	 4450 	 0.85112 	 0.00263035 	 0.00547752
2790 	 4455 	 0.85112 	 0.00263035 	 0.00547752
2790 	 4460 	 0.85112 	 0.00263035 	 0.00547752
2790 	 4465 	 0.85112 	 0.00263035 	 0.00547752
2790 	 4470 	 0.85112 	 0.00263035 	 0.00547752
2790 	 4475 	 0.85112 	 0.00263035 	 0.00547752
2790 	 4480 	 0.85112 	 0.00263035 	 0.00547752
2790 	 4485 	 0.85112 	 0.00263035 	 0.00547752
2790 	 4490 	 0.85112 	 0.00263035 	 0.00547752
2790 	 4495 	 0.85112 	 0.00263035 	 0.00547752
2790 	 4500 	 0.85112 	 0.00263035 	 0.00547752
2790 	 4505 	 0.85112 	 0.00263035 	 0.00547752
2790 	 4510 	 0.85112 	 0.00263035 	 0.00547752
2790 	 4515 	 0.85112 	 0.00263035 	 0.00547752
2790 	 4520 	 0.85112 	 0.00263035 	 0.00547752
2790 	 4525 	 0.85112 	 0.00263035 	 0.00547752
2790 	 4530 	 0.85112 	 0.00263035 	 0.00547752
2790 	 4535 	 0.85112 	 0.00263035 	 0.00547752
2790 	 4540 	 0.85112 	 0.00263035 	 0.00547752
2790 	 4545 	 0.85112 	 0.00263035 	 0.00547752
2790 	 4550 	 0.85112 	 0.00263035 	 0.00547752
2790 	 4555 	 0.85112 	 0.00263035 	 0.00547752
2790 	 4560 	 0.85112 	 0.00263035 	 0.00547752
2790 	 4565 	 0.85112 	 0.00263035 	 0.00547752
2790 	 4570 	 0.85112 	 0.00263035 	 0.00547752
2790 	 4575 	 0.85112 	 0.00263035 	 0.00547752
2790 	 4580 	 0.85112 	 0.00263035 	 0.00547752
2790 	 4585 	 0.85112 	 0.00263035 	 0.00547752
2790 	 4590 	 0.85112 	 0.00263035 	 0.00547752
2790 	 4595 	 0.85112 	 0.00263035 	 0.00547752
2790 	 4600 	 0.85112 	 0.00263035 	 0.00547752
2790 	 4605 	 0.85112 	 0.00263035 	 0.00547752
2790 	 4610 	 0.85112 	 0.00263035 	 0.00547752
2790 	 4615 	 0.85112 	 0.00263035 	 0.00547752
2790 	 4620 	 0.85112 	 0.00263035 	 0.00547752
2790 	 4625 	 0.85112 	 0.00263035 	 0.00547752
2790 	 4630 	 0.85112 	 0.00263035 	 0.00547752
2790 	 4635 	 0.85112 	 0.00263035 	 0.00547752
2790 	 4640 	 0.85112 	 0.00263035 	 0.00547752
2790 	 4645 	 0.85112 	 0.00263035 	 0.00547752
2790 	 4650 	 0.85112 	 0.00263035 	 0.00547752
2790 	 4655 	 0.85112 	 0.00263035 	 0.00547752
2790 	 4660 	 0.85112 	 0.00263035 	 0.00547752
2790 	 4665 	 0.85112 	 0.00263035 	 0.00547752
2790 	 4670 	 0.85112 	 0.00263035 	 0.00547752
2790 	 4675 	 0.85112 	 0.00263035 	 0.00547752
2790 	 4680 	 0.85112 	 0.00263035 	 0.00547752
2790 	 4685 	 0.85112 	 0.00263035 	 0.00547752
2790 	 4690 	 0.85112 	 0.00263035 	 0.00547752
2790 	 4695 	 0.85112 	 0.00263035 	 0.00547752
2790 	 4700 	 0.85112 	 0.00263035 	 0.00547752
2790 	 4705 	 0.85112 	 0.00263035 	 0.00547752
2790 	 4710 	 0.85112 	 0.00263035 	 0.00547752
2790 	 4715 	 0.85112 	 0.00263035 	 0.00547752
2790 	 4720 	 0.85112 	 0.00263035 	 0.00547752
2790 	 4725 	 0.85112 	 0.00263035 	 0.00547752
2790 	 4730 	 0.85112 	 0.00263035 	 0.00547752
2790 	 4735 	 0.85112 	 0.00263035 	 0.00547752
2790 	 4740 	 0.85112 	 0.00263035 	 0.00547752
2790 	 4745 	 0.85112 	 0.00263035 	 0.00547752
2790 	 4750 	 0.85112 	 0.00263035 	 0.00547752
2790 	 4755 	 0.85112 	 0.00263035 	 0.00547752
2790 	 4760 	 0.85112 	 0.00263035 	 0.00547752
2790 	 4765 	 0.85112 	 0.00263035 	 0.00547752
2790 	 4770 	 0.85112 	 0.00263035 	 0.00547752
2790 	 4775 	 0.85112 	 0.00263035 	 0.00547752
2790 	 4780 	 0.85112 	 0.00263035 	 0.00547752
2790 	 4785 	 0.85112 	 0.00263035 	 0.00547752
2790 	 4790 	 0.85112 	 0.00263035 	 0.00547752
2790 	 4795 	 0.85112 	 0.00263035 	 0.00547752
2790 	 4800 	 0.85112 	 0.00263035 	 0.00547752
2790 	 4805 	 0.85112 	 0.00263035 	 0.00547752
2790 	 4810 	 0.85112 	 0.00263035 	 0.00547752
2790 	 4815 	 0.85112 	 0.00263035 	 0.00547752
2790 	 4820 	 0.85112 	 0.00263035 	 0.00547752
2790 	 4825 	 0.85112 	 0.00263035 	 0.00547752
2790 	 4830 	 0.85112 	 0.00263035 	 0.00547752
2790 	 4835 	 0.85112 	 0.00263035 	 0.00547752
2790 	 4840 	 0.85112 	 0.00263035 	 0.00547752
2790 	 4845 	 0.85112 	 0.00263035 	 0.00547752
2790 	 4850 	 0.85112 	 0.00263035 	 0.00547752
2790 	 4855 	 0.85112 	 0.00263035 	 0.00547752
2790 	 4860 	 0.85112 	 0.00263035 	 0.00547752
2790 	 4865 	 0.85112 	 0.00263035 	 0.00547752
2790 	 4870 	 0.85112 	 0.00263035 	 0.00547752
2790 	 4875 	 0.85112 	 0.00263035 	 0.00547752
2790 	 4880 	 0.85112 	 0.00263035 	 0.00547752
2790 	 4885 	 0.85112 	 0.00263035 	 0.00547752
2790 	 4890 	 0.85112 	 0.00263035 	 0.00547752
2790 	 4895 	 0.85112 	 0.00263035 	 0.00547752
2790 	 4900 	 0.85112 	 0.00263035 	 0.00547752
2790 	 4905 	 0.85112 	 0.00263035 	 0.00547752
2790 	 4910 	 0.85112 	 0.00263035 	 0.00547752
2790 	 4915 	 0.85112 	 0.00263035 	 0.00547752
2790 	 4920 	 0.85112 	 0.00263035 	 0.00547752
2790 	 4925 	 0.85112 	 0.00263035 	 0.00547752
2790 	 4930 	 0.85112 	 0.00263035 	 0.00547752
2790 	 4935 	 0.85112 	 0.00263035 	 0.00547752
2790 	 4940 	 0.85112 	 0.00263035 	 0.00547752
2790 	 4945 	 0.85112 	 0.00263035 	 0.00547752
2790 	 4950 	 0.85112 	 0.00263035 	 0.00547752
2790 	 4955 	 0.85112 	 0.00263035 	 0.00547752
2790 	 4960 	 0.85112 	 0.00263035 	 0.00547752
2790 	 4965 	 0.85112 	 0.00263035 	 0.00547752
2790 	 4970 	 0.85112 	 0.00263035 	 0.00547752
2790 	 4975 	 0.85112 	 0.00263035 	 0.00547752
2790 	 4980 	 0.85112 	 0.00263035 	 0.00547752
2790 	 4985 	 0.85112 	 0.00263035 	 0.00547752
2790 	 4990 	 0.85112 	 0.00263035 	 0.00547752
2790 	 4995 	 0.85112 	 0.00263035 	 0.00547752
2790 	 5000 	 0.85112 	 0.00263035 	 0.00547752
