2380 	 5 	 0.876744 	 0.00531022	0.011094
2380 	 10 	 0.879357 	 0.00428359	0.00894919
2380 	 15 	 0.883024 	 0.00318154	0.00664682
2380 	 20 	 0.887869 	 0.00212342	0.00443621
2380 	 25 	 0.893788 	 0.00126561	0.00264408
2380 	 30 	 0.900364 	 0.00109268	0.00228281
2380 	 35 	 0.912783 	 0.00184118	0.00384656
2380 	 40 	 0.921786 	 0.000991859	0.00207217
2380 	 45 	 0.928907 	 0.00070463	0.0014721
2380 	 50 	 0.934357 	 0.000696146	0.00145438
2380 	 55 	 0.938414 	 0.000679538	0.00141968
2380 	 60 	 0.941393 	 0.000637862	0.00133261
2380 	 65 	 0.943583 	 0.000609462	0.00127328
2380 	 70 	 0.945213 	 0.000603695	0.00126123
2380 	 75 	 0.946453 	 0.000608453	0.00127117
2380 	 80 	 0.947419 	 0.000611762	0.00127808
2380 	 85 	 0.948194 	 0.00060884	0.00127198
2380 	 90 	 0.948833 	 0.000599978	0.00125346
2380 	 95 	 0.949372 	 0.000587472	0.00122734
2380 	 100 	 0.949837 	 0.000573813	0.0011988
2380 	 105 	 0.950245 	 0.00056094	0.00117191
2380 	 110 	 0.950608 	 0.000550068	0.00114919
2380 	 115 	 0.950935 	 0.000541765	0.00113185
2380 	 120 	 0.951232 	 0.000536125	0.00112006
2380 	 125 	 0.951504 	 0.000532947	0.00111342
2380 	 130 	 0.951754 	 0.000531878	0.00111119
2380 	 135 	 0.951986 	 0.000532514	0.00111252
2380 	 140 	 0.952202 	 0.000534466	0.0011166
2380 	 145 	 0.952403 	 0.00053739	0.0011227
2380 	 150 	 0.952592 	 0.000540997	0.00113024
2380 	 155 	 0.952768 	 0.00054506	0.00113873
2380 	 160 	 0.952935 	 0.0005494	0.0011478
2380 	 165 	 0.953091 	 0.000553885	0.00115717
2380 	 170 	 0.95324 	 0.000558417	0.00116664
2380 	 175 	 0.95338 	 0.000562925	0.00117605
2380 	 180 	 0.953513 	 0.000567361	0.00118532
2380 	 185 	 0.953639 	 0.000571692	0.00119437
2380 	 190 	 0.953759 	 0.000575897	0.00120315
2380 	 195 	 0.953874 	 0.000579964	0.00121165
2380 	 200 	 0.953983 	 0.000583889	0.00121985
2380 	 205 	 0.954087 	 0.00058767	0.00122775
2380 	 210 	 0.954187 	 0.00059131	0.00123535
2380 	 215 	 0.954283 	 0.000594813	0.00124267
2380 	 220 	 0.954374 	 0.000598186	0.00124972
2380 	 225 	 0.954462 	 0.000601435	0.00125651
2380 	 230 	 0.954546 	 0.000604568	0.00126305
2380 	 235 	 0.954627 	 0.000607592	0.00126937
2380 	 240 	 0.954705 	 0.000610514	0.00127547
2380 	 245 	 0.95478 	 0.000613342	0.00128138
2380 	 250 	 0.954853 	 0.000616082	0.00128711
2380 	 255 	 0.954923 	 0.000618742	0.00129267
2380 	 260 	 0.95499 	 0.000621328	0.00129807
2380 	 265 	 0.955055 	 0.000623845	0.00130333
2380 	 270 	 0.955118 	 0.000626299	0.00130845
2380 	 275 	 0.955179 	 0.000628694	0.00131346
2380 	 280 	 0.955238 	 0.000631037	0.00131835
2380 	 285 	 0.955295 	 0.000633331	0.00132314
2380 	 290 	 0.95535 	 0.000635579	0.00132784
2380 	 295 	 0.955403 	 0.000637787	0.00133245
2380 	 300 	 0.955455 	 0.000639956	0.00133698
2380 	 305 	 0.955506 	 0.000642091	0.00134144
2380 	 310 	 0.955555 	 0.000644193	0.00134584
2380 	 315 	 0.955602 	 0.000646266	0.00135017
2380 	 320 	 0.955649 	 0.000648312	0.00135444
2380 	 325 	 0.955694 	 0.000650333	0.00135866
2380 	 330 	 0.955737 	 0.000652331	0.00136284
2380 	 335 	 0.95578 	 0.000654307	0.00136697
2380 	 340 	 0.955822 	 0.000656264	0.00137106
2380 	 345 	 0.955862 	 0.000658203	0.00137511
2380 	 350 	 0.955901 	 0.000660124	0.00137912
2380 	 355 	 0.95594 	 0.00066203	0.0013831
2380 	 360 	 0.955977 	 0.000663922	0.00138705
2380 	 365 	 0.956014 	 0.0006658	0.00139098
2380 	 370 	 0.956049 	 0.000667665	0.00139487
2380 	 375 	 0.956084 	 0.000669518	0.00139874
2380 	 380 	 0.956118 	 0.00067136	0.00140259
2380 	 385 	 0.956152 	 0.000673191	0.00140642
2380 	 390 	 0.956184 	 0.000675012	0.00141022
2380 	 395 	 0.956216 	 0.000676824	0.00141401
2380 	 400 	 0.956247 	 0.000678627	0.00141777
2380 	 405 	 0.956277 	 0.000680421	0.00142152
2380 	 410 	 0.956307 	 0.000682207	0.00142526
2380 	 415 	 0.956336 	 0.000683985	0.00142897
2380 	 420 	 0.956365 	 0.000685756	0.00143267
2380 	 425 	 0.956392 	 0.00068752	0.00143635
2380 	 430 	 0.95642 	 0.000689276	0.00144002
2380 	 435 	 0.956447 	 0.000691026	0.00144368
2380 	 440 	 0.956473 	 0.000692769	0.00144732
2380 	 445 	 0.956498 	 0.000694505	0.00145095
2380 	 450 	 0.956524 	 0.000696236	0.00145456
2380 	 455 	 0.956548 	 0.00069796	0.00145817
2380 	 460 	 0.956573 	 0.000699678	0.00146175
2380 	 465 	 0.956596 	 0.00070139	0.00146533
2380 	 470 	 0.95662 	 0.000703096	0.0014689
2380 	 475 	 0.956643 	 0.000704797	0.00147245
2380 	 480 	 0.956665 	 0.000706491	0.00147599
2380 	 485 	 0.956687 	 0.00070818	0.00147952
2380 	 490 	 0.956709 	 0.000709863	0.00148303
2380 	 495 	 0.95673 	 0.000711541	0.00148654
2380 	 500 	 0.956751 	 0.000713213	0.00149003
2380 	 505 	 0.956772 	 0.00071488	0.00149351
2380 	 510 	 0.956792 	 0.000716541	0.00149698
2380 	 515 	 0.956812 	 0.000718196	0.00150044
2380 	 520 	 0.956831 	 0.000719846	0.00150389
2380 	 525 	 0.956851 	 0.00072149	0.00150732
2380 	 530 	 0.95687 	 0.000723129	0.00151075
2380 	 535 	 0.956888 	 0.000724762	0.00151416
2380 	 540 	 0.956907 	 0.00072639	0.00151756
2380 	 545 	 0.956925 	 0.000728012	0.00152095
2380 	 550 	 0.956942 	 0.000729629	0.00152433
2380 	 555 	 0.95696 	 0.00073124	0.00152769
2380 	 560 	 0.956977 	 0.000732846	0.00153105
2380 	 565 	 0.956994 	 0.000734446	0.00153439
2380 	 570 	 0.95701 	 0.000736041	0.00153772
2380 	 575 	 0.957027 	 0.00073763	0.00154104
2380 	 580 	 0.957043 	 0.000739213	0.00154435
2380 	 585 	 0.957059 	 0.000740791	0.00154765
2380 	 590 	 0.957075 	 0.000742363	0.00155093
2380 	 595 	 0.95709 	 0.00074393	0.0015542
2380 	 600 	 0.957105 	 0.000745491	0.00155747
2380 	 605 	 0.95712 	 0.000747046	0.00156072
2380 	 610 	 0.957135 	 0.000748596	0.00156395
2380 	 615 	 0.95715 	 0.00075014	0.00156718
2380 	 620 	 0.957164 	 0.000751678	0.00157039
2380 	 625 	 0.957178 	 0.000753211	0.00157359
2380 	 630 	 0.957192 	 0.000754738	0.00157679
2380 	 635 	 0.957206 	 0.000756259	0.00157996
2380 	 640 	 0.957219 	 0.000757775	0.00158313
2380 	 645 	 0.957233 	 0.000759285	0.00158629
2380 	 650 	 0.957246 	 0.00076079	0.00158943
2380 	 655 	 0.957259 	 0.000762288	0.00159256
2380 	 660 	 0.957272 	 0.000763781	0.00159568
2380 	 665 	 0.957285 	 0.000765269	0.00159879
2380 	 670 	 0.957297 	 0.00076675	0.00160188
2380 	 675 	 0.95731 	 0.000768226	0.00160496
2380 	 680 	 0.957322 	 0.000769696	0.00160804
2380 	 685 	 0.957334 	 0.000771161	0.0016111
2380 	 690 	 0.957346 	 0.00077262	0.00161414
2380 	 695 	 0.957358 	 0.000774073	0.00161718
2380 	 700 	 0.95737 	 0.00077552	0.0016202
2380 	 705 	 0.957381 	 0.000776962	0.00162322
2380 	 710 	 0.957392 	 0.000778398	0.00162622
2380 	 715 	 0.957404 	 0.000779829	0.0016292
2380 	 720 	 0.957415 	 0.000781254	0.00163218
2380 	 725 	 0.957426 	 0.000782673	0.00163515
2380 	 730 	 0.957436 	 0.000784086	0.0016381
2380 	 735 	 0.957447 	 0.000785494	0.00164104
2380 	 740 	 0.957458 	 0.000786897	0.00164397
2380 	 745 	 0.957468 	 0.000788293	0.00164689
2380 	 750 	 0.957479 	 0.000789685	0.00164979
2380 	 755 	 0.957489 	 0.00079107	0.00165269
2380 	 760 	 0.957499 	 0.00079245	0.00165557
2380 	 765 	 0.957509 	 0.000793824	0.00165844
2380 	 770 	 0.957519 	 0.000795193	0.0016613
2380 	 775 	 0.957528 	 0.000796557	0.00166415
2380 	 780 	 0.957538 	 0.000797914	0.00166699
2380 	 785 	 0.957548 	 0.000799267	0.00166981
2380 	 790 	 0.957557 	 0.000800614	0.00167263
2380 	 795 	 0.957566 	 0.000801955	0.00167543
2380 	 800 	 0.957576 	 0.000803291	0.00167822
2380 	 805 	 0.957585 	 0.000804621	0.001681
2380 	 810 	 0.957594 	 0.000805946	0.00168377
2380 	 815 	 0.957603 	 0.000807266	0.00168653
2380 	 820 	 0.957612 	 0.00080858	0.00168927
2380 	 825 	 0.95762 	 0.000809889	0.00169201
2380 	 830 	 0.957629 	 0.000811193	0.00169473
2380 	 835 	 0.957638 	 0.000812491	0.00169744
2380 	 840 	 0.957646 	 0.000813784	0.00170014
2380 	 845 	 0.957655 	 0.000815072	0.00170283
2380 	 850 	 0.957663 	 0.000816354	0.00170551
2380 	 855 	 0.957671 	 0.000817631	0.00170818
2380 	 860 	 0.957679 	 0.000818903	0.00171084
2380 	 865 	 0.957687 	 0.00082017	0.00171348
2380 	 870 	 0.957695 	 0.000821431	0.00171612
2380 	 875 	 0.957703 	 0.000822687	0.00171874
2380 	 880 	 0.957711 	 0.000823938	0.00172136
2380 	 885 	 0.957719 	 0.000825184	0.00172396
2380 	 890 	 0.957727 	 0.000826425	0.00172655
2380 	 895 	 0.957734 	 0.000827661	0.00172914
2380 	 900 	 0.957742 	 0.000828892	0.00173171
2380 	 905 	 0.957749 	 0.000830118	0.00173427
2380 	 910 	 0.957757 	 0.000831338	0.00173682
2380 	 915 	 0.957764 	 0.000832554	0.00173936
2380 	 920 	 0.957771 	 0.000833765	0.00174189
2380 	 925 	 0.957778 	 0.000834971	0.00174441
2380 	 930 	 0.957786 	 0.000836172	0.00174691
2380 	 935 	 0.957793 	 0.000837368	0.00174941
2380 	 940 	 0.9578 	 0.000838559	0.0017519
2380 	 945 	 0.957807 	 0.000839745	0.00175438
2380 	 950 	 0.957813 	 0.000840926	0.00175685
2380 	 955 	 0.95782 	 0.000842103	0.00175931
2380 	 960 	 0.957827 	 0.000843275	0.00176175
2380 	 965 	 0.957834 	 0.000844442	0.00176419
2380 	 970 	 0.95784 	 0.000845604	0.00176662
2380 	 975 	 0.957847 	 0.000846761	0.00176904
2380 	 980 	 0.957853 	 0.000847914	0.00177145
2380 	 985 	 0.95786 	 0.000849062	0.00177385
2380 	 990 	 0.957866 	 0.000850206	0.00177624
2380 	 995 	 0.957873 	 0.000851345	0.00177861
2380 	 1000 	 0.957879 	 0.000852479	0.00178098
2380 	 1005 	 0.957885 	 0.000853609	0.00178334
2380 	 1010 	 0.957891 	 0.000854734	0.0017857
2380 	 1015 	 0.957897 	 0.000855855	0.00178804
2380 	 1020 	 0.957903 	 0.000856971	0.00179037
2380 	 1025 	 0.95791 	 0.000858082	0.00179269
2380 	 1030 	 0.957915 	 0.00085919	0.001795
2380 	 1035 	 0.957921 	 0.000860292	0.00179731
2380 	 1040 	 0.957927 	 0.000861391	0.0017996
2380 	 1045 	 0.957933 	 0.000862484	0.00180189
2380 	 1050 	 0.957939 	 0.000863574	0.00180416
2380 	 1055 	 0.957945 	 0.000864659	0.00180643
2380 	 1060 	 0.95795 	 0.00086574	0.00180869
2380 	 1065 	 0.957956 	 0.000866817	0.00181094
2380 	 1070 	 0.957962 	 0.000867889	0.00181318
2380 	 1075 	 0.957967 	 0.000868957	0.00181541
2380 	 1080 	 0.957973 	 0.000870021	0.00181763
2380 	 1085 	 0.957978 	 0.00087108	0.00181985
2380 	 1090 	 0.957984 	 0.000872135	0.00182205
2380 	 1095 	 0.957989 	 0.000873187	0.00182425
2380 	 1100 	 0.957994 	 0.000874234	0.00182643
2380 	 1105 	 0.958 	 0.000875277	0.00182861
2380 	 1110 	 0.958005 	 0.000876315	0.00183078
2380 	 1115 	 0.95801 	 0.00087735	0.00183294
2380 	 1120 	 0.958015 	 0.000878381	0.0018351
2380 	 1125 	 0.95802 	 0.000879407	0.00183724
2380 	 1130 	 0.958026 	 0.00088043	0.00183938
2380 	 1135 	 0.958031 	 0.000881449	0.00184151
2380 	 1140 	 0.958036 	 0.000882463	0.00184363
2380 	 1145 	 0.958041 	 0.000883474	0.00184574
2380 	 1150 	 0.958046 	 0.000884481	0.00184784
2380 	 1155 	 0.95805 	 0.000885484	0.00184994
2380 	 1160 	 0.958055 	 0.000886483	0.00185202
2380 	 1165 	 0.95806 	 0.000887478	0.0018541
2380 	 1170 	 0.958065 	 0.000888469	0.00185617
2380 	 1175 	 0.95807 	 0.000889456	0.00185824
2380 	 1180 	 0.958075 	 0.00089044	0.00186029
2380 	 1185 	 0.958079 	 0.00089142	0.00186234
2380 	 1190 	 0.958084 	 0.000892396	0.00186438
2380 	 1195 	 0.958089 	 0.000893369	0.00186641
2380 	 1200 	 0.958093 	 0.000894337	0.00186843
2380 	 1205 	 0.958098 	 0.000895302	0.00187045
2380 	 1210 	 0.958102 	 0.000896263	0.00187246
2380 	 1215 	 0.958107 	 0.000897221	0.00187446
2380 	 1220 	 0.958111 	 0.000898175	0.00187645
2380 	 1225 	 0.958116 	 0.000899125	0.00187844
2380 	 1230 	 0.95812 	 0.000900072	0.00188041
2380 	 1235 	 0.958124 	 0.000901015	0.00188239
2380 	 1240 	 0.958129 	 0.000901955	0.00188435
2380 	 1245 	 0.958133 	 0.000902891	0.0018863
2380 	 1250 	 0.958137 	 0.000903824	0.00188825
2380 	 1255 	 0.958142 	 0.000904753	0.00189019
2380 	 1260 	 0.958146 	 0.000905679	0.00189213
2380 	 1265 	 0.95815 	 0.000906601	0.00189405
2380 	 1270 	 0.958154 	 0.000907519	0.00189597
2380 	 1275 	 0.958158 	 0.000908435	0.00189789
2380 	 1280 	 0.958163 	 0.000909347	0.00189979
2380 	 1285 	 0.958167 	 0.000910255	0.00190169
2380 	 1290 	 0.958171 	 0.00091116	0.00190358
2380 	 1295 	 0.958175 	 0.000912062	0.00190546
2380 	 1300 	 0.958179 	 0.000912961	0.00190734
2380 	 1305 	 0.958183 	 0.000913856	0.00190921
2380 	 1310 	 0.958187 	 0.000914748	0.00191107
2380 	 1315 	 0.958191 	 0.000915636	0.00191293
2380 	 1320 	 0.958195 	 0.000916522	0.00191478
2380 	 1325 	 0.958199 	 0.000917404	0.00191662
2380 	 1330 	 0.958202 	 0.000918283	0.00191846
2380 	 1335 	 0.958206 	 0.000919158	0.00192029
2380 	 1340 	 0.95821 	 0.000920031	0.00192211
2380 	 1345 	 0.958214 	 0.0009209	0.00192393
2380 	 1350 	 0.958218 	 0.000921766	0.00192574
2380 	 1355 	 0.958221 	 0.000922629	0.00192754
2380 	 1360 	 0.958225 	 0.000923489	0.00192934
2380 	 1365 	 0.958229 	 0.000924346	0.00193113
2380 	 1370 	 0.958232 	 0.0009252	0.00193291
2380 	 1375 	 0.958236 	 0.000926051	0.00193469
2380 	 1380 	 0.95824 	 0.000926898	0.00193646
2380 	 1385 	 0.958243 	 0.000927743	0.00193822
2380 	 1390 	 0.958247 	 0.000928585	0.00193998
2380 	 1395 	 0.95825 	 0.000929423	0.00194173
2380 	 1400 	 0.958254 	 0.000930259	0.00194348
2380 	 1405 	 0.958257 	 0.000931091	0.00194522
2380 	 1410 	 0.958261 	 0.000931921	0.00194695
2380 	 1415 	 0.958264 	 0.000932748	0.00194868
2380 	 1420 	 0.958268 	 0.000933572	0.0019504
2380 	 1425 	 0.958271 	 0.000934393	0.00195212
2380 	 1430 	 0.958275 	 0.000935211	0.00195383
2380 	 1435 	 0.958278 	 0.000936026	0.00195553
2380 	 1440 	 0.958282 	 0.000936838	0.00195723
2380 	 1445 	 0.958285 	 0.000937648	0.00195892
2380 	 1450 	 0.958288 	 0.000938455	0.0019606
2380 	 1455 	 0.958292 	 0.000939259	0.00196228
2380 	 1460 	 0.958295 	 0.00094006	0.00196396
2380 	 1465 	 0.958298 	 0.000940858	0.00196562
2380 	 1470 	 0.958301 	 0.000941654	0.00196729
2380 	 1475 	 0.958305 	 0.000942446	0.00196894
2380 	 1480 	 0.958308 	 0.000943236	0.00197059
2380 	 1485 	 0.958311 	 0.000944024	0.00197224
2380 	 1490 	 0.958314 	 0.000944808	0.00197388
2380 	 1495 	 0.958317 	 0.00094559	0.00197551
2380 	 1500 	 0.95832 	 0.00094637	0.00197714
2380 	 1505 	 0.958324 	 0.000947146	0.00197876
2380 	 1510 	 0.958327 	 0.00094792	0.00198038
2380 	 1515 	 0.95833 	 0.000948692	0.00198199
2380 	 1520 	 0.958333 	 0.00094946	0.0019836
2380 	 1525 	 0.958336 	 0.000950227	0.0019852
2380 	 1530 	 0.958339 	 0.00095099	0.00198679
2380 	 1535 	 0.958342 	 0.000951751	0.00198838
2380 	 1540 	 0.958345 	 0.000952509	0.00198997
2380 	 1545 	 0.958348 	 0.000953265	0.00199154
2380 	 1550 	 0.958351 	 0.000954019	0.00199312
2380 	 1555 	 0.958354 	 0.000954769	0.00199469
2380 	 1560 	 0.958357 	 0.000955518	0.00199625
2380 	 1565 	 0.95836 	 0.000956263	0.00199781
2380 	 1570 	 0.958363 	 0.000957007	0.00199936
2380 	 1575 	 0.958366 	 0.000957748	0.00200091
2380 	 1580 	 0.958369 	 0.000958486	0.00200245
2380 	 1585 	 0.958371 	 0.000959222	0.00200399
2380 	 1590 	 0.958374 	 0.000959955	0.00200552
2380 	 1595 	 0.958377 	 0.000960686	0.00200705
2380 	 1600 	 0.95838 	 0.000961415	0.00200857
2380 	 1605 	 0.958383 	 0.000962141	0.00201009
2380 	 1610 	 0.958385 	 0.000962865	0.0020116
2380 	 1615 	 0.958388 	 0.000963587	0.00201311
2380 	 1620 	 0.958391 	 0.000964306	0.00201461
2380 	 1625 	 0.958394 	 0.000965023	0.00201611
2380 	 1630 	 0.958396 	 0.000965737	0.0020176
2380 	 1635 	 0.958399 	 0.00096645	0.00201909
2380 	 1640 	 0.958402 	 0.000967159	0.00202057
2380 	 1645 	 0.958405 	 0.000967867	0.00202205
2380 	 1650 	 0.958407 	 0.000968572	0.00202352
2380 	 1655 	 0.95841 	 0.000969275	0.00202499
2380 	 1660 	 0.958413 	 0.000969976	0.00202646
2380 	 1665 	 0.958415 	 0.000970675	0.00202792
2380 	 1670 	 0.958418 	 0.000971371	0.00202937
2380 	 1675 	 0.95842 	 0.000972065	0.00203082
2380 	 1680 	 0.958423 	 0.000972757	0.00203227
2380 	 1685 	 0.958426 	 0.000973446	0.00203371
2380 	 1690 	 0.958428 	 0.000974134	0.00203514
2380 	 1695 	 0.958431 	 0.000974819	0.00203657
2380 	 1700 	 0.958433 	 0.000975502	0.002038
2380 	 1705 	 0.958436 	 0.000976183	0.00203942
2380 	 1710 	 0.958438 	 0.000976862	0.00204084
2380 	 1715 	 0.958441 	 0.000977538	0.00204226
2380 	 1720 	 0.958443 	 0.000978213	0.00204366
2380 	 1725 	 0.958446 	 0.000978885	0.00204507
2380 	 1730 	 0.958448 	 0.000979555	0.00204647
2380 	 1735 	 0.958451 	 0.000980224	0.00204787
2380 	 1740 	 0.958453 	 0.00098089	0.00204926
2380 	 1745 	 0.958456 	 0.000981554	0.00205064
2380 	 1750 	 0.958458 	 0.000982216	0.00205203
2380 	 1755 	 0.95846 	 0.000982876	0.00205341
2380 	 1760 	 0.958463 	 0.000983534	0.00205478
2380 	 1765 	 0.958465 	 0.000984189	0.00205615
2380 	 1770 	 0.958468 	 0.000984843	0.00205752
2380 	 1775 	 0.95847 	 0.000985495	0.00205888
2380 	 1780 	 0.958472 	 0.000986145	0.00206024
2380 	 1785 	 0.958475 	 0.000986793	0.00206159
2380 	 1790 	 0.958477 	 0.000987438	0.00206294
2380 	 1795 	 0.958479 	 0.000988082	0.00206428
2380 	 1800 	 0.958482 	 0.000988724	0.00206562
2380 	 1805 	 0.958484 	 0.000989364	0.00206696
2380 	 1810 	 0.958486 	 0.000990002	0.00206829
2380 	 1815 	 0.958488 	 0.000990638	0.00206962
2380 	 1820 	 0.958491 	 0.000991272	0.00207095
2380 	 1825 	 0.958493 	 0.000991904	0.00207227
2380 	 1830 	 0.958495 	 0.000992535	0.00207359
2380 	 1835 	 0.958497 	 0.000993163	0.0020749
2380 	 1840 	 0.9585 	 0.00099379	0.00207621
2380 	 1845 	 0.958502 	 0.000994414	0.00207751
2380 	 1850 	 0.958504 	 0.000995037	0.00207881
2380 	 1855 	 0.958506 	 0.000995658	0.00208011
2380 	 1860 	 0.958508 	 0.000996277	0.0020814
2380 	 1865 	 0.958511 	 0.000996894	0.00208269
2380 	 1870 	 0.958513 	 0.00099751	0.00208398
2380 	 1875 	 0.958515 	 0.000998123	0.00208526
2380 	 1880 	 0.958517 	 0.000998735	0.00208654
2380 	 1885 	 0.958519 	 0.000999345	0.00208781
2380 	 1890 	 0.958521 	 0.000999953	0.00208908
2380 	 1895 	 0.958523 	 0.00100056	0.00209035
2380 	 1900 	 0.958526 	 0.00100116	0.00209161
2380 	 1905 	 0.958528 	 0.00100177	0.00209287
2380 	 1910 	 0.95853 	 0.00100237	0.00209413
2380 	 1915 	 0.958532 	 0.00100297	0.00209538
2380 	 1920 	 0.958534 	 0.00100356	0.00209663
2380 	 1925 	 0.958536 	 0.00100416	0.00209787
2380 	 1930 	 0.958538 	 0.00100475	0.00209911
2380 	 1935 	 0.95854 	 0.00100535	0.00210035
2380 	 1940 	 0.958542 	 0.00100594	0.00210159
2380 	 1945 	 0.958544 	 0.00100653	0.00210282
2380 	 1950 	 0.958546 	 0.00100711	0.00210404
2380 	 1955 	 0.958548 	 0.0010077	0.00210527
2380 	 1960 	 0.95855 	 0.00100828	0.00210649
2380 	 1965 	 0.958552 	 0.00100886	0.0021077
2380 	 1970 	 0.958554 	 0.00100945	0.00210891
2380 	 1975 	 0.958556 	 0.00101002	0.00211012
2380 	 1980 	 0.958558 	 0.0010106	0.00211133
2380 	 1985 	 0.95856 	 0.00101118	0.00211253
2380 	 1990 	 0.958562 	 0.00101175	0.00211373
2380 	 1995 	 0.958564 	 0.00101232	0.00211493
2380 	 2000 	 0.958566 	 0.00101289	0.00211612
2380 	 2005 	 0.958568 	 0.00101346	0.00211731
2380 	 2010 	 0.95857 	 0.00101403	0.00211849
2380 	 2015 	 0.958572 	 0.0010146	0.00211967
2380 	 2020 	 0.958573 	 0.00101516	0.00212085
2380 	 2025 	 0.958575 	 0.00101572	0.00212203
2380 	 2030 	 0.958577 	 0.00101628	0.0021232
2380 	 2035 	 0.958579 	 0.00101684	0.00212437
2380 	 2040 	 0.958581 	 0.0010174	0.00212554
2380 	 2045 	 0.958583 	 0.00101796	0.0021267
2380 	 2050 	 0.958585 	 0.00101851	0.00212786
2380 	 2055 	 0.958586 	 0.00101907	0.00212901
2380 	 2060 	 0.958588 	 0.00101962	0.00213017
2380 	 2065 	 0.95859 	 0.00102017	0.00213132
2380 	 2070 	 0.958592 	 0.00102072	0.00213246
2380 	 2075 	 0.958594 	 0.00102126	0.0021336
2380 	 2080 	 0.958596 	 0.00102181	0.00213474
2380 	 2085 	 0.958597 	 0.00102235	0.00213588
2380 	 2090 	 0.958599 	 0.0010229	0.00213702
2380 	 2095 	 0.958601 	 0.00102344	0.00213815
2380 	 2100 	 0.958603 	 0.00102398	0.00213927
2380 	 2105 	 0.958605 	 0.00102451	0.0021404
2380 	 2110 	 0.958606 	 0.00102505	0.00214152
2380 	 2115 	 0.958608 	 0.00102559	0.00214264
2380 	 2120 	 0.95861 	 0.00102612	0.00214375
2380 	 2125 	 0.958612 	 0.00102665	0.00214487
2380 	 2130 	 0.958613 	 0.00102718	0.00214597
2380 	 2135 	 0.958615 	 0.00102771	0.00214708
2380 	 2140 	 0.958617 	 0.00102824	0.00214818
2380 	 2145 	 0.958618 	 0.00102877	0.00214928
2380 	 2150 	 0.95862 	 0.00102929	0.00215038
2380 	 2155 	 0.958622 	 0.00102982	0.00215148
2380 	 2160 	 0.958624 	 0.00103034	0.00215257
2380 	 2165 	 0.958625 	 0.00103086	0.00215366
2380 	 2170 	 0.958627 	 0.00103138	0.00215474
2380 	 2175 	 0.958629 	 0.0010319	0.00215582
2380 	 2180 	 0.95863 	 0.00103242	0.0021569
2380 	 2185 	 0.958632 	 0.00103293	0.00215798
2380 	 2190 	 0.958634 	 0.00103345	0.00215906
2380 	 2195 	 0.958635 	 0.00103396	0.00216013
2380 	 2200 	 0.958637 	 0.00103447	0.0021612
2380 	 2205 	 0.958638 	 0.00103498	0.00216226
2380 	 2210 	 0.95864 	 0.00103549	0.00216332
2380 	 2215 	 0.958642 	 0.001036	0.00216438
2380 	 2220 	 0.958643 	 0.0010365	0.00216544
2380 	 2225 	 0.958645 	 0.00103701	0.0021665
2380 	 2230 	 0.958647 	 0.00103751	0.00216755
2380 	 2235 	 0.958648 	 0.00103801	0.0021686
2380 	 2240 	 0.95865 	 0.00103851	0.00216964
2380 	 2245 	 0.958651 	 0.00103901	0.00217069
2380 	 2250 	 0.958653 	 0.00103951	0.00217173
2380 	 2255 	 0.958654 	 0.00104001	0.00217277
2380 	 2260 	 0.958656 	 0.0010405	0.0021738
2380 	 2265 	 0.958658 	 0.001041	0.00217483
2380 	 2270 	 0.958659 	 0.00104149	0.00217586
2380 	 2275 	 0.958661 	 0.00104198	0.00217689
2380 	 2280 	 0.958662 	 0.00104247	0.00217792
2380 	 2285 	 0.958664 	 0.00104296	0.00217894
2380 	 2290 	 0.958665 	 0.00104345	0.00217996
2380 	 2295 	 0.958667 	 0.00104394	0.00218098
2380 	 2300 	 0.958668 	 0.00104442	0.00218199
2380 	 2305 	 0.95867 	 0.00104491	0.002183
2380 	 2310 	 0.958671 	 0.00104539	0.00218401
2380 	 2315 	 0.958673 	 0.00104587	0.00218502
2380 	 2320 	 0.958674 	 0.00104635	0.00218602
2380 	 2325 	 0.958676 	 0.00104683	0.00218702
2380 	 2330 	 0.958677 	 0.00104731	0.00218802
2380 	 2335 	 0.958679 	 0.00104779	0.00218902
2380 	 2340 	 0.95868 	 0.00104826	0.00219001
2380 	 2345 	 0.958682 	 0.00104874	0.002191
2380 	 2350 	 0.958683 	 0.00104921	0.00219199
2380 	 2355 	 0.958685 	 0.00104968	0.00219298
2380 	 2360 	 0.958686 	 0.00105015	0.00219396
2380 	 2365 	 0.958688 	 0.00105062	0.00219494
2380 	 2370 	 0.958689 	 0.00105109	0.00219592
2380 	 2375 	 0.958691 	 0.00105156	0.0021969
2380 	 2380 	 0.958692 	 0.00105203	0.00219788
2380 	 2385 	 0.958693 	 0.00105249	0.00219885
2380 	 2390 	 0.958695 	 0.00105296	0.00219982
2380 	 2395 	 0.958696 	 0.00105342	0.00220078
2380 	 2400 	 0.958698 	 0.00105388	0.00220175
2380 	 2405 	 0.958699 	 0.00105434	0.00220271
2380 	 2410 	 0.958701 	 0.0010548	0.00220367
2380 	 2415 	 0.958702 	 0.00105526	0.00220463
2380 	 2420 	 0.958703 	 0.00105572	0.00220558
2380 	 2425 	 0.958705 	 0.00105617	0.00220654
2380 	 2430 	 0.958706 	 0.00105663	0.00220749
2380 	 2435 	 0.958707 	 0.00105708	0.00220843
2380 	 2440 	 0.958709 	 0.00105753	0.00220938
2380 	 2445 	 0.95871 	 0.00105799	0.00221032
2380 	 2450 	 0.958712 	 0.00105844	0.00221126
2380 	 2455 	 0.958713 	 0.00105888	0.0022122
2380 	 2460 	 0.958714 	 0.00105933	0.00221314
2380 	 2465 	 0.958716 	 0.00105978	0.00221407
2380 	 2470 	 0.958717 	 0.00106023	0.00221501
2380 	 2475 	 0.958718 	 0.00106067	0.00221594
2380 	 2480 	 0.95872 	 0.00106112	0.00221686
2380 	 2485 	 0.958721 	 0.00106156	0.00221779
2380 	 2490 	 0.958722 	 0.001062	0.00221871
2380 	 2495 	 0.958724 	 0.00106244	0.00221963
2380 	 2500 	 0.958725 	 0.00106288	0.00222055
2380 	 2505 	 0.958726 	 0.00106332	0.00222147
2380 	 2510 	 0.958728 	 0.00106376	0.00222238
2380 	 2515 	 0.958729 	 0.00106419	0.0022233
2380 	 2520 	 0.95873 	 0.00106463	0.00222421
2380 	 2525 	 0.958732 	 0.00106506	0.00222511
2380 	 2530 	 0.958733 	 0.0010655	0.00222602
2380 	 2535 	 0.958734 	 0.00106593	0.00222692
2380 	 2540 	 0.958735 	 0.00106636	0.00222782
2380 	 2545 	 0.958737 	 0.00106679	0.00222872
2380 	 2550 	 0.958738 	 0.00106722	0.00222962
2380 	 2555 	 0.958739 	 0.00106765	0.00223052
2380 	 2560 	 0.958741 	 0.00106808	0.00223141
2380 	 2565 	 0.958742 	 0.0010685	0.0022323
2380 	 2570 	 0.958743 	 0.00106893	0.00223319
2380 	 2575 	 0.958744 	 0.00106935	0.00223408
2380 	 2580 	 0.958746 	 0.00106978	0.00223496
2380 	 2585 	 0.958747 	 0.0010702	0.00223584
2380 	 2590 	 0.958748 	 0.00107062	0.00223672
2380 	 2595 	 0.958749 	 0.00107104	0.0022376
2380 	 2600 	 0.958751 	 0.00107146	0.00223848
2380 	 2605 	 0.958752 	 0.00107188	0.00223935
2380 	 2610 	 0.958753 	 0.0010723	0.00224023
2380 	 2615 	 0.958754 	 0.00107271	0.0022411
2380 	 2620 	 0.958755 	 0.00107313	0.00224196
2380 	 2625 	 0.958757 	 0.00107354	0.00224283
2380 	 2630 	 0.958758 	 0.00107396	0.00224369
2380 	 2635 	 0.958759 	 0.00107437	0.00224456
2380 	 2640 	 0.95876 	 0.00107478	0.00224542
2380 	 2645 	 0.958762 	 0.00107519	0.00224628
2380 	 2650 	 0.958763 	 0.0010756	0.00224713
2380 	 2655 	 0.958764 	 0.00107601	0.00224799
2380 	 2660 	 0.958765 	 0.00107642	0.00224884
2380 	 2665 	 0.958766 	 0.00107683	0.00224969
2380 	 2670 	 0.958767 	 0.00107723	0.00225054
2380 	 2675 	 0.958769 	 0.00107764	0.00225139
2380 	 2680 	 0.95877 	 0.00107804	0.00225223
2380 	 2685 	 0.958771 	 0.00107845	0.00225307
2380 	 2690 	 0.958772 	 0.00107885	0.00225391
2380 	 2695 	 0.958773 	 0.00107925	0.00225475
2380 	 2700 	 0.958775 	 0.00107965	0.00225559
2380 	 2705 	 0.958776 	 0.00108005	0.00225643
2380 	 2710 	 0.958777 	 0.00108045	0.00225726
2380 	 2715 	 0.958778 	 0.00108085	0.00225809
2380 	 2720 	 0.958779 	 0.00108125	0.00225892
2380 	 2725 	 0.95878 	 0.00108164	0.00225975
2380 	 2730 	 0.958781 	 0.00108204	0.00226057
2380 	 2735 	 0.958783 	 0.00108243	0.0022614
2380 	 2740 	 0.958784 	 0.00108283	0.00226222
2380 	 2745 	 0.958785 	 0.00108322	0.00226304
2380 	 2750 	 0.958786 	 0.00108361	0.00226386
2380 	 2755 	 0.958787 	 0.001084	0.00226468
2380 	 2760 	 0.958788 	 0.00108439	0.00226549
2380 	 2765 	 0.958789 	 0.00108478	0.00226631
2380 	 2770 	 0.95879 	 0.00108517	0.00226712
2380 	 2775 	 0.958792 	 0.00108556	0.00226793
2380 	 2780 	 0.958793 	 0.00108594	0.00226874
2380 	 2785 	 0.958794 	 0.00108633	0.00226954
2380 	 2790 	 0.958795 	 0.00108672	0.00227035
2380 	 2795 	 0.958796 	 0.0010871	0.00227115
2380 	 2800 	 0.958797 	 0.00108748	0.00227195
2380 	 2805 	 0.958798 	 0.00108787	0.00227275
2380 	 2810 	 0.958799 	 0.00108825	0.00227355
2380 	 2815 	 0.9588 	 0.00108863	0.00227434
2380 	 2820 	 0.958801 	 0.00108901	0.00227514
2380 	 2825 	 0.958802 	 0.00108939	0.00227593
2380 	 2830 	 0.958803 	 0.00108977	0.00227672
2380 	 2835 	 0.958805 	 0.00109014	0.00227751
2380 	 2840 	 0.958806 	 0.00109052	0.00227829
2380 	 2845 	 0.958807 	 0.0010909	0.00227908
2380 	 2850 	 0.958808 	 0.00109127	0.00227986
2380 	 2855 	 0.958809 	 0.00109164	0.00228064
2380 	 2860 	 0.95881 	 0.00109202	0.00228143
2380 	 2865 	 0.958811 	 0.00109239	0.0022822
2380 	 2870 	 0.958812 	 0.00109276	0.00228298
2380 	 2875 	 0.958813 	 0.00109313	0.00228376
2380 	 2880 	 0.958814 	 0.0010935	0.00228453
2380 	 2885 	 0.958815 	 0.00109387	0.0022853
2380 	 2890 	 0.958816 	 0.00109424	0.00228607
2380 	 2895 	 0.958817 	 0.00109461	0.00228684
2380 	 2900 	 0.958818 	 0.00109498	0.00228761
2380 	 2905 	 0.958819 	 0.00109534	0.00228837
2380 	 2910 	 0.95882 	 0.00109571	0.00228914
2380 	 2915 	 0.958821 	 0.00109607	0.0022899
2380 	 2920 	 0.958822 	 0.00109644	0.00229066
2380 	 2925 	 0.958823 	 0.0010968	0.00229142
2380 	 2930 	 0.958824 	 0.00109716	0.00229218
2380 	 2935 	 0.958825 	 0.00109753	0.00229293
2380 	 2940 	 0.958826 	 0.00109789	0.00229369
2380 	 2945 	 0.958827 	 0.00109825	0.00229444
2380 	 2950 	 0.958828 	 0.00109861	0.00229519
2380 	 2955 	 0.958829 	 0.00109897	0.00229594
2380 	 2960 	 0.95883 	 0.00109932	0.00229669
2380 	 2965 	 0.958831 	 0.00109968	0.00229743
2380 	 2970 	 0.958832 	 0.00110004	0.00229818
2380 	 2975 	 0.958833 	 0.00110039	0.00229892
2380 	 2980 	 0.958834 	 0.00110075	0.00229966
2380 	 2985 	 0.958835 	 0.0011011	0.0023004
2380 	 2990 	 0.958836 	 0.00110146	0.00230114
2380 	 2995 	 0.958837 	 0.00110181	0.00230188
2380 	 3000 	 0.958838 	 0.00110216	0.00230261
2380 	 3005 	 0.958839 	 0.00110251	0.00230335
2380 	 3010 	 0.95884 	 0.00110286	0.00230408
2380 	 3015 	 0.958841 	 0.00110321	0.00230481
2380 	 3020 	 0.958842 	 0.00110356	0.00230554
2380 	 3025 	 0.958843 	 0.00110391	0.00230627
2380 	 3030 	 0.958844 	 0.00110426	0.002307
2380 	 3035 	 0.958845 	 0.00110461	0.00230772
2380 	 3040 	 0.958846 	 0.00110495	0.00230845
2380 	 3045 	 0.958847 	 0.0011053	0.00230917
2380 	 3050 	 0.958848 	 0.00110564	0.00230989
2380 	 3055 	 0.958849 	 0.00110599	0.00231061
2380 	 3060 	 0.95885 	 0.00110633	0.00231132
2380 	 3065 	 0.958851 	 0.00110667	0.00231204
2380 	 3070 	 0.958851 	 0.00110701	0.00231276
2380 	 3075 	 0.958852 	 0.00110736	0.00231347
2380 	 3080 	 0.958853 	 0.0011077	0.00231418
2380 	 3085 	 0.958854 	 0.00110804	0.00231489
2380 	 3090 	 0.958855 	 0.00110838	0.0023156
2380 	 3095 	 0.958856 	 0.00110872	0.00231631
2380 	 3100 	 0.958857 	 0.00110905	0.00231701
2380 	 3105 	 0.958858 	 0.00110939	0.00231772
2380 	 3110 	 0.958859 	 0.00110973	0.00231842
2380 	 3115 	 0.95886 	 0.00111006	0.00231912
2380 	 3120 	 0.958861 	 0.0011104	0.00231982
2380 	 3125 	 0.958862 	 0.00111073	0.00232052
2380 	 3130 	 0.958862 	 0.00111107	0.00232122
2380 	 3135 	 0.958863 	 0.0011114	0.00232192
2380 	 3140 	 0.958864 	 0.00111173	0.00232261
2380 	 3145 	 0.958865 	 0.00111206	0.00232331
2380 	 3150 	 0.958866 	 0.0011124	0.002324
2380 	 3155 	 0.958867 	 0.00111273	0.00232469
2380 	 3160 	 0.958868 	 0.00111306	0.00232538
2380 	 3165 	 0.958869 	 0.00111339	0.00232607
2380 	 3170 	 0.95887 	 0.00111372	0.00232675
2380 	 3175 	 0.958871 	 0.00111404	0.00232744
2380 	 3180 	 0.958871 	 0.00111437	0.00232812
2380 	 3185 	 0.958872 	 0.0011147	0.00232881
2380 	 3190 	 0.958873 	 0.00111502	0.00232949
2380 	 3195 	 0.958874 	 0.00111535	0.00233017
2380 	 3200 	 0.958875 	 0.00111567	0.00233085
2380 	 3205 	 0.958876 	 0.001116	0.00233152
2380 	 3210 	 0.958877 	 0.00111632	0.0023322
2380 	 3215 	 0.958877 	 0.00111664	0.00233287
2380 	 3220 	 0.958878 	 0.00111697	0.00233355
2380 	 3225 	 0.958879 	 0.00111729	0.00233422
2380 	 3230 	 0.95888 	 0.00111761	0.00233489
2380 	 3235 	 0.958881 	 0.00111793	0.00233556
2380 	 3240 	 0.958882 	 0.00111825	0.00233623
2380 	 3245 	 0.958883 	 0.00111857	0.00233689
2380 	 3250 	 0.958883 	 0.00111889	0.00233756
2380 	 3255 	 0.958884 	 0.00111921	0.00233822
2380 	 3260 	 0.958885 	 0.00111952	0.00233889
2380 	 3265 	 0.958886 	 0.00111984	0.00233955
2380 	 3270 	 0.958887 	 0.00112016	0.00234021
2380 	 3275 	 0.958888 	 0.00112047	0.00234087
2380 	 3280 	 0.958889 	 0.00112079	0.00234153
2380 	 3285 	 0.958889 	 0.0011211	0.00234218
2380 	 3290 	 0.95889 	 0.00112141	0.00234284
2380 	 3295 	 0.958891 	 0.00112173	0.00234349
2380 	 3300 	 0.958892 	 0.00112204	0.00234415
2380 	 3305 	 0.958893 	 0.00112235	0.0023448
2380 	 3310 	 0.958893 	 0.00112266	0.00234545
2380 	 3315 	 0.958894 	 0.00112297	0.0023461
2380 	 3320 	 0.958895 	 0.00112328	0.00234675
2380 	 3325 	 0.958896 	 0.00112359	0.00234739
2380 	 3330 	 0.958897 	 0.0011239	0.00234804
2380 	 3335 	 0.958898 	 0.00112421	0.00234868
2380 	 3340 	 0.958898 	 0.00112452	0.00234933
2380 	 3345 	 0.958899 	 0.00112483	0.00234997
2380 	 3350 	 0.9589 	 0.00112513	0.00235061
2380 	 3355 	 0.958901 	 0.00112544	0.00235125
2380 	 3360 	 0.958902 	 0.00112574	0.00235189
2380 	 3365 	 0.958902 	 0.00112605	0.00235252
2380 	 3370 	 0.958903 	 0.00112635	0.00235316
2380 	 3375 	 0.958904 	 0.00112666	0.00235379
2380 	 3380 	 0.958905 	 0.00112696	0.00235443
2380 	 3385 	 0.958906 	 0.00112726	0.00235506
2380 	 3390 	 0.958906 	 0.00112757	0.00235569
2380 	 3395 	 0.958907 	 0.00112787	0.00235632
2380 	 3400 	 0.958908 	 0.00112817	0.00235695
2380 	 3405 	 0.958909 	 0.00112847	0.00235758
2380 	 3410 	 0.95891 	 0.00112877	0.0023582
2380 	 3415 	 0.95891 	 0.00112907	0.00235883
2380 	 3420 	 0.958911 	 0.00112937	0.00235945
2380 	 3425 	 0.958912 	 0.00112966	0.00236007
2380 	 3430 	 0.958913 	 0.00112996	0.0023607
2380 	 3435 	 0.958913 	 0.00113026	0.00236132
2380 	 3440 	 0.958914 	 0.00113056	0.00236194
2380 	 3445 	 0.958915 	 0.00113085	0.00236256
2380 	 3450 	 0.958916 	 0.00113115	0.00236317
2380 	 3455 	 0.958916 	 0.00113144	0.00236379
2380 	 3460 	 0.958917 	 0.00113174	0.0023644
2380 	 3465 	 0.958918 	 0.00113203	0.00236502
2380 	 3470 	 0.958919 	 0.00113232	0.00236563
2380 	 3475 	 0.95892 	 0.00113262	0.00236624
2380 	 3480 	 0.95892 	 0.00113291	0.00236685
2380 	 3485 	 0.958921 	 0.0011332	0.00236746
2380 	 3490 	 0.958922 	 0.00113349	0.00236807
2380 	 3495 	 0.958923 	 0.00113378	0.00236868
2380 	 3500 	 0.958923 	 0.00113407	0.00236928
2380 	 3505 	 0.958924 	 0.00113436	0.00236989
2380 	 3510 	 0.958925 	 0.00113465	0.00237049
2380 	 3515 	 0.958926 	 0.00113494	0.00237109
2380 	 3520 	 0.958926 	 0.00113523	0.0023717
2380 	 3525 	 0.958927 	 0.00113551	0.0023723
2380 	 3530 	 0.958928 	 0.0011358	0.0023729
2380 	 3535 	 0.958928 	 0.00113609	0.0023735
2380 	 3540 	 0.958929 	 0.00113637	0.00237409
2380 	 3545 	 0.95893 	 0.00113666	0.00237469
2380 	 3550 	 0.958931 	 0.00113694	0.00237528
2380 	 3555 	 0.958931 	 0.00113723	0.00237588
2380 	 3560 	 0.958932 	 0.00113751	0.00237647
2380 	 3565 	 0.958933 	 0.0011378	0.00237706
2380 	 3570 	 0.958934 	 0.00113808	0.00237765
2380 	 3575 	 0.958934 	 0.00113836	0.00237824
2380 	 3580 	 0.958935 	 0.00113864	0.00237883
2380 	 3585 	 0.958936 	 0.00113892	0.00237942
2380 	 3590 	 0.958936 	 0.00113921	0.00238001
2380 	 3595 	 0.958937 	 0.00113949	0.00238059
2380 	 3600 	 0.958938 	 0.00113977	0.00238118
2380 	 3605 	 0.958939 	 0.00114004	0.00238176
2380 	 3610 	 0.958939 	 0.00114032	0.00238234
2380 	 3615 	 0.95894 	 0.0011406	0.00238293
2380 	 3620 	 0.958941 	 0.00114088	0.00238351
2380 	 3625 	 0.958941 	 0.00114116	0.00238409
2380 	 3630 	 0.958942 	 0.00114143	0.00238466
2380 	 3635 	 0.958943 	 0.00114171	0.00238524
2380 	 3640 	 0.958944 	 0.00114199	0.00238582
2380 	 3645 	 0.958944 	 0.00114226	0.00238639
2380 	 3650 	 0.958945 	 0.00114254	0.00238697
2380 	 3655 	 0.958946 	 0.00114281	0.00238754
2380 	 3660 	 0.958946 	 0.00114309	0.00238811
2380 	 3665 	 0.958947 	 0.00114336	0.00238869
2380 	 3670 	 0.958948 	 0.00114363	0.00238926
2380 	 3675 	 0.958948 	 0.00114391	0.00238983
2380 	 3680 	 0.958949 	 0.00114418	0.00239039
2380 	 3685 	 0.95895 	 0.00114445	0.00239096
2380 	 3690 	 0.95895 	 0.00114472	0.00239153
2380 	 3695 	 0.958951 	 0.00114499	0.00239209
2380 	 3700 	 0.958952 	 0.00114526	0.00239266
2380 	 3705 	 0.958953 	 0.00114553	0.00239322
2380 	 3710 	 0.958953 	 0.0011458	0.00239378
2380 	 3715 	 0.958954 	 0.00114607	0.00239435
2380 	 3720 	 0.958955 	 0.00114634	0.00239491
2380 	 3725 	 0.958955 	 0.00114661	0.00239547
2380 	 3730 	 0.958956 	 0.00114687	0.00239603
2380 	 3735 	 0.958957 	 0.00114714	0.00239658
2380 	 3740 	 0.958957 	 0.00114741	0.00239714
2380 	 3745 	 0.958958 	 0.00114767	0.0023977
2380 	 3750 	 0.958959 	 0.00114794	0.00239825
2380 	 3755 	 0.958959 	 0.0011482	0.00239881
2380 	 3760 	 0.95896 	 0.00114847	0.00239936
2380 	 3765 	 0.958961 	 0.00114873	0.00239991
2380 	 3770 	 0.958961 	 0.001149	0.00240046
2380 	 3775 	 0.958962 	 0.00114926	0.00240101
2380 	 3780 	 0.958963 	 0.00114952	0.00240156
2380 	 3785 	 0.958963 	 0.00114978	0.00240211
2380 	 3790 	 0.958964 	 0.00115005	0.00240266
2380 	 3795 	 0.958965 	 0.00115031	0.0024032
2380 	 3800 	 0.958965 	 0.00115057	0.00240375
2380 	 3805 	 0.958966 	 0.00115083	0.00240429
2380 	 3810 	 0.958966 	 0.00115109	0.00240484
2380 	 3815 	 0.958967 	 0.00115135	0.00240538
2380 	 3820 	 0.958968 	 0.00115161	0.00240592
2380 	 3825 	 0.958968 	 0.00115187	0.00240646
2380 	 3830 	 0.958969 	 0.00115213	0.002407
2380 	 3835 	 0.95897 	 0.00115238	0.00240754
2380 	 3840 	 0.95897 	 0.00115264	0.00240808
2380 	 3845 	 0.958971 	 0.0011529	0.00240862
2380 	 3850 	 0.958972 	 0.00115316	0.00240915
2380 	 3855 	 0.958972 	 0.00115341	0.00240969
2380 	 3860 	 0.958973 	 0.00115367	0.00241022
2380 	 3865 	 0.958974 	 0.00115392	0.00241076
2380 	 3870 	 0.958974 	 0.00115418	0.00241129
2380 	 3875 	 0.958975 	 0.00115443	0.00241182
2380 	 3880 	 0.958975 	 0.00115469	0.00241235
2380 	 3885 	 0.958976 	 0.00115494	0.00241288
2380 	 3890 	 0.958977 	 0.0011552	0.00241341
2380 	 3895 	 0.958977 	 0.00115545	0.00241394
2380 	 3900 	 0.958978 	 0.0011557	0.00241447
2380 	 3905 	 0.958979 	 0.00115595	0.002415
2380 	 3910 	 0.958979 	 0.0011562	0.00241552
2380 	 3915 	 0.95898 	 0.00115646	0.00241605
2380 	 3920 	 0.95898 	 0.00115671	0.00241657
2380 	 3925 	 0.958981 	 0.00115696	0.0024171
2380 	 3930 	 0.958982 	 0.00115721	0.00241762
2380 	 3935 	 0.958982 	 0.00115746	0.00241814
2380 	 3940 	 0.958983 	 0.00115771	0.00241866
2380 	 3945 	 0.958983 	 0.00115796	0.00241918
2380 	 3950 	 0.958984 	 0.0011582	0.0024197
2380 	 3955 	 0.958985 	 0.00115845	0.00242022
2380 	 3960 	 0.958985 	 0.0011587	0.00242073
2380 	 3965 	 0.958986 	 0.00115895	0.00242125
2380 	 3970 	 0.958987 	 0.00115919	0.00242177
2380 	 3975 	 0.958987 	 0.00115944	0.00242228
2380 	 3980 	 0.958988 	 0.00115969	0.00242279
2380 	 3985 	 0.958988 	 0.00115993	0.00242331
2380 	 3990 	 0.958989 	 0.00116018	0.00242382
2380 	 3995 	 0.95899 	 0.00116042	0.00242433
2380 	 4000 	 0.95899 	 0.00116067	0.00242484
2380 	 4005 	 0.958991 	 0.00116091	0.00242535
2380 	 4010 	 0.958991 	 0.00116115	0.00242586
2380 	 4015 	 0.958992 	 0.0011614	0.00242637
2380 	 4020 	 0.958992 	 0.00116164	0.00242688
2380 	 4025 	 0.958993 	 0.00116188	0.00242738
2380 	 4030 	 0.958994 	 0.00116212	0.00242789
2380 	 4035 	 0.958994 	 0.00116237	0.00242839
2380 	 4040 	 0.958995 	 0.00116261	0.0024289
2380 	 4045 	 0.958995 	 0.00116285	0.0024294
2380 	 4050 	 0.958996 	 0.00116309	0.0024299
2380 	 4055 	 0.958997 	 0.00116333	0.00243041
2380 	 4060 	 0.958997 	 0.00116357	0.00243091
2380 	 4065 	 0.958998 	 0.00116381	0.00243141
2380 	 4070 	 0.958998 	 0.00116405	0.00243191
2380 	 4075 	 0.958999 	 0.00116429	0.0024324
2380 	 4080 	 0.959 	 0.00116452	0.0024329
2380 	 4085 	 0.959 	 0.00116476	0.0024334
2380 	 4090 	 0.959001 	 0.001165	0.00243389
2380 	 4095 	 0.959001 	 0.00116524	0.00243439
2380 	 4100 	 0.959002 	 0.00116547	0.00243488
2380 	 4105 	 0.959002 	 0.00116571	0.00243538
2380 	 4110 	 0.959003 	 0.00116594	0.00243587
2380 	 4115 	 0.959004 	 0.00116618	0.00243636
2380 	 4120 	 0.959004 	 0.00116642	0.00243685
2380 	 4125 	 0.959005 	 0.00116665	0.00243735
2380 	 4130 	 0.959005 	 0.00116689	0.00243784
2380 	 4135 	 0.959006 	 0.00116712	0.00243832
2380 	 4140 	 0.959006 	 0.00116735	0.00243881
2380 	 4145 	 0.959007 	 0.00116759	0.0024393
2380 	 4150 	 0.959007 	 0.00116782	0.00243979
2380 	 4155 	 0.959008 	 0.00116805	0.00244027
2380 	 4160 	 0.959009 	 0.00116828	0.00244076
2380 	 4165 	 0.959009 	 0.00116852	0.00244124
2380 	 4170 	 0.95901 	 0.00116875	0.00244173
2380 	 4175 	 0.95901 	 0.00116898	0.00244221
2380 	 4180 	 0.959011 	 0.00116921	0.00244269
2380 	 4185 	 0.959011 	 0.00116944	0.00244317
2380 	 4190 	 0.959012 	 0.00116967	0.00244365
2380 	 4195 	 0.959013 	 0.0011699	0.00244413
2380 	 4200 	 0.959013 	 0.00117013	0.00244461
2380 	 4205 	 0.959014 	 0.00117036	0.00244509
2380 	 4210 	 0.959014 	 0.00117059	0.00244557
2380 	 4215 	 0.959015 	 0.00117082	0.00244605
2380 	 4220 	 0.959015 	 0.00117104	0.00244652
2380 	 4225 	 0.959016 	 0.00117127	0.002447
2380 	 4230 	 0.959016 	 0.0011715	0.00244747
2380 	 4235 	 0.959017 	 0.00117173	0.00244795
2380 	 4240 	 0.959017 	 0.00117195	0.00244842
2380 	 4245 	 0.959018 	 0.00117218	0.00244889
2380 	 4250 	 0.959019 	 0.0011724	0.00244937
2380 	 4255 	 0.959019 	 0.00117263	0.00244984
2380 	 4260 	 0.95902 	 0.00117286	0.00245031
2380 	 4265 	 0.95902 	 0.00117308	0.00245078
2380 	 4270 	 0.959021 	 0.0011733	0.00245125
2380 	 4275 	 0.959021 	 0.00117353	0.00245171
2380 	 4280 	 0.959022 	 0.00117375	0.00245218
2380 	 4285 	 0.959022 	 0.00117398	0.00245265
2380 	 4290 	 0.959023 	 0.0011742	0.00245312
2380 	 4295 	 0.959023 	 0.00117442	0.00245358
2380 	 4300 	 0.959024 	 0.00117464	0.00245405
2380 	 4305 	 0.959024 	 0.00117487	0.00245451
2380 	 4310 	 0.959025 	 0.00117509	0.00245497
2380 	 4315 	 0.959025 	 0.00117531	0.00245544
2380 	 4320 	 0.959026 	 0.00117553	0.0024559
2380 	 4325 	 0.959026 	 0.00117575	0.00245636
2380 	 4330 	 0.959027 	 0.00117597	0.00245682
2380 	 4335 	 0.959028 	 0.00117619	0.00245728
2380 	 4340 	 0.959028 	 0.00117641	0.00245774
2380 	 4345 	 0.959029 	 0.00117663	0.0024582
2380 	 4350 	 0.959029 	 0.00117685	0.00245866
2380 	 4355 	 0.95903 	 0.00117707	0.00245911
2380 	 4360 	 0.95903 	 0.00117729	0.00245957
2380 	 4365 	 0.959031 	 0.00117751	0.00246002
2380 	 4370 	 0.959031 	 0.00117772	0.00246048
2380 	 4375 	 0.959032 	 0.00117794	0.00246093
2380 	 4380 	 0.959032 	 0.00117816	0.00246139
2380 	 4385 	 0.959033 	 0.00117838	0.00246184
2380 	 4390 	 0.959033 	 0.00117859	0.00246229
2380 	 4395 	 0.959034 	 0.00117881	0.00246275
2380 	 4400 	 0.959034 	 0.00117902	0.0024632
2380 	 4405 	 0.959035 	 0.00117924	0.00246365
2380 	 4410 	 0.959035 	 0.00117945	0.0024641
2380 	 4415 	 0.959036 	 0.00117967	0.00246455
2380 	 4420 	 0.959036 	 0.00117988	0.00246499
2380 	 4425 	 0.959037 	 0.0011801	0.00246544
2380 	 4430 	 0.959037 	 0.00118031	0.00246589
2380 	 4435 	 0.959038 	 0.00118053	0.00246633
2380 	 4440 	 0.959038 	 0.00118074	0.00246678
2380 	 4445 	 0.959039 	 0.00118095	0.00246723
2380 	 4450 	 0.959039 	 0.00118117	0.00246767
2380 	 4455 	 0.95904 	 0.00118138	0.00246811
2380 	 4460 	 0.95904 	 0.00118159	0.00246856
2380 	 4465 	 0.959041 	 0.0011818	0.002469
2380 	 4470 	 0.959041 	 0.00118201	0.00246944
2380 	 4475 	 0.959042 	 0.00118222	0.00246988
2380 	 4480 	 0.959042 	 0.00118244	0.00247032
2380 	 4485 	 0.959043 	 0.00118265	0.00247076
2380 	 4490 	 0.959043 	 0.00118286	0.0024712
2380 	 4495 	 0.959044 	 0.00118307	0.00247164
2380 	 4500 	 0.959044 	 0.00118328	0.00247208
2380 	 4505 	 0.959045 	 0.00118348	0.00247252
2380 	 4510 	 0.959045 	 0.00118369	0.00247295
2380 	 4515 	 0.959046 	 0.0011839	0.00247339
2380 	 4520 	 0.959046 	 0.00118411	0.00247382
2380 	 4525 	 0.959047 	 0.00118432	0.00247426
2380 	 4530 	 0.959047 	 0.00118453	0.00247469
2380 	 4535 	 0.959048 	 0.00118473	0.00247513
2380 	 4540 	 0.959048 	 0.00118494	0.00247556
2380 	 4545 	 0.959049 	 0.00118515	0.00247599
2380 	 4550 	 0.959049 	 0.00118535	0.00247642
2380 	 4555 	 0.95905 	 0.00118556	0.00247685
2380 	 4560 	 0.95905 	 0.00118577	0.00247728
2380 	 4565 	 0.959051 	 0.00118597	0.00247771
2380 	 4570 	 0.959051 	 0.00118618	0.00247814
2380 	 4575 	 0.959051 	 0.00118638	0.00247857
2380 	 4580 	 0.959052 	 0.00118659	0.002479
2380 	 4585 	 0.959052 	 0.00118679	0.00247943
2380 	 4590 	 0.959053 	 0.001187	0.00247985
2380 	 4595 	 0.959053 	 0.0011872	0.00248028
2380 	 4600 	 0.959054 	 0.0011874	0.0024807
2380 	 4605 	 0.959054 	 0.00118761	0.00248113
2380 	 4610 	 0.959055 	 0.00118781	0.00248155
2380 	 4615 	 0.959055 	 0.00118801	0.00248198
2380 	 4620 	 0.959056 	 0.00118822	0.0024824
2380 	 4625 	 0.959056 	 0.00118842	0.00248282
2380 	 4630 	 0.959057 	 0.00118862	0.00248324
2380 	 4635 	 0.959057 	 0.00118882	0.00248367
2380 	 4640 	 0.959058 	 0.00118902	0.00248409
2380 	 4645 	 0.959058 	 0.00118922	0.00248451
2380 	 4650 	 0.959059 	 0.00118943	0.00248493
2380 	 4655 	 0.959059 	 0.00118963	0.00248534
2380 	 4660 	 0.959059 	 0.00118983	0.00248576
2380 	 4665 	 0.95906 	 0.00119003	0.00248618
2380 	 4670 	 0.95906 	 0.00119023	0.0024866
2380 	 4675 	 0.959061 	 0.00119042	0.00248701
2380 	 4680 	 0.959061 	 0.00119062	0.00248743
2380 	 4685 	 0.959062 	 0.00119082	0.00248785
2380 	 4690 	 0.959062 	 0.00119102	0.00248826
2380 	 4695 	 0.959063 	 0.00119122	0.00248867
2380 	 4700 	 0.959063 	 0.00119142	0.00248909
2380 	 4705 	 0.959064 	 0.00119161	0.0024895
2380 	 4710 	 0.959064 	 0.00119181	0.00248991
2380 	 4715 	 0.959064 	 0.00119201	0.00249032
2380 	 4720 	 0.959065 	 0.00119221	0.00249074
2380 	 4725 	 0.959065 	 0.0011924	0.00249115
2380 	 4730 	 0.959066 	 0.0011926	0.00249156
2380 	 4735 	 0.959066 	 0.0011928	0.00249197
2380 	 4740 	 0.959067 	 0.00119299	0.00249238
2380 	 4745 	 0.959067 	 0.00119319	0.00249278
2380 	 4750 	 0.959068 	 0.00119338	0.00249319
2380 	 4755 	 0.959068 	 0.00119358	0.0024936
2380 	 4760 	 0.959069 	 0.00119377	0.00249401
2380 	 4765 	 0.959069 	 0.00119397	0.00249441
2380 	 4770 	 0.959069 	 0.00119416	0.00249482
2380 	 4775 	 0.95907 	 0.00119435	0.00249522
2380 	 4780 	 0.95907 	 0.00119455	0.00249563
2380 	 4785 	 0.959071 	 0.00119474	0.00249603
2380 	 4790 	 0.959071 	 0.00119493	0.00249643
2380 	 4795 	 0.959072 	 0.00119513	0.00249684
2380 	 4800 	 0.959072 	 0.00119532	0.00249724
2380 	 4805 	 0.959072 	 0.00119551	0.00249764
2380 	 4810 	 0.959073 	 0.0011957	0.00249804
2380 	 4815 	 0.959073 	 0.00119589	0.00249844
2380 	 4820 	 0.959074 	 0.00119609	0.00249884
2380 	 4825 	 0.959074 	 0.00119628	0.00249924
2380 	 4830 	 0.959075 	 0.00119647	0.00249964
2380 	 4835 	 0.959075 	 0.00119666	0.00250004
2380 	 4840 	 0.959076 	 0.00119685	0.00250044
2380 	 4845 	 0.959076 	 0.00119704	0.00250083
2380 	 4850 	 0.959076 	 0.00119723	0.00250123
2380 	 4855 	 0.959077 	 0.00119742	0.00250163
2380 	 4860 	 0.959077 	 0.00119761	0.00250202
2380 	 4865 	 0.959078 	 0.0011978	0.00250242
2380 	 4870 	 0.959078 	 0.00119799	0.00250281
2380 	 4875 	 0.959079 	 0.00119818	0.00250321
2380 	 4880 	 0.959079 	 0.00119836	0.0025036
2380 	 4885 	 0.959079 	 0.00119855	0.00250399
2380 	 4890 	 0.95908 	 0.00119874	0.00250439
2380 	 4895 	 0.95908 	 0.00119893	0.00250478
2380 	 4900 	 0.959081 	 0.00119911	0.00250517
2380 	 4905 	 0.959081 	 0.0011993	0.00250556
2380 	 4910 	 0.959082 	 0.00119949	0.00250595
2380 	 4915 	 0.959082 	 0.00119968	0.00250634
2380 	 4920 	 0.959082 	 0.00119986	0.00250673
2380 	 4925 	 0.959083 	 0.00120005	0.00250712
2380 	 4930 	 0.959083 	 0.00120023	0.00250751
2380 	 4935 	 0.959084 	 0.00120042	0.00250789
2380 	 4940 	 0.959084 	 0.0012006	0.00250828
2380 	 4945 	 0.959084 	 0.00120079	0.00250867
2380 	 4950 	 0.959085 	 0.00120097	0.00250905
2380 	 4955 	 0.959085 	 0.00120116	0.00250944
2380 	 4960 	 0.959086 	 0.00120134	0.00250982
2380 	 4965 	 0.959086 	 0.00120153	0.00251021
2380 	 4970 	 0.959087 	 0.00120171	0.00251059
2380 	 4975 	 0.959087 	 0.00120189	0.00251098
2380 	 4980 	 0.959087 	 0.00120208	0.00251136
2380 	 4985 	 0.959088 	 0.00120226	0.00251174
2380 	 4990 	 0.959088 	 0.00120244	0.00251212
2380 	 4995 	 0.959089 	 0.00120263	0.00251251
2380 	 5000 	 0.959089 	 0.00120281	0.00251289
