420 	 5 	 0.884511 	 0.00317054 	 0.00660242
420 	 10 	 0.884831 	 0.00300214 	 0.00625175
420 	 15 	 0.885564 	 0.00268215 	 0.00558539
420 	 20 	 0.887208 	 0.00213502 	 0.00444603
420 	 25 	 0.890697 	 0.00141638 	 0.00294951
420 	 30 	 0.897315 	 0.00106122 	 0.00220991
420 	 35 	 0.907564 	 0.00110798 	 0.00230728
420 	 40 	 0.919698 	 0.00104932 	 0.00218513
420 	 45 	 0.929946 	 0.000984304 	 0.00204974
420 	 50 	 0.936479 	 0.000795387 	 0.00165634
420 	 55 	 0.940087 	 0.000539548 	 0.00112357
420 	 60 	 0.942035 	 0.000379646 	 0.000790586
420 	 65 	 0.943169 	 0.000326818 	 0.000680576
420 	 70 	 0.943926 	 0.000322528 	 0.000671642
420 	 75 	 0.944507 	 0.000336597 	 0.00070094
420 	 80 	 0.945002 	 0.000362985 	 0.00075589
420 	 85 	 0.94545 	 0.000399186 	 0.000831277
420 	 90 	 0.945868 	 0.000441775 	 0.000919965
420 	 95 	 0.946265 	 0.000487405 	 0.00101499
420 	 100 	 0.946644 	 0.000533583 	 0.00111115
420 	 105 	 0.947006 	 0.000578703 	 0.00120511
420 	 110 	 0.947354 	 0.000621808 	 0.00129487
420 	 115 	 0.947687 	 0.000662372 	 0.00137934
420 	 120 	 0.948007 	 0.000700133 	 0.00145798
420 	 125 	 0.948313 	 0.000734992 	 0.00153057
420 	 130 	 0.948608 	 0.000766951 	 0.00159712
420 	 135 	 0.948891 	 0.000796071 	 0.00165776
420 	 140 	 0.949162 	 0.000822451 	 0.0017127
420 	 145 	 0.949422 	 0.000846211 	 0.00176217
420 	 150 	 0.949672 	 0.000867483 	 0.00180647
420 	 155 	 0.949912 	 0.000886405 	 0.00184588
420 	 160 	 0.950142 	 0.000903118 	 0.00188068
420 	 165 	 0.950362 	 0.000917759 	 0.00191117
420 	 170 	 0.950574 	 0.000930466 	 0.00193763
420 	 175 	 0.950778 	 0.00094137 	 0.00196034
420 	 180 	 0.950973 	 0.000950598 	 0.00197955
420 	 185 	 0.95116 	 0.000958274 	 0.00199554
420 	 190 	 0.95134 	 0.000964514 	 0.00200853
420 	 195 	 0.951512 	 0.00096943 	 0.00201877
420 	 200 	 0.951678 	 0.000973127 	 0.00202647
420 	 205 	 0.951837 	 0.000975706 	 0.00203184
420 	 210 	 0.951989 	 0.000977262 	 0.00203508
420 	 215 	 0.952136 	 0.000977884 	 0.00203638
420 	 220 	 0.952276 	 0.000977658 	 0.0020359
420 	 225 	 0.952411 	 0.000976662 	 0.00203383
420 	 230 	 0.95254 	 0.000974972 	 0.00203031
420 	 235 	 0.952664 	 0.000972657 	 0.00202549
420 	 240 	 0.952783 	 0.000969785 	 0.00201951
420 	 245 	 0.952898 	 0.000966416 	 0.00201249
420 	 250 	 0.953007 	 0.000962608 	 0.00200456
420 	 255 	 0.953113 	 0.000958416 	 0.00199583
420 	 260 	 0.953214 	 0.000953889 	 0.00198641
420 	 265 	 0.953311 	 0.000949074 	 0.00197638
420 	 270 	 0.953404 	 0.000944014 	 0.00196584
420 	 275 	 0.953493 	 0.00093875 	 0.00195488
420 	 280 	 0.953579 	 0.00093332 	 0.00194357
420 	 285 	 0.953661 	 0.000927756 	 0.00193199
420 	 290 	 0.95374 	 0.000922092 	 0.00192019
420 	 295 	 0.953816 	 0.000916356 	 0.00190825
420 	 300 	 0.953888 	 0.000910576 	 0.00189621
420 	 305 	 0.953958 	 0.000904774 	 0.00188413
420 	 310 	 0.954025 	 0.000898975 	 0.00187205
420 	 315 	 0.95409 	 0.000893197 	 0.00186002
420 	 320 	 0.954151 	 0.000887459 	 0.00184807
420 	 325 	 0.95421 	 0.000881778 	 0.00183624
420 	 330 	 0.954267 	 0.000876167 	 0.00182456
420 	 335 	 0.954322 	 0.000870641 	 0.00181305
420 	 340 	 0.954374 	 0.000865211 	 0.00180174
420 	 345 	 0.954424 	 0.000859886 	 0.00179065
420 	 350 	 0.954472 	 0.000854676 	 0.0017798
420 	 355 	 0.954519 	 0.000849588 	 0.00176921
420 	 360 	 0.954563 	 0.000844628 	 0.00175888
420 	 365 	 0.954606 	 0.000839803 	 0.00174883
420 	 370 	 0.954647 	 0.000835115 	 0.00173907
420 	 375 	 0.954686 	 0.000830568 	 0.0017296
420 	 380 	 0.954723 	 0.000826165 	 0.00172043
420 	 385 	 0.95476 	 0.000821908 	 0.00171157
420 	 390 	 0.954794 	 0.000817797 	 0.00170301
420 	 395 	 0.954827 	 0.000813833 	 0.00169475
420 	 400 	 0.954859 	 0.000810016 	 0.0016868
420 	 405 	 0.95489 	 0.000806345 	 0.00167916
420 	 410 	 0.954919 	 0.000802818 	 0.00167181
420 	 415 	 0.954948 	 0.000799434 	 0.00166477
420 	 420 	 0.954975 	 0.000796192 	 0.00165801
420 	 425 	 0.955001 	 0.000793087 	 0.00165155
420 	 430 	 0.955026 	 0.000790118 	 0.00164537
420 	 435 	 0.95505 	 0.000787282 	 0.00163946
420 	 440 	 0.955073 	 0.000784576 	 0.00163382
420 	 445 	 0.955095 	 0.000781995 	 0.00162845
420 	 450 	 0.955116 	 0.000779538 	 0.00162333
420 	 455 	 0.955136 	 0.0007772 	 0.00161846
420 	 460 	 0.955156 	 0.000774977 	 0.00161383
420 	 465 	 0.955174 	 0.000772865 	 0.00160944
420 	 470 	 0.955192 	 0.000770862 	 0.00160527
420 	 475 	 0.95521 	 0.000768962 	 0.00160131
420 	 480 	 0.955226 	 0.000767162 	 0.00159756
420 	 485 	 0.955242 	 0.000765459 	 0.00159401
420 	 490 	 0.955257 	 0.000763848 	 0.00159066
420 	 495 	 0.955272 	 0.000762326 	 0.00158749
420 	 500 	 0.955286 	 0.000760889 	 0.0015845
420 	 505 	 0.955299 	 0.000759533 	 0.00158167
420 	 510 	 0.955312 	 0.000758254 	 0.00157901
420 	 515 	 0.955325 	 0.00075705 	 0.0015765
420 	 520 	 0.955337 	 0.000755917 	 0.00157414
420 	 525 	 0.955348 	 0.000754851 	 0.00157192
420 	 530 	 0.955359 	 0.000753849 	 0.00156984
420 	 535 	 0.955369 	 0.000752908 	 0.00156788
420 	 540 	 0.95538 	 0.000752025 	 0.00156604
420 	 545 	 0.955389 	 0.000751197 	 0.00156432
420 	 550 	 0.955399 	 0.000750422 	 0.0015627
420 	 555 	 0.955407 	 0.000749696 	 0.00156119
420 	 560 	 0.955416 	 0.000749016 	 0.00155977
420 	 565 	 0.955424 	 0.000748381 	 0.00155845
420 	 570 	 0.955432 	 0.000747789 	 0.00155722
420 	 575 	 0.95544 	 0.000747235 	 0.00155606
420 	 580 	 0.955447 	 0.000746719 	 0.00155499
420 	 585 	 0.955454 	 0.000746238 	 0.00155399
420 	 590 	 0.955461 	 0.000745791 	 0.00155306
420 	 595 	 0.955467 	 0.000745375 	 0.00155219
420 	 600 	 0.955473 	 0.000744988 	 0.00155139
420 	 605 	 0.955479 	 0.000744629 	 0.00155064
420 	 610 	 0.955485 	 0.000744296 	 0.00154994
420 	 615 	 0.95549 	 0.000743988 	 0.0015493
420 	 620 	 0.955495 	 0.000743702 	 0.00154871
420 	 625 	 0.9555 	 0.000743438 	 0.00154816
420 	 630 	 0.955505 	 0.000743195 	 0.00154765
420 	 635 	 0.95551 	 0.00074297 	 0.00154718
420 	 640 	 0.955514 	 0.000742763 	 0.00154675
420 	 645 	 0.955519 	 0.000742572 	 0.00154635
420 	 650 	 0.955523 	 0.000742397 	 0.00154599
420 	 655 	 0.955527 	 0.000742236 	 0.00154566
420 	 660 	 0.95553 	 0.000742089 	 0.00154535
420 	 665 	 0.955534 	 0.000741955 	 0.00154507
420 	 670 	 0.955537 	 0.000741832 	 0.00154481
420 	 675 	 0.955541 	 0.00074172 	 0.00154458
420 	 680 	 0.955544 	 0.000741618 	 0.00154437
420 	 685 	 0.955547 	 0.000741526 	 0.00154418
420 	 690 	 0.95555 	 0.000741443 	 0.001544
420 	 695 	 0.955553 	 0.000741367 	 0.00154385
420 	 700 	 0.955555 	 0.0007413 	 0.0015437
420 	 705 	 0.955558 	 0.000741239 	 0.00154358
420 	 710 	 0.955561 	 0.000741185 	 0.00154347
420 	 715 	 0.955563 	 0.000741136 	 0.00154336
420 	 720 	 0.955565 	 0.000741094 	 0.00154328
420 	 725 	 0.955567 	 0.000741056 	 0.0015432
420 	 730 	 0.95557 	 0.000741023 	 0.00154313
420 	 735 	 0.955572 	 0.000740995 	 0.00154307
420 	 740 	 0.955574 	 0.00074097 	 0.00154302
420 	 745 	 0.955575 	 0.00074095 	 0.00154298
420 	 750 	 0.955577 	 0.000740932 	 0.00154294
420 	 755 	 0.955579 	 0.000740918 	 0.00154291
420 	 760 	 0.955581 	 0.000740906 	 0.00154289
420 	 765 	 0.955582 	 0.000740897 	 0.00154287
420 	 770 	 0.955584 	 0.000740891 	 0.00154285
420 	 775 	 0.955585 	 0.000740886 	 0.00154284
420 	 780 	 0.955587 	 0.000740884 	 0.00154284
420 	 785 	 0.955588 	 0.000740883 	 0.00154284
420 	 790 	 0.955589 	 0.000740884 	 0.00154284
420 	 795 	 0.95559 	 0.000740886 	 0.00154284
420 	 800 	 0.955592 	 0.00074089 	 0.00154285
420 	 805 	 0.955593 	 0.000740894 	 0.00154286
420 	 810 	 0.955594 	 0.0007409 	 0.00154287
420 	 815 	 0.955595 	 0.000740907 	 0.00154289
420 	 820 	 0.955596 	 0.000740914 	 0.0015429
420 	 825 	 0.955597 	 0.000740922 	 0.00154292
420 	 830 	 0.955598 	 0.000740931 	 0.00154294
420 	 835 	 0.955599 	 0.00074094 	 0.00154296
420 	 840 	 0.9556 	 0.00074095 	 0.00154298
420 	 845 	 0.9556 	 0.00074096 	 0.001543
420 	 850 	 0.955601 	 0.000740971 	 0.00154302
420 	 855 	 0.955602 	 0.000740982 	 0.00154304
420 	 860 	 0.955603 	 0.000740993 	 0.00154306
420 	 865 	 0.955603 	 0.000741004 	 0.00154309
420 	 870 	 0.955604 	 0.000741015 	 0.00154311
420 	 875 	 0.955605 	 0.000741026 	 0.00154314
420 	 880 	 0.955605 	 0.000741038 	 0.00154316
420 	 885 	 0.955606 	 0.000741049 	 0.00154318
420 	 890 	 0.955606 	 0.00074106 	 0.00154321
420 	 895 	 0.955607 	 0.000741072 	 0.00154323
420 	 900 	 0.955607 	 0.000741083 	 0.00154325
420 	 905 	 0.955608 	 0.000741094 	 0.00154328
420 	 910 	 0.955608 	 0.000741105 	 0.0015433
420 	 915 	 0.955609 	 0.000741116 	 0.00154332
420 	 920 	 0.955609 	 0.000741127 	 0.00154334
420 	 925 	 0.95561 	 0.000741138 	 0.00154337
420 	 930 	 0.95561 	 0.000741148 	 0.00154339
420 	 935 	 0.955611 	 0.000741158 	 0.00154341
420 	 940 	 0.955611 	 0.000741168 	 0.00154343
420 	 945 	 0.955611 	 0.000741178 	 0.00154345
420 	 950 	 0.955612 	 0.000741188 	 0.00154347
420 	 955 	 0.955612 	 0.000741198 	 0.00154349
420 	 960 	 0.955612 	 0.000741207 	 0.00154351
420 	 965 	 0.955613 	 0.000741216 	 0.00154353
420 	 970 	 0.955613 	 0.000741225 	 0.00154355
420 	 975 	 0.955613 	 0.000741234 	 0.00154357
420 	 980 	 0.955613 	 0.000741242 	 0.00154358
420 	 985 	 0.955614 	 0.00074125 	 0.0015436
420 	 990 	 0.955614 	 0.000741258 	 0.00154362
420 	 995 	 0.955614 	 0.000741266 	 0.00154363
420 	 1000 	 0.955614 	 0.000741274 	 0.00154365
420 	 1005 	 0.955615 	 0.000741281 	 0.00154367
420 	 1010 	 0.955615 	 0.000741288 	 0.00154368
420 	 1015 	 0.955615 	 0.000741295 	 0.0015437
420 	 1020 	 0.955615 	 0.000741302 	 0.00154371
420 	 1025 	 0.955615 	 0.000741309 	 0.00154372
420 	 1030 	 0.955616 	 0.000741315 	 0.00154374
420 	 1035 	 0.955616 	 0.000741321 	 0.00154375
420 	 1040 	 0.955616 	 0.000741327 	 0.00154376
420 	 1045 	 0.955616 	 0.000741333 	 0.00154377
420 	 1050 	 0.955616 	 0.000741339 	 0.00154379
420 	 1055 	 0.955616 	 0.000741344 	 0.0015438
420 	 1060 	 0.955617 	 0.000741349 	 0.00154381
420 	 1065 	 0.955617 	 0.000741355 	 0.00154382
420 	 1070 	 0.955617 	 0.000741359 	 0.00154383
420 	 1075 	 0.955617 	 0.000741364 	 0.00154384
420 	 1080 	 0.955617 	 0.000741369 	 0.00154385
420 	 1085 	 0.955617 	 0.000741373 	 0.00154386
420 	 1090 	 0.955617 	 0.000741378 	 0.00154387
420 	 1095 	 0.955617 	 0.000741382 	 0.00154388
420 	 1100 	 0.955617 	 0.000741386 	 0.00154388
420 	 1105 	 0.955618 	 0.00074139 	 0.00154389
420 	 1110 	 0.955618 	 0.000741394 	 0.0015439
420 	 1115 	 0.955618 	 0.000741397 	 0.00154391
420 	 1120 	 0.955618 	 0.000741401 	 0.00154392
420 	 1125 	 0.955618 	 0.000741404 	 0.00154392
420 	 1130 	 0.955618 	 0.000741407 	 0.00154393
420 	 1135 	 0.955618 	 0.000741411 	 0.00154394
420 	 1140 	 0.955618 	 0.000741414 	 0.00154394
420 	 1145 	 0.955618 	 0.000741417 	 0.00154395
420 	 1150 	 0.955618 	 0.000741419 	 0.00154395
420 	 1155 	 0.955618 	 0.000741422 	 0.00154396
420 	 1160 	 0.955618 	 0.000741425 	 0.00154397
420 	 1165 	 0.955618 	 0.000741427 	 0.00154397
420 	 1170 	 0.955619 	 0.00074143 	 0.00154398
420 	 1175 	 0.955619 	 0.000741432 	 0.00154398
420 	 1180 	 0.955619 	 0.000741434 	 0.00154399
420 	 1185 	 0.955619 	 0.000741437 	 0.00154399
420 	 1190 	 0.955619 	 0.000741439 	 0.00154399
420 	 1195 	 0.955619 	 0.000741441 	 0.001544
420 	 1200 	 0.955619 	 0.000741443 	 0.001544
420 	 1205 	 0.955619 	 0.000741445 	 0.00154401
420 	 1210 	 0.955619 	 0.000741446 	 0.00154401
420 	 1215 	 0.955619 	 0.000741448 	 0.00154401
420 	 1220 	 0.955619 	 0.00074145 	 0.00154402
420 	 1225 	 0.955619 	 0.000741452 	 0.00154402
420 	 1230 	 0.955619 	 0.000741453 	 0.00154402
420 	 1235 	 0.955619 	 0.000741455 	 0.00154403
420 	 1240 	 0.955619 	 0.000741456 	 0.00154403
420 	 1245 	 0.955619 	 0.000741457 	 0.00154403
420 	 1250 	 0.955619 	 0.000741459 	 0.00154404
420 	 1255 	 0.955619 	 0.00074146 	 0.00154404
420 	 1260 	 0.955619 	 0.000741461 	 0.00154404
420 	 1265 	 0.955619 	 0.000741463 	 0.00154404
420 	 1270 	 0.955619 	 0.000741464 	 0.00154405
420 	 1275 	 0.955619 	 0.000741465 	 0.00154405
420 	 1280 	 0.955619 	 0.000741466 	 0.00154405
420 	 1285 	 0.955619 	 0.000741467 	 0.00154405
420 	 1290 	 0.955619 	 0.000741468 	 0.00154405
420 	 1295 	 0.955619 	 0.000741469 	 0.00154406
420 	 1300 	 0.955619 	 0.00074147 	 0.00154406
420 	 1305 	 0.955619 	 0.000741471 	 0.00154406
420 	 1310 	 0.955619 	 0.000741471 	 0.00154406
420 	 1315 	 0.955619 	 0.000741472 	 0.00154406
420 	 1320 	 0.955619 	 0.000741473 	 0.00154407
420 	 1325 	 0.95562 	 0.000741474 	 0.00154407
420 	 1330 	 0.95562 	 0.000741474 	 0.00154407
420 	 1335 	 0.95562 	 0.000741475 	 0.00154407
420 	 1340 	 0.95562 	 0.000741476 	 0.00154407
420 	 1345 	 0.95562 	 0.000741476 	 0.00154407
420 	 1350 	 0.95562 	 0.000741477 	 0.00154407
420 	 1355 	 0.95562 	 0.000741478 	 0.00154408
420 	 1360 	 0.95562 	 0.000741478 	 0.00154408
420 	 1365 	 0.95562 	 0.000741479 	 0.00154408
420 	 1370 	 0.95562 	 0.000741479 	 0.00154408
420 	 1375 	 0.95562 	 0.00074148 	 0.00154408
420 	 1380 	 0.95562 	 0.00074148 	 0.00154408
420 	 1385 	 0.95562 	 0.000741481 	 0.00154408
420 	 1390 	 0.95562 	 0.000741481 	 0.00154408
420 	 1395 	 0.95562 	 0.000741482 	 0.00154408
420 	 1400 	 0.95562 	 0.000741482 	 0.00154408
420 	 1405 	 0.95562 	 0.000741482 	 0.00154409
420 	 1410 	 0.95562 	 0.000741483 	 0.00154409
420 	 1415 	 0.95562 	 0.000741483 	 0.00154409
420 	 1420 	 0.95562 	 0.000741484 	 0.00154409
420 	 1425 	 0.95562 	 0.000741484 	 0.00154409
420 	 1430 	 0.95562 	 0.000741484 	 0.00154409
420 	 1435 	 0.95562 	 0.000741485 	 0.00154409
420 	 1440 	 0.95562 	 0.000741485 	 0.00154409
420 	 1445 	 0.95562 	 0.000741485 	 0.00154409
420 	 1450 	 0.95562 	 0.000741485 	 0.00154409
420 	 1455 	 0.95562 	 0.000741486 	 0.00154409
420 	 1460 	 0.95562 	 0.000741486 	 0.00154409
420 	 1465 	 0.95562 	 0.000741486 	 0.00154409
420 	 1470 	 0.95562 	 0.000741486 	 0.00154409
420 	 1475 	 0.95562 	 0.000741487 	 0.00154409
420 	 1480 	 0.95562 	 0.000741487 	 0.00154409
420 	 1485 	 0.95562 	 0.000741487 	 0.00154409
420 	 1490 	 0.95562 	 0.000741487 	 0.0015441
420 	 1495 	 0.95562 	 0.000741488 	 0.0015441
420 	 1500 	 0.95562 	 0.000741488 	 0.0015441
420 	 1505 	 0.95562 	 0.000741488 	 0.0015441
420 	 1510 	 0.95562 	 0.000741488 	 0.0015441
420 	 1515 	 0.95562 	 0.000741488 	 0.0015441
420 	 1520 	 0.95562 	 0.000741488 	 0.0015441
420 	 1525 	 0.95562 	 0.000741489 	 0.0015441
420 	 1530 	 0.95562 	 0.000741489 	 0.0015441
420 	 1535 	 0.95562 	 0.000741489 	 0.0015441
420 	 1540 	 0.95562 	 0.000741489 	 0.0015441
420 	 1545 	 0.95562 	 0.000741489 	 0.0015441
420 	 1550 	 0.95562 	 0.000741489 	 0.0015441
420 	 1555 	 0.95562 	 0.000741489 	 0.0015441
420 	 1560 	 0.95562 	 0.000741489 	 0.0015441
420 	 1565 	 0.95562 	 0.00074149 	 0.0015441
420 	 1570 	 0.95562 	 0.00074149 	 0.0015441
420 	 1575 	 0.95562 	 0.00074149 	 0.0015441
420 	 1580 	 0.95562 	 0.00074149 	 0.0015441
420 	 1585 	 0.95562 	 0.00074149 	 0.0015441
420 	 1590 	 0.95562 	 0.00074149 	 0.0015441
420 	 1595 	 0.95562 	 0.00074149 	 0.0015441
420 	 1600 	 0.95562 	 0.00074149 	 0.0015441
420 	 1605 	 0.95562 	 0.00074149 	 0.0015441
420 	 1610 	 0.95562 	 0.00074149 	 0.0015441
420 	 1615 	 0.95562 	 0.00074149 	 0.0015441
420 	 1620 	 0.95562 	 0.000741491 	 0.0015441
420 	 1625 	 0.95562 	 0.000741491 	 0.0015441
420 	 1630 	 0.95562 	 0.000741491 	 0.0015441
420 	 1635 	 0.95562 	 0.000741491 	 0.0015441
420 	 1640 	 0.95562 	 0.000741491 	 0.0015441
420 	 1645 	 0.95562 	 0.000741491 	 0.0015441
420 	 1650 	 0.95562 	 0.000741491 	 0.0015441
420 	 1655 	 0.95562 	 0.000741491 	 0.0015441
420 	 1660 	 0.95562 	 0.000741491 	 0.0015441
420 	 1665 	 0.95562 	 0.000741491 	 0.0015441
420 	 1670 	 0.95562 	 0.000741491 	 0.0015441
420 	 1675 	 0.95562 	 0.000741491 	 0.0015441
420 	 1680 	 0.95562 	 0.000741491 	 0.0015441
420 	 1685 	 0.95562 	 0.000741491 	 0.0015441
420 	 1690 	 0.95562 	 0.000741491 	 0.0015441
420 	 1695 	 0.95562 	 0.000741491 	 0.0015441
420 	 1700 	 0.95562 	 0.000741491 	 0.0015441
420 	 1705 	 0.95562 	 0.000741491 	 0.0015441
420 	 1710 	 0.95562 	 0.000741491 	 0.0015441
420 	 1715 	 0.95562 	 0.000741491 	 0.0015441
420 	 1720 	 0.95562 	 0.000741491 	 0.0015441
420 	 1725 	 0.95562 	 0.000741491 	 0.0015441
420 	 1730 	 0.95562 	 0.000741492 	 0.0015441
420 	 1735 	 0.95562 	 0.000741492 	 0.0015441
420 	 1740 	 0.95562 	 0.000741492 	 0.0015441
420 	 1745 	 0.95562 	 0.000741492 	 0.0015441
420 	 1750 	 0.95562 	 0.000741492 	 0.0015441
420 	 1755 	 0.95562 	 0.000741492 	 0.0015441
420 	 1760 	 0.95562 	 0.000741492 	 0.0015441
420 	 1765 	 0.95562 	 0.000741492 	 0.0015441
420 	 1770 	 0.95562 	 0.000741492 	 0.0015441
420 	 1775 	 0.95562 	 0.000741492 	 0.0015441
420 	 1780 	 0.95562 	 0.000741492 	 0.0015441
420 	 1785 	 0.95562 	 0.000741492 	 0.0015441
420 	 1790 	 0.95562 	 0.000741492 	 0.0015441
420 	 1795 	 0.95562 	 0.000741492 	 0.0015441
420 	 1800 	 0.95562 	 0.000741492 	 0.0015441
420 	 1805 	 0.95562 	 0.000741492 	 0.0015441
420 	 1810 	 0.95562 	 0.000741492 	 0.0015441
420 	 1815 	 0.95562 	 0.000741492 	 0.0015441
420 	 1820 	 0.95562 	 0.000741492 	 0.0015441
420 	 1825 	 0.95562 	 0.000741492 	 0.0015441
420 	 1830 	 0.95562 	 0.000741492 	 0.0015441
420 	 1835 	 0.95562 	 0.000741492 	 0.0015441
420 	 1840 	 0.95562 	 0.000741492 	 0.0015441
420 	 1845 	 0.95562 	 0.000741492 	 0.0015441
420 	 1850 	 0.95562 	 0.000741492 	 0.0015441
420 	 1855 	 0.95562 	 0.000741492 	 0.0015441
420 	 1860 	 0.95562 	 0.000741492 	 0.00154411
420 	 1865 	 0.95562 	 0.000741492 	 0.00154411
420 	 1870 	 0.95562 	 0.000741492 	 0.00154411
420 	 1875 	 0.95562 	 0.000741492 	 0.00154411
420 	 1880 	 0.95562 	 0.000741492 	 0.00154411
420 	 1885 	 0.95562 	 0.000741492 	 0.00154411
420 	 1890 	 0.95562 	 0.000741492 	 0.00154411
420 	 1895 	 0.95562 	 0.000741492 	 0.00154411
420 	 1900 	 0.95562 	 0.000741492 	 0.00154411
420 	 1905 	 0.95562 	 0.000741492 	 0.00154411
420 	 1910 	 0.95562 	 0.000741492 	 0.00154411
420 	 1915 	 0.95562 	 0.000741492 	 0.00154411
420 	 1920 	 0.95562 	 0.000741492 	 0.00154411
420 	 1925 	 0.95562 	 0.000741492 	 0.00154411
420 	 1930 	 0.95562 	 0.000741492 	 0.00154411
420 	 1935 	 0.95562 	 0.000741492 	 0.00154411
420 	 1940 	 0.95562 	 0.000741492 	 0.00154411
420 	 1945 	 0.95562 	 0.000741492 	 0.00154411
420 	 1950 	 0.95562 	 0.000741492 	 0.00154411
420 	 1955 	 0.95562 	 0.000741492 	 0.00154411
420 	 1960 	 0.95562 	 0.000741492 	 0.00154411
420 	 1965 	 0.95562 	 0.000741492 	 0.00154411
420 	 1970 	 0.95562 	 0.000741492 	 0.00154411
420 	 1975 	 0.95562 	 0.000741492 	 0.00154411
420 	 1980 	 0.95562 	 0.000741492 	 0.00154411
420 	 1985 	 0.95562 	 0.000741492 	 0.00154411
420 	 1990 	 0.95562 	 0.000741492 	 0.00154411
420 	 1995 	 0.95562 	 0.000741492 	 0.00154411
420 	 2000 	 0.95562 	 0.000741492 	 0.00154411
420 	 2005 	 0.95562 	 0.000741492 	 0.00154411
420 	 2010 	 0.95562 	 0.000741492 	 0.00154411
420 	 2015 	 0.95562 	 0.000741492 	 0.00154411
420 	 2020 	 0.95562 	 0.000741492 	 0.00154411
420 	 2025 	 0.95562 	 0.000741492 	 0.00154411
420 	 2030 	 0.95562 	 0.000741492 	 0.00154411
420 	 2035 	 0.95562 	 0.000741492 	 0.00154411
420 	 2040 	 0.95562 	 0.000741492 	 0.00154411
420 	 2045 	 0.95562 	 0.000741492 	 0.00154411
420 	 2050 	 0.95562 	 0.000741492 	 0.00154411
420 	 2055 	 0.95562 	 0.000741492 	 0.00154411
420 	 2060 	 0.95562 	 0.000741492 	 0.00154411
420 	 2065 	 0.95562 	 0.000741492 	 0.00154411
420 	 2070 	 0.95562 	 0.000741492 	 0.00154411
420 	 2075 	 0.95562 	 0.000741492 	 0.00154411
420 	 2080 	 0.95562 	 0.000741492 	 0.00154411
420 	 2085 	 0.95562 	 0.000741492 	 0.00154411
420 	 2090 	 0.95562 	 0.000741492 	 0.00154411
420 	 2095 	 0.95562 	 0.000741492 	 0.00154411
420 	 2100 	 0.95562 	 0.000741492 	 0.00154411
420 	 2105 	 0.95562 	 0.000741492 	 0.00154411
420 	 2110 	 0.95562 	 0.000741492 	 0.00154411
420 	 2115 	 0.95562 	 0.000741492 	 0.00154411
420 	 2120 	 0.95562 	 0.000741492 	 0.00154411
420 	 2125 	 0.95562 	 0.000741492 	 0.00154411
420 	 2130 	 0.95562 	 0.000741492 	 0.00154411
420 	 2135 	 0.95562 	 0.000741492 	 0.00154411
420 	 2140 	 0.95562 	 0.000741492 	 0.00154411
420 	 2145 	 0.95562 	 0.000741492 	 0.00154411
420 	 2150 	 0.95562 	 0.000741492 	 0.00154411
420 	 2155 	 0.95562 	 0.000741492 	 0.00154411
420 	 2160 	 0.95562 	 0.000741492 	 0.00154411
420 	 2165 	 0.95562 	 0.000741492 	 0.00154411
420 	 2170 	 0.95562 	 0.000741492 	 0.00154411
420 	 2175 	 0.95562 	 0.000741492 	 0.00154411
420 	 2180 	 0.95562 	 0.000741492 	 0.00154411
420 	 2185 	 0.95562 	 0.000741492 	 0.00154411
420 	 2190 	 0.95562 	 0.000741492 	 0.00154411
420 	 2195 	 0.95562 	 0.000741492 	 0.00154411
420 	 2200 	 0.95562 	 0.000741492 	 0.00154411
420 	 2205 	 0.95562 	 0.000741492 	 0.00154411
420 	 2210 	 0.95562 	 0.000741492 	 0.00154411
420 	 2215 	 0.95562 	 0.000741492 	 0.00154411
420 	 2220 	 0.95562 	 0.000741492 	 0.00154411
420 	 2225 	 0.95562 	 0.000741492 	 0.00154411
420 	 2230 	 0.95562 	 0.000741492 	 0.00154411
420 	 2235 	 0.95562 	 0.000741492 	 0.00154411
420 	 2240 	 0.95562 	 0.000741492 	 0.00154411
420 	 2245 	 0.95562 	 0.000741492 	 0.00154411
420 	 2250 	 0.95562 	 0.000741492 	 0.00154411
420 	 2255 	 0.95562 	 0.000741492 	 0.00154411
420 	 2260 	 0.95562 	 0.000741492 	 0.00154411
420 	 2265 	 0.95562 	 0.000741492 	 0.00154411
420 	 2270 	 0.95562 	 0.000741492 	 0.00154411
420 	 2275 	 0.95562 	 0.000741492 	 0.00154411
420 	 2280 	 0.95562 	 0.000741492 	 0.00154411
420 	 2285 	 0.95562 	 0.000741492 	 0.00154411
420 	 2290 	 0.95562 	 0.000741492 	 0.00154411
420 	 2295 	 0.95562 	 0.000741492 	 0.00154411
420 	 2300 	 0.95562 	 0.000741492 	 0.00154411
420 	 2305 	 0.95562 	 0.000741492 	 0.00154411
420 	 2310 	 0.95562 	 0.000741492 	 0.00154411
420 	 2315 	 0.95562 	 0.000741492 	 0.00154411
420 	 2320 	 0.95562 	 0.000741492 	 0.00154411
420 	 2325 	 0.95562 	 0.000741492 	 0.00154411
420 	 2330 	 0.95562 	 0.000741492 	 0.00154411
420 	 2335 	 0.95562 	 0.000741492 	 0.00154411
420 	 2340 	 0.95562 	 0.000741492 	 0.00154411
420 	 2345 	 0.95562 	 0.000741492 	 0.00154411
420 	 2350 	 0.95562 	 0.000741492 	 0.00154411
420 	 2355 	 0.95562 	 0.000741492 	 0.00154411
420 	 2360 	 0.95562 	 0.000741492 	 0.00154411
420 	 2365 	 0.95562 	 0.000741492 	 0.00154411
420 	 2370 	 0.95562 	 0.000741492 	 0.00154411
420 	 2375 	 0.95562 	 0.000741492 	 0.00154411
420 	 2380 	 0.95562 	 0.000741492 	 0.00154411
420 	 2385 	 0.95562 	 0.000741492 	 0.00154411
420 	 2390 	 0.95562 	 0.000741492 	 0.00154411
420 	 2395 	 0.95562 	 0.000741492 	 0.00154411
420 	 2400 	 0.95562 	 0.000741492 	 0.00154411
420 	 2405 	 0.95562 	 0.000741492 	 0.00154411
420 	 2410 	 0.95562 	 0.000741492 	 0.00154411
420 	 2415 	 0.95562 	 0.000741492 	 0.00154411
420 	 2420 	 0.95562 	 0.000741492 	 0.00154411
420 	 2425 	 0.95562 	 0.000741492 	 0.00154411
420 	 2430 	 0.95562 	 0.000741492 	 0.00154411
420 	 2435 	 0.95562 	 0.000741492 	 0.00154411
420 	 2440 	 0.95562 	 0.000741492 	 0.00154411
420 	 2445 	 0.95562 	 0.000741492 	 0.00154411
420 	 2450 	 0.95562 	 0.000741492 	 0.00154411
420 	 2455 	 0.95562 	 0.000741492 	 0.00154411
420 	 2460 	 0.95562 	 0.000741492 	 0.00154411
420 	 2465 	 0.95562 	 0.000741492 	 0.00154411
420 	 2470 	 0.95562 	 0.000741492 	 0.00154411
420 	 2475 	 0.95562 	 0.000741492 	 0.00154411
420 	 2480 	 0.95562 	 0.000741492 	 0.00154411
420 	 2485 	 0.95562 	 0.000741492 	 0.00154411
420 	 2490 	 0.95562 	 0.000741492 	 0.00154411
420 	 2495 	 0.95562 	 0.000741492 	 0.00154411
420 	 2500 	 0.95562 	 0.000741492 	 0.00154411
420 	 2505 	 0.95562 	 0.000741492 	 0.00154411
420 	 2510 	 0.95562 	 0.000741492 	 0.00154411
420 	 2515 	 0.95562 	 0.000741492 	 0.00154411
420 	 2520 	 0.95562 	 0.000741492 	 0.00154411
420 	 2525 	 0.95562 	 0.000741492 	 0.00154411
420 	 2530 	 0.95562 	 0.000741492 	 0.00154411
420 	 2535 	 0.95562 	 0.000741492 	 0.00154411
420 	 2540 	 0.95562 	 0.000741492 	 0.00154411
420 	 2545 	 0.95562 	 0.000741492 	 0.00154411
420 	 2550 	 0.95562 	 0.000741492 	 0.00154411
420 	 2555 	 0.95562 	 0.000741492 	 0.00154411
420 	 2560 	 0.95562 	 0.000741492 	 0.00154411
420 	 2565 	 0.95562 	 0.000741492 	 0.00154411
420 	 2570 	 0.95562 	 0.000741492 	 0.00154411
420 	 2575 	 0.95562 	 0.000741492 	 0.00154411
420 	 2580 	 0.95562 	 0.000741492 	 0.00154411
420 	 2585 	 0.95562 	 0.000741492 	 0.00154411
420 	 2590 	 0.95562 	 0.000741492 	 0.00154411
420 	 2595 	 0.95562 	 0.000741492 	 0.00154411
420 	 2600 	 0.95562 	 0.000741492 	 0.00154411
420 	 2605 	 0.95562 	 0.000741492 	 0.00154411
420 	 2610 	 0.95562 	 0.000741492 	 0.00154411
420 	 2615 	 0.95562 	 0.000741492 	 0.00154411
420 	 2620 	 0.95562 	 0.000741492 	 0.00154411
420 	 2625 	 0.95562 	 0.000741492 	 0.00154411
420 	 2630 	 0.95562 	 0.000741492 	 0.00154411
420 	 2635 	 0.95562 	 0.000741492 	 0.00154411
420 	 2640 	 0.95562 	 0.000741492 	 0.00154411
420 	 2645 	 0.95562 	 0.000741492 	 0.00154411
420 	 2650 	 0.95562 	 0.000741492 	 0.00154411
420 	 2655 	 0.95562 	 0.000741492 	 0.00154411
420 	 2660 	 0.95562 	 0.000741492 	 0.00154411
420 	 2665 	 0.95562 	 0.000741492 	 0.00154411
420 	 2670 	 0.95562 	 0.000741492 	 0.00154411
420 	 2675 	 0.95562 	 0.000741492 	 0.00154411
420 	 2680 	 0.95562 	 0.000741492 	 0.00154411
420 	 2685 	 0.95562 	 0.000741492 	 0.00154411
420 	 2690 	 0.95562 	 0.000741492 	 0.00154411
420 	 2695 	 0.95562 	 0.000741492 	 0.00154411
420 	 2700 	 0.95562 	 0.000741492 	 0.00154411
420 	 2705 	 0.95562 	 0.000741492 	 0.00154411
420 	 2710 	 0.95562 	 0.000741492 	 0.00154411
420 	 2715 	 0.95562 	 0.000741492 	 0.00154411
420 	 2720 	 0.95562 	 0.000741492 	 0.00154411
420 	 2725 	 0.95562 	 0.000741492 	 0.00154411
420 	 2730 	 0.95562 	 0.000741492 	 0.00154411
420 	 2735 	 0.95562 	 0.000741492 	 0.00154411
420 	 2740 	 0.95562 	 0.000741492 	 0.00154411
420 	 2745 	 0.95562 	 0.000741492 	 0.00154411
420 	 2750 	 0.95562 	 0.000741492 	 0.00154411
420 	 2755 	 0.95562 	 0.000741492 	 0.00154411
420 	 2760 	 0.95562 	 0.000741492 	 0.00154411
420 	 2765 	 0.95562 	 0.000741492 	 0.00154411
420 	 2770 	 0.95562 	 0.000741492 	 0.00154411
420 	 2775 	 0.95562 	 0.000741492 	 0.00154411
420 	 2780 	 0.95562 	 0.000741492 	 0.00154411
420 	 2785 	 0.95562 	 0.000741492 	 0.00154411
420 	 2790 	 0.95562 	 0.000741492 	 0.00154411
420 	 2795 	 0.95562 	 0.000741492 	 0.00154411
420 	 2800 	 0.95562 	 0.000741492 	 0.00154411
420 	 2805 	 0.95562 	 0.000741492 	 0.00154411
420 	 2810 	 0.95562 	 0.000741492 	 0.00154411
420 	 2815 	 0.95562 	 0.000741492 	 0.00154411
420 	 2820 	 0.95562 	 0.000741492 	 0.00154411
420 	 2825 	 0.95562 	 0.000741492 	 0.00154411
420 	 2830 	 0.95562 	 0.000741492 	 0.00154411
420 	 2835 	 0.95562 	 0.000741492 	 0.00154411
420 	 2840 	 0.95562 	 0.000741492 	 0.00154411
420 	 2845 	 0.95562 	 0.000741492 	 0.00154411
420 	 2850 	 0.95562 	 0.000741492 	 0.00154411
420 	 2855 	 0.95562 	 0.000741492 	 0.00154411
420 	 2860 	 0.95562 	 0.000741492 	 0.00154411
420 	 2865 	 0.95562 	 0.000741492 	 0.00154411
420 	 2870 	 0.95562 	 0.000741492 	 0.00154411
420 	 2875 	 0.95562 	 0.000741492 	 0.00154411
420 	 2880 	 0.95562 	 0.000741492 	 0.00154411
420 	 2885 	 0.95562 	 0.000741492 	 0.00154411
420 	 2890 	 0.95562 	 0.000741492 	 0.00154411
420 	 2895 	 0.95562 	 0.000741492 	 0.00154411
420 	 2900 	 0.95562 	 0.000741492 	 0.00154411
420 	 2905 	 0.95562 	 0.000741492 	 0.00154411
420 	 2910 	 0.95562 	 0.000741492 	 0.00154411
420 	 2915 	 0.95562 	 0.000741492 	 0.00154411
420 	 2920 	 0.95562 	 0.000741492 	 0.00154411
420 	 2925 	 0.95562 	 0.000741492 	 0.00154411
420 	 2930 	 0.95562 	 0.000741492 	 0.00154411
420 	 2935 	 0.95562 	 0.000741492 	 0.00154411
420 	 2940 	 0.95562 	 0.000741492 	 0.00154411
420 	 2945 	 0.95562 	 0.000741492 	 0.00154411
420 	 2950 	 0.95562 	 0.000741492 	 0.00154411
420 	 2955 	 0.95562 	 0.000741492 	 0.00154411
420 	 2960 	 0.95562 	 0.000741492 	 0.00154411
420 	 2965 	 0.95562 	 0.000741492 	 0.00154411
420 	 2970 	 0.95562 	 0.000741492 	 0.00154411
420 	 2975 	 0.95562 	 0.000741492 	 0.00154411
420 	 2980 	 0.95562 	 0.000741492 	 0.00154411
420 	 2985 	 0.95562 	 0.000741492 	 0.00154411
420 	 2990 	 0.95562 	 0.000741492 	 0.00154411
420 	 2995 	 0.95562 	 0.000741492 	 0.00154411
420 	 3000 	 0.95562 	 0.000741492 	 0.00154411
420 	 3005 	 0.95562 	 0.000741492 	 0.00154411
420 	 3010 	 0.95562 	 0.000741492 	 0.00154411
420 	 3015 	 0.95562 	 0.000741492 	 0.00154411
420 	 3020 	 0.95562 	 0.000741492 	 0.00154411
420 	 3025 	 0.95562 	 0.000741492 	 0.00154411
420 	 3030 	 0.95562 	 0.000741492 	 0.00154411
420 	 3035 	 0.95562 	 0.000741492 	 0.00154411
420 	 3040 	 0.95562 	 0.000741492 	 0.00154411
420 	 3045 	 0.95562 	 0.000741492 	 0.00154411
420 	 3050 	 0.95562 	 0.000741492 	 0.00154411
420 	 3055 	 0.95562 	 0.000741492 	 0.00154411
420 	 3060 	 0.95562 	 0.000741492 	 0.00154411
420 	 3065 	 0.95562 	 0.000741492 	 0.00154411
420 	 3070 	 0.95562 	 0.000741492 	 0.00154411
420 	 3075 	 0.95562 	 0.000741492 	 0.00154411
420 	 3080 	 0.95562 	 0.000741492 	 0.00154411
420 	 3085 	 0.95562 	 0.000741492 	 0.00154411
420 	 3090 	 0.95562 	 0.000741492 	 0.00154411
420 	 3095 	 0.95562 	 0.000741492 	 0.00154411
420 	 3100 	 0.95562 	 0.000741492 	 0.00154411
420 	 3105 	 0.95562 	 0.000741492 	 0.00154411
420 	 3110 	 0.95562 	 0.000741492 	 0.00154411
420 	 3115 	 0.95562 	 0.000741492 	 0.00154411
420 	 3120 	 0.95562 	 0.000741492 	 0.00154411
420 	 3125 	 0.95562 	 0.000741492 	 0.00154411
420 	 3130 	 0.95562 	 0.000741492 	 0.00154411
420 	 3135 	 0.95562 	 0.000741492 	 0.00154411
420 	 3140 	 0.95562 	 0.000741492 	 0.00154411
420 	 3145 	 0.95562 	 0.000741492 	 0.00154411
420 	 3150 	 0.95562 	 0.000741492 	 0.00154411
420 	 3155 	 0.95562 	 0.000741492 	 0.00154411
420 	 3160 	 0.95562 	 0.000741492 	 0.00154411
420 	 3165 	 0.95562 	 0.000741492 	 0.00154411
420 	 3170 	 0.95562 	 0.000741492 	 0.00154411
420 	 3175 	 0.95562 	 0.000741492 	 0.00154411
420 	 3180 	 0.95562 	 0.000741492 	 0.00154411
420 	 3185 	 0.95562 	 0.000741492 	 0.00154411
420 	 3190 	 0.95562 	 0.000741492 	 0.00154411
420 	 3195 	 0.95562 	 0.000741492 	 0.00154411
420 	 3200 	 0.95562 	 0.000741492 	 0.00154411
420 	 3205 	 0.95562 	 0.000741492 	 0.00154411
420 	 3210 	 0.95562 	 0.000741492 	 0.00154411
420 	 3215 	 0.95562 	 0.000741492 	 0.00154411
420 	 3220 	 0.95562 	 0.000741492 	 0.00154411
420 	 3225 	 0.95562 	 0.000741492 	 0.00154411
420 	 3230 	 0.95562 	 0.000741492 	 0.00154411
420 	 3235 	 0.95562 	 0.000741492 	 0.00154411
420 	 3240 	 0.95562 	 0.000741492 	 0.00154411
420 	 3245 	 0.95562 	 0.000741492 	 0.00154411
420 	 3250 	 0.95562 	 0.000741492 	 0.00154411
420 	 3255 	 0.95562 	 0.000741492 	 0.00154411
420 	 3260 	 0.95562 	 0.000741492 	 0.00154411
420 	 3265 	 0.95562 	 0.000741492 	 0.00154411
420 	 3270 	 0.95562 	 0.000741492 	 0.00154411
420 	 3275 	 0.95562 	 0.000741492 	 0.00154411
420 	 3280 	 0.95562 	 0.000741492 	 0.00154411
420 	 3285 	 0.95562 	 0.000741492 	 0.00154411
420 	 3290 	 0.95562 	 0.000741492 	 0.00154411
420 	 3295 	 0.95562 	 0.000741492 	 0.00154411
420 	 3300 	 0.95562 	 0.000741492 	 0.00154411
420 	 3305 	 0.95562 	 0.000741492 	 0.00154411
420 	 3310 	 0.95562 	 0.000741492 	 0.00154411
420 	 3315 	 0.95562 	 0.000741492 	 0.00154411
420 	 3320 	 0.95562 	 0.000741492 	 0.00154411
420 	 3325 	 0.95562 	 0.000741492 	 0.00154411
420 	 3330 	 0.95562 	 0.000741492 	 0.00154411
420 	 3335 	 0.95562 	 0.000741492 	 0.00154411
420 	 3340 	 0.95562 	 0.000741492 	 0.00154411
420 	 3345 	 0.95562 	 0.000741492 	 0.00154411
420 	 3350 	 0.95562 	 0.000741492 	 0.00154411
420 	 3355 	 0.95562 	 0.000741492 	 0.00154411
420 	 3360 	 0.95562 	 0.000741492 	 0.00154411
420 	 3365 	 0.95562 	 0.000741492 	 0.00154411
420 	 3370 	 0.95562 	 0.000741492 	 0.00154411
420 	 3375 	 0.95562 	 0.000741492 	 0.00154411
420 	 3380 	 0.95562 	 0.000741492 	 0.00154411
420 	 3385 	 0.95562 	 0.000741492 	 0.00154411
420 	 3390 	 0.95562 	 0.000741492 	 0.00154411
420 	 3395 	 0.95562 	 0.000741492 	 0.00154411
420 	 3400 	 0.95562 	 0.000741492 	 0.00154411
420 	 3405 	 0.95562 	 0.000741492 	 0.00154411
420 	 3410 	 0.95562 	 0.000741492 	 0.00154411
420 	 3415 	 0.95562 	 0.000741492 	 0.00154411
420 	 3420 	 0.95562 	 0.000741492 	 0.00154411
420 	 3425 	 0.95562 	 0.000741492 	 0.00154411
420 	 3430 	 0.95562 	 0.000741492 	 0.00154411
420 	 3435 	 0.95562 	 0.000741492 	 0.00154411
420 	 3440 	 0.95562 	 0.000741492 	 0.00154411
420 	 3445 	 0.95562 	 0.000741492 	 0.00154411
420 	 3450 	 0.95562 	 0.000741492 	 0.00154411
420 	 3455 	 0.95562 	 0.000741492 	 0.00154411
420 	 3460 	 0.95562 	 0.000741492 	 0.00154411
420 	 3465 	 0.95562 	 0.000741492 	 0.00154411
420 	 3470 	 0.95562 	 0.000741492 	 0.00154411
420 	 3475 	 0.95562 	 0.000741492 	 0.00154411
420 	 3480 	 0.95562 	 0.000741492 	 0.00154411
420 	 3485 	 0.95562 	 0.000741492 	 0.00154411
420 	 3490 	 0.95562 	 0.000741492 	 0.00154411
420 	 3495 	 0.95562 	 0.000741492 	 0.00154411
420 	 3500 	 0.95562 	 0.000741492 	 0.00154411
420 	 3505 	 0.95562 	 0.000741492 	 0.00154411
420 	 3510 	 0.95562 	 0.000741492 	 0.00154411
420 	 3515 	 0.95562 	 0.000741492 	 0.00154411
420 	 3520 	 0.95562 	 0.000741492 	 0.00154411
420 	 3525 	 0.95562 	 0.000741492 	 0.00154411
420 	 3530 	 0.95562 	 0.000741492 	 0.00154411
420 	 3535 	 0.95562 	 0.000741492 	 0.00154411
420 	 3540 	 0.95562 	 0.000741492 	 0.00154411
420 	 3545 	 0.95562 	 0.000741492 	 0.00154411
420 	 3550 	 0.95562 	 0.000741492 	 0.00154411
420 	 3555 	 0.95562 	 0.000741492 	 0.00154411
420 	 3560 	 0.95562 	 0.000741492 	 0.00154411
420 	 3565 	 0.95562 	 0.000741492 	 0.00154411
420 	 3570 	 0.95562 	 0.000741492 	 0.00154411
420 	 3575 	 0.95562 	 0.000741492 	 0.00154411
420 	 3580 	 0.95562 	 0.000741492 	 0.00154411
420 	 3585 	 0.95562 	 0.000741492 	 0.00154411
420 	 3590 	 0.95562 	 0.000741492 	 0.00154411
420 	 3595 	 0.95562 	 0.000741492 	 0.00154411
420 	 3600 	 0.95562 	 0.000741492 	 0.00154411
420 	 3605 	 0.95562 	 0.000741492 	 0.00154411
420 	 3610 	 0.95562 	 0.000741492 	 0.00154411
420 	 3615 	 0.95562 	 0.000741492 	 0.00154411
420 	 3620 	 0.95562 	 0.000741492 	 0.00154411
420 	 3625 	 0.95562 	 0.000741492 	 0.00154411
420 	 3630 	 0.95562 	 0.000741492 	 0.00154411
420 	 3635 	 0.95562 	 0.000741492 	 0.00154411
420 	 3640 	 0.95562 	 0.000741492 	 0.00154411
420 	 3645 	 0.95562 	 0.000741492 	 0.00154411
420 	 3650 	 0.95562 	 0.000741492 	 0.00154411
420 	 3655 	 0.95562 	 0.000741492 	 0.00154411
420 	 3660 	 0.95562 	 0.000741492 	 0.00154411
420 	 3665 	 0.95562 	 0.000741492 	 0.00154411
420 	 3670 	 0.95562 	 0.000741492 	 0.00154411
420 	 3675 	 0.95562 	 0.000741492 	 0.00154411
420 	 3680 	 0.95562 	 0.000741492 	 0.00154411
420 	 3685 	 0.95562 	 0.000741492 	 0.00154411
420 	 3690 	 0.95562 	 0.000741492 	 0.00154411
420 	 3695 	 0.95562 	 0.000741492 	 0.00154411
420 	 3700 	 0.95562 	 0.000741492 	 0.00154411
420 	 3705 	 0.95562 	 0.000741492 	 0.00154411
420 	 3710 	 0.95562 	 0.000741492 	 0.00154411
420 	 3715 	 0.95562 	 0.000741492 	 0.00154411
420 	 3720 	 0.95562 	 0.000741492 	 0.00154411
420 	 3725 	 0.95562 	 0.000741492 	 0.00154411
420 	 3730 	 0.95562 	 0.000741492 	 0.00154411
420 	 3735 	 0.95562 	 0.000741492 	 0.00154411
420 	 3740 	 0.95562 	 0.000741492 	 0.00154411
420 	 3745 	 0.95562 	 0.000741492 	 0.00154411
420 	 3750 	 0.95562 	 0.000741492 	 0.00154411
420 	 3755 	 0.95562 	 0.000741492 	 0.00154411
420 	 3760 	 0.95562 	 0.000741492 	 0.00154411
420 	 3765 	 0.95562 	 0.000741492 	 0.00154411
420 	 3770 	 0.95562 	 0.000741492 	 0.00154411
420 	 3775 	 0.95562 	 0.000741492 	 0.00154411
420 	 3780 	 0.95562 	 0.000741492 	 0.00154411
420 	 3785 	 0.95562 	 0.000741492 	 0.00154411
420 	 3790 	 0.95562 	 0.000741492 	 0.00154411
420 	 3795 	 0.95562 	 0.000741492 	 0.00154411
420 	 3800 	 0.95562 	 0.000741492 	 0.00154411
420 	 3805 	 0.95562 	 0.000741492 	 0.00154411
420 	 3810 	 0.95562 	 0.000741492 	 0.00154411
420 	 3815 	 0.95562 	 0.000741492 	 0.00154411
420 	 3820 	 0.95562 	 0.000741492 	 0.00154411
420 	 3825 	 0.95562 	 0.000741492 	 0.00154411
420 	 3830 	 0.95562 	 0.000741492 	 0.00154411
420 	 3835 	 0.95562 	 0.000741492 	 0.00154411
420 	 3840 	 0.95562 	 0.000741492 	 0.00154411
420 	 3845 	 0.95562 	 0.000741492 	 0.00154411
420 	 3850 	 0.95562 	 0.000741492 	 0.00154411
420 	 3855 	 0.95562 	 0.000741492 	 0.00154411
420 	 3860 	 0.95562 	 0.000741492 	 0.00154411
420 	 3865 	 0.95562 	 0.000741492 	 0.00154411
420 	 3870 	 0.95562 	 0.000741492 	 0.00154411
420 	 3875 	 0.95562 	 0.000741492 	 0.00154411
420 	 3880 	 0.95562 	 0.000741492 	 0.00154411
420 	 3885 	 0.95562 	 0.000741492 	 0.00154411
420 	 3890 	 0.95562 	 0.000741492 	 0.00154411
420 	 3895 	 0.95562 	 0.000741492 	 0.00154411
420 	 3900 	 0.95562 	 0.000741492 	 0.00154411
420 	 3905 	 0.95562 	 0.000741492 	 0.00154411
420 	 3910 	 0.95562 	 0.000741492 	 0.00154411
420 	 3915 	 0.95562 	 0.000741492 	 0.00154411
420 	 3920 	 0.95562 	 0.000741492 	 0.00154411
420 	 3925 	 0.95562 	 0.000741492 	 0.00154411
420 	 3930 	 0.95562 	 0.000741492 	 0.00154411
420 	 3935 	 0.95562 	 0.000741492 	 0.00154411
420 	 3940 	 0.95562 	 0.000741492 	 0.00154411
420 	 3945 	 0.95562 	 0.000741492 	 0.00154411
420 	 3950 	 0.95562 	 0.000741492 	 0.00154411
420 	 3955 	 0.95562 	 0.000741492 	 0.00154411
420 	 3960 	 0.95562 	 0.000741492 	 0.00154411
420 	 3965 	 0.95562 	 0.000741492 	 0.00154411
420 	 3970 	 0.95562 	 0.000741492 	 0.00154411
420 	 3975 	 0.95562 	 0.000741492 	 0.00154411
420 	 3980 	 0.95562 	 0.000741492 	 0.00154411
420 	 3985 	 0.95562 	 0.000741492 	 0.00154411
420 	 3990 	 0.95562 	 0.000741492 	 0.00154411
420 	 3995 	 0.95562 	 0.000741492 	 0.00154411
420 	 4000 	 0.95562 	 0.000741492 	 0.00154411
420 	 4005 	 0.95562 	 0.000741492 	 0.00154411
420 	 4010 	 0.95562 	 0.000741492 	 0.00154411
420 	 4015 	 0.95562 	 0.000741492 	 0.00154411
420 	 4020 	 0.95562 	 0.000741492 	 0.00154411
420 	 4025 	 0.95562 	 0.000741492 	 0.00154411
420 	 4030 	 0.95562 	 0.000741492 	 0.00154411
420 	 4035 	 0.95562 	 0.000741492 	 0.00154411
420 	 4040 	 0.95562 	 0.000741492 	 0.00154411
420 	 4045 	 0.95562 	 0.000741492 	 0.00154411
420 	 4050 	 0.95562 	 0.000741492 	 0.00154411
420 	 4055 	 0.95562 	 0.000741492 	 0.00154411
420 	 4060 	 0.95562 	 0.000741492 	 0.00154411
420 	 4065 	 0.95562 	 0.000741492 	 0.00154411
420 	 4070 	 0.95562 	 0.000741492 	 0.00154411
420 	 4075 	 0.95562 	 0.000741492 	 0.00154411
420 	 4080 	 0.95562 	 0.000741492 	 0.00154411
420 	 4085 	 0.95562 	 0.000741492 	 0.00154411
420 	 4090 	 0.95562 	 0.000741492 	 0.00154411
420 	 4095 	 0.95562 	 0.000741492 	 0.00154411
420 	 4100 	 0.95562 	 0.000741492 	 0.00154411
420 	 4105 	 0.95562 	 0.000741492 	 0.00154411
420 	 4110 	 0.95562 	 0.000741492 	 0.00154411
420 	 4115 	 0.95562 	 0.000741492 	 0.00154411
420 	 4120 	 0.95562 	 0.000741492 	 0.00154411
420 	 4125 	 0.95562 	 0.000741492 	 0.00154411
420 	 4130 	 0.95562 	 0.000741492 	 0.00154411
420 	 4135 	 0.95562 	 0.000741492 	 0.00154411
420 	 4140 	 0.95562 	 0.000741492 	 0.00154411
420 	 4145 	 0.95562 	 0.000741492 	 0.00154411
420 	 4150 	 0.95562 	 0.000741492 	 0.00154411
420 	 4155 	 0.95562 	 0.000741492 	 0.00154411
420 	 4160 	 0.95562 	 0.000741492 	 0.00154411
420 	 4165 	 0.95562 	 0.000741492 	 0.00154411
420 	 4170 	 0.95562 	 0.000741492 	 0.00154411
420 	 4175 	 0.95562 	 0.000741492 	 0.00154411
420 	 4180 	 0.95562 	 0.000741492 	 0.00154411
420 	 4185 	 0.95562 	 0.000741492 	 0.00154411
420 	 4190 	 0.95562 	 0.000741492 	 0.00154411
420 	 4195 	 0.95562 	 0.000741492 	 0.00154411
420 	 4200 	 0.95562 	 0.000741492 	 0.00154411
420 	 4205 	 0.95562 	 0.000741492 	 0.00154411
420 	 4210 	 0.95562 	 0.000741492 	 0.00154411
420 	 4215 	 0.95562 	 0.000741492 	 0.00154411
420 	 4220 	 0.95562 	 0.000741492 	 0.00154411
420 	 4225 	 0.95562 	 0.000741492 	 0.00154411
420 	 4230 	 0.95562 	 0.000741492 	 0.00154411
420 	 4235 	 0.95562 	 0.000741492 	 0.00154411
420 	 4240 	 0.95562 	 0.000741492 	 0.00154411
420 	 4245 	 0.95562 	 0.000741492 	 0.00154411
420 	 4250 	 0.95562 	 0.000741492 	 0.00154411
420 	 4255 	 0.95562 	 0.000741492 	 0.00154411
420 	 4260 	 0.95562 	 0.000741492 	 0.00154411
420 	 4265 	 0.95562 	 0.000741492 	 0.00154411
420 	 4270 	 0.95562 	 0.000741492 	 0.00154411
420 	 4275 	 0.95562 	 0.000741492 	 0.00154411
420 	 4280 	 0.95562 	 0.000741492 	 0.00154411
420 	 4285 	 0.95562 	 0.000741492 	 0.00154411
420 	 4290 	 0.95562 	 0.000741492 	 0.00154411
420 	 4295 	 0.95562 	 0.000741492 	 0.00154411
420 	 4300 	 0.95562 	 0.000741492 	 0.00154411
420 	 4305 	 0.95562 	 0.000741492 	 0.00154411
420 	 4310 	 0.95562 	 0.000741492 	 0.00154411
420 	 4315 	 0.95562 	 0.000741492 	 0.00154411
420 	 4320 	 0.95562 	 0.000741492 	 0.00154411
420 	 4325 	 0.95562 	 0.000741492 	 0.00154411
420 	 4330 	 0.95562 	 0.000741492 	 0.00154411
420 	 4335 	 0.95562 	 0.000741492 	 0.00154411
420 	 4340 	 0.95562 	 0.000741492 	 0.00154411
420 	 4345 	 0.95562 	 0.000741492 	 0.00154411
420 	 4350 	 0.95562 	 0.000741492 	 0.00154411
420 	 4355 	 0.95562 	 0.000741492 	 0.00154411
420 	 4360 	 0.95562 	 0.000741492 	 0.00154411
420 	 4365 	 0.95562 	 0.000741492 	 0.00154411
420 	 4370 	 0.95562 	 0.000741492 	 0.00154411
420 	 4375 	 0.95562 	 0.000741492 	 0.00154411
420 	 4380 	 0.95562 	 0.000741492 	 0.00154411
420 	 4385 	 0.95562 	 0.000741492 	 0.00154411
420 	 4390 	 0.95562 	 0.000741492 	 0.00154411
420 	 4395 	 0.95562 	 0.000741492 	 0.00154411
420 	 4400 	 0.95562 	 0.000741492 	 0.00154411
420 	 4405 	 0.95562 	 0.000741492 	 0.00154411
420 	 4410 	 0.95562 	 0.000741492 	 0.00154411
420 	 4415 	 0.95562 	 0.000741492 	 0.00154411
420 	 4420 	 0.95562 	 0.000741492 	 0.00154411
420 	 4425 	 0.95562 	 0.000741492 	 0.00154411
420 	 4430 	 0.95562 	 0.000741492 	 0.00154411
420 	 4435 	 0.95562 	 0.000741492 	 0.00154411
420 	 4440 	 0.95562 	 0.000741492 	 0.00154411
420 	 4445 	 0.95562 	 0.000741492 	 0.00154411
420 	 4450 	 0.95562 	 0.000741492 	 0.00154411
420 	 4455 	 0.95562 	 0.000741492 	 0.00154411
420 	 4460 	 0.95562 	 0.000741492 	 0.00154411
420 	 4465 	 0.95562 	 0.000741492 	 0.00154411
420 	 4470 	 0.95562 	 0.000741492 	 0.00154411
420 	 4475 	 0.95562 	 0.000741492 	 0.00154411
420 	 4480 	 0.95562 	 0.000741492 	 0.00154411
420 	 4485 	 0.95562 	 0.000741492 	 0.00154411
420 	 4490 	 0.95562 	 0.000741492 	 0.00154411
420 	 4495 	 0.95562 	 0.000741492 	 0.00154411
420 	 4500 	 0.95562 	 0.000741492 	 0.00154411
420 	 4505 	 0.95562 	 0.000741492 	 0.00154411
420 	 4510 	 0.95562 	 0.000741492 	 0.00154411
420 	 4515 	 0.95562 	 0.000741492 	 0.00154411
420 	 4520 	 0.95562 	 0.000741492 	 0.00154411
420 	 4525 	 0.95562 	 0.000741492 	 0.00154411
420 	 4530 	 0.95562 	 0.000741492 	 0.00154411
420 	 4535 	 0.95562 	 0.000741492 	 0.00154411
420 	 4540 	 0.95562 	 0.000741492 	 0.00154411
420 	 4545 	 0.95562 	 0.000741492 	 0.00154411
420 	 4550 	 0.95562 	 0.000741492 	 0.00154411
420 	 4555 	 0.95562 	 0.000741492 	 0.00154411
420 	 4560 	 0.95562 	 0.000741492 	 0.00154411
420 	 4565 	 0.95562 	 0.000741492 	 0.00154411
420 	 4570 	 0.95562 	 0.000741492 	 0.00154411
420 	 4575 	 0.95562 	 0.000741492 	 0.00154411
420 	 4580 	 0.95562 	 0.000741492 	 0.00154411
420 	 4585 	 0.95562 	 0.000741492 	 0.00154411
420 	 4590 	 0.95562 	 0.000741492 	 0.00154411
420 	 4595 	 0.95562 	 0.000741492 	 0.00154411
420 	 4600 	 0.95562 	 0.000741492 	 0.00154411
420 	 4605 	 0.95562 	 0.000741492 	 0.00154411
420 	 4610 	 0.95562 	 0.000741492 	 0.00154411
420 	 4615 	 0.95562 	 0.000741492 	 0.00154411
420 	 4620 	 0.95562 	 0.000741492 	 0.00154411
420 	 4625 	 0.95562 	 0.000741492 	 0.00154411
420 	 4630 	 0.95562 	 0.000741492 	 0.00154411
420 	 4635 	 0.95562 	 0.000741492 	 0.00154411
420 	 4640 	 0.95562 	 0.000741492 	 0.00154411
420 	 4645 	 0.95562 	 0.000741492 	 0.00154411
420 	 4650 	 0.95562 	 0.000741492 	 0.00154411
420 	 4655 	 0.95562 	 0.000741492 	 0.00154411
420 	 4660 	 0.95562 	 0.000741492 	 0.00154411
420 	 4665 	 0.95562 	 0.000741492 	 0.00154411
420 	 4670 	 0.95562 	 0.000741492 	 0.00154411
420 	 4675 	 0.95562 	 0.000741492 	 0.00154411
420 	 4680 	 0.95562 	 0.000741492 	 0.00154411
420 	 4685 	 0.95562 	 0.000741492 	 0.00154411
420 	 4690 	 0.95562 	 0.000741492 	 0.00154411
420 	 4695 	 0.95562 	 0.000741492 	 0.00154411
420 	 4700 	 0.95562 	 0.000741492 	 0.00154411
420 	 4705 	 0.95562 	 0.000741492 	 0.00154411
420 	 4710 	 0.95562 	 0.000741492 	 0.00154411
420 	 4715 	 0.95562 	 0.000741492 	 0.00154411
420 	 4720 	 0.95562 	 0.000741492 	 0.00154411
420 	 4725 	 0.95562 	 0.000741492 	 0.00154411
420 	 4730 	 0.95562 	 0.000741492 	 0.00154411
420 	 4735 	 0.95562 	 0.000741492 	 0.00154411
420 	 4740 	 0.95562 	 0.000741492 	 0.00154411
420 	 4745 	 0.95562 	 0.000741492 	 0.00154411
420 	 4750 	 0.95562 	 0.000741492 	 0.00154411
420 	 4755 	 0.95562 	 0.000741492 	 0.00154411
420 	 4760 	 0.95562 	 0.000741492 	 0.00154411
420 	 4765 	 0.95562 	 0.000741492 	 0.00154411
420 	 4770 	 0.95562 	 0.000741492 	 0.00154411
420 	 4775 	 0.95562 	 0.000741492 	 0.00154411
420 	 4780 	 0.95562 	 0.000741492 	 0.00154411
420 	 4785 	 0.95562 	 0.000741492 	 0.00154411
420 	 4790 	 0.95562 	 0.000741492 	 0.00154411
420 	 4795 	 0.95562 	 0.000741492 	 0.00154411
420 	 4800 	 0.95562 	 0.000741492 	 0.00154411
420 	 4805 	 0.95562 	 0.000741492 	 0.00154411
420 	 4810 	 0.95562 	 0.000741492 	 0.00154411
420 	 4815 	 0.95562 	 0.000741492 	 0.00154411
420 	 4820 	 0.95562 	 0.000741492 	 0.00154411
420 	 4825 	 0.95562 	 0.000741492 	 0.00154411
420 	 4830 	 0.95562 	 0.000741492 	 0.00154411
420 	 4835 	 0.95562 	 0.000741492 	 0.00154411
420 	 4840 	 0.95562 	 0.000741492 	 0.00154411
420 	 4845 	 0.95562 	 0.000741492 	 0.00154411
420 	 4850 	 0.95562 	 0.000741492 	 0.00154411
420 	 4855 	 0.95562 	 0.000741492 	 0.00154411
420 	 4860 	 0.95562 	 0.000741492 	 0.00154411
420 	 4865 	 0.95562 	 0.000741492 	 0.00154411
420 	 4870 	 0.95562 	 0.000741492 	 0.00154411
420 	 4875 	 0.95562 	 0.000741492 	 0.00154411
420 	 4880 	 0.95562 	 0.000741492 	 0.00154411
420 	 4885 	 0.95562 	 0.000741492 	 0.00154411
420 	 4890 	 0.95562 	 0.000741492 	 0.00154411
420 	 4895 	 0.95562 	 0.000741492 	 0.00154411
420 	 4900 	 0.95562 	 0.000741492 	 0.00154411
420 	 4905 	 0.95562 	 0.000741492 	 0.00154411
420 	 4910 	 0.95562 	 0.000741492 	 0.00154411
420 	 4915 	 0.95562 	 0.000741492 	 0.00154411
420 	 4920 	 0.95562 	 0.000741492 	 0.00154411
420 	 4925 	 0.95562 	 0.000741492 	 0.00154411
420 	 4930 	 0.95562 	 0.000741492 	 0.00154411
420 	 4935 	 0.95562 	 0.000741492 	 0.00154411
420 	 4940 	 0.95562 	 0.000741492 	 0.00154411
420 	 4945 	 0.95562 	 0.000741492 	 0.00154411
420 	 4950 	 0.95562 	 0.000741492 	 0.00154411
420 	 4955 	 0.95562 	 0.000741492 	 0.00154411
420 	 4960 	 0.95562 	 0.000741492 	 0.00154411
420 	 4965 	 0.95562 	 0.000741492 	 0.00154411
420 	 4970 	 0.95562 	 0.000741492 	 0.00154411
420 	 4975 	 0.95562 	 0.000741492 	 0.00154411
420 	 4980 	 0.95562 	 0.000741492 	 0.00154411
420 	 4985 	 0.95562 	 0.000741492 	 0.00154411
420 	 4990 	 0.95562 	 0.000741492 	 0.00154411
420 	 4995 	 0.95562 	 0.000741492 	 0.00154411
420 	 5000 	 0.95562 	 0.000741492 	 0.00154411
