940 	 5 	 0.875928 	 0.00528097	0.0110329
940 	 10 	 0.878539 	 0.00424416	0.00886682
940 	 15 	 0.882202 	 0.00313082	0.00654085
940 	 20 	 0.887042 	 0.00206476	0.00431366
940 	 25 	 0.892956 	 0.00121546	0.00253931
940 	 30 	 0.899526 	 0.00108766	0.00227231
940 	 35 	 0.911933 	 0.00180079	0.00376217
940 	 40 	 0.920928 	 0.000950751	0.00198629
940 	 45 	 0.928042 	 0.000680072	0.0014208
940 	 50 	 0.933487 	 0.000654482	0.00136733
940 	 55 	 0.93754 	 0.000590844	0.00123438
940 	 60 	 0.940517 	 0.000487097	0.00101763
940 	 65 	 0.942705 	 0.000402172	0.00084021
940 	 70 	 0.944333 	 0.000368388	0.00076963
940 	 75 	 0.945572 	 0.000375366	0.000784208
940 	 80 	 0.946537 	 0.000397367	0.000830172
940 	 85 	 0.947312 	 0.000419464	0.000876336
940 	 90 	 0.94795 	 0.000437657	0.000914345
940 	 95 	 0.948488 	 0.000452566	0.000945492
940 	 100 	 0.948953 	 0.000465801	0.000973144
940 	 105 	 0.94936 	 0.00047863	0.000999946
940 	 110 	 0.949723 	 0.000491699	0.00102725
940 	 115 	 0.950049 	 0.000505157	0.00105537
940 	 120 	 0.950346 	 0.000518865	0.001084
940 	 125 	 0.950618 	 0.000532563	0.00111262
940 	 130 	 0.950868 	 0.000545985	0.00114066
940 	 135 	 0.9511 	 0.000558905	0.00116765
940 	 140 	 0.951316 	 0.000571159	0.00119326
940 	 145 	 0.951517 	 0.000582644	0.00121725
940 	 150 	 0.951705 	 0.000593305	0.00123952
940 	 155 	 0.951881 	 0.000603126	0.00126004
940 	 160 	 0.952048 	 0.000612118	0.00127883
940 	 165 	 0.952204 	 0.000620312	0.00129595
940 	 170 	 0.952352 	 0.000627749	0.00131148
940 	 175 	 0.952492 	 0.000634477	0.00132554
940 	 180 	 0.952625 	 0.000640547	0.00133822
940 	 185 	 0.952752 	 0.00064601	0.00134963
940 	 190 	 0.952872 	 0.000650916	0.00135988
940 	 195 	 0.952986 	 0.000655313	0.00136907
940 	 200 	 0.953095 	 0.000659246	0.00137729
940 	 205 	 0.953199 	 0.000662758	0.00138462
940 	 210 	 0.953299 	 0.000665886	0.00139116
940 	 215 	 0.953394 	 0.000668668	0.00139697
940 	 220 	 0.953486 	 0.000671136	0.00140212
940 	 225 	 0.953574 	 0.000673319	0.00140669
940 	 230 	 0.953658 	 0.000675246	0.00141071
940 	 235 	 0.953739 	 0.000676941	0.00141425
940 	 240 	 0.953817 	 0.000678426	0.00141736
940 	 245 	 0.953892 	 0.000679723	0.00142006
940 	 250 	 0.953964 	 0.000680849	0.00142242
940 	 255 	 0.954034 	 0.000681823	0.00142445
940 	 260 	 0.954101 	 0.000682659	0.0014262
940 	 265 	 0.954166 	 0.000683371	0.00142769
940 	 270 	 0.954229 	 0.000683971	0.00142894
940 	 275 	 0.95429 	 0.000684472	0.00142999
940 	 280 	 0.954348 	 0.000684884	0.00143085
940 	 285 	 0.954405 	 0.000685217	0.00143154
940 	 290 	 0.954461 	 0.000685478	0.00143209
940 	 295 	 0.954514 	 0.000685676	0.0014325
940 	 300 	 0.954566 	 0.000685817	0.0014328
940 	 305 	 0.954616 	 0.000685909	0.00143299
940 	 310 	 0.954665 	 0.000685957	0.00143309
940 	 315 	 0.954713 	 0.000685967	0.00143311
940 	 320 	 0.954759 	 0.000685943	0.00143306
940 	 325 	 0.954804 	 0.000685889	0.00143295
940 	 330 	 0.954848 	 0.000685811	0.00143278
940 	 335 	 0.95489 	 0.000685711	0.00143257
940 	 340 	 0.954932 	 0.000685592	0.00143233
940 	 345 	 0.954972 	 0.000685458	0.00143205
940 	 350 	 0.955012 	 0.000685312	0.00143174
940 	 355 	 0.95505 	 0.000685155	0.00143141
940 	 360 	 0.955087 	 0.000684991	0.00143107
940 	 365 	 0.955124 	 0.000684821	0.00143072
940 	 370 	 0.955159 	 0.000684647	0.00143035
940 	 375 	 0.955194 	 0.00068447	0.00142998
940 	 380 	 0.955228 	 0.000684293	0.00142961
940 	 385 	 0.955261 	 0.000684116	0.00142924
940 	 390 	 0.955294 	 0.000683941	0.00142888
940 	 395 	 0.955326 	 0.000683769	0.00142852
940 	 400 	 0.955357 	 0.000683601	0.00142817
940 	 405 	 0.955387 	 0.000683437	0.00142783
940 	 410 	 0.955417 	 0.00068328	0.0014275
940 	 415 	 0.955446 	 0.000683128	0.00142718
940 	 420 	 0.955474 	 0.000682984	0.00142688
940 	 425 	 0.955502 	 0.000682847	0.00142659
940 	 430 	 0.955529 	 0.000682718	0.00142632
940 	 435 	 0.955556 	 0.000682597	0.00142607
940 	 440 	 0.955582 	 0.000682485	0.00142584
940 	 445 	 0.955608 	 0.000682383	0.00142562
940 	 450 	 0.955633 	 0.00068229	0.00142543
940 	 455 	 0.955658 	 0.000682206	0.00142525
940 	 460 	 0.955682 	 0.000682132	0.0014251
940 	 465 	 0.955706 	 0.000682069	0.00142497
940 	 470 	 0.955729 	 0.000682016	0.00142486
940 	 475 	 0.955752 	 0.000681973	0.00142477
940 	 480 	 0.955775 	 0.00068194	0.0014247
940 	 485 	 0.955797 	 0.000681918	0.00142465
940 	 490 	 0.955818 	 0.000681906	0.00142463
940 	 495 	 0.95584 	 0.000681905	0.00142462
940 	 500 	 0.955861 	 0.000681915	0.00142464
940 	 505 	 0.955881 	 0.000681935	0.00142469
940 	 510 	 0.955901 	 0.000681965	0.00142475
940 	 515 	 0.955921 	 0.000682006	0.00142483
940 	 520 	 0.955941 	 0.000682057	0.00142494
940 	 525 	 0.95596 	 0.000682118	0.00142507
940 	 530 	 0.955979 	 0.00068219	0.00142522
940 	 535 	 0.955997 	 0.000682272	0.00142539
940 	 540 	 0.956016 	 0.000682363	0.00142558
940 	 545 	 0.956034 	 0.000682465	0.00142579
940 	 550 	 0.956051 	 0.000682577	0.00142603
940 	 555 	 0.956069 	 0.000682698	0.00142628
940 	 560 	 0.956086 	 0.000682828	0.00142655
940 	 565 	 0.956103 	 0.000682968	0.00142685
940 	 570 	 0.95612 	 0.000683118	0.00142716
940 	 575 	 0.956136 	 0.000683276	0.00142749
940 	 580 	 0.956152 	 0.000683444	0.00142784
940 	 585 	 0.956168 	 0.00068362	0.00142821
940 	 590 	 0.956184 	 0.000683806	0.00142859
940 	 595 	 0.956199 	 0.000683999	0.001429
940 	 600 	 0.956214 	 0.000684202	0.00142942
940 	 605 	 0.956229 	 0.000684412	0.00142986
940 	 610 	 0.956244 	 0.000684631	0.00143032
940 	 615 	 0.956259 	 0.000684857	0.00143079
940 	 620 	 0.956273 	 0.000685092	0.00143128
940 	 625 	 0.956287 	 0.000685334	0.00143179
940 	 630 	 0.956301 	 0.000685584	0.00143231
940 	 635 	 0.956315 	 0.000685841	0.00143285
940 	 640 	 0.956328 	 0.000686106	0.0014334
940 	 645 	 0.956342 	 0.000686378	0.00143397
940 	 650 	 0.956355 	 0.000686656	0.00143455
940 	 655 	 0.956368 	 0.000686942	0.00143515
940 	 660 	 0.956381 	 0.000687234	0.00143576
940 	 665 	 0.956394 	 0.000687533	0.00143638
940 	 670 	 0.956406 	 0.000687838	0.00143702
940 	 675 	 0.956419 	 0.00068815	0.00143767
940 	 680 	 0.956431 	 0.000688467	0.00143833
940 	 685 	 0.956443 	 0.000688791	0.00143901
940 	 690 	 0.956455 	 0.00068912	0.0014397
940 	 695 	 0.956467 	 0.000689456	0.0014404
940 	 700 	 0.956478 	 0.000689797	0.00144111
940 	 705 	 0.95649 	 0.000690143	0.00144183
940 	 710 	 0.956501 	 0.000690495	0.00144257
940 	 715 	 0.956512 	 0.000690852	0.00144332
940 	 720 	 0.956523 	 0.000691214	0.00144407
940 	 725 	 0.956534 	 0.000691581	0.00144484
940 	 730 	 0.956545 	 0.000691953	0.00144562
940 	 735 	 0.956556 	 0.00069233	0.0014464
940 	 740 	 0.956566 	 0.000692711	0.0014472
940 	 745 	 0.956577 	 0.000693097	0.00144801
940 	 750 	 0.956587 	 0.000693488	0.00144882
940 	 755 	 0.956597 	 0.000693882	0.00144965
940 	 760 	 0.956607 	 0.000694281	0.00145048
940 	 765 	 0.956617 	 0.000694684	0.00145132
940 	 770 	 0.956627 	 0.000695091	0.00145217
940 	 775 	 0.956637 	 0.000695502	0.00145303
940 	 780 	 0.956647 	 0.000695917	0.0014539
940 	 785 	 0.956656 	 0.000696335	0.00145477
940 	 790 	 0.956666 	 0.000696757	0.00145565
940 	 795 	 0.956675 	 0.000697182	0.00145654
940 	 800 	 0.956684 	 0.000697611	0.00145744
940 	 805 	 0.956693 	 0.000698043	0.00145834
940 	 810 	 0.956702 	 0.000698479	0.00145925
940 	 815 	 0.956711 	 0.000698917	0.00146017
940 	 820 	 0.95672 	 0.000699359	0.00146109
940 	 825 	 0.956729 	 0.000699803	0.00146202
940 	 830 	 0.956738 	 0.000700251	0.00146295
940 	 835 	 0.956746 	 0.000700701	0.00146389
940 	 840 	 0.956755 	 0.000701153	0.00146484
940 	 845 	 0.956763 	 0.000701609	0.00146579
940 	 850 	 0.956771 	 0.000702067	0.00146675
940 	 855 	 0.95678 	 0.000702527	0.00146771
940 	 860 	 0.956788 	 0.00070299	0.00146868
940 	 865 	 0.956796 	 0.000703456	0.00146965
940 	 870 	 0.956804 	 0.000703923	0.00147062
940 	 875 	 0.956812 	 0.000704393	0.0014716
940 	 880 	 0.95682 	 0.000704865	0.00147259
940 	 885 	 0.956827 	 0.000705338	0.00147358
940 	 890 	 0.956835 	 0.000705814	0.00147457
940 	 895 	 0.956843 	 0.000706292	0.00147557
940 	 900 	 0.95685 	 0.000706772	0.00147657
940 	 905 	 0.956858 	 0.000707253	0.00147758
940 	 910 	 0.956865 	 0.000707736	0.00147859
940 	 915 	 0.956872 	 0.000708221	0.0014796
940 	 920 	 0.95688 	 0.000708707	0.00148062
940 	 925 	 0.956887 	 0.000709195	0.00148164
940 	 930 	 0.956894 	 0.000709685	0.00148266
940 	 935 	 0.956901 	 0.000710176	0.00148369
940 	 940 	 0.956908 	 0.000710668	0.00148472
940 	 945 	 0.956915 	 0.000711162	0.00148575
940 	 950 	 0.956922 	 0.000711657	0.00148678
940 	 955 	 0.956929 	 0.000712153	0.00148782
940 	 960 	 0.956935 	 0.00071265	0.00148886
940 	 965 	 0.956942 	 0.000713149	0.0014899
940 	 970 	 0.956949 	 0.000713649	0.00149094
940 	 975 	 0.956955 	 0.000714149	0.00149199
940 	 980 	 0.956962 	 0.000714651	0.00149304
940 	 985 	 0.956968 	 0.000715154	0.00149409
940 	 990 	 0.956975 	 0.000715657	0.00149514
940 	 995 	 0.956981 	 0.000716162	0.00149619
940 	 1000 	 0.956987 	 0.000716667	0.00149725
940 	 1005 	 0.956993 	 0.000717173	0.0014983
940 	 1010 	 0.957 	 0.00071768	0.00149936
940 	 1015 	 0.957006 	 0.000718187	0.00150042
940 	 1020 	 0.957012 	 0.000718695	0.00150149
940 	 1025 	 0.957018 	 0.000719204	0.00150255
940 	 1030 	 0.957024 	 0.000719714	0.00150361
940 	 1035 	 0.95703 	 0.000720224	0.00150468
940 	 1040 	 0.957036 	 0.000720734	0.00150574
940 	 1045 	 0.957041 	 0.000721245	0.00150681
940 	 1050 	 0.957047 	 0.000721756	0.00150788
940 	 1055 	 0.957053 	 0.000722268	0.00150895
940 	 1060 	 0.957059 	 0.000722781	0.00151002
940 	 1065 	 0.957064 	 0.000723293	0.00151109
940 	 1070 	 0.95707 	 0.000723806	0.00151216
940 	 1075 	 0.957075 	 0.00072432	0.00151324
940 	 1080 	 0.957081 	 0.000724833	0.00151431
940 	 1085 	 0.957086 	 0.000725347	0.00151538
940 	 1090 	 0.957092 	 0.000725861	0.00151646
940 	 1095 	 0.957097 	 0.000726375	0.00151753
940 	 1100 	 0.957103 	 0.00072689	0.0015186
940 	 1105 	 0.957108 	 0.000727404	0.00151968
940 	 1110 	 0.957113 	 0.000727919	0.00152075
940 	 1115 	 0.957118 	 0.000728433	0.00152183
940 	 1120 	 0.957123 	 0.000728948	0.00152291
940 	 1125 	 0.957129 	 0.000729463	0.00152398
940 	 1130 	 0.957134 	 0.000729978	0.00152506
940 	 1135 	 0.957139 	 0.000730493	0.00152613
940 	 1140 	 0.957144 	 0.000731007	0.00152721
940 	 1145 	 0.957149 	 0.000731522	0.00152828
940 	 1150 	 0.957154 	 0.000732037	0.00152936
940 	 1155 	 0.957159 	 0.000732551	0.00153043
940 	 1160 	 0.957164 	 0.000733066	0.00153151
940 	 1165 	 0.957168 	 0.00073358	0.00153258
940 	 1170 	 0.957173 	 0.000734094	0.00153366
940 	 1175 	 0.957178 	 0.000734608	0.00153473
940 	 1180 	 0.957183 	 0.000735122	0.0015358
940 	 1185 	 0.957187 	 0.000735636	0.00153688
940 	 1190 	 0.957192 	 0.000736149	0.00153795
940 	 1195 	 0.957197 	 0.000736662	0.00153902
940 	 1200 	 0.957201 	 0.000737175	0.00154009
940 	 1205 	 0.957206 	 0.000737688	0.00154116
940 	 1210 	 0.95721 	 0.0007382	0.00154223
940 	 1215 	 0.957215 	 0.000738712	0.0015433
940 	 1220 	 0.957219 	 0.000739224	0.00154437
940 	 1225 	 0.957224 	 0.000739735	0.00154544
940 	 1230 	 0.957228 	 0.000740246	0.00154651
940 	 1235 	 0.957233 	 0.000740756	0.00154757
940 	 1240 	 0.957237 	 0.000741267	0.00154864
940 	 1245 	 0.957241 	 0.000741776	0.00154971
940 	 1250 	 0.957246 	 0.000742286	0.00155077
940 	 1255 	 0.95725 	 0.000742795	0.00155183
940 	 1260 	 0.957254 	 0.000743303	0.0015529
940 	 1265 	 0.957258 	 0.000743811	0.00155396
940 	 1270 	 0.957262 	 0.000744319	0.00155502
940 	 1275 	 0.957267 	 0.000744826	0.00155608
940 	 1280 	 0.957271 	 0.000745333	0.00155714
940 	 1285 	 0.957275 	 0.000745839	0.00155819
940 	 1290 	 0.957279 	 0.000746345	0.00155925
940 	 1295 	 0.957283 	 0.00074685	0.00156031
940 	 1300 	 0.957287 	 0.000747354	0.00156136
940 	 1305 	 0.957291 	 0.000747858	0.00156241
940 	 1310 	 0.957295 	 0.000748362	0.00156346
940 	 1315 	 0.957299 	 0.000748865	0.00156452
940 	 1320 	 0.957303 	 0.000749367	0.00156556
940 	 1325 	 0.957307 	 0.000749869	0.00156661
940 	 1330 	 0.95731 	 0.00075037	0.00156766
940 	 1335 	 0.957314 	 0.000750871	0.00156871
940 	 1340 	 0.957318 	 0.000751371	0.00156975
940 	 1345 	 0.957322 	 0.000751871	0.00157079
940 	 1350 	 0.957326 	 0.000752369	0.00157184
940 	 1355 	 0.957329 	 0.000752868	0.00157288
940 	 1360 	 0.957333 	 0.000753365	0.00157392
940 	 1365 	 0.957337 	 0.000753862	0.00157496
940 	 1370 	 0.95734 	 0.000754358	0.00157599
940 	 1375 	 0.957344 	 0.000754854	0.00157703
940 	 1380 	 0.957348 	 0.000755349	0.00157806
940 	 1385 	 0.957351 	 0.000755843	0.00157909
940 	 1390 	 0.957355 	 0.000756337	0.00158013
940 	 1395 	 0.957358 	 0.00075683	0.00158116
940 	 1400 	 0.957362 	 0.000757322	0.00158218
940 	 1405 	 0.957365 	 0.000757814	0.00158321
940 	 1410 	 0.957369 	 0.000758304	0.00158424
940 	 1415 	 0.957372 	 0.000758795	0.00158526
940 	 1420 	 0.957376 	 0.000759284	0.00158628
940 	 1425 	 0.957379 	 0.000759773	0.0015873
940 	 1430 	 0.957383 	 0.000760261	0.00158832
940 	 1435 	 0.957386 	 0.000760748	0.00158934
940 	 1440 	 0.957389 	 0.000761235	0.00159036
940 	 1445 	 0.957393 	 0.00076172	0.00159137
940 	 1450 	 0.957396 	 0.000762206	0.00159239
940 	 1455 	 0.957399 	 0.00076269	0.0015934
940 	 1460 	 0.957403 	 0.000763173	0.00159441
940 	 1465 	 0.957406 	 0.000763656	0.00159542
940 	 1470 	 0.957409 	 0.000764138	0.00159642
940 	 1475 	 0.957412 	 0.00076462	0.00159743
940 	 1480 	 0.957416 	 0.0007651	0.00159843
940 	 1485 	 0.957419 	 0.00076558	0.00159944
940 	 1490 	 0.957422 	 0.000766059	0.00160044
940 	 1495 	 0.957425 	 0.000766537	0.00160144
940 	 1500 	 0.957428 	 0.000767015	0.00160243
940 	 1505 	 0.957432 	 0.000767492	0.00160343
940 	 1510 	 0.957435 	 0.000767968	0.00160442
940 	 1515 	 0.957438 	 0.000768443	0.00160542
940 	 1520 	 0.957441 	 0.000768917	0.00160641
940 	 1525 	 0.957444 	 0.000769391	0.0016074
940 	 1530 	 0.957447 	 0.000769863	0.00160838
940 	 1535 	 0.95745 	 0.000770335	0.00160937
940 	 1540 	 0.957453 	 0.000770806	0.00161036
940 	 1545 	 0.957456 	 0.000771277	0.00161134
940 	 1550 	 0.957459 	 0.000771746	0.00161232
940 	 1555 	 0.957462 	 0.000772215	0.0016133
940 	 1560 	 0.957465 	 0.000772683	0.00161428
940 	 1565 	 0.957468 	 0.00077315	0.00161525
940 	 1570 	 0.957471 	 0.000773617	0.00161623
940 	 1575 	 0.957473 	 0.000774082	0.0016172
940 	 1580 	 0.957476 	 0.000774547	0.00161817
940 	 1585 	 0.957479 	 0.000775011	0.00161914
940 	 1590 	 0.957482 	 0.000775474	0.00162011
940 	 1595 	 0.957485 	 0.000775936	0.00162107
940 	 1600 	 0.957488 	 0.000776397	0.00162204
940 	 1605 	 0.957491 	 0.000776858	0.001623
940 	 1610 	 0.957493 	 0.000777318	0.00162396
940 	 1615 	 0.957496 	 0.000777777	0.00162492
940 	 1620 	 0.957499 	 0.000778235	0.00162587
940 	 1625 	 0.957502 	 0.000778692	0.00162683
940 	 1630 	 0.957504 	 0.000779149	0.00162778
940 	 1635 	 0.957507 	 0.000779604	0.00162874
940 	 1640 	 0.95751 	 0.000780059	0.00162969
940 	 1645 	 0.957512 	 0.000780513	0.00163063
940 	 1650 	 0.957515 	 0.000780966	0.00163158
940 	 1655 	 0.957518 	 0.000781419	0.00163253
940 	 1660 	 0.95752 	 0.00078187	0.00163347
940 	 1665 	 0.957523 	 0.000782321	0.00163441
940 	 1670 	 0.957526 	 0.000782771	0.00163535
940 	 1675 	 0.957528 	 0.00078322	0.00163629
940 	 1680 	 0.957531 	 0.000783668	0.00163723
940 	 1685 	 0.957533 	 0.000784115	0.00163816
940 	 1690 	 0.957536 	 0.000784562	0.00163909
940 	 1695 	 0.957539 	 0.000785007	0.00164002
940 	 1700 	 0.957541 	 0.000785452	0.00164095
940 	 1705 	 0.957544 	 0.000785896	0.00164188
940 	 1710 	 0.957546 	 0.000786339	0.00164281
940 	 1715 	 0.957549 	 0.000786782	0.00164373
940 	 1720 	 0.957551 	 0.000787223	0.00164465
940 	 1725 	 0.957554 	 0.000787664	0.00164557
940 	 1730 	 0.957556 	 0.000788104	0.00164649
940 	 1735 	 0.957559 	 0.000788543	0.00164741
940 	 1740 	 0.957561 	 0.000788981	0.00164833
940 	 1745 	 0.957563 	 0.000789418	0.00164924
940 	 1750 	 0.957566 	 0.000789855	0.00165015
940 	 1755 	 0.957568 	 0.000790291	0.00165106
940 	 1760 	 0.957571 	 0.000790725	0.00165197
940 	 1765 	 0.957573 	 0.00079116	0.00165288
940 	 1770 	 0.957575 	 0.000791593	0.00165378
940 	 1775 	 0.957578 	 0.000792025	0.00165468
940 	 1780 	 0.95758 	 0.000792457	0.00165559
940 	 1785 	 0.957582 	 0.000792887	0.00165649
940 	 1790 	 0.957585 	 0.000793317	0.00165738
940 	 1795 	 0.957587 	 0.000793746	0.00165828
940 	 1800 	 0.957589 	 0.000794174	0.00165918
940 	 1805 	 0.957592 	 0.000794602	0.00166007
940 	 1810 	 0.957594 	 0.000795028	0.00166096
940 	 1815 	 0.957596 	 0.000795454	0.00166185
940 	 1820 	 0.957598 	 0.000795879	0.00166274
940 	 1825 	 0.957601 	 0.000796303	0.00166362
940 	 1830 	 0.957603 	 0.000796726	0.00166451
940 	 1835 	 0.957605 	 0.000797149	0.00166539
940 	 1840 	 0.957607 	 0.00079757	0.00166627
940 	 1845 	 0.95761 	 0.000797991	0.00166715
940 	 1850 	 0.957612 	 0.000798411	0.00166803
940 	 1855 	 0.957614 	 0.00079883	0.0016689
940 	 1860 	 0.957616 	 0.000799249	0.00166978
940 	 1865 	 0.957618 	 0.000799666	0.00167065
940 	 1870 	 0.957621 	 0.000800083	0.00167152
940 	 1875 	 0.957623 	 0.000800499	0.00167239
940 	 1880 	 0.957625 	 0.000800914	0.00167326
940 	 1885 	 0.957627 	 0.000801328	0.00167412
940 	 1890 	 0.957629 	 0.000801742	0.00167498
940 	 1895 	 0.957631 	 0.000802154	0.00167585
940 	 1900 	 0.957633 	 0.000802566	0.00167671
940 	 1905 	 0.957635 	 0.000802977	0.00167757
940 	 1910 	 0.957637 	 0.000803388	0.00167842
940 	 1915 	 0.95764 	 0.000803797	0.00167928
940 	 1920 	 0.957642 	 0.000804206	0.00168013
940 	 1925 	 0.957644 	 0.000804613	0.00168098
940 	 1930 	 0.957646 	 0.00080502	0.00168183
940 	 1935 	 0.957648 	 0.000805427	0.00168268
940 	 1940 	 0.95765 	 0.000805832	0.00168353
940 	 1945 	 0.957652 	 0.000806237	0.00168438
940 	 1950 	 0.957654 	 0.000806641	0.00168522
940 	 1955 	 0.957656 	 0.000807044	0.00168606
940 	 1960 	 0.957658 	 0.000807446	0.0016869
940 	 1965 	 0.95766 	 0.000807847	0.00168774
940 	 1970 	 0.957662 	 0.000808248	0.00168858
940 	 1975 	 0.957664 	 0.000808648	0.00168941
940 	 1980 	 0.957666 	 0.000809047	0.00169025
940 	 1985 	 0.957668 	 0.000809445	0.00169108
940 	 1990 	 0.95767 	 0.000809843	0.00169191
940 	 1995 	 0.957672 	 0.000810239	0.00169274
940 	 2000 	 0.957673 	 0.000810635	0.00169357
940 	 2005 	 0.957675 	 0.000811031	0.00169439
940 	 2010 	 0.957677 	 0.000811425	0.00169521
940 	 2015 	 0.957679 	 0.000811819	0.00169604
940 	 2020 	 0.957681 	 0.000812211	0.00169686
940 	 2025 	 0.957683 	 0.000812603	0.00169768
940 	 2030 	 0.957685 	 0.000812995	0.00169849
940 	 2035 	 0.957687 	 0.000813385	0.00169931
940 	 2040 	 0.957689 	 0.000813775	0.00170012
940 	 2045 	 0.95769 	 0.000814164	0.00170094
940 	 2050 	 0.957692 	 0.000814552	0.00170175
940 	 2055 	 0.957694 	 0.00081494	0.00170256
940 	 2060 	 0.957696 	 0.000815326	0.00170337
940 	 2065 	 0.957698 	 0.000815712	0.00170417
940 	 2070 	 0.9577 	 0.000816097	0.00170498
940 	 2075 	 0.957701 	 0.000816482	0.00170578
940 	 2080 	 0.957703 	 0.000816865	0.00170658
940 	 2085 	 0.957705 	 0.000817248	0.00170738
940 	 2090 	 0.957707 	 0.00081763	0.00170818
940 	 2095 	 0.957709 	 0.000818012	0.00170898
940 	 2100 	 0.95771 	 0.000818392	0.00170977
940 	 2105 	 0.957712 	 0.000818772	0.00171056
940 	 2110 	 0.957714 	 0.000819151	0.00171136
940 	 2115 	 0.957716 	 0.00081953	0.00171215
940 	 2120 	 0.957717 	 0.000819907	0.00171294
940 	 2125 	 0.957719 	 0.000820284	0.00171372
940 	 2130 	 0.957721 	 0.00082066	0.00171451
940 	 2135 	 0.957723 	 0.000821036	0.00171529
940 	 2140 	 0.957724 	 0.00082141	0.00171608
940 	 2145 	 0.957726 	 0.000821784	0.00171686
940 	 2150 	 0.957728 	 0.000822158	0.00171764
940 	 2155 	 0.957729 	 0.00082253	0.00171842
940 	 2160 	 0.957731 	 0.000822902	0.00171919
940 	 2165 	 0.957733 	 0.000823273	0.00171997
940 	 2170 	 0.957735 	 0.000823643	0.00172074
940 	 2175 	 0.957736 	 0.000824013	0.00172151
940 	 2180 	 0.957738 	 0.000824381	0.00172228
940 	 2185 	 0.957739 	 0.000824749	0.00172305
940 	 2190 	 0.957741 	 0.000825117	0.00172382
940 	 2195 	 0.957743 	 0.000825483	0.00172459
940 	 2200 	 0.957744 	 0.000825849	0.00172535
940 	 2205 	 0.957746 	 0.000826215	0.00172611
940 	 2210 	 0.957748 	 0.000826579	0.00172687
940 	 2215 	 0.957749 	 0.000826943	0.00172763
940 	 2220 	 0.957751 	 0.000827306	0.00172839
940 	 2225 	 0.957753 	 0.000827668	0.00172915
940 	 2230 	 0.957754 	 0.00082803	0.00172991
940 	 2235 	 0.957756 	 0.000828391	0.00173066
940 	 2240 	 0.957757 	 0.000828751	0.00173141
940 	 2245 	 0.957759 	 0.000829111	0.00173216
940 	 2250 	 0.95776 	 0.00082947	0.00173291
940 	 2255 	 0.957762 	 0.000829828	0.00173366
940 	 2260 	 0.957764 	 0.000830185	0.00173441
940 	 2265 	 0.957765 	 0.000830542	0.00173515
940 	 2270 	 0.957767 	 0.000830898	0.0017359
940 	 2275 	 0.957768 	 0.000831253	0.00173664
940 	 2280 	 0.95777 	 0.000831608	0.00173738
940 	 2285 	 0.957771 	 0.000831962	0.00173812
940 	 2290 	 0.957773 	 0.000832315	0.00173886
940 	 2295 	 0.957774 	 0.000832668	0.00173959
940 	 2300 	 0.957776 	 0.00083302	0.00174033
940 	 2305 	 0.957777 	 0.000833371	0.00174106
940 	 2310 	 0.957779 	 0.000833721	0.0017418
940 	 2315 	 0.95778 	 0.000834071	0.00174253
940 	 2320 	 0.957782 	 0.000834421	0.00174326
940 	 2325 	 0.957783 	 0.000834769	0.00174398
940 	 2330 	 0.957785 	 0.000835117	0.00174471
940 	 2335 	 0.957786 	 0.000835464	0.00174544
940 	 2340 	 0.957788 	 0.000835811	0.00174616
940 	 2345 	 0.957789 	 0.000836156	0.00174688
940 	 2350 	 0.957791 	 0.000836502	0.0017476
940 	 2355 	 0.957792 	 0.000836846	0.00174832
940 	 2360 	 0.957794 	 0.00083719	0.00174904
940 	 2365 	 0.957795 	 0.000837533	0.00174976
940 	 2370 	 0.957797 	 0.000837876	0.00175047
940 	 2375 	 0.957798 	 0.000838217	0.00175119
940 	 2380 	 0.9578 	 0.000838559	0.0017519
940 	 2385 	 0.957801 	 0.000838899	0.00175261
940 	 2390 	 0.957802 	 0.000839239	0.00175332
940 	 2395 	 0.957804 	 0.000839578	0.00175403
940 	 2400 	 0.957805 	 0.000839917	0.00175474
940 	 2405 	 0.957807 	 0.000840255	0.00175545
940 	 2410 	 0.957808 	 0.000840592	0.00175615
940 	 2415 	 0.957809 	 0.000840929	0.00175685
940 	 2420 	 0.957811 	 0.000841265	0.00175756
940 	 2425 	 0.957812 	 0.0008416	0.00175826
940 	 2430 	 0.957814 	 0.000841935	0.00175896
940 	 2435 	 0.957815 	 0.000842269	0.00175965
940 	 2440 	 0.957816 	 0.000842602	0.00176035
940 	 2445 	 0.957818 	 0.000842935	0.00176104
940 	 2450 	 0.957819 	 0.000843267	0.00176174
940 	 2455 	 0.957821 	 0.000843599	0.00176243
940 	 2460 	 0.957822 	 0.00084393	0.00176312
940 	 2465 	 0.957823 	 0.00084426	0.00176381
940 	 2470 	 0.957825 	 0.00084459	0.0017645
940 	 2475 	 0.957826 	 0.000844919	0.00176519
940 	 2480 	 0.957827 	 0.000845247	0.00176587
940 	 2485 	 0.957829 	 0.000845575	0.00176656
940 	 2490 	 0.95783 	 0.000845902	0.00176724
940 	 2495 	 0.957831 	 0.000846228	0.00176793
940 	 2500 	 0.957833 	 0.000846554	0.00176861
940 	 2505 	 0.957834 	 0.00084688	0.00176929
940 	 2510 	 0.957835 	 0.000847204	0.00176996
940 	 2515 	 0.957837 	 0.000847528	0.00177064
940 	 2520 	 0.957838 	 0.000847852	0.00177132
940 	 2525 	 0.957839 	 0.000848175	0.00177199
940 	 2530 	 0.95784 	 0.000848497	0.00177266
940 	 2535 	 0.957842 	 0.000848818	0.00177334
940 	 2540 	 0.957843 	 0.00084914	0.00177401
940 	 2545 	 0.957844 	 0.00084946	0.00177468
940 	 2550 	 0.957846 	 0.00084978	0.00177534
940 	 2555 	 0.957847 	 0.000850099	0.00177601
940 	 2560 	 0.957848 	 0.000850418	0.00177668
940 	 2565 	 0.957849 	 0.000850736	0.00177734
940 	 2570 	 0.957851 	 0.000851053	0.001778
940 	 2575 	 0.957852 	 0.00085137	0.00177867
940 	 2580 	 0.957853 	 0.000851686	0.00177933
940 	 2585 	 0.957854 	 0.000852002	0.00177999
940 	 2590 	 0.957856 	 0.000852317	0.00178065
940 	 2595 	 0.957857 	 0.000852631	0.0017813
940 	 2600 	 0.957858 	 0.000852945	0.00178196
940 	 2605 	 0.957859 	 0.000853259	0.00178261
940 	 2610 	 0.957861 	 0.000853571	0.00178327
940 	 2615 	 0.957862 	 0.000853883	0.00178392
940 	 2620 	 0.957863 	 0.000854195	0.00178457
940 	 2625 	 0.957864 	 0.000854506	0.00178522
940 	 2630 	 0.957865 	 0.000854816	0.00178587
940 	 2635 	 0.957867 	 0.000855126	0.00178651
940 	 2640 	 0.957868 	 0.000855435	0.00178716
940 	 2645 	 0.957869 	 0.000855744	0.00178781
940 	 2650 	 0.95787 	 0.000856052	0.00178845
940 	 2655 	 0.957871 	 0.00085636	0.00178909
940 	 2660 	 0.957873 	 0.000856667	0.00178973
940 	 2665 	 0.957874 	 0.000856973	0.00179037
940 	 2670 	 0.957875 	 0.000857279	0.00179101
940 	 2675 	 0.957876 	 0.000857584	0.00179165
940 	 2680 	 0.957877 	 0.000857889	0.00179229
940 	 2685 	 0.957879 	 0.000858193	0.00179292
940 	 2690 	 0.95788 	 0.000858497	0.00179356
940 	 2695 	 0.957881 	 0.0008588	0.00179419
940 	 2700 	 0.957882 	 0.000859102	0.00179482
940 	 2705 	 0.957883 	 0.000859404	0.00179545
940 	 2710 	 0.957884 	 0.000859706	0.00179608
940 	 2715 	 0.957885 	 0.000860006	0.00179671
940 	 2720 	 0.957887 	 0.000860307	0.00179734
940 	 2725 	 0.957888 	 0.000860606	0.00179796
940 	 2730 	 0.957889 	 0.000860906	0.00179859
940 	 2735 	 0.95789 	 0.000861204	0.00179921
940 	 2740 	 0.957891 	 0.000861502	0.00179984
940 	 2745 	 0.957892 	 0.0008618	0.00180046
940 	 2750 	 0.957893 	 0.000862097	0.00180108
940 	 2755 	 0.957895 	 0.000862393	0.0018017
940 	 2760 	 0.957896 	 0.000862689	0.00180232
940 	 2765 	 0.957897 	 0.000862985	0.00180293
940 	 2770 	 0.957898 	 0.00086328	0.00180355
940 	 2775 	 0.957899 	 0.000863574	0.00180416
940 	 2780 	 0.9579 	 0.000863868	0.00180478
940 	 2785 	 0.957901 	 0.000864161	0.00180539
940 	 2790 	 0.957902 	 0.000864454	0.001806
940 	 2795 	 0.957903 	 0.000864746	0.00180661
940 	 2800 	 0.957904 	 0.000865038	0.00180722
940 	 2805 	 0.957906 	 0.000865329	0.00180783
940 	 2810 	 0.957907 	 0.00086562	0.00180844
940 	 2815 	 0.957908 	 0.00086591	0.00180904
940 	 2820 	 0.957909 	 0.000866199	0.00180965
940 	 2825 	 0.95791 	 0.000866488	0.00181025
940 	 2830 	 0.957911 	 0.000866777	0.00181085
940 	 2835 	 0.957912 	 0.000867065	0.00181146
940 	 2840 	 0.957913 	 0.000867353	0.00181206
940 	 2845 	 0.957914 	 0.00086764	0.00181266
940 	 2850 	 0.957915 	 0.000867926	0.00181326
940 	 2855 	 0.957916 	 0.000868212	0.00181385
940 	 2860 	 0.957917 	 0.000868497	0.00181445
940 	 2865 	 0.957918 	 0.000868782	0.00181504
940 	 2870 	 0.957919 	 0.000869067	0.00181564
940 	 2875 	 0.95792 	 0.000869351	0.00181623
940 	 2880 	 0.957921 	 0.000869634	0.00181682
940 	 2885 	 0.957923 	 0.000869917	0.00181742
940 	 2890 	 0.957924 	 0.0008702	0.00181801
940 	 2895 	 0.957925 	 0.000870482	0.00181859
940 	 2900 	 0.957926 	 0.000870763	0.00181918
940 	 2905 	 0.957927 	 0.000871044	0.00181977
940 	 2910 	 0.957928 	 0.000871325	0.00182036
940 	 2915 	 0.957929 	 0.000871605	0.00182094
940 	 2920 	 0.95793 	 0.000871884	0.00182152
940 	 2925 	 0.957931 	 0.000872163	0.00182211
940 	 2930 	 0.957932 	 0.000872441	0.00182269
940 	 2935 	 0.957933 	 0.000872719	0.00182327
940 	 2940 	 0.957934 	 0.000872997	0.00182385
940 	 2945 	 0.957935 	 0.000873274	0.00182443
940 	 2950 	 0.957936 	 0.000873551	0.00182501
940 	 2955 	 0.957937 	 0.000873827	0.00182558
940 	 2960 	 0.957938 	 0.000874102	0.00182616
940 	 2965 	 0.957939 	 0.000874377	0.00182673
940 	 2970 	 0.95794 	 0.000874652	0.00182731
940 	 2975 	 0.957941 	 0.000874926	0.00182788
940 	 2980 	 0.957942 	 0.0008752	0.00182845
940 	 2985 	 0.957943 	 0.000875473	0.00182902
940 	 2990 	 0.957944 	 0.000875745	0.00182959
940 	 2995 	 0.957945 	 0.000876018	0.00183016
940 	 3000 	 0.957946 	 0.000876289	0.00183073
940 	 3005 	 0.957947 	 0.000876561	0.00183129
940 	 3010 	 0.957947 	 0.000876831	0.00183186
940 	 3015 	 0.957948 	 0.000877102	0.00183243
940 	 3020 	 0.957949 	 0.000877372	0.00183299
940 	 3025 	 0.95795 	 0.000877641	0.00183355
940 	 3030 	 0.957951 	 0.00087791	0.00183411
940 	 3035 	 0.957952 	 0.000878179	0.00183467
940 	 3040 	 0.957953 	 0.000878447	0.00183523
940 	 3045 	 0.957954 	 0.000878714	0.00183579
940 	 3050 	 0.957955 	 0.000878981	0.00183635
940 	 3055 	 0.957956 	 0.000879248	0.00183691
940 	 3060 	 0.957957 	 0.000879514	0.00183746
940 	 3065 	 0.957958 	 0.00087978	0.00183802
940 	 3070 	 0.957959 	 0.000880045	0.00183857
940 	 3075 	 0.95796 	 0.00088031	0.00183913
940 	 3080 	 0.957961 	 0.000880574	0.00183968
940 	 3085 	 0.957962 	 0.000880838	0.00184023
940 	 3090 	 0.957963 	 0.000881101	0.00184078
940 	 3095 	 0.957963 	 0.000881364	0.00184133
940 	 3100 	 0.957964 	 0.000881627	0.00184188
940 	 3105 	 0.957965 	 0.000881889	0.00184243
940 	 3110 	 0.957966 	 0.000882151	0.00184297
940 	 3115 	 0.957967 	 0.000882412	0.00184352
940 	 3120 	 0.957968 	 0.000882673	0.00184406
940 	 3125 	 0.957969 	 0.000882933	0.00184461
940 	 3130 	 0.95797 	 0.000883193	0.00184515
940 	 3135 	 0.957971 	 0.000883452	0.00184569
940 	 3140 	 0.957972 	 0.000883711	0.00184623
940 	 3145 	 0.957973 	 0.00088397	0.00184677
940 	 3150 	 0.957973 	 0.000884228	0.00184731
940 	 3155 	 0.957974 	 0.000884486	0.00184785
940 	 3160 	 0.957975 	 0.000884743	0.00184839
940 	 3165 	 0.957976 	 0.000885	0.00184893
940 	 3170 	 0.957977 	 0.000885256	0.00184946
940 	 3175 	 0.957978 	 0.000885512	0.00185
940 	 3180 	 0.957979 	 0.000885768	0.00185053
940 	 3185 	 0.95798 	 0.000886023	0.00185106
940 	 3190 	 0.957981 	 0.000886277	0.00185159
940 	 3195 	 0.957981 	 0.000886531	0.00185213
940 	 3200 	 0.957982 	 0.000886785	0.00185266
940 	 3205 	 0.957983 	 0.000887039	0.00185319
940 	 3210 	 0.957984 	 0.000887292	0.00185371
940 	 3215 	 0.957985 	 0.000887544	0.00185424
940 	 3220 	 0.957986 	 0.000887796	0.00185477
940 	 3225 	 0.957987 	 0.000888048	0.00185529
940 	 3230 	 0.957987 	 0.000888299	0.00185582
940 	 3235 	 0.957988 	 0.00088855	0.00185634
940 	 3240 	 0.957989 	 0.000888801	0.00185687
940 	 3245 	 0.95799 	 0.000889051	0.00185739
940 	 3250 	 0.957991 	 0.0008893	0.00185791
940 	 3255 	 0.957992 	 0.000889549	0.00185843
940 	 3260 	 0.957993 	 0.000889798	0.00185895
940 	 3265 	 0.957993 	 0.000890047	0.00185947
940 	 3270 	 0.957994 	 0.000890295	0.00185999
940 	 3275 	 0.957995 	 0.000890542	0.0018605
940 	 3280 	 0.957996 	 0.000890789	0.00186102
940 	 3285 	 0.957997 	 0.000891036	0.00186154
940 	 3290 	 0.957998 	 0.000891282	0.00186205
940 	 3295 	 0.957998 	 0.000891528	0.00186257
940 	 3300 	 0.957999 	 0.000891774	0.00186308
940 	 3305 	 0.958 	 0.000892019	0.00186359
940 	 3310 	 0.958001 	 0.000892264	0.0018641
940 	 3315 	 0.958002 	 0.000892508	0.00186461
940 	 3320 	 0.958002 	 0.000892752	0.00186512
940 	 3325 	 0.958003 	 0.000892995	0.00186563
940 	 3330 	 0.958004 	 0.000893239	0.00186614
940 	 3335 	 0.958005 	 0.000893481	0.00186665
940 	 3340 	 0.958006 	 0.000893724	0.00186715
940 	 3345 	 0.958007 	 0.000893966	0.00186766
940 	 3350 	 0.958007 	 0.000894207	0.00186816
940 	 3355 	 0.958008 	 0.000894448	0.00186867
940 	 3360 	 0.958009 	 0.000894689	0.00186917
940 	 3365 	 0.95801 	 0.000894929	0.00186967
940 	 3370 	 0.958011 	 0.000895169	0.00187017
940 	 3375 	 0.958011 	 0.000895409	0.00187067
940 	 3380 	 0.958012 	 0.000895648	0.00187117
940 	 3385 	 0.958013 	 0.000895887	0.00187167
940 	 3390 	 0.958014 	 0.000896125	0.00187217
940 	 3395 	 0.958015 	 0.000896363	0.00187267
940 	 3400 	 0.958015 	 0.000896601	0.00187316
940 	 3405 	 0.958016 	 0.000896838	0.00187366
940 	 3410 	 0.958017 	 0.000897075	0.00187415
940 	 3415 	 0.958018 	 0.000897312	0.00187465
940 	 3420 	 0.958018 	 0.000897548	0.00187514
940 	 3425 	 0.958019 	 0.000897784	0.00187563
940 	 3430 	 0.95802 	 0.000898019	0.00187613
940 	 3435 	 0.958021 	 0.000898254	0.00187662
940 	 3440 	 0.958022 	 0.000898489	0.00187711
940 	 3445 	 0.958022 	 0.000898723	0.0018776
940 	 3450 	 0.958023 	 0.000898957	0.00187808
940 	 3455 	 0.958024 	 0.00089919	0.00187857
940 	 3460 	 0.958025 	 0.000899423	0.00187906
940 	 3465 	 0.958025 	 0.000899656	0.00187955
940 	 3470 	 0.958026 	 0.000899888	0.00188003
940 	 3475 	 0.958027 	 0.00090012	0.00188052
940 	 3480 	 0.958028 	 0.000900352	0.001881
940 	 3485 	 0.958028 	 0.000900583	0.00188148
940 	 3490 	 0.958029 	 0.000900814	0.00188196
940 	 3495 	 0.95803 	 0.000901045	0.00188245
940 	 3500 	 0.958031 	 0.000901275	0.00188293
940 	 3505 	 0.958031 	 0.000901505	0.00188341
940 	 3510 	 0.958032 	 0.000901734	0.00188389
940 	 3515 	 0.958033 	 0.000901963	0.00188437
940 	 3520 	 0.958034 	 0.000902192	0.00188484
940 	 3525 	 0.958034 	 0.00090242	0.00188532
940 	 3530 	 0.958035 	 0.000902648	0.0018858
940 	 3535 	 0.958036 	 0.000902876	0.00188627
940 	 3540 	 0.958037 	 0.000903103	0.00188675
940 	 3545 	 0.958037 	 0.00090333	0.00188722
940 	 3550 	 0.958038 	 0.000903557	0.00188769
940 	 3555 	 0.958039 	 0.000903783	0.00188817
940 	 3560 	 0.958039 	 0.000904009	0.00188864
940 	 3565 	 0.95804 	 0.000904234	0.00188911
940 	 3570 	 0.958041 	 0.00090446	0.00188958
940 	 3575 	 0.958042 	 0.000904684	0.00189005
940 	 3580 	 0.958042 	 0.000904909	0.00189052
940 	 3585 	 0.958043 	 0.000905133	0.00189099
940 	 3590 	 0.958044 	 0.000905357	0.00189146
940 	 3595 	 0.958045 	 0.00090558	0.00189192
940 	 3600 	 0.958045 	 0.000905803	0.00189239
940 	 3605 	 0.958046 	 0.000906026	0.00189285
940 	 3610 	 0.958047 	 0.000906248	0.00189332
940 	 3615 	 0.958047 	 0.00090647	0.00189378
940 	 3620 	 0.958048 	 0.000906692	0.00189424
940 	 3625 	 0.958049 	 0.000906913	0.00189471
940 	 3630 	 0.958049 	 0.000907134	0.00189517
940 	 3635 	 0.95805 	 0.000907355	0.00189563
940 	 3640 	 0.958051 	 0.000907575	0.00189609
940 	 3645 	 0.958052 	 0.000907795	0.00189655
940 	 3650 	 0.958052 	 0.000908015	0.00189701
940 	 3655 	 0.958053 	 0.000908234	0.00189747
940 	 3660 	 0.958054 	 0.000908453	0.00189792
940 	 3665 	 0.958054 	 0.000908672	0.00189838
940 	 3670 	 0.958055 	 0.00090889	0.00189884
940 	 3675 	 0.958056 	 0.000909108	0.00189929
940 	 3680 	 0.958056 	 0.000909326	0.00189975
940 	 3685 	 0.958057 	 0.000909543	0.0019002
940 	 3690 	 0.958058 	 0.00090976	0.00190065
940 	 3695 	 0.958058 	 0.000909976	0.00190111
940 	 3700 	 0.958059 	 0.000910193	0.00190156
940 	 3705 	 0.95806 	 0.000910409	0.00190201
940 	 3710 	 0.958061 	 0.000910624	0.00190246
940 	 3715 	 0.958061 	 0.00091084	0.00190291
940 	 3720 	 0.958062 	 0.000911055	0.00190336
940 	 3725 	 0.958063 	 0.000911269	0.00190381
940 	 3730 	 0.958063 	 0.000911484	0.00190426
940 	 3735 	 0.958064 	 0.000911698	0.0019047
940 	 3740 	 0.958065 	 0.000911911	0.00190515
940 	 3745 	 0.958065 	 0.000912125	0.00190559
940 	 3750 	 0.958066 	 0.000912338	0.00190604
940 	 3755 	 0.958067 	 0.00091255	0.00190648
940 	 3760 	 0.958067 	 0.000912763	0.00190693
940 	 3765 	 0.958068 	 0.000912975	0.00190737
940 	 3770 	 0.958069 	 0.000913187	0.00190781
940 	 3775 	 0.958069 	 0.000913398	0.00190826
940 	 3780 	 0.95807 	 0.000913609	0.0019087
940 	 3785 	 0.958071 	 0.00091382	0.00190914
940 	 3790 	 0.958071 	 0.00091403	0.00190958
940 	 3795 	 0.958072 	 0.000914241	0.00191002
940 	 3800 	 0.958072 	 0.00091445	0.00191045
940 	 3805 	 0.958073 	 0.00091466	0.00191089
940 	 3810 	 0.958074 	 0.000914869	0.00191133
940 	 3815 	 0.958074 	 0.000915078	0.00191176
940 	 3820 	 0.958075 	 0.000915287	0.0019122
940 	 3825 	 0.958076 	 0.000915495	0.00191264
940 	 3830 	 0.958076 	 0.000915703	0.00191307
940 	 3835 	 0.958077 	 0.000915911	0.0019135
940 	 3840 	 0.958078 	 0.000916118	0.00191394
940 	 3845 	 0.958078 	 0.000916325	0.00191437
940 	 3850 	 0.958079 	 0.000916532	0.0019148
940 	 3855 	 0.95808 	 0.000916738	0.00191523
940 	 3860 	 0.95808 	 0.000916944	0.00191566
940 	 3865 	 0.958081 	 0.00091715	0.00191609
940 	 3870 	 0.958081 	 0.000917356	0.00191652
940 	 3875 	 0.958082 	 0.000917561	0.00191695
940 	 3880 	 0.958083 	 0.000917766	0.00191738
940 	 3885 	 0.958083 	 0.00091797	0.00191781
940 	 3890 	 0.958084 	 0.000918175	0.00191823
940 	 3895 	 0.958085 	 0.000918379	0.00191866
940 	 3900 	 0.958085 	 0.000918583	0.00191909
940 	 3905 	 0.958086 	 0.000918786	0.00191951
940 	 3910 	 0.958086 	 0.000918989	0.00191994
940 	 3915 	 0.958087 	 0.000919192	0.00192036
940 	 3920 	 0.958088 	 0.000919394	0.00192078
940 	 3925 	 0.958088 	 0.000919597	0.0019212
940 	 3930 	 0.958089 	 0.000919798	0.00192163
940 	 3935 	 0.95809 	 0.00092	0.00192205
940 	 3940 	 0.95809 	 0.000920201	0.00192247
940 	 3945 	 0.958091 	 0.000920402	0.00192289
940 	 3950 	 0.958091 	 0.000920603	0.00192331
940 	 3955 	 0.958092 	 0.000920804	0.00192373
940 	 3960 	 0.958093 	 0.000921004	0.00192414
940 	 3965 	 0.958093 	 0.000921204	0.00192456
940 	 3970 	 0.958094 	 0.000921403	0.00192498
940 	 3975 	 0.958094 	 0.000921603	0.0019254
940 	 3980 	 0.958095 	 0.000921802	0.00192581
940 	 3985 	 0.958096 	 0.000922	0.00192623
940 	 3990 	 0.958096 	 0.000922199	0.00192664
940 	 3995 	 0.958097 	 0.000922397	0.00192706
940 	 4000 	 0.958097 	 0.000922595	0.00192747
940 	 4005 	 0.958098 	 0.000922792	0.00192788
940 	 4010 	 0.958099 	 0.00092299	0.00192829
940 	 4015 	 0.958099 	 0.000923187	0.0019287
940 	 4020 	 0.9581 	 0.000923383	0.00192912
940 	 4025 	 0.9581 	 0.00092358	0.00192953
940 	 4030 	 0.958101 	 0.000923776	0.00192994
940 	 4035 	 0.958102 	 0.000923972	0.00193035
940 	 4040 	 0.958102 	 0.000924167	0.00193075
940 	 4045 	 0.958103 	 0.000924363	0.00193116
940 	 4050 	 0.958103 	 0.000924558	0.00193157
940 	 4055 	 0.958104 	 0.000924752	0.00193198
940 	 4060 	 0.958104 	 0.000924947	0.00193238
940 	 4065 	 0.958105 	 0.000925141	0.00193279
940 	 4070 	 0.958106 	 0.000925335	0.00193319
940 	 4075 	 0.958106 	 0.000925529	0.0019336
940 	 4080 	 0.958107 	 0.000925722	0.001934
940 	 4085 	 0.958107 	 0.000925915	0.00193441
940 	 4090 	 0.958108 	 0.000926108	0.00193481
940 	 4095 	 0.958109 	 0.0009263	0.00193521
940 	 4100 	 0.958109 	 0.000926493	0.00193561
940 	 4105 	 0.95811 	 0.000926685	0.00193601
940 	 4110 	 0.95811 	 0.000926876	0.00193641
940 	 4115 	 0.958111 	 0.000927068	0.00193681
940 	 4120 	 0.958111 	 0.000927259	0.00193721
940 	 4125 	 0.958112 	 0.00092745	0.00193761
940 	 4130 	 0.958113 	 0.000927641	0.00193801
940 	 4135 	 0.958113 	 0.000927831	0.00193841
940 	 4140 	 0.958114 	 0.000928021	0.0019388
940 	 4145 	 0.958114 	 0.000928211	0.0019392
940 	 4150 	 0.958115 	 0.0009284	0.0019396
940 	 4155 	 0.958115 	 0.00092859	0.00193999
940 	 4160 	 0.958116 	 0.000928779	0.00194039
940 	 4165 	 0.958116 	 0.000928967	0.00194078
940 	 4170 	 0.958117 	 0.000929156	0.00194118
940 	 4175 	 0.958118 	 0.000929344	0.00194157
940 	 4180 	 0.958118 	 0.000929532	0.00194196
940 	 4185 	 0.958119 	 0.00092972	0.00194235
940 	 4190 	 0.958119 	 0.000929907	0.00194275
940 	 4195 	 0.95812 	 0.000930095	0.00194314
940 	 4200 	 0.95812 	 0.000930281	0.00194353
940 	 4205 	 0.958121 	 0.000930468	0.00194392
940 	 4210 	 0.958121 	 0.000930655	0.00194431
940 	 4215 	 0.958122 	 0.000930841	0.0019447
940 	 4220 	 0.958123 	 0.000931027	0.00194508
940 	 4225 	 0.958123 	 0.000931212	0.00194547
940 	 4230 	 0.958124 	 0.000931398	0.00194586
940 	 4235 	 0.958124 	 0.000931583	0.00194625
940 	 4240 	 0.958125 	 0.000931768	0.00194663
940 	 4245 	 0.958125 	 0.000931952	0.00194702
940 	 4250 	 0.958126 	 0.000932136	0.0019474
940 	 4255 	 0.958126 	 0.000932321	0.00194779
940 	 4260 	 0.958127 	 0.000932504	0.00194817
940 	 4265 	 0.958127 	 0.000932688	0.00194856
940 	 4270 	 0.958128 	 0.000932871	0.00194894
940 	 4275 	 0.958128 	 0.000933054	0.00194932
940 	 4280 	 0.958129 	 0.000933237	0.0019497
940 	 4285 	 0.95813 	 0.00093342	0.00195008
940 	 4290 	 0.95813 	 0.000933602	0.00195046
940 	 4295 	 0.958131 	 0.000933784	0.00195085
940 	 4300 	 0.958131 	 0.000933966	0.00195123
940 	 4305 	 0.958132 	 0.000934148	0.0019516
940 	 4310 	 0.958132 	 0.000934329	0.00195198
940 	 4315 	 0.958133 	 0.00093451	0.00195236
940 	 4320 	 0.958133 	 0.000934691	0.00195274
940 	 4325 	 0.958134 	 0.000934871	0.00195312
940 	 4330 	 0.958134 	 0.000935052	0.00195349
940 	 4335 	 0.958135 	 0.000935232	0.00195387
940 	 4340 	 0.958135 	 0.000935412	0.00195425
940 	 4345 	 0.958136 	 0.000935591	0.00195462
940 	 4350 	 0.958136 	 0.000935771	0.001955
940 	 4355 	 0.958137 	 0.00093595	0.00195537
940 	 4360 	 0.958137 	 0.000936129	0.00195574
940 	 4365 	 0.958138 	 0.000936307	0.00195612
940 	 4370 	 0.958138 	 0.000936486	0.00195649
940 	 4375 	 0.958139 	 0.000936664	0.00195686
940 	 4380 	 0.958139 	 0.000936842	0.00195723
940 	 4385 	 0.95814 	 0.000937019	0.0019576
940 	 4390 	 0.95814 	 0.000937197	0.00195797
940 	 4395 	 0.958141 	 0.000937374	0.00195835
940 	 4400 	 0.958141 	 0.000937551	0.00195871
940 	 4405 	 0.958142 	 0.000937728	0.00195908
940 	 4410 	 0.958142 	 0.000937904	0.00195945
940 	 4415 	 0.958143 	 0.00093808	0.00195982
940 	 4420 	 0.958143 	 0.000938256	0.00196019
940 	 4425 	 0.958144 	 0.000938432	0.00196056
940 	 4430 	 0.958144 	 0.000938608	0.00196092
940 	 4435 	 0.958145 	 0.000938783	0.00196129
940 	 4440 	 0.958145 	 0.000938958	0.00196165
940 	 4445 	 0.958146 	 0.000939133	0.00196202
940 	 4450 	 0.958146 	 0.000939307	0.00196238
940 	 4455 	 0.958147 	 0.000939482	0.00196275
940 	 4460 	 0.958147 	 0.000939656	0.00196311
940 	 4465 	 0.958148 	 0.00093983	0.00196348
940 	 4470 	 0.958148 	 0.000940003	0.00196384
940 	 4475 	 0.958149 	 0.000940177	0.0019642
940 	 4480 	 0.958149 	 0.00094035	0.00196456
940 	 4485 	 0.95815 	 0.000940523	0.00196492
940 	 4490 	 0.95815 	 0.000940696	0.00196528
940 	 4495 	 0.958151 	 0.000940868	0.00196565
940 	 4500 	 0.958151 	 0.000941041	0.00196601
940 	 4505 	 0.958152 	 0.000941213	0.00196636
940 	 4510 	 0.958152 	 0.000941384	0.00196672
940 	 4515 	 0.958153 	 0.000941556	0.00196708
940 	 4520 	 0.958153 	 0.000941727	0.00196744
940 	 4525 	 0.958154 	 0.000941899	0.0019678
940 	 4530 	 0.958154 	 0.00094207	0.00196815
940 	 4535 	 0.958155 	 0.00094224	0.00196851
940 	 4540 	 0.958155 	 0.000942411	0.00196887
940 	 4545 	 0.958156 	 0.000942581	0.00196922
940 	 4550 	 0.958156 	 0.000942751	0.00196958
940 	 4555 	 0.958157 	 0.000942921	0.00196993
940 	 4560 	 0.958157 	 0.00094309	0.00197029
940 	 4565 	 0.958158 	 0.00094326	0.00197064
940 	 4570 	 0.958158 	 0.000943429	0.00197099
940 	 4575 	 0.958159 	 0.000943598	0.00197135
940 	 4580 	 0.958159 	 0.000943766	0.0019717
940 	 4585 	 0.95816 	 0.000943935	0.00197205
940 	 4590 	 0.95816 	 0.000944103	0.0019724
940 	 4595 	 0.958161 	 0.000944271	0.00197275
940 	 4600 	 0.958161 	 0.000944439	0.00197311
940 	 4605 	 0.958162 	 0.000944607	0.00197346
940 	 4610 	 0.958162 	 0.000944774	0.0019738
940 	 4615 	 0.958162 	 0.000944941	0.00197415
940 	 4620 	 0.958163 	 0.000945108	0.0019745
940 	 4625 	 0.958163 	 0.000945275	0.00197485
940 	 4630 	 0.958164 	 0.000945441	0.0019752
940 	 4635 	 0.958164 	 0.000945608	0.00197555
940 	 4640 	 0.958165 	 0.000945774	0.00197589
940 	 4645 	 0.958165 	 0.00094594	0.00197624
940 	 4650 	 0.958166 	 0.000946105	0.00197659
940 	 4655 	 0.958166 	 0.000946271	0.00197693
940 	 4660 	 0.958167 	 0.000946436	0.00197728
940 	 4665 	 0.958167 	 0.000946601	0.00197762
940 	 4670 	 0.958168 	 0.000946766	0.00197797
940 	 4675 	 0.958168 	 0.00094693	0.00197831
940 	 4680 	 0.958168 	 0.000947095	0.00197865
940 	 4685 	 0.958169 	 0.000947259	0.001979
940 	 4690 	 0.958169 	 0.000947423	0.00197934
940 	 4695 	 0.95817 	 0.000947586	0.00197968
940 	 4700 	 0.95817 	 0.00094775	0.00198002
940 	 4705 	 0.958171 	 0.000947913	0.00198036
940 	 4710 	 0.958171 	 0.000948076	0.0019807
940 	 4715 	 0.958172 	 0.000948239	0.00198104
940 	 4720 	 0.958172 	 0.000948402	0.00198138
940 	 4725 	 0.958173 	 0.000948564	0.00198172
940 	 4730 	 0.958173 	 0.000948727	0.00198206
940 	 4735 	 0.958173 	 0.000948889	0.0019824
940 	 4740 	 0.958174 	 0.000949051	0.00198274
940 	 4745 	 0.958174 	 0.000949212	0.00198308
940 	 4750 	 0.958175 	 0.000949374	0.00198341
940 	 4755 	 0.958175 	 0.000949535	0.00198375
940 	 4760 	 0.958176 	 0.000949696	0.00198409
940 	 4765 	 0.958176 	 0.000949857	0.00198442
940 	 4770 	 0.958177 	 0.000950018	0.00198476
940 	 4775 	 0.958177 	 0.000950178	0.0019851
940 	 4780 	 0.958177 	 0.000950338	0.00198543
940 	 4785 	 0.958178 	 0.000950498	0.00198576
940 	 4790 	 0.958178 	 0.000950658	0.0019861
940 	 4795 	 0.958179 	 0.000950818	0.00198643
940 	 4800 	 0.958179 	 0.000950977	0.00198676
940 	 4805 	 0.95818 	 0.000951136	0.0019871
940 	 4810 	 0.95818 	 0.000951295	0.00198743
940 	 4815 	 0.958181 	 0.000951454	0.00198776
940 	 4820 	 0.958181 	 0.000951613	0.00198809
940 	 4825 	 0.958181 	 0.000951771	0.00198842
940 	 4830 	 0.958182 	 0.00095193	0.00198875
940 	 4835 	 0.958182 	 0.000952088	0.00198908
940 	 4840 	 0.958183 	 0.000952245	0.00198941
940 	 4845 	 0.958183 	 0.000952403	0.00198974
940 	 4850 	 0.958184 	 0.00095256	0.00199007
940 	 4855 	 0.958184 	 0.000952718	0.0019904
940 	 4860 	 0.958184 	 0.000952875	0.00199073
940 	 4865 	 0.958185 	 0.000953032	0.00199106
940 	 4870 	 0.958185 	 0.000953188	0.00199138
940 	 4875 	 0.958186 	 0.000953345	0.00199171
940 	 4880 	 0.958186 	 0.000953501	0.00199204
940 	 4885 	 0.958187 	 0.000953657	0.00199236
940 	 4890 	 0.958187 	 0.000953813	0.00199269
940 	 4895 	 0.958187 	 0.000953969	0.00199301
940 	 4900 	 0.958188 	 0.000954124	0.00199334
940 	 4905 	 0.958188 	 0.000954279	0.00199366
940 	 4910 	 0.958189 	 0.000954434	0.00199399
940 	 4915 	 0.958189 	 0.000954589	0.00199431
940 	 4920 	 0.95819 	 0.000954744	0.00199463
940 	 4925 	 0.95819 	 0.000954899	0.00199496
940 	 4930 	 0.95819 	 0.000955053	0.00199528
940 	 4935 	 0.958191 	 0.000955207	0.0019956
940 	 4940 	 0.958191 	 0.000955361	0.00199592
940 	 4945 	 0.958192 	 0.000955515	0.00199624
940 	 4950 	 0.958192 	 0.000955668	0.00199657
940 	 4955 	 0.958193 	 0.000955822	0.00199689
940 	 4960 	 0.958193 	 0.000955975	0.00199721
940 	 4965 	 0.958193 	 0.000956128	0.00199753
940 	 4970 	 0.958194 	 0.000956281	0.00199784
940 	 4975 	 0.958194 	 0.000956433	0.00199816
940 	 4980 	 0.958195 	 0.000956586	0.00199848
940 	 4985 	 0.958195 	 0.000956738	0.0019988
940 	 4990 	 0.958195 	 0.00095689	0.00199912
940 	 4995 	 0.958196 	 0.000957042	0.00199944
940 	 5000 	 0.958196 	 0.000957194	0.00199975
