3115 	 5 	 0.876897 	 0.00531994	0.0111143
3115 	 10 	 0.879511 	 0.00429659	0.00897636
3115 	 15 	 0.883178 	 0.00319855	0.00668236
3115 	 20 	 0.888024 	 0.00214442	0.00448009
3115 	 25 	 0.893944 	 0.00128811	0.0026911
3115 	 30 	 0.900521 	 0.00110438	0.00230726
3115 	 35 	 0.912943 	 0.00185846	0.00388266
3115 	 40 	 0.921947 	 0.0010151	0.00212073
3115 	 45 	 0.92907 	 0.000728761	0.00152251
3115 	 50 	 0.93452 	 0.000724203	0.00151299
3115 	 55 	 0.938578 	 0.000718197	0.00150045
3115 	 60 	 0.941558 	 0.000689561	0.00144062
3115 	 65 	 0.943748 	 0.000671255	0.00140237
3115 	 70 	 0.945379 	 0.000669964	0.00139968
3115 	 75 	 0.946618 	 0.000674708	0.00140959
3115 	 80 	 0.947585 	 0.000675596	0.00141144
3115 	 85 	 0.94836 	 0.000669173	0.00139802
3115 	 90 	 0.948999 	 0.00065633	0.00137119
3115 	 95 	 0.949538 	 0.000639605	0.00133625
3115 	 100 	 0.950003 	 0.0006216	0.00129863
3115 	 105 	 0.950411 	 0.000604331	0.00126256
3115 	 110 	 0.950774 	 0.000589094	0.00123073
3115 	 115 	 0.951101 	 0.000576545	0.00120451
3115 	 120 	 0.951398 	 0.000566864	0.00118428
3115 	 125 	 0.95167 	 0.000559918	0.00116977
3115 	 130 	 0.951921 	 0.000555405	0.00116034
3115 	 135 	 0.952153 	 0.000552946	0.00115521
3115 	 140 	 0.952369 	 0.00055216	0.00115356
3115 	 145 	 0.95257 	 0.00055269	0.00115467
3115 	 150 	 0.952758 	 0.000554231	0.00115789
3115 	 155 	 0.952935 	 0.000556527	0.00116269
3115 	 160 	 0.953101 	 0.000559373	0.00116863
3115 	 165 	 0.953258 	 0.000562606	0.00117539
3115 	 170 	 0.953406 	 0.000566101	0.00118269
3115 	 175 	 0.953547 	 0.000569762	0.00119034
3115 	 180 	 0.95368 	 0.000573518	0.00119818
3115 	 185 	 0.953806 	 0.000577314	0.00120611
3115 	 190 	 0.953926 	 0.000581113	0.00121405
3115 	 195 	 0.954041 	 0.000584887	0.00122194
3115 	 200 	 0.95415 	 0.000588616	0.00122973
3115 	 205 	 0.954254 	 0.000592287	0.0012374
3115 	 210 	 0.954354 	 0.000595892	0.00124493
3115 	 215 	 0.95445 	 0.000599426	0.00125231
3115 	 220 	 0.954541 	 0.000602888	0.00125954
3115 	 225 	 0.954629 	 0.000606276	0.00126662
3115 	 230 	 0.954713 	 0.000609592	0.00127355
3115 	 235 	 0.954794 	 0.000612838	0.00128033
3115 	 240 	 0.954872 	 0.000616017	0.00128697
3115 	 245 	 0.954948 	 0.000619131	0.00129348
3115 	 250 	 0.95502 	 0.000622183	0.00129985
3115 	 255 	 0.95509 	 0.000625178	0.00130611
3115 	 260 	 0.955157 	 0.000628117	0.00131225
3115 	 265 	 0.955222 	 0.000631005	0.00131829
3115 	 270 	 0.955285 	 0.000633845	0.00132422
3115 	 275 	 0.955346 	 0.000636639	0.00133006
3115 	 280 	 0.955405 	 0.000639391	0.0013358
3115 	 285 	 0.955462 	 0.000642102	0.00134147
3115 	 290 	 0.955517 	 0.000644777	0.00134706
3115 	 295 	 0.955571 	 0.000647416	0.00135257
3115 	 300 	 0.955623 	 0.000650022	0.00135802
3115 	 305 	 0.955673 	 0.000652598	0.0013634
3115 	 310 	 0.955722 	 0.000655145	0.00136872
3115 	 315 	 0.95577 	 0.000657664	0.00137398
3115 	 320 	 0.955816 	 0.000660158	0.00137919
3115 	 325 	 0.955861 	 0.000662627	0.00138435
3115 	 330 	 0.955905 	 0.000665073	0.00138946
3115 	 335 	 0.955947 	 0.000667498	0.00139453
3115 	 340 	 0.955989 	 0.000669902	0.00139955
3115 	 345 	 0.956029 	 0.000672287	0.00140453
3115 	 350 	 0.956069 	 0.000674653	0.00140947
3115 	 355 	 0.956107 	 0.000677001	0.00141438
3115 	 360 	 0.956145 	 0.000679332	0.00141925
3115 	 365 	 0.956181 	 0.000681647	0.00142409
3115 	 370 	 0.956217 	 0.000683946	0.00142889
3115 	 375 	 0.956252 	 0.00068623	0.00143366
3115 	 380 	 0.956286 	 0.0006885	0.0014384
3115 	 385 	 0.956319 	 0.000690756	0.00144311
3115 	 390 	 0.956351 	 0.000692997	0.0014478
3115 	 395 	 0.956383 	 0.000695226	0.00145245
3115 	 400 	 0.956414 	 0.000697442	0.00145708
3115 	 405 	 0.956445 	 0.000699645	0.00146169
3115 	 410 	 0.956474 	 0.000701836	0.00146626
3115 	 415 	 0.956503 	 0.000704015	0.00147082
3115 	 420 	 0.956532 	 0.000706182	0.00147534
3115 	 425 	 0.95656 	 0.000708338	0.00147985
3115 	 430 	 0.956587 	 0.000710483	0.00148433
3115 	 435 	 0.956614 	 0.000712616	0.00148878
3115 	 440 	 0.95664 	 0.000714738	0.00149322
3115 	 445 	 0.956666 	 0.00071685	0.00149763
3115 	 450 	 0.956691 	 0.000718951	0.00150202
3115 	 455 	 0.956716 	 0.000721042	0.00150639
3115 	 460 	 0.95674 	 0.000723122	0.00151073
3115 	 465 	 0.956764 	 0.000725192	0.00151506
3115 	 470 	 0.956787 	 0.000727252	0.00151936
3115 	 475 	 0.95681 	 0.000729301	0.00152364
3115 	 480 	 0.956833 	 0.000731341	0.0015279
3115 	 485 	 0.956855 	 0.000733371	0.00153214
3115 	 490 	 0.956876 	 0.000735391	0.00153636
3115 	 495 	 0.956898 	 0.000737401	0.00154056
3115 	 500 	 0.956919 	 0.000739401	0.00154474
3115 	 505 	 0.956939 	 0.000741392	0.0015489
3115 	 510 	 0.956959 	 0.000743373	0.00155304
3115 	 515 	 0.956979 	 0.000745345	0.00155716
3115 	 520 	 0.956999 	 0.000747307	0.00156126
3115 	 525 	 0.957018 	 0.00074926	0.00156534
3115 	 530 	 0.957037 	 0.000751203	0.0015694
3115 	 535 	 0.957056 	 0.000753137	0.00157344
3115 	 540 	 0.957074 	 0.000755062	0.00157746
3115 	 545 	 0.957092 	 0.000756977	0.00158146
3115 	 550 	 0.95711 	 0.000758883	0.00158545
3115 	 555 	 0.957127 	 0.00076078	0.00158941
3115 	 560 	 0.957144 	 0.000762668	0.00159335
3115 	 565 	 0.957161 	 0.000764547	0.00159728
3115 	 570 	 0.957178 	 0.000766417	0.00160118
3115 	 575 	 0.957194 	 0.000768278	0.00160507
3115 	 580 	 0.95721 	 0.000770129	0.00160894
3115 	 585 	 0.957226 	 0.000771972	0.00161279
3115 	 590 	 0.957242 	 0.000773806	0.00161662
3115 	 595 	 0.957257 	 0.000775631	0.00162043
3115 	 600 	 0.957273 	 0.000777447	0.00162423
3115 	 605 	 0.957288 	 0.000779255	0.001628
3115 	 610 	 0.957302 	 0.000781053	0.00163176
3115 	 615 	 0.957317 	 0.000782843	0.0016355
3115 	 620 	 0.957331 	 0.000784624	0.00163922
3115 	 625 	 0.957346 	 0.000786397	0.00164293
3115 	 630 	 0.95736 	 0.000788161	0.00164661
3115 	 635 	 0.957373 	 0.000789916	0.00165028
3115 	 640 	 0.957387 	 0.000791663	0.00165393
3115 	 645 	 0.9574 	 0.000793401	0.00165756
3115 	 650 	 0.957414 	 0.000795131	0.00166117
3115 	 655 	 0.957427 	 0.000796853	0.00166477
3115 	 660 	 0.95744 	 0.000798566	0.00166835
3115 	 665 	 0.957452 	 0.000800271	0.00167191
3115 	 670 	 0.957465 	 0.000801967	0.00167546
3115 	 675 	 0.957477 	 0.000803655	0.00167898
3115 	 680 	 0.95749 	 0.000805335	0.00168249
3115 	 685 	 0.957502 	 0.000807007	0.00168598
3115 	 690 	 0.957514 	 0.000808671	0.00168946
3115 	 695 	 0.957525 	 0.000810326	0.00169292
3115 	 700 	 0.957537 	 0.000811974	0.00169636
3115 	 705 	 0.957549 	 0.000813613	0.00169979
3115 	 710 	 0.95756 	 0.000815245	0.0017032
3115 	 715 	 0.957571 	 0.000816869	0.00170659
3115 	 720 	 0.957582 	 0.000818484	0.00170996
3115 	 725 	 0.957593 	 0.000820092	0.00171332
3115 	 730 	 0.957604 	 0.000821692	0.00171666
3115 	 735 	 0.957615 	 0.000823285	0.00171999
3115 	 740 	 0.957625 	 0.000824869	0.0017233
3115 	 745 	 0.957636 	 0.000826446	0.0017266
3115 	 750 	 0.957646 	 0.000828015	0.00172987
3115 	 755 	 0.957656 	 0.000829577	0.00173314
3115 	 760 	 0.957666 	 0.000831131	0.00173638
3115 	 765 	 0.957676 	 0.000832678	0.00173962
3115 	 770 	 0.957686 	 0.000834217	0.00174283
3115 	 775 	 0.957696 	 0.000835749	0.00174603
3115 	 780 	 0.957706 	 0.000837273	0.00174922
3115 	 785 	 0.957715 	 0.00083879	0.00175239
3115 	 790 	 0.957725 	 0.0008403	0.00175554
3115 	 795 	 0.957734 	 0.000841802	0.00175868
3115 	 800 	 0.957743 	 0.000843298	0.0017618
3115 	 805 	 0.957752 	 0.000844786	0.00176491
3115 	 810 	 0.957761 	 0.000846267	0.00176801
3115 	 815 	 0.95777 	 0.000847741	0.00177109
3115 	 820 	 0.957779 	 0.000849208	0.00177415
3115 	 825 	 0.957788 	 0.000850668	0.0017772
3115 	 830 	 0.957797 	 0.000852121	0.00178024
3115 	 835 	 0.957805 	 0.000853567	0.00178326
3115 	 840 	 0.957814 	 0.000855006	0.00178626
3115 	 845 	 0.957822 	 0.000856438	0.00178926
3115 	 850 	 0.95783 	 0.000857864	0.00179223
3115 	 855 	 0.957839 	 0.000859283	0.0017952
3115 	 860 	 0.957847 	 0.000860695	0.00179815
3115 	 865 	 0.957855 	 0.0008621	0.00180108
3115 	 870 	 0.957863 	 0.000863499	0.00180401
3115 	 875 	 0.957871 	 0.000864891	0.00180692
3115 	 880 	 0.957879 	 0.000866277	0.00180981
3115 	 885 	 0.957886 	 0.000867657	0.00181269
3115 	 890 	 0.957894 	 0.000869029	0.00181556
3115 	 895 	 0.957902 	 0.000870396	0.00181842
3115 	 900 	 0.957909 	 0.000871756	0.00182126
3115 	 905 	 0.957917 	 0.00087311	0.00182408
3115 	 910 	 0.957924 	 0.000874457	0.0018269
3115 	 915 	 0.957931 	 0.000875798	0.0018297
3115 	 920 	 0.957939 	 0.000877133	0.00183249
3115 	 925 	 0.957946 	 0.000878462	0.00183527
3115 	 930 	 0.957953 	 0.000879785	0.00183803
3115 	 935 	 0.95796 	 0.000881101	0.00184078
3115 	 940 	 0.957967 	 0.000882412	0.00184352
3115 	 945 	 0.957974 	 0.000883716	0.00184624
3115 	 950 	 0.957981 	 0.000885015	0.00184896
3115 	 955 	 0.957988 	 0.000886308	0.00185166
3115 	 960 	 0.957995 	 0.000887594	0.00185435
3115 	 965 	 0.958001 	 0.000888875	0.00185702
3115 	 970 	 0.958008 	 0.00089015	0.00185969
3115 	 975 	 0.958014 	 0.00089142	0.00186234
3115 	 980 	 0.958021 	 0.000892683	0.00186498
3115 	 985 	 0.958027 	 0.000893941	0.00186761
3115 	 990 	 0.958034 	 0.000895193	0.00187022
3115 	 995 	 0.95804 	 0.00089644	0.00187283
3115 	 1000 	 0.958046 	 0.000897681	0.00187542
3115 	 1005 	 0.958053 	 0.000898916	0.001878
3115 	 1010 	 0.958059 	 0.000900146	0.00188057
3115 	 1015 	 0.958065 	 0.00090137	0.00188313
3115 	 1020 	 0.958071 	 0.000902589	0.00188567
3115 	 1025 	 0.958077 	 0.000903803	0.00188821
3115 	 1030 	 0.958083 	 0.000905011	0.00189073
3115 	 1035 	 0.958089 	 0.000906213	0.00189325
3115 	 1040 	 0.958095 	 0.000907411	0.00189575
3115 	 1045 	 0.958101 	 0.000908603	0.00189824
3115 	 1050 	 0.958107 	 0.00090979	0.00190072
3115 	 1055 	 0.958112 	 0.000910972	0.00190319
3115 	 1060 	 0.958118 	 0.000912148	0.00190564
3115 	 1065 	 0.958124 	 0.00091332	0.00190809
3115 	 1070 	 0.958129 	 0.000914486	0.00191053
3115 	 1075 	 0.958135 	 0.000915647	0.00191295
3115 	 1080 	 0.95814 	 0.000916803	0.00191537
3115 	 1085 	 0.958146 	 0.000917955	0.00191777
3115 	 1090 	 0.958151 	 0.000919101	0.00192017
3115 	 1095 	 0.958157 	 0.000920242	0.00192255
3115 	 1100 	 0.958162 	 0.000921378	0.00192493
3115 	 1105 	 0.958167 	 0.00092251	0.00192729
3115 	 1110 	 0.958172 	 0.000923637	0.00192965
3115 	 1115 	 0.958178 	 0.000924758	0.00193199
3115 	 1120 	 0.958183 	 0.000925875	0.00193432
3115 	 1125 	 0.958188 	 0.000926988	0.00193665
3115 	 1130 	 0.958193 	 0.000928095	0.00193896
3115 	 1135 	 0.958198 	 0.000929198	0.00194126
3115 	 1140 	 0.958203 	 0.000930296	0.00194356
3115 	 1145 	 0.958208 	 0.00093139	0.00194584
3115 	 1150 	 0.958213 	 0.000932479	0.00194812
3115 	 1155 	 0.958218 	 0.000933563	0.00195038
3115 	 1160 	 0.958223 	 0.000934643	0.00195264
3115 	 1165 	 0.958228 	 0.000935718	0.00195489
3115 	 1170 	 0.958233 	 0.000936789	0.00195712
3115 	 1175 	 0.958237 	 0.000937855	0.00195935
3115 	 1180 	 0.958242 	 0.000938917	0.00196157
3115 	 1185 	 0.958247 	 0.000939975	0.00196378
3115 	 1190 	 0.958252 	 0.000941028	0.00196598
3115 	 1195 	 0.958256 	 0.000942077	0.00196817
3115 	 1200 	 0.958261 	 0.000943121	0.00197035
3115 	 1205 	 0.958265 	 0.000944161	0.00197253
3115 	 1210 	 0.95827 	 0.000945197	0.00197469
3115 	 1215 	 0.958274 	 0.000946229	0.00197684
3115 	 1220 	 0.958279 	 0.000947256	0.00197899
3115 	 1225 	 0.958283 	 0.00094828	0.00198113
3115 	 1230 	 0.958288 	 0.000949299	0.00198326
3115 	 1235 	 0.958292 	 0.000950314	0.00198538
3115 	 1240 	 0.958296 	 0.000951325	0.00198749
3115 	 1245 	 0.958301 	 0.000952332	0.00198959
3115 	 1250 	 0.958305 	 0.000953334	0.00199169
3115 	 1255 	 0.958309 	 0.000954333	0.00199378
3115 	 1260 	 0.958314 	 0.000955328	0.00199585
3115 	 1265 	 0.958318 	 0.000956319	0.00199792
3115 	 1270 	 0.958322 	 0.000957305	0.00199999
3115 	 1275 	 0.958326 	 0.000958288	0.00200204
3115 	 1280 	 0.95833 	 0.000959267	0.00200408
3115 	 1285 	 0.958334 	 0.000960242	0.00200612
3115 	 1290 	 0.958338 	 0.000961214	0.00200815
3115 	 1295 	 0.958342 	 0.000962181	0.00201017
3115 	 1300 	 0.958346 	 0.000963145	0.00201218
3115 	 1305 	 0.95835 	 0.000964105	0.00201419
3115 	 1310 	 0.958354 	 0.000965061	0.00201619
3115 	 1315 	 0.958358 	 0.000966013	0.00201818
3115 	 1320 	 0.958362 	 0.000966962	0.00202016
3115 	 1325 	 0.958366 	 0.000967907	0.00202213
3115 	 1330 	 0.95837 	 0.000968848	0.0020241
3115 	 1335 	 0.958374 	 0.000969785	0.00202606
3115 	 1340 	 0.958378 	 0.000970719	0.00202801
3115 	 1345 	 0.958381 	 0.00097165	0.00202995
3115 	 1350 	 0.958385 	 0.000972577	0.00203189
3115 	 1355 	 0.958389 	 0.0009735	0.00203382
3115 	 1360 	 0.958393 	 0.00097442	0.00203574
3115 	 1365 	 0.958396 	 0.000975336	0.00203765
3115 	 1370 	 0.9584 	 0.000976249	0.00203956
3115 	 1375 	 0.958404 	 0.000977158	0.00204146
3115 	 1380 	 0.958407 	 0.000978064	0.00204335
3115 	 1385 	 0.958411 	 0.000978966	0.00204524
3115 	 1390 	 0.958415 	 0.000979865	0.00204712
3115 	 1395 	 0.958418 	 0.00098076	0.00204899
3115 	 1400 	 0.958422 	 0.000981653	0.00205085
3115 	 1405 	 0.958425 	 0.000982541	0.00205271
3115 	 1410 	 0.958429 	 0.000983427	0.00205456
3115 	 1415 	 0.958432 	 0.000984309	0.0020564
3115 	 1420 	 0.958436 	 0.000985188	0.00205824
3115 	 1425 	 0.958439 	 0.000986064	0.00206007
3115 	 1430 	 0.958442 	 0.000986936	0.00206189
3115 	 1435 	 0.958446 	 0.000987805	0.00206371
3115 	 1440 	 0.958449 	 0.000988671	0.00206551
3115 	 1445 	 0.958453 	 0.000989534	0.00206732
3115 	 1450 	 0.958456 	 0.000990394	0.00206911
3115 	 1455 	 0.958459 	 0.00099125	0.0020709
3115 	 1460 	 0.958462 	 0.000992103	0.00207268
3115 	 1465 	 0.958466 	 0.000992954	0.00207446
3115 	 1470 	 0.958469 	 0.000993801	0.00207623
3115 	 1475 	 0.958472 	 0.000994645	0.00207799
3115 	 1480 	 0.958475 	 0.000995486	0.00207975
3115 	 1485 	 0.958479 	 0.000996323	0.0020815
3115 	 1490 	 0.958482 	 0.000997158	0.00208325
3115 	 1495 	 0.958485 	 0.00099799	0.00208498
3115 	 1500 	 0.958488 	 0.000998819	0.00208671
3115 	 1505 	 0.958491 	 0.000999645	0.00208844
3115 	 1510 	 0.958494 	 0.00100047	0.00209016
3115 	 1515 	 0.958497 	 0.00100129	0.00209187
3115 	 1520 	 0.958501 	 0.0010021	0.00209358
3115 	 1525 	 0.958504 	 0.00100292	0.00209528
3115 	 1530 	 0.958507 	 0.00100373	0.00209698
3115 	 1535 	 0.95851 	 0.00100454	0.00209866
3115 	 1540 	 0.958513 	 0.00100534	0.00210035
3115 	 1545 	 0.958516 	 0.00100615	0.00210202
3115 	 1550 	 0.958519 	 0.00100695	0.0021037
3115 	 1555 	 0.958522 	 0.00100774	0.00210536
3115 	 1560 	 0.958525 	 0.00100854	0.00210702
3115 	 1565 	 0.958528 	 0.00100933	0.00210867
3115 	 1570 	 0.95853 	 0.00101012	0.00211032
3115 	 1575 	 0.958533 	 0.0010109	0.00211196
3115 	 1580 	 0.958536 	 0.00101169	0.0021136
3115 	 1585 	 0.958539 	 0.00101247	0.00211523
3115 	 1590 	 0.958542 	 0.00101325	0.00211686
3115 	 1595 	 0.958545 	 0.00101402	0.00211847
3115 	 1600 	 0.958548 	 0.00101479	0.00212009
3115 	 1605 	 0.95855 	 0.00101556	0.0021217
3115 	 1610 	 0.958553 	 0.00101633	0.0021233
3115 	 1615 	 0.958556 	 0.0010171	0.0021249
3115 	 1620 	 0.958559 	 0.00101786	0.00212649
3115 	 1625 	 0.958561 	 0.00101862	0.00212808
3115 	 1630 	 0.958564 	 0.00101937	0.00212966
3115 	 1635 	 0.958567 	 0.00102013	0.00213123
3115 	 1640 	 0.95857 	 0.00102088	0.0021328
3115 	 1645 	 0.958572 	 0.00102163	0.00213437
3115 	 1650 	 0.958575 	 0.00102237	0.00213593
3115 	 1655 	 0.958578 	 0.00102312	0.00213748
3115 	 1660 	 0.95858 	 0.00102386	0.00213903
3115 	 1665 	 0.958583 	 0.0010246	0.00214058
3115 	 1670 	 0.958586 	 0.00102534	0.00214211
3115 	 1675 	 0.958588 	 0.00102607	0.00214365
3115 	 1680 	 0.958591 	 0.0010268	0.00214518
3115 	 1685 	 0.958593 	 0.00102753	0.0021467
3115 	 1690 	 0.958596 	 0.00102826	0.00214822
3115 	 1695 	 0.958598 	 0.00102898	0.00214973
3115 	 1700 	 0.958601 	 0.0010297	0.00215124
3115 	 1705 	 0.958604 	 0.00103042	0.00215274
3115 	 1710 	 0.958606 	 0.00103114	0.00215424
3115 	 1715 	 0.958609 	 0.00103186	0.00215574
3115 	 1720 	 0.958611 	 0.00103257	0.00215723
3115 	 1725 	 0.958613 	 0.00103328	0.00215871
3115 	 1730 	 0.958616 	 0.00103399	0.00216019
3115 	 1735 	 0.958618 	 0.00103469	0.00216166
3115 	 1740 	 0.958621 	 0.0010354	0.00216313
3115 	 1745 	 0.958623 	 0.0010361	0.0021646
3115 	 1750 	 0.958626 	 0.0010368	0.00216606
3115 	 1755 	 0.958628 	 0.00103749	0.00216751
3115 	 1760 	 0.958631 	 0.00103819	0.00216896
3115 	 1765 	 0.958633 	 0.00103888	0.00217041
3115 	 1770 	 0.958635 	 0.00103957	0.00217185
3115 	 1775 	 0.958638 	 0.00104026	0.00217329
3115 	 1780 	 0.95864 	 0.00104094	0.00217472
3115 	 1785 	 0.958642 	 0.00104163	0.00217615
3115 	 1790 	 0.958645 	 0.00104231	0.00217757
3115 	 1795 	 0.958647 	 0.00104299	0.00217899
3115 	 1800 	 0.958649 	 0.00104366	0.0021804
3115 	 1805 	 0.958652 	 0.00104434	0.00218181
3115 	 1810 	 0.958654 	 0.00104501	0.00218322
3115 	 1815 	 0.958656 	 0.00104568	0.00218462
3115 	 1820 	 0.958658 	 0.00104635	0.00218601
3115 	 1825 	 0.958661 	 0.00104702	0.00218741
3115 	 1830 	 0.958663 	 0.00104768	0.00218879
3115 	 1835 	 0.958665 	 0.00104834	0.00219018
3115 	 1840 	 0.958667 	 0.001049	0.00219156
3115 	 1845 	 0.95867 	 0.00104966	0.00219293
3115 	 1850 	 0.958672 	 0.00105032	0.0021943
3115 	 1855 	 0.958674 	 0.00105097	0.00219567
3115 	 1860 	 0.958676 	 0.00105162	0.00219703
3115 	 1865 	 0.958678 	 0.00105227	0.00219839
3115 	 1870 	 0.958681 	 0.00105292	0.00219974
3115 	 1875 	 0.958683 	 0.00105357	0.00220109
3115 	 1880 	 0.958685 	 0.00105421	0.00220244
3115 	 1885 	 0.958687 	 0.00105485	0.00220378
3115 	 1890 	 0.958689 	 0.00105549	0.00220511
3115 	 1895 	 0.958691 	 0.00105613	0.00220645
3115 	 1900 	 0.958693 	 0.00105677	0.00220778
3115 	 1905 	 0.958695 	 0.0010574	0.0022091
3115 	 1910 	 0.958697 	 0.00105803	0.00221042
3115 	 1915 	 0.9587 	 0.00105866	0.00221174
3115 	 1920 	 0.958702 	 0.00105929	0.00221305
3115 	 1925 	 0.958704 	 0.00105992	0.00221436
3115 	 1930 	 0.958706 	 0.00106054	0.00221566
3115 	 1935 	 0.958708 	 0.00106116	0.00221697
3115 	 1940 	 0.95871 	 0.00106179	0.00221826
3115 	 1945 	 0.958712 	 0.0010624	0.00221956
3115 	 1950 	 0.958714 	 0.00106302	0.00222085
3115 	 1955 	 0.958716 	 0.00106364	0.00222213
3115 	 1960 	 0.958718 	 0.00106425	0.00222341
3115 	 1965 	 0.95872 	 0.00106486	0.00222469
3115 	 1970 	 0.958722 	 0.00106547	0.00222597
3115 	 1975 	 0.958724 	 0.00106608	0.00222724
3115 	 1980 	 0.958726 	 0.00106669	0.0022285
3115 	 1985 	 0.958728 	 0.00106729	0.00222977
3115 	 1990 	 0.95873 	 0.00106789	0.00223102
3115 	 1995 	 0.958732 	 0.00106849	0.00223228
3115 	 2000 	 0.958734 	 0.00106909	0.00223353
3115 	 2005 	 0.958735 	 0.00106969	0.00223478
3115 	 2010 	 0.958737 	 0.00107029	0.00223602
3115 	 2015 	 0.958739 	 0.00107088	0.00223727
3115 	 2020 	 0.958741 	 0.00107147	0.0022385
3115 	 2025 	 0.958743 	 0.00107206	0.00223974
3115 	 2030 	 0.958745 	 0.00107265	0.00224097
3115 	 2035 	 0.958747 	 0.00107324	0.00224219
3115 	 2040 	 0.958749 	 0.00107383	0.00224342
3115 	 2045 	 0.958751 	 0.00107441	0.00224464
3115 	 2050 	 0.958752 	 0.00107499	0.00224585
3115 	 2055 	 0.958754 	 0.00107557	0.00224706
3115 	 2060 	 0.958756 	 0.00107615	0.00224827
3115 	 2065 	 0.958758 	 0.00107673	0.00224948
3115 	 2070 	 0.95876 	 0.0010773	0.00225068
3115 	 2075 	 0.958762 	 0.00107788	0.00225188
3115 	 2080 	 0.958763 	 0.00107845	0.00225308
3115 	 2085 	 0.958765 	 0.00107902	0.00225427
3115 	 2090 	 0.958767 	 0.00107959	0.00225546
3115 	 2095 	 0.958769 	 0.00108016	0.00225664
3115 	 2100 	 0.95877 	 0.00108072	0.00225782
3115 	 2105 	 0.958772 	 0.00108129	0.002259
3115 	 2110 	 0.958774 	 0.00108185	0.00226018
3115 	 2115 	 0.958776 	 0.00108241	0.00226135
3115 	 2120 	 0.958777 	 0.00108297	0.00226252
3115 	 2125 	 0.958779 	 0.00108353	0.00226368
3115 	 2130 	 0.958781 	 0.00108408	0.00226485
3115 	 2135 	 0.958783 	 0.00108464	0.00226601
3115 	 2140 	 0.958784 	 0.00108519	0.00226716
3115 	 2145 	 0.958786 	 0.00108574	0.00226831
3115 	 2150 	 0.958788 	 0.00108629	0.00226946
3115 	 2155 	 0.95879 	 0.00108684	0.00227061
3115 	 2160 	 0.958791 	 0.00108739	0.00227175
3115 	 2165 	 0.958793 	 0.00108793	0.00227289
3115 	 2170 	 0.958795 	 0.00108848	0.00227403
3115 	 2175 	 0.958796 	 0.00108902	0.00227516
3115 	 2180 	 0.958798 	 0.00108956	0.00227629
3115 	 2185 	 0.9588 	 0.0010901	0.00227742
3115 	 2190 	 0.958801 	 0.00109064	0.00227855
3115 	 2195 	 0.958803 	 0.00109118	0.00227967
3115 	 2200 	 0.958805 	 0.00109171	0.00228079
3115 	 2205 	 0.958806 	 0.00109225	0.0022819
3115 	 2210 	 0.958808 	 0.00109278	0.00228301
3115 	 2215 	 0.958809 	 0.00109331	0.00228412
3115 	 2220 	 0.958811 	 0.00109384	0.00228523
3115 	 2225 	 0.958813 	 0.00109437	0.00228633
3115 	 2230 	 0.958814 	 0.00109489	0.00228743
3115 	 2235 	 0.958816 	 0.00109542	0.00228853
3115 	 2240 	 0.958817 	 0.00109594	0.00228962
3115 	 2245 	 0.958819 	 0.00109646	0.00229071
3115 	 2250 	 0.958821 	 0.00109699	0.0022918
3115 	 2255 	 0.958822 	 0.00109751	0.00229289
3115 	 2260 	 0.958824 	 0.00109802	0.00229397
3115 	 2265 	 0.958825 	 0.00109854	0.00229505
3115 	 2270 	 0.958827 	 0.00109906	0.00229613
3115 	 2275 	 0.958828 	 0.00109957	0.0022972
3115 	 2280 	 0.95883 	 0.00110008	0.00229827
3115 	 2285 	 0.958832 	 0.00110059	0.00229934
3115 	 2290 	 0.958833 	 0.0011011	0.00230041
3115 	 2295 	 0.958835 	 0.00110161	0.00230147
3115 	 2300 	 0.958836 	 0.00110212	0.00230253
3115 	 2305 	 0.958838 	 0.00110263	0.00230359
3115 	 2310 	 0.958839 	 0.00110313	0.00230464
3115 	 2315 	 0.958841 	 0.00110364	0.0023057
3115 	 2320 	 0.958842 	 0.00110414	0.00230674
3115 	 2325 	 0.958844 	 0.00110464	0.00230779
3115 	 2330 	 0.958845 	 0.00110514	0.00230883
3115 	 2335 	 0.958847 	 0.00110564	0.00230988
3115 	 2340 	 0.958848 	 0.00110613	0.00231091
3115 	 2345 	 0.95885 	 0.00110663	0.00231195
3115 	 2350 	 0.958851 	 0.00110712	0.00231298
3115 	 2355 	 0.958853 	 0.00110762	0.00231401
3115 	 2360 	 0.958854 	 0.00110811	0.00231504
3115 	 2365 	 0.958855 	 0.0011086	0.00231606
3115 	 2370 	 0.958857 	 0.00110909	0.00231709
3115 	 2375 	 0.958858 	 0.00110958	0.00231811
3115 	 2380 	 0.95886 	 0.00111006	0.00231912
3115 	 2385 	 0.958861 	 0.00111055	0.00232014
3115 	 2390 	 0.958863 	 0.00111103	0.00232115
3115 	 2395 	 0.958864 	 0.00111152	0.00232216
3115 	 2400 	 0.958865 	 0.001112	0.00232317
3115 	 2405 	 0.958867 	 0.00111248	0.00232417
3115 	 2410 	 0.958868 	 0.00111296	0.00232517
3115 	 2415 	 0.95887 	 0.00111344	0.00232617
3115 	 2420 	 0.958871 	 0.00111391	0.00232717
3115 	 2425 	 0.958872 	 0.00111439	0.00232816
3115 	 2430 	 0.958874 	 0.00111486	0.00232915
3115 	 2435 	 0.958875 	 0.00111534	0.00233014
3115 	 2440 	 0.958877 	 0.00111581	0.00233113
3115 	 2445 	 0.958878 	 0.00111628	0.00233211
3115 	 2450 	 0.958879 	 0.00111675	0.0023331
3115 	 2455 	 0.958881 	 0.00111722	0.00233408
3115 	 2460 	 0.958882 	 0.00111769	0.00233505
3115 	 2465 	 0.958883 	 0.00111815	0.00233603
3115 	 2470 	 0.958885 	 0.00111862	0.002337
3115 	 2475 	 0.958886 	 0.00111908	0.00233797
3115 	 2480 	 0.958887 	 0.00111955	0.00233894
3115 	 2485 	 0.958889 	 0.00112001	0.0023399
3115 	 2490 	 0.95889 	 0.00112047	0.00234086
3115 	 2495 	 0.958891 	 0.00112093	0.00234182
3115 	 2500 	 0.958893 	 0.00112139	0.00234278
3115 	 2505 	 0.958894 	 0.00112184	0.00234374
3115 	 2510 	 0.958895 	 0.0011223	0.00234469
3115 	 2515 	 0.958897 	 0.00112276	0.00234564
3115 	 2520 	 0.958898 	 0.00112321	0.00234659
3115 	 2525 	 0.958899 	 0.00112366	0.00234754
3115 	 2530 	 0.958901 	 0.00112411	0.00234848
3115 	 2535 	 0.958902 	 0.00112457	0.00234942
3115 	 2540 	 0.958903 	 0.00112502	0.00235036
3115 	 2545 	 0.958904 	 0.00112546	0.0023513
3115 	 2550 	 0.958906 	 0.00112591	0.00235223
3115 	 2555 	 0.958907 	 0.00112636	0.00235317
3115 	 2560 	 0.958908 	 0.0011268	0.0023541
3115 	 2565 	 0.95891 	 0.00112725	0.00235502
3115 	 2570 	 0.958911 	 0.00112769	0.00235595
3115 	 2575 	 0.958912 	 0.00112813	0.00235687
3115 	 2580 	 0.958913 	 0.00112857	0.0023578
3115 	 2585 	 0.958915 	 0.00112901	0.00235871
3115 	 2590 	 0.958916 	 0.00112945	0.00235963
3115 	 2595 	 0.958917 	 0.00112989	0.00236055
3115 	 2600 	 0.958918 	 0.00113033	0.00236146
3115 	 2605 	 0.95892 	 0.00113076	0.00236237
3115 	 2610 	 0.958921 	 0.0011312	0.00236328
3115 	 2615 	 0.958922 	 0.00113163	0.00236418
3115 	 2620 	 0.958923 	 0.00113206	0.00236509
3115 	 2625 	 0.958924 	 0.0011325	0.00236599
3115 	 2630 	 0.958926 	 0.00113293	0.00236689
3115 	 2635 	 0.958927 	 0.00113336	0.00236779
3115 	 2640 	 0.958928 	 0.00113379	0.00236868
3115 	 2645 	 0.958929 	 0.00113421	0.00236958
3115 	 2650 	 0.95893 	 0.00113464	0.00237047
3115 	 2655 	 0.958932 	 0.00113507	0.00237136
3115 	 2660 	 0.958933 	 0.00113549	0.00237225
3115 	 2665 	 0.958934 	 0.00113591	0.00237313
3115 	 2670 	 0.958935 	 0.00113634	0.00237401
3115 	 2675 	 0.958936 	 0.00113676	0.0023749
3115 	 2680 	 0.958938 	 0.00113718	0.00237577
3115 	 2685 	 0.958939 	 0.0011376	0.00237665
3115 	 2690 	 0.95894 	 0.00113802	0.00237753
3115 	 2695 	 0.958941 	 0.00113844	0.0023784
3115 	 2700 	 0.958942 	 0.00113885	0.00237927
3115 	 2705 	 0.958943 	 0.00113927	0.00238014
3115 	 2710 	 0.958945 	 0.00113968	0.00238101
3115 	 2715 	 0.958946 	 0.0011401	0.00238187
3115 	 2720 	 0.958947 	 0.00114051	0.00238273
3115 	 2725 	 0.958948 	 0.00114092	0.0023836
3115 	 2730 	 0.958949 	 0.00114133	0.00238445
3115 	 2735 	 0.95895 	 0.00114174	0.00238531
3115 	 2740 	 0.958951 	 0.00114215	0.00238617
3115 	 2745 	 0.958953 	 0.00114256	0.00238702
3115 	 2750 	 0.958954 	 0.00114297	0.00238787
3115 	 2755 	 0.958955 	 0.00114338	0.00238872
3115 	 2760 	 0.958956 	 0.00114378	0.00238957
3115 	 2765 	 0.958957 	 0.00114419	0.00239041
3115 	 2770 	 0.958958 	 0.00114459	0.00239126
3115 	 2775 	 0.958959 	 0.00114499	0.0023921
3115 	 2780 	 0.95896 	 0.0011454	0.00239294
3115 	 2785 	 0.958961 	 0.0011458	0.00239378
3115 	 2790 	 0.958963 	 0.0011462	0.00239461
3115 	 2795 	 0.958964 	 0.0011466	0.00239545
3115 	 2800 	 0.958965 	 0.00114699	0.00239628
3115 	 2805 	 0.958966 	 0.00114739	0.00239711
3115 	 2810 	 0.958967 	 0.00114779	0.00239794
3115 	 2815 	 0.958968 	 0.00114818	0.00239877
3115 	 2820 	 0.958969 	 0.00114858	0.00239959
3115 	 2825 	 0.95897 	 0.00114897	0.00240042
3115 	 2830 	 0.958971 	 0.00114937	0.00240124
3115 	 2835 	 0.958972 	 0.00114976	0.00240206
3115 	 2840 	 0.958973 	 0.00115015	0.00240287
3115 	 2845 	 0.958974 	 0.00115054	0.00240369
3115 	 2850 	 0.958975 	 0.00115093	0.0024045
3115 	 2855 	 0.958977 	 0.00115132	0.00240532
3115 	 2860 	 0.958978 	 0.00115171	0.00240613
3115 	 2865 	 0.958979 	 0.00115209	0.00240694
3115 	 2870 	 0.95898 	 0.00115248	0.00240774
3115 	 2875 	 0.958981 	 0.00115287	0.00240855
3115 	 2880 	 0.958982 	 0.00115325	0.00240935
3115 	 2885 	 0.958983 	 0.00115363	0.00241015
3115 	 2890 	 0.958984 	 0.00115402	0.00241095
3115 	 2895 	 0.958985 	 0.0011544	0.00241175
3115 	 2900 	 0.958986 	 0.00115478	0.00241255
3115 	 2905 	 0.958987 	 0.00115516	0.00241334
3115 	 2910 	 0.958988 	 0.00115554	0.00241414
3115 	 2915 	 0.958989 	 0.00115592	0.00241493
3115 	 2920 	 0.95899 	 0.0011563	0.00241572
3115 	 2925 	 0.958991 	 0.00115668	0.00241651
3115 	 2930 	 0.958992 	 0.00115705	0.00241729
3115 	 2935 	 0.958993 	 0.00115743	0.00241808
3115 	 2940 	 0.958994 	 0.0011578	0.00241886
3115 	 2945 	 0.958995 	 0.00115818	0.00241964
3115 	 2950 	 0.958996 	 0.00115855	0.00242042
3115 	 2955 	 0.958997 	 0.00115892	0.0024212
3115 	 2960 	 0.958998 	 0.00115929	0.00242198
3115 	 2965 	 0.958999 	 0.00115966	0.00242275
3115 	 2970 	 0.959 	 0.00116003	0.00242352
3115 	 2975 	 0.959001 	 0.0011604	0.00242429
3115 	 2980 	 0.959002 	 0.00116077	0.00242506
3115 	 2985 	 0.959003 	 0.00116114	0.00242583
3115 	 2990 	 0.959004 	 0.00116151	0.0024266
3115 	 2995 	 0.959005 	 0.00116187	0.00242736
3115 	 3000 	 0.959006 	 0.00116224	0.00242813
3115 	 3005 	 0.959007 	 0.0011626	0.00242889
3115 	 3010 	 0.959008 	 0.00116297	0.00242965
3115 	 3015 	 0.959009 	 0.00116333	0.00243041
3115 	 3020 	 0.95901 	 0.00116369	0.00243116
3115 	 3025 	 0.959011 	 0.00116405	0.00243192
3115 	 3030 	 0.959012 	 0.00116441	0.00243267
3115 	 3035 	 0.959013 	 0.00116477	0.00243343
3115 	 3040 	 0.959014 	 0.00116513	0.00243418
3115 	 3045 	 0.959015 	 0.00116549	0.00243492
3115 	 3050 	 0.959015 	 0.00116585	0.00243567
3115 	 3055 	 0.959016 	 0.00116621	0.00243642
3115 	 3060 	 0.959017 	 0.00116656	0.00243716
3115 	 3065 	 0.959018 	 0.00116692	0.00243791
3115 	 3070 	 0.959019 	 0.00116727	0.00243865
3115 	 3075 	 0.95902 	 0.00116763	0.00243939
3115 	 3080 	 0.959021 	 0.00116798	0.00244012
3115 	 3085 	 0.959022 	 0.00116833	0.00244086
3115 	 3090 	 0.959023 	 0.00116869	0.0024416
3115 	 3095 	 0.959024 	 0.00116904	0.00244233
3115 	 3100 	 0.959025 	 0.00116939	0.00244306
3115 	 3105 	 0.959026 	 0.00116974	0.00244379
3115 	 3110 	 0.959027 	 0.00117009	0.00244452
3115 	 3115 	 0.959028 	 0.00117043	0.00244525
3115 	 3120 	 0.959028 	 0.00117078	0.00244598
3115 	 3125 	 0.959029 	 0.00117113	0.0024467
3115 	 3130 	 0.95903 	 0.00117148	0.00244742
3115 	 3135 	 0.959031 	 0.00117182	0.00244815
3115 	 3140 	 0.959032 	 0.00117217	0.00244887
3115 	 3145 	 0.959033 	 0.00117251	0.00244959
3115 	 3150 	 0.959034 	 0.00117285	0.0024503
3115 	 3155 	 0.959035 	 0.0011732	0.00245102
3115 	 3160 	 0.959036 	 0.00117354	0.00245173
3115 	 3165 	 0.959036 	 0.00117388	0.00245245
3115 	 3170 	 0.959037 	 0.00117422	0.00245316
3115 	 3175 	 0.959038 	 0.00117456	0.00245387
3115 	 3180 	 0.959039 	 0.0011749	0.00245458
3115 	 3185 	 0.95904 	 0.00117524	0.00245529
3115 	 3190 	 0.959041 	 0.00117558	0.00245599
3115 	 3195 	 0.959042 	 0.00117591	0.0024567
3115 	 3200 	 0.959043 	 0.00117625	0.0024574
3115 	 3205 	 0.959044 	 0.00117659	0.0024581
3115 	 3210 	 0.959044 	 0.00117692	0.0024588
3115 	 3215 	 0.959045 	 0.00117726	0.0024595
3115 	 3220 	 0.959046 	 0.00117759	0.0024602
3115 	 3225 	 0.959047 	 0.00117792	0.00246089
3115 	 3230 	 0.959048 	 0.00117826	0.00246159
3115 	 3235 	 0.959049 	 0.00117859	0.00246228
3115 	 3240 	 0.95905 	 0.00117892	0.00246298
3115 	 3245 	 0.95905 	 0.00117925	0.00246367
3115 	 3250 	 0.959051 	 0.00117958	0.00246436
3115 	 3255 	 0.959052 	 0.00117991	0.00246504
3115 	 3260 	 0.959053 	 0.00118024	0.00246573
3115 	 3265 	 0.959054 	 0.00118057	0.00246642
3115 	 3270 	 0.959055 	 0.00118089	0.0024671
3115 	 3275 	 0.959055 	 0.00118122	0.00246778
3115 	 3280 	 0.959056 	 0.00118155	0.00246846
3115 	 3285 	 0.959057 	 0.00118187	0.00246914
3115 	 3290 	 0.959058 	 0.0011822	0.00246982
3115 	 3295 	 0.959059 	 0.00118252	0.0024705
3115 	 3300 	 0.95906 	 0.00118284	0.00247118
3115 	 3305 	 0.95906 	 0.00118317	0.00247185
3115 	 3310 	 0.959061 	 0.00118349	0.00247252
3115 	 3315 	 0.959062 	 0.00118381	0.0024732
3115 	 3320 	 0.959063 	 0.00118413	0.00247387
3115 	 3325 	 0.959064 	 0.00118445	0.00247454
3115 	 3330 	 0.959065 	 0.00118477	0.00247521
3115 	 3335 	 0.959065 	 0.00118509	0.00247587
3115 	 3340 	 0.959066 	 0.00118541	0.00247654
3115 	 3345 	 0.959067 	 0.00118573	0.0024772
3115 	 3350 	 0.959068 	 0.00118605	0.00247787
3115 	 3355 	 0.959069 	 0.00118636	0.00247853
3115 	 3360 	 0.959069 	 0.00118668	0.00247919
3115 	 3365 	 0.95907 	 0.00118699	0.00247985
3115 	 3370 	 0.959071 	 0.00118731	0.00248051
3115 	 3375 	 0.959072 	 0.00118762	0.00248116
3115 	 3380 	 0.959073 	 0.00118794	0.00248182
3115 	 3385 	 0.959073 	 0.00118825	0.00248247
3115 	 3390 	 0.959074 	 0.00118856	0.00248313
3115 	 3395 	 0.959075 	 0.00118888	0.00248378
3115 	 3400 	 0.959076 	 0.00118919	0.00248443
3115 	 3405 	 0.959077 	 0.0011895	0.00248508
3115 	 3410 	 0.959077 	 0.00118981	0.00248573
3115 	 3415 	 0.959078 	 0.00119012	0.00248637
3115 	 3420 	 0.959079 	 0.00119043	0.00248702
3115 	 3425 	 0.95908 	 0.00119074	0.00248766
3115 	 3430 	 0.95908 	 0.00119104	0.00248831
3115 	 3435 	 0.959081 	 0.00119135	0.00248895
3115 	 3440 	 0.959082 	 0.00119166	0.00248959
3115 	 3445 	 0.959083 	 0.00119196	0.00249023
3115 	 3450 	 0.959083 	 0.00119227	0.00249087
3115 	 3455 	 0.959084 	 0.00119258	0.00249151
3115 	 3460 	 0.959085 	 0.00119288	0.00249214
3115 	 3465 	 0.959086 	 0.00119318	0.00249278
3115 	 3470 	 0.959087 	 0.00119349	0.00249341
3115 	 3475 	 0.959087 	 0.00119379	0.00249404
3115 	 3480 	 0.959088 	 0.00119409	0.00249468
3115 	 3485 	 0.959089 	 0.00119439	0.00249531
3115 	 3490 	 0.95909 	 0.0011947	0.00249594
3115 	 3495 	 0.95909 	 0.001195	0.00249656
3115 	 3500 	 0.959091 	 0.0011953	0.00249719
3115 	 3505 	 0.959092 	 0.0011956	0.00249782
3115 	 3510 	 0.959093 	 0.00119589	0.00249844
3115 	 3515 	 0.959093 	 0.00119619	0.00249906
3115 	 3520 	 0.959094 	 0.00119649	0.00249969
3115 	 3525 	 0.959095 	 0.00119679	0.00250031
3115 	 3530 	 0.959096 	 0.00119708	0.00250093
3115 	 3535 	 0.959096 	 0.00119738	0.00250155
3115 	 3540 	 0.959097 	 0.00119768	0.00250216
3115 	 3545 	 0.959098 	 0.00119797	0.00250278
3115 	 3550 	 0.959098 	 0.00119827	0.0025034
3115 	 3555 	 0.959099 	 0.00119856	0.00250401
3115 	 3560 	 0.9591 	 0.00119885	0.00250462
3115 	 3565 	 0.959101 	 0.00119915	0.00250524
3115 	 3570 	 0.959101 	 0.00119944	0.00250585
3115 	 3575 	 0.959102 	 0.00119973	0.00250646
3115 	 3580 	 0.959103 	 0.00120002	0.00250707
3115 	 3585 	 0.959104 	 0.00120031	0.00250767
3115 	 3590 	 0.959104 	 0.0012006	0.00250828
3115 	 3595 	 0.959105 	 0.00120089	0.00250889
3115 	 3600 	 0.959106 	 0.00120118	0.00250949
3115 	 3605 	 0.959106 	 0.00120147	0.00251009
3115 	 3610 	 0.959107 	 0.00120176	0.0025107
3115 	 3615 	 0.959108 	 0.00120205	0.0025113
3115 	 3620 	 0.959109 	 0.00120233	0.0025119
3115 	 3625 	 0.959109 	 0.00120262	0.0025125
3115 	 3630 	 0.95911 	 0.00120291	0.00251309
3115 	 3635 	 0.959111 	 0.00120319	0.00251369
3115 	 3640 	 0.959111 	 0.00120348	0.00251429
3115 	 3645 	 0.959112 	 0.00120376	0.00251488
3115 	 3650 	 0.959113 	 0.00120405	0.00251548
3115 	 3655 	 0.959113 	 0.00120433	0.00251607
3115 	 3660 	 0.959114 	 0.00120461	0.00251666
3115 	 3665 	 0.959115 	 0.0012049	0.00251725
3115 	 3670 	 0.959116 	 0.00120518	0.00251784
3115 	 3675 	 0.959116 	 0.00120546	0.00251843
3115 	 3680 	 0.959117 	 0.00120574	0.00251902
3115 	 3685 	 0.959118 	 0.00120602	0.0025196
3115 	 3690 	 0.959118 	 0.0012063	0.00252019
3115 	 3695 	 0.959119 	 0.00120658	0.00252077
3115 	 3700 	 0.95912 	 0.00120686	0.00252135
3115 	 3705 	 0.95912 	 0.00120714	0.00252194
3115 	 3710 	 0.959121 	 0.00120742	0.00252252
3115 	 3715 	 0.959122 	 0.0012077	0.0025231
3115 	 3720 	 0.959122 	 0.00120797	0.00252368
3115 	 3725 	 0.959123 	 0.00120825	0.00252426
3115 	 3730 	 0.959124 	 0.00120853	0.00252483
3115 	 3735 	 0.959124 	 0.0012088	0.00252541
3115 	 3740 	 0.959125 	 0.00120908	0.00252598
3115 	 3745 	 0.959126 	 0.00120935	0.00252656
3115 	 3750 	 0.959126 	 0.00120963	0.00252713
3115 	 3755 	 0.959127 	 0.0012099	0.0025277
3115 	 3760 	 0.959128 	 0.00121017	0.00252828
3115 	 3765 	 0.959128 	 0.00121045	0.00252885
3115 	 3770 	 0.959129 	 0.00121072	0.00252942
3115 	 3775 	 0.95913 	 0.00121099	0.00252998
3115 	 3780 	 0.95913 	 0.00121126	0.00253055
3115 	 3785 	 0.959131 	 0.00121153	0.00253112
3115 	 3790 	 0.959132 	 0.00121181	0.00253168
3115 	 3795 	 0.959132 	 0.00121208	0.00253225
3115 	 3800 	 0.959133 	 0.00121235	0.00253281
3115 	 3805 	 0.959134 	 0.00121261	0.00253337
3115 	 3810 	 0.959134 	 0.00121288	0.00253393
3115 	 3815 	 0.959135 	 0.00121315	0.00253449
3115 	 3820 	 0.959136 	 0.00121342	0.00253505
3115 	 3825 	 0.959136 	 0.00121369	0.00253561
3115 	 3830 	 0.959137 	 0.00121395	0.00253617
3115 	 3835 	 0.959137 	 0.00121422	0.00253673
3115 	 3840 	 0.959138 	 0.00121449	0.00253728
3115 	 3845 	 0.959139 	 0.00121475	0.00253784
3115 	 3850 	 0.959139 	 0.00121502	0.00253839
3115 	 3855 	 0.95914 	 0.00121528	0.00253894
3115 	 3860 	 0.959141 	 0.00121555	0.0025395
3115 	 3865 	 0.959141 	 0.00121581	0.00254005
3115 	 3870 	 0.959142 	 0.00121607	0.0025406
3115 	 3875 	 0.959143 	 0.00121634	0.00254115
3115 	 3880 	 0.959143 	 0.0012166	0.0025417
3115 	 3885 	 0.959144 	 0.00121686	0.00254224
3115 	 3890 	 0.959144 	 0.00121712	0.00254279
3115 	 3895 	 0.959145 	 0.00121738	0.00254334
3115 	 3900 	 0.959146 	 0.00121764	0.00254388
3115 	 3905 	 0.959146 	 0.0012179	0.00254442
3115 	 3910 	 0.959147 	 0.00121816	0.00254497
3115 	 3915 	 0.959148 	 0.00121842	0.00254551
3115 	 3920 	 0.959148 	 0.00121868	0.00254605
3115 	 3925 	 0.959149 	 0.00121894	0.00254659
3115 	 3930 	 0.959149 	 0.0012192	0.00254713
3115 	 3935 	 0.95915 	 0.00121946	0.00254767
3115 	 3940 	 0.959151 	 0.00121971	0.0025482
3115 	 3945 	 0.959151 	 0.00121997	0.00254874
3115 	 3950 	 0.959152 	 0.00122023	0.00254928
3115 	 3955 	 0.959152 	 0.00122048	0.00254981
3115 	 3960 	 0.959153 	 0.00122074	0.00255034
3115 	 3965 	 0.959154 	 0.00122099	0.00255088
3115 	 3970 	 0.959154 	 0.00122125	0.00255141
3115 	 3975 	 0.959155 	 0.0012215	0.00255194
3115 	 3980 	 0.959156 	 0.00122176	0.00255247
3115 	 3985 	 0.959156 	 0.00122201	0.002553
3115 	 3990 	 0.959157 	 0.00122226	0.00255353
3115 	 3995 	 0.959157 	 0.00122252	0.00255406
3115 	 4000 	 0.959158 	 0.00122277	0.00255458
3115 	 4005 	 0.959158 	 0.00122302	0.00255511
3115 	 4010 	 0.959159 	 0.00122327	0.00255564
3115 	 4015 	 0.95916 	 0.00122352	0.00255616
3115 	 4020 	 0.95916 	 0.00122377	0.00255668
3115 	 4025 	 0.959161 	 0.00122402	0.00255721
3115 	 4030 	 0.959161 	 0.00122427	0.00255773
3115 	 4035 	 0.959162 	 0.00122452	0.00255825
3115 	 4040 	 0.959163 	 0.00122477	0.00255877
3115 	 4045 	 0.959163 	 0.00122502	0.00255929
3115 	 4050 	 0.959164 	 0.00122527	0.00255981
3115 	 4055 	 0.959164 	 0.00122551	0.00256032
3115 	 4060 	 0.959165 	 0.00122576	0.00256084
3115 	 4065 	 0.959166 	 0.00122601	0.00256136
3115 	 4070 	 0.959166 	 0.00122626	0.00256187
3115 	 4075 	 0.959167 	 0.0012265	0.00256239
3115 	 4080 	 0.959167 	 0.00122675	0.0025629
3115 	 4085 	 0.959168 	 0.00122699	0.00256341
3115 	 4090 	 0.959168 	 0.00122724	0.00256392
3115 	 4095 	 0.959169 	 0.00122748	0.00256443
3115 	 4100 	 0.95917 	 0.00122773	0.00256494
3115 	 4105 	 0.95917 	 0.00122797	0.00256545
3115 	 4110 	 0.959171 	 0.00122821	0.00256596
3115 	 4115 	 0.959171 	 0.00122846	0.00256647
3115 	 4120 	 0.959172 	 0.0012287	0.00256698
3115 	 4125 	 0.959172 	 0.00122894	0.00256748
3115 	 4130 	 0.959173 	 0.00122918	0.00256799
3115 	 4135 	 0.959174 	 0.00122942	0.00256849
3115 	 4140 	 0.959174 	 0.00122967	0.00256899
3115 	 4145 	 0.959175 	 0.00122991	0.0025695
3115 	 4150 	 0.959175 	 0.00123015	0.00257
3115 	 4155 	 0.959176 	 0.00123039	0.0025705
3115 	 4160 	 0.959176 	 0.00123063	0.002571
3115 	 4165 	 0.959177 	 0.00123086	0.0025715
3115 	 4170 	 0.959178 	 0.0012311	0.002572
3115 	 4175 	 0.959178 	 0.00123134	0.0025725
3115 	 4180 	 0.959179 	 0.00123158	0.00257299
3115 	 4185 	 0.959179 	 0.00123182	0.00257349
3115 	 4190 	 0.95918 	 0.00123205	0.00257399
3115 	 4195 	 0.95918 	 0.00123229	0.00257448
3115 	 4200 	 0.959181 	 0.00123253	0.00257498
3115 	 4205 	 0.959181 	 0.00123276	0.00257547
3115 	 4210 	 0.959182 	 0.001233	0.00257596
3115 	 4215 	 0.959182 	 0.00123324	0.00257645
3115 	 4220 	 0.959183 	 0.00123347	0.00257694
3115 	 4225 	 0.959184 	 0.00123371	0.00257744
3115 	 4230 	 0.959184 	 0.00123394	0.00257792
3115 	 4235 	 0.959185 	 0.00123417	0.00257841
3115 	 4240 	 0.959185 	 0.00123441	0.0025789
3115 	 4245 	 0.959186 	 0.00123464	0.00257939
3115 	 4250 	 0.959186 	 0.00123487	0.00257988
3115 	 4255 	 0.959187 	 0.00123511	0.00258036
3115 	 4260 	 0.959187 	 0.00123534	0.00258085
3115 	 4265 	 0.959188 	 0.00123557	0.00258133
3115 	 4270 	 0.959188 	 0.0012358	0.00258181
3115 	 4275 	 0.959189 	 0.00123603	0.0025823
3115 	 4280 	 0.95919 	 0.00123626	0.00258278
3115 	 4285 	 0.95919 	 0.00123649	0.00258326
3115 	 4290 	 0.959191 	 0.00123672	0.00258374
3115 	 4295 	 0.959191 	 0.00123695	0.00258422
3115 	 4300 	 0.959192 	 0.00123718	0.0025847
3115 	 4305 	 0.959192 	 0.00123741	0.00258518
3115 	 4310 	 0.959193 	 0.00123764	0.00258565
3115 	 4315 	 0.959193 	 0.00123787	0.00258613
3115 	 4320 	 0.959194 	 0.0012381	0.00258661
3115 	 4325 	 0.959194 	 0.00123832	0.00258708
3115 	 4330 	 0.959195 	 0.00123855	0.00258756
3115 	 4335 	 0.959195 	 0.00123878	0.00258803
3115 	 4340 	 0.959196 	 0.001239	0.0025885
3115 	 4345 	 0.959196 	 0.00123923	0.00258898
3115 	 4350 	 0.959197 	 0.00123946	0.00258945
3115 	 4355 	 0.959197 	 0.00123968	0.00258992
3115 	 4360 	 0.959198 	 0.00123991	0.00259039
3115 	 4365 	 0.959198 	 0.00124013	0.00259086
3115 	 4370 	 0.959199 	 0.00124036	0.00259133
3115 	 4375 	 0.959199 	 0.00124058	0.0025918
3115 	 4380 	 0.9592 	 0.0012408	0.00259226
3115 	 4385 	 0.9592 	 0.00124103	0.00259273
3115 	 4390 	 0.959201 	 0.00124125	0.0025932
3115 	 4395 	 0.959202 	 0.00124147	0.00259366
3115 	 4400 	 0.959202 	 0.00124169	0.00259413
3115 	 4405 	 0.959203 	 0.00124192	0.00259459
3115 	 4410 	 0.959203 	 0.00124214	0.00259505
3115 	 4415 	 0.959204 	 0.00124236	0.00259552
3115 	 4420 	 0.959204 	 0.00124258	0.00259598
3115 	 4425 	 0.959205 	 0.0012428	0.00259644
3115 	 4430 	 0.959205 	 0.00124302	0.0025969
3115 	 4435 	 0.959206 	 0.00124324	0.00259736
3115 	 4440 	 0.959206 	 0.00124346	0.00259782
3115 	 4445 	 0.959207 	 0.00124368	0.00259828
3115 	 4450 	 0.959207 	 0.0012439	0.00259874
3115 	 4455 	 0.959208 	 0.00124412	0.00259919
3115 	 4460 	 0.959208 	 0.00124434	0.00259965
3115 	 4465 	 0.959209 	 0.00124456	0.0026001
3115 	 4470 	 0.959209 	 0.00124477	0.00260056
3115 	 4475 	 0.95921 	 0.00124499	0.00260101
3115 	 4480 	 0.95921 	 0.00124521	0.00260147
3115 	 4485 	 0.959211 	 0.00124543	0.00260192
3115 	 4490 	 0.959211 	 0.00124564	0.00260237
3115 	 4495 	 0.959212 	 0.00124586	0.00260282
3115 	 4500 	 0.959212 	 0.00124607	0.00260328
3115 	 4505 	 0.959212 	 0.00124629	0.00260373
3115 	 4510 	 0.959213 	 0.0012465	0.00260418
3115 	 4515 	 0.959213 	 0.00124672	0.00260462
3115 	 4520 	 0.959214 	 0.00124693	0.00260507
3115 	 4525 	 0.959214 	 0.00124715	0.00260552
3115 	 4530 	 0.959215 	 0.00124736	0.00260597
3115 	 4535 	 0.959215 	 0.00124758	0.00260641
3115 	 4540 	 0.959216 	 0.00124779	0.00260686
3115 	 4545 	 0.959216 	 0.001248	0.00260731
3115 	 4550 	 0.959217 	 0.00124822	0.00260775
3115 	 4555 	 0.959217 	 0.00124843	0.00260819
3115 	 4560 	 0.959218 	 0.00124864	0.00260864
3115 	 4565 	 0.959218 	 0.00124885	0.00260908
3115 	 4570 	 0.959219 	 0.00124906	0.00260952
3115 	 4575 	 0.959219 	 0.00124927	0.00260996
3115 	 4580 	 0.95922 	 0.00124949	0.0026104
3115 	 4585 	 0.95922 	 0.0012497	0.00261084
3115 	 4590 	 0.959221 	 0.00124991	0.00261128
3115 	 4595 	 0.959221 	 0.00125012	0.00261172
3115 	 4600 	 0.959222 	 0.00125033	0.00261216
3115 	 4605 	 0.959222 	 0.00125054	0.0026126
3115 	 4610 	 0.959223 	 0.00125074	0.00261303
3115 	 4615 	 0.959223 	 0.00125095	0.00261347
3115 	 4620 	 0.959224 	 0.00125116	0.0026139
3115 	 4625 	 0.959224 	 0.00125137	0.00261434
3115 	 4630 	 0.959224 	 0.00125158	0.00261477
3115 	 4635 	 0.959225 	 0.00125179	0.00261521
3115 	 4640 	 0.959225 	 0.00125199	0.00261564
3115 	 4645 	 0.959226 	 0.0012522	0.00261607
3115 	 4650 	 0.959226 	 0.00125241	0.0026165
3115 	 4655 	 0.959227 	 0.00125261	0.00261694
3115 	 4660 	 0.959227 	 0.00125282	0.00261737
3115 	 4665 	 0.959228 	 0.00125302	0.0026178
3115 	 4670 	 0.959228 	 0.00125323	0.00261822
3115 	 4675 	 0.959229 	 0.00125343	0.00261865
3115 	 4680 	 0.959229 	 0.00125364	0.00261908
3115 	 4685 	 0.95923 	 0.00125384	0.00261951
3115 	 4690 	 0.95923 	 0.00125405	0.00261994
3115 	 4695 	 0.95923 	 0.00125425	0.00262036
3115 	 4700 	 0.959231 	 0.00125446	0.00262079
3115 	 4705 	 0.959231 	 0.00125466	0.00262121
3115 	 4710 	 0.959232 	 0.00125486	0.00262164
3115 	 4715 	 0.959232 	 0.00125507	0.00262206
3115 	 4720 	 0.959233 	 0.00125527	0.00262248
3115 	 4725 	 0.959233 	 0.00125547	0.00262291
3115 	 4730 	 0.959234 	 0.00125567	0.00262333
3115 	 4735 	 0.959234 	 0.00125587	0.00262375
3115 	 4740 	 0.959235 	 0.00125608	0.00262417
3115 	 4745 	 0.959235 	 0.00125628	0.00262459
3115 	 4750 	 0.959235 	 0.00125648	0.00262501
3115 	 4755 	 0.959236 	 0.00125668	0.00262543
3115 	 4760 	 0.959236 	 0.00125688	0.00262585
3115 	 4765 	 0.959237 	 0.00125708	0.00262627
3115 	 4770 	 0.959237 	 0.00125728	0.00262668
3115 	 4775 	 0.959238 	 0.00125748	0.0026271
3115 	 4780 	 0.959238 	 0.00125768	0.00262752
3115 	 4785 	 0.959239 	 0.00125788	0.00262793
3115 	 4790 	 0.959239 	 0.00125807	0.00262835
3115 	 4795 	 0.959239 	 0.00125827	0.00262876
3115 	 4800 	 0.95924 	 0.00125847	0.00262918
3115 	 4805 	 0.95924 	 0.00125867	0.00262959
3115 	 4810 	 0.959241 	 0.00125887	0.00263
3115 	 4815 	 0.959241 	 0.00125906	0.00263041
3115 	 4820 	 0.959242 	 0.00125926	0.00263083
3115 	 4825 	 0.959242 	 0.00125946	0.00263124
3115 	 4830 	 0.959242 	 0.00125965	0.00263165
3115 	 4835 	 0.959243 	 0.00125985	0.00263206
3115 	 4840 	 0.959243 	 0.00126005	0.00263247
3115 	 4845 	 0.959244 	 0.00126024	0.00263288
3115 	 4850 	 0.959244 	 0.00126044	0.00263328
3115 	 4855 	 0.959245 	 0.00126063	0.00263369
3115 	 4860 	 0.959245 	 0.00126083	0.0026341
3115 	 4865 	 0.959246 	 0.00126102	0.0026345
3115 	 4870 	 0.959246 	 0.00126122	0.00263491
3115 	 4875 	 0.959246 	 0.00126141	0.00263532
3115 	 4880 	 0.959247 	 0.0012616	0.00263572
3115 	 4885 	 0.959247 	 0.0012618	0.00263612
3115 	 4890 	 0.959248 	 0.00126199	0.00263653
3115 	 4895 	 0.959248 	 0.00126218	0.00263693
3115 	 4900 	 0.959248 	 0.00126238	0.00263733
3115 	 4905 	 0.959249 	 0.00126257	0.00263774
3115 	 4910 	 0.959249 	 0.00126276	0.00263814
3115 	 4915 	 0.95925 	 0.00126295	0.00263854
3115 	 4920 	 0.95925 	 0.00126314	0.00263894
3115 	 4925 	 0.959251 	 0.00126334	0.00263934
3115 	 4930 	 0.959251 	 0.00126353	0.00263974
3115 	 4935 	 0.959251 	 0.00126372	0.00264014
3115 	 4940 	 0.959252 	 0.00126391	0.00264054
3115 	 4945 	 0.959252 	 0.0012641	0.00264093
3115 	 4950 	 0.959253 	 0.00126429	0.00264133
3115 	 4955 	 0.959253 	 0.00126448	0.00264173
3115 	 4960 	 0.959254 	 0.00126467	0.00264212
3115 	 4965 	 0.959254 	 0.00126486	0.00264252
3115 	 4970 	 0.959254 	 0.00126505	0.00264291
3115 	 4975 	 0.959255 	 0.00126524	0.00264331
3115 	 4980 	 0.959255 	 0.00126542	0.0026437
3115 	 4985 	 0.959256 	 0.00126561	0.0026441
3115 	 4990 	 0.959256 	 0.0012658	0.00264449
3115 	 4995 	 0.959256 	 0.00126599	0.00264488
3115 	 5000 	 0.959257 	 0.00126618	0.00264527
