840 	 5 	 0.88509 	 0.00310942 	 0.00647514
840 	 10 	 0.88541 	 0.00294292 	 0.00612842
840 	 15 	 0.886144 	 0.00262654 	 0.00546959
840 	 20 	 0.887789 	 0.00208653 	 0.00434506
840 	 25 	 0.89128 	 0.00138344 	 0.00288092
840 	 30 	 0.897902 	 0.0010516 	 0.00218988
840 	 35 	 0.908158 	 0.00107995 	 0.00224892
840 	 40 	 0.920299 	 0.000956147 	 0.00199111
840 	 45 	 0.930555 	 0.000891933 	 0.00185739
840 	 50 	 0.937091 	 0.000773102 	 0.00160993
840 	 55 	 0.940702 	 0.000618332 	 0.00128763
840 	 60 	 0.942651 	 0.000545672 	 0.00113632
840 	 65 	 0.943786 	 0.000518856 	 0.00108048
840 	 70 	 0.944543 	 0.000493486 	 0.00102765
840 	 75 	 0.945125 	 0.000463251 	 0.000964688
840 	 80 	 0.94562 	 0.000434856 	 0.000905557
840 	 85 	 0.946068 	 0.00041465 	 0.00086348
840 	 90 	 0.946487 	 0.000405701 	 0.000844844
840 	 95 	 0.946884 	 0.000408036 	 0.000849707
840 	 100 	 0.947263 	 0.000419758 	 0.000874118
840 	 105 	 0.947626 	 0.000438258 	 0.000912641
840 	 110 	 0.947973 	 0.000461049 	 0.000960103
840 	 115 	 0.948307 	 0.000486143 	 0.00101236
840 	 120 	 0.948627 	 0.000512085 	 0.00106638
840 	 125 	 0.948934 	 0.000537878 	 0.00112009
840 	 130 	 0.949228 	 0.00056286 	 0.00117212
840 	 135 	 0.949511 	 0.000586612 	 0.00122158
840 	 140 	 0.949783 	 0.000608882 	 0.00126795
840 	 145 	 0.950043 	 0.000629531 	 0.00131095
840 	 150 	 0.950293 	 0.000648501 	 0.00135046
840 	 155 	 0.950533 	 0.000665784 	 0.00138645
840 	 160 	 0.950763 	 0.000681412 	 0.00141899
840 	 165 	 0.950984 	 0.000695439 	 0.0014482
840 	 170 	 0.951196 	 0.000707936 	 0.00147423
840 	 175 	 0.9514 	 0.000718982 	 0.00149723
840 	 180 	 0.951595 	 0.000728665 	 0.00151739
840 	 185 	 0.951782 	 0.000737074 	 0.00153491
840 	 190 	 0.951962 	 0.0007443 	 0.00154995
840 	 195 	 0.952135 	 0.000750432 	 0.00156272
840 	 200 	 0.9523 	 0.000755558 	 0.0015734
840 	 205 	 0.952459 	 0.000759764 	 0.00158215
840 	 210 	 0.952612 	 0.000763131 	 0.00158917
840 	 215 	 0.952758 	 0.00076574 	 0.0015946
840 	 220 	 0.952899 	 0.000767666 	 0.00159861
840 	 225 	 0.953034 	 0.00076898 	 0.00160135
840 	 230 	 0.953163 	 0.00076975 	 0.00160295
840 	 235 	 0.953287 	 0.000770039 	 0.00160355
840 	 240 	 0.953407 	 0.000769909 	 0.00160328
840 	 245 	 0.953521 	 0.000769414 	 0.00160225
840 	 250 	 0.953631 	 0.000768608 	 0.00160057
840 	 255 	 0.953736 	 0.000767539 	 0.00159835
840 	 260 	 0.953837 	 0.000766253 	 0.00159567
840 	 265 	 0.953934 	 0.000764791 	 0.00159262
840 	 270 	 0.954027 	 0.000763192 	 0.00158929
840 	 275 	 0.954117 	 0.000761491 	 0.00158575
840 	 280 	 0.954203 	 0.000759719 	 0.00158206
840 	 285 	 0.954285 	 0.000757908 	 0.00157829
840 	 290 	 0.954364 	 0.000756081 	 0.00157449
840 	 295 	 0.95444 	 0.000754264 	 0.0015707
840 	 300 	 0.954512 	 0.000752478 	 0.00156698
840 	 305 	 0.954582 	 0.00075074 	 0.00156336
840 	 310 	 0.954649 	 0.000749067 	 0.00155988
840 	 315 	 0.954714 	 0.000747474 	 0.00155656
840 	 320 	 0.954775 	 0.000745972 	 0.00155343
840 	 325 	 0.954835 	 0.000744572 	 0.00155052
840 	 330 	 0.954891 	 0.000743282 	 0.00154783
840 	 335 	 0.954946 	 0.000742108 	 0.00154539
840 	 340 	 0.954998 	 0.000741057 	 0.0015432
840 	 345 	 0.955049 	 0.000740132 	 0.00154127
840 	 350 	 0.955097 	 0.000739334 	 0.00153961
840 	 355 	 0.955143 	 0.000738667 	 0.00153822
840 	 360 	 0.955187 	 0.00073813 	 0.0015371
840 	 365 	 0.95523 	 0.000737722 	 0.00153625
840 	 370 	 0.955271 	 0.000737442 	 0.00153567
840 	 375 	 0.95531 	 0.000737288 	 0.00153535
840 	 380 	 0.955348 	 0.000737258 	 0.00153529
840 	 385 	 0.955384 	 0.000737346 	 0.00153547
840 	 390 	 0.955419 	 0.000737551 	 0.0015359
840 	 395 	 0.955452 	 0.000737867 	 0.00153656
840 	 400 	 0.955484 	 0.00073829 	 0.00153744
840 	 405 	 0.955515 	 0.000738815 	 0.00153853
840 	 410 	 0.955544 	 0.000739437 	 0.00153983
840 	 415 	 0.955572 	 0.00074015 	 0.00154131
840 	 420 	 0.9556 	 0.00074095 	 0.00154298
840 	 425 	 0.955626 	 0.000741831 	 0.00154481
840 	 430 	 0.95565 	 0.000742788 	 0.0015468
840 	 435 	 0.955674 	 0.000743814 	 0.00154894
840 	 440 	 0.955697 	 0.000744906 	 0.00155121
840 	 445 	 0.95572 	 0.000746057 	 0.00155361
840 	 450 	 0.955741 	 0.000747263 	 0.00155612
840 	 455 	 0.955761 	 0.000748519 	 0.00155874
840 	 460 	 0.955781 	 0.000749819 	 0.00156145
840 	 465 	 0.955799 	 0.00075116 	 0.00156424
840 	 470 	 0.955817 	 0.000752535 	 0.0015671
840 	 475 	 0.955834 	 0.000753942 	 0.00157003
840 	 480 	 0.955851 	 0.000755376 	 0.00157302
840 	 485 	 0.955867 	 0.000756833 	 0.00157605
840 	 490 	 0.955882 	 0.000758309 	 0.00157913
840 	 495 	 0.955897 	 0.000759801 	 0.00158223
840 	 500 	 0.955911 	 0.000761305 	 0.00158536
840 	 505 	 0.955924 	 0.000762818 	 0.00158851
840 	 510 	 0.955937 	 0.000764336 	 0.00159168
840 	 515 	 0.95595 	 0.000765858 	 0.00159485
840 	 520 	 0.955961 	 0.00076738 	 0.00159802
840 	 525 	 0.955973 	 0.0007689 	 0.00160118
840 	 530 	 0.955984 	 0.000770416 	 0.00160434
840 	 535 	 0.955994 	 0.000771925 	 0.00160748
840 	 540 	 0.956005 	 0.000773425 	 0.0016106
840 	 545 	 0.956014 	 0.000774915 	 0.00161371
840 	 550 	 0.956024 	 0.000776393 	 0.00161678
840 	 555 	 0.956032 	 0.000777858 	 0.00161983
840 	 560 	 0.956041 	 0.000779307 	 0.00162285
840 	 565 	 0.956049 	 0.00078074 	 0.00162584
840 	 570 	 0.956057 	 0.000782155 	 0.00162878
840 	 575 	 0.956065 	 0.000783552 	 0.00163169
840 	 580 	 0.956072 	 0.000784929 	 0.00163456
840 	 585 	 0.956079 	 0.000786286 	 0.00163738
840 	 590 	 0.956086 	 0.000787621 	 0.00164017
840 	 595 	 0.956092 	 0.000788935 	 0.0016429
840 	 600 	 0.956098 	 0.000790227 	 0.00164559
840 	 605 	 0.956104 	 0.000791496 	 0.00164824
840 	 610 	 0.95611 	 0.000792742 	 0.00165083
840 	 615 	 0.956115 	 0.000793964 	 0.00165337
840 	 620 	 0.95612 	 0.000795163 	 0.00165587
840 	 625 	 0.956126 	 0.000796338 	 0.00165832
840 	 630 	 0.95613 	 0.000797488 	 0.00166071
840 	 635 	 0.956135 	 0.000798615 	 0.00166306
840 	 640 	 0.956139 	 0.000799717 	 0.00166535
840 	 645 	 0.956144 	 0.000800795 	 0.0016676
840 	 650 	 0.956148 	 0.000801849 	 0.00166979
840 	 655 	 0.956152 	 0.000802879 	 0.00167194
840 	 660 	 0.956155 	 0.000803885 	 0.00167403
840 	 665 	 0.956159 	 0.000804867 	 0.00167608
840 	 670 	 0.956162 	 0.000805826 	 0.00167808
840 	 675 	 0.956166 	 0.000806761 	 0.00168002
840 	 680 	 0.956169 	 0.000807673 	 0.00168192
840 	 685 	 0.956172 	 0.000808563 	 0.00168378
840 	 690 	 0.956175 	 0.00080943 	 0.00168558
840 	 695 	 0.956178 	 0.000810274 	 0.00168734
840 	 700 	 0.956181 	 0.000811097 	 0.00168905
840 	 705 	 0.956183 	 0.000811898 	 0.00169072
840 	 710 	 0.956186 	 0.000812678 	 0.00169234
840 	 715 	 0.956188 	 0.000813437 	 0.00169392
840 	 720 	 0.95619 	 0.000814175 	 0.00169546
840 	 725 	 0.956193 	 0.000814893 	 0.00169696
840 	 730 	 0.956195 	 0.000815592 	 0.00169841
840 	 735 	 0.956197 	 0.00081627 	 0.00169983
840 	 740 	 0.956199 	 0.00081693 	 0.0017012
840 	 745 	 0.9562 	 0.000817572 	 0.00170254
840 	 750 	 0.956202 	 0.000818195 	 0.00170383
840 	 755 	 0.956204 	 0.0008188 	 0.00170509
840 	 760 	 0.956206 	 0.000819388 	 0.00170632
840 	 765 	 0.956207 	 0.000819958 	 0.00170751
840 	 770 	 0.956209 	 0.000820512 	 0.00170866
840 	 775 	 0.95621 	 0.00082105 	 0.00170978
840 	 780 	 0.956212 	 0.000821571 	 0.00171086
840 	 785 	 0.956213 	 0.000822078 	 0.00171192
840 	 790 	 0.956214 	 0.000822569 	 0.00171294
840 	 795 	 0.956216 	 0.000823045 	 0.00171393
840 	 800 	 0.956217 	 0.000823507 	 0.00171489
840 	 805 	 0.956218 	 0.000823954 	 0.00171583
840 	 810 	 0.956219 	 0.000824388 	 0.00171673
840 	 815 	 0.95622 	 0.000824809 	 0.00171761
840 	 820 	 0.956221 	 0.000825217 	 0.00171846
840 	 825 	 0.956222 	 0.000825612 	 0.00171928
840 	 830 	 0.956223 	 0.000825995 	 0.00172008
840 	 835 	 0.956224 	 0.000826366 	 0.00172085
840 	 840 	 0.956225 	 0.000826725 	 0.0017216
840 	 845 	 0.956225 	 0.000827073 	 0.00172232
840 	 850 	 0.956226 	 0.00082741 	 0.00172302
840 	 855 	 0.956227 	 0.000827736 	 0.0017237
840 	 860 	 0.956228 	 0.000828052 	 0.00172436
840 	 865 	 0.956228 	 0.000828357 	 0.001725
840 	 870 	 0.956229 	 0.000828653 	 0.00172561
840 	 875 	 0.95623 	 0.00082894 	 0.00172621
840 	 880 	 0.95623 	 0.000829217 	 0.00172679
840 	 885 	 0.956231 	 0.000829485 	 0.00172734
840 	 890 	 0.956232 	 0.000829745 	 0.00172789
840 	 895 	 0.956232 	 0.000829996 	 0.00172841
840 	 900 	 0.956233 	 0.000830239 	 0.00172891
840 	 905 	 0.956233 	 0.000830474 	 0.0017294
840 	 910 	 0.956234 	 0.000830701 	 0.00172988
840 	 915 	 0.956234 	 0.000830921 	 0.00173033
840 	 920 	 0.956234 	 0.000831133 	 0.00173078
840 	 925 	 0.956235 	 0.000831339 	 0.0017312
840 	 930 	 0.956235 	 0.000831537 	 0.00173162
840 	 935 	 0.956236 	 0.000831729 	 0.00173202
840 	 940 	 0.956236 	 0.000831915 	 0.0017324
840 	 945 	 0.956236 	 0.000832094 	 0.00173278
840 	 950 	 0.956237 	 0.000832268 	 0.00173314
840 	 955 	 0.956237 	 0.000832436 	 0.00173349
840 	 960 	 0.956237 	 0.000832598 	 0.00173383
840 	 965 	 0.956238 	 0.000832754 	 0.00173415
840 	 970 	 0.956238 	 0.000832906 	 0.00173447
840 	 975 	 0.956238 	 0.000833052 	 0.00173477
840 	 980 	 0.956239 	 0.000833193 	 0.00173507
840 	 985 	 0.956239 	 0.00083333 	 0.00173535
840 	 990 	 0.956239 	 0.000833461 	 0.00173562
840 	 995 	 0.956239 	 0.000833589 	 0.00173589
840 	 1000 	 0.95624 	 0.000833712 	 0.00173615
840 	 1005 	 0.95624 	 0.000833831 	 0.00173639
840 	 1010 	 0.95624 	 0.000833945 	 0.00173663
840 	 1015 	 0.95624 	 0.000834056 	 0.00173686
840 	 1020 	 0.95624 	 0.000834163 	 0.00173709
840 	 1025 	 0.956241 	 0.000834267 	 0.0017373
840 	 1030 	 0.956241 	 0.000834366 	 0.00173751
840 	 1035 	 0.956241 	 0.000834463 	 0.00173771
840 	 1040 	 0.956241 	 0.000834556 	 0.0017379
840 	 1045 	 0.956241 	 0.000834646 	 0.00173809
840 	 1050 	 0.956241 	 0.000834732 	 0.00173827
840 	 1055 	 0.956242 	 0.000834816 	 0.00173845
840 	 1060 	 0.956242 	 0.000834897 	 0.00173861
840 	 1065 	 0.956242 	 0.000834975 	 0.00173878
840 	 1070 	 0.956242 	 0.00083505 	 0.00173893
840 	 1075 	 0.956242 	 0.000835123 	 0.00173908
840 	 1080 	 0.956242 	 0.000835193 	 0.00173923
840 	 1085 	 0.956242 	 0.000835261 	 0.00173937
840 	 1090 	 0.956242 	 0.000835326 	 0.00173951
840 	 1095 	 0.956243 	 0.000835389 	 0.00173964
840 	 1100 	 0.956243 	 0.00083545 	 0.00173977
840 	 1105 	 0.956243 	 0.000835509 	 0.00173989
840 	 1110 	 0.956243 	 0.000835565 	 0.00174001
840 	 1115 	 0.956243 	 0.00083562 	 0.00174012
840 	 1120 	 0.956243 	 0.000835673 	 0.00174023
840 	 1125 	 0.956243 	 0.000835724 	 0.00174034
840 	 1130 	 0.956243 	 0.000835773 	 0.00174044
840 	 1135 	 0.956243 	 0.00083582 	 0.00174054
840 	 1140 	 0.956243 	 0.000835866 	 0.00174063
840 	 1145 	 0.956243 	 0.00083591 	 0.00174072
840 	 1150 	 0.956243 	 0.000835953 	 0.00174081
840 	 1155 	 0.956243 	 0.000835994 	 0.0017409
840 	 1160 	 0.956244 	 0.000836033 	 0.00174098
840 	 1165 	 0.956244 	 0.000836071 	 0.00174106
840 	 1170 	 0.956244 	 0.000836108 	 0.00174114
840 	 1175 	 0.956244 	 0.000836144 	 0.00174121
840 	 1180 	 0.956244 	 0.000836178 	 0.00174128
840 	 1185 	 0.956244 	 0.000836211 	 0.00174135
840 	 1190 	 0.956244 	 0.000836243 	 0.00174142
840 	 1195 	 0.956244 	 0.000836274 	 0.00174148
840 	 1200 	 0.956244 	 0.000836303 	 0.00174154
840 	 1205 	 0.956244 	 0.000836332 	 0.0017416
840 	 1210 	 0.956244 	 0.000836359 	 0.00174166
840 	 1215 	 0.956244 	 0.000836386 	 0.00174171
840 	 1220 	 0.956244 	 0.000836411 	 0.00174177
840 	 1225 	 0.956244 	 0.000836436 	 0.00174182
840 	 1230 	 0.956244 	 0.00083646 	 0.00174187
840 	 1235 	 0.956244 	 0.000836483 	 0.00174192
840 	 1240 	 0.956244 	 0.000836505 	 0.00174196
840 	 1245 	 0.956244 	 0.000836526 	 0.00174201
840 	 1250 	 0.956244 	 0.000836547 	 0.00174205
840 	 1255 	 0.956244 	 0.000836567 	 0.00174209
840 	 1260 	 0.956244 	 0.000836586 	 0.00174213
840 	 1265 	 0.956244 	 0.000836604 	 0.00174217
840 	 1270 	 0.956244 	 0.000836622 	 0.00174221
840 	 1275 	 0.956244 	 0.000836639 	 0.00174224
840 	 1280 	 0.956244 	 0.000836656 	 0.00174228
840 	 1285 	 0.956244 	 0.000836672 	 0.00174231
840 	 1290 	 0.956245 	 0.000836687 	 0.00174234
840 	 1295 	 0.956245 	 0.000836702 	 0.00174237
840 	 1300 	 0.956245 	 0.000836716 	 0.0017424
840 	 1305 	 0.956245 	 0.00083673 	 0.00174243
840 	 1310 	 0.956245 	 0.000836743 	 0.00174246
840 	 1315 	 0.956245 	 0.000836756 	 0.00174249
840 	 1320 	 0.956245 	 0.000836768 	 0.00174251
840 	 1325 	 0.956245 	 0.00083678 	 0.00174254
840 	 1330 	 0.956245 	 0.000836791 	 0.00174256
840 	 1335 	 0.956245 	 0.000836802 	 0.00174258
840 	 1340 	 0.956245 	 0.000836813 	 0.0017426
840 	 1345 	 0.956245 	 0.000836823 	 0.00174263
840 	 1350 	 0.956245 	 0.000836833 	 0.00174265
840 	 1355 	 0.956245 	 0.000836843 	 0.00174267
840 	 1360 	 0.956245 	 0.000836852 	 0.00174269
840 	 1365 	 0.956245 	 0.000836861 	 0.0017427
840 	 1370 	 0.956245 	 0.000836869 	 0.00174272
840 	 1375 	 0.956245 	 0.000836877 	 0.00174274
840 	 1380 	 0.956245 	 0.000836885 	 0.00174275
840 	 1385 	 0.956245 	 0.000836893 	 0.00174277
840 	 1390 	 0.956245 	 0.0008369 	 0.00174279
840 	 1395 	 0.956245 	 0.000836907 	 0.0017428
840 	 1400 	 0.956245 	 0.000836914 	 0.00174281
840 	 1405 	 0.956245 	 0.00083692 	 0.00174283
840 	 1410 	 0.956245 	 0.000836927 	 0.00174284
840 	 1415 	 0.956245 	 0.000836933 	 0.00174285
840 	 1420 	 0.956245 	 0.000836939 	 0.00174287
840 	 1425 	 0.956245 	 0.000836944 	 0.00174288
840 	 1430 	 0.956245 	 0.00083695 	 0.00174289
840 	 1435 	 0.956245 	 0.000836955 	 0.0017429
840 	 1440 	 0.956245 	 0.00083696 	 0.00174291
840 	 1445 	 0.956245 	 0.000836965 	 0.00174292
840 	 1450 	 0.956245 	 0.00083697 	 0.00174293
840 	 1455 	 0.956245 	 0.000836974 	 0.00174294
840 	 1460 	 0.956245 	 0.000836978 	 0.00174295
840 	 1465 	 0.956245 	 0.000836983 	 0.00174296
840 	 1470 	 0.956245 	 0.000836987 	 0.00174297
840 	 1475 	 0.956245 	 0.000836991 	 0.00174297
840 	 1480 	 0.956245 	 0.000836994 	 0.00174298
840 	 1485 	 0.956245 	 0.000836998 	 0.00174299
840 	 1490 	 0.956245 	 0.000837001 	 0.001743
840 	 1495 	 0.956245 	 0.000837005 	 0.001743
840 	 1500 	 0.956245 	 0.000837008 	 0.00174301
840 	 1505 	 0.956245 	 0.000837011 	 0.00174302
840 	 1510 	 0.956245 	 0.000837014 	 0.00174302
840 	 1515 	 0.956245 	 0.000837017 	 0.00174303
840 	 1520 	 0.956245 	 0.00083702 	 0.00174303
840 	 1525 	 0.956245 	 0.000837022 	 0.00174304
840 	 1530 	 0.956245 	 0.000837025 	 0.00174305
840 	 1535 	 0.956245 	 0.000837027 	 0.00174305
840 	 1540 	 0.956245 	 0.00083703 	 0.00174306
840 	 1545 	 0.956245 	 0.000837032 	 0.00174306
840 	 1550 	 0.956245 	 0.000837034 	 0.00174307
840 	 1555 	 0.956245 	 0.000837036 	 0.00174307
840 	 1560 	 0.956245 	 0.000837038 	 0.00174307
840 	 1565 	 0.956245 	 0.00083704 	 0.00174308
840 	 1570 	 0.956245 	 0.000837042 	 0.00174308
840 	 1575 	 0.956245 	 0.000837044 	 0.00174309
840 	 1580 	 0.956245 	 0.000837046 	 0.00174309
840 	 1585 	 0.956245 	 0.000837048 	 0.00174309
840 	 1590 	 0.956245 	 0.000837049 	 0.0017431
840 	 1595 	 0.956245 	 0.000837051 	 0.0017431
840 	 1600 	 0.956245 	 0.000837052 	 0.0017431
840 	 1605 	 0.956245 	 0.000837054 	 0.00174311
840 	 1610 	 0.956245 	 0.000837055 	 0.00174311
840 	 1615 	 0.956245 	 0.000837057 	 0.00174311
840 	 1620 	 0.956245 	 0.000837058 	 0.00174311
840 	 1625 	 0.956245 	 0.000837059 	 0.00174312
840 	 1630 	 0.956245 	 0.00083706 	 0.00174312
840 	 1635 	 0.956245 	 0.000837061 	 0.00174312
840 	 1640 	 0.956245 	 0.000837063 	 0.00174312
840 	 1645 	 0.956245 	 0.000837064 	 0.00174313
840 	 1650 	 0.956245 	 0.000837065 	 0.00174313
840 	 1655 	 0.956245 	 0.000837066 	 0.00174313
840 	 1660 	 0.956245 	 0.000837067 	 0.00174313
840 	 1665 	 0.956245 	 0.000837068 	 0.00174313
840 	 1670 	 0.956245 	 0.000837068 	 0.00174314
840 	 1675 	 0.956245 	 0.000837069 	 0.00174314
840 	 1680 	 0.956245 	 0.00083707 	 0.00174314
840 	 1685 	 0.956245 	 0.000837071 	 0.00174314
840 	 1690 	 0.956245 	 0.000837072 	 0.00174314
840 	 1695 	 0.956245 	 0.000837072 	 0.00174314
840 	 1700 	 0.956245 	 0.000837073 	 0.00174315
840 	 1705 	 0.956245 	 0.000837074 	 0.00174315
840 	 1710 	 0.956245 	 0.000837074 	 0.00174315
840 	 1715 	 0.956245 	 0.000837075 	 0.00174315
840 	 1720 	 0.956245 	 0.000837076 	 0.00174315
840 	 1725 	 0.956245 	 0.000837076 	 0.00174315
840 	 1730 	 0.956245 	 0.000837077 	 0.00174315
840 	 1735 	 0.956245 	 0.000837077 	 0.00174315
840 	 1740 	 0.956245 	 0.000837078 	 0.00174316
840 	 1745 	 0.956245 	 0.000837078 	 0.00174316
840 	 1750 	 0.956245 	 0.000837079 	 0.00174316
840 	 1755 	 0.956245 	 0.000837079 	 0.00174316
840 	 1760 	 0.956245 	 0.00083708 	 0.00174316
840 	 1765 	 0.956245 	 0.00083708 	 0.00174316
840 	 1770 	 0.956245 	 0.000837081 	 0.00174316
840 	 1775 	 0.956245 	 0.000837081 	 0.00174316
840 	 1780 	 0.956245 	 0.000837081 	 0.00174316
840 	 1785 	 0.956245 	 0.000837082 	 0.00174316
840 	 1790 	 0.956245 	 0.000837082 	 0.00174316
840 	 1795 	 0.956245 	 0.000837083 	 0.00174317
840 	 1800 	 0.956245 	 0.000837083 	 0.00174317
840 	 1805 	 0.956245 	 0.000837083 	 0.00174317
840 	 1810 	 0.956245 	 0.000837083 	 0.00174317
840 	 1815 	 0.956245 	 0.000837084 	 0.00174317
840 	 1820 	 0.956245 	 0.000837084 	 0.00174317
840 	 1825 	 0.956245 	 0.000837084 	 0.00174317
840 	 1830 	 0.956245 	 0.000837085 	 0.00174317
840 	 1835 	 0.956245 	 0.000837085 	 0.00174317
840 	 1840 	 0.956245 	 0.000837085 	 0.00174317
840 	 1845 	 0.956245 	 0.000837085 	 0.00174317
840 	 1850 	 0.956245 	 0.000837086 	 0.00174317
840 	 1855 	 0.956245 	 0.000837086 	 0.00174317
840 	 1860 	 0.956245 	 0.000837086 	 0.00174317
840 	 1865 	 0.956245 	 0.000837086 	 0.00174317
840 	 1870 	 0.956245 	 0.000837086 	 0.00174317
840 	 1875 	 0.956245 	 0.000837087 	 0.00174317
840 	 1880 	 0.956245 	 0.000837087 	 0.00174317
840 	 1885 	 0.956245 	 0.000837087 	 0.00174317
840 	 1890 	 0.956245 	 0.000837087 	 0.00174318
840 	 1895 	 0.956245 	 0.000837087 	 0.00174318
840 	 1900 	 0.956245 	 0.000837087 	 0.00174318
840 	 1905 	 0.956245 	 0.000837088 	 0.00174318
840 	 1910 	 0.956245 	 0.000837088 	 0.00174318
840 	 1915 	 0.956245 	 0.000837088 	 0.00174318
840 	 1920 	 0.956245 	 0.000837088 	 0.00174318
840 	 1925 	 0.956245 	 0.000837088 	 0.00174318
840 	 1930 	 0.956245 	 0.000837088 	 0.00174318
840 	 1935 	 0.956245 	 0.000837088 	 0.00174318
840 	 1940 	 0.956245 	 0.000837088 	 0.00174318
840 	 1945 	 0.956245 	 0.000837089 	 0.00174318
840 	 1950 	 0.956245 	 0.000837089 	 0.00174318
840 	 1955 	 0.956245 	 0.000837089 	 0.00174318
840 	 1960 	 0.956245 	 0.000837089 	 0.00174318
840 	 1965 	 0.956245 	 0.000837089 	 0.00174318
840 	 1970 	 0.956245 	 0.000837089 	 0.00174318
840 	 1975 	 0.956245 	 0.000837089 	 0.00174318
840 	 1980 	 0.956245 	 0.000837089 	 0.00174318
840 	 1985 	 0.956245 	 0.000837089 	 0.00174318
840 	 1990 	 0.956245 	 0.000837089 	 0.00174318
840 	 1995 	 0.956245 	 0.000837089 	 0.00174318
840 	 2000 	 0.956245 	 0.000837089 	 0.00174318
840 	 2005 	 0.956245 	 0.00083709 	 0.00174318
840 	 2010 	 0.956245 	 0.00083709 	 0.00174318
840 	 2015 	 0.956245 	 0.00083709 	 0.00174318
840 	 2020 	 0.956245 	 0.00083709 	 0.00174318
840 	 2025 	 0.956245 	 0.00083709 	 0.00174318
840 	 2030 	 0.956245 	 0.00083709 	 0.00174318
840 	 2035 	 0.956245 	 0.00083709 	 0.00174318
840 	 2040 	 0.956245 	 0.00083709 	 0.00174318
840 	 2045 	 0.956245 	 0.00083709 	 0.00174318
840 	 2050 	 0.956245 	 0.00083709 	 0.00174318
840 	 2055 	 0.956245 	 0.00083709 	 0.00174318
840 	 2060 	 0.956245 	 0.00083709 	 0.00174318
840 	 2065 	 0.956245 	 0.00083709 	 0.00174318
840 	 2070 	 0.956245 	 0.00083709 	 0.00174318
840 	 2075 	 0.956245 	 0.00083709 	 0.00174318
840 	 2080 	 0.956245 	 0.00083709 	 0.00174318
840 	 2085 	 0.956245 	 0.00083709 	 0.00174318
840 	 2090 	 0.956245 	 0.00083709 	 0.00174318
840 	 2095 	 0.956245 	 0.00083709 	 0.00174318
840 	 2100 	 0.956245 	 0.00083709 	 0.00174318
840 	 2105 	 0.956245 	 0.00083709 	 0.00174318
840 	 2110 	 0.956245 	 0.00083709 	 0.00174318
840 	 2115 	 0.956245 	 0.000837091 	 0.00174318
840 	 2120 	 0.956245 	 0.000837091 	 0.00174318
840 	 2125 	 0.956245 	 0.000837091 	 0.00174318
840 	 2130 	 0.956245 	 0.000837091 	 0.00174318
840 	 2135 	 0.956245 	 0.000837091 	 0.00174318
840 	 2140 	 0.956245 	 0.000837091 	 0.00174318
840 	 2145 	 0.956245 	 0.000837091 	 0.00174318
840 	 2150 	 0.956245 	 0.000837091 	 0.00174318
840 	 2155 	 0.956245 	 0.000837091 	 0.00174318
840 	 2160 	 0.956245 	 0.000837091 	 0.00174318
840 	 2165 	 0.956245 	 0.000837091 	 0.00174318
840 	 2170 	 0.956245 	 0.000837091 	 0.00174318
840 	 2175 	 0.956245 	 0.000837091 	 0.00174318
840 	 2180 	 0.956245 	 0.000837091 	 0.00174318
840 	 2185 	 0.956245 	 0.000837091 	 0.00174318
840 	 2190 	 0.956245 	 0.000837091 	 0.00174318
840 	 2195 	 0.956245 	 0.000837091 	 0.00174318
840 	 2200 	 0.956245 	 0.000837091 	 0.00174318
840 	 2205 	 0.956245 	 0.000837091 	 0.00174318
840 	 2210 	 0.956245 	 0.000837091 	 0.00174318
840 	 2215 	 0.956245 	 0.000837091 	 0.00174318
840 	 2220 	 0.956245 	 0.000837091 	 0.00174318
840 	 2225 	 0.956245 	 0.000837091 	 0.00174318
840 	 2230 	 0.956245 	 0.000837091 	 0.00174318
840 	 2235 	 0.956245 	 0.000837091 	 0.00174318
840 	 2240 	 0.956245 	 0.000837091 	 0.00174318
840 	 2245 	 0.956245 	 0.000837091 	 0.00174318
840 	 2250 	 0.956245 	 0.000837091 	 0.00174318
840 	 2255 	 0.956245 	 0.000837091 	 0.00174318
840 	 2260 	 0.956245 	 0.000837091 	 0.00174318
840 	 2265 	 0.956245 	 0.000837091 	 0.00174318
840 	 2270 	 0.956245 	 0.000837091 	 0.00174318
840 	 2275 	 0.956245 	 0.000837091 	 0.00174318
840 	 2280 	 0.956245 	 0.000837091 	 0.00174318
840 	 2285 	 0.956245 	 0.000837091 	 0.00174318
840 	 2290 	 0.956245 	 0.000837091 	 0.00174318
840 	 2295 	 0.956245 	 0.000837091 	 0.00174318
840 	 2300 	 0.956245 	 0.000837091 	 0.00174318
840 	 2305 	 0.956245 	 0.000837091 	 0.00174318
840 	 2310 	 0.956245 	 0.000837091 	 0.00174318
840 	 2315 	 0.956245 	 0.000837091 	 0.00174318
840 	 2320 	 0.956245 	 0.000837091 	 0.00174318
840 	 2325 	 0.956245 	 0.000837091 	 0.00174318
840 	 2330 	 0.956245 	 0.000837091 	 0.00174318
840 	 2335 	 0.956245 	 0.000837091 	 0.00174318
840 	 2340 	 0.956245 	 0.000837091 	 0.00174318
840 	 2345 	 0.956245 	 0.000837091 	 0.00174318
840 	 2350 	 0.956245 	 0.000837091 	 0.00174318
840 	 2355 	 0.956245 	 0.000837091 	 0.00174318
840 	 2360 	 0.956245 	 0.000837091 	 0.00174318
840 	 2365 	 0.956245 	 0.000837091 	 0.00174318
840 	 2370 	 0.956245 	 0.000837091 	 0.00174318
840 	 2375 	 0.956245 	 0.000837091 	 0.00174318
840 	 2380 	 0.956245 	 0.000837091 	 0.00174318
840 	 2385 	 0.956245 	 0.000837091 	 0.00174318
840 	 2390 	 0.956245 	 0.000837091 	 0.00174318
840 	 2395 	 0.956245 	 0.000837091 	 0.00174318
840 	 2400 	 0.956245 	 0.000837091 	 0.00174318
840 	 2405 	 0.956245 	 0.000837091 	 0.00174318
840 	 2410 	 0.956245 	 0.000837091 	 0.00174318
840 	 2415 	 0.956245 	 0.000837091 	 0.00174318
840 	 2420 	 0.956245 	 0.000837091 	 0.00174318
840 	 2425 	 0.956245 	 0.000837091 	 0.00174318
840 	 2430 	 0.956245 	 0.000837091 	 0.00174318
840 	 2435 	 0.956245 	 0.000837091 	 0.00174318
840 	 2440 	 0.956245 	 0.000837091 	 0.00174318
840 	 2445 	 0.956245 	 0.000837091 	 0.00174318
840 	 2450 	 0.956245 	 0.000837091 	 0.00174318
840 	 2455 	 0.956245 	 0.000837091 	 0.00174318
840 	 2460 	 0.956245 	 0.000837091 	 0.00174318
840 	 2465 	 0.956245 	 0.000837091 	 0.00174318
840 	 2470 	 0.956245 	 0.000837091 	 0.00174318
840 	 2475 	 0.956245 	 0.000837091 	 0.00174318
840 	 2480 	 0.956245 	 0.000837091 	 0.00174318
840 	 2485 	 0.956245 	 0.000837091 	 0.00174318
840 	 2490 	 0.956245 	 0.000837091 	 0.00174318
840 	 2495 	 0.956245 	 0.000837091 	 0.00174318
840 	 2500 	 0.956245 	 0.000837091 	 0.00174318
840 	 2505 	 0.956245 	 0.000837091 	 0.00174318
840 	 2510 	 0.956245 	 0.000837091 	 0.00174318
840 	 2515 	 0.956245 	 0.000837091 	 0.00174318
840 	 2520 	 0.956245 	 0.000837091 	 0.00174318
840 	 2525 	 0.956245 	 0.000837091 	 0.00174318
840 	 2530 	 0.956245 	 0.000837091 	 0.00174318
840 	 2535 	 0.956245 	 0.000837091 	 0.00174318
840 	 2540 	 0.956245 	 0.000837091 	 0.00174318
840 	 2545 	 0.956245 	 0.000837091 	 0.00174318
840 	 2550 	 0.956245 	 0.000837091 	 0.00174318
840 	 2555 	 0.956245 	 0.000837091 	 0.00174318
840 	 2560 	 0.956245 	 0.000837091 	 0.00174318
840 	 2565 	 0.956245 	 0.000837091 	 0.00174318
840 	 2570 	 0.956245 	 0.000837091 	 0.00174318
840 	 2575 	 0.956245 	 0.000837091 	 0.00174318
840 	 2580 	 0.956245 	 0.000837091 	 0.00174318
840 	 2585 	 0.956245 	 0.000837091 	 0.00174318
840 	 2590 	 0.956245 	 0.000837091 	 0.00174318
840 	 2595 	 0.956245 	 0.000837091 	 0.00174318
840 	 2600 	 0.956245 	 0.000837091 	 0.00174318
840 	 2605 	 0.956245 	 0.000837091 	 0.00174318
840 	 2610 	 0.956245 	 0.000837091 	 0.00174318
840 	 2615 	 0.956245 	 0.000837091 	 0.00174318
840 	 2620 	 0.956245 	 0.000837091 	 0.00174318
840 	 2625 	 0.956245 	 0.000837091 	 0.00174318
840 	 2630 	 0.956245 	 0.000837091 	 0.00174318
840 	 2635 	 0.956245 	 0.000837091 	 0.00174318
840 	 2640 	 0.956245 	 0.000837091 	 0.00174318
840 	 2645 	 0.956245 	 0.000837091 	 0.00174318
840 	 2650 	 0.956245 	 0.000837091 	 0.00174318
840 	 2655 	 0.956245 	 0.000837091 	 0.00174318
840 	 2660 	 0.956245 	 0.000837091 	 0.00174318
840 	 2665 	 0.956245 	 0.000837091 	 0.00174318
840 	 2670 	 0.956245 	 0.000837091 	 0.00174318
840 	 2675 	 0.956245 	 0.000837091 	 0.00174318
840 	 2680 	 0.956245 	 0.000837091 	 0.00174318
840 	 2685 	 0.956245 	 0.000837091 	 0.00174318
840 	 2690 	 0.956245 	 0.000837091 	 0.00174318
840 	 2695 	 0.956245 	 0.000837091 	 0.00174318
840 	 2700 	 0.956245 	 0.000837091 	 0.00174318
840 	 2705 	 0.956245 	 0.000837091 	 0.00174318
840 	 2710 	 0.956245 	 0.000837091 	 0.00174318
840 	 2715 	 0.956245 	 0.000837091 	 0.00174318
840 	 2720 	 0.956245 	 0.000837091 	 0.00174318
840 	 2725 	 0.956245 	 0.000837091 	 0.00174318
840 	 2730 	 0.956245 	 0.000837091 	 0.00174318
840 	 2735 	 0.956245 	 0.000837091 	 0.00174318
840 	 2740 	 0.956245 	 0.000837091 	 0.00174318
840 	 2745 	 0.956245 	 0.000837091 	 0.00174318
840 	 2750 	 0.956245 	 0.000837091 	 0.00174318
840 	 2755 	 0.956245 	 0.000837091 	 0.00174318
840 	 2760 	 0.956245 	 0.000837091 	 0.00174318
840 	 2765 	 0.956245 	 0.000837091 	 0.00174318
840 	 2770 	 0.956245 	 0.000837091 	 0.00174318
840 	 2775 	 0.956245 	 0.000837091 	 0.00174318
840 	 2780 	 0.956245 	 0.000837091 	 0.00174318
840 	 2785 	 0.956245 	 0.000837091 	 0.00174318
840 	 2790 	 0.956245 	 0.000837091 	 0.00174318
840 	 2795 	 0.956245 	 0.000837091 	 0.00174318
840 	 2800 	 0.956245 	 0.000837091 	 0.00174318
840 	 2805 	 0.956245 	 0.000837091 	 0.00174318
840 	 2810 	 0.956245 	 0.000837091 	 0.00174318
840 	 2815 	 0.956245 	 0.000837091 	 0.00174318
840 	 2820 	 0.956245 	 0.000837091 	 0.00174318
840 	 2825 	 0.956245 	 0.000837091 	 0.00174318
840 	 2830 	 0.956245 	 0.000837091 	 0.00174318
840 	 2835 	 0.956245 	 0.000837091 	 0.00174318
840 	 2840 	 0.956245 	 0.000837091 	 0.00174318
840 	 2845 	 0.956245 	 0.000837091 	 0.00174318
840 	 2850 	 0.956245 	 0.000837091 	 0.00174318
840 	 2855 	 0.956245 	 0.000837091 	 0.00174318
840 	 2860 	 0.956245 	 0.000837091 	 0.00174318
840 	 2865 	 0.956245 	 0.000837091 	 0.00174318
840 	 2870 	 0.956245 	 0.000837091 	 0.00174318
840 	 2875 	 0.956245 	 0.000837091 	 0.00174318
840 	 2880 	 0.956245 	 0.000837091 	 0.00174318
840 	 2885 	 0.956245 	 0.000837091 	 0.00174318
840 	 2890 	 0.956245 	 0.000837091 	 0.00174318
840 	 2895 	 0.956245 	 0.000837091 	 0.00174318
840 	 2900 	 0.956245 	 0.000837091 	 0.00174318
840 	 2905 	 0.956245 	 0.000837091 	 0.00174318
840 	 2910 	 0.956245 	 0.000837091 	 0.00174318
840 	 2915 	 0.956245 	 0.000837091 	 0.00174318
840 	 2920 	 0.956245 	 0.000837091 	 0.00174318
840 	 2925 	 0.956245 	 0.000837091 	 0.00174318
840 	 2930 	 0.956245 	 0.000837091 	 0.00174318
840 	 2935 	 0.956245 	 0.000837091 	 0.00174318
840 	 2940 	 0.956245 	 0.000837091 	 0.00174318
840 	 2945 	 0.956245 	 0.000837091 	 0.00174318
840 	 2950 	 0.956245 	 0.000837091 	 0.00174318
840 	 2955 	 0.956245 	 0.000837091 	 0.00174318
840 	 2960 	 0.956245 	 0.000837091 	 0.00174318
840 	 2965 	 0.956245 	 0.000837091 	 0.00174318
840 	 2970 	 0.956245 	 0.000837091 	 0.00174318
840 	 2975 	 0.956245 	 0.000837091 	 0.00174318
840 	 2980 	 0.956245 	 0.000837091 	 0.00174318
840 	 2985 	 0.956245 	 0.000837091 	 0.00174318
840 	 2990 	 0.956245 	 0.000837091 	 0.00174318
840 	 2995 	 0.956245 	 0.000837091 	 0.00174318
840 	 3000 	 0.956245 	 0.000837091 	 0.00174318
840 	 3005 	 0.956245 	 0.000837091 	 0.00174318
840 	 3010 	 0.956245 	 0.000837091 	 0.00174318
840 	 3015 	 0.956245 	 0.000837091 	 0.00174318
840 	 3020 	 0.956245 	 0.000837091 	 0.00174318
840 	 3025 	 0.956245 	 0.000837091 	 0.00174318
840 	 3030 	 0.956245 	 0.000837091 	 0.00174318
840 	 3035 	 0.956245 	 0.000837091 	 0.00174318
840 	 3040 	 0.956245 	 0.000837091 	 0.00174318
840 	 3045 	 0.956245 	 0.000837091 	 0.00174318
840 	 3050 	 0.956245 	 0.000837091 	 0.00174318
840 	 3055 	 0.956245 	 0.000837091 	 0.00174318
840 	 3060 	 0.956245 	 0.000837091 	 0.00174318
840 	 3065 	 0.956245 	 0.000837091 	 0.00174318
840 	 3070 	 0.956245 	 0.000837091 	 0.00174318
840 	 3075 	 0.956245 	 0.000837091 	 0.00174318
840 	 3080 	 0.956245 	 0.000837091 	 0.00174318
840 	 3085 	 0.956245 	 0.000837091 	 0.00174318
840 	 3090 	 0.956245 	 0.000837091 	 0.00174318
840 	 3095 	 0.956245 	 0.000837091 	 0.00174318
840 	 3100 	 0.956245 	 0.000837091 	 0.00174318
840 	 3105 	 0.956245 	 0.000837091 	 0.00174318
840 	 3110 	 0.956245 	 0.000837091 	 0.00174318
840 	 3115 	 0.956245 	 0.000837091 	 0.00174318
840 	 3120 	 0.956245 	 0.000837091 	 0.00174318
840 	 3125 	 0.956245 	 0.000837091 	 0.00174318
840 	 3130 	 0.956245 	 0.000837091 	 0.00174318
840 	 3135 	 0.956245 	 0.000837091 	 0.00174318
840 	 3140 	 0.956245 	 0.000837091 	 0.00174318
840 	 3145 	 0.956245 	 0.000837091 	 0.00174318
840 	 3150 	 0.956245 	 0.000837091 	 0.00174318
840 	 3155 	 0.956245 	 0.000837091 	 0.00174318
840 	 3160 	 0.956245 	 0.000837091 	 0.00174318
840 	 3165 	 0.956245 	 0.000837091 	 0.00174318
840 	 3170 	 0.956245 	 0.000837091 	 0.00174318
840 	 3175 	 0.956245 	 0.000837091 	 0.00174318
840 	 3180 	 0.956245 	 0.000837091 	 0.00174318
840 	 3185 	 0.956245 	 0.000837091 	 0.00174318
840 	 3190 	 0.956245 	 0.000837091 	 0.00174318
840 	 3195 	 0.956245 	 0.000837091 	 0.00174318
840 	 3200 	 0.956245 	 0.000837091 	 0.00174318
840 	 3205 	 0.956245 	 0.000837091 	 0.00174318
840 	 3210 	 0.956245 	 0.000837091 	 0.00174318
840 	 3215 	 0.956245 	 0.000837091 	 0.00174318
840 	 3220 	 0.956245 	 0.000837091 	 0.00174318
840 	 3225 	 0.956245 	 0.000837091 	 0.00174318
840 	 3230 	 0.956245 	 0.000837091 	 0.00174318
840 	 3235 	 0.956245 	 0.000837091 	 0.00174318
840 	 3240 	 0.956245 	 0.000837091 	 0.00174318
840 	 3245 	 0.956245 	 0.000837091 	 0.00174318
840 	 3250 	 0.956245 	 0.000837091 	 0.00174318
840 	 3255 	 0.956245 	 0.000837091 	 0.00174318
840 	 3260 	 0.956245 	 0.000837091 	 0.00174318
840 	 3265 	 0.956245 	 0.000837091 	 0.00174318
840 	 3270 	 0.956245 	 0.000837091 	 0.00174318
840 	 3275 	 0.956245 	 0.000837091 	 0.00174318
840 	 3280 	 0.956245 	 0.000837091 	 0.00174318
840 	 3285 	 0.956245 	 0.000837091 	 0.00174318
840 	 3290 	 0.956245 	 0.000837091 	 0.00174318
840 	 3295 	 0.956245 	 0.000837091 	 0.00174318
840 	 3300 	 0.956245 	 0.000837091 	 0.00174318
840 	 3305 	 0.956245 	 0.000837091 	 0.00174318
840 	 3310 	 0.956245 	 0.000837091 	 0.00174318
840 	 3315 	 0.956245 	 0.000837091 	 0.00174318
840 	 3320 	 0.956245 	 0.000837091 	 0.00174318
840 	 3325 	 0.956245 	 0.000837091 	 0.00174318
840 	 3330 	 0.956245 	 0.000837091 	 0.00174318
840 	 3335 	 0.956245 	 0.000837091 	 0.00174318
840 	 3340 	 0.956245 	 0.000837091 	 0.00174318
840 	 3345 	 0.956245 	 0.000837091 	 0.00174318
840 	 3350 	 0.956245 	 0.000837091 	 0.00174318
840 	 3355 	 0.956245 	 0.000837091 	 0.00174318
840 	 3360 	 0.956245 	 0.000837091 	 0.00174318
840 	 3365 	 0.956245 	 0.000837091 	 0.00174318
840 	 3370 	 0.956245 	 0.000837091 	 0.00174318
840 	 3375 	 0.956245 	 0.000837091 	 0.00174318
840 	 3380 	 0.956245 	 0.000837091 	 0.00174318
840 	 3385 	 0.956245 	 0.000837091 	 0.00174318
840 	 3390 	 0.956245 	 0.000837091 	 0.00174318
840 	 3395 	 0.956245 	 0.000837091 	 0.00174318
840 	 3400 	 0.956245 	 0.000837091 	 0.00174318
840 	 3405 	 0.956245 	 0.000837091 	 0.00174318
840 	 3410 	 0.956245 	 0.000837091 	 0.00174318
840 	 3415 	 0.956245 	 0.000837091 	 0.00174318
840 	 3420 	 0.956245 	 0.000837091 	 0.00174318
840 	 3425 	 0.956245 	 0.000837091 	 0.00174318
840 	 3430 	 0.956245 	 0.000837091 	 0.00174318
840 	 3435 	 0.956245 	 0.000837091 	 0.00174318
840 	 3440 	 0.956245 	 0.000837091 	 0.00174318
840 	 3445 	 0.956245 	 0.000837091 	 0.00174318
840 	 3450 	 0.956245 	 0.000837091 	 0.00174318
840 	 3455 	 0.956245 	 0.000837091 	 0.00174318
840 	 3460 	 0.956245 	 0.000837091 	 0.00174318
840 	 3465 	 0.956245 	 0.000837091 	 0.00174318
840 	 3470 	 0.956245 	 0.000837091 	 0.00174318
840 	 3475 	 0.956245 	 0.000837091 	 0.00174318
840 	 3480 	 0.956245 	 0.000837091 	 0.00174318
840 	 3485 	 0.956245 	 0.000837091 	 0.00174318
840 	 3490 	 0.956245 	 0.000837091 	 0.00174318
840 	 3495 	 0.956245 	 0.000837091 	 0.00174318
840 	 3500 	 0.956245 	 0.000837091 	 0.00174318
840 	 3505 	 0.956245 	 0.000837091 	 0.00174318
840 	 3510 	 0.956245 	 0.000837091 	 0.00174318
840 	 3515 	 0.956245 	 0.000837091 	 0.00174318
840 	 3520 	 0.956245 	 0.000837091 	 0.00174318
840 	 3525 	 0.956245 	 0.000837091 	 0.00174318
840 	 3530 	 0.956245 	 0.000837091 	 0.00174318
840 	 3535 	 0.956245 	 0.000837091 	 0.00174318
840 	 3540 	 0.956245 	 0.000837091 	 0.00174318
840 	 3545 	 0.956245 	 0.000837091 	 0.00174318
840 	 3550 	 0.956245 	 0.000837091 	 0.00174318
840 	 3555 	 0.956245 	 0.000837091 	 0.00174318
840 	 3560 	 0.956245 	 0.000837091 	 0.00174318
840 	 3565 	 0.956245 	 0.000837091 	 0.00174318
840 	 3570 	 0.956245 	 0.000837091 	 0.00174318
840 	 3575 	 0.956245 	 0.000837091 	 0.00174318
840 	 3580 	 0.956245 	 0.000837091 	 0.00174318
840 	 3585 	 0.956245 	 0.000837091 	 0.00174318
840 	 3590 	 0.956245 	 0.000837091 	 0.00174318
840 	 3595 	 0.956245 	 0.000837091 	 0.00174318
840 	 3600 	 0.956245 	 0.000837091 	 0.00174318
840 	 3605 	 0.956245 	 0.000837091 	 0.00174318
840 	 3610 	 0.956245 	 0.000837091 	 0.00174318
840 	 3615 	 0.956245 	 0.000837091 	 0.00174318
840 	 3620 	 0.956245 	 0.000837091 	 0.00174318
840 	 3625 	 0.956245 	 0.000837091 	 0.00174318
840 	 3630 	 0.956245 	 0.000837091 	 0.00174318
840 	 3635 	 0.956245 	 0.000837091 	 0.00174318
840 	 3640 	 0.956245 	 0.000837091 	 0.00174318
840 	 3645 	 0.956245 	 0.000837091 	 0.00174318
840 	 3650 	 0.956245 	 0.000837091 	 0.00174318
840 	 3655 	 0.956245 	 0.000837091 	 0.00174318
840 	 3660 	 0.956245 	 0.000837091 	 0.00174318
840 	 3665 	 0.956245 	 0.000837091 	 0.00174318
840 	 3670 	 0.956245 	 0.000837091 	 0.00174318
840 	 3675 	 0.956245 	 0.000837091 	 0.00174318
840 	 3680 	 0.956245 	 0.000837091 	 0.00174318
840 	 3685 	 0.956245 	 0.000837091 	 0.00174318
840 	 3690 	 0.956245 	 0.000837091 	 0.00174318
840 	 3695 	 0.956245 	 0.000837091 	 0.00174318
840 	 3700 	 0.956245 	 0.000837091 	 0.00174318
840 	 3705 	 0.956245 	 0.000837091 	 0.00174318
840 	 3710 	 0.956245 	 0.000837091 	 0.00174318
840 	 3715 	 0.956245 	 0.000837091 	 0.00174318
840 	 3720 	 0.956245 	 0.000837091 	 0.00174318
840 	 3725 	 0.956245 	 0.000837091 	 0.00174318
840 	 3730 	 0.956245 	 0.000837091 	 0.00174318
840 	 3735 	 0.956245 	 0.000837091 	 0.00174318
840 	 3740 	 0.956245 	 0.000837091 	 0.00174318
840 	 3745 	 0.956245 	 0.000837091 	 0.00174318
840 	 3750 	 0.956245 	 0.000837091 	 0.00174318
840 	 3755 	 0.956245 	 0.000837091 	 0.00174318
840 	 3760 	 0.956245 	 0.000837091 	 0.00174318
840 	 3765 	 0.956245 	 0.000837091 	 0.00174318
840 	 3770 	 0.956245 	 0.000837091 	 0.00174318
840 	 3775 	 0.956245 	 0.000837091 	 0.00174318
840 	 3780 	 0.956245 	 0.000837091 	 0.00174318
840 	 3785 	 0.956245 	 0.000837091 	 0.00174318
840 	 3790 	 0.956245 	 0.000837091 	 0.00174318
840 	 3795 	 0.956245 	 0.000837091 	 0.00174318
840 	 3800 	 0.956245 	 0.000837091 	 0.00174318
840 	 3805 	 0.956245 	 0.000837091 	 0.00174318
840 	 3810 	 0.956245 	 0.000837091 	 0.00174318
840 	 3815 	 0.956245 	 0.000837091 	 0.00174318
840 	 3820 	 0.956245 	 0.000837091 	 0.00174318
840 	 3825 	 0.956245 	 0.000837091 	 0.00174318
840 	 3830 	 0.956245 	 0.000837091 	 0.00174318
840 	 3835 	 0.956245 	 0.000837091 	 0.00174318
840 	 3840 	 0.956245 	 0.000837091 	 0.00174318
840 	 3845 	 0.956245 	 0.000837091 	 0.00174318
840 	 3850 	 0.956245 	 0.000837091 	 0.00174318
840 	 3855 	 0.956245 	 0.000837091 	 0.00174318
840 	 3860 	 0.956245 	 0.000837091 	 0.00174318
840 	 3865 	 0.956245 	 0.000837091 	 0.00174318
840 	 3870 	 0.956245 	 0.000837091 	 0.00174318
840 	 3875 	 0.956245 	 0.000837091 	 0.00174318
840 	 3880 	 0.956245 	 0.000837091 	 0.00174318
840 	 3885 	 0.956245 	 0.000837091 	 0.00174318
840 	 3890 	 0.956245 	 0.000837091 	 0.00174318
840 	 3895 	 0.956245 	 0.000837091 	 0.00174318
840 	 3900 	 0.956245 	 0.000837091 	 0.00174318
840 	 3905 	 0.956245 	 0.000837091 	 0.00174318
840 	 3910 	 0.956245 	 0.000837091 	 0.00174318
840 	 3915 	 0.956245 	 0.000837091 	 0.00174318
840 	 3920 	 0.956245 	 0.000837091 	 0.00174318
840 	 3925 	 0.956245 	 0.000837091 	 0.00174318
840 	 3930 	 0.956245 	 0.000837091 	 0.00174318
840 	 3935 	 0.956245 	 0.000837091 	 0.00174318
840 	 3940 	 0.956245 	 0.000837091 	 0.00174318
840 	 3945 	 0.956245 	 0.000837091 	 0.00174318
840 	 3950 	 0.956245 	 0.000837091 	 0.00174318
840 	 3955 	 0.956245 	 0.000837091 	 0.00174318
840 	 3960 	 0.956245 	 0.000837091 	 0.00174318
840 	 3965 	 0.956245 	 0.000837091 	 0.00174318
840 	 3970 	 0.956245 	 0.000837091 	 0.00174318
840 	 3975 	 0.956245 	 0.000837091 	 0.00174318
840 	 3980 	 0.956245 	 0.000837091 	 0.00174318
840 	 3985 	 0.956245 	 0.000837091 	 0.00174318
840 	 3990 	 0.956245 	 0.000837091 	 0.00174318
840 	 3995 	 0.956245 	 0.000837091 	 0.00174318
840 	 4000 	 0.956245 	 0.000837091 	 0.00174318
840 	 4005 	 0.956245 	 0.000837091 	 0.00174318
840 	 4010 	 0.956245 	 0.000837091 	 0.00174318
840 	 4015 	 0.956245 	 0.000837091 	 0.00174318
840 	 4020 	 0.956245 	 0.000837091 	 0.00174318
840 	 4025 	 0.956245 	 0.000837091 	 0.00174318
840 	 4030 	 0.956245 	 0.000837091 	 0.00174318
840 	 4035 	 0.956245 	 0.000837091 	 0.00174318
840 	 4040 	 0.956245 	 0.000837091 	 0.00174318
840 	 4045 	 0.956245 	 0.000837091 	 0.00174318
840 	 4050 	 0.956245 	 0.000837091 	 0.00174318
840 	 4055 	 0.956245 	 0.000837091 	 0.00174318
840 	 4060 	 0.956245 	 0.000837091 	 0.00174318
840 	 4065 	 0.956245 	 0.000837091 	 0.00174318
840 	 4070 	 0.956245 	 0.000837091 	 0.00174318
840 	 4075 	 0.956245 	 0.000837091 	 0.00174318
840 	 4080 	 0.956245 	 0.000837091 	 0.00174318
840 	 4085 	 0.956245 	 0.000837091 	 0.00174318
840 	 4090 	 0.956245 	 0.000837091 	 0.00174318
840 	 4095 	 0.956245 	 0.000837091 	 0.00174318
840 	 4100 	 0.956245 	 0.000837091 	 0.00174318
840 	 4105 	 0.956245 	 0.000837091 	 0.00174318
840 	 4110 	 0.956245 	 0.000837091 	 0.00174318
840 	 4115 	 0.956245 	 0.000837091 	 0.00174318
840 	 4120 	 0.956245 	 0.000837091 	 0.00174318
840 	 4125 	 0.956245 	 0.000837091 	 0.00174318
840 	 4130 	 0.956245 	 0.000837091 	 0.00174318
840 	 4135 	 0.956245 	 0.000837091 	 0.00174318
840 	 4140 	 0.956245 	 0.000837091 	 0.00174318
840 	 4145 	 0.956245 	 0.000837091 	 0.00174318
840 	 4150 	 0.956245 	 0.000837091 	 0.00174318
840 	 4155 	 0.956245 	 0.000837091 	 0.00174318
840 	 4160 	 0.956245 	 0.000837091 	 0.00174318
840 	 4165 	 0.956245 	 0.000837091 	 0.00174318
840 	 4170 	 0.956245 	 0.000837091 	 0.00174318
840 	 4175 	 0.956245 	 0.000837091 	 0.00174318
840 	 4180 	 0.956245 	 0.000837091 	 0.00174318
840 	 4185 	 0.956245 	 0.000837091 	 0.00174318
840 	 4190 	 0.956245 	 0.000837091 	 0.00174318
840 	 4195 	 0.956245 	 0.000837091 	 0.00174318
840 	 4200 	 0.956245 	 0.000837091 	 0.00174318
840 	 4205 	 0.956245 	 0.000837091 	 0.00174318
840 	 4210 	 0.956245 	 0.000837091 	 0.00174318
840 	 4215 	 0.956245 	 0.000837091 	 0.00174318
840 	 4220 	 0.956245 	 0.000837091 	 0.00174318
840 	 4225 	 0.956245 	 0.000837091 	 0.00174318
840 	 4230 	 0.956245 	 0.000837091 	 0.00174318
840 	 4235 	 0.956245 	 0.000837091 	 0.00174318
840 	 4240 	 0.956245 	 0.000837091 	 0.00174318
840 	 4245 	 0.956245 	 0.000837091 	 0.00174318
840 	 4250 	 0.956245 	 0.000837091 	 0.00174318
840 	 4255 	 0.956245 	 0.000837091 	 0.00174318
840 	 4260 	 0.956245 	 0.000837091 	 0.00174318
840 	 4265 	 0.956245 	 0.000837091 	 0.00174318
840 	 4270 	 0.956245 	 0.000837091 	 0.00174318
840 	 4275 	 0.956245 	 0.000837091 	 0.00174318
840 	 4280 	 0.956245 	 0.000837091 	 0.00174318
840 	 4285 	 0.956245 	 0.000837091 	 0.00174318
840 	 4290 	 0.956245 	 0.000837091 	 0.00174318
840 	 4295 	 0.956245 	 0.000837091 	 0.00174318
840 	 4300 	 0.956245 	 0.000837091 	 0.00174318
840 	 4305 	 0.956245 	 0.000837091 	 0.00174318
840 	 4310 	 0.956245 	 0.000837091 	 0.00174318
840 	 4315 	 0.956245 	 0.000837091 	 0.00174318
840 	 4320 	 0.956245 	 0.000837091 	 0.00174318
840 	 4325 	 0.956245 	 0.000837091 	 0.00174318
840 	 4330 	 0.956245 	 0.000837091 	 0.00174318
840 	 4335 	 0.956245 	 0.000837091 	 0.00174318
840 	 4340 	 0.956245 	 0.000837091 	 0.00174318
840 	 4345 	 0.956245 	 0.000837091 	 0.00174318
840 	 4350 	 0.956245 	 0.000837091 	 0.00174318
840 	 4355 	 0.956245 	 0.000837091 	 0.00174318
840 	 4360 	 0.956245 	 0.000837091 	 0.00174318
840 	 4365 	 0.956245 	 0.000837091 	 0.00174318
840 	 4370 	 0.956245 	 0.000837091 	 0.00174318
840 	 4375 	 0.956245 	 0.000837091 	 0.00174318
840 	 4380 	 0.956245 	 0.000837091 	 0.00174318
840 	 4385 	 0.956245 	 0.000837091 	 0.00174318
840 	 4390 	 0.956245 	 0.000837091 	 0.00174318
840 	 4395 	 0.956245 	 0.000837091 	 0.00174318
840 	 4400 	 0.956245 	 0.000837091 	 0.00174318
840 	 4405 	 0.956245 	 0.000837091 	 0.00174318
840 	 4410 	 0.956245 	 0.000837091 	 0.00174318
840 	 4415 	 0.956245 	 0.000837091 	 0.00174318
840 	 4420 	 0.956245 	 0.000837091 	 0.00174318
840 	 4425 	 0.956245 	 0.000837091 	 0.00174318
840 	 4430 	 0.956245 	 0.000837091 	 0.00174318
840 	 4435 	 0.956245 	 0.000837091 	 0.00174318
840 	 4440 	 0.956245 	 0.000837091 	 0.00174318
840 	 4445 	 0.956245 	 0.000837091 	 0.00174318
840 	 4450 	 0.956245 	 0.000837091 	 0.00174318
840 	 4455 	 0.956245 	 0.000837091 	 0.00174318
840 	 4460 	 0.956245 	 0.000837091 	 0.00174318
840 	 4465 	 0.956245 	 0.000837091 	 0.00174318
840 	 4470 	 0.956245 	 0.000837091 	 0.00174318
840 	 4475 	 0.956245 	 0.000837091 	 0.00174318
840 	 4480 	 0.956245 	 0.000837091 	 0.00174318
840 	 4485 	 0.956245 	 0.000837091 	 0.00174318
840 	 4490 	 0.956245 	 0.000837091 	 0.00174318
840 	 4495 	 0.956245 	 0.000837091 	 0.00174318
840 	 4500 	 0.956245 	 0.000837091 	 0.00174318
840 	 4505 	 0.956245 	 0.000837091 	 0.00174318
840 	 4510 	 0.956245 	 0.000837091 	 0.00174318
840 	 4515 	 0.956245 	 0.000837091 	 0.00174318
840 	 4520 	 0.956245 	 0.000837091 	 0.00174318
840 	 4525 	 0.956245 	 0.000837091 	 0.00174318
840 	 4530 	 0.956245 	 0.000837091 	 0.00174318
840 	 4535 	 0.956245 	 0.000837091 	 0.00174318
840 	 4540 	 0.956245 	 0.000837091 	 0.00174318
840 	 4545 	 0.956245 	 0.000837091 	 0.00174318
840 	 4550 	 0.956245 	 0.000837091 	 0.00174318
840 	 4555 	 0.956245 	 0.000837091 	 0.00174318
840 	 4560 	 0.956245 	 0.000837091 	 0.00174318
840 	 4565 	 0.956245 	 0.000837091 	 0.00174318
840 	 4570 	 0.956245 	 0.000837091 	 0.00174318
840 	 4575 	 0.956245 	 0.000837091 	 0.00174318
840 	 4580 	 0.956245 	 0.000837091 	 0.00174318
840 	 4585 	 0.956245 	 0.000837091 	 0.00174318
840 	 4590 	 0.956245 	 0.000837091 	 0.00174318
840 	 4595 	 0.956245 	 0.000837091 	 0.00174318
840 	 4600 	 0.956245 	 0.000837091 	 0.00174318
840 	 4605 	 0.956245 	 0.000837091 	 0.00174318
840 	 4610 	 0.956245 	 0.000837091 	 0.00174318
840 	 4615 	 0.956245 	 0.000837091 	 0.00174318
840 	 4620 	 0.956245 	 0.000837091 	 0.00174318
840 	 4625 	 0.956245 	 0.000837091 	 0.00174318
840 	 4630 	 0.956245 	 0.000837091 	 0.00174318
840 	 4635 	 0.956245 	 0.000837091 	 0.00174318
840 	 4640 	 0.956245 	 0.000837091 	 0.00174318
840 	 4645 	 0.956245 	 0.000837091 	 0.00174318
840 	 4650 	 0.956245 	 0.000837091 	 0.00174318
840 	 4655 	 0.956245 	 0.000837091 	 0.00174318
840 	 4660 	 0.956245 	 0.000837091 	 0.00174318
840 	 4665 	 0.956245 	 0.000837091 	 0.00174318
840 	 4670 	 0.956245 	 0.000837091 	 0.00174318
840 	 4675 	 0.956245 	 0.000837091 	 0.00174318
840 	 4680 	 0.956245 	 0.000837091 	 0.00174318
840 	 4685 	 0.956245 	 0.000837091 	 0.00174318
840 	 4690 	 0.956245 	 0.000837091 	 0.00174318
840 	 4695 	 0.956245 	 0.000837091 	 0.00174318
840 	 4700 	 0.956245 	 0.000837091 	 0.00174318
840 	 4705 	 0.956245 	 0.000837091 	 0.00174318
840 	 4710 	 0.956245 	 0.000837091 	 0.00174318
840 	 4715 	 0.956245 	 0.000837091 	 0.00174318
840 	 4720 	 0.956245 	 0.000837091 	 0.00174318
840 	 4725 	 0.956245 	 0.000837091 	 0.00174318
840 	 4730 	 0.956245 	 0.000837091 	 0.00174318
840 	 4735 	 0.956245 	 0.000837091 	 0.00174318
840 	 4740 	 0.956245 	 0.000837091 	 0.00174318
840 	 4745 	 0.956245 	 0.000837091 	 0.00174318
840 	 4750 	 0.956245 	 0.000837091 	 0.00174318
840 	 4755 	 0.956245 	 0.000837091 	 0.00174318
840 	 4760 	 0.956245 	 0.000837091 	 0.00174318
840 	 4765 	 0.956245 	 0.000837091 	 0.00174318
840 	 4770 	 0.956245 	 0.000837091 	 0.00174318
840 	 4775 	 0.956245 	 0.000837091 	 0.00174318
840 	 4780 	 0.956245 	 0.000837091 	 0.00174318
840 	 4785 	 0.956245 	 0.000837091 	 0.00174318
840 	 4790 	 0.956245 	 0.000837091 	 0.00174318
840 	 4795 	 0.956245 	 0.000837091 	 0.00174318
840 	 4800 	 0.956245 	 0.000837091 	 0.00174318
840 	 4805 	 0.956245 	 0.000837091 	 0.00174318
840 	 4810 	 0.956245 	 0.000837091 	 0.00174318
840 	 4815 	 0.956245 	 0.000837091 	 0.00174318
840 	 4820 	 0.956245 	 0.000837091 	 0.00174318
840 	 4825 	 0.956245 	 0.000837091 	 0.00174318
840 	 4830 	 0.956245 	 0.000837091 	 0.00174318
840 	 4835 	 0.956245 	 0.000837091 	 0.00174318
840 	 4840 	 0.956245 	 0.000837091 	 0.00174318
840 	 4845 	 0.956245 	 0.000837091 	 0.00174318
840 	 4850 	 0.956245 	 0.000837091 	 0.00174318
840 	 4855 	 0.956245 	 0.000837091 	 0.00174318
840 	 4860 	 0.956245 	 0.000837091 	 0.00174318
840 	 4865 	 0.956245 	 0.000837091 	 0.00174318
840 	 4870 	 0.956245 	 0.000837091 	 0.00174318
840 	 4875 	 0.956245 	 0.000837091 	 0.00174318
840 	 4880 	 0.956245 	 0.000837091 	 0.00174318
840 	 4885 	 0.956245 	 0.000837091 	 0.00174318
840 	 4890 	 0.956245 	 0.000837091 	 0.00174318
840 	 4895 	 0.956245 	 0.000837091 	 0.00174318
840 	 4900 	 0.956245 	 0.000837091 	 0.00174318
840 	 4905 	 0.956245 	 0.000837091 	 0.00174318
840 	 4910 	 0.956245 	 0.000837091 	 0.00174318
840 	 4915 	 0.956245 	 0.000837091 	 0.00174318
840 	 4920 	 0.956245 	 0.000837091 	 0.00174318
840 	 4925 	 0.956245 	 0.000837091 	 0.00174318
840 	 4930 	 0.956245 	 0.000837091 	 0.00174318
840 	 4935 	 0.956245 	 0.000837091 	 0.00174318
840 	 4940 	 0.956245 	 0.000837091 	 0.00174318
840 	 4945 	 0.956245 	 0.000837091 	 0.00174318
840 	 4950 	 0.956245 	 0.000837091 	 0.00174318
840 	 4955 	 0.956245 	 0.000837091 	 0.00174318
840 	 4960 	 0.956245 	 0.000837091 	 0.00174318
840 	 4965 	 0.956245 	 0.000837091 	 0.00174318
840 	 4970 	 0.956245 	 0.000837091 	 0.00174318
840 	 4975 	 0.956245 	 0.000837091 	 0.00174318
840 	 4980 	 0.956245 	 0.000837091 	 0.00174318
840 	 4985 	 0.956245 	 0.000837091 	 0.00174318
840 	 4990 	 0.956245 	 0.000837091 	 0.00174318
840 	 4995 	 0.956245 	 0.000837091 	 0.00174318
840 	 5000 	 0.956245 	 0.000837091 	 0.00174318
