4545 	 5 	 0.87707 	 0.00533357	0.0111428
4545 	 10 	 0.879684 	 0.00431472	0.00901424
4545 	 15 	 0.883352 	 0.0032223	0.00673196
4545 	 20 	 0.888199 	 0.00217414	0.00454217
4545 	 25 	 0.89412 	 0.0013214	0.00276064
4545 	 30 	 0.900699 	 0.00112469	0.00234969
4545 	 35 	 0.913123 	 0.0018839	0.0039358
4545 	 40 	 0.922129 	 0.00105064	0.00219498
4545 	 45 	 0.929253 	 0.000767589	0.00160363
4545 	 50 	 0.934704 	 0.000767563	0.00160358
4545 	 55 	 0.938763 	 0.000773595	0.00161618
4545 	 60 	 0.941743 	 0.000759409	0.00158654
4545 	 65 	 0.943934 	 0.000751832	0.00157071
4545 	 70 	 0.945565 	 0.000755229	0.00157781
4545 	 75 	 0.946805 	 0.000760075	0.00158793
4545 	 80 	 0.947772 	 0.000758616	0.00158489
4545 	 85 	 0.948547 	 0.000748733	0.00156424
4545 	 90 	 0.949186 	 0.000731936	0.00152915
4545 	 95 	 0.949725 	 0.000711012	0.00148543
4545 	 100 	 0.95019 	 0.000688667	0.00143875
4545 	 105 	 0.950598 	 0.000666983	0.00139345
4545 	 110 	 0.950961 	 0.000647319	0.00135237
4545 	 115 	 0.951288 	 0.000630402	0.00131703
4545 	 120 	 0.951585 	 0.000616491	0.00128796
4545 	 125 	 0.951858 	 0.000605526	0.00126505
4545 	 130 	 0.952108 	 0.000597261	0.00124779
4545 	 135 	 0.95234 	 0.00059136	0.00123546
4545 	 140 	 0.952556 	 0.000587462	0.00122732
4545 	 145 	 0.952757 	 0.000585218	0.00122263
4545 	 150 	 0.952946 	 0.000584315	0.00122074
4545 	 155 	 0.953123 	 0.00058448	0.00122108
4545 	 160 	 0.953289 	 0.000585487	0.00122319
4545 	 165 	 0.953446 	 0.000587149	0.00122666
4545 	 170 	 0.953594 	 0.000589316	0.00123119
4545 	 175 	 0.953735 	 0.000591867	0.00123652
4545 	 180 	 0.953868 	 0.000594708	0.00124245
4545 	 185 	 0.953994 	 0.000597764	0.00124884
4545 	 190 	 0.954114 	 0.000600975	0.00125555
4545 	 195 	 0.954229 	 0.000604298	0.00126249
4545 	 200 	 0.954338 	 0.000607695	0.00126959
4545 	 205 	 0.954442 	 0.000611141	0.00127679
4545 	 210 	 0.954542 	 0.000614614	0.00128404
4545 	 215 	 0.954638 	 0.000618099	0.00129132
4545 	 220 	 0.954729 	 0.000621584	0.0012986
4545 	 225 	 0.954817 	 0.000625059	0.00130586
4545 	 230 	 0.954901 	 0.000628518	0.00131309
4545 	 235 	 0.954982 	 0.000631957	0.00132027
4545 	 240 	 0.95506 	 0.000635371	0.00132741
4545 	 245 	 0.955136 	 0.000638759	0.00133448
4545 	 250 	 0.955208 	 0.000642118	0.0013415
4545 	 255 	 0.955278 	 0.000645448	0.00134846
4545 	 260 	 0.955345 	 0.000648749	0.00135535
4545 	 265 	 0.95541 	 0.00065202	0.00136219
4545 	 270 	 0.955473 	 0.000655261	0.00136896
4545 	 275 	 0.955534 	 0.000658474	0.00137567
4545 	 280 	 0.955593 	 0.000661657	0.00138232
4545 	 285 	 0.95565 	 0.000664813	0.00138892
4545 	 290 	 0.955705 	 0.000667941	0.00139545
4545 	 295 	 0.955759 	 0.000671043	0.00140193
4545 	 300 	 0.955811 	 0.000674118	0.00140836
4545 	 305 	 0.955861 	 0.000677168	0.00141473
4545 	 310 	 0.95591 	 0.000680193	0.00142105
4545 	 315 	 0.955958 	 0.000683194	0.00142732
4545 	 320 	 0.956004 	 0.000686171	0.00143354
4545 	 325 	 0.956049 	 0.000689126	0.00143971
4545 	 330 	 0.956093 	 0.000692058	0.00144583
4545 	 335 	 0.956136 	 0.000694968	0.00145191
4545 	 340 	 0.956177 	 0.000697857	0.00145795
4545 	 345 	 0.956218 	 0.000700725	0.00146394
4545 	 350 	 0.956257 	 0.000703572	0.00146989
4545 	 355 	 0.956295 	 0.0007064	0.0014758
4545 	 360 	 0.956333 	 0.000709208	0.00148166
4545 	 365 	 0.956369 	 0.000711997	0.00148749
4545 	 370 	 0.956405 	 0.000714766	0.00149328
4545 	 375 	 0.95644 	 0.000717517	0.00149902
4545 	 380 	 0.956474 	 0.00072025	0.00150473
4545 	 385 	 0.956507 	 0.000722965	0.00151041
4545 	 390 	 0.95654 	 0.000725662	0.00151604
4545 	 395 	 0.956571 	 0.000728342	0.00152164
4545 	 400 	 0.956603 	 0.000731004	0.0015272
4545 	 405 	 0.956633 	 0.000733649	0.00153273
4545 	 410 	 0.956663 	 0.000736277	0.00153822
4545 	 415 	 0.956692 	 0.000738889	0.00154367
4545 	 420 	 0.95672 	 0.000741484	0.0015491
4545 	 425 	 0.956748 	 0.000744063	0.00155448
4545 	 430 	 0.956775 	 0.000746626	0.00155984
4545 	 435 	 0.956802 	 0.000749173	0.00156516
4545 	 440 	 0.956828 	 0.000751704	0.00157045
4545 	 445 	 0.956854 	 0.000754219	0.0015757
4545 	 450 	 0.956879 	 0.000756719	0.00158092
4545 	 455 	 0.956904 	 0.000759204	0.00158612
4545 	 460 	 0.956928 	 0.000761673	0.00159127
4545 	 465 	 0.956952 	 0.000764127	0.0015964
4545 	 470 	 0.956976 	 0.000766566	0.0016015
4545 	 475 	 0.956998 	 0.000768991	0.00160656
4545 	 480 	 0.957021 	 0.0007714	0.0016116
4545 	 485 	 0.957043 	 0.000773795	0.0016166
4545 	 490 	 0.957065 	 0.000776176	0.00162157
4545 	 495 	 0.957086 	 0.000778542	0.00162652
4545 	 500 	 0.957107 	 0.000780894	0.00163143
4545 	 505 	 0.957128 	 0.000783231	0.00163631
4545 	 510 	 0.957148 	 0.000785555	0.00164117
4545 	 515 	 0.957168 	 0.000787864	0.00164599
4545 	 520 	 0.957187 	 0.00079016	0.00165079
4545 	 525 	 0.957207 	 0.000792442	0.00165555
4545 	 530 	 0.957226 	 0.00079471	0.00166029
4545 	 535 	 0.957244 	 0.000796964	0.001665
4545 	 540 	 0.957262 	 0.000799206	0.00166969
4545 	 545 	 0.95728 	 0.000801433	0.00167434
4545 	 550 	 0.957298 	 0.000803648	0.00167897
4545 	 555 	 0.957316 	 0.000805849	0.00168357
4545 	 560 	 0.957333 	 0.000808037	0.00168814
4545 	 565 	 0.95735 	 0.000810212	0.00169268
4545 	 570 	 0.957366 	 0.000812375	0.0016972
4545 	 575 	 0.957383 	 0.000814524	0.00170169
4545 	 580 	 0.957399 	 0.000816661	0.00170615
4545 	 585 	 0.957415 	 0.000818785	0.00171059
4545 	 590 	 0.95743 	 0.000820897	0.001715
4545 	 595 	 0.957446 	 0.000822996	0.00171939
4545 	 600 	 0.957461 	 0.000825083	0.00172375
4545 	 605 	 0.957476 	 0.000827157	0.00172808
4545 	 610 	 0.957491 	 0.00082922	0.00173239
4545 	 615 	 0.957506 	 0.00083127	0.00173667
4545 	 620 	 0.95752 	 0.000833309	0.00174093
4545 	 625 	 0.957534 	 0.000835335	0.00174517
4545 	 630 	 0.957548 	 0.00083735	0.00174938
4545 	 635 	 0.957562 	 0.000839353	0.00175356
4545 	 640 	 0.957576 	 0.000841344	0.00175772
4545 	 645 	 0.957589 	 0.000843324	0.00176186
4545 	 650 	 0.957602 	 0.000845292	0.00176597
4545 	 655 	 0.957615 	 0.000847249	0.00177006
4545 	 660 	 0.957628 	 0.000849195	0.00177412
4545 	 665 	 0.957641 	 0.000851129	0.00177816
4545 	 670 	 0.957653 	 0.000853053	0.00178218
4545 	 675 	 0.957666 	 0.000854965	0.00178618
4545 	 680 	 0.957678 	 0.000856866	0.00179015
4545 	 685 	 0.95769 	 0.000858757	0.0017941
4545 	 690 	 0.957702 	 0.000860637	0.00179803
4545 	 695 	 0.957714 	 0.000862506	0.00180193
4545 	 700 	 0.957726 	 0.000864364	0.00180581
4545 	 705 	 0.957737 	 0.000866212	0.00180968
4545 	 710 	 0.957748 	 0.00086805	0.00181351
4545 	 715 	 0.95776 	 0.000869877	0.00181733
4545 	 720 	 0.957771 	 0.000871694	0.00182113
4545 	 725 	 0.957782 	 0.0008735	0.0018249
4545 	 730 	 0.957793 	 0.000875297	0.00182865
4545 	 735 	 0.957803 	 0.000877083	0.00183239
4545 	 740 	 0.957814 	 0.00087886	0.0018361
4545 	 745 	 0.957824 	 0.000880627	0.00183979
4545 	 750 	 0.957835 	 0.000882383	0.00184346
4545 	 755 	 0.957845 	 0.000884131	0.00184711
4545 	 760 	 0.957855 	 0.000885868	0.00185074
4545 	 765 	 0.957865 	 0.000887596	0.00185435
4545 	 770 	 0.957875 	 0.000889314	0.00185794
4545 	 775 	 0.957885 	 0.000891023	0.00186151
4545 	 780 	 0.957894 	 0.000892723	0.00186506
4545 	 785 	 0.957904 	 0.000894413	0.00186859
4545 	 790 	 0.957913 	 0.000896094	0.0018721
4545 	 795 	 0.957923 	 0.000897766	0.0018756
4545 	 800 	 0.957932 	 0.000899429	0.00187907
4545 	 805 	 0.957941 	 0.000901083	0.00188253
4545 	 810 	 0.95795 	 0.000902727	0.00188596
4545 	 815 	 0.957959 	 0.000904364	0.00188938
4545 	 820 	 0.957968 	 0.000905991	0.00189278
4545 	 825 	 0.957977 	 0.000907609	0.00189616
4545 	 830 	 0.957985 	 0.000909219	0.00189952
4545 	 835 	 0.957994 	 0.000910821	0.00190287
4545 	 840 	 0.958002 	 0.000912413	0.0019062
4545 	 845 	 0.958011 	 0.000913998	0.00190951
4545 	 850 	 0.958019 	 0.000915574	0.0019128
4545 	 855 	 0.958027 	 0.000917141	0.00191608
4545 	 860 	 0.958035 	 0.000918701	0.00191933
4545 	 865 	 0.958044 	 0.000920252	0.00192257
4545 	 870 	 0.958052 	 0.000921795	0.0019258
4545 	 875 	 0.958059 	 0.00092333	0.00192901
4545 	 880 	 0.958067 	 0.000924857	0.0019322
4545 	 885 	 0.958075 	 0.000926377	0.00193537
4545 	 890 	 0.958083 	 0.000927888	0.00193853
4545 	 895 	 0.95809 	 0.000929391	0.00194167
4545 	 900 	 0.958098 	 0.000930887	0.00194479
4545 	 905 	 0.958105 	 0.000932375	0.0019479
4545 	 910 	 0.958113 	 0.000933855	0.00195099
4545 	 915 	 0.95812 	 0.000935328	0.00195407
4545 	 920 	 0.958127 	 0.000936794	0.00195713
4545 	 925 	 0.958135 	 0.000938251	0.00196018
4545 	 930 	 0.958142 	 0.000939702	0.00196321
4545 	 935 	 0.958149 	 0.000941145	0.00196622
4545 	 940 	 0.958156 	 0.000942581	0.00196922
4545 	 945 	 0.958163 	 0.00094401	0.00197221
4545 	 950 	 0.95817 	 0.000945431	0.00197518
4545 	 955 	 0.958176 	 0.000946845	0.00197813
4545 	 960 	 0.958183 	 0.000948253	0.00198107
4545 	 965 	 0.95819 	 0.000949653	0.001984
4545 	 970 	 0.958197 	 0.000951046	0.00198691
4545 	 975 	 0.958203 	 0.000952433	0.00198981
4545 	 980 	 0.95821 	 0.000953812	0.00199269
4545 	 985 	 0.958216 	 0.000955185	0.00199556
4545 	 990 	 0.958222 	 0.000956551	0.00199841
4545 	 995 	 0.958229 	 0.000957911	0.00200125
4545 	 1000 	 0.958235 	 0.000959264	0.00200408
4545 	 1005 	 0.958241 	 0.00096061	0.00200689
4545 	 1010 	 0.958248 	 0.000961949	0.00200969
4545 	 1015 	 0.958254 	 0.000963282	0.00201247
4545 	 1020 	 0.95826 	 0.000964609	0.00201524
4545 	 1025 	 0.958266 	 0.000965929	0.002018
4545 	 1030 	 0.958272 	 0.000967243	0.00202075
4545 	 1035 	 0.958278 	 0.000968551	0.00202348
4545 	 1040 	 0.958284 	 0.000969853	0.0020262
4545 	 1045 	 0.958289 	 0.000971148	0.0020289
4545 	 1050 	 0.958295 	 0.000972437	0.0020316
4545 	 1055 	 0.958301 	 0.00097372	0.00203428
4545 	 1060 	 0.958307 	 0.000974997	0.00203695
4545 	 1065 	 0.958312 	 0.000976268	0.0020396
4545 	 1070 	 0.958318 	 0.000977533	0.00204224
4545 	 1075 	 0.958323 	 0.000978792	0.00204487
4545 	 1080 	 0.958329 	 0.000980045	0.00204749
4545 	 1085 	 0.958334 	 0.000981292	0.0020501
4545 	 1090 	 0.95834 	 0.000982533	0.00205269
4545 	 1095 	 0.958345 	 0.000983769	0.00205527
4545 	 1100 	 0.958351 	 0.000984999	0.00205784
4545 	 1105 	 0.958356 	 0.000986223	0.0020604
4545 	 1110 	 0.958361 	 0.000987442	0.00206295
4545 	 1115 	 0.958366 	 0.000988655	0.00206548
4545 	 1120 	 0.958372 	 0.000989863	0.002068
4545 	 1125 	 0.958377 	 0.000991065	0.00207051
4545 	 1130 	 0.958382 	 0.000992261	0.00207301
4545 	 1135 	 0.958387 	 0.000993452	0.0020755
4545 	 1140 	 0.958392 	 0.000994638	0.00207798
4545 	 1145 	 0.958397 	 0.000995819	0.00208045
4545 	 1150 	 0.958402 	 0.000996994	0.0020829
4545 	 1155 	 0.958407 	 0.000998164	0.00208535
4545 	 1160 	 0.958412 	 0.000999328	0.00208778
4545 	 1165 	 0.958417 	 0.00100049	0.0020902
4545 	 1170 	 0.958421 	 0.00100164	0.00209261
4545 	 1175 	 0.958426 	 0.00100279	0.00209501
4545 	 1180 	 0.958431 	 0.00100393	0.0020974
4545 	 1185 	 0.958436 	 0.00100507	0.00209978
4545 	 1190 	 0.95844 	 0.00100621	0.00210215
4545 	 1195 	 0.958445 	 0.00100734	0.00210451
4545 	 1200 	 0.958449 	 0.00100846	0.00210686
4545 	 1205 	 0.958454 	 0.00100958	0.0021092
4545 	 1210 	 0.958459 	 0.00101069	0.00211152
4545 	 1215 	 0.958463 	 0.0010118	0.00211384
4545 	 1220 	 0.958468 	 0.00101291	0.00211615
4545 	 1225 	 0.958472 	 0.00101401	0.00211845
4545 	 1230 	 0.958476 	 0.0010151	0.00212073
4545 	 1235 	 0.958481 	 0.00101619	0.00212301
4545 	 1240 	 0.958485 	 0.00101728	0.00212528
4545 	 1245 	 0.95849 	 0.00101836	0.00212754
4545 	 1250 	 0.958494 	 0.00101944	0.00212979
4545 	 1255 	 0.958498 	 0.00102051	0.00213203
4545 	 1260 	 0.958502 	 0.00102158	0.00213426
4545 	 1265 	 0.958507 	 0.00102264	0.00213648
4545 	 1270 	 0.958511 	 0.0010237	0.00213869
4545 	 1275 	 0.958515 	 0.00102475	0.00214089
4545 	 1280 	 0.958519 	 0.0010258	0.00214308
4545 	 1285 	 0.958523 	 0.00102684	0.00214527
4545 	 1290 	 0.958527 	 0.00102789	0.00214744
4545 	 1295 	 0.958531 	 0.00102892	0.0021496
4545 	 1300 	 0.958535 	 0.00102995	0.00215176
4545 	 1305 	 0.958539 	 0.00103098	0.00215391
4545 	 1310 	 0.958543 	 0.001032	0.00215605
4545 	 1315 	 0.958547 	 0.00103302	0.00215817
4545 	 1320 	 0.958551 	 0.00103404	0.0021603
4545 	 1325 	 0.958555 	 0.00103505	0.00216241
4545 	 1330 	 0.958559 	 0.00103606	0.00216451
4545 	 1335 	 0.958563 	 0.00103706	0.00216661
4545 	 1340 	 0.958566 	 0.00103806	0.00216869
4545 	 1345 	 0.95857 	 0.00103905	0.00217077
4545 	 1350 	 0.958574 	 0.00104004	0.00217284
4545 	 1355 	 0.958578 	 0.00104103	0.0021749
4545 	 1360 	 0.958581 	 0.00104201	0.00217695
4545 	 1365 	 0.958585 	 0.00104299	0.002179
4545 	 1370 	 0.958589 	 0.00104396	0.00218103
4545 	 1375 	 0.958592 	 0.00104494	0.00218306
4545 	 1380 	 0.958596 	 0.0010459	0.00218508
4545 	 1385 	 0.9586 	 0.00104687	0.00218709
4545 	 1390 	 0.958603 	 0.00104782	0.0021891
4545 	 1395 	 0.958607 	 0.00104878	0.00219109
4545 	 1400 	 0.95861 	 0.00104973	0.00219308
4545 	 1405 	 0.958614 	 0.00105068	0.00219506
4545 	 1410 	 0.958617 	 0.00105162	0.00219703
4545 	 1415 	 0.958621 	 0.00105256	0.002199
4545 	 1420 	 0.958624 	 0.0010535	0.00220095
4545 	 1425 	 0.958628 	 0.00105443	0.0022029
4545 	 1430 	 0.958631 	 0.00105536	0.00220485
4545 	 1435 	 0.958635 	 0.00105629	0.00220678
4545 	 1440 	 0.958638 	 0.00105721	0.00220871
4545 	 1445 	 0.958641 	 0.00105813	0.00221063
4545 	 1450 	 0.958645 	 0.00105905	0.00221254
4545 	 1455 	 0.958648 	 0.00105996	0.00221444
4545 	 1460 	 0.958651 	 0.00106086	0.00221634
4545 	 1465 	 0.958655 	 0.00106177	0.00221823
4545 	 1470 	 0.958658 	 0.00106267	0.00222011
4545 	 1475 	 0.958661 	 0.00106357	0.00222199
4545 	 1480 	 0.958664 	 0.00106446	0.00222386
4545 	 1485 	 0.958667 	 0.00106535	0.00222572
4545 	 1490 	 0.958671 	 0.00106624	0.00222757
4545 	 1495 	 0.958674 	 0.00106713	0.00222942
4545 	 1500 	 0.958677 	 0.00106801	0.00223126
4545 	 1505 	 0.95868 	 0.00106888	0.00223309
4545 	 1510 	 0.958683 	 0.00106976	0.00223492
4545 	 1515 	 0.958686 	 0.00107063	0.00223674
4545 	 1520 	 0.958689 	 0.0010715	0.00223855
4545 	 1525 	 0.958692 	 0.00107236	0.00224036
4545 	 1530 	 0.958695 	 0.00107322	0.00224216
4545 	 1535 	 0.958698 	 0.00107408	0.00224395
4545 	 1540 	 0.958701 	 0.00107494	0.00224574
4545 	 1545 	 0.958704 	 0.00107579	0.00224752
4545 	 1550 	 0.958707 	 0.00107664	0.00224929
4545 	 1555 	 0.95871 	 0.00107748	0.00225106
4545 	 1560 	 0.958713 	 0.00107833	0.00225282
4545 	 1565 	 0.958716 	 0.00107917	0.00225458
4545 	 1570 	 0.958719 	 0.00108	0.00225632
4545 	 1575 	 0.958722 	 0.00108084	0.00225806
4545 	 1580 	 0.958725 	 0.00108167	0.0022598
4545 	 1585 	 0.958728 	 0.00108249	0.00226153
4545 	 1590 	 0.958731 	 0.00108332	0.00226325
4545 	 1595 	 0.958734 	 0.00108414	0.00226497
4545 	 1600 	 0.958736 	 0.00108496	0.00226668
4545 	 1605 	 0.958739 	 0.00108577	0.00226838
4545 	 1610 	 0.958742 	 0.00108659	0.00227008
4545 	 1615 	 0.958745 	 0.0010874	0.00227177
4545 	 1620 	 0.958747 	 0.0010882	0.00227346
4545 	 1625 	 0.95875 	 0.00108901	0.00227514
4545 	 1630 	 0.958753 	 0.00108981	0.00227681
4545 	 1635 	 0.958756 	 0.00109061	0.00227848
4545 	 1640 	 0.958758 	 0.0010914	0.00228014
4545 	 1645 	 0.958761 	 0.0010922	0.0022818
4545 	 1650 	 0.958764 	 0.00109299	0.00228345
4545 	 1655 	 0.958766 	 0.00109377	0.00228509
4545 	 1660 	 0.958769 	 0.00109456	0.00228673
4545 	 1665 	 0.958772 	 0.00109534	0.00228837
4545 	 1670 	 0.958774 	 0.00109612	0.00228999
4545 	 1675 	 0.958777 	 0.0010969	0.00229162
4545 	 1680 	 0.95878 	 0.00109767	0.00229323
4545 	 1685 	 0.958782 	 0.00109844	0.00229484
4545 	 1690 	 0.958785 	 0.00109921	0.00229645
4545 	 1695 	 0.958787 	 0.00109998	0.00229805
4545 	 1700 	 0.95879 	 0.00110074	0.00229964
4545 	 1705 	 0.958792 	 0.0011015	0.00230123
4545 	 1710 	 0.958795 	 0.00110226	0.00230282
4545 	 1715 	 0.958797 	 0.00110301	0.00230439
4545 	 1720 	 0.9588 	 0.00110377	0.00230597
4545 	 1725 	 0.958802 	 0.00110452	0.00230753
4545 	 1730 	 0.958805 	 0.00110526	0.0023091
4545 	 1735 	 0.958807 	 0.00110601	0.00231065
4545 	 1740 	 0.95881 	 0.00110675	0.0023122
4545 	 1745 	 0.958812 	 0.00110749	0.00231375
4545 	 1750 	 0.958815 	 0.00110823	0.00231529
4545 	 1755 	 0.958817 	 0.00110896	0.00231683
4545 	 1760 	 0.958819 	 0.0011097	0.00231836
4545 	 1765 	 0.958822 	 0.00111043	0.00231989
4545 	 1770 	 0.958824 	 0.00111116	0.00232141
4545 	 1775 	 0.958826 	 0.00111188	0.00232292
4545 	 1780 	 0.958829 	 0.0011126	0.00232443
4545 	 1785 	 0.958831 	 0.00111333	0.00232594
4545 	 1790 	 0.958833 	 0.00111404	0.00232744
4545 	 1795 	 0.958836 	 0.00111476	0.00232894
4545 	 1800 	 0.958838 	 0.00111547	0.00233043
4545 	 1805 	 0.95884 	 0.00111618	0.00233191
4545 	 1810 	 0.958843 	 0.00111689	0.00233339
4545 	 1815 	 0.958845 	 0.0011176	0.00233487
4545 	 1820 	 0.958847 	 0.00111831	0.00233634
4545 	 1825 	 0.958849 	 0.00111901	0.00233781
4545 	 1830 	 0.958852 	 0.00111971	0.00233927
4545 	 1835 	 0.958854 	 0.0011204	0.00234073
4545 	 1840 	 0.958856 	 0.0011211	0.00234218
4545 	 1845 	 0.958858 	 0.00112179	0.00234363
4545 	 1850 	 0.958861 	 0.00112248	0.00234507
4545 	 1855 	 0.958863 	 0.00112317	0.00234651
4545 	 1860 	 0.958865 	 0.00112386	0.00234795
4545 	 1865 	 0.958867 	 0.00112454	0.00234938
4545 	 1870 	 0.958869 	 0.00112523	0.0023508
4545 	 1875 	 0.958871 	 0.00112591	0.00235222
4545 	 1880 	 0.958874 	 0.00112658	0.00235364
4545 	 1885 	 0.958876 	 0.00112726	0.00235505
4545 	 1890 	 0.958878 	 0.00112793	0.00235646
4545 	 1895 	 0.95888 	 0.0011286	0.00235786
4545 	 1900 	 0.958882 	 0.00112927	0.00235926
4545 	 1905 	 0.958884 	 0.00112994	0.00236065
4545 	 1910 	 0.958886 	 0.00113061	0.00236204
4545 	 1915 	 0.958888 	 0.00113127	0.00236343
4545 	 1920 	 0.95889 	 0.00113193	0.00236481
4545 	 1925 	 0.958892 	 0.00113259	0.00236619
4545 	 1930 	 0.958895 	 0.00113325	0.00236756
4545 	 1935 	 0.958897 	 0.0011339	0.00236893
4545 	 1940 	 0.958899 	 0.00113455	0.00237029
4545 	 1945 	 0.958901 	 0.00113521	0.00237165
4545 	 1950 	 0.958903 	 0.00113585	0.00237301
4545 	 1955 	 0.958905 	 0.0011365	0.00237436
4545 	 1960 	 0.958907 	 0.00113715	0.00237571
4545 	 1965 	 0.958909 	 0.00113779	0.00237705
4545 	 1970 	 0.958911 	 0.00113843	0.00237839
4545 	 1975 	 0.958913 	 0.00113907	0.00237972
4545 	 1980 	 0.958915 	 0.00113971	0.00238105
4545 	 1985 	 0.958917 	 0.00114034	0.00238238
4545 	 1990 	 0.958918 	 0.00114097	0.0023837
4545 	 1995 	 0.95892 	 0.00114161	0.00238502
4545 	 2000 	 0.958922 	 0.00114224	0.00238634
4545 	 2005 	 0.958924 	 0.00114286	0.00238765
4545 	 2010 	 0.958926 	 0.00114349	0.00238896
4545 	 2015 	 0.958928 	 0.00114411	0.00239026
4545 	 2020 	 0.95893 	 0.00114473	0.00239156
4545 	 2025 	 0.958932 	 0.00114535	0.00239285
4545 	 2030 	 0.958934 	 0.00114597	0.00239415
4545 	 2035 	 0.958936 	 0.00114659	0.00239543
4545 	 2040 	 0.958937 	 0.0011472	0.00239672
4545 	 2045 	 0.958939 	 0.00114782	0.002398
4545 	 2050 	 0.958941 	 0.00114843	0.00239927
4545 	 2055 	 0.958943 	 0.00114904	0.00240055
4545 	 2060 	 0.958945 	 0.00114964	0.00240181
4545 	 2065 	 0.958947 	 0.00115025	0.00240308
4545 	 2070 	 0.958949 	 0.00115085	0.00240434
4545 	 2075 	 0.95895 	 0.00115145	0.0024056
4545 	 2080 	 0.958952 	 0.00115205	0.00240685
4545 	 2085 	 0.958954 	 0.00115265	0.0024081
4545 	 2090 	 0.958956 	 0.00115325	0.00240935
4545 	 2095 	 0.958958 	 0.00115385	0.00241059
4545 	 2100 	 0.958959 	 0.00115444	0.00241183
4545 	 2105 	 0.958961 	 0.00115503	0.00241307
4545 	 2110 	 0.958963 	 0.00115562	0.0024143
4545 	 2115 	 0.958965 	 0.00115621	0.00241553
4545 	 2120 	 0.958966 	 0.00115679	0.00241675
4545 	 2125 	 0.958968 	 0.00115738	0.00241798
4545 	 2130 	 0.95897 	 0.00115796	0.00241919
4545 	 2135 	 0.958972 	 0.00115854	0.00242041
4545 	 2140 	 0.958973 	 0.00115912	0.00242162
4545 	 2145 	 0.958975 	 0.0011597	0.00242283
4545 	 2150 	 0.958977 	 0.00116028	0.00242403
4545 	 2155 	 0.958978 	 0.00116085	0.00242523
4545 	 2160 	 0.95898 	 0.00116143	0.00242643
4545 	 2165 	 0.958982 	 0.001162	0.00242763
4545 	 2170 	 0.958983 	 0.00116257	0.00242882
4545 	 2175 	 0.958985 	 0.00116314	0.00243
4545 	 2180 	 0.958987 	 0.0011637	0.00243119
4545 	 2185 	 0.958988 	 0.00116427	0.00243237
4545 	 2190 	 0.95899 	 0.00116483	0.00243355
4545 	 2195 	 0.958992 	 0.00116539	0.00243472
4545 	 2200 	 0.958993 	 0.00116596	0.00243589
4545 	 2205 	 0.958995 	 0.00116651	0.00243706
4545 	 2210 	 0.958997 	 0.00116707	0.00243822
4545 	 2215 	 0.958998 	 0.00116763	0.00243939
4545 	 2220 	 0.959 	 0.00116818	0.00244054
4545 	 2225 	 0.959001 	 0.00116873	0.0024417
4545 	 2230 	 0.959003 	 0.00116929	0.00244285
4545 	 2235 	 0.959005 	 0.00116984	0.002444
4545 	 2240 	 0.959006 	 0.00117038	0.00244514
4545 	 2245 	 0.959008 	 0.00117093	0.00244629
4545 	 2250 	 0.959009 	 0.00117148	0.00244743
4545 	 2255 	 0.959011 	 0.00117202	0.00244856
4545 	 2260 	 0.959013 	 0.00117256	0.00244969
4545 	 2265 	 0.959014 	 0.0011731	0.00245082
4545 	 2270 	 0.959016 	 0.00117364	0.00245195
4545 	 2275 	 0.959017 	 0.00117418	0.00245308
4545 	 2280 	 0.959019 	 0.00117472	0.0024542
4545 	 2285 	 0.95902 	 0.00117525	0.00245531
4545 	 2290 	 0.959022 	 0.00117578	0.00245643
4545 	 2295 	 0.959023 	 0.00117632	0.00245754
4545 	 2300 	 0.959025 	 0.00117685	0.00245865
4545 	 2305 	 0.959026 	 0.00117738	0.00245975
4545 	 2310 	 0.959028 	 0.0011779	0.00246086
4545 	 2315 	 0.959029 	 0.00117843	0.00246196
4545 	 2320 	 0.959031 	 0.00117896	0.00246305
4545 	 2325 	 0.959032 	 0.00117948	0.00246415
4545 	 2330 	 0.959034 	 0.00118	0.00246524
4545 	 2335 	 0.959035 	 0.00118052	0.00246633
4545 	 2340 	 0.959037 	 0.00118104	0.00246741
4545 	 2345 	 0.959038 	 0.00118156	0.00246849
4545 	 2350 	 0.95904 	 0.00118208	0.00246957
4545 	 2355 	 0.959041 	 0.00118259	0.00247065
4545 	 2360 	 0.959043 	 0.00118311	0.00247172
4545 	 2365 	 0.959044 	 0.00118362	0.00247279
4545 	 2370 	 0.959046 	 0.00118413	0.00247386
4545 	 2375 	 0.959047 	 0.00118464	0.00247493
4545 	 2380 	 0.959049 	 0.00118515	0.00247599
4545 	 2385 	 0.95905 	 0.00118566	0.00247705
4545 	 2390 	 0.959051 	 0.00118616	0.00247811
4545 	 2395 	 0.959053 	 0.00118667	0.00247916
4545 	 2400 	 0.959054 	 0.00118717	0.00248021
4545 	 2405 	 0.959056 	 0.00118767	0.00248126
4545 	 2410 	 0.959057 	 0.00118817	0.00248231
4545 	 2415 	 0.959059 	 0.00118867	0.00248335
4545 	 2420 	 0.95906 	 0.00118917	0.00248439
4545 	 2425 	 0.959061 	 0.00118967	0.00248543
4545 	 2430 	 0.959063 	 0.00119016	0.00248647
4545 	 2435 	 0.959064 	 0.00119066	0.0024875
4545 	 2440 	 0.959065 	 0.00119115	0.00248853
4545 	 2445 	 0.959067 	 0.00119164	0.00248956
4545 	 2450 	 0.959068 	 0.00119213	0.00249058
4545 	 2455 	 0.95907 	 0.00119262	0.0024916
4545 	 2460 	 0.959071 	 0.00119311	0.00249262
4545 	 2465 	 0.959072 	 0.0011936	0.00249364
4545 	 2470 	 0.959074 	 0.00119408	0.00249466
4545 	 2475 	 0.959075 	 0.00119457	0.00249567
4545 	 2480 	 0.959076 	 0.00119505	0.00249668
4545 	 2485 	 0.959078 	 0.00119553	0.00249768
4545 	 2490 	 0.959079 	 0.00119601	0.00249869
4545 	 2495 	 0.95908 	 0.00119649	0.00249969
4545 	 2500 	 0.959082 	 0.00119697	0.00250069
4545 	 2505 	 0.959083 	 0.00119745	0.00250169
4545 	 2510 	 0.959084 	 0.00119792	0.00250268
4545 	 2515 	 0.959086 	 0.0011984	0.00250367
4545 	 2520 	 0.959087 	 0.00119887	0.00250466
4545 	 2525 	 0.959088 	 0.00119934	0.00250565
4545 	 2530 	 0.959089 	 0.00119982	0.00250663
4545 	 2535 	 0.959091 	 0.00120029	0.00250762
4545 	 2540 	 0.959092 	 0.00120075	0.00250859
4545 	 2545 	 0.959093 	 0.00120122	0.00250957
4545 	 2550 	 0.959095 	 0.00120169	0.00251055
4545 	 2555 	 0.959096 	 0.00120215	0.00251152
4545 	 2560 	 0.959097 	 0.00120262	0.00251249
4545 	 2565 	 0.959098 	 0.00120308	0.00251346
4545 	 2570 	 0.9591 	 0.00120354	0.00251442
4545 	 2575 	 0.959101 	 0.001204	0.00251539
4545 	 2580 	 0.959102 	 0.00120446	0.00251635
4545 	 2585 	 0.959103 	 0.00120492	0.0025173
4545 	 2590 	 0.959105 	 0.00120538	0.00251826
4545 	 2595 	 0.959106 	 0.00120584	0.00251921
4545 	 2600 	 0.959107 	 0.00120629	0.00252016
4545 	 2605 	 0.959108 	 0.00120675	0.00252111
4545 	 2610 	 0.95911 	 0.0012072	0.00252206
4545 	 2615 	 0.959111 	 0.00120765	0.002523
4545 	 2620 	 0.959112 	 0.0012081	0.00252395
4545 	 2625 	 0.959113 	 0.00120855	0.00252489
4545 	 2630 	 0.959115 	 0.001209	0.00252582
4545 	 2635 	 0.959116 	 0.00120945	0.00252676
4545 	 2640 	 0.959117 	 0.0012099	0.00252769
4545 	 2645 	 0.959118 	 0.00121034	0.00252862
4545 	 2650 	 0.959119 	 0.00121079	0.00252955
4545 	 2655 	 0.959121 	 0.00121123	0.00253048
4545 	 2660 	 0.959122 	 0.00121167	0.0025314
4545 	 2665 	 0.959123 	 0.00121211	0.00253232
4545 	 2670 	 0.959124 	 0.00121255	0.00253324
4545 	 2675 	 0.959125 	 0.00121299	0.00253416
4545 	 2680 	 0.959126 	 0.00121343	0.00253508
4545 	 2685 	 0.959128 	 0.00121387	0.00253599
4545 	 2690 	 0.959129 	 0.0012143	0.0025369
4545 	 2695 	 0.95913 	 0.00121474	0.00253781
4545 	 2700 	 0.959131 	 0.00121517	0.00253872
4545 	 2705 	 0.959132 	 0.00121561	0.00253962
4545 	 2710 	 0.959133 	 0.00121604	0.00254053
4545 	 2715 	 0.959135 	 0.00121647	0.00254143
4545 	 2720 	 0.959136 	 0.0012169	0.00254233
4545 	 2725 	 0.959137 	 0.00121733	0.00254322
4545 	 2730 	 0.959138 	 0.00121776	0.00254412
4545 	 2735 	 0.959139 	 0.00121818	0.00254501
4545 	 2740 	 0.95914 	 0.00121861	0.0025459
4545 	 2745 	 0.959141 	 0.00121904	0.00254679
4545 	 2750 	 0.959143 	 0.00121946	0.00254767
4545 	 2755 	 0.959144 	 0.00121988	0.00254856
4545 	 2760 	 0.959145 	 0.0012203	0.00254944
4545 	 2765 	 0.959146 	 0.00122073	0.00255032
4545 	 2770 	 0.959147 	 0.00122115	0.0025512
4545 	 2775 	 0.959148 	 0.00122157	0.00255207
4545 	 2780 	 0.959149 	 0.00122198	0.00255295
4545 	 2785 	 0.95915 	 0.0012224	0.00255382
4545 	 2790 	 0.959151 	 0.00122282	0.00255469
4545 	 2795 	 0.959153 	 0.00122323	0.00255556
4545 	 2800 	 0.959154 	 0.00122365	0.00255642
4545 	 2805 	 0.959155 	 0.00122406	0.00255729
4545 	 2810 	 0.959156 	 0.00122447	0.00255815
4545 	 2815 	 0.959157 	 0.00122489	0.00255901
4545 	 2820 	 0.959158 	 0.0012253	0.00255987
4545 	 2825 	 0.959159 	 0.00122571	0.00256072
4545 	 2830 	 0.95916 	 0.00122611	0.00256158
4545 	 2835 	 0.959161 	 0.00122652	0.00256243
4545 	 2840 	 0.959162 	 0.00122693	0.00256328
4545 	 2845 	 0.959163 	 0.00122734	0.00256413
4545 	 2850 	 0.959164 	 0.00122774	0.00256498
4545 	 2855 	 0.959165 	 0.00122815	0.00256582
4545 	 2860 	 0.959166 	 0.00122855	0.00256666
4545 	 2865 	 0.959168 	 0.00122895	0.0025675
4545 	 2870 	 0.959169 	 0.00122935	0.00256834
4545 	 2875 	 0.95917 	 0.00122975	0.00256918
4545 	 2880 	 0.959171 	 0.00123015	0.00257002
4545 	 2885 	 0.959172 	 0.00123055	0.00257085
4545 	 2890 	 0.959173 	 0.00123095	0.00257168
4545 	 2895 	 0.959174 	 0.00123135	0.00257251
4545 	 2900 	 0.959175 	 0.00123174	0.00257334
4545 	 2905 	 0.959176 	 0.00123214	0.00257417
4545 	 2910 	 0.959177 	 0.00123253	0.00257499
4545 	 2915 	 0.959178 	 0.00123293	0.00257581
4545 	 2920 	 0.959179 	 0.00123332	0.00257663
4545 	 2925 	 0.95918 	 0.00123371	0.00257745
4545 	 2930 	 0.959181 	 0.0012341	0.00257827
4545 	 2935 	 0.959182 	 0.00123449	0.00257908
4545 	 2940 	 0.959183 	 0.00123488	0.0025799
4545 	 2945 	 0.959184 	 0.00123527	0.00258071
4545 	 2950 	 0.959185 	 0.00123566	0.00258152
4545 	 2955 	 0.959186 	 0.00123605	0.00258233
4545 	 2960 	 0.959187 	 0.00123643	0.00258314
4545 	 2965 	 0.959188 	 0.00123682	0.00258394
4545 	 2970 	 0.959189 	 0.0012372	0.00258474
4545 	 2975 	 0.95919 	 0.00123759	0.00258554
4545 	 2980 	 0.959191 	 0.00123797	0.00258634
4545 	 2985 	 0.959192 	 0.00123835	0.00258714
4545 	 2990 	 0.959193 	 0.00123873	0.00258794
4545 	 2995 	 0.959194 	 0.00123911	0.00258873
4545 	 3000 	 0.959195 	 0.00123949	0.00258953
4545 	 3005 	 0.959196 	 0.00123987	0.00259032
4545 	 3010 	 0.959197 	 0.00124025	0.00259111
4545 	 3015 	 0.959198 	 0.00124063	0.00259189
4545 	 3020 	 0.959199 	 0.001241	0.00259268
4545 	 3025 	 0.9592 	 0.00124138	0.00259346
4545 	 3030 	 0.959201 	 0.00124175	0.00259425
4545 	 3035 	 0.959201 	 0.00124213	0.00259503
4545 	 3040 	 0.959202 	 0.0012425	0.00259581
4545 	 3045 	 0.959203 	 0.00124287	0.00259659
4545 	 3050 	 0.959204 	 0.00124324	0.00259736
4545 	 3055 	 0.959205 	 0.00124361	0.00259814
4545 	 3060 	 0.959206 	 0.00124398	0.00259891
4545 	 3065 	 0.959207 	 0.00124435	0.00259968
4545 	 3070 	 0.959208 	 0.00124472	0.00260045
4545 	 3075 	 0.959209 	 0.00124509	0.00260122
4545 	 3080 	 0.95921 	 0.00124546	0.00260198
4545 	 3085 	 0.959211 	 0.00124582	0.00260275
4545 	 3090 	 0.959212 	 0.00124619	0.00260351
4545 	 3095 	 0.959213 	 0.00124655	0.00260427
4545 	 3100 	 0.959214 	 0.00124692	0.00260503
4545 	 3105 	 0.959215 	 0.00124728	0.00260579
4545 	 3110 	 0.959215 	 0.00124764	0.00260655
4545 	 3115 	 0.959216 	 0.001248	0.00260731
4545 	 3120 	 0.959217 	 0.00124836	0.00260806
4545 	 3125 	 0.959218 	 0.00124872	0.00260881
4545 	 3130 	 0.959219 	 0.00124908	0.00260956
4545 	 3135 	 0.95922 	 0.00124944	0.00261031
4545 	 3140 	 0.959221 	 0.0012498	0.00261106
4545 	 3145 	 0.959222 	 0.00125016	0.0026118
4545 	 3150 	 0.959223 	 0.00125051	0.00261255
4545 	 3155 	 0.959224 	 0.00125087	0.00261329
4545 	 3160 	 0.959224 	 0.00125122	0.00261403
4545 	 3165 	 0.959225 	 0.00125158	0.00261477
4545 	 3170 	 0.959226 	 0.00125193	0.00261551
4545 	 3175 	 0.959227 	 0.00125228	0.00261625
4545 	 3180 	 0.959228 	 0.00125264	0.00261698
4545 	 3185 	 0.959229 	 0.00125299	0.00261772
4545 	 3190 	 0.95923 	 0.00125334	0.00261845
4545 	 3195 	 0.959231 	 0.00125369	0.00261918
4545 	 3200 	 0.959232 	 0.00125404	0.00261991
4545 	 3205 	 0.959232 	 0.00125438	0.00262064
4545 	 3210 	 0.959233 	 0.00125473	0.00262136
4545 	 3215 	 0.959234 	 0.00125508	0.00262209
4545 	 3220 	 0.959235 	 0.00125543	0.00262281
4545 	 3225 	 0.959236 	 0.00125577	0.00262354
4545 	 3230 	 0.959237 	 0.00125612	0.00262426
4545 	 3235 	 0.959238 	 0.00125646	0.00262498
4545 	 3240 	 0.959238 	 0.0012568	0.00262569
4545 	 3245 	 0.959239 	 0.00125715	0.00262641
4545 	 3250 	 0.95924 	 0.00125749	0.00262712
4545 	 3255 	 0.959241 	 0.00125783	0.00262784
4545 	 3260 	 0.959242 	 0.00125817	0.00262855
4545 	 3265 	 0.959243 	 0.00125851	0.00262926
4545 	 3270 	 0.959243 	 0.00125885	0.00262997
4545 	 3275 	 0.959244 	 0.00125919	0.00263068
4545 	 3280 	 0.959245 	 0.00125953	0.00263138
4545 	 3285 	 0.959246 	 0.00125987	0.00263209
4545 	 3290 	 0.959247 	 0.0012602	0.00263279
4545 	 3295 	 0.959248 	 0.00126054	0.0026335
4545 	 3300 	 0.959248 	 0.00126087	0.0026342
4545 	 3305 	 0.959249 	 0.00126121	0.0026349
4545 	 3310 	 0.95925 	 0.00126154	0.00263559
4545 	 3315 	 0.959251 	 0.00126188	0.00263629
4545 	 3320 	 0.959252 	 0.00126221	0.00263699
4545 	 3325 	 0.959253 	 0.00126254	0.00263768
4545 	 3330 	 0.959253 	 0.00126287	0.00263837
4545 	 3335 	 0.959254 	 0.0012632	0.00263906
4545 	 3340 	 0.959255 	 0.00126353	0.00263975
4545 	 3345 	 0.959256 	 0.00126386	0.00264044
4545 	 3350 	 0.959257 	 0.00126419	0.00264113
4545 	 3355 	 0.959257 	 0.00126452	0.00264182
4545 	 3360 	 0.959258 	 0.00126485	0.0026425
4545 	 3365 	 0.959259 	 0.00126518	0.00264318
4545 	 3370 	 0.95926 	 0.0012655	0.00264387
4545 	 3375 	 0.959261 	 0.00126583	0.00264455
4545 	 3380 	 0.959261 	 0.00126615	0.00264523
4545 	 3385 	 0.959262 	 0.00126648	0.0026459
4545 	 3390 	 0.959263 	 0.0012668	0.00264658
4545 	 3395 	 0.959264 	 0.00126713	0.00264726
4545 	 3400 	 0.959265 	 0.00126745	0.00264793
4545 	 3405 	 0.959265 	 0.00126777	0.0026486
4545 	 3410 	 0.959266 	 0.00126809	0.00264928
4545 	 3415 	 0.959267 	 0.00126841	0.00264995
4545 	 3420 	 0.959268 	 0.00126873	0.00265061
4545 	 3425 	 0.959269 	 0.00126905	0.00265128
4545 	 3430 	 0.959269 	 0.00126937	0.00265195
4545 	 3435 	 0.95927 	 0.00126969	0.00265261
4545 	 3440 	 0.959271 	 0.00127001	0.00265328
4545 	 3445 	 0.959272 	 0.00127033	0.00265394
4545 	 3450 	 0.959272 	 0.00127064	0.0026546
4545 	 3455 	 0.959273 	 0.00127096	0.00265526
4545 	 3460 	 0.959274 	 0.00127127	0.00265592
4545 	 3465 	 0.959275 	 0.00127159	0.00265658
4545 	 3470 	 0.959275 	 0.0012719	0.00265724
4545 	 3475 	 0.959276 	 0.00127222	0.00265789
4545 	 3480 	 0.959277 	 0.00127253	0.00265854
4545 	 3485 	 0.959278 	 0.00127284	0.0026592
4545 	 3490 	 0.959278 	 0.00127315	0.00265985
4545 	 3495 	 0.959279 	 0.00127346	0.0026605
4545 	 3500 	 0.95928 	 0.00127377	0.00266115
4545 	 3505 	 0.959281 	 0.00127409	0.0026618
4545 	 3510 	 0.959281 	 0.00127439	0.00266244
4545 	 3515 	 0.959282 	 0.0012747	0.00266309
4545 	 3520 	 0.959283 	 0.00127501	0.00266373
4545 	 3525 	 0.959284 	 0.00127532	0.00266438
4545 	 3530 	 0.959284 	 0.00127563	0.00266502
4545 	 3535 	 0.959285 	 0.00127593	0.00266566
4545 	 3540 	 0.959286 	 0.00127624	0.0026663
4545 	 3545 	 0.959287 	 0.00127655	0.00266694
4545 	 3550 	 0.959287 	 0.00127685	0.00266757
4545 	 3555 	 0.959288 	 0.00127715	0.00266821
4545 	 3560 	 0.959289 	 0.00127746	0.00266884
4545 	 3565 	 0.95929 	 0.00127776	0.00266948
4545 	 3570 	 0.95929 	 0.00127806	0.00267011
4545 	 3575 	 0.959291 	 0.00127837	0.00267074
4545 	 3580 	 0.959292 	 0.00127867	0.00267137
4545 	 3585 	 0.959292 	 0.00127897	0.002672
4545 	 3590 	 0.959293 	 0.00127927	0.00267263
4545 	 3595 	 0.959294 	 0.00127957	0.00267325
4545 	 3600 	 0.959295 	 0.00127987	0.00267388
4545 	 3605 	 0.959295 	 0.00128017	0.0026745
4545 	 3610 	 0.959296 	 0.00128047	0.00267513
4545 	 3615 	 0.959297 	 0.00128076	0.00267575
4545 	 3620 	 0.959297 	 0.00128106	0.00267637
4545 	 3625 	 0.959298 	 0.00128136	0.00267699
4545 	 3630 	 0.959299 	 0.00128165	0.00267761
4545 	 3635 	 0.9593 	 0.00128195	0.00267823
4545 	 3640 	 0.9593 	 0.00128225	0.00267884
4545 	 3645 	 0.959301 	 0.00128254	0.00267946
4545 	 3650 	 0.959302 	 0.00128283	0.00268007
4545 	 3655 	 0.959302 	 0.00128313	0.00268069
4545 	 3660 	 0.959303 	 0.00128342	0.0026813
4545 	 3665 	 0.959304 	 0.00128371	0.00268191
4545 	 3670 	 0.959304 	 0.001284	0.00268252
4545 	 3675 	 0.959305 	 0.0012843	0.00268313
4545 	 3680 	 0.959306 	 0.00128459	0.00268374
4545 	 3685 	 0.959306 	 0.00128488	0.00268434
4545 	 3690 	 0.959307 	 0.00128517	0.00268495
4545 	 3695 	 0.959308 	 0.00128546	0.00268555
4545 	 3700 	 0.959309 	 0.00128575	0.00268616
4545 	 3705 	 0.959309 	 0.00128603	0.00268676
4545 	 3710 	 0.95931 	 0.00128632	0.00268736
4545 	 3715 	 0.959311 	 0.00128661	0.00268796
4545 	 3720 	 0.959311 	 0.0012869	0.00268856
4545 	 3725 	 0.959312 	 0.00128718	0.00268916
4545 	 3730 	 0.959313 	 0.00128747	0.00268975
4545 	 3735 	 0.959313 	 0.00128775	0.00269035
4545 	 3740 	 0.959314 	 0.00128804	0.00269095
4545 	 3745 	 0.959315 	 0.00128832	0.00269154
4545 	 3750 	 0.959315 	 0.00128861	0.00269213
4545 	 3755 	 0.959316 	 0.00128889	0.00269272
4545 	 3760 	 0.959317 	 0.00128917	0.00269331
4545 	 3765 	 0.959317 	 0.00128945	0.0026939
4545 	 3770 	 0.959318 	 0.00128974	0.00269449
4545 	 3775 	 0.959319 	 0.00129002	0.00269508
4545 	 3780 	 0.959319 	 0.0012903	0.00269567
4545 	 3785 	 0.95932 	 0.00129058	0.00269625
4545 	 3790 	 0.959321 	 0.00129086	0.00269684
4545 	 3795 	 0.959321 	 0.00129114	0.00269742
4545 	 3800 	 0.959322 	 0.00129142	0.002698
4545 	 3805 	 0.959322 	 0.00129169	0.00269858
4545 	 3810 	 0.959323 	 0.00129197	0.00269917
4545 	 3815 	 0.959324 	 0.00129225	0.00269975
4545 	 3820 	 0.959324 	 0.00129253	0.00270032
4545 	 3825 	 0.959325 	 0.0012928	0.0027009
4545 	 3830 	 0.959326 	 0.00129308	0.00270148
4545 	 3835 	 0.959326 	 0.00129335	0.00270205
4545 	 3840 	 0.959327 	 0.00129363	0.00270263
4545 	 3845 	 0.959328 	 0.0012939	0.0027032
4545 	 3850 	 0.959328 	 0.00129418	0.00270377
4545 	 3855 	 0.959329 	 0.00129445	0.00270435
4545 	 3860 	 0.95933 	 0.00129472	0.00270492
4545 	 3865 	 0.95933 	 0.001295	0.00270549
4545 	 3870 	 0.959331 	 0.00129527	0.00270605
4545 	 3875 	 0.959331 	 0.00129554	0.00270662
4545 	 3880 	 0.959332 	 0.00129581	0.00270719
4545 	 3885 	 0.959333 	 0.00129608	0.00270775
4545 	 3890 	 0.959333 	 0.00129635	0.00270832
4545 	 3895 	 0.959334 	 0.00129662	0.00270888
4545 	 3900 	 0.959335 	 0.00129689	0.00270945
4545 	 3905 	 0.959335 	 0.00129716	0.00271001
4545 	 3910 	 0.959336 	 0.00129743	0.00271057
4545 	 3915 	 0.959336 	 0.0012977	0.00271113
4545 	 3920 	 0.959337 	 0.00129797	0.00271169
4545 	 3925 	 0.959338 	 0.00129823	0.00271225
4545 	 3930 	 0.959338 	 0.0012985	0.0027128
4545 	 3935 	 0.959339 	 0.00129877	0.00271336
4545 	 3940 	 0.95934 	 0.00129903	0.00271391
4545 	 3945 	 0.95934 	 0.0012993	0.00271447
4545 	 3950 	 0.959341 	 0.00129956	0.00271502
4545 	 3955 	 0.959341 	 0.00129983	0.00271558
4545 	 3960 	 0.959342 	 0.00130009	0.00271613
4545 	 3965 	 0.959343 	 0.00130035	0.00271668
4545 	 3970 	 0.959343 	 0.00130062	0.00271723
4545 	 3975 	 0.959344 	 0.00130088	0.00271778
4545 	 3980 	 0.959344 	 0.00130114	0.00271832
4545 	 3985 	 0.959345 	 0.0013014	0.00271887
4545 	 3990 	 0.959346 	 0.00130167	0.00271942
4545 	 3995 	 0.959346 	 0.00130193	0.00271996
4545 	 4000 	 0.959347 	 0.00130219	0.00272051
4545 	 4005 	 0.959347 	 0.00130245	0.00272105
4545 	 4010 	 0.959348 	 0.00130271	0.00272159
4545 	 4015 	 0.959349 	 0.00130297	0.00272213
4545 	 4020 	 0.959349 	 0.00130323	0.00272267
4545 	 4025 	 0.95935 	 0.00130348	0.00272321
4545 	 4030 	 0.95935 	 0.00130374	0.00272375
4545 	 4035 	 0.959351 	 0.001304	0.00272429
4545 	 4040 	 0.959352 	 0.00130426	0.00272483
4545 	 4045 	 0.959352 	 0.00130451	0.00272536
4545 	 4050 	 0.959353 	 0.00130477	0.0027259
4545 	 4055 	 0.959353 	 0.00130502	0.00272643
4545 	 4060 	 0.959354 	 0.00130528	0.00272697
4545 	 4065 	 0.959354 	 0.00130554	0.0027275
4545 	 4070 	 0.959355 	 0.00130579	0.00272803
4545 	 4075 	 0.959356 	 0.00130604	0.00272856
4545 	 4080 	 0.959356 	 0.0013063	0.00272909
4545 	 4085 	 0.959357 	 0.00130655	0.00272962
4545 	 4090 	 0.959357 	 0.0013068	0.00273015
4545 	 4095 	 0.959358 	 0.00130706	0.00273068
4545 	 4100 	 0.959359 	 0.00130731	0.00273121
4545 	 4105 	 0.959359 	 0.00130756	0.00273173
4545 	 4110 	 0.95936 	 0.00130781	0.00273226
4545 	 4115 	 0.95936 	 0.00130806	0.00273278
4545 	 4120 	 0.959361 	 0.00130831	0.0027333
4545 	 4125 	 0.959361 	 0.00130856	0.00273383
4545 	 4130 	 0.959362 	 0.00130881	0.00273435
4545 	 4135 	 0.959362 	 0.00130906	0.00273487
4545 	 4140 	 0.959363 	 0.00130931	0.00273539
4545 	 4145 	 0.959364 	 0.00130956	0.00273591
4545 	 4150 	 0.959364 	 0.00130981	0.00273643
4545 	 4155 	 0.959365 	 0.00131006	0.00273694
4545 	 4160 	 0.959365 	 0.0013103	0.00273746
4545 	 4165 	 0.959366 	 0.00131055	0.00273798
4545 	 4170 	 0.959366 	 0.0013108	0.00273849
4545 	 4175 	 0.959367 	 0.00131104	0.00273901
4545 	 4180 	 0.959368 	 0.00131129	0.00273952
4545 	 4185 	 0.959368 	 0.00131153	0.00274003
4545 	 4190 	 0.959369 	 0.00131178	0.00274054
4545 	 4195 	 0.959369 	 0.00131202	0.00274105
4545 	 4200 	 0.95937 	 0.00131227	0.00274156
4545 	 4205 	 0.95937 	 0.00131251	0.00274207
4545 	 4210 	 0.959371 	 0.00131275	0.00274258
4545 	 4215 	 0.959371 	 0.001313	0.00274309
4545 	 4220 	 0.959372 	 0.00131324	0.0027436
4545 	 4225 	 0.959372 	 0.00131348	0.0027441
4545 	 4230 	 0.959373 	 0.00131372	0.00274461
4545 	 4235 	 0.959374 	 0.00131397	0.00274511
4545 	 4240 	 0.959374 	 0.00131421	0.00274562
4545 	 4245 	 0.959375 	 0.00131445	0.00274612
4545 	 4250 	 0.959375 	 0.00131469	0.00274662
4545 	 4255 	 0.959376 	 0.00131493	0.00274712
4545 	 4260 	 0.959376 	 0.00131517	0.00274762
4545 	 4265 	 0.959377 	 0.00131541	0.00274812
4545 	 4270 	 0.959377 	 0.00131564	0.00274862
4545 	 4275 	 0.959378 	 0.00131588	0.00274912
4545 	 4280 	 0.959378 	 0.00131612	0.00274962
4545 	 4285 	 0.959379 	 0.00131636	0.00275011
4545 	 4290 	 0.959379 	 0.0013166	0.00275061
4545 	 4295 	 0.95938 	 0.00131683	0.0027511
4545 	 4300 	 0.959381 	 0.00131707	0.0027516
4545 	 4305 	 0.959381 	 0.00131731	0.00275209
4545 	 4310 	 0.959382 	 0.00131754	0.00275259
4545 	 4315 	 0.959382 	 0.00131778	0.00275308
4545 	 4320 	 0.959383 	 0.00131801	0.00275357
4545 	 4325 	 0.959383 	 0.00131825	0.00275406
4545 	 4330 	 0.959384 	 0.00131848	0.00275455
4545 	 4335 	 0.959384 	 0.00131872	0.00275504
4545 	 4340 	 0.959385 	 0.00131895	0.00275553
4545 	 4345 	 0.959385 	 0.00131918	0.00275601
4545 	 4350 	 0.959386 	 0.00131942	0.0027565
4545 	 4355 	 0.959386 	 0.00131965	0.00275699
4545 	 4360 	 0.959387 	 0.00131988	0.00275747
4545 	 4365 	 0.959387 	 0.00132011	0.00275796
4545 	 4370 	 0.959388 	 0.00132034	0.00275844
4545 	 4375 	 0.959388 	 0.00132058	0.00275892
4545 	 4380 	 0.959389 	 0.00132081	0.0027594
4545 	 4385 	 0.959389 	 0.00132104	0.00275989
4545 	 4390 	 0.95939 	 0.00132127	0.00276037
4545 	 4395 	 0.95939 	 0.0013215	0.00276085
4545 	 4400 	 0.959391 	 0.00132173	0.00276133
4545 	 4405 	 0.959391 	 0.00132195	0.0027618
4545 	 4410 	 0.959392 	 0.00132218	0.00276228
4545 	 4415 	 0.959392 	 0.00132241	0.00276276
4545 	 4420 	 0.959393 	 0.00132264	0.00276324
4545 	 4425 	 0.959393 	 0.00132287	0.00276371
4545 	 4430 	 0.959394 	 0.0013231	0.00276419
4545 	 4435 	 0.959394 	 0.00132332	0.00276466
4545 	 4440 	 0.959395 	 0.00132355	0.00276513
4545 	 4445 	 0.959395 	 0.00132378	0.00276561
4545 	 4450 	 0.959396 	 0.001324	0.00276608
4545 	 4455 	 0.959396 	 0.00132423	0.00276655
4545 	 4460 	 0.959397 	 0.00132445	0.00276702
4545 	 4465 	 0.959397 	 0.00132468	0.00276749
4545 	 4470 	 0.959398 	 0.0013249	0.00276796
4545 	 4475 	 0.959398 	 0.00132513	0.00276843
4545 	 4480 	 0.959399 	 0.00132535	0.0027689
4545 	 4485 	 0.959399 	 0.00132557	0.00276936
4545 	 4490 	 0.9594 	 0.0013258	0.00276983
4545 	 4495 	 0.9594 	 0.00132602	0.0027703
4545 	 4500 	 0.959401 	 0.00132624	0.00277076
4545 	 4505 	 0.959401 	 0.00132646	0.00277123
4545 	 4510 	 0.959402 	 0.00132669	0.00277169
4545 	 4515 	 0.959402 	 0.00132691	0.00277215
4545 	 4520 	 0.959403 	 0.00132713	0.00277262
4545 	 4525 	 0.959403 	 0.00132735	0.00277308
4545 	 4530 	 0.959404 	 0.00132757	0.00277354
4545 	 4535 	 0.959404 	 0.00132779	0.002774
4545 	 4540 	 0.959405 	 0.00132801	0.00277446
4545 	 4545 	 0.959405 	 0.00132823	0.00277492
4545 	 4550 	 0.959406 	 0.00132845	0.00277537
4545 	 4555 	 0.959406 	 0.00132867	0.00277583
4545 	 4560 	 0.959407 	 0.00132889	0.00277629
4545 	 4565 	 0.959407 	 0.00132911	0.00277675
4545 	 4570 	 0.959408 	 0.00132932	0.0027772
4545 	 4575 	 0.959408 	 0.00132954	0.00277766
4545 	 4580 	 0.959409 	 0.00132976	0.00277811
4545 	 4585 	 0.959409 	 0.00132998	0.00277856
4545 	 4590 	 0.95941 	 0.00133019	0.00277902
4545 	 4595 	 0.95941 	 0.00133041	0.00277947
4545 	 4600 	 0.959411 	 0.00133063	0.00277992
4545 	 4605 	 0.959411 	 0.00133084	0.00278037
4545 	 4610 	 0.959411 	 0.00133106	0.00278082
4545 	 4615 	 0.959412 	 0.00133127	0.00278127
4545 	 4620 	 0.959412 	 0.00133149	0.00278172
4545 	 4625 	 0.959413 	 0.0013317	0.00278217
4545 	 4630 	 0.959413 	 0.00133192	0.00278262
4545 	 4635 	 0.959414 	 0.00133213	0.00278306
4545 	 4640 	 0.959414 	 0.00133234	0.00278351
4545 	 4645 	 0.959415 	 0.00133256	0.00278395
4545 	 4650 	 0.959415 	 0.00133277	0.0027844
4545 	 4655 	 0.959416 	 0.00133298	0.00278484
4545 	 4660 	 0.959416 	 0.0013332	0.00278529
4545 	 4665 	 0.959417 	 0.00133341	0.00278573
4545 	 4670 	 0.959417 	 0.00133362	0.00278617
4545 	 4675 	 0.959418 	 0.00133383	0.00278662
4545 	 4680 	 0.959418 	 0.00133404	0.00278706
4545 	 4685 	 0.959418 	 0.00133425	0.0027875
4545 	 4690 	 0.959419 	 0.00133446	0.00278794
4545 	 4695 	 0.959419 	 0.00133467	0.00278838
4545 	 4700 	 0.95942 	 0.00133488	0.00278881
4545 	 4705 	 0.95942 	 0.00133509	0.00278925
4545 	 4710 	 0.959421 	 0.0013353	0.00278969
4545 	 4715 	 0.959421 	 0.00133551	0.00279013
4545 	 4720 	 0.959422 	 0.00133572	0.00279056
4545 	 4725 	 0.959422 	 0.00133593	0.002791
4545 	 4730 	 0.959423 	 0.00133614	0.00279143
4545 	 4735 	 0.959423 	 0.00133634	0.00279187
4545 	 4740 	 0.959423 	 0.00133655	0.0027923
4545 	 4745 	 0.959424 	 0.00133676	0.00279273
4545 	 4750 	 0.959424 	 0.00133697	0.00279317
4545 	 4755 	 0.959425 	 0.00133717	0.0027936
4545 	 4760 	 0.959425 	 0.00133738	0.00279403
4545 	 4765 	 0.959426 	 0.00133759	0.00279446
4545 	 4770 	 0.959426 	 0.00133779	0.00279489
4545 	 4775 	 0.959427 	 0.001338	0.00279532
4545 	 4780 	 0.959427 	 0.0013382	0.00279575
4545 	 4785 	 0.959427 	 0.00133841	0.00279618
4545 	 4790 	 0.959428 	 0.00133861	0.0027966
4545 	 4795 	 0.959428 	 0.00133882	0.00279703
4545 	 4800 	 0.959429 	 0.00133902	0.00279746
4545 	 4805 	 0.959429 	 0.00133922	0.00279788
4545 	 4810 	 0.95943 	 0.00133943	0.00279831
4545 	 4815 	 0.95943 	 0.00133963	0.00279873
4545 	 4820 	 0.959431 	 0.00133983	0.00279916
4545 	 4825 	 0.959431 	 0.00134004	0.00279958
4545 	 4830 	 0.959431 	 0.00134024	0.0028
4545 	 4835 	 0.959432 	 0.00134044	0.00280043
4545 	 4840 	 0.959432 	 0.00134064	0.00280085
4545 	 4845 	 0.959433 	 0.00134084	0.00280127
4545 	 4850 	 0.959433 	 0.00134105	0.00280169
4545 	 4855 	 0.959434 	 0.00134125	0.00280211
4545 	 4860 	 0.959434 	 0.00134145	0.00280253
4545 	 4865 	 0.959434 	 0.00134165	0.00280295
4545 	 4870 	 0.959435 	 0.00134185	0.00280337
4545 	 4875 	 0.959435 	 0.00134205	0.00280378
4545 	 4880 	 0.959436 	 0.00134225	0.0028042
4545 	 4885 	 0.959436 	 0.00134245	0.00280462
4545 	 4890 	 0.959437 	 0.00134265	0.00280503
4545 	 4895 	 0.959437 	 0.00134284	0.00280545
4545 	 4900 	 0.959437 	 0.00134304	0.00280586
4545 	 4905 	 0.959438 	 0.00134324	0.00280628
4545 	 4910 	 0.959438 	 0.00134344	0.00280669
4545 	 4915 	 0.959439 	 0.00134364	0.0028071
4545 	 4920 	 0.959439 	 0.00134383	0.00280751
4545 	 4925 	 0.95944 	 0.00134403	0.00280793
4545 	 4930 	 0.95944 	 0.00134423	0.00280834
4545 	 4935 	 0.95944 	 0.00134442	0.00280875
4545 	 4940 	 0.959441 	 0.00134462	0.00280916
4545 	 4945 	 0.959441 	 0.00134482	0.00280957
4545 	 4950 	 0.959442 	 0.00134501	0.00280998
4545 	 4955 	 0.959442 	 0.00134521	0.00281039
4545 	 4960 	 0.959442 	 0.0013454	0.00281079
4545 	 4965 	 0.959443 	 0.0013456	0.0028112
4545 	 4970 	 0.959443 	 0.00134579	0.00281161
4545 	 4975 	 0.959444 	 0.00134599	0.00281201
4545 	 4980 	 0.959444 	 0.00134618	0.00281242
4545 	 4985 	 0.959445 	 0.00134638	0.00281282
4545 	 4990 	 0.959445 	 0.00134657	0.00281323
4545 	 4995 	 0.959445 	 0.00134676	0.00281363
4545 	 5000 	 0.959446 	 0.00134696	0.00281404
