3005 	 5 	 0.876879 	 0.00531864	0.0111116
3005 	 10 	 0.879492 	 0.00429485	0.00897272
3005 	 15 	 0.883159 	 0.00319627	0.0066776
3005 	 20 	 0.888005 	 0.00214159	0.00447417
3005 	 25 	 0.893925 	 0.00128502	0.00268463
3005 	 30 	 0.900502 	 0.00110265	0.00230364
3005 	 35 	 0.912923 	 0.00185609	0.0038777
3005 	 40 	 0.921927 	 0.00101185	0.00211394
3005 	 45 	 0.92905 	 0.000725305	0.00151529
3005 	 50 	 0.9345 	 0.000720258	0.00150475
3005 	 55 	 0.938558 	 0.000712937	0.00148946
3005 	 60 	 0.941538 	 0.000682702	0.00142629
3005 	 65 	 0.943728 	 0.000663181	0.00138551
3005 	 70 	 0.945358 	 0.000661356	0.00138169
3005 	 75 	 0.946598 	 0.000666096	0.0013916
3005 	 80 	 0.947565 	 0.000667264	0.00139404
3005 	 85 	 0.94834 	 0.000661249	0.00138147
3005 	 90 	 0.948979 	 0.000648872	0.00135561
3005 	 95 	 0.949518 	 0.000632642	0.0013217
3005 	 100 	 0.949983 	 0.000615146	0.00128515
3005 	 105 	 0.95039 	 0.000598396	0.00125016
3005 	 110 	 0.950754 	 0.000583676	0.00121941
3005 	 115 	 0.95108 	 0.000571634	0.00119425
3005 	 120 	 0.951378 	 0.000562438	0.00117504
3005 	 125 	 0.95165 	 0.00055595	0.00116148
3005 	 130 	 0.9519 	 0.000551858	0.00115293
3005 	 135 	 0.952132 	 0.000549783	0.0011486
3005 	 140 	 0.952348 	 0.000549338	0.00114767
3005 	 145 	 0.952549 	 0.000550169	0.0011494
3005 	 150 	 0.952738 	 0.000551972	0.00115317
3005 	 155 	 0.952914 	 0.000554494	0.00115844
3005 	 160 	 0.953081 	 0.000557532	0.00116479
3005 	 165 	 0.953238 	 0.000560928	0.00117188
3005 	 170 	 0.953386 	 0.000564559	0.00117947
3005 	 175 	 0.953526 	 0.000568332	0.00118735
3005 	 180 	 0.953659 	 0.000572178	0.00119539
3005 	 185 	 0.953786 	 0.000576048	0.00120347
3005 	 190 	 0.953906 	 0.000579903	0.00121152
3005 	 195 	 0.95402 	 0.000583718	0.00121949
3005 	 200 	 0.95413 	 0.000587476	0.00122734
3005 	 205 	 0.954234 	 0.000591165	0.00123505
3005 	 210 	 0.954334 	 0.000594778	0.0012426
3005 	 215 	 0.954429 	 0.000598312	0.00124998
3005 	 220 	 0.954521 	 0.000601766	0.0012572
3005 	 225 	 0.954608 	 0.00060514	0.00126425
3005 	 230 	 0.954693 	 0.000608436	0.00127113
3005 	 235 	 0.954774 	 0.000611657	0.00127786
3005 	 240 	 0.954852 	 0.000614806	0.00128444
3005 	 245 	 0.954927 	 0.000617886	0.00129088
3005 	 250 	 0.954999 	 0.000620902	0.00129718
3005 	 255 	 0.955069 	 0.000623856	0.00130335
3005 	 260 	 0.955137 	 0.000626753	0.0013094
3005 	 265 	 0.955202 	 0.000629597	0.00131534
3005 	 270 	 0.955265 	 0.00063239	0.00132118
3005 	 275 	 0.955325 	 0.000635136	0.00132691
3005 	 280 	 0.955384 	 0.000637838	0.00133256
3005 	 285 	 0.955441 	 0.000640499	0.00133812
3005 	 290 	 0.955496 	 0.000643122	0.0013436
3005 	 295 	 0.95555 	 0.000645708	0.001349
3005 	 300 	 0.955602 	 0.000648262	0.00135434
3005 	 305 	 0.955652 	 0.000650783	0.00135961
3005 	 310 	 0.955701 	 0.000653276	0.00136481
3005 	 315 	 0.955749 	 0.000655741	0.00136996
3005 	 320 	 0.955795 	 0.00065818	0.00137506
3005 	 325 	 0.95584 	 0.000660594	0.0013801
3005 	 330 	 0.955884 	 0.000662986	0.0013851
3005 	 335 	 0.955927 	 0.000665356	0.00139005
3005 	 340 	 0.955968 	 0.000667706	0.00139496
3005 	 345 	 0.956009 	 0.000670036	0.00139983
3005 	 350 	 0.956048 	 0.000672347	0.00140466
3005 	 355 	 0.956086 	 0.000674642	0.00140945
3005 	 360 	 0.956124 	 0.000676919	0.00141421
3005 	 365 	 0.95616 	 0.000679181	0.00141893
3005 	 370 	 0.956196 	 0.000681427	0.00142362
3005 	 375 	 0.956231 	 0.000683658	0.00142829
3005 	 380 	 0.956265 	 0.000685876	0.00143292
3005 	 385 	 0.956298 	 0.000688079	0.00143752
3005 	 390 	 0.956331 	 0.00069027	0.0014421
3005 	 395 	 0.956363 	 0.000692448	0.00144665
3005 	 400 	 0.956394 	 0.000694613	0.00145117
3005 	 405 	 0.956424 	 0.000696767	0.00145567
3005 	 410 	 0.956454 	 0.000698908	0.00146015
3005 	 415 	 0.956483 	 0.000701039	0.0014646
3005 	 420 	 0.956511 	 0.000703158	0.00146902
3005 	 425 	 0.956539 	 0.000705266	0.00147343
3005 	 430 	 0.956566 	 0.000707363	0.00147781
3005 	 435 	 0.956593 	 0.00070945	0.00148217
3005 	 440 	 0.956619 	 0.000711526	0.00148651
3005 	 445 	 0.956645 	 0.000713592	0.00149082
3005 	 450 	 0.95667 	 0.000715648	0.00149512
3005 	 455 	 0.956695 	 0.000717694	0.00149939
3005 	 460 	 0.956719 	 0.00071973	0.00150365
3005 	 465 	 0.956743 	 0.000721757	0.00150788
3005 	 470 	 0.956767 	 0.000723774	0.0015121
3005 	 475 	 0.956789 	 0.000725781	0.00151629
3005 	 480 	 0.956812 	 0.000727779	0.00152046
3005 	 485 	 0.956834 	 0.000729767	0.00152462
3005 	 490 	 0.956856 	 0.000731746	0.00152875
3005 	 495 	 0.956877 	 0.000733716	0.00153287
3005 	 500 	 0.956898 	 0.000735677	0.00153696
3005 	 505 	 0.956919 	 0.000737628	0.00154104
3005 	 510 	 0.956939 	 0.000739571	0.0015451
3005 	 515 	 0.956959 	 0.000741504	0.00154914
3005 	 520 	 0.956978 	 0.000743428	0.00155316
3005 	 525 	 0.956998 	 0.000745344	0.00155716
3005 	 530 	 0.957016 	 0.00074725	0.00156114
3005 	 535 	 0.957035 	 0.000749148	0.00156511
3005 	 540 	 0.957053 	 0.000751037	0.00156905
3005 	 545 	 0.957071 	 0.000752917	0.00157298
3005 	 550 	 0.957089 	 0.000754788	0.00157689
3005 	 555 	 0.957106 	 0.000756651	0.00158078
3005 	 560 	 0.957124 	 0.000758504	0.00158465
3005 	 565 	 0.957141 	 0.000760349	0.00158851
3005 	 570 	 0.957157 	 0.000762186	0.00159235
3005 	 575 	 0.957174 	 0.000764014	0.00159616
3005 	 580 	 0.95719 	 0.000765833	0.00159997
3005 	 585 	 0.957206 	 0.000767644	0.00160375
3005 	 590 	 0.957221 	 0.000769446	0.00160751
3005 	 595 	 0.957237 	 0.00077124	0.00161126
3005 	 600 	 0.957252 	 0.000773026	0.00161499
3005 	 605 	 0.957267 	 0.000774803	0.0016187
3005 	 610 	 0.957282 	 0.000776571	0.0016224
3005 	 615 	 0.957296 	 0.000778331	0.00162608
3005 	 620 	 0.957311 	 0.000780083	0.00162974
3005 	 625 	 0.957325 	 0.000781827	0.00163338
3005 	 630 	 0.957339 	 0.000783562	0.001637
3005 	 635 	 0.957353 	 0.00078529	0.00164061
3005 	 640 	 0.957366 	 0.000787009	0.0016442
3005 	 645 	 0.95738 	 0.00078872	0.00164778
3005 	 650 	 0.957393 	 0.000790422	0.00165134
3005 	 655 	 0.957406 	 0.000792117	0.00165488
3005 	 660 	 0.957419 	 0.000793804	0.0016584
3005 	 665 	 0.957432 	 0.000795482	0.00166191
3005 	 670 	 0.957444 	 0.000797153	0.0016654
3005 	 675 	 0.957457 	 0.000798815	0.00166887
3005 	 680 	 0.957469 	 0.00080047	0.00167233
3005 	 685 	 0.957481 	 0.000802117	0.00167577
3005 	 690 	 0.957493 	 0.000803756	0.00167919
3005 	 695 	 0.957505 	 0.000805387	0.0016826
3005 	 700 	 0.957516 	 0.000807011	0.00168599
3005 	 705 	 0.957528 	 0.000808627	0.00168937
3005 	 710 	 0.957539 	 0.000810235	0.00169273
3005 	 715 	 0.95755 	 0.000811835	0.00169607
3005 	 720 	 0.957562 	 0.000813428	0.0016994
3005 	 725 	 0.957573 	 0.000815013	0.00170271
3005 	 730 	 0.957583 	 0.000816591	0.00170601
3005 	 735 	 0.957594 	 0.000818161	0.00170929
3005 	 740 	 0.957605 	 0.000819723	0.00171255
3005 	 745 	 0.957615 	 0.000821279	0.0017158
3005 	 750 	 0.957625 	 0.000822827	0.00171903
3005 	 755 	 0.957636 	 0.000824367	0.00172225
3005 	 760 	 0.957646 	 0.0008259	0.00172546
3005 	 765 	 0.957656 	 0.000827426	0.00172864
3005 	 770 	 0.957666 	 0.000828945	0.00173182
3005 	 775 	 0.957675 	 0.000830457	0.00173498
3005 	 780 	 0.957685 	 0.000831961	0.00173812
3005 	 785 	 0.957695 	 0.000833458	0.00174125
3005 	 790 	 0.957704 	 0.000834948	0.00174436
3005 	 795 	 0.957713 	 0.000836432	0.00174746
3005 	 800 	 0.957723 	 0.000837908	0.00175054
3005 	 805 	 0.957732 	 0.000839377	0.00175361
3005 	 810 	 0.957741 	 0.000840839	0.00175667
3005 	 815 	 0.95775 	 0.000842295	0.00175971
3005 	 820 	 0.957759 	 0.000843743	0.00176273
3005 	 825 	 0.957767 	 0.000845185	0.00176575
3005 	 830 	 0.957776 	 0.00084662	0.00176874
3005 	 835 	 0.957785 	 0.000848048	0.00177173
3005 	 840 	 0.957793 	 0.00084947	0.0017747
3005 	 845 	 0.957801 	 0.000850885	0.00177765
3005 	 850 	 0.95781 	 0.000852294	0.0017806
3005 	 855 	 0.957818 	 0.000853695	0.00178353
3005 	 860 	 0.957826 	 0.000855091	0.00178644
3005 	 865 	 0.957834 	 0.00085648	0.00178934
3005 	 870 	 0.957842 	 0.000857862	0.00179223
3005 	 875 	 0.95785 	 0.000859238	0.0017951
3005 	 880 	 0.957858 	 0.000860608	0.00179797
3005 	 885 	 0.957866 	 0.000861971	0.00180081
3005 	 890 	 0.957874 	 0.000863328	0.00180365
3005 	 895 	 0.957881 	 0.000864679	0.00180647
3005 	 900 	 0.957889 	 0.000866023	0.00180928
3005 	 905 	 0.957896 	 0.000867362	0.00181208
3005 	 910 	 0.957904 	 0.000868694	0.00181486
3005 	 915 	 0.957911 	 0.00087002	0.00181763
3005 	 920 	 0.957918 	 0.00087134	0.00182039
3005 	 925 	 0.957925 	 0.000872654	0.00182313
3005 	 930 	 0.957932 	 0.000873962	0.00182587
3005 	 935 	 0.95794 	 0.000875264	0.00182859
3005 	 940 	 0.957947 	 0.000876561	0.00183129
3005 	 945 	 0.957953 	 0.000877851	0.00183399
3005 	 950 	 0.95796 	 0.000879136	0.00183667
3005 	 955 	 0.957967 	 0.000880414	0.00183935
3005 	 960 	 0.957974 	 0.000881687	0.00184201
3005 	 965 	 0.957981 	 0.000882955	0.00184465
3005 	 970 	 0.957987 	 0.000884216	0.00184729
3005 	 975 	 0.957994 	 0.000885472	0.00184991
3005 	 980 	 0.958 	 0.000886722	0.00185252
3005 	 985 	 0.958007 	 0.000887967	0.00185512
3005 	 990 	 0.958013 	 0.000889206	0.00185771
3005 	 995 	 0.95802 	 0.00089044	0.00186029
3005 	 1000 	 0.958026 	 0.000891668	0.00186286
3005 	 1005 	 0.958032 	 0.000892891	0.00186541
3005 	 1010 	 0.958038 	 0.000894108	0.00186795
3005 	 1015 	 0.958044 	 0.00089532	0.00187049
3005 	 1020 	 0.95805 	 0.000896527	0.00187301
3005 	 1025 	 0.958056 	 0.000897728	0.00187552
3005 	 1030 	 0.958062 	 0.000898924	0.00187802
3005 	 1035 	 0.958068 	 0.000900115	0.0018805
3005 	 1040 	 0.958074 	 0.0009013	0.00188298
3005 	 1045 	 0.95808 	 0.000902481	0.00188545
3005 	 1050 	 0.958086 	 0.000903656	0.0018879
3005 	 1055 	 0.958092 	 0.000904826	0.00189035
3005 	 1060 	 0.958097 	 0.000905991	0.00189278
3005 	 1065 	 0.958103 	 0.000907151	0.0018952
3005 	 1070 	 0.958109 	 0.000908306	0.00189762
3005 	 1075 	 0.958114 	 0.000909456	0.00190002
3005 	 1080 	 0.95812 	 0.000910601	0.00190241
3005 	 1085 	 0.958125 	 0.000911742	0.00190479
3005 	 1090 	 0.958131 	 0.000912877	0.00190717
3005 	 1095 	 0.958136 	 0.000914007	0.00190953
3005 	 1100 	 0.958141 	 0.000915133	0.00191188
3005 	 1105 	 0.958147 	 0.000916254	0.00191422
3005 	 1110 	 0.958152 	 0.00091737	0.00191655
3005 	 1115 	 0.958157 	 0.000918481	0.00191887
3005 	 1120 	 0.958162 	 0.000919588	0.00192119
3005 	 1125 	 0.958167 	 0.00092069	0.00192349
3005 	 1130 	 0.958173 	 0.000921787	0.00192578
3005 	 1135 	 0.958178 	 0.00092288	0.00192806
3005 	 1140 	 0.958183 	 0.000923968	0.00193034
3005 	 1145 	 0.958188 	 0.000925052	0.0019326
3005 	 1150 	 0.958193 	 0.000926131	0.00193486
3005 	 1155 	 0.958197 	 0.000927206	0.0019371
3005 	 1160 	 0.958202 	 0.000928276	0.00193934
3005 	 1165 	 0.958207 	 0.000929341	0.00194156
3005 	 1170 	 0.958212 	 0.000930403	0.00194378
3005 	 1175 	 0.958217 	 0.00093146	0.00194599
3005 	 1180 	 0.958222 	 0.000932512	0.00194819
3005 	 1185 	 0.958226 	 0.00093356	0.00195038
3005 	 1190 	 0.958231 	 0.000934604	0.00195256
3005 	 1195 	 0.958236 	 0.000935644	0.00195473
3005 	 1200 	 0.95824 	 0.000936679	0.00195689
3005 	 1205 	 0.958245 	 0.000937711	0.00195905
3005 	 1210 	 0.958249 	 0.000938738	0.00196119
3005 	 1215 	 0.958254 	 0.00093976	0.00196333
3005 	 1220 	 0.958258 	 0.000940779	0.00196546
3005 	 1225 	 0.958263 	 0.000941794	0.00196758
3005 	 1230 	 0.958267 	 0.000942804	0.00196969
3005 	 1235 	 0.958271 	 0.000943811	0.00197179
3005 	 1240 	 0.958276 	 0.000944813	0.00197389
3005 	 1245 	 0.95828 	 0.000945811	0.00197597
3005 	 1250 	 0.958284 	 0.000946806	0.00197805
3005 	 1255 	 0.958289 	 0.000947796	0.00198012
3005 	 1260 	 0.958293 	 0.000948783	0.00198218
3005 	 1265 	 0.958297 	 0.000949765	0.00198423
3005 	 1270 	 0.958301 	 0.000950744	0.00198628
3005 	 1275 	 0.958305 	 0.000951719	0.00198831
3005 	 1280 	 0.95831 	 0.00095269	0.00199034
3005 	 1285 	 0.958314 	 0.000953657	0.00199236
3005 	 1290 	 0.958318 	 0.00095462	0.00199438
3005 	 1295 	 0.958322 	 0.00095558	0.00199638
3005 	 1300 	 0.958326 	 0.000956535	0.00199838
3005 	 1305 	 0.95833 	 0.000957487	0.00200037
3005 	 1310 	 0.958334 	 0.000958436	0.00200235
3005 	 1315 	 0.958338 	 0.000959381	0.00200432
3005 	 1320 	 0.958342 	 0.000960322	0.00200629
3005 	 1325 	 0.958346 	 0.000961259	0.00200825
3005 	 1330 	 0.958349 	 0.000962193	0.0020102
3005 	 1335 	 0.958353 	 0.000963123	0.00201214
3005 	 1340 	 0.958357 	 0.00096405	0.00201408
3005 	 1345 	 0.958361 	 0.000964973	0.002016
3005 	 1350 	 0.958365 	 0.000965892	0.00201792
3005 	 1355 	 0.958368 	 0.000966808	0.00201984
3005 	 1360 	 0.958372 	 0.000967721	0.00202175
3005 	 1365 	 0.958376 	 0.00096863	0.00202364
3005 	 1370 	 0.958379 	 0.000969536	0.00202554
3005 	 1375 	 0.958383 	 0.000970438	0.00202742
3005 	 1380 	 0.958387 	 0.000971337	0.0020293
3005 	 1385 	 0.95839 	 0.000972232	0.00203117
3005 	 1390 	 0.958394 	 0.000973124	0.00203303
3005 	 1395 	 0.958397 	 0.000974013	0.00203489
3005 	 1400 	 0.958401 	 0.000974898	0.00203674
3005 	 1405 	 0.958404 	 0.00097578	0.00203858
3005 	 1410 	 0.958408 	 0.000976659	0.00204042
3005 	 1415 	 0.958411 	 0.000977535	0.00204225
3005 	 1420 	 0.958415 	 0.000978407	0.00204407
3005 	 1425 	 0.958418 	 0.000979276	0.00204589
3005 	 1430 	 0.958422 	 0.000980142	0.0020477
3005 	 1435 	 0.958425 	 0.000981005	0.0020495
3005 	 1440 	 0.958429 	 0.000981864	0.00205129
3005 	 1445 	 0.958432 	 0.000982721	0.00205308
3005 	 1450 	 0.958435 	 0.000983574	0.00205487
3005 	 1455 	 0.958439 	 0.000984424	0.00205664
3005 	 1460 	 0.958442 	 0.000985271	0.00205841
3005 	 1465 	 0.958445 	 0.000986115	0.00206017
3005 	 1470 	 0.958448 	 0.000986956	0.00206193
3005 	 1475 	 0.958452 	 0.000987794	0.00206368
3005 	 1480 	 0.958455 	 0.000988629	0.00206543
3005 	 1485 	 0.958458 	 0.000989461	0.00206716
3005 	 1490 	 0.958461 	 0.00099029	0.0020689
3005 	 1495 	 0.958464 	 0.000991115	0.00207062
3005 	 1500 	 0.958468 	 0.000991938	0.00207234
3005 	 1505 	 0.958471 	 0.000992758	0.00207405
3005 	 1510 	 0.958474 	 0.000993575	0.00207576
3005 	 1515 	 0.958477 	 0.00099439	0.00207746
3005 	 1520 	 0.95848 	 0.000995201	0.00207916
3005 	 1525 	 0.958483 	 0.000996009	0.00208084
3005 	 1530 	 0.958486 	 0.000996815	0.00208253
3005 	 1535 	 0.958489 	 0.000997617	0.0020842
3005 	 1540 	 0.958492 	 0.000998417	0.00208588
3005 	 1545 	 0.958495 	 0.000999214	0.00208754
3005 	 1550 	 0.958498 	 0.00100001	0.0020892
3005 	 1555 	 0.958501 	 0.0010008	0.00209085
3005 	 1560 	 0.958504 	 0.00100159	0.0020925
3005 	 1565 	 0.958507 	 0.00100238	0.00209414
3005 	 1570 	 0.95851 	 0.00100316	0.00209578
3005 	 1575 	 0.958513 	 0.00100394	0.00209741
3005 	 1580 	 0.958516 	 0.00100472	0.00209904
3005 	 1585 	 0.958518 	 0.00100549	0.00210066
3005 	 1590 	 0.958521 	 0.00100626	0.00210227
3005 	 1595 	 0.958524 	 0.00100703	0.00210388
3005 	 1600 	 0.958527 	 0.0010078	0.00210548
3005 	 1605 	 0.95853 	 0.00100857	0.00210708
3005 	 1610 	 0.958533 	 0.00100933	0.00210867
3005 	 1615 	 0.958535 	 0.00101009	0.00211026
3005 	 1620 	 0.958538 	 0.00101084	0.00211184
3005 	 1625 	 0.958541 	 0.0010116	0.00211341
3005 	 1630 	 0.958544 	 0.00101235	0.00211498
3005 	 1635 	 0.958546 	 0.0010131	0.00211655
3005 	 1640 	 0.958549 	 0.00101385	0.00211811
3005 	 1645 	 0.958552 	 0.00101459	0.00211966
3005 	 1650 	 0.958554 	 0.00101533	0.00212121
3005 	 1655 	 0.958557 	 0.00101607	0.00212276
3005 	 1660 	 0.95856 	 0.00101681	0.0021243
3005 	 1665 	 0.958562 	 0.00101754	0.00212583
3005 	 1670 	 0.958565 	 0.00101827	0.00212736
3005 	 1675 	 0.958567 	 0.001019	0.00212888
3005 	 1680 	 0.95857 	 0.00101973	0.0021304
3005 	 1685 	 0.958573 	 0.00102045	0.00213192
3005 	 1690 	 0.958575 	 0.00102118	0.00213342
3005 	 1695 	 0.958578 	 0.0010219	0.00213493
3005 	 1700 	 0.95858 	 0.00102261	0.00213643
3005 	 1705 	 0.958583 	 0.00102333	0.00213792
3005 	 1710 	 0.958585 	 0.00102404	0.00213941
3005 	 1715 	 0.958588 	 0.00102475	0.00214089
3005 	 1720 	 0.95859 	 0.00102546	0.00214237
3005 	 1725 	 0.958593 	 0.00102617	0.00214385
3005 	 1730 	 0.958595 	 0.00102687	0.00214532
3005 	 1735 	 0.958598 	 0.00102757	0.00214678
3005 	 1740 	 0.9586 	 0.00102827	0.00214824
3005 	 1745 	 0.958603 	 0.00102897	0.0021497
3005 	 1750 	 0.958605 	 0.00102966	0.00215115
3005 	 1755 	 0.958607 	 0.00103035	0.00215259
3005 	 1760 	 0.95861 	 0.00103104	0.00215404
3005 	 1765 	 0.958612 	 0.00103173	0.00215547
3005 	 1770 	 0.958615 	 0.00103242	0.00215691
3005 	 1775 	 0.958617 	 0.0010331	0.00215833
3005 	 1780 	 0.958619 	 0.00103378	0.00215976
3005 	 1785 	 0.958622 	 0.00103446	0.00216118
3005 	 1790 	 0.958624 	 0.00103514	0.00216259
3005 	 1795 	 0.958626 	 0.00103581	0.002164
3005 	 1800 	 0.958629 	 0.00103648	0.0021654
3005 	 1805 	 0.958631 	 0.00103715	0.00216681
3005 	 1810 	 0.958633 	 0.00103782	0.0021682
3005 	 1815 	 0.958636 	 0.00103849	0.00216959
3005 	 1820 	 0.958638 	 0.00103915	0.00217098
3005 	 1825 	 0.95864 	 0.00103982	0.00217237
3005 	 1830 	 0.958642 	 0.00104048	0.00217374
3005 	 1835 	 0.958645 	 0.00104113	0.00217512
3005 	 1840 	 0.958647 	 0.00104179	0.00217649
3005 	 1845 	 0.958649 	 0.00104244	0.00217786
3005 	 1850 	 0.958651 	 0.0010431	0.00217922
3005 	 1855 	 0.958653 	 0.00104375	0.00218058
3005 	 1860 	 0.958656 	 0.00104439	0.00218193
3005 	 1865 	 0.958658 	 0.00104504	0.00218328
3005 	 1870 	 0.95866 	 0.00104568	0.00218462
3005 	 1875 	 0.958662 	 0.00104633	0.00218597
3005 	 1880 	 0.958664 	 0.00104697	0.0021873
3005 	 1885 	 0.958666 	 0.0010476	0.00218864
3005 	 1890 	 0.958668 	 0.00104824	0.00218996
3005 	 1895 	 0.958671 	 0.00104887	0.00219129
3005 	 1900 	 0.958673 	 0.00104951	0.00219261
3005 	 1905 	 0.958675 	 0.00105014	0.00219393
3005 	 1910 	 0.958677 	 0.00105077	0.00219524
3005 	 1915 	 0.958679 	 0.00105139	0.00219655
3005 	 1920 	 0.958681 	 0.00105202	0.00219786
3005 	 1925 	 0.958683 	 0.00105264	0.00219916
3005 	 1930 	 0.958685 	 0.00105326	0.00220045
3005 	 1935 	 0.958687 	 0.00105388	0.00220175
3005 	 1940 	 0.958689 	 0.0010545	0.00220304
3005 	 1945 	 0.958691 	 0.00105511	0.00220432
3005 	 1950 	 0.958693 	 0.00105573	0.0022056
3005 	 1955 	 0.958695 	 0.00105634	0.00220688
3005 	 1960 	 0.958697 	 0.00105695	0.00220816
3005 	 1965 	 0.958699 	 0.00105756	0.00220943
3005 	 1970 	 0.958701 	 0.00105816	0.00221069
3005 	 1975 	 0.958703 	 0.00105877	0.00221196
3005 	 1980 	 0.958705 	 0.00105937	0.00221322
3005 	 1985 	 0.958707 	 0.00105997	0.00221447
3005 	 1990 	 0.958709 	 0.00106057	0.00221572
3005 	 1995 	 0.958711 	 0.00106117	0.00221697
3005 	 2000 	 0.958713 	 0.00106176	0.00221822
3005 	 2005 	 0.958715 	 0.00106236	0.00221946
3005 	 2010 	 0.958717 	 0.00106295	0.0022207
3005 	 2015 	 0.958719 	 0.00106354	0.00222193
3005 	 2020 	 0.95872 	 0.00106413	0.00222316
3005 	 2025 	 0.958722 	 0.00106472	0.00222439
3005 	 2030 	 0.958724 	 0.0010653	0.00222561
3005 	 2035 	 0.958726 	 0.00106589	0.00222683
3005 	 2040 	 0.958728 	 0.00106647	0.00222805
3005 	 2045 	 0.95873 	 0.00106705	0.00222926
3005 	 2050 	 0.958732 	 0.00106763	0.00223047
3005 	 2055 	 0.958734 	 0.0010682	0.00223167
3005 	 2060 	 0.958735 	 0.00106878	0.00223288
3005 	 2065 	 0.958737 	 0.00106935	0.00223407
3005 	 2070 	 0.958739 	 0.00106993	0.00223527
3005 	 2075 	 0.958741 	 0.0010705	0.00223646
3005 	 2080 	 0.958743 	 0.00107107	0.00223765
3005 	 2085 	 0.958744 	 0.00107163	0.00223884
3005 	 2090 	 0.958746 	 0.0010722	0.00224002
3005 	 2095 	 0.958748 	 0.00107276	0.0022412
3005 	 2100 	 0.95875 	 0.00107333	0.00224237
3005 	 2105 	 0.958752 	 0.00107389	0.00224355
3005 	 2110 	 0.958753 	 0.00107445	0.00224471
3005 	 2115 	 0.958755 	 0.001075	0.00224588
3005 	 2120 	 0.958757 	 0.00107556	0.00224704
3005 	 2125 	 0.958759 	 0.00107612	0.0022482
3005 	 2130 	 0.95876 	 0.00107667	0.00224936
3005 	 2135 	 0.958762 	 0.00107722	0.00225051
3005 	 2140 	 0.958764 	 0.00107777	0.00225166
3005 	 2145 	 0.958765 	 0.00107832	0.00225281
3005 	 2150 	 0.958767 	 0.00107887	0.00225395
3005 	 2155 	 0.958769 	 0.00107941	0.00225509
3005 	 2160 	 0.958771 	 0.00107996	0.00225623
3005 	 2165 	 0.958772 	 0.0010805	0.00225736
3005 	 2170 	 0.958774 	 0.00108104	0.00225849
3005 	 2175 	 0.958776 	 0.00108158	0.00225962
3005 	 2180 	 0.958777 	 0.00108212	0.00226074
3005 	 2185 	 0.958779 	 0.00108265	0.00226186
3005 	 2190 	 0.958781 	 0.00108319	0.00226298
3005 	 2195 	 0.958782 	 0.00108372	0.0022641
3005 	 2200 	 0.958784 	 0.00108426	0.00226521
3005 	 2205 	 0.958786 	 0.00108479	0.00226632
3005 	 2210 	 0.958787 	 0.00108532	0.00226742
3005 	 2215 	 0.958789 	 0.00108585	0.00226853
3005 	 2220 	 0.95879 	 0.00108637	0.00226963
3005 	 2225 	 0.958792 	 0.0010869	0.00227073
3005 	 2230 	 0.958794 	 0.00108742	0.00227182
3005 	 2235 	 0.958795 	 0.00108794	0.00227291
3005 	 2240 	 0.958797 	 0.00108846	0.002274
3005 	 2245 	 0.958798 	 0.00108898	0.00227509
3005 	 2250 	 0.9588 	 0.0010895	0.00227617
3005 	 2255 	 0.958802 	 0.00109002	0.00227725
3005 	 2260 	 0.958803 	 0.00109053	0.00227833
3005 	 2265 	 0.958805 	 0.00109105	0.0022794
3005 	 2270 	 0.958806 	 0.00109156	0.00228047
3005 	 2275 	 0.958808 	 0.00109207	0.00228154
3005 	 2280 	 0.958809 	 0.00109258	0.00228261
3005 	 2285 	 0.958811 	 0.00109309	0.00228367
3005 	 2290 	 0.958812 	 0.0010936	0.00228473
3005 	 2295 	 0.958814 	 0.00109411	0.00228579
3005 	 2300 	 0.958815 	 0.00109461	0.00228684
3005 	 2305 	 0.958817 	 0.00109511	0.00228789
3005 	 2310 	 0.958818 	 0.00109562	0.00228894
3005 	 2315 	 0.95882 	 0.00109612	0.00228999
3005 	 2320 	 0.958822 	 0.00109662	0.00229103
3005 	 2325 	 0.958823 	 0.00109712	0.00229207
3005 	 2330 	 0.958824 	 0.00109761	0.00229311
3005 	 2335 	 0.958826 	 0.00109811	0.00229415
3005 	 2340 	 0.958827 	 0.0010986	0.00229518
3005 	 2345 	 0.958829 	 0.0010991	0.00229621
3005 	 2350 	 0.95883 	 0.00109959	0.00229724
3005 	 2355 	 0.958832 	 0.00110008	0.00229826
3005 	 2360 	 0.958833 	 0.00110057	0.00229929
3005 	 2365 	 0.958835 	 0.00110106	0.00230031
3005 	 2370 	 0.958836 	 0.00110154	0.00230132
3005 	 2375 	 0.958838 	 0.00110203	0.00230234
3005 	 2380 	 0.958839 	 0.00110251	0.00230335
3005 	 2385 	 0.958841 	 0.001103	0.00230436
3005 	 2390 	 0.958842 	 0.00110348	0.00230537
3005 	 2395 	 0.958843 	 0.00110396	0.00230637
3005 	 2400 	 0.958845 	 0.00110444	0.00230737
3005 	 2405 	 0.958846 	 0.00110492	0.00230837
3005 	 2410 	 0.958848 	 0.00110539	0.00230937
3005 	 2415 	 0.958849 	 0.00110587	0.00231036
3005 	 2420 	 0.95885 	 0.00110634	0.00231135
3005 	 2425 	 0.958852 	 0.00110682	0.00231234
3005 	 2430 	 0.958853 	 0.00110729	0.00231333
3005 	 2435 	 0.958855 	 0.00110776	0.00231431
3005 	 2440 	 0.958856 	 0.00110823	0.0023153
3005 	 2445 	 0.958857 	 0.0011087	0.00231627
3005 	 2450 	 0.958859 	 0.00110917	0.00231725
3005 	 2455 	 0.95886 	 0.00110963	0.00231823
3005 	 2460 	 0.958861 	 0.0011101	0.0023192
3005 	 2465 	 0.958863 	 0.00111056	0.00232017
3005 	 2470 	 0.958864 	 0.00111103	0.00232114
3005 	 2475 	 0.958865 	 0.00111149	0.0023221
3005 	 2480 	 0.958867 	 0.00111195	0.00232306
3005 	 2485 	 0.958868 	 0.00111241	0.00232402
3005 	 2490 	 0.958869 	 0.00111287	0.00232498
3005 	 2495 	 0.958871 	 0.00111332	0.00232594
3005 	 2500 	 0.958872 	 0.00111378	0.00232689
3005 	 2505 	 0.958873 	 0.00111424	0.00232784
3005 	 2510 	 0.958875 	 0.00111469	0.00232879
3005 	 2515 	 0.958876 	 0.00111514	0.00232973
3005 	 2520 	 0.958877 	 0.00111559	0.00233068
3005 	 2525 	 0.958879 	 0.00111604	0.00233162
3005 	 2530 	 0.95888 	 0.00111649	0.00233256
3005 	 2535 	 0.958881 	 0.00111694	0.0023335
3005 	 2540 	 0.958883 	 0.00111739	0.00233443
3005 	 2545 	 0.958884 	 0.00111784	0.00233536
3005 	 2550 	 0.958885 	 0.00111828	0.00233629
3005 	 2555 	 0.958886 	 0.00111873	0.00233722
3005 	 2560 	 0.958888 	 0.00111917	0.00233815
3005 	 2565 	 0.958889 	 0.00111961	0.00233907
3005 	 2570 	 0.95889 	 0.00112005	0.00233999
3005 	 2575 	 0.958891 	 0.00112049	0.00234091
3005 	 2580 	 0.958893 	 0.00112093	0.00234183
3005 	 2585 	 0.958894 	 0.00112137	0.00234274
3005 	 2590 	 0.958895 	 0.00112181	0.00234366
3005 	 2595 	 0.958896 	 0.00112224	0.00234457
3005 	 2600 	 0.958898 	 0.00112268	0.00234548
3005 	 2605 	 0.958899 	 0.00112311	0.00234638
3005 	 2610 	 0.9589 	 0.00112354	0.00234729
3005 	 2615 	 0.958901 	 0.00112397	0.00234819
3005 	 2620 	 0.958903 	 0.00112441	0.00234909
3005 	 2625 	 0.958904 	 0.00112484	0.00234999
3005 	 2630 	 0.958905 	 0.00112526	0.00235088
3005 	 2635 	 0.958906 	 0.00112569	0.00235177
3005 	 2640 	 0.958907 	 0.00112612	0.00235267
3005 	 2645 	 0.958909 	 0.00112654	0.00235356
3005 	 2650 	 0.95891 	 0.00112697	0.00235444
3005 	 2655 	 0.958911 	 0.00112739	0.00235533
3005 	 2660 	 0.958912 	 0.00112781	0.00235621
3005 	 2665 	 0.958913 	 0.00112824	0.00235709
3005 	 2670 	 0.958915 	 0.00112866	0.00235797
3005 	 2675 	 0.958916 	 0.00112908	0.00235885
3005 	 2680 	 0.958917 	 0.0011295	0.00235972
3005 	 2685 	 0.958918 	 0.00112991	0.0023606
3005 	 2690 	 0.958919 	 0.00113033	0.00236147
3005 	 2695 	 0.95892 	 0.00113075	0.00236234
3005 	 2700 	 0.958922 	 0.00113116	0.0023632
3005 	 2705 	 0.958923 	 0.00113158	0.00236407
3005 	 2710 	 0.958924 	 0.00113199	0.00236493
3005 	 2715 	 0.958925 	 0.0011324	0.00236579
3005 	 2720 	 0.958926 	 0.00113281	0.00236665
3005 	 2725 	 0.958927 	 0.00113322	0.00236751
3005 	 2730 	 0.958928 	 0.00113363	0.00236836
3005 	 2735 	 0.95893 	 0.00113404	0.00236922
3005 	 2740 	 0.958931 	 0.00113445	0.00237007
3005 	 2745 	 0.958932 	 0.00113485	0.00237092
3005 	 2750 	 0.958933 	 0.00113526	0.00237176
3005 	 2755 	 0.958934 	 0.00113566	0.00237261
3005 	 2760 	 0.958935 	 0.00113607	0.00237345
3005 	 2765 	 0.958936 	 0.00113647	0.0023743
3005 	 2770 	 0.958937 	 0.00113687	0.00237514
3005 	 2775 	 0.958939 	 0.00113727	0.00237597
3005 	 2780 	 0.95894 	 0.00113767	0.00237681
3005 	 2785 	 0.958941 	 0.00113807	0.00237764
3005 	 2790 	 0.958942 	 0.00113847	0.00237848
3005 	 2795 	 0.958943 	 0.00113887	0.00237931
3005 	 2800 	 0.958944 	 0.00113927	0.00238013
3005 	 2805 	 0.958945 	 0.00113966	0.00238096
3005 	 2810 	 0.958946 	 0.00114006	0.00238179
3005 	 2815 	 0.958947 	 0.00114045	0.00238261
3005 	 2820 	 0.958948 	 0.00114084	0.00238343
3005 	 2825 	 0.95895 	 0.00114124	0.00238425
3005 	 2830 	 0.958951 	 0.00114163	0.00238507
3005 	 2835 	 0.958952 	 0.00114202	0.00238588
3005 	 2840 	 0.958953 	 0.00114241	0.0023867
3005 	 2845 	 0.958954 	 0.0011428	0.00238751
3005 	 2850 	 0.958955 	 0.00114318	0.00238832
3005 	 2855 	 0.958956 	 0.00114357	0.00238913
3005 	 2860 	 0.958957 	 0.00114396	0.00238994
3005 	 2865 	 0.958958 	 0.00114434	0.00239074
3005 	 2870 	 0.958959 	 0.00114473	0.00239155
3005 	 2875 	 0.95896 	 0.00114511	0.00239235
3005 	 2880 	 0.958961 	 0.00114549	0.00239315
3005 	 2885 	 0.958962 	 0.00114588	0.00239395
3005 	 2890 	 0.958963 	 0.00114626	0.00239474
3005 	 2895 	 0.958964 	 0.00114664	0.00239554
3005 	 2900 	 0.958965 	 0.00114702	0.00239633
3005 	 2905 	 0.958966 	 0.0011474	0.00239712
3005 	 2910 	 0.958967 	 0.00114777	0.00239791
3005 	 2915 	 0.958968 	 0.00114815	0.0023987
3005 	 2920 	 0.958969 	 0.00114853	0.00239948
3005 	 2925 	 0.95897 	 0.0011489	0.00240027
3005 	 2930 	 0.958971 	 0.00114928	0.00240105
3005 	 2935 	 0.958972 	 0.00114965	0.00240183
3005 	 2940 	 0.958973 	 0.00115003	0.00240261
3005 	 2945 	 0.958974 	 0.0011504	0.00240339
3005 	 2950 	 0.958975 	 0.00115077	0.00240417
3005 	 2955 	 0.958976 	 0.00115114	0.00240494
3005 	 2960 	 0.958977 	 0.00115151	0.00240571
3005 	 2965 	 0.958978 	 0.00115188	0.00240649
3005 	 2970 	 0.958979 	 0.00115225	0.00240725
3005 	 2975 	 0.95898 	 0.00115262	0.00240802
3005 	 2980 	 0.958981 	 0.00115298	0.00240879
3005 	 2985 	 0.958982 	 0.00115335	0.00240955
3005 	 2990 	 0.958983 	 0.00115371	0.00241032
3005 	 2995 	 0.958984 	 0.00115408	0.00241108
3005 	 3000 	 0.958985 	 0.00115444	0.00241184
3005 	 3005 	 0.958986 	 0.0011548	0.0024126
3005 	 3010 	 0.958987 	 0.00115517	0.00241335
3005 	 3015 	 0.958988 	 0.00115553	0.00241411
3005 	 3020 	 0.958989 	 0.00115589	0.00241486
3005 	 3025 	 0.95899 	 0.00115625	0.00241561
3005 	 3030 	 0.958991 	 0.00115661	0.00241637
3005 	 3035 	 0.958992 	 0.00115697	0.00241711
3005 	 3040 	 0.958993 	 0.00115732	0.00241786
3005 	 3045 	 0.958994 	 0.00115768	0.00241861
3005 	 3050 	 0.958995 	 0.00115804	0.00241935
3005 	 3055 	 0.958996 	 0.00115839	0.00242009
3005 	 3060 	 0.958997 	 0.00115875	0.00242084
3005 	 3065 	 0.958998 	 0.0011591	0.00242157
3005 	 3070 	 0.958999 	 0.00115946	0.00242231
3005 	 3075 	 0.958999 	 0.00115981	0.00242305
3005 	 3080 	 0.959 	 0.00116016	0.00242378
3005 	 3085 	 0.959001 	 0.00116051	0.00242452
3005 	 3090 	 0.959002 	 0.00116086	0.00242525
3005 	 3095 	 0.959003 	 0.00116121	0.00242598
3005 	 3100 	 0.959004 	 0.00116156	0.00242671
3005 	 3105 	 0.959005 	 0.00116191	0.00242744
3005 	 3110 	 0.959006 	 0.00116226	0.00242816
3005 	 3115 	 0.959007 	 0.0011626	0.00242889
3005 	 3120 	 0.959008 	 0.00116295	0.00242961
3005 	 3125 	 0.959009 	 0.00116329	0.00243033
3005 	 3130 	 0.95901 	 0.00116364	0.00243105
3005 	 3135 	 0.95901 	 0.00116398	0.00243177
3005 	 3140 	 0.959011 	 0.00116433	0.00243249
3005 	 3145 	 0.959012 	 0.00116467	0.00243321
3005 	 3150 	 0.959013 	 0.00116501	0.00243392
3005 	 3155 	 0.959014 	 0.00116535	0.00243463
3005 	 3160 	 0.959015 	 0.00116569	0.00243534
3005 	 3165 	 0.959016 	 0.00116603	0.00243605
3005 	 3170 	 0.959017 	 0.00116637	0.00243676
3005 	 3175 	 0.959018 	 0.00116671	0.00243747
3005 	 3180 	 0.959018 	 0.00116705	0.00243818
3005 	 3185 	 0.959019 	 0.00116739	0.00243888
3005 	 3190 	 0.95902 	 0.00116772	0.00243958
3005 	 3195 	 0.959021 	 0.00116806	0.00244029
3005 	 3200 	 0.959022 	 0.00116839	0.00244099
3005 	 3205 	 0.959023 	 0.00116873	0.00244169
3005 	 3210 	 0.959024 	 0.00116906	0.00244238
3005 	 3215 	 0.959025 	 0.00116939	0.00244308
3005 	 3220 	 0.959025 	 0.00116973	0.00244377
3005 	 3225 	 0.959026 	 0.00117006	0.00244447
3005 	 3230 	 0.959027 	 0.00117039	0.00244516
3005 	 3235 	 0.959028 	 0.00117072	0.00244585
3005 	 3240 	 0.959029 	 0.00117105	0.00244654
3005 	 3245 	 0.95903 	 0.00117138	0.00244723
3005 	 3250 	 0.959031 	 0.00117171	0.00244791
3005 	 3255 	 0.959031 	 0.00117204	0.0024486
3005 	 3260 	 0.959032 	 0.00117236	0.00244928
3005 	 3265 	 0.959033 	 0.00117269	0.00244996
3005 	 3270 	 0.959034 	 0.00117302	0.00245065
3005 	 3275 	 0.959035 	 0.00117334	0.00245133
3005 	 3280 	 0.959036 	 0.00117367	0.002452
3005 	 3285 	 0.959036 	 0.00117399	0.00245268
3005 	 3290 	 0.959037 	 0.00117431	0.00245336
3005 	 3295 	 0.959038 	 0.00117464	0.00245403
3005 	 3300 	 0.959039 	 0.00117496	0.00245471
3005 	 3305 	 0.95904 	 0.00117528	0.00245538
3005 	 3310 	 0.959041 	 0.0011756	0.00245605
3005 	 3315 	 0.959041 	 0.00117592	0.00245672
3005 	 3320 	 0.959042 	 0.00117624	0.00245739
3005 	 3325 	 0.959043 	 0.00117656	0.00245805
3005 	 3330 	 0.959044 	 0.00117688	0.00245872
3005 	 3335 	 0.959045 	 0.0011772	0.00245938
3005 	 3340 	 0.959045 	 0.00117752	0.00246005
3005 	 3345 	 0.959046 	 0.00117783	0.00246071
3005 	 3350 	 0.959047 	 0.00117815	0.00246137
3005 	 3355 	 0.959048 	 0.00117846	0.00246203
3005 	 3360 	 0.959049 	 0.00117878	0.00246269
3005 	 3365 	 0.95905 	 0.00117909	0.00246334
3005 	 3370 	 0.95905 	 0.00117941	0.002464
3005 	 3375 	 0.959051 	 0.00117972	0.00246465
3005 	 3380 	 0.959052 	 0.00118003	0.0024653
3005 	 3385 	 0.959053 	 0.00118035	0.00246596
3005 	 3390 	 0.959053 	 0.00118066	0.00246661
3005 	 3395 	 0.959054 	 0.00118097	0.00246726
3005 	 3400 	 0.959055 	 0.00118128	0.0024679
3005 	 3405 	 0.959056 	 0.00118159	0.00246855
3005 	 3410 	 0.959057 	 0.0011819	0.0024692
3005 	 3415 	 0.959057 	 0.0011822	0.00246984
3005 	 3420 	 0.959058 	 0.00118251	0.00247048
3005 	 3425 	 0.959059 	 0.00118282	0.00247113
3005 	 3430 	 0.95906 	 0.00118313	0.00247177
3005 	 3435 	 0.959061 	 0.00118343	0.00247241
3005 	 3440 	 0.959061 	 0.00118374	0.00247305
3005 	 3445 	 0.959062 	 0.00118404	0.00247368
3005 	 3450 	 0.959063 	 0.00118435	0.00247432
3005 	 3455 	 0.959064 	 0.00118465	0.00247495
3005 	 3460 	 0.959064 	 0.00118495	0.00247559
3005 	 3465 	 0.959065 	 0.00118526	0.00247622
3005 	 3470 	 0.959066 	 0.00118556	0.00247685
3005 	 3475 	 0.959067 	 0.00118586	0.00247748
3005 	 3480 	 0.959067 	 0.00118616	0.00247811
3005 	 3485 	 0.959068 	 0.00118646	0.00247874
3005 	 3490 	 0.959069 	 0.00118676	0.00247936
3005 	 3495 	 0.95907 	 0.00118706	0.00247999
3005 	 3500 	 0.95907 	 0.00118736	0.00248061
3005 	 3505 	 0.959071 	 0.00118766	0.00248124
3005 	 3510 	 0.959072 	 0.00118796	0.00248186
3005 	 3515 	 0.959073 	 0.00118825	0.00248248
3005 	 3520 	 0.959073 	 0.00118855	0.0024831
3005 	 3525 	 0.959074 	 0.00118885	0.00248372
3005 	 3530 	 0.959075 	 0.00118914	0.00248434
3005 	 3535 	 0.959076 	 0.00118944	0.00248495
3005 	 3540 	 0.959076 	 0.00118973	0.00248557
3005 	 3545 	 0.959077 	 0.00119003	0.00248618
3005 	 3550 	 0.959078 	 0.00119032	0.00248679
3005 	 3555 	 0.959079 	 0.00119061	0.00248741
3005 	 3560 	 0.959079 	 0.00119091	0.00248802
3005 	 3565 	 0.95908 	 0.0011912	0.00248863
3005 	 3570 	 0.959081 	 0.00119149	0.00248924
3005 	 3575 	 0.959081 	 0.00119178	0.00248984
3005 	 3580 	 0.959082 	 0.00119207	0.00249045
3005 	 3585 	 0.959083 	 0.00119236	0.00249106
3005 	 3590 	 0.959084 	 0.00119265	0.00249166
3005 	 3595 	 0.959084 	 0.00119294	0.00249226
3005 	 3600 	 0.959085 	 0.00119323	0.00249286
3005 	 3605 	 0.959086 	 0.00119351	0.00249347
3005 	 3610 	 0.959086 	 0.0011938	0.00249407
3005 	 3615 	 0.959087 	 0.00119409	0.00249466
3005 	 3620 	 0.959088 	 0.00119437	0.00249526
3005 	 3625 	 0.959089 	 0.00119466	0.00249586
3005 	 3630 	 0.959089 	 0.00119494	0.00249645
3005 	 3635 	 0.95909 	 0.00119523	0.00249705
3005 	 3640 	 0.959091 	 0.00119551	0.00249764
3005 	 3645 	 0.959091 	 0.0011958	0.00249823
3005 	 3650 	 0.959092 	 0.00119608	0.00249883
3005 	 3655 	 0.959093 	 0.00119636	0.00249942
3005 	 3660 	 0.959093 	 0.00119664	0.00250001
3005 	 3665 	 0.959094 	 0.00119692	0.00250059
3005 	 3670 	 0.959095 	 0.00119721	0.00250118
3005 	 3675 	 0.959096 	 0.00119749	0.00250177
3005 	 3680 	 0.959096 	 0.00119777	0.00250235
3005 	 3685 	 0.959097 	 0.00119805	0.00250294
3005 	 3690 	 0.959098 	 0.00119833	0.00250352
3005 	 3695 	 0.959098 	 0.0011986	0.0025041
3005 	 3700 	 0.959099 	 0.00119888	0.00250468
3005 	 3705 	 0.9591 	 0.00119916	0.00250526
3005 	 3710 	 0.9591 	 0.00119944	0.00250584
3005 	 3715 	 0.959101 	 0.00119971	0.00250642
3005 	 3720 	 0.959102 	 0.00119999	0.002507
3005 	 3725 	 0.959102 	 0.00120027	0.00250757
3005 	 3730 	 0.959103 	 0.00120054	0.00250815
3005 	 3735 	 0.959104 	 0.00120082	0.00250872
3005 	 3740 	 0.959104 	 0.00120109	0.0025093
3005 	 3745 	 0.959105 	 0.00120136	0.00250987
3005 	 3750 	 0.959106 	 0.00120164	0.00251044
3005 	 3755 	 0.959106 	 0.00120191	0.00251101
3005 	 3760 	 0.959107 	 0.00120218	0.00251158
3005 	 3765 	 0.959108 	 0.00120245	0.00251215
3005 	 3770 	 0.959108 	 0.00120273	0.00251271
3005 	 3775 	 0.959109 	 0.001203	0.00251328
3005 	 3780 	 0.95911 	 0.00120327	0.00251384
3005 	 3785 	 0.95911 	 0.00120354	0.00251441
3005 	 3790 	 0.959111 	 0.00120381	0.00251497
3005 	 3795 	 0.959112 	 0.00120408	0.00251553
3005 	 3800 	 0.959112 	 0.00120434	0.00251609
3005 	 3805 	 0.959113 	 0.00120461	0.00251665
3005 	 3810 	 0.959114 	 0.00120488	0.00251721
3005 	 3815 	 0.959114 	 0.00120515	0.00251777
3005 	 3820 	 0.959115 	 0.00120541	0.00251833
3005 	 3825 	 0.959116 	 0.00120568	0.00251889
3005 	 3830 	 0.959116 	 0.00120595	0.00251944
3005 	 3835 	 0.959117 	 0.00120621	0.00252
3005 	 3840 	 0.959117 	 0.00120648	0.00252055
3005 	 3845 	 0.959118 	 0.00120674	0.0025211
3005 	 3850 	 0.959119 	 0.00120701	0.00252165
3005 	 3855 	 0.959119 	 0.00120727	0.00252221
3005 	 3860 	 0.95912 	 0.00120753	0.00252276
3005 	 3865 	 0.959121 	 0.0012078	0.0025233
3005 	 3870 	 0.959121 	 0.00120806	0.00252385
3005 	 3875 	 0.959122 	 0.00120832	0.0025244
3005 	 3880 	 0.959123 	 0.00120858	0.00252495
3005 	 3885 	 0.959123 	 0.00120884	0.00252549
3005 	 3890 	 0.959124 	 0.0012091	0.00252604
3005 	 3895 	 0.959124 	 0.00120936	0.00252658
3005 	 3900 	 0.959125 	 0.00120962	0.00252712
3005 	 3905 	 0.959126 	 0.00120988	0.00252766
3005 	 3910 	 0.959126 	 0.00121014	0.0025282
3005 	 3915 	 0.959127 	 0.0012104	0.00252874
3005 	 3920 	 0.959128 	 0.00121066	0.00252928
3005 	 3925 	 0.959128 	 0.00121091	0.00252982
3005 	 3930 	 0.959129 	 0.00121117	0.00253036
3005 	 3935 	 0.959129 	 0.00121143	0.00253089
3005 	 3940 	 0.95913 	 0.00121168	0.00253143
3005 	 3945 	 0.959131 	 0.00121194	0.00253196
3005 	 3950 	 0.959131 	 0.0012122	0.0025325
3005 	 3955 	 0.959132 	 0.00121245	0.00253303
3005 	 3960 	 0.959132 	 0.00121271	0.00253356
3005 	 3965 	 0.959133 	 0.00121296	0.00253409
3005 	 3970 	 0.959134 	 0.00121321	0.00253462
3005 	 3975 	 0.959134 	 0.00121347	0.00253515
3005 	 3980 	 0.959135 	 0.00121372	0.00253568
3005 	 3985 	 0.959135 	 0.00121397	0.00253621
3005 	 3990 	 0.959136 	 0.00121422	0.00253674
3005 	 3995 	 0.959137 	 0.00121448	0.00253726
3005 	 4000 	 0.959137 	 0.00121473	0.00253779
3005 	 4005 	 0.959138 	 0.00121498	0.00253831
3005 	 4010 	 0.959138 	 0.00121523	0.00253883
3005 	 4015 	 0.959139 	 0.00121548	0.00253936
3005 	 4020 	 0.95914 	 0.00121573	0.00253988
3005 	 4025 	 0.95914 	 0.00121598	0.0025404
3005 	 4030 	 0.959141 	 0.00121623	0.00254092
3005 	 4035 	 0.959141 	 0.00121647	0.00254144
3005 	 4040 	 0.959142 	 0.00121672	0.00254195
3005 	 4045 	 0.959143 	 0.00121697	0.00254247
3005 	 4050 	 0.959143 	 0.00121722	0.00254299
3005 	 4055 	 0.959144 	 0.00121746	0.0025435
3005 	 4060 	 0.959144 	 0.00121771	0.00254402
3005 	 4065 	 0.959145 	 0.00121796	0.00254453
3005 	 4070 	 0.959145 	 0.0012182	0.00254505
3005 	 4075 	 0.959146 	 0.00121845	0.00254556
3005 	 4080 	 0.959147 	 0.00121869	0.00254607
3005 	 4085 	 0.959147 	 0.00121894	0.00254658
3005 	 4090 	 0.959148 	 0.00121918	0.00254709
3005 	 4095 	 0.959148 	 0.00121942	0.0025476
3005 	 4100 	 0.959149 	 0.00121967	0.00254811
3005 	 4105 	 0.95915 	 0.00121991	0.00254861
3005 	 4110 	 0.95915 	 0.00122015	0.00254912
3005 	 4115 	 0.959151 	 0.00122039	0.00254963
3005 	 4120 	 0.959151 	 0.00122064	0.00255013
3005 	 4125 	 0.959152 	 0.00122088	0.00255064
3005 	 4130 	 0.959152 	 0.00122112	0.00255114
3005 	 4135 	 0.959153 	 0.00122136	0.00255164
3005 	 4140 	 0.959153 	 0.0012216	0.00255214
3005 	 4145 	 0.959154 	 0.00122184	0.00255264
3005 	 4150 	 0.959155 	 0.00122208	0.00255314
3005 	 4155 	 0.959155 	 0.00122232	0.00255364
3005 	 4160 	 0.959156 	 0.00122256	0.00255414
3005 	 4165 	 0.959156 	 0.00122279	0.00255464
3005 	 4170 	 0.959157 	 0.00122303	0.00255514
3005 	 4175 	 0.959157 	 0.00122327	0.00255563
3005 	 4180 	 0.959158 	 0.00122351	0.00255613
3005 	 4185 	 0.959159 	 0.00122374	0.00255662
3005 	 4190 	 0.959159 	 0.00122398	0.00255712
3005 	 4195 	 0.95916 	 0.00122422	0.00255761
3005 	 4200 	 0.95916 	 0.00122445	0.0025581
3005 	 4205 	 0.959161 	 0.00122469	0.00255859
3005 	 4210 	 0.959161 	 0.00122492	0.00255909
3005 	 4215 	 0.959162 	 0.00122516	0.00255958
3005 	 4220 	 0.959162 	 0.00122539	0.00256006
3005 	 4225 	 0.959163 	 0.00122562	0.00256055
3005 	 4230 	 0.959163 	 0.00122586	0.00256104
3005 	 4235 	 0.959164 	 0.00122609	0.00256153
3005 	 4240 	 0.959165 	 0.00122632	0.00256201
3005 	 4245 	 0.959165 	 0.00122656	0.0025625
3005 	 4250 	 0.959166 	 0.00122679	0.00256298
3005 	 4255 	 0.959166 	 0.00122702	0.00256347
3005 	 4260 	 0.959167 	 0.00122725	0.00256395
3005 	 4265 	 0.959167 	 0.00122748	0.00256443
3005 	 4270 	 0.959168 	 0.00122771	0.00256492
3005 	 4275 	 0.959168 	 0.00122794	0.0025654
3005 	 4280 	 0.959169 	 0.00122817	0.00256588
3005 	 4285 	 0.959169 	 0.0012284	0.00256636
3005 	 4290 	 0.95917 	 0.00122863	0.00256684
3005 	 4295 	 0.95917 	 0.00122886	0.00256731
3005 	 4300 	 0.959171 	 0.00122909	0.00256779
3005 	 4305 	 0.959172 	 0.00122932	0.00256827
3005 	 4310 	 0.959172 	 0.00122954	0.00256874
3005 	 4315 	 0.959173 	 0.00122977	0.00256922
3005 	 4320 	 0.959173 	 0.00123	0.00256969
3005 	 4325 	 0.959174 	 0.00123023	0.00257017
3005 	 4330 	 0.959174 	 0.00123045	0.00257064
3005 	 4335 	 0.959175 	 0.00123068	0.00257111
3005 	 4340 	 0.959175 	 0.0012309	0.00257158
3005 	 4345 	 0.959176 	 0.00123113	0.00257205
3005 	 4350 	 0.959176 	 0.00123135	0.00257252
3005 	 4355 	 0.959177 	 0.00123158	0.00257299
3005 	 4360 	 0.959177 	 0.0012318	0.00257346
3005 	 4365 	 0.959178 	 0.00123203	0.00257393
3005 	 4370 	 0.959178 	 0.00123225	0.0025744
3005 	 4375 	 0.959179 	 0.00123247	0.00257486
3005 	 4380 	 0.959179 	 0.0012327	0.00257533
3005 	 4385 	 0.95918 	 0.00123292	0.00257579
3005 	 4390 	 0.95918 	 0.00123314	0.00257626
3005 	 4395 	 0.959181 	 0.00123336	0.00257672
3005 	 4400 	 0.959181 	 0.00123359	0.00257719
3005 	 4405 	 0.959182 	 0.00123381	0.00257765
3005 	 4410 	 0.959182 	 0.00123403	0.00257811
3005 	 4415 	 0.959183 	 0.00123425	0.00257857
3005 	 4420 	 0.959183 	 0.00123447	0.00257903
3005 	 4425 	 0.959184 	 0.00123469	0.00257949
3005 	 4430 	 0.959184 	 0.00123491	0.00257995
3005 	 4435 	 0.959185 	 0.00123513	0.00258041
3005 	 4440 	 0.959185 	 0.00123535	0.00258086
3005 	 4445 	 0.959186 	 0.00123557	0.00258132
3005 	 4450 	 0.959186 	 0.00123578	0.00258178
3005 	 4455 	 0.959187 	 0.001236	0.00258223
3005 	 4460 	 0.959187 	 0.00123622	0.00258269
3005 	 4465 	 0.959188 	 0.00123644	0.00258314
3005 	 4470 	 0.959188 	 0.00123665	0.0025836
3005 	 4475 	 0.959189 	 0.00123687	0.00258405
3005 	 4480 	 0.959189 	 0.00123709	0.0025845
3005 	 4485 	 0.95919 	 0.0012373	0.00258495
3005 	 4490 	 0.95919 	 0.00123752	0.0025854
3005 	 4495 	 0.959191 	 0.00123773	0.00258585
3005 	 4500 	 0.959191 	 0.00123795	0.0025863
3005 	 4505 	 0.959192 	 0.00123816	0.00258675
3005 	 4510 	 0.959192 	 0.00123838	0.0025872
3005 	 4515 	 0.959193 	 0.00123859	0.00258765
3005 	 4520 	 0.959193 	 0.00123881	0.00258809
3005 	 4525 	 0.959194 	 0.00123902	0.00258854
3005 	 4530 	 0.959194 	 0.00123923	0.00258898
3005 	 4535 	 0.959195 	 0.00123945	0.00258943
3005 	 4540 	 0.959195 	 0.00123966	0.00258987
3005 	 4545 	 0.959196 	 0.00123987	0.00259032
3005 	 4550 	 0.959196 	 0.00124008	0.00259076
3005 	 4555 	 0.959197 	 0.0012403	0.0025912
3005 	 4560 	 0.959197 	 0.00124051	0.00259164
3005 	 4565 	 0.959198 	 0.00124072	0.00259208
3005 	 4570 	 0.959198 	 0.00124093	0.00259253
3005 	 4575 	 0.959199 	 0.00124114	0.00259296
3005 	 4580 	 0.959199 	 0.00124135	0.0025934
3005 	 4585 	 0.9592 	 0.00124156	0.00259384
3005 	 4590 	 0.9592 	 0.00124177	0.00259428
3005 	 4595 	 0.9592 	 0.00124198	0.00259472
3005 	 4600 	 0.959201 	 0.00124219	0.00259515
3005 	 4605 	 0.959201 	 0.0012424	0.00259559
3005 	 4610 	 0.959202 	 0.0012426	0.00259602
3005 	 4615 	 0.959202 	 0.00124281	0.00259646
3005 	 4620 	 0.959203 	 0.00124302	0.00259689
3005 	 4625 	 0.959203 	 0.00124323	0.00259733
3005 	 4630 	 0.959204 	 0.00124343	0.00259776
3005 	 4635 	 0.959204 	 0.00124364	0.00259819
3005 	 4640 	 0.959205 	 0.00124385	0.00259862
3005 	 4645 	 0.959205 	 0.00124405	0.00259905
3005 	 4650 	 0.959206 	 0.00124426	0.00259948
3005 	 4655 	 0.959206 	 0.00124446	0.00259991
3005 	 4660 	 0.959207 	 0.00124467	0.00260034
3005 	 4665 	 0.959207 	 0.00124488	0.00260077
3005 	 4670 	 0.959207 	 0.00124508	0.0026012
3005 	 4675 	 0.959208 	 0.00124528	0.00260163
3005 	 4680 	 0.959208 	 0.00124549	0.00260205
3005 	 4685 	 0.959209 	 0.00124569	0.00260248
3005 	 4690 	 0.959209 	 0.0012459	0.0026029
3005 	 4695 	 0.95921 	 0.0012461	0.00260333
3005 	 4700 	 0.95921 	 0.0012463	0.00260375
3005 	 4705 	 0.959211 	 0.00124651	0.00260418
3005 	 4710 	 0.959211 	 0.00124671	0.0026046
3005 	 4715 	 0.959212 	 0.00124691	0.00260502
3005 	 4720 	 0.959212 	 0.00124711	0.00260544
3005 	 4725 	 0.959213 	 0.00124731	0.00260587
3005 	 4730 	 0.959213 	 0.00124751	0.00260629
3005 	 4735 	 0.959213 	 0.00124772	0.00260671
3005 	 4740 	 0.959214 	 0.00124792	0.00260713
3005 	 4745 	 0.959214 	 0.00124812	0.00260754
3005 	 4750 	 0.959215 	 0.00124832	0.00260796
3005 	 4755 	 0.959215 	 0.00124852	0.00260838
3005 	 4760 	 0.959216 	 0.00124872	0.0026088
3005 	 4765 	 0.959216 	 0.00124892	0.00260921
3005 	 4770 	 0.959217 	 0.00124912	0.00260963
3005 	 4775 	 0.959217 	 0.00124931	0.00261005
3005 	 4780 	 0.959217 	 0.00124951	0.00261046
3005 	 4785 	 0.959218 	 0.00124971	0.00261087
3005 	 4790 	 0.959218 	 0.00124991	0.00261129
3005 	 4795 	 0.959219 	 0.00125011	0.0026117
3005 	 4800 	 0.959219 	 0.0012503	0.00261211
3005 	 4805 	 0.95922 	 0.0012505	0.00261252
3005 	 4810 	 0.95922 	 0.0012507	0.00261294
3005 	 4815 	 0.959221 	 0.00125089	0.00261335
3005 	 4820 	 0.959221 	 0.00125109	0.00261376
3005 	 4825 	 0.959221 	 0.00125129	0.00261417
3005 	 4830 	 0.959222 	 0.00125148	0.00261458
3005 	 4835 	 0.959222 	 0.00125168	0.00261498
3005 	 4840 	 0.959223 	 0.00125187	0.00261539
3005 	 4845 	 0.959223 	 0.00125207	0.0026158
3005 	 4850 	 0.959224 	 0.00125226	0.00261621
3005 	 4855 	 0.959224 	 0.00125246	0.00261661
3005 	 4860 	 0.959224 	 0.00125265	0.00261702
3005 	 4865 	 0.959225 	 0.00125285	0.00261742
3005 	 4870 	 0.959225 	 0.00125304	0.00261783
3005 	 4875 	 0.959226 	 0.00125323	0.00261823
3005 	 4880 	 0.959226 	 0.00125343	0.00261864
3005 	 4885 	 0.959227 	 0.00125362	0.00261904
3005 	 4890 	 0.959227 	 0.00125381	0.00261944
3005 	 4895 	 0.959227 	 0.001254	0.00261984
3005 	 4900 	 0.959228 	 0.0012542	0.00262024
3005 	 4905 	 0.959228 	 0.00125439	0.00262064
3005 	 4910 	 0.959229 	 0.00125458	0.00262104
3005 	 4915 	 0.959229 	 0.00125477	0.00262144
3005 	 4920 	 0.95923 	 0.00125496	0.00262184
3005 	 4925 	 0.95923 	 0.00125515	0.00262224
3005 	 4930 	 0.95923 	 0.00125534	0.00262264
3005 	 4935 	 0.959231 	 0.00125553	0.00262304
3005 	 4940 	 0.959231 	 0.00125572	0.00262343
3005 	 4945 	 0.959232 	 0.00125591	0.00262383
3005 	 4950 	 0.959232 	 0.0012561	0.00262423
3005 	 4955 	 0.959232 	 0.00125629	0.00262462
3005 	 4960 	 0.959233 	 0.00125648	0.00262502
3005 	 4965 	 0.959233 	 0.00125667	0.00262541
3005 	 4970 	 0.959234 	 0.00125686	0.0026258
3005 	 4975 	 0.959234 	 0.00125705	0.0026262
3005 	 4980 	 0.959235 	 0.00125723	0.00262659
3005 	 4985 	 0.959235 	 0.00125742	0.00262698
3005 	 4990 	 0.959235 	 0.00125761	0.00262737
3005 	 4995 	 0.959236 	 0.0012578	0.00262776
3005 	 5000 	 0.959236 	 0.00125798	0.00262815
