4055 	 5 	 0.877023 	 0.00532949	0.0111343
4055 	 10 	 0.879637 	 0.0043093	0.00900292
4055 	 15 	 0.883304 	 0.0032152	0.00671714
4055 	 20 	 0.888151 	 0.00216522	0.00452355
4055 	 25 	 0.894072 	 0.00131128	0.0027395
4055 	 30 	 0.90065 	 0.00111823	0.00233618
4055 	 35 	 0.913073 	 0.00187617	0.00391965
4055 	 40 	 0.922079 	 0.00103974	0.0021722
4055 	 45 	 0.929202 	 0.000755523	0.00157843
4055 	 50 	 0.934654 	 0.000754244	0.00157575
4055 	 55 	 0.938712 	 0.000756967	0.00158144
4055 	 60 	 0.941692 	 0.000738841	0.00154357
4055 	 65 	 0.943883 	 0.00072838	0.00152172
4055 	 70 	 0.945514 	 0.000730521	0.00152619
4055 	 75 	 0.946753 	 0.000735327	0.00153623
4055 	 80 	 0.94772 	 0.000734477	0.00153446
4055 	 85 	 0.948496 	 0.000725498	0.0015157
4055 	 90 	 0.949135 	 0.000709736	0.00148277
4055 	 95 	 0.949674 	 0.000689911	0.00144135
4055 	 100 	 0.950139 	 0.000668701	0.00139704
4055 	 105 	 0.950547 	 0.000648174	0.00135415
4055 	 110 	 0.95091 	 0.000629671	0.0013155
4055 	 115 	 0.951237 	 0.000613906	0.00128256
4055 	 120 	 0.951534 	 0.000601116	0.00125584
4055 	 125 	 0.951806 	 0.000591223	0.00123517
4055 	 130 	 0.952057 	 0.000583966	0.00122001
4055 	 135 	 0.952289 	 0.000578997	0.00120963
4055 	 140 	 0.952504 	 0.000575948	0.00120326
4055 	 145 	 0.952706 	 0.000574466	0.00120016
4055 	 150 	 0.952894 	 0.000574239	0.00119969
4055 	 155 	 0.953071 	 0.000574999	0.00120128
4055 	 160 	 0.953237 	 0.000576523	0.00120446
4055 	 165 	 0.953394 	 0.000578629	0.00120886
4055 	 170 	 0.953543 	 0.000581175	0.00121418
4055 	 175 	 0.953683 	 0.000584046	0.00122018
4055 	 180 	 0.953816 	 0.000587152	0.00122667
4055 	 185 	 0.953942 	 0.000590425	0.00123351
4055 	 190 	 0.954063 	 0.000593812	0.00124058
4055 	 195 	 0.954177 	 0.000597271	0.00124781
4055 	 200 	 0.954286 	 0.000600771	0.00125512
4055 	 205 	 0.954391 	 0.00060429	0.00126247
4055 	 210 	 0.95449 	 0.00060781	0.00126983
4055 	 215 	 0.954586 	 0.000611319	0.00127716
4055 	 220 	 0.954677 	 0.000614806	0.00128444
4055 	 225 	 0.954765 	 0.000618266	0.00129167
4055 	 230 	 0.95485 	 0.000621694	0.00129883
4055 	 235 	 0.954931 	 0.000625087	0.00130592
4055 	 240 	 0.955009 	 0.000628443	0.00131293
4055 	 245 	 0.955084 	 0.000631762	0.00131987
4055 	 250 	 0.955156 	 0.000635043	0.00132672
4055 	 255 	 0.955226 	 0.000638287	0.0013335
4055 	 260 	 0.955293 	 0.000641494	0.0013402
4055 	 265 	 0.955359 	 0.000644665	0.00134682
4055 	 270 	 0.955421 	 0.000647801	0.00135337
4055 	 275 	 0.955482 	 0.000650903	0.00135985
4055 	 280 	 0.955541 	 0.000653972	0.00136627
4055 	 285 	 0.955598 	 0.00065701	0.00137261
4055 	 290 	 0.955653 	 0.000660018	0.0013789
4055 	 295 	 0.955707 	 0.000662996	0.00138512
4055 	 300 	 0.955759 	 0.000665946	0.00139128
4055 	 305 	 0.955809 	 0.00066887	0.00139739
4055 	 310 	 0.955858 	 0.000671767	0.00140344
4055 	 315 	 0.955906 	 0.000674639	0.00140944
4055 	 320 	 0.955952 	 0.000677487	0.00141539
4055 	 325 	 0.955997 	 0.000680311	0.00142129
4055 	 330 	 0.956041 	 0.000683113	0.00142715
4055 	 335 	 0.956084 	 0.000685893	0.00143296
4055 	 340 	 0.956125 	 0.000688652	0.00143872
4055 	 345 	 0.956166 	 0.000691391	0.00144444
4055 	 350 	 0.956205 	 0.000694109	0.00145012
4055 	 355 	 0.956244 	 0.000696808	0.00145576
4055 	 360 	 0.956281 	 0.000699488	0.00146136
4055 	 365 	 0.956318 	 0.000702149	0.00146692
4055 	 370 	 0.956353 	 0.000704792	0.00147244
4055 	 375 	 0.956388 	 0.000707418	0.00147793
4055 	 380 	 0.956422 	 0.000710027	0.00148337
4055 	 385 	 0.956455 	 0.000712618	0.00148879
4055 	 390 	 0.956488 	 0.000715193	0.00149417
4055 	 395 	 0.95652 	 0.000717751	0.00149951
4055 	 400 	 0.956551 	 0.000720294	0.00150482
4055 	 405 	 0.956581 	 0.00072282	0.0015101
4055 	 410 	 0.956611 	 0.000725331	0.00151535
4055 	 415 	 0.95664 	 0.000727827	0.00152056
4055 	 420 	 0.956668 	 0.000730307	0.00152574
4055 	 425 	 0.956696 	 0.000732772	0.0015309
4055 	 430 	 0.956724 	 0.000735223	0.00153601
4055 	 435 	 0.95675 	 0.000737659	0.0015411
4055 	 440 	 0.956777 	 0.00074008	0.00154616
4055 	 445 	 0.956802 	 0.000742487	0.00155119
4055 	 450 	 0.956828 	 0.00074488	0.00155619
4055 	 455 	 0.956852 	 0.000747259	0.00156116
4055 	 460 	 0.956877 	 0.000749624	0.0015661
4055 	 465 	 0.9569 	 0.000751975	0.00157101
4055 	 470 	 0.956924 	 0.000754313	0.0015759
4055 	 475 	 0.956947 	 0.000756637	0.00158075
4055 	 480 	 0.956969 	 0.000758947	0.00158558
4055 	 485 	 0.956991 	 0.000761244	0.00159038
4055 	 490 	 0.957013 	 0.000763528	0.00159515
4055 	 495 	 0.957034 	 0.000765799	0.00159989
4055 	 500 	 0.957055 	 0.000768056	0.00160461
4055 	 505 	 0.957076 	 0.000770301	0.0016093
4055 	 510 	 0.957096 	 0.000772533	0.00161396
4055 	 515 	 0.957116 	 0.000774752	0.0016186
4055 	 520 	 0.957135 	 0.000776958	0.00162321
4055 	 525 	 0.957155 	 0.000779152	0.00162779
4055 	 530 	 0.957174 	 0.000781333	0.00163235
4055 	 535 	 0.957192 	 0.000783502	0.00163688
4055 	 540 	 0.957211 	 0.000785658	0.00164138
4055 	 545 	 0.957229 	 0.000787802	0.00164586
4055 	 550 	 0.957246 	 0.000789934	0.00165032
4055 	 555 	 0.957264 	 0.000792054	0.00165475
4055 	 560 	 0.957281 	 0.000794162	0.00165915
4055 	 565 	 0.957298 	 0.000796258	0.00166353
4055 	 570 	 0.957314 	 0.000798342	0.00166788
4055 	 575 	 0.957331 	 0.000800414	0.00167221
4055 	 580 	 0.957347 	 0.000802475	0.00167652
4055 	 585 	 0.957363 	 0.000804524	0.0016808
4055 	 590 	 0.957379 	 0.000806561	0.00168505
4055 	 595 	 0.957394 	 0.000808587	0.00168929
4055 	 600 	 0.957409 	 0.000810601	0.00169349
4055 	 605 	 0.957424 	 0.000812605	0.00169768
4055 	 610 	 0.957439 	 0.000814596	0.00170184
4055 	 615 	 0.957454 	 0.000816577	0.00170598
4055 	 620 	 0.957468 	 0.000818547	0.00171009
4055 	 625 	 0.957482 	 0.000820505	0.00171419
4055 	 630 	 0.957496 	 0.000822453	0.00171825
4055 	 635 	 0.95751 	 0.00082439	0.0017223
4055 	 640 	 0.957524 	 0.000826316	0.00172632
4055 	 645 	 0.957537 	 0.000828231	0.00173033
4055 	 650 	 0.95755 	 0.000830136	0.0017343
4055 	 655 	 0.957563 	 0.00083203	0.00173826
4055 	 660 	 0.957576 	 0.000833913	0.0017422
4055 	 665 	 0.957589 	 0.000835786	0.00174611
4055 	 670 	 0.957602 	 0.000837649	0.00175
4055 	 675 	 0.957614 	 0.000839502	0.00175387
4055 	 680 	 0.957626 	 0.000841344	0.00175772
4055 	 685 	 0.957638 	 0.000843176	0.00176155
4055 	 690 	 0.95765 	 0.000844998	0.00176536
4055 	 695 	 0.957662 	 0.00084681	0.00176914
4055 	 700 	 0.957674 	 0.000848612	0.00177291
4055 	 705 	 0.957685 	 0.000850405	0.00177665
4055 	 710 	 0.957697 	 0.000852187	0.00178037
4055 	 715 	 0.957708 	 0.00085396	0.00178408
4055 	 720 	 0.957719 	 0.000855723	0.00178776
4055 	 725 	 0.95773 	 0.000857477	0.00179143
4055 	 730 	 0.957741 	 0.000859221	0.00179507
4055 	 735 	 0.957751 	 0.000860955	0.00179869
4055 	 740 	 0.957762 	 0.000862681	0.0018023
4055 	 745 	 0.957772 	 0.000864397	0.00180588
4055 	 750 	 0.957783 	 0.000866103	0.00180945
4055 	 755 	 0.957793 	 0.000867801	0.00181299
4055 	 760 	 0.957803 	 0.000869489	0.00181652
4055 	 765 	 0.957813 	 0.000871169	0.00182003
4055 	 770 	 0.957823 	 0.000872839	0.00182352
4055 	 775 	 0.957833 	 0.000874501	0.00182699
4055 	 780 	 0.957842 	 0.000876154	0.00183045
4055 	 785 	 0.957852 	 0.000877798	0.00183388
4055 	 790 	 0.957861 	 0.000879433	0.0018373
4055 	 795 	 0.957871 	 0.00088106	0.00184069
4055 	 800 	 0.95788 	 0.000882678	0.00184408
4055 	 805 	 0.957889 	 0.000884288	0.00184744
4055 	 810 	 0.957898 	 0.000885889	0.00185078
4055 	 815 	 0.957907 	 0.000887482	0.00185411
4055 	 820 	 0.957916 	 0.000889066	0.00185742
4055 	 825 	 0.957925 	 0.000890642	0.00186071
4055 	 830 	 0.957933 	 0.00089221	0.00186399
4055 	 835 	 0.957942 	 0.00089377	0.00186725
4055 	 840 	 0.95795 	 0.000895322	0.00187049
4055 	 845 	 0.957959 	 0.000896866	0.00187372
4055 	 850 	 0.957967 	 0.000898402	0.00187692
4055 	 855 	 0.957975 	 0.00089993	0.00188012
4055 	 860 	 0.957984 	 0.00090145	0.00188329
4055 	 865 	 0.957992 	 0.000902962	0.00188645
4055 	 870 	 0.958 	 0.000904467	0.0018896
4055 	 875 	 0.958008 	 0.000905964	0.00189272
4055 	 880 	 0.958015 	 0.000907453	0.00189583
4055 	 885 	 0.958023 	 0.000908935	0.00189893
4055 	 890 	 0.958031 	 0.000910409	0.00190201
4055 	 895 	 0.958038 	 0.000911876	0.00190508
4055 	 900 	 0.958046 	 0.000913335	0.00190812
4055 	 905 	 0.958053 	 0.000914788	0.00191116
4055 	 910 	 0.958061 	 0.000916233	0.00191418
4055 	 915 	 0.958068 	 0.00091767	0.00191718
4055 	 920 	 0.958075 	 0.000919101	0.00192017
4055 	 925 	 0.958083 	 0.000920524	0.00192314
4055 	 930 	 0.95809 	 0.000921941	0.0019261
4055 	 935 	 0.958097 	 0.00092335	0.00192905
4055 	 940 	 0.958104 	 0.000924752	0.00193198
4055 	 945 	 0.958111 	 0.000926148	0.00193489
4055 	 950 	 0.958118 	 0.000927537	0.00193779
4055 	 955 	 0.958125 	 0.000928918	0.00194068
4055 	 960 	 0.958131 	 0.000930294	0.00194355
4055 	 965 	 0.958138 	 0.000931662	0.00194641
4055 	 970 	 0.958145 	 0.000933024	0.00194926
4055 	 975 	 0.958151 	 0.000934379	0.00195209
4055 	 980 	 0.958158 	 0.000935728	0.00195491
4055 	 985 	 0.958164 	 0.00093707	0.00195771
4055 	 990 	 0.958171 	 0.000938405	0.0019605
4055 	 995 	 0.958177 	 0.000939735	0.00196328
4055 	 1000 	 0.958183 	 0.000941058	0.00196604
4055 	 1005 	 0.958189 	 0.000942374	0.00196879
4055 	 1010 	 0.958196 	 0.000943684	0.00197153
4055 	 1015 	 0.958202 	 0.000944989	0.00197425
4055 	 1020 	 0.958208 	 0.000946286	0.00197696
4055 	 1025 	 0.958214 	 0.000947578	0.00197966
4055 	 1030 	 0.95822 	 0.000948864	0.00198235
4055 	 1035 	 0.958226 	 0.000950144	0.00198502
4055 	 1040 	 0.958232 	 0.000951417	0.00198768
4055 	 1045 	 0.958238 	 0.000952685	0.00199033
4055 	 1050 	 0.958243 	 0.000953947	0.00199297
4055 	 1055 	 0.958249 	 0.000955203	0.00199559
4055 	 1060 	 0.958255 	 0.000956453	0.0019982
4055 	 1065 	 0.95826 	 0.000957697	0.0020008
4055 	 1070 	 0.958266 	 0.000958936	0.00200339
4055 	 1075 	 0.958272 	 0.000960169	0.00200597
4055 	 1080 	 0.958277 	 0.000961396	0.00200853
4055 	 1085 	 0.958283 	 0.000962617	0.00201108
4055 	 1090 	 0.958288 	 0.000963833	0.00201362
4055 	 1095 	 0.958293 	 0.000965044	0.00201615
4055 	 1100 	 0.958299 	 0.000966249	0.00201867
4055 	 1105 	 0.958304 	 0.000967448	0.00202118
4055 	 1110 	 0.958309 	 0.000968643	0.00202367
4055 	 1115 	 0.958314 	 0.000969831	0.00202615
4055 	 1120 	 0.95832 	 0.000971015	0.00202863
4055 	 1125 	 0.958325 	 0.000972193	0.00203109
4055 	 1130 	 0.95833 	 0.000973365	0.00203354
4055 	 1135 	 0.958335 	 0.000974533	0.00203598
4055 	 1140 	 0.95834 	 0.000975695	0.00203841
4055 	 1145 	 0.958345 	 0.000976853	0.00204082
4055 	 1150 	 0.95835 	 0.000978005	0.00204323
4055 	 1155 	 0.958355 	 0.000979152	0.00204563
4055 	 1160 	 0.95836 	 0.000980294	0.00204801
4055 	 1165 	 0.958365 	 0.000981431	0.00205039
4055 	 1170 	 0.958369 	 0.000982562	0.00205275
4055 	 1175 	 0.958374 	 0.000983689	0.00205511
4055 	 1180 	 0.958379 	 0.000984812	0.00205745
4055 	 1185 	 0.958384 	 0.000985929	0.00205978
4055 	 1190 	 0.958388 	 0.000987041	0.00206211
4055 	 1195 	 0.958393 	 0.000988149	0.00206442
4055 	 1200 	 0.958398 	 0.000989251	0.00206673
4055 	 1205 	 0.958402 	 0.000990349	0.00206902
4055 	 1210 	 0.958407 	 0.000991443	0.0020713
4055 	 1215 	 0.958411 	 0.000992531	0.00207358
4055 	 1220 	 0.958416 	 0.000993615	0.00207584
4055 	 1225 	 0.95842 	 0.000994695	0.0020781
4055 	 1230 	 0.958425 	 0.000995769	0.00208034
4055 	 1235 	 0.958429 	 0.00099684	0.00208258
4055 	 1240 	 0.958433 	 0.000997905	0.00208481
4055 	 1245 	 0.958438 	 0.000998966	0.00208702
4055 	 1250 	 0.958442 	 0.00100002	0.00208923
4055 	 1255 	 0.958446 	 0.00100108	0.00209143
4055 	 1260 	 0.95845 	 0.00100212	0.00209362
4055 	 1265 	 0.958455 	 0.00100317	0.0020958
4055 	 1270 	 0.958459 	 0.00100421	0.00209797
4055 	 1275 	 0.958463 	 0.00100524	0.00210013
4055 	 1280 	 0.958467 	 0.00100627	0.00210228
4055 	 1285 	 0.958471 	 0.0010073	0.00210443
4055 	 1290 	 0.958475 	 0.00100832	0.00210656
4055 	 1295 	 0.958479 	 0.00100934	0.00210869
4055 	 1300 	 0.958483 	 0.00101035	0.00211081
4055 	 1305 	 0.958487 	 0.00101136	0.00211292
4055 	 1310 	 0.958491 	 0.00101237	0.00211502
4055 	 1315 	 0.958495 	 0.00101337	0.00211711
4055 	 1320 	 0.958499 	 0.00101437	0.00211919
4055 	 1325 	 0.958503 	 0.00101536	0.00212127
4055 	 1330 	 0.958507 	 0.00101635	0.00212334
4055 	 1335 	 0.958511 	 0.00101733	0.00212539
4055 	 1340 	 0.958514 	 0.00101831	0.00212744
4055 	 1345 	 0.958518 	 0.00101929	0.00212949
4055 	 1350 	 0.958522 	 0.00102026	0.00213152
4055 	 1355 	 0.958526 	 0.00102123	0.00213354
4055 	 1360 	 0.958529 	 0.0010222	0.00213556
4055 	 1365 	 0.958533 	 0.00102316	0.00213757
4055 	 1370 	 0.958537 	 0.00102412	0.00213957
4055 	 1375 	 0.958541 	 0.00102507	0.00214157
4055 	 1380 	 0.958544 	 0.00102602	0.00214355
4055 	 1385 	 0.958548 	 0.00102697	0.00214553
4055 	 1390 	 0.958551 	 0.00102791	0.0021475
4055 	 1395 	 0.958555 	 0.00102885	0.00214946
4055 	 1400 	 0.958558 	 0.00102979	0.00215142
4055 	 1405 	 0.958562 	 0.00103072	0.00215337
4055 	 1410 	 0.958565 	 0.00103165	0.00215531
4055 	 1415 	 0.958569 	 0.00103258	0.00215724
4055 	 1420 	 0.958572 	 0.0010335	0.00215916
4055 	 1425 	 0.958576 	 0.00103441	0.00216108
4055 	 1430 	 0.958579 	 0.00103533	0.00216299
4055 	 1435 	 0.958583 	 0.00103624	0.00216489
4055 	 1440 	 0.958586 	 0.00103715	0.00216679
4055 	 1445 	 0.958589 	 0.00103805	0.00216868
4055 	 1450 	 0.958593 	 0.00103895	0.00217056
4055 	 1455 	 0.958596 	 0.00103985	0.00217243
4055 	 1460 	 0.958599 	 0.00104074	0.0021743
4055 	 1465 	 0.958603 	 0.00104163	0.00217616
4055 	 1470 	 0.958606 	 0.00104252	0.00217801
4055 	 1475 	 0.958609 	 0.0010434	0.00217985
4055 	 1480 	 0.958612 	 0.00104428	0.00218169
4055 	 1485 	 0.958615 	 0.00104516	0.00218353
4055 	 1490 	 0.958619 	 0.00104603	0.00218535
4055 	 1495 	 0.958622 	 0.0010469	0.00218717
4055 	 1500 	 0.958625 	 0.00104777	0.00218898
4055 	 1505 	 0.958628 	 0.00104863	0.00219078
4055 	 1510 	 0.958631 	 0.00104949	0.00219258
4055 	 1515 	 0.958634 	 0.00105035	0.00219437
4055 	 1520 	 0.958637 	 0.0010512	0.00219616
4055 	 1525 	 0.95864 	 0.00105206	0.00219794
4055 	 1530 	 0.958643 	 0.0010529	0.00219971
4055 	 1535 	 0.958647 	 0.00105375	0.00220147
4055 	 1540 	 0.95865 	 0.00105459	0.00220323
4055 	 1545 	 0.958653 	 0.00105543	0.00220498
4055 	 1550 	 0.958655 	 0.00105627	0.00220673
4055 	 1555 	 0.958658 	 0.0010571	0.00220847
4055 	 1560 	 0.958661 	 0.00105793	0.0022102
4055 	 1565 	 0.958664 	 0.00105875	0.00221193
4055 	 1570 	 0.958667 	 0.00105958	0.00221365
4055 	 1575 	 0.95867 	 0.0010604	0.00221537
4055 	 1580 	 0.958673 	 0.00106122	0.00221708
4055 	 1585 	 0.958676 	 0.00106203	0.00221878
4055 	 1590 	 0.958679 	 0.00106284	0.00222047
4055 	 1595 	 0.958682 	 0.00106365	0.00222216
4055 	 1600 	 0.958684 	 0.00106446	0.00222385
4055 	 1605 	 0.958687 	 0.00106526	0.00222553
4055 	 1610 	 0.95869 	 0.00106606	0.0022272
4055 	 1615 	 0.958693 	 0.00106686	0.00222887
4055 	 1620 	 0.958696 	 0.00106766	0.00223053
4055 	 1625 	 0.958698 	 0.00106845	0.00223218
4055 	 1630 	 0.958701 	 0.00106924	0.00223383
4055 	 1635 	 0.958704 	 0.00107002	0.00223547
4055 	 1640 	 0.958706 	 0.00107081	0.00223711
4055 	 1645 	 0.958709 	 0.00107159	0.00223874
4055 	 1650 	 0.958712 	 0.00107237	0.00224037
4055 	 1655 	 0.958714 	 0.00107314	0.00224199
4055 	 1660 	 0.958717 	 0.00107392	0.00224361
4055 	 1665 	 0.95872 	 0.00107469	0.00224522
4055 	 1670 	 0.958722 	 0.00107545	0.00224682
4055 	 1675 	 0.958725 	 0.00107622	0.00224842
4055 	 1680 	 0.958728 	 0.00107698	0.00225001
4055 	 1685 	 0.95873 	 0.00107774	0.0022516
4055 	 1690 	 0.958733 	 0.0010785	0.00225318
4055 	 1695 	 0.958735 	 0.00107925	0.00225476
4055 	 1700 	 0.958738 	 0.00108001	0.00225633
4055 	 1705 	 0.95874 	 0.00108076	0.00225789
4055 	 1710 	 0.958743 	 0.0010815	0.00225946
4055 	 1715 	 0.958745 	 0.00108225	0.00226101
4055 	 1720 	 0.958748 	 0.00108299	0.00226256
4055 	 1725 	 0.95875 	 0.00108373	0.00226411
4055 	 1730 	 0.958753 	 0.00108447	0.00226565
4055 	 1735 	 0.958755 	 0.0010852	0.00226718
4055 	 1740 	 0.958758 	 0.00108593	0.00226871
4055 	 1745 	 0.95876 	 0.00108666	0.00227024
4055 	 1750 	 0.958763 	 0.00108739	0.00227176
4055 	 1755 	 0.958765 	 0.00108811	0.00227327
4055 	 1760 	 0.958767 	 0.00108884	0.00227478
4055 	 1765 	 0.95877 	 0.00108956	0.00227628
4055 	 1770 	 0.958772 	 0.00109028	0.00227778
4055 	 1775 	 0.958774 	 0.00109099	0.00227928
4055 	 1780 	 0.958777 	 0.0010917	0.00228077
4055 	 1785 	 0.958779 	 0.00109241	0.00228225
4055 	 1790 	 0.958782 	 0.00109312	0.00228373
4055 	 1795 	 0.958784 	 0.00109383	0.00228521
4055 	 1800 	 0.958786 	 0.00109453	0.00228668
4055 	 1805 	 0.958788 	 0.00109523	0.00228814
4055 	 1810 	 0.958791 	 0.00109593	0.0022896
4055 	 1815 	 0.958793 	 0.00109663	0.00229106
4055 	 1820 	 0.958795 	 0.00109733	0.00229251
4055 	 1825 	 0.958798 	 0.00109802	0.00229396
4055 	 1830 	 0.9588 	 0.00109871	0.0022954
4055 	 1835 	 0.958802 	 0.0010994	0.00229684
4055 	 1840 	 0.958804 	 0.00110008	0.00229827
4055 	 1845 	 0.958806 	 0.00110077	0.0022997
4055 	 1850 	 0.958809 	 0.00110145	0.00230112
4055 	 1855 	 0.958811 	 0.00110213	0.00230254
4055 	 1860 	 0.958813 	 0.0011028	0.00230396
4055 	 1865 	 0.958815 	 0.00110348	0.00230537
4055 	 1870 	 0.958817 	 0.00110415	0.00230678
4055 	 1875 	 0.95882 	 0.00110482	0.00230818
4055 	 1880 	 0.958822 	 0.00110549	0.00230957
4055 	 1885 	 0.958824 	 0.00110616	0.00231097
4055 	 1890 	 0.958826 	 0.00110682	0.00231236
4055 	 1895 	 0.958828 	 0.00110749	0.00231374
4055 	 1900 	 0.95883 	 0.00110815	0.00231512
4055 	 1905 	 0.958832 	 0.0011088	0.00231649
4055 	 1910 	 0.958834 	 0.00110946	0.00231787
4055 	 1915 	 0.958836 	 0.00111012	0.00231923
4055 	 1920 	 0.958838 	 0.00111077	0.0023206
4055 	 1925 	 0.958841 	 0.00111142	0.00232195
4055 	 1930 	 0.958843 	 0.00111207	0.00232331
4055 	 1935 	 0.958845 	 0.00111271	0.00232466
4055 	 1940 	 0.958847 	 0.00111336	0.002326
4055 	 1945 	 0.958849 	 0.001114	0.00232735
4055 	 1950 	 0.958851 	 0.00111464	0.00232868
4055 	 1955 	 0.958853 	 0.00111528	0.00233002
4055 	 1960 	 0.958855 	 0.00111591	0.00233135
4055 	 1965 	 0.958857 	 0.00111655	0.00233267
4055 	 1970 	 0.958859 	 0.00111718	0.002334
4055 	 1975 	 0.958861 	 0.00111781	0.00233531
4055 	 1980 	 0.958863 	 0.00111844	0.00233663
4055 	 1985 	 0.958865 	 0.00111907	0.00233794
4055 	 1990 	 0.958866 	 0.00111969	0.00233924
4055 	 1995 	 0.958868 	 0.00112032	0.00234054
4055 	 2000 	 0.95887 	 0.00112094	0.00234184
4055 	 2005 	 0.958872 	 0.00112156	0.00234314
4055 	 2010 	 0.958874 	 0.00112217	0.00234443
4055 	 2015 	 0.958876 	 0.00112279	0.00234571
4055 	 2020 	 0.958878 	 0.0011234	0.002347
4055 	 2025 	 0.95888 	 0.00112402	0.00234828
4055 	 2030 	 0.958882 	 0.00112463	0.00234955
4055 	 2035 	 0.958884 	 0.00112524	0.00235082
4055 	 2040 	 0.958886 	 0.00112584	0.00235209
4055 	 2045 	 0.958887 	 0.00112645	0.00235335
4055 	 2050 	 0.958889 	 0.00112705	0.00235461
4055 	 2055 	 0.958891 	 0.00112765	0.00235587
4055 	 2060 	 0.958893 	 0.00112825	0.00235712
4055 	 2065 	 0.958895 	 0.00112885	0.00235837
4055 	 2070 	 0.958897 	 0.00112945	0.00235962
4055 	 2075 	 0.958898 	 0.00113004	0.00236086
4055 	 2080 	 0.9589 	 0.00113063	0.0023621
4055 	 2085 	 0.958902 	 0.00113122	0.00236333
4055 	 2090 	 0.958904 	 0.00113181	0.00236456
4055 	 2095 	 0.958906 	 0.0011324	0.00236579
4055 	 2100 	 0.958907 	 0.00113299	0.00236701
4055 	 2105 	 0.958909 	 0.00113357	0.00236824
4055 	 2110 	 0.958911 	 0.00113415	0.00236945
4055 	 2115 	 0.958913 	 0.00113473	0.00237067
4055 	 2120 	 0.958914 	 0.00113531	0.00237188
4055 	 2125 	 0.958916 	 0.00113589	0.00237308
4055 	 2130 	 0.958918 	 0.00113647	0.00237429
4055 	 2135 	 0.95892 	 0.00113704	0.00237549
4055 	 2140 	 0.958921 	 0.00113761	0.00237668
4055 	 2145 	 0.958923 	 0.00113818	0.00237788
4055 	 2150 	 0.958925 	 0.00113875	0.00237906
4055 	 2155 	 0.958926 	 0.00113932	0.00238025
4055 	 2160 	 0.958928 	 0.00113989	0.00238143
4055 	 2165 	 0.95893 	 0.00114045	0.00238261
4055 	 2170 	 0.958931 	 0.00114102	0.00238379
4055 	 2175 	 0.958933 	 0.00114158	0.00238496
4055 	 2180 	 0.958935 	 0.00114214	0.00238613
4055 	 2185 	 0.958936 	 0.0011427	0.0023873
4055 	 2190 	 0.958938 	 0.00114325	0.00238846
4055 	 2195 	 0.95894 	 0.00114381	0.00238962
4055 	 2200 	 0.958941 	 0.00114436	0.00239078
4055 	 2205 	 0.958943 	 0.00114491	0.00239193
4055 	 2210 	 0.958945 	 0.00114546	0.00239308
4055 	 2215 	 0.958946 	 0.00114601	0.00239423
4055 	 2220 	 0.958948 	 0.00114656	0.00239538
4055 	 2225 	 0.95895 	 0.00114711	0.00239652
4055 	 2230 	 0.958951 	 0.00114765	0.00239765
4055 	 2235 	 0.958953 	 0.0011482	0.00239879
4055 	 2240 	 0.958954 	 0.00114874	0.00239992
4055 	 2245 	 0.958956 	 0.00114928	0.00240105
4055 	 2250 	 0.958957 	 0.00114982	0.00240217
4055 	 2255 	 0.958959 	 0.00115035	0.0024033
4055 	 2260 	 0.958961 	 0.00115089	0.00240442
4055 	 2265 	 0.958962 	 0.00115142	0.00240553
4055 	 2270 	 0.958964 	 0.00115196	0.00240665
4055 	 2275 	 0.958965 	 0.00115249	0.00240776
4055 	 2280 	 0.958967 	 0.00115302	0.00240886
4055 	 2285 	 0.958968 	 0.00115355	0.00240997
4055 	 2290 	 0.95897 	 0.00115407	0.00241107
4055 	 2295 	 0.958971 	 0.0011546	0.00241217
4055 	 2300 	 0.958973 	 0.00115512	0.00241326
4055 	 2305 	 0.958975 	 0.00115565	0.00241436
4055 	 2310 	 0.958976 	 0.00115617	0.00241545
4055 	 2315 	 0.958978 	 0.00115669	0.00241653
4055 	 2320 	 0.958979 	 0.00115721	0.00241762
4055 	 2325 	 0.958981 	 0.00115773	0.0024187
4055 	 2330 	 0.958982 	 0.00115824	0.00241978
4055 	 2335 	 0.958983 	 0.00115876	0.00242085
4055 	 2340 	 0.958985 	 0.00115927	0.00242193
4055 	 2345 	 0.958986 	 0.00115978	0.00242299
4055 	 2350 	 0.958988 	 0.00116029	0.00242406
4055 	 2355 	 0.958989 	 0.0011608	0.00242513
4055 	 2360 	 0.958991 	 0.00116131	0.00242619
4055 	 2365 	 0.958992 	 0.00116182	0.00242725
4055 	 2370 	 0.958994 	 0.00116232	0.0024283
4055 	 2375 	 0.958995 	 0.00116283	0.00242935
4055 	 2380 	 0.958997 	 0.00116333	0.00243041
4055 	 2385 	 0.958998 	 0.00116383	0.00243145
4055 	 2390 	 0.958999 	 0.00116433	0.0024325
4055 	 2395 	 0.959001 	 0.00116483	0.00243354
4055 	 2400 	 0.959002 	 0.00116533	0.00243458
4055 	 2405 	 0.959004 	 0.00116582	0.00243562
4055 	 2410 	 0.959005 	 0.00116632	0.00243665
4055 	 2415 	 0.959007 	 0.00116681	0.00243768
4055 	 2420 	 0.959008 	 0.0011673	0.00243871
4055 	 2425 	 0.959009 	 0.0011678	0.00243974
4055 	 2430 	 0.959011 	 0.00116829	0.00244076
4055 	 2435 	 0.959012 	 0.00116877	0.00244178
4055 	 2440 	 0.959013 	 0.00116926	0.0024428
4055 	 2445 	 0.959015 	 0.00116975	0.00244382
4055 	 2450 	 0.959016 	 0.00117023	0.00244483
4055 	 2455 	 0.959018 	 0.00117072	0.00244584
4055 	 2460 	 0.959019 	 0.0011712	0.00244685
4055 	 2465 	 0.95902 	 0.00117168	0.00244785
4055 	 2470 	 0.959022 	 0.00117216	0.00244886
4055 	 2475 	 0.959023 	 0.00117264	0.00244986
4055 	 2480 	 0.959024 	 0.00117312	0.00245086
4055 	 2485 	 0.959026 	 0.00117359	0.00245185
4055 	 2490 	 0.959027 	 0.00117407	0.00245285
4055 	 2495 	 0.959028 	 0.00117454	0.00245384
4055 	 2500 	 0.95903 	 0.00117502	0.00245482
4055 	 2505 	 0.959031 	 0.00117549	0.00245581
4055 	 2510 	 0.959032 	 0.00117596	0.00245679
4055 	 2515 	 0.959034 	 0.00117643	0.00245777
4055 	 2520 	 0.959035 	 0.0011769	0.00245875
4055 	 2525 	 0.959036 	 0.00117736	0.00245973
4055 	 2530 	 0.959037 	 0.00117783	0.0024607
4055 	 2535 	 0.959039 	 0.0011783	0.00246167
4055 	 2540 	 0.95904 	 0.00117876	0.00246264
4055 	 2545 	 0.959041 	 0.00117922	0.00246361
4055 	 2550 	 0.959043 	 0.00117968	0.00246457
4055 	 2555 	 0.959044 	 0.00118014	0.00246553
4055 	 2560 	 0.959045 	 0.0011806	0.00246649
4055 	 2565 	 0.959046 	 0.00118106	0.00246745
4055 	 2570 	 0.959048 	 0.00118152	0.00246841
4055 	 2575 	 0.959049 	 0.00118197	0.00246936
4055 	 2580 	 0.95905 	 0.00118243	0.00247031
4055 	 2585 	 0.959051 	 0.00118288	0.00247126
4055 	 2590 	 0.959053 	 0.00118333	0.0024722
4055 	 2595 	 0.959054 	 0.00118379	0.00247314
4055 	 2600 	 0.959055 	 0.00118424	0.00247408
4055 	 2605 	 0.959056 	 0.00118469	0.00247502
4055 	 2610 	 0.959058 	 0.00118513	0.00247596
4055 	 2615 	 0.959059 	 0.00118558	0.00247689
4055 	 2620 	 0.95906 	 0.00118603	0.00247783
4055 	 2625 	 0.959061 	 0.00118647	0.00247876
4055 	 2630 	 0.959063 	 0.00118692	0.00247968
4055 	 2635 	 0.959064 	 0.00118736	0.00248061
4055 	 2640 	 0.959065 	 0.0011878	0.00248153
4055 	 2645 	 0.959066 	 0.00118824	0.00248245
4055 	 2650 	 0.959067 	 0.00118868	0.00248337
4055 	 2655 	 0.959069 	 0.00118912	0.00248429
4055 	 2660 	 0.95907 	 0.00118956	0.0024852
4055 	 2665 	 0.959071 	 0.00118999	0.00248611
4055 	 2670 	 0.959072 	 0.00119043	0.00248702
4055 	 2675 	 0.959073 	 0.00119086	0.00248793
4055 	 2680 	 0.959074 	 0.0011913	0.00248884
4055 	 2685 	 0.959076 	 0.00119173	0.00248974
4055 	 2690 	 0.959077 	 0.00119216	0.00249064
4055 	 2695 	 0.959078 	 0.00119259	0.00249154
4055 	 2700 	 0.959079 	 0.00119302	0.00249244
4055 	 2705 	 0.95908 	 0.00119345	0.00249333
4055 	 2710 	 0.959081 	 0.00119388	0.00249423
4055 	 2715 	 0.959083 	 0.0011943	0.00249512
4055 	 2720 	 0.959084 	 0.00119473	0.00249601
4055 	 2725 	 0.959085 	 0.00119515	0.00249689
4055 	 2730 	 0.959086 	 0.00119558	0.00249778
4055 	 2735 	 0.959087 	 0.001196	0.00249866
4055 	 2740 	 0.959088 	 0.00119642	0.00249954
4055 	 2745 	 0.959089 	 0.00119684	0.00250042
4055 	 2750 	 0.959091 	 0.00119726	0.0025013
4055 	 2755 	 0.959092 	 0.00119768	0.00250217
4055 	 2760 	 0.959093 	 0.0011981	0.00250305
4055 	 2765 	 0.959094 	 0.00119852	0.00250392
4055 	 2770 	 0.959095 	 0.00119893	0.00250478
4055 	 2775 	 0.959096 	 0.00119935	0.00250565
4055 	 2780 	 0.959097 	 0.00119976	0.00250652
4055 	 2785 	 0.959098 	 0.00120017	0.00250738
4055 	 2790 	 0.959099 	 0.00120058	0.00250824
4055 	 2795 	 0.959101 	 0.001201	0.0025091
4055 	 2800 	 0.959102 	 0.00120141	0.00250996
4055 	 2805 	 0.959103 	 0.00120182	0.00251081
4055 	 2810 	 0.959104 	 0.00120222	0.00251166
4055 	 2815 	 0.959105 	 0.00120263	0.00251252
4055 	 2820 	 0.959106 	 0.00120304	0.00251336
4055 	 2825 	 0.959107 	 0.00120344	0.00251421
4055 	 2830 	 0.959108 	 0.00120385	0.00251506
4055 	 2835 	 0.959109 	 0.00120425	0.0025159
4055 	 2840 	 0.95911 	 0.00120465	0.00251674
4055 	 2845 	 0.959111 	 0.00120506	0.00251758
4055 	 2850 	 0.959112 	 0.00120546	0.00251842
4055 	 2855 	 0.959113 	 0.00120586	0.00251926
4055 	 2860 	 0.959114 	 0.00120626	0.00252009
4055 	 2865 	 0.959116 	 0.00120666	0.00252092
4055 	 2870 	 0.959117 	 0.00120705	0.00252175
4055 	 2875 	 0.959118 	 0.00120745	0.00252258
4055 	 2880 	 0.959119 	 0.00120785	0.00252341
4055 	 2885 	 0.95912 	 0.00120824	0.00252423
4055 	 2890 	 0.959121 	 0.00120863	0.00252506
4055 	 2895 	 0.959122 	 0.00120903	0.00252588
4055 	 2900 	 0.959123 	 0.00120942	0.0025267
4055 	 2905 	 0.959124 	 0.00120981	0.00252752
4055 	 2910 	 0.959125 	 0.0012102	0.00252833
4055 	 2915 	 0.959126 	 0.00121059	0.00252915
4055 	 2920 	 0.959127 	 0.00121098	0.00252996
4055 	 2925 	 0.959128 	 0.00121137	0.00253077
4055 	 2930 	 0.959129 	 0.00121176	0.00253158
4055 	 2935 	 0.95913 	 0.00121214	0.00253239
4055 	 2940 	 0.959131 	 0.00121253	0.00253319
4055 	 2945 	 0.959132 	 0.00121291	0.00253399
4055 	 2950 	 0.959133 	 0.0012133	0.0025348
4055 	 2955 	 0.959134 	 0.00121368	0.0025356
4055 	 2960 	 0.959135 	 0.00121406	0.00253639
4055 	 2965 	 0.959136 	 0.00121444	0.00253719
4055 	 2970 	 0.959137 	 0.00121482	0.00253799
4055 	 2975 	 0.959138 	 0.0012152	0.00253878
4055 	 2980 	 0.959139 	 0.00121558	0.00253957
4055 	 2985 	 0.95914 	 0.00121596	0.00254036
4055 	 2990 	 0.959141 	 0.00121634	0.00254115
4055 	 2995 	 0.959142 	 0.00121671	0.00254194
4055 	 3000 	 0.959143 	 0.00121709	0.00254272
4055 	 3005 	 0.959144 	 0.00121746	0.0025435
4055 	 3010 	 0.959145 	 0.00121784	0.00254429
4055 	 3015 	 0.959146 	 0.00121821	0.00254507
4055 	 3020 	 0.959147 	 0.00121858	0.00254584
4055 	 3025 	 0.959148 	 0.00121896	0.00254662
4055 	 3030 	 0.959149 	 0.00121933	0.0025474
4055 	 3035 	 0.95915 	 0.0012197	0.00254817
4055 	 3040 	 0.95915 	 0.00122007	0.00254894
4055 	 3045 	 0.959151 	 0.00122043	0.00254971
4055 	 3050 	 0.959152 	 0.0012208	0.00255048
4055 	 3055 	 0.959153 	 0.00122117	0.00255125
4055 	 3060 	 0.959154 	 0.00122154	0.00255201
4055 	 3065 	 0.959155 	 0.0012219	0.00255277
4055 	 3070 	 0.959156 	 0.00122227	0.00255354
4055 	 3075 	 0.959157 	 0.00122263	0.0025543
4055 	 3080 	 0.959158 	 0.00122299	0.00255506
4055 	 3085 	 0.959159 	 0.00122336	0.00255581
4055 	 3090 	 0.95916 	 0.00122372	0.00255657
4055 	 3095 	 0.959161 	 0.00122408	0.00255732
4055 	 3100 	 0.959162 	 0.00122444	0.00255808
4055 	 3105 	 0.959163 	 0.0012248	0.00255883
4055 	 3110 	 0.959163 	 0.00122516	0.00255958
4055 	 3115 	 0.959164 	 0.00122551	0.00256032
4055 	 3120 	 0.959165 	 0.00122587	0.00256107
4055 	 3125 	 0.959166 	 0.00122623	0.00256181
4055 	 3130 	 0.959167 	 0.00122658	0.00256256
4055 	 3135 	 0.959168 	 0.00122694	0.0025633
4055 	 3140 	 0.959169 	 0.00122729	0.00256404
4055 	 3145 	 0.95917 	 0.00122765	0.00256478
4055 	 3150 	 0.959171 	 0.001228	0.00256552
4055 	 3155 	 0.959172 	 0.00122835	0.00256625
4055 	 3160 	 0.959172 	 0.0012287	0.00256699
4055 	 3165 	 0.959173 	 0.00122905	0.00256772
4055 	 3170 	 0.959174 	 0.0012294	0.00256845
4055 	 3175 	 0.959175 	 0.00122975	0.00256918
4055 	 3180 	 0.959176 	 0.0012301	0.00256991
4055 	 3185 	 0.959177 	 0.00123045	0.00257063
4055 	 3190 	 0.959178 	 0.0012308	0.00257136
4055 	 3195 	 0.959179 	 0.00123114	0.00257208
4055 	 3200 	 0.95918 	 0.00123149	0.00257281
4055 	 3205 	 0.95918 	 0.00123183	0.00257353
4055 	 3210 	 0.959181 	 0.00123218	0.00257425
4055 	 3215 	 0.959182 	 0.00123252	0.00257496
4055 	 3220 	 0.959183 	 0.00123287	0.00257568
4055 	 3225 	 0.959184 	 0.00123321	0.0025764
4055 	 3230 	 0.959185 	 0.00123355	0.00257711
4055 	 3235 	 0.959186 	 0.00123389	0.00257782
4055 	 3240 	 0.959186 	 0.00123423	0.00257853
4055 	 3245 	 0.959187 	 0.00123457	0.00257924
4055 	 3250 	 0.959188 	 0.00123491	0.00257995
4055 	 3255 	 0.959189 	 0.00123525	0.00258066
4055 	 3260 	 0.95919 	 0.00123559	0.00258136
4055 	 3265 	 0.959191 	 0.00123592	0.00258207
4055 	 3270 	 0.959192 	 0.00123626	0.00258277
4055 	 3275 	 0.959192 	 0.00123659	0.00258347
4055 	 3280 	 0.959193 	 0.00123693	0.00258417
4055 	 3285 	 0.959194 	 0.00123726	0.00258487
4055 	 3290 	 0.959195 	 0.0012376	0.00258556
4055 	 3295 	 0.959196 	 0.00123793	0.00258626
4055 	 3300 	 0.959197 	 0.00123826	0.00258695
4055 	 3305 	 0.959197 	 0.00123859	0.00258765
4055 	 3310 	 0.959198 	 0.00123892	0.00258834
4055 	 3315 	 0.959199 	 0.00123925	0.00258903
4055 	 3320 	 0.9592 	 0.00123958	0.00258972
4055 	 3325 	 0.959201 	 0.00123991	0.00259041
4055 	 3330 	 0.959201 	 0.00124024	0.00259109
4055 	 3335 	 0.959202 	 0.00124057	0.00259178
4055 	 3340 	 0.959203 	 0.0012409	0.00259246
4055 	 3345 	 0.959204 	 0.00124122	0.00259314
4055 	 3350 	 0.959205 	 0.00124155	0.00259382
4055 	 3355 	 0.959205 	 0.00124187	0.0025945
4055 	 3360 	 0.959206 	 0.0012422	0.00259518
4055 	 3365 	 0.959207 	 0.00124252	0.00259586
4055 	 3370 	 0.959208 	 0.00124285	0.00259653
4055 	 3375 	 0.959209 	 0.00124317	0.00259721
4055 	 3380 	 0.959209 	 0.00124349	0.00259788
4055 	 3385 	 0.95921 	 0.00124381	0.00259855
4055 	 3390 	 0.959211 	 0.00124413	0.00259922
4055 	 3395 	 0.959212 	 0.00124445	0.00259989
4055 	 3400 	 0.959213 	 0.00124477	0.00260056
4055 	 3405 	 0.959213 	 0.00124509	0.00260123
4055 	 3410 	 0.959214 	 0.00124541	0.00260189
4055 	 3415 	 0.959215 	 0.00124573	0.00260255
4055 	 3420 	 0.959216 	 0.00124605	0.00260322
4055 	 3425 	 0.959217 	 0.00124636	0.00260388
4055 	 3430 	 0.959217 	 0.00124668	0.00260454
4055 	 3435 	 0.959218 	 0.00124699	0.0026052
4055 	 3440 	 0.959219 	 0.00124731	0.00260586
4055 	 3445 	 0.95922 	 0.00124762	0.00260651
4055 	 3450 	 0.95922 	 0.00124794	0.00260717
4055 	 3455 	 0.959221 	 0.00124825	0.00260782
4055 	 3460 	 0.959222 	 0.00124856	0.00260847
4055 	 3465 	 0.959223 	 0.00124887	0.00260913
4055 	 3470 	 0.959223 	 0.00124919	0.00260978
4055 	 3475 	 0.959224 	 0.0012495	0.00261043
4055 	 3480 	 0.959225 	 0.00124981	0.00261107
4055 	 3485 	 0.959226 	 0.00125012	0.00261172
4055 	 3490 	 0.959226 	 0.00125043	0.00261237
4055 	 3495 	 0.959227 	 0.00125073	0.00261301
4055 	 3500 	 0.959228 	 0.00125104	0.00261365
4055 	 3505 	 0.959229 	 0.00125135	0.0026143
4055 	 3510 	 0.959229 	 0.00125166	0.00261494
4055 	 3515 	 0.95923 	 0.00125196	0.00261558
4055 	 3520 	 0.959231 	 0.00125227	0.00261621
4055 	 3525 	 0.959232 	 0.00125257	0.00261685
4055 	 3530 	 0.959232 	 0.00125288	0.00261749
4055 	 3535 	 0.959233 	 0.00125318	0.00261812
4055 	 3540 	 0.959234 	 0.00125348	0.00261876
4055 	 3545 	 0.959235 	 0.00125379	0.00261939
4055 	 3550 	 0.959235 	 0.00125409	0.00262002
4055 	 3555 	 0.959236 	 0.00125439	0.00262065
4055 	 3560 	 0.959237 	 0.00125469	0.00262128
4055 	 3565 	 0.959238 	 0.00125499	0.00262191
4055 	 3570 	 0.959238 	 0.00125529	0.00262253
4055 	 3575 	 0.959239 	 0.00125559	0.00262316
4055 	 3580 	 0.95924 	 0.00125589	0.00262378
4055 	 3585 	 0.95924 	 0.00125619	0.00262441
4055 	 3590 	 0.959241 	 0.00125649	0.00262503
4055 	 3595 	 0.959242 	 0.00125678	0.00262565
4055 	 3600 	 0.959243 	 0.00125708	0.00262627
4055 	 3605 	 0.959243 	 0.00125738	0.00262689
4055 	 3610 	 0.959244 	 0.00125767	0.0026275
4055 	 3615 	 0.959245 	 0.00125797	0.00262812
4055 	 3620 	 0.959245 	 0.00125826	0.00262874
4055 	 3625 	 0.959246 	 0.00125856	0.00262935
4055 	 3630 	 0.959247 	 0.00125885	0.00262996
4055 	 3635 	 0.959248 	 0.00125914	0.00263058
4055 	 3640 	 0.959248 	 0.00125943	0.00263119
4055 	 3645 	 0.959249 	 0.00125973	0.0026318
4055 	 3650 	 0.95925 	 0.00126002	0.00263241
4055 	 3655 	 0.95925 	 0.00126031	0.00263301
4055 	 3660 	 0.959251 	 0.0012606	0.00263362
4055 	 3665 	 0.959252 	 0.00126089	0.00263423
4055 	 3670 	 0.959252 	 0.00126118	0.00263483
4055 	 3675 	 0.959253 	 0.00126147	0.00263543
4055 	 3680 	 0.959254 	 0.00126175	0.00263604
4055 	 3685 	 0.959254 	 0.00126204	0.00263664
4055 	 3690 	 0.959255 	 0.00126233	0.00263724
4055 	 3695 	 0.959256 	 0.00126262	0.00263784
4055 	 3700 	 0.959257 	 0.0012629	0.00263843
4055 	 3705 	 0.959257 	 0.00126319	0.00263903
4055 	 3710 	 0.959258 	 0.00126347	0.00263963
4055 	 3715 	 0.959259 	 0.00126376	0.00264022
4055 	 3720 	 0.959259 	 0.00126404	0.00264082
4055 	 3725 	 0.95926 	 0.00126433	0.00264141
4055 	 3730 	 0.959261 	 0.00126461	0.002642
4055 	 3735 	 0.959261 	 0.00126489	0.00264259
4055 	 3740 	 0.959262 	 0.00126517	0.00264318
4055 	 3745 	 0.959263 	 0.00126546	0.00264377
4055 	 3750 	 0.959263 	 0.00126574	0.00264436
4055 	 3755 	 0.959264 	 0.00126602	0.00264494
4055 	 3760 	 0.959265 	 0.0012663	0.00264553
4055 	 3765 	 0.959265 	 0.00126658	0.00264611
4055 	 3770 	 0.959266 	 0.00126686	0.0026467
4055 	 3775 	 0.959267 	 0.00126714	0.00264728
4055 	 3780 	 0.959267 	 0.00126741	0.00264786
4055 	 3785 	 0.959268 	 0.00126769	0.00264844
4055 	 3790 	 0.959269 	 0.00126797	0.00264902
4055 	 3795 	 0.959269 	 0.00126825	0.0026496
4055 	 3800 	 0.95927 	 0.00126852	0.00265018
4055 	 3805 	 0.959271 	 0.0012688	0.00265075
4055 	 3810 	 0.959271 	 0.00126907	0.00265133
4055 	 3815 	 0.959272 	 0.00126935	0.0026519
4055 	 3820 	 0.959272 	 0.00126962	0.00265247
4055 	 3825 	 0.959273 	 0.0012699	0.00265305
4055 	 3830 	 0.959274 	 0.00127017	0.00265362
4055 	 3835 	 0.959274 	 0.00127044	0.00265419
4055 	 3840 	 0.959275 	 0.00127072	0.00265476
4055 	 3845 	 0.959276 	 0.00127099	0.00265533
4055 	 3850 	 0.959276 	 0.00127126	0.00265589
4055 	 3855 	 0.959277 	 0.00127153	0.00265646
4055 	 3860 	 0.959278 	 0.0012718	0.00265703
4055 	 3865 	 0.959278 	 0.00127207	0.00265759
4055 	 3870 	 0.959279 	 0.00127234	0.00265816
4055 	 3875 	 0.959279 	 0.00127261	0.00265872
4055 	 3880 	 0.95928 	 0.00127288	0.00265928
4055 	 3885 	 0.959281 	 0.00127315	0.00265984
4055 	 3890 	 0.959281 	 0.00127342	0.0026604
4055 	 3895 	 0.959282 	 0.00127368	0.00266096
4055 	 3900 	 0.959283 	 0.00127395	0.00266152
4055 	 3905 	 0.959283 	 0.00127422	0.00266207
4055 	 3910 	 0.959284 	 0.00127448	0.00266263
4055 	 3915 	 0.959284 	 0.00127475	0.00266319
4055 	 3920 	 0.959285 	 0.00127502	0.00266374
4055 	 3925 	 0.959286 	 0.00127528	0.00266429
4055 	 3930 	 0.959286 	 0.00127554	0.00266484
4055 	 3935 	 0.959287 	 0.00127581	0.0026654
4055 	 3940 	 0.959288 	 0.00127607	0.00266595
4055 	 3945 	 0.959288 	 0.00127634	0.0026665
4055 	 3950 	 0.959289 	 0.0012766	0.00266705
4055 	 3955 	 0.959289 	 0.00127686	0.00266759
4055 	 3960 	 0.95929 	 0.00127712	0.00266814
4055 	 3965 	 0.959291 	 0.00127738	0.00266869
4055 	 3970 	 0.959291 	 0.00127764	0.00266923
4055 	 3975 	 0.959292 	 0.0012779	0.00266977
4055 	 3980 	 0.959292 	 0.00127816	0.00267032
4055 	 3985 	 0.959293 	 0.00127842	0.00267086
4055 	 3990 	 0.959294 	 0.00127868	0.0026714
4055 	 3995 	 0.959294 	 0.00127894	0.00267194
4055 	 4000 	 0.959295 	 0.0012792	0.00267248
4055 	 4005 	 0.959295 	 0.00127946	0.00267302
4055 	 4010 	 0.959296 	 0.00127972	0.00267356
4055 	 4015 	 0.959297 	 0.00127997	0.00267409
4055 	 4020 	 0.959297 	 0.00128023	0.00267463
4055 	 4025 	 0.959298 	 0.00128048	0.00267517
4055 	 4030 	 0.959298 	 0.00128074	0.0026757
4055 	 4035 	 0.959299 	 0.001281	0.00267623
4055 	 4040 	 0.9593 	 0.00128125	0.00267677
4055 	 4045 	 0.9593 	 0.00128151	0.0026773
4055 	 4050 	 0.959301 	 0.00128176	0.00267783
4055 	 4055 	 0.959301 	 0.00128201	0.00267836
4055 	 4060 	 0.959302 	 0.00128227	0.00267889
4055 	 4065 	 0.959302 	 0.00128252	0.00267942
4055 	 4070 	 0.959303 	 0.00128277	0.00267994
4055 	 4075 	 0.959304 	 0.00128302	0.00268047
4055 	 4080 	 0.959304 	 0.00128327	0.002681
4055 	 4085 	 0.959305 	 0.00128353	0.00268152
4055 	 4090 	 0.959305 	 0.00128378	0.00268204
4055 	 4095 	 0.959306 	 0.00128403	0.00268257
4055 	 4100 	 0.959307 	 0.00128428	0.00268309
4055 	 4105 	 0.959307 	 0.00128453	0.00268361
4055 	 4110 	 0.959308 	 0.00128478	0.00268413
4055 	 4115 	 0.959308 	 0.00128502	0.00268465
4055 	 4120 	 0.959309 	 0.00128527	0.00268517
4055 	 4125 	 0.959309 	 0.00128552	0.00268569
4055 	 4130 	 0.95931 	 0.00128577	0.0026862
4055 	 4135 	 0.959311 	 0.00128602	0.00268672
4055 	 4140 	 0.959311 	 0.00128626	0.00268724
4055 	 4145 	 0.959312 	 0.00128651	0.00268775
4055 	 4150 	 0.959312 	 0.00128675	0.00268827
4055 	 4155 	 0.959313 	 0.001287	0.00268878
4055 	 4160 	 0.959313 	 0.00128725	0.00268929
4055 	 4165 	 0.959314 	 0.00128749	0.0026898
4055 	 4170 	 0.959314 	 0.00128773	0.00269031
4055 	 4175 	 0.959315 	 0.00128798	0.00269082
4055 	 4180 	 0.959316 	 0.00128822	0.00269133
4055 	 4185 	 0.959316 	 0.00128847	0.00269184
4055 	 4190 	 0.959317 	 0.00128871	0.00269235
4055 	 4195 	 0.959317 	 0.00128895	0.00269285
4055 	 4200 	 0.959318 	 0.00128919	0.00269336
4055 	 4205 	 0.959318 	 0.00128943	0.00269386
4055 	 4210 	 0.959319 	 0.00128968	0.00269437
4055 	 4215 	 0.959319 	 0.00128992	0.00269487
4055 	 4220 	 0.95932 	 0.00129016	0.00269537
4055 	 4225 	 0.95932 	 0.0012904	0.00269588
4055 	 4230 	 0.959321 	 0.00129064	0.00269638
4055 	 4235 	 0.959322 	 0.00129088	0.00269688
4055 	 4240 	 0.959322 	 0.00129112	0.00269738
4055 	 4245 	 0.959323 	 0.00129135	0.00269788
4055 	 4250 	 0.959323 	 0.00129159	0.00269837
4055 	 4255 	 0.959324 	 0.00129183	0.00269887
4055 	 4260 	 0.959324 	 0.00129207	0.00269937
4055 	 4265 	 0.959325 	 0.00129231	0.00269986
4055 	 4270 	 0.959325 	 0.00129254	0.00270036
4055 	 4275 	 0.959326 	 0.00129278	0.00270085
4055 	 4280 	 0.959326 	 0.00129302	0.00270134
4055 	 4285 	 0.959327 	 0.00129325	0.00270184
4055 	 4290 	 0.959327 	 0.00129349	0.00270233
4055 	 4295 	 0.959328 	 0.00129372	0.00270282
4055 	 4300 	 0.959329 	 0.00129396	0.00270331
4055 	 4305 	 0.959329 	 0.00129419	0.0027038
4055 	 4310 	 0.95933 	 0.00129442	0.00270429
4055 	 4315 	 0.95933 	 0.00129466	0.00270478
4055 	 4320 	 0.959331 	 0.00129489	0.00270526
4055 	 4325 	 0.959331 	 0.00129512	0.00270575
4055 	 4330 	 0.959332 	 0.00129536	0.00270623
4055 	 4335 	 0.959332 	 0.00129559	0.00270672
4055 	 4340 	 0.959333 	 0.00129582	0.0027072
4055 	 4345 	 0.959333 	 0.00129605	0.00270769
4055 	 4350 	 0.959334 	 0.00129628	0.00270817
4055 	 4355 	 0.959334 	 0.00129651	0.00270865
4055 	 4360 	 0.959335 	 0.00129674	0.00270913
4055 	 4365 	 0.959335 	 0.00129697	0.00270961
4055 	 4370 	 0.959336 	 0.0012972	0.00271009
4055 	 4375 	 0.959336 	 0.00129743	0.00271057
4055 	 4380 	 0.959337 	 0.00129766	0.00271105
4055 	 4385 	 0.959337 	 0.00129789	0.00271153
4055 	 4390 	 0.959338 	 0.00129812	0.002712
4055 	 4395 	 0.959338 	 0.00129835	0.00271248
4055 	 4400 	 0.959339 	 0.00129857	0.00271296
4055 	 4405 	 0.959339 	 0.0012988	0.00271343
4055 	 4410 	 0.95934 	 0.00129903	0.0027139
4055 	 4415 	 0.95934 	 0.00129925	0.00271438
4055 	 4420 	 0.959341 	 0.00129948	0.00271485
4055 	 4425 	 0.959341 	 0.00129971	0.00271532
4055 	 4430 	 0.959342 	 0.00129993	0.00271579
4055 	 4435 	 0.959342 	 0.00130016	0.00271626
4055 	 4440 	 0.959343 	 0.00130038	0.00271673
4055 	 4445 	 0.959343 	 0.00130061	0.0027172
4055 	 4450 	 0.959344 	 0.00130083	0.00271767
4055 	 4455 	 0.959344 	 0.00130105	0.00271814
4055 	 4460 	 0.959345 	 0.00130128	0.0027186
4055 	 4465 	 0.959345 	 0.0013015	0.00271907
4055 	 4470 	 0.959346 	 0.00130172	0.00271954
4055 	 4475 	 0.959346 	 0.00130195	0.00272
4055 	 4480 	 0.959347 	 0.00130217	0.00272046
4055 	 4485 	 0.959347 	 0.00130239	0.00272093
4055 	 4490 	 0.959348 	 0.00130261	0.00272139
4055 	 4495 	 0.959348 	 0.00130283	0.00272185
4055 	 4500 	 0.959349 	 0.00130305	0.00272231
4055 	 4505 	 0.959349 	 0.00130327	0.00272277
4055 	 4510 	 0.95935 	 0.00130349	0.00272323
4055 	 4515 	 0.95935 	 0.00130371	0.00272369
4055 	 4520 	 0.959351 	 0.00130393	0.00272415
4055 	 4525 	 0.959351 	 0.00130415	0.00272461
4055 	 4530 	 0.959352 	 0.00130437	0.00272507
4055 	 4535 	 0.959352 	 0.00130459	0.00272552
4055 	 4540 	 0.959353 	 0.00130481	0.00272598
4055 	 4545 	 0.959353 	 0.00130502	0.00272643
4055 	 4550 	 0.959354 	 0.00130524	0.00272689
4055 	 4555 	 0.959354 	 0.00130546	0.00272734
4055 	 4560 	 0.959355 	 0.00130568	0.0027278
4055 	 4565 	 0.959355 	 0.00130589	0.00272825
4055 	 4570 	 0.959356 	 0.00130611	0.0027287
4055 	 4575 	 0.959356 	 0.00130633	0.00272915
4055 	 4580 	 0.959357 	 0.00130654	0.0027296
4055 	 4585 	 0.959357 	 0.00130676	0.00273005
4055 	 4590 	 0.959358 	 0.00130697	0.0027305
4055 	 4595 	 0.959358 	 0.00130719	0.00273095
4055 	 4600 	 0.959359 	 0.0013074	0.0027314
4055 	 4605 	 0.959359 	 0.00130761	0.00273185
4055 	 4610 	 0.959359 	 0.00130783	0.00273229
4055 	 4615 	 0.95936 	 0.00130804	0.00273274
4055 	 4620 	 0.95936 	 0.00130825	0.00273318
4055 	 4625 	 0.959361 	 0.00130847	0.00273363
4055 	 4630 	 0.959361 	 0.00130868	0.00273407
4055 	 4635 	 0.959362 	 0.00130889	0.00273451
4055 	 4640 	 0.959362 	 0.0013091	0.00273496
4055 	 4645 	 0.959363 	 0.00130932	0.0027354
4055 	 4650 	 0.959363 	 0.00130953	0.00273584
4055 	 4655 	 0.959364 	 0.00130974	0.00273628
4055 	 4660 	 0.959364 	 0.00130995	0.00273672
4055 	 4665 	 0.959365 	 0.00131016	0.00273716
4055 	 4670 	 0.959365 	 0.00131037	0.0027376
4055 	 4675 	 0.959366 	 0.00131058	0.00273804
4055 	 4680 	 0.959366 	 0.00131079	0.00273848
4055 	 4685 	 0.959366 	 0.001311	0.00273891
4055 	 4690 	 0.959367 	 0.00131121	0.00273935
4055 	 4695 	 0.959367 	 0.00131142	0.00273979
4055 	 4700 	 0.959368 	 0.00131162	0.00274022
4055 	 4705 	 0.959368 	 0.00131183	0.00274066
4055 	 4710 	 0.959369 	 0.00131204	0.00274109
4055 	 4715 	 0.959369 	 0.00131225	0.00274152
4055 	 4720 	 0.95937 	 0.00131245	0.00274196
4055 	 4725 	 0.95937 	 0.00131266	0.00274239
4055 	 4730 	 0.959371 	 0.00131287	0.00274282
4055 	 4735 	 0.959371 	 0.00131307	0.00274325
4055 	 4740 	 0.959371 	 0.00131328	0.00274368
4055 	 4745 	 0.959372 	 0.00131348	0.00274411
4055 	 4750 	 0.959372 	 0.00131369	0.00274454
4055 	 4755 	 0.959373 	 0.0013139	0.00274497
4055 	 4760 	 0.959373 	 0.0013141	0.00274539
4055 	 4765 	 0.959374 	 0.0013143	0.00274582
4055 	 4770 	 0.959374 	 0.00131451	0.00274625
4055 	 4775 	 0.959375 	 0.00131471	0.00274667
4055 	 4780 	 0.959375 	 0.00131492	0.0027471
4055 	 4785 	 0.959375 	 0.00131512	0.00274752
4055 	 4790 	 0.959376 	 0.00131532	0.00274795
4055 	 4795 	 0.959376 	 0.00131553	0.00274837
4055 	 4800 	 0.959377 	 0.00131573	0.0027488
4055 	 4805 	 0.959377 	 0.00131593	0.00274922
4055 	 4810 	 0.959378 	 0.00131613	0.00274964
4055 	 4815 	 0.959378 	 0.00131633	0.00275006
4055 	 4820 	 0.959379 	 0.00131653	0.00275048
4055 	 4825 	 0.959379 	 0.00131674	0.0027509
4055 	 4830 	 0.959379 	 0.00131694	0.00275132
4055 	 4835 	 0.95938 	 0.00131714	0.00275174
4055 	 4840 	 0.95938 	 0.00131734	0.00275216
4055 	 4845 	 0.959381 	 0.00131754	0.00275258
4055 	 4850 	 0.959381 	 0.00131774	0.00275299
4055 	 4855 	 0.959382 	 0.00131794	0.00275341
4055 	 4860 	 0.959382 	 0.00131814	0.00275383
4055 	 4865 	 0.959382 	 0.00131833	0.00275424
4055 	 4870 	 0.959383 	 0.00131853	0.00275466
4055 	 4875 	 0.959383 	 0.00131873	0.00275507
4055 	 4880 	 0.959384 	 0.00131893	0.00275548
4055 	 4885 	 0.959384 	 0.00131913	0.0027559
4055 	 4890 	 0.959385 	 0.00131932	0.00275631
4055 	 4895 	 0.959385 	 0.00131952	0.00275672
4055 	 4900 	 0.959385 	 0.00131972	0.00275713
4055 	 4905 	 0.959386 	 0.00131992	0.00275754
4055 	 4910 	 0.959386 	 0.00132011	0.00275795
4055 	 4915 	 0.959387 	 0.00132031	0.00275836
4055 	 4920 	 0.959387 	 0.0013205	0.00275877
4055 	 4925 	 0.959388 	 0.0013207	0.00275918
4055 	 4930 	 0.959388 	 0.00132089	0.00275959
4055 	 4935 	 0.959388 	 0.00132109	0.00276
4055 	 4940 	 0.959389 	 0.00132128	0.0027604
4055 	 4945 	 0.959389 	 0.00132148	0.00276081
4055 	 4950 	 0.95939 	 0.00132167	0.00276122
4055 	 4955 	 0.95939 	 0.00132187	0.00276162
4055 	 4960 	 0.95939 	 0.00132206	0.00276203
4055 	 4965 	 0.959391 	 0.00132225	0.00276243
4055 	 4970 	 0.959391 	 0.00132245	0.00276283
4055 	 4975 	 0.959392 	 0.00132264	0.00276324
4055 	 4980 	 0.959392 	 0.00132283	0.00276364
4055 	 4985 	 0.959393 	 0.00132303	0.00276404
4055 	 4990 	 0.959393 	 0.00132322	0.00276444
4055 	 4995 	 0.959393 	 0.00132341	0.00276484
4055 	 5000 	 0.959394 	 0.0013236	0.00276524
