1065 	 5 	 0.734411 	 0.00297396 	 0.00619305
1065 	 10 	 0.734411 	 0.00297383 	 0.00619278
1065 	 15 	 0.734411 	 0.00297277 	 0.00619057
1065 	 20 	 0.734416 	 0.00296455 	 0.00617348
1065 	 25 	 0.734464 	 0.00290795 	 0.0060556
1065 	 30 	 0.734924 	 0.00270595 	 0.00563496
1065 	 35 	 0.739122 	 0.00448251 	 0.00933452
1065 	 40 	 0.764499 	 0.00252127 	 0.00525036
1065 	 45 	 0.802851 	 0.00998014 	 0.0207829
1065 	 50 	 0.813787 	 0.00240483 	 0.00500789
1065 	 55 	 0.815881 	 0.00162252 	 0.00337878
1065 	 60 	 0.816875 	 0.00165278 	 0.00344181
1065 	 65 	 0.817733 	 0.0015456 	 0.00321861
1065 	 70 	 0.818559 	 0.00142881 	 0.00297539
1065 	 75 	 0.819363 	 0.00132556 	 0.00276039
1065 	 80 	 0.820147 	 0.00123945 	 0.00258107
1065 	 85 	 0.820911 	 0.00117133 	 0.00243921
1065 	 90 	 0.821657 	 0.00112133 	 0.0023351
1065 	 95 	 0.822384 	 0.001089 	 0.00226777
1065 	 100 	 0.823093 	 0.00107323 	 0.00223493
1065 	 105 	 0.823784 	 0.0010723 	 0.00223298
1065 	 110 	 0.824458 	 0.00108407 	 0.0022575
1065 	 115 	 0.825115 	 0.00110622 	 0.00230363
1065 	 120 	 0.825756 	 0.00113649 	 0.00236665
1065 	 125 	 0.826381 	 0.00117279 	 0.00244224
1065 	 130 	 0.82699 	 0.00121333 	 0.00252668
1065 	 135 	 0.827585 	 0.00125665 	 0.00261688
1065 	 140 	 0.828164 	 0.00130154 	 0.00271036
1065 	 145 	 0.82873 	 0.00134707 	 0.00280518
1065 	 150 	 0.829281 	 0.00139251 	 0.0028998
1065 	 155 	 0.829818 	 0.00143731 	 0.00299309
1065 	 160 	 0.830342 	 0.00148104 	 0.00308417
1065 	 165 	 0.830853 	 0.00152341 	 0.00317239
1065 	 170 	 0.831351 	 0.00156418 	 0.00325729
1065 	 175 	 0.831837 	 0.00160319 	 0.00333853
1065 	 180 	 0.832311 	 0.00164035 	 0.00341591
1065 	 185 	 0.832773 	 0.00167558 	 0.00348928
1065 	 190 	 0.833224 	 0.00170885 	 0.00355857
1065 	 195 	 0.833663 	 0.00174016 	 0.00362377
1065 	 200 	 0.834092 	 0.00176952 	 0.0036849
1065 	 205 	 0.83451 	 0.00179695 	 0.00374202
1065 	 210 	 0.834917 	 0.00182249 	 0.0037952
1065 	 215 	 0.835314 	 0.00184618 	 0.00384455
1065 	 220 	 0.835702 	 0.00186809 	 0.00389016
1065 	 225 	 0.83608 	 0.00188826 	 0.00393218
1065 	 230 	 0.836448 	 0.00190677 	 0.00397072
1065 	 235 	 0.836807 	 0.00192368 	 0.00400592
1065 	 240 	 0.837158 	 0.00193905 	 0.00403793
1065 	 245 	 0.837499 	 0.00195295 	 0.00406688
1065 	 250 	 0.837833 	 0.00196545 	 0.00409291
1065 	 255 	 0.838157 	 0.00197662 	 0.00411618
1065 	 260 	 0.838474 	 0.00198653 	 0.00413681
1065 	 265 	 0.838783 	 0.00199524 	 0.00415495
1065 	 270 	 0.839084 	 0.00200282 	 0.00417074
1065 	 275 	 0.839378 	 0.00200934 	 0.00418431
1065 	 280 	 0.839665 	 0.00201486 	 0.0041958
1065 	 285 	 0.839944 	 0.00201943 	 0.00420533
1065 	 290 	 0.840216 	 0.00202313 	 0.00421303
1065 	 295 	 0.840482 	 0.00202601 	 0.00421903
1065 	 300 	 0.840741 	 0.00202813 	 0.00422345
1065 	 305 	 0.840993 	 0.00202955 	 0.00422639
1065 	 310 	 0.84124 	 0.00203031 	 0.00422798
1065 	 315 	 0.84148 	 0.00203047 	 0.00422832
1065 	 320 	 0.841714 	 0.00203009 	 0.00422752
1065 	 325 	 0.841943 	 0.0020292 	 0.00422568
1065 	 330 	 0.842165 	 0.00202787 	 0.00422289
1065 	 335 	 0.842382 	 0.00202612 	 0.00421925
1065 	 340 	 0.842594 	 0.00202401 	 0.00421486
1065 	 345 	 0.842801 	 0.00202157 	 0.00420979
1065 	 350 	 0.843002 	 0.00201886 	 0.00420413
1065 	 355 	 0.843198 	 0.00201589 	 0.00419795
1065 	 360 	 0.84339 	 0.00201272 	 0.00419134
1065 	 365 	 0.843577 	 0.00200937 	 0.00418437
1065 	 370 	 0.843759 	 0.00200588 	 0.0041771
1065 	 375 	 0.843936 	 0.00200228 	 0.0041696
1065 	 380 	 0.84411 	 0.00199859 	 0.00416193
1065 	 385 	 0.844278 	 0.00199486 	 0.00415415
1065 	 390 	 0.844443 	 0.0019911 	 0.00414632
1065 	 395 	 0.844604 	 0.00198733 	 0.00413848
1065 	 400 	 0.84476 	 0.00198359 	 0.00413069
1065 	 405 	 0.844913 	 0.00197989 	 0.00412298
1065 	 410 	 0.845062 	 0.00197626 	 0.00411541
1065 	 415 	 0.845207 	 0.0019727 	 0.00410801
1065 	 420 	 0.845349 	 0.00196925 	 0.00410083
1065 	 425 	 0.845487 	 0.00196592 	 0.00409388
1065 	 430 	 0.845621 	 0.00196271 	 0.00408721
1065 	 435 	 0.845753 	 0.00195965 	 0.00408084
1065 	 440 	 0.845881 	 0.00195675 	 0.0040748
1065 	 445 	 0.846005 	 0.00195402 	 0.00406911
1065 	 450 	 0.846127 	 0.00195147 	 0.0040638
1065 	 455 	 0.846246 	 0.0019491 	 0.00405887
1065 	 460 	 0.846362 	 0.00194693 	 0.00405436
1065 	 465 	 0.846474 	 0.00194497 	 0.00405026
1065 	 470 	 0.846585 	 0.00194321 	 0.0040466
1065 	 475 	 0.846692 	 0.00194167 	 0.00404338
1065 	 480 	 0.846797 	 0.00194034 	 0.00404062
1065 	 485 	 0.846899 	 0.00193923 	 0.00403831
1065 	 490 	 0.846998 	 0.00193835 	 0.00403647
1065 	 495 	 0.847095 	 0.00193769 	 0.00403509
1065 	 500 	 0.84719 	 0.00193725 	 0.00403418
1065 	 505 	 0.847282 	 0.00193704 	 0.00403374
1065 	 510 	 0.847372 	 0.00193705 	 0.00403377
1065 	 515 	 0.84746 	 0.00193728 	 0.00403425
1065 	 520 	 0.847546 	 0.00193774 	 0.0040352
1065 	 525 	 0.847629 	 0.00193841 	 0.0040366
1065 	 530 	 0.84771 	 0.0019393 	 0.00403845
1065 	 535 	 0.84779 	 0.0019404 	 0.00404075
1065 	 540 	 0.847867 	 0.00194171 	 0.00404347
1065 	 545 	 0.847943 	 0.00194322 	 0.00404662
1065 	 550 	 0.848016 	 0.00194493 	 0.00405019
1065 	 555 	 0.848088 	 0.00194684 	 0.00405416
1065 	 560 	 0.848158 	 0.00194894 	 0.00405853
1065 	 565 	 0.848226 	 0.00195122 	 0.00406328
1065 	 570 	 0.848293 	 0.00195368 	 0.0040684
1065 	 575 	 0.848358 	 0.00195631 	 0.00407389
1065 	 580 	 0.848421 	 0.00195912 	 0.00407972
1065 	 585 	 0.848483 	 0.00196208 	 0.00408589
1065 	 590 	 0.848543 	 0.0019652 	 0.00409238
1065 	 595 	 0.848601 	 0.00196846 	 0.00409919
1065 	 600 	 0.848659 	 0.00197187 	 0.00410629
1065 	 605 	 0.848714 	 0.00197542 	 0.00411368
1065 	 610 	 0.848769 	 0.0019791 	 0.00412134
1065 	 615 	 0.848822 	 0.0019829 	 0.00412925
1065 	 620 	 0.848874 	 0.00198682 	 0.00413742
1065 	 625 	 0.848924 	 0.00199085 	 0.00414582
1065 	 630 	 0.848973 	 0.00199499 	 0.00415443
1065 	 635 	 0.849021 	 0.00199923 	 0.00416326
1065 	 640 	 0.849068 	 0.00200356 	 0.00417228
1065 	 645 	 0.849114 	 0.00200798 	 0.00418149
1065 	 650 	 0.849158 	 0.00201249 	 0.00419086
1065 	 655 	 0.849201 	 0.00201706 	 0.0042004
1065 	 660 	 0.849244 	 0.00202171 	 0.00421008
1065 	 665 	 0.849285 	 0.00202643 	 0.0042199
1065 	 670 	 0.849325 	 0.0020312 	 0.00422984
1065 	 675 	 0.849364 	 0.00203603 	 0.0042399
1065 	 680 	 0.849403 	 0.00204091 	 0.00425006
1065 	 685 	 0.84944 	 0.00204584 	 0.00426032
1065 	 690 	 0.849476 	 0.0020508 	 0.00427066
1065 	 695 	 0.849512 	 0.0020558 	 0.00428107
1065 	 700 	 0.849546 	 0.00206084 	 0.00429155
1065 	 705 	 0.84958 	 0.00206589 	 0.00430208
1065 	 710 	 0.849613 	 0.00207097 	 0.00431266
1065 	 715 	 0.849645 	 0.00207607 	 0.00432328
1065 	 720 	 0.849676 	 0.00208119 	 0.00433392
1065 	 725 	 0.849707 	 0.00208631 	 0.00434459
1065 	 730 	 0.849737 	 0.00209144 	 0.00435528
1065 	 735 	 0.849766 	 0.00209657 	 0.00436597
1065 	 740 	 0.849794 	 0.00210171 	 0.00437666
1065 	 745 	 0.849821 	 0.00210684 	 0.00438735
1065 	 750 	 0.849848 	 0.00211197 	 0.00439802
1065 	 755 	 0.849875 	 0.00211708 	 0.00440868
1065 	 760 	 0.8499 	 0.00212219 	 0.0044193
1065 	 765 	 0.849925 	 0.00212728 	 0.0044299
1065 	 770 	 0.849949 	 0.00213235 	 0.00444047
1065 	 775 	 0.849973 	 0.0021374 	 0.00445099
1065 	 780 	 0.849996 	 0.00214243 	 0.00446147
1065 	 785 	 0.850019 	 0.00214744 	 0.0044719
1065 	 790 	 0.850041 	 0.00215242 	 0.00448227
1065 	 795 	 0.850062 	 0.00215738 	 0.00449258
1065 	 800 	 0.850083 	 0.0021623 	 0.00450284
1065 	 805 	 0.850103 	 0.00216719 	 0.00451302
1065 	 810 	 0.850123 	 0.00217205 	 0.00452314
1065 	 815 	 0.850143 	 0.00217687 	 0.00453318
1065 	 820 	 0.850162 	 0.00218166 	 0.00454315
1065 	 825 	 0.85018 	 0.00218641 	 0.00455304
1065 	 830 	 0.850198 	 0.00219112 	 0.00456285
1065 	 835 	 0.850216 	 0.00219579 	 0.00457258
1065 	 840 	 0.850233 	 0.00220042 	 0.00458222
1065 	 845 	 0.850249 	 0.002205 	 0.00459177
1065 	 850 	 0.850266 	 0.00220955 	 0.00460123
1065 	 855 	 0.850281 	 0.00221405 	 0.0046106
1065 	 860 	 0.850297 	 0.0022185 	 0.00461988
1065 	 865 	 0.850312 	 0.00222291 	 0.00462906
1065 	 870 	 0.850327 	 0.00222727 	 0.00463814
1065 	 875 	 0.850341 	 0.00223159 	 0.00464713
1065 	 880 	 0.850355 	 0.00223586 	 0.00465602
1065 	 885 	 0.850369 	 0.00224008 	 0.0046648
1065 	 890 	 0.850382 	 0.00224425 	 0.00467349
1065 	 895 	 0.850395 	 0.00224837 	 0.00468208
1065 	 900 	 0.850408 	 0.00225245 	 0.00469056
1065 	 905 	 0.85042 	 0.00225647 	 0.00469895
1065 	 910 	 0.850432 	 0.00226045 	 0.00470722
1065 	 915 	 0.850444 	 0.00226437 	 0.0047154
1065 	 920 	 0.850455 	 0.00226825 	 0.00472347
1065 	 925 	 0.850466 	 0.00227208 	 0.00473144
1065 	 930 	 0.850477 	 0.00227585 	 0.0047393
1065 	 935 	 0.850488 	 0.00227958 	 0.00474706
1065 	 940 	 0.850498 	 0.00228325 	 0.00475472
1065 	 945 	 0.850508 	 0.00228688 	 0.00476227
1065 	 950 	 0.850518 	 0.00229046 	 0.00476972
1065 	 955 	 0.850527 	 0.00229398 	 0.00477706
1065 	 960 	 0.850537 	 0.00229746 	 0.0047843
1065 	 965 	 0.850546 	 0.00230089 	 0.00479144
1065 	 970 	 0.850555 	 0.00230427 	 0.00479848
1065 	 975 	 0.850563 	 0.0023076 	 0.00480541
1065 	 980 	 0.850572 	 0.00231088 	 0.00481224
1065 	 985 	 0.85058 	 0.00231411 	 0.00481897
1065 	 990 	 0.850588 	 0.0023173 	 0.00482561
1065 	 995 	 0.850596 	 0.00232043 	 0.00483214
1065 	 1000 	 0.850604 	 0.00232352 	 0.00483857
1065 	 1005 	 0.850611 	 0.00232656 	 0.0048449
1065 	 1010 	 0.850618 	 0.00232956 	 0.00485114
1065 	 1015 	 0.850625 	 0.0023325 	 0.00485728
1065 	 1020 	 0.850632 	 0.00233541 	 0.00486332
1065 	 1025 	 0.850639 	 0.00233826 	 0.00486927
1065 	 1030 	 0.850646 	 0.00234107 	 0.00487512
1065 	 1035 	 0.850652 	 0.00234384 	 0.00488088
1065 	 1040 	 0.850658 	 0.00234656 	 0.00488655
1065 	 1045 	 0.850664 	 0.00234924 	 0.00489212
1065 	 1050 	 0.85067 	 0.00235187 	 0.00489761
1065 	 1055 	 0.850676 	 0.00235446 	 0.004903
1065 	 1060 	 0.850682 	 0.00235701 	 0.00490831
1065 	 1065 	 0.850687 	 0.00235952 	 0.00491353
1065 	 1070 	 0.850693 	 0.00236198 	 0.00491866
1065 	 1075 	 0.850698 	 0.0023644 	 0.0049237
1065 	 1080 	 0.850703 	 0.00236678 	 0.00492866
1065 	 1085 	 0.850708 	 0.00236913 	 0.00493354
1065 	 1090 	 0.850713 	 0.00237143 	 0.00493833
1065 	 1095 	 0.850718 	 0.00237369 	 0.00494304
1065 	 1100 	 0.850722 	 0.00237591 	 0.00494767
1065 	 1105 	 0.850727 	 0.0023781 	 0.00495222
1065 	 1110 	 0.850731 	 0.00238024 	 0.00495669
1065 	 1115 	 0.850735 	 0.00238235 	 0.00496108
1065 	 1120 	 0.85074 	 0.00238442 	 0.00496539
1065 	 1125 	 0.850744 	 0.00238646 	 0.00496963
1065 	 1130 	 0.850748 	 0.00238846 	 0.0049738
1065 	 1135 	 0.850751 	 0.00239042 	 0.00497789
1065 	 1140 	 0.850755 	 0.00239235 	 0.00498191
1065 	 1145 	 0.850759 	 0.00239425 	 0.00498585
1065 	 1150 	 0.850763 	 0.00239611 	 0.00498973
1065 	 1155 	 0.850766 	 0.00239794 	 0.00499353
1065 	 1160 	 0.850769 	 0.00239973 	 0.00499727
1065 	 1165 	 0.850773 	 0.00240149 	 0.00500094
1065 	 1170 	 0.850776 	 0.00240322 	 0.00500454
1065 	 1175 	 0.850779 	 0.00240492 	 0.00500807
1065 	 1180 	 0.850782 	 0.00240659 	 0.00501154
1065 	 1185 	 0.850785 	 0.00240822 	 0.00501495
1065 	 1190 	 0.850788 	 0.00240983 	 0.0050183
1065 	 1195 	 0.850791 	 0.0024114 	 0.00502158
1065 	 1200 	 0.850794 	 0.00241295 	 0.0050248
1065 	 1205 	 0.850797 	 0.00241447 	 0.00502796
1065 	 1210 	 0.850799 	 0.00241596 	 0.00503106
1065 	 1215 	 0.850802 	 0.00241742 	 0.00503411
1065 	 1220 	 0.850804 	 0.00241885 	 0.00503709
1065 	 1225 	 0.850807 	 0.00242026 	 0.00504003
1065 	 1230 	 0.850809 	 0.00242164 	 0.0050429
1065 	 1235 	 0.850812 	 0.002423 	 0.00504572
1065 	 1240 	 0.850814 	 0.00242433 	 0.00504849
1065 	 1245 	 0.850816 	 0.00242563 	 0.0050512
1065 	 1250 	 0.850818 	 0.00242691 	 0.00505387
1065 	 1255 	 0.85082 	 0.00242816 	 0.00505648
1065 	 1260 	 0.850822 	 0.00242939 	 0.00505904
1065 	 1265 	 0.850824 	 0.0024306 	 0.00506155
1065 	 1270 	 0.850826 	 0.00243178 	 0.00506402
1065 	 1275 	 0.850828 	 0.00243294 	 0.00506643
1065 	 1280 	 0.85083 	 0.00243408 	 0.0050688
1065 	 1285 	 0.850832 	 0.0024352 	 0.00507113
1065 	 1290 	 0.850834 	 0.00243629 	 0.00507341
1065 	 1295 	 0.850835 	 0.00243736 	 0.00507564
1065 	 1300 	 0.850837 	 0.00243842 	 0.00507783
1065 	 1305 	 0.850839 	 0.00243945 	 0.00507998
1065 	 1310 	 0.85084 	 0.00244046 	 0.00508209
1065 	 1315 	 0.850842 	 0.00244145 	 0.00508415
1065 	 1320 	 0.850844 	 0.00244242 	 0.00508617
1065 	 1325 	 0.850845 	 0.00244338 	 0.00508816
1065 	 1330 	 0.850846 	 0.00244431 	 0.0050901
1065 	 1335 	 0.850848 	 0.00244522 	 0.00509201
1065 	 1340 	 0.850849 	 0.00244612 	 0.00509388
1065 	 1345 	 0.850851 	 0.002447 	 0.00509571
1065 	 1350 	 0.850852 	 0.00244786 	 0.0050975
1065 	 1355 	 0.850853 	 0.00244871 	 0.00509926
1065 	 1360 	 0.850854 	 0.00244953 	 0.00510098
1065 	 1365 	 0.850856 	 0.00245035 	 0.00510267
1065 	 1370 	 0.850857 	 0.00245114 	 0.00510433
1065 	 1375 	 0.850858 	 0.00245192 	 0.00510595
1065 	 1380 	 0.850859 	 0.00245268 	 0.00510754
1065 	 1385 	 0.85086 	 0.00245343 	 0.0051091
1065 	 1390 	 0.850861 	 0.00245416 	 0.00511063
1065 	 1395 	 0.850862 	 0.00245488 	 0.00511212
1065 	 1400 	 0.850863 	 0.00245559 	 0.00511359
1065 	 1405 	 0.850864 	 0.00245628 	 0.00511502
1065 	 1410 	 0.850865 	 0.00245695 	 0.00511643
1065 	 1415 	 0.850866 	 0.00245761 	 0.00511781
1065 	 1420 	 0.850867 	 0.00245826 	 0.00511915
1065 	 1425 	 0.850868 	 0.0024589 	 0.00512048
1065 	 1430 	 0.850869 	 0.00245952 	 0.00512177
1065 	 1435 	 0.85087 	 0.00246013 	 0.00512304
1065 	 1440 	 0.850871 	 0.00246072 	 0.00512428
1065 	 1445 	 0.850871 	 0.00246131 	 0.0051255
1065 	 1450 	 0.850872 	 0.00246188 	 0.00512669
1065 	 1455 	 0.850873 	 0.00246244 	 0.00512786
1065 	 1460 	 0.850874 	 0.00246299 	 0.00512901
1065 	 1465 	 0.850875 	 0.00246353 	 0.00513013
1065 	 1470 	 0.850875 	 0.00246406 	 0.00513122
1065 	 1475 	 0.850876 	 0.00246457 	 0.0051323
1065 	 1480 	 0.850877 	 0.00246508 	 0.00513335
1065 	 1485 	 0.850877 	 0.00246557 	 0.00513438
1065 	 1490 	 0.850878 	 0.00246606 	 0.00513539
1065 	 1495 	 0.850879 	 0.00246653 	 0.00513638
1065 	 1500 	 0.850879 	 0.002467 	 0.00513735
1065 	 1505 	 0.85088 	 0.00246745 	 0.00513829
1065 	 1510 	 0.85088 	 0.0024679 	 0.00513922
1065 	 1515 	 0.850881 	 0.00246833 	 0.00514013
1065 	 1520 	 0.850882 	 0.00246876 	 0.00514102
1065 	 1525 	 0.850882 	 0.00246918 	 0.00514189
1065 	 1530 	 0.850883 	 0.00246959 	 0.00514274
1065 	 1535 	 0.850883 	 0.00246999 	 0.00514358
1065 	 1540 	 0.850884 	 0.00247038 	 0.0051444
1065 	 1545 	 0.850884 	 0.00247077 	 0.0051452
1065 	 1550 	 0.850885 	 0.00247114 	 0.00514598
1065 	 1555 	 0.850885 	 0.00247151 	 0.00514675
1065 	 1560 	 0.850886 	 0.00247187 	 0.0051475
1065 	 1565 	 0.850886 	 0.00247222 	 0.00514823
1065 	 1570 	 0.850886 	 0.00247257 	 0.00514895
1065 	 1575 	 0.850887 	 0.00247291 	 0.00514966
1065 	 1580 	 0.850887 	 0.00247324 	 0.00515035
1065 	 1585 	 0.850888 	 0.00247356 	 0.00515102
1065 	 1590 	 0.850888 	 0.00247388 	 0.00515168
1065 	 1595 	 0.850888 	 0.00247419 	 0.00515233
1065 	 1600 	 0.850889 	 0.0024745 	 0.00515296
1065 	 1605 	 0.850889 	 0.00247479 	 0.00515358
1065 	 1610 	 0.850889 	 0.00247508 	 0.00515419
1065 	 1615 	 0.85089 	 0.00247537 	 0.00515478
1065 	 1620 	 0.85089 	 0.00247565 	 0.00515536
1065 	 1625 	 0.85089 	 0.00247592 	 0.00515593
1065 	 1630 	 0.850891 	 0.00247619 	 0.00515649
1065 	 1635 	 0.850891 	 0.00247645 	 0.00515703
1065 	 1640 	 0.850891 	 0.00247671 	 0.00515757
1065 	 1645 	 0.850892 	 0.00247696 	 0.00515809
1065 	 1650 	 0.850892 	 0.0024772 	 0.0051586
1065 	 1655 	 0.850892 	 0.00247744 	 0.0051591
1065 	 1660 	 0.850893 	 0.00247768 	 0.00515959
1065 	 1665 	 0.850893 	 0.00247791 	 0.00516006
1065 	 1670 	 0.850893 	 0.00247813 	 0.00516053
1065 	 1675 	 0.850893 	 0.00247835 	 0.00516099
1065 	 1680 	 0.850894 	 0.00247857 	 0.00516144
1065 	 1685 	 0.850894 	 0.00247878 	 0.00516188
1065 	 1690 	 0.850894 	 0.00247898 	 0.00516231
1065 	 1695 	 0.850894 	 0.00247918 	 0.00516273
1065 	 1700 	 0.850895 	 0.00247938 	 0.00516314
1065 	 1705 	 0.850895 	 0.00247957 	 0.00516354
1065 	 1710 	 0.850895 	 0.00247976 	 0.00516393
1065 	 1715 	 0.850895 	 0.00247995 	 0.00516432
1065 	 1720 	 0.850895 	 0.00248013 	 0.00516469
1065 	 1725 	 0.850896 	 0.00248031 	 0.00516506
1065 	 1730 	 0.850896 	 0.00248048 	 0.00516542
1065 	 1735 	 0.850896 	 0.00248065 	 0.00516578
1065 	 1740 	 0.850896 	 0.00248081 	 0.00516612
1065 	 1745 	 0.850896 	 0.00248098 	 0.00516646
1065 	 1750 	 0.850897 	 0.00248113 	 0.00516679
1065 	 1755 	 0.850897 	 0.00248129 	 0.00516711
1065 	 1760 	 0.850897 	 0.00248144 	 0.00516743
1065 	 1765 	 0.850897 	 0.00248159 	 0.00516774
1065 	 1770 	 0.850897 	 0.00248174 	 0.00516804
1065 	 1775 	 0.850897 	 0.00248188 	 0.00516834
1065 	 1780 	 0.850897 	 0.00248202 	 0.00516862
1065 	 1785 	 0.850898 	 0.00248215 	 0.00516891
1065 	 1790 	 0.850898 	 0.00248229 	 0.00516918
1065 	 1795 	 0.850898 	 0.00248242 	 0.00516946
1065 	 1800 	 0.850898 	 0.00248254 	 0.00516972
1065 	 1805 	 0.850898 	 0.00248267 	 0.00516998
1065 	 1810 	 0.850898 	 0.00248279 	 0.00517023
1065 	 1815 	 0.850898 	 0.00248291 	 0.00517048
1065 	 1820 	 0.850899 	 0.00248302 	 0.00517072
1065 	 1825 	 0.850899 	 0.00248314 	 0.00517096
1065 	 1830 	 0.850899 	 0.00248325 	 0.00517119
1065 	 1835 	 0.850899 	 0.00248336 	 0.00517142
1065 	 1840 	 0.850899 	 0.00248347 	 0.00517164
1065 	 1845 	 0.850899 	 0.00248357 	 0.00517186
1065 	 1850 	 0.850899 	 0.00248367 	 0.00517207
1065 	 1855 	 0.850899 	 0.00248377 	 0.00517228
1065 	 1860 	 0.850899 	 0.00248387 	 0.00517248
1065 	 1865 	 0.8509 	 0.00248396 	 0.00517268
1065 	 1870 	 0.8509 	 0.00248406 	 0.00517288
1065 	 1875 	 0.8509 	 0.00248415 	 0.00517307
1065 	 1880 	 0.8509 	 0.00248424 	 0.00517325
1065 	 1885 	 0.8509 	 0.00248433 	 0.00517343
1065 	 1890 	 0.8509 	 0.00248441 	 0.00517361
1065 	 1895 	 0.8509 	 0.00248449 	 0.00517378
1065 	 1900 	 0.8509 	 0.00248458 	 0.00517395
1065 	 1905 	 0.8509 	 0.00248466 	 0.00517412
1065 	 1910 	 0.8509 	 0.00248473 	 0.00517428
1065 	 1915 	 0.8509 	 0.00248481 	 0.00517444
1065 	 1920 	 0.8509 	 0.00248488 	 0.0051746
1065 	 1925 	 0.850901 	 0.00248496 	 0.00517475
1065 	 1930 	 0.850901 	 0.00248503 	 0.0051749
1065 	 1935 	 0.850901 	 0.0024851 	 0.00517504
1065 	 1940 	 0.850901 	 0.00248517 	 0.00517519
1065 	 1945 	 0.850901 	 0.00248523 	 0.00517532
1065 	 1950 	 0.850901 	 0.0024853 	 0.00517546
1065 	 1955 	 0.850901 	 0.00248536 	 0.00517559
1065 	 1960 	 0.850901 	 0.00248542 	 0.00517572
1065 	 1965 	 0.850901 	 0.00248549 	 0.00517585
1065 	 1970 	 0.850901 	 0.00248555 	 0.00517597
1065 	 1975 	 0.850901 	 0.0024856 	 0.0051761
1065 	 1980 	 0.850901 	 0.00248566 	 0.00517621
1065 	 1985 	 0.850901 	 0.00248572 	 0.00517633
1065 	 1990 	 0.850901 	 0.00248577 	 0.00517644
1065 	 1995 	 0.850901 	 0.00248582 	 0.00517655
1065 	 2000 	 0.850901 	 0.00248588 	 0.00517666
1065 	 2005 	 0.850901 	 0.00248593 	 0.00517677
1065 	 2010 	 0.850902 	 0.00248598 	 0.00517687
1065 	 2015 	 0.850902 	 0.00248603 	 0.00517697
1065 	 2020 	 0.850902 	 0.00248607 	 0.00517707
1065 	 2025 	 0.850902 	 0.00248612 	 0.00517717
1065 	 2030 	 0.850902 	 0.00248617 	 0.00517726
1065 	 2035 	 0.850902 	 0.00248621 	 0.00517736
1065 	 2040 	 0.850902 	 0.00248625 	 0.00517745
1065 	 2045 	 0.850902 	 0.0024863 	 0.00517754
1065 	 2050 	 0.850902 	 0.00248634 	 0.00517762
1065 	 2055 	 0.850902 	 0.00248638 	 0.00517771
1065 	 2060 	 0.850902 	 0.00248642 	 0.00517779
1065 	 2065 	 0.850902 	 0.00248646 	 0.00517787
1065 	 2070 	 0.850902 	 0.00248649 	 0.00517795
1065 	 2075 	 0.850902 	 0.00248653 	 0.00517803
1065 	 2080 	 0.850902 	 0.00248657 	 0.0051781
1065 	 2085 	 0.850902 	 0.0024866 	 0.00517818
1065 	 2090 	 0.850902 	 0.00248664 	 0.00517825
1065 	 2095 	 0.850902 	 0.00248667 	 0.00517832
1065 	 2100 	 0.850902 	 0.0024867 	 0.00517839
1065 	 2105 	 0.850902 	 0.00248674 	 0.00517845
1065 	 2110 	 0.850902 	 0.00248677 	 0.00517852
1065 	 2115 	 0.850902 	 0.0024868 	 0.00517858
1065 	 2120 	 0.850902 	 0.00248683 	 0.00517865
1065 	 2125 	 0.850902 	 0.00248686 	 0.00517871
1065 	 2130 	 0.850902 	 0.00248689 	 0.00517877
1065 	 2135 	 0.850902 	 0.00248692 	 0.00517883
1065 	 2140 	 0.850902 	 0.00248694 	 0.00517889
1065 	 2145 	 0.850902 	 0.00248697 	 0.00517894
1065 	 2150 	 0.850902 	 0.002487 	 0.005179
1065 	 2155 	 0.850902 	 0.00248702 	 0.00517905
1065 	 2160 	 0.850903 	 0.00248705 	 0.0051791
1065 	 2165 	 0.850903 	 0.00248707 	 0.00517915
1065 	 2170 	 0.850903 	 0.0024871 	 0.0051792
1065 	 2175 	 0.850903 	 0.00248712 	 0.00517925
1065 	 2180 	 0.850903 	 0.00248714 	 0.0051793
1065 	 2185 	 0.850903 	 0.00248717 	 0.00517935
1065 	 2190 	 0.850903 	 0.00248719 	 0.00517939
1065 	 2195 	 0.850903 	 0.00248721 	 0.00517944
1065 	 2200 	 0.850903 	 0.00248723 	 0.00517948
1065 	 2205 	 0.850903 	 0.00248725 	 0.00517952
1065 	 2210 	 0.850903 	 0.00248727 	 0.00517957
1065 	 2215 	 0.850903 	 0.00248729 	 0.00517961
1065 	 2220 	 0.850903 	 0.00248731 	 0.00517965
1065 	 2225 	 0.850903 	 0.00248733 	 0.00517968
1065 	 2230 	 0.850903 	 0.00248735 	 0.00517972
1065 	 2235 	 0.850903 	 0.00248736 	 0.00517976
1065 	 2240 	 0.850903 	 0.00248738 	 0.0051798
1065 	 2245 	 0.850903 	 0.0024874 	 0.00517983
1065 	 2250 	 0.850903 	 0.00248741 	 0.00517987
1065 	 2255 	 0.850903 	 0.00248743 	 0.0051799
1065 	 2260 	 0.850903 	 0.00248745 	 0.00517993
1065 	 2265 	 0.850903 	 0.00248746 	 0.00517997
1065 	 2270 	 0.850903 	 0.00248748 	 0.00518
1065 	 2275 	 0.850903 	 0.00248749 	 0.00518003
1065 	 2280 	 0.850903 	 0.00248751 	 0.00518006
1065 	 2285 	 0.850903 	 0.00248752 	 0.00518009
1065 	 2290 	 0.850903 	 0.00248753 	 0.00518012
1065 	 2295 	 0.850903 	 0.00248755 	 0.00518014
1065 	 2300 	 0.850903 	 0.00248756 	 0.00518017
1065 	 2305 	 0.850903 	 0.00248757 	 0.0051802
1065 	 2310 	 0.850903 	 0.00248759 	 0.00518022
1065 	 2315 	 0.850903 	 0.0024876 	 0.00518025
1065 	 2320 	 0.850903 	 0.00248761 	 0.00518028
1065 	 2325 	 0.850903 	 0.00248762 	 0.0051803
1065 	 2330 	 0.850903 	 0.00248763 	 0.00518032
1065 	 2335 	 0.850903 	 0.00248765 	 0.00518035
1065 	 2340 	 0.850903 	 0.00248766 	 0.00518037
1065 	 2345 	 0.850903 	 0.00248767 	 0.00518039
1065 	 2350 	 0.850903 	 0.00248768 	 0.00518041
1065 	 2355 	 0.850903 	 0.00248769 	 0.00518044
1065 	 2360 	 0.850903 	 0.0024877 	 0.00518046
1065 	 2365 	 0.850903 	 0.00248771 	 0.00518048
1065 	 2370 	 0.850903 	 0.00248772 	 0.0051805
1065 	 2375 	 0.850903 	 0.00248773 	 0.00518052
1065 	 2380 	 0.850903 	 0.00248774 	 0.00518053
1065 	 2385 	 0.850903 	 0.00248774 	 0.00518055
1065 	 2390 	 0.850903 	 0.00248775 	 0.00518057
1065 	 2395 	 0.850903 	 0.00248776 	 0.00518059
1065 	 2400 	 0.850903 	 0.00248777 	 0.00518061
1065 	 2405 	 0.850903 	 0.00248778 	 0.00518062
1065 	 2410 	 0.850903 	 0.00248779 	 0.00518064
1065 	 2415 	 0.850903 	 0.00248779 	 0.00518066
1065 	 2420 	 0.850903 	 0.0024878 	 0.00518067
1065 	 2425 	 0.850903 	 0.00248781 	 0.00518069
1065 	 2430 	 0.850903 	 0.00248782 	 0.0051807
1065 	 2435 	 0.850903 	 0.00248782 	 0.00518072
1065 	 2440 	 0.850903 	 0.00248783 	 0.00518073
1065 	 2445 	 0.850903 	 0.00248784 	 0.00518074
1065 	 2450 	 0.850903 	 0.00248784 	 0.00518076
1065 	 2455 	 0.850903 	 0.00248785 	 0.00518077
1065 	 2460 	 0.850903 	 0.00248786 	 0.00518078
1065 	 2465 	 0.850903 	 0.00248786 	 0.0051808
1065 	 2470 	 0.850903 	 0.00248787 	 0.00518081
1065 	 2475 	 0.850903 	 0.00248787 	 0.00518082
1065 	 2480 	 0.850903 	 0.00248788 	 0.00518083
1065 	 2485 	 0.850903 	 0.00248788 	 0.00518084
1065 	 2490 	 0.850903 	 0.00248789 	 0.00518086
1065 	 2495 	 0.850903 	 0.0024879 	 0.00518087
1065 	 2500 	 0.850903 	 0.0024879 	 0.00518088
1065 	 2505 	 0.850903 	 0.00248791 	 0.00518089
1065 	 2510 	 0.850903 	 0.00248791 	 0.0051809
1065 	 2515 	 0.850903 	 0.00248792 	 0.00518091
1065 	 2520 	 0.850903 	 0.00248792 	 0.00518092
1065 	 2525 	 0.850903 	 0.00248792 	 0.00518093
1065 	 2530 	 0.850903 	 0.00248793 	 0.00518094
1065 	 2535 	 0.850903 	 0.00248793 	 0.00518095
1065 	 2540 	 0.850903 	 0.00248794 	 0.00518096
1065 	 2545 	 0.850903 	 0.00248794 	 0.00518096
1065 	 2550 	 0.850903 	 0.00248795 	 0.00518097
1065 	 2555 	 0.850903 	 0.00248795 	 0.00518098
1065 	 2560 	 0.850903 	 0.00248795 	 0.00518099
1065 	 2565 	 0.850903 	 0.00248796 	 0.005181
1065 	 2570 	 0.850903 	 0.00248796 	 0.00518101
1065 	 2575 	 0.850903 	 0.00248797 	 0.00518101
1065 	 2580 	 0.850903 	 0.00248797 	 0.00518102
1065 	 2585 	 0.850903 	 0.00248797 	 0.00518103
1065 	 2590 	 0.850903 	 0.00248798 	 0.00518103
1065 	 2595 	 0.850903 	 0.00248798 	 0.00518104
1065 	 2600 	 0.850903 	 0.00248798 	 0.00518105
1065 	 2605 	 0.850903 	 0.00248799 	 0.00518105
1065 	 2610 	 0.850903 	 0.00248799 	 0.00518106
1065 	 2615 	 0.850903 	 0.00248799 	 0.00518107
1065 	 2620 	 0.850903 	 0.00248799 	 0.00518107
1065 	 2625 	 0.850903 	 0.002488 	 0.00518108
1065 	 2630 	 0.850903 	 0.002488 	 0.00518109
1065 	 2635 	 0.850903 	 0.002488 	 0.00518109
1065 	 2640 	 0.850903 	 0.00248801 	 0.0051811
1065 	 2645 	 0.850903 	 0.00248801 	 0.0051811
1065 	 2650 	 0.850903 	 0.00248801 	 0.00518111
1065 	 2655 	 0.850903 	 0.00248801 	 0.00518111
1065 	 2660 	 0.850903 	 0.00248802 	 0.00518112
1065 	 2665 	 0.850903 	 0.00248802 	 0.00518112
1065 	 2670 	 0.850903 	 0.00248802 	 0.00518113
1065 	 2675 	 0.850903 	 0.00248802 	 0.00518113
1065 	 2680 	 0.850903 	 0.00248802 	 0.00518114
1065 	 2685 	 0.850903 	 0.00248803 	 0.00518114
1065 	 2690 	 0.850903 	 0.00248803 	 0.00518115
1065 	 2695 	 0.850903 	 0.00248803 	 0.00518115
1065 	 2700 	 0.850903 	 0.00248803 	 0.00518115
1065 	 2705 	 0.850903 	 0.00248803 	 0.00518116
1065 	 2710 	 0.850903 	 0.00248804 	 0.00518116
1065 	 2715 	 0.850903 	 0.00248804 	 0.00518117
1065 	 2720 	 0.850903 	 0.00248804 	 0.00518117
1065 	 2725 	 0.850903 	 0.00248804 	 0.00518117
1065 	 2730 	 0.850903 	 0.00248804 	 0.00518118
1065 	 2735 	 0.850903 	 0.00248805 	 0.00518118
1065 	 2740 	 0.850903 	 0.00248805 	 0.00518118
1065 	 2745 	 0.850903 	 0.00248805 	 0.00518119
1065 	 2750 	 0.850903 	 0.00248805 	 0.00518119
1065 	 2755 	 0.850903 	 0.00248805 	 0.00518119
1065 	 2760 	 0.850903 	 0.00248805 	 0.0051812
1065 	 2765 	 0.850903 	 0.00248805 	 0.0051812
1065 	 2770 	 0.850903 	 0.00248806 	 0.0051812
1065 	 2775 	 0.850903 	 0.00248806 	 0.00518121
1065 	 2780 	 0.850903 	 0.00248806 	 0.00518121
1065 	 2785 	 0.850903 	 0.00248806 	 0.00518121
1065 	 2790 	 0.850903 	 0.00248806 	 0.00518121
1065 	 2795 	 0.850903 	 0.00248806 	 0.00518122
1065 	 2800 	 0.850903 	 0.00248806 	 0.00518122
1065 	 2805 	 0.850903 	 0.00248807 	 0.00518122
1065 	 2810 	 0.850903 	 0.00248807 	 0.00518122
1065 	 2815 	 0.850903 	 0.00248807 	 0.00518123
1065 	 2820 	 0.850903 	 0.00248807 	 0.00518123
1065 	 2825 	 0.850903 	 0.00248807 	 0.00518123
1065 	 2830 	 0.850903 	 0.00248807 	 0.00518123
1065 	 2835 	 0.850903 	 0.00248807 	 0.00518124
1065 	 2840 	 0.850903 	 0.00248807 	 0.00518124
1065 	 2845 	 0.850903 	 0.00248807 	 0.00518124
1065 	 2850 	 0.850903 	 0.00248808 	 0.00518124
1065 	 2855 	 0.850903 	 0.00248808 	 0.00518124
1065 	 2860 	 0.850903 	 0.00248808 	 0.00518125
1065 	 2865 	 0.850903 	 0.00248808 	 0.00518125
1065 	 2870 	 0.850903 	 0.00248808 	 0.00518125
1065 	 2875 	 0.850903 	 0.00248808 	 0.00518125
1065 	 2880 	 0.850903 	 0.00248808 	 0.00518125
1065 	 2885 	 0.850903 	 0.00248808 	 0.00518125
1065 	 2890 	 0.850903 	 0.00248808 	 0.00518126
1065 	 2895 	 0.850903 	 0.00248808 	 0.00518126
1065 	 2900 	 0.850903 	 0.00248808 	 0.00518126
1065 	 2905 	 0.850903 	 0.00248808 	 0.00518126
1065 	 2910 	 0.850903 	 0.00248809 	 0.00518126
1065 	 2915 	 0.850903 	 0.00248809 	 0.00518126
1065 	 2920 	 0.850903 	 0.00248809 	 0.00518127
1065 	 2925 	 0.850903 	 0.00248809 	 0.00518127
1065 	 2930 	 0.850903 	 0.00248809 	 0.00518127
1065 	 2935 	 0.850903 	 0.00248809 	 0.00518127
1065 	 2940 	 0.850903 	 0.00248809 	 0.00518127
1065 	 2945 	 0.850903 	 0.00248809 	 0.00518127
1065 	 2950 	 0.850903 	 0.00248809 	 0.00518127
1065 	 2955 	 0.850903 	 0.00248809 	 0.00518127
1065 	 2960 	 0.850903 	 0.00248809 	 0.00518128
1065 	 2965 	 0.850903 	 0.00248809 	 0.00518128
1065 	 2970 	 0.850903 	 0.00248809 	 0.00518128
1065 	 2975 	 0.850903 	 0.00248809 	 0.00518128
1065 	 2980 	 0.850903 	 0.00248809 	 0.00518128
1065 	 2985 	 0.850903 	 0.00248809 	 0.00518128
1065 	 2990 	 0.850903 	 0.00248809 	 0.00518128
1065 	 2995 	 0.850903 	 0.00248809 	 0.00518128
1065 	 3000 	 0.850903 	 0.0024881 	 0.00518128
1065 	 3005 	 0.850903 	 0.0024881 	 0.00518128
1065 	 3010 	 0.850903 	 0.0024881 	 0.00518129
1065 	 3015 	 0.850903 	 0.0024881 	 0.00518129
1065 	 3020 	 0.850903 	 0.0024881 	 0.00518129
1065 	 3025 	 0.850903 	 0.0024881 	 0.00518129
1065 	 3030 	 0.850903 	 0.0024881 	 0.00518129
1065 	 3035 	 0.850903 	 0.0024881 	 0.00518129
1065 	 3040 	 0.850903 	 0.0024881 	 0.00518129
1065 	 3045 	 0.850903 	 0.0024881 	 0.00518129
1065 	 3050 	 0.850903 	 0.0024881 	 0.00518129
1065 	 3055 	 0.850903 	 0.0024881 	 0.00518129
1065 	 3060 	 0.850903 	 0.0024881 	 0.00518129
1065 	 3065 	 0.850903 	 0.0024881 	 0.00518129
1065 	 3070 	 0.850903 	 0.0024881 	 0.0051813
1065 	 3075 	 0.850903 	 0.0024881 	 0.0051813
1065 	 3080 	 0.850903 	 0.0024881 	 0.0051813
1065 	 3085 	 0.850903 	 0.0024881 	 0.0051813
1065 	 3090 	 0.850903 	 0.0024881 	 0.0051813
1065 	 3095 	 0.850903 	 0.0024881 	 0.0051813
1065 	 3100 	 0.850903 	 0.0024881 	 0.0051813
1065 	 3105 	 0.850903 	 0.0024881 	 0.0051813
1065 	 3110 	 0.850903 	 0.0024881 	 0.0051813
1065 	 3115 	 0.850903 	 0.0024881 	 0.0051813
1065 	 3120 	 0.850903 	 0.0024881 	 0.0051813
1065 	 3125 	 0.850903 	 0.0024881 	 0.0051813
1065 	 3130 	 0.850903 	 0.0024881 	 0.0051813
1065 	 3135 	 0.850903 	 0.0024881 	 0.0051813
1065 	 3140 	 0.850903 	 0.0024881 	 0.0051813
1065 	 3145 	 0.850903 	 0.0024881 	 0.0051813
1065 	 3150 	 0.850903 	 0.00248811 	 0.0051813
1065 	 3155 	 0.850903 	 0.00248811 	 0.0051813
1065 	 3160 	 0.850903 	 0.00248811 	 0.00518131
1065 	 3165 	 0.850903 	 0.00248811 	 0.00518131
1065 	 3170 	 0.850903 	 0.00248811 	 0.00518131
1065 	 3175 	 0.850903 	 0.00248811 	 0.00518131
1065 	 3180 	 0.850903 	 0.00248811 	 0.00518131
1065 	 3185 	 0.850903 	 0.00248811 	 0.00518131
1065 	 3190 	 0.850903 	 0.00248811 	 0.00518131
1065 	 3195 	 0.850903 	 0.00248811 	 0.00518131
1065 	 3200 	 0.850903 	 0.00248811 	 0.00518131
1065 	 3205 	 0.850903 	 0.00248811 	 0.00518131
1065 	 3210 	 0.850903 	 0.00248811 	 0.00518131
1065 	 3215 	 0.850903 	 0.00248811 	 0.00518131
1065 	 3220 	 0.850903 	 0.00248811 	 0.00518131
1065 	 3225 	 0.850903 	 0.00248811 	 0.00518131
1065 	 3230 	 0.850903 	 0.00248811 	 0.00518131
1065 	 3235 	 0.850903 	 0.00248811 	 0.00518131
1065 	 3240 	 0.850903 	 0.00248811 	 0.00518131
1065 	 3245 	 0.850903 	 0.00248811 	 0.00518131
1065 	 3250 	 0.850903 	 0.00248811 	 0.00518131
1065 	 3255 	 0.850903 	 0.00248811 	 0.00518131
1065 	 3260 	 0.850903 	 0.00248811 	 0.00518131
1065 	 3265 	 0.850903 	 0.00248811 	 0.00518131
1065 	 3270 	 0.850903 	 0.00248811 	 0.00518131
1065 	 3275 	 0.850903 	 0.00248811 	 0.00518131
1065 	 3280 	 0.850903 	 0.00248811 	 0.00518131
1065 	 3285 	 0.850903 	 0.00248811 	 0.00518131
1065 	 3290 	 0.850903 	 0.00248811 	 0.00518131
1065 	 3295 	 0.850903 	 0.00248811 	 0.00518131
1065 	 3300 	 0.850903 	 0.00248811 	 0.00518131
1065 	 3305 	 0.850903 	 0.00248811 	 0.00518131
1065 	 3310 	 0.850903 	 0.00248811 	 0.00518131
1065 	 3315 	 0.850903 	 0.00248811 	 0.00518131
1065 	 3320 	 0.850903 	 0.00248811 	 0.00518131
1065 	 3325 	 0.850903 	 0.00248811 	 0.00518131
1065 	 3330 	 0.850903 	 0.00248811 	 0.00518131
1065 	 3335 	 0.850903 	 0.00248811 	 0.00518132
1065 	 3340 	 0.850903 	 0.00248811 	 0.00518132
1065 	 3345 	 0.850903 	 0.00248811 	 0.00518132
1065 	 3350 	 0.850903 	 0.00248811 	 0.00518132
1065 	 3355 	 0.850903 	 0.00248811 	 0.00518132
1065 	 3360 	 0.850903 	 0.00248811 	 0.00518132
1065 	 3365 	 0.850903 	 0.00248811 	 0.00518132
1065 	 3370 	 0.850903 	 0.00248811 	 0.00518132
1065 	 3375 	 0.850903 	 0.00248811 	 0.00518132
1065 	 3380 	 0.850903 	 0.00248811 	 0.00518132
1065 	 3385 	 0.850903 	 0.00248811 	 0.00518132
1065 	 3390 	 0.850903 	 0.00248811 	 0.00518132
1065 	 3395 	 0.850903 	 0.00248811 	 0.00518132
1065 	 3400 	 0.850903 	 0.00248811 	 0.00518132
1065 	 3405 	 0.850903 	 0.00248811 	 0.00518132
1065 	 3410 	 0.850903 	 0.00248811 	 0.00518132
1065 	 3415 	 0.850903 	 0.00248811 	 0.00518132
1065 	 3420 	 0.850903 	 0.00248811 	 0.00518132
1065 	 3425 	 0.850903 	 0.00248811 	 0.00518132
1065 	 3430 	 0.850903 	 0.00248811 	 0.00518132
1065 	 3435 	 0.850903 	 0.00248811 	 0.00518132
1065 	 3440 	 0.850903 	 0.00248811 	 0.00518132
1065 	 3445 	 0.850903 	 0.00248811 	 0.00518132
1065 	 3450 	 0.850903 	 0.00248811 	 0.00518132
1065 	 3455 	 0.850903 	 0.00248811 	 0.00518132
1065 	 3460 	 0.850903 	 0.00248811 	 0.00518132
1065 	 3465 	 0.850903 	 0.00248811 	 0.00518132
1065 	 3470 	 0.850903 	 0.00248811 	 0.00518132
1065 	 3475 	 0.850903 	 0.00248811 	 0.00518132
1065 	 3480 	 0.850903 	 0.00248811 	 0.00518132
1065 	 3485 	 0.850903 	 0.00248811 	 0.00518132
1065 	 3490 	 0.850903 	 0.00248811 	 0.00518132
1065 	 3495 	 0.850903 	 0.00248811 	 0.00518132
1065 	 3500 	 0.850903 	 0.00248811 	 0.00518132
1065 	 3505 	 0.850903 	 0.00248811 	 0.00518132
1065 	 3510 	 0.850903 	 0.00248811 	 0.00518132
1065 	 3515 	 0.850903 	 0.00248811 	 0.00518132
1065 	 3520 	 0.850903 	 0.00248811 	 0.00518132
1065 	 3525 	 0.850903 	 0.00248811 	 0.00518132
1065 	 3530 	 0.850903 	 0.00248811 	 0.00518132
1065 	 3535 	 0.850903 	 0.00248811 	 0.00518132
1065 	 3540 	 0.850903 	 0.00248811 	 0.00518132
1065 	 3545 	 0.850903 	 0.00248811 	 0.00518132
1065 	 3550 	 0.850903 	 0.00248811 	 0.00518132
1065 	 3555 	 0.850903 	 0.00248811 	 0.00518132
1065 	 3560 	 0.850903 	 0.00248811 	 0.00518132
1065 	 3565 	 0.850903 	 0.00248811 	 0.00518132
1065 	 3570 	 0.850903 	 0.00248811 	 0.00518132
1065 	 3575 	 0.850903 	 0.00248811 	 0.00518132
1065 	 3580 	 0.850903 	 0.00248811 	 0.00518132
1065 	 3585 	 0.850903 	 0.00248811 	 0.00518132
1065 	 3590 	 0.850903 	 0.00248811 	 0.00518132
1065 	 3595 	 0.850903 	 0.00248811 	 0.00518132
1065 	 3600 	 0.850903 	 0.00248811 	 0.00518132
1065 	 3605 	 0.850903 	 0.00248811 	 0.00518132
1065 	 3610 	 0.850903 	 0.00248811 	 0.00518132
1065 	 3615 	 0.850903 	 0.00248811 	 0.00518132
1065 	 3620 	 0.850903 	 0.00248811 	 0.00518132
1065 	 3625 	 0.850903 	 0.00248811 	 0.00518132
1065 	 3630 	 0.850903 	 0.00248811 	 0.00518132
1065 	 3635 	 0.850903 	 0.00248811 	 0.00518132
1065 	 3640 	 0.850903 	 0.00248811 	 0.00518132
1065 	 3645 	 0.850903 	 0.00248811 	 0.00518132
1065 	 3650 	 0.850903 	 0.00248811 	 0.00518132
1065 	 3655 	 0.850903 	 0.00248811 	 0.00518132
1065 	 3660 	 0.850903 	 0.00248811 	 0.00518132
1065 	 3665 	 0.850903 	 0.00248811 	 0.00518132
1065 	 3670 	 0.850903 	 0.00248811 	 0.00518132
1065 	 3675 	 0.850903 	 0.00248811 	 0.00518132
1065 	 3680 	 0.850903 	 0.00248811 	 0.00518132
1065 	 3685 	 0.850903 	 0.00248811 	 0.00518132
1065 	 3690 	 0.850903 	 0.00248811 	 0.00518132
1065 	 3695 	 0.850903 	 0.00248811 	 0.00518132
1065 	 3700 	 0.850903 	 0.00248811 	 0.00518132
1065 	 3705 	 0.850903 	 0.00248811 	 0.00518132
1065 	 3710 	 0.850903 	 0.00248811 	 0.00518132
1065 	 3715 	 0.850903 	 0.00248811 	 0.00518132
1065 	 3720 	 0.850903 	 0.00248811 	 0.00518132
1065 	 3725 	 0.850903 	 0.00248811 	 0.00518132
1065 	 3730 	 0.850903 	 0.00248811 	 0.00518132
1065 	 3735 	 0.850903 	 0.00248811 	 0.00518132
1065 	 3740 	 0.850903 	 0.00248811 	 0.00518132
1065 	 3745 	 0.850903 	 0.00248811 	 0.00518132
1065 	 3750 	 0.850903 	 0.00248811 	 0.00518132
1065 	 3755 	 0.850903 	 0.00248811 	 0.00518132
1065 	 3760 	 0.850903 	 0.00248811 	 0.00518132
1065 	 3765 	 0.850903 	 0.00248811 	 0.00518132
1065 	 3770 	 0.850903 	 0.00248811 	 0.00518132
1065 	 3775 	 0.850903 	 0.00248811 	 0.00518132
1065 	 3780 	 0.850903 	 0.00248811 	 0.00518132
1065 	 3785 	 0.850903 	 0.00248811 	 0.00518132
1065 	 3790 	 0.850903 	 0.00248811 	 0.00518132
1065 	 3795 	 0.850903 	 0.00248811 	 0.00518132
1065 	 3800 	 0.850903 	 0.00248811 	 0.00518132
1065 	 3805 	 0.850903 	 0.00248811 	 0.00518132
1065 	 3810 	 0.850903 	 0.00248811 	 0.00518132
1065 	 3815 	 0.850903 	 0.00248811 	 0.00518132
1065 	 3820 	 0.850903 	 0.00248811 	 0.00518132
1065 	 3825 	 0.850903 	 0.00248811 	 0.00518132
1065 	 3830 	 0.850903 	 0.00248811 	 0.00518132
1065 	 3835 	 0.850903 	 0.00248811 	 0.00518132
1065 	 3840 	 0.850903 	 0.00248811 	 0.00518132
1065 	 3845 	 0.850903 	 0.00248811 	 0.00518132
1065 	 3850 	 0.850903 	 0.00248811 	 0.00518132
1065 	 3855 	 0.850903 	 0.00248811 	 0.00518132
1065 	 3860 	 0.850903 	 0.00248811 	 0.00518132
1065 	 3865 	 0.850903 	 0.00248811 	 0.00518132
1065 	 3870 	 0.850903 	 0.00248811 	 0.00518132
1065 	 3875 	 0.850903 	 0.00248811 	 0.00518132
1065 	 3880 	 0.850903 	 0.00248811 	 0.00518132
1065 	 3885 	 0.850903 	 0.00248811 	 0.00518132
1065 	 3890 	 0.850903 	 0.00248811 	 0.00518132
1065 	 3895 	 0.850903 	 0.00248811 	 0.00518132
1065 	 3900 	 0.850903 	 0.00248811 	 0.00518132
1065 	 3905 	 0.850903 	 0.00248811 	 0.00518132
1065 	 3910 	 0.850903 	 0.00248811 	 0.00518132
1065 	 3915 	 0.850903 	 0.00248811 	 0.00518132
1065 	 3920 	 0.850903 	 0.00248811 	 0.00518132
1065 	 3925 	 0.850903 	 0.00248811 	 0.00518132
1065 	 3930 	 0.850903 	 0.00248811 	 0.00518132
1065 	 3935 	 0.850903 	 0.00248811 	 0.00518132
1065 	 3940 	 0.850903 	 0.00248811 	 0.00518132
1065 	 3945 	 0.850903 	 0.00248811 	 0.00518132
1065 	 3950 	 0.850903 	 0.00248811 	 0.00518132
1065 	 3955 	 0.850903 	 0.00248811 	 0.00518132
1065 	 3960 	 0.850903 	 0.00248811 	 0.00518132
1065 	 3965 	 0.850903 	 0.00248811 	 0.00518132
1065 	 3970 	 0.850903 	 0.00248811 	 0.00518132
1065 	 3975 	 0.850903 	 0.00248811 	 0.00518132
1065 	 3980 	 0.850903 	 0.00248811 	 0.00518132
1065 	 3985 	 0.850903 	 0.00248811 	 0.00518132
1065 	 3990 	 0.850903 	 0.00248811 	 0.00518132
1065 	 3995 	 0.850903 	 0.00248811 	 0.00518132
1065 	 4000 	 0.850903 	 0.00248811 	 0.00518132
1065 	 4005 	 0.850903 	 0.00248811 	 0.00518132
1065 	 4010 	 0.850903 	 0.00248811 	 0.00518132
1065 	 4015 	 0.850903 	 0.00248811 	 0.00518132
1065 	 4020 	 0.850903 	 0.00248811 	 0.00518132
1065 	 4025 	 0.850903 	 0.00248811 	 0.00518132
1065 	 4030 	 0.850903 	 0.00248811 	 0.00518132
1065 	 4035 	 0.850903 	 0.00248811 	 0.00518132
1065 	 4040 	 0.850903 	 0.00248811 	 0.00518132
1065 	 4045 	 0.850903 	 0.00248811 	 0.00518132
1065 	 4050 	 0.850903 	 0.00248811 	 0.00518132
1065 	 4055 	 0.850903 	 0.00248811 	 0.00518132
1065 	 4060 	 0.850903 	 0.00248811 	 0.00518132
1065 	 4065 	 0.850903 	 0.00248811 	 0.00518132
1065 	 4070 	 0.850903 	 0.00248811 	 0.00518132
1065 	 4075 	 0.850903 	 0.00248811 	 0.00518132
1065 	 4080 	 0.850903 	 0.00248811 	 0.00518132
1065 	 4085 	 0.850903 	 0.00248811 	 0.00518132
1065 	 4090 	 0.850903 	 0.00248811 	 0.00518132
1065 	 4095 	 0.850903 	 0.00248811 	 0.00518132
1065 	 4100 	 0.850903 	 0.00248811 	 0.00518132
1065 	 4105 	 0.850903 	 0.00248811 	 0.00518132
1065 	 4110 	 0.850903 	 0.00248811 	 0.00518132
1065 	 4115 	 0.850903 	 0.00248811 	 0.00518132
1065 	 4120 	 0.850903 	 0.00248811 	 0.00518132
1065 	 4125 	 0.850903 	 0.00248811 	 0.00518132
1065 	 4130 	 0.850903 	 0.00248811 	 0.00518132
1065 	 4135 	 0.850903 	 0.00248811 	 0.00518132
1065 	 4140 	 0.850903 	 0.00248811 	 0.00518132
1065 	 4145 	 0.850903 	 0.00248811 	 0.00518132
1065 	 4150 	 0.850903 	 0.00248811 	 0.00518132
1065 	 4155 	 0.850903 	 0.00248811 	 0.00518132
1065 	 4160 	 0.850903 	 0.00248811 	 0.00518132
1065 	 4165 	 0.850903 	 0.00248811 	 0.00518132
1065 	 4170 	 0.850903 	 0.00248811 	 0.00518132
1065 	 4175 	 0.850903 	 0.00248811 	 0.00518132
1065 	 4180 	 0.850903 	 0.00248811 	 0.00518132
1065 	 4185 	 0.850903 	 0.00248811 	 0.00518132
1065 	 4190 	 0.850903 	 0.00248811 	 0.00518132
1065 	 4195 	 0.850903 	 0.00248811 	 0.00518132
1065 	 4200 	 0.850903 	 0.00248811 	 0.00518132
1065 	 4205 	 0.850903 	 0.00248811 	 0.00518132
1065 	 4210 	 0.850903 	 0.00248811 	 0.00518132
1065 	 4215 	 0.850903 	 0.00248811 	 0.00518132
1065 	 4220 	 0.850903 	 0.00248811 	 0.00518132
1065 	 4225 	 0.850903 	 0.00248811 	 0.00518132
1065 	 4230 	 0.850903 	 0.00248811 	 0.00518132
1065 	 4235 	 0.850903 	 0.00248811 	 0.00518132
1065 	 4240 	 0.850903 	 0.00248811 	 0.00518132
1065 	 4245 	 0.850903 	 0.00248811 	 0.00518132
1065 	 4250 	 0.850903 	 0.00248811 	 0.00518132
1065 	 4255 	 0.850903 	 0.00248811 	 0.00518132
1065 	 4260 	 0.850903 	 0.00248811 	 0.00518132
1065 	 4265 	 0.850903 	 0.00248811 	 0.00518132
1065 	 4270 	 0.850903 	 0.00248811 	 0.00518132
1065 	 4275 	 0.850903 	 0.00248811 	 0.00518132
1065 	 4280 	 0.850903 	 0.00248811 	 0.00518132
1065 	 4285 	 0.850903 	 0.00248811 	 0.00518132
1065 	 4290 	 0.850903 	 0.00248811 	 0.00518132
1065 	 4295 	 0.850903 	 0.00248811 	 0.00518132
1065 	 4300 	 0.850903 	 0.00248811 	 0.00518132
1065 	 4305 	 0.850903 	 0.00248811 	 0.00518132
1065 	 4310 	 0.850903 	 0.00248811 	 0.00518132
1065 	 4315 	 0.850903 	 0.00248811 	 0.00518132
1065 	 4320 	 0.850903 	 0.00248811 	 0.00518132
1065 	 4325 	 0.850903 	 0.00248811 	 0.00518132
1065 	 4330 	 0.850903 	 0.00248811 	 0.00518132
1065 	 4335 	 0.850903 	 0.00248811 	 0.00518132
1065 	 4340 	 0.850903 	 0.00248811 	 0.00518132
1065 	 4345 	 0.850903 	 0.00248811 	 0.00518132
1065 	 4350 	 0.850903 	 0.00248811 	 0.00518132
1065 	 4355 	 0.850903 	 0.00248811 	 0.00518132
1065 	 4360 	 0.850903 	 0.00248811 	 0.00518132
1065 	 4365 	 0.850903 	 0.00248811 	 0.00518132
1065 	 4370 	 0.850903 	 0.00248811 	 0.00518132
1065 	 4375 	 0.850903 	 0.00248811 	 0.00518132
1065 	 4380 	 0.850903 	 0.00248811 	 0.00518132
1065 	 4385 	 0.850903 	 0.00248811 	 0.00518132
1065 	 4390 	 0.850903 	 0.00248811 	 0.00518132
1065 	 4395 	 0.850903 	 0.00248811 	 0.00518132
1065 	 4400 	 0.850903 	 0.00248811 	 0.00518132
1065 	 4405 	 0.850903 	 0.00248811 	 0.00518132
1065 	 4410 	 0.850903 	 0.00248811 	 0.00518132
1065 	 4415 	 0.850903 	 0.00248811 	 0.00518132
1065 	 4420 	 0.850903 	 0.00248811 	 0.00518132
1065 	 4425 	 0.850903 	 0.00248811 	 0.00518132
1065 	 4430 	 0.850903 	 0.00248811 	 0.00518132
1065 	 4435 	 0.850903 	 0.00248811 	 0.00518132
1065 	 4440 	 0.850903 	 0.00248811 	 0.00518132
1065 	 4445 	 0.850903 	 0.00248811 	 0.00518132
1065 	 4450 	 0.850903 	 0.00248811 	 0.00518132
1065 	 4455 	 0.850903 	 0.00248811 	 0.00518132
1065 	 4460 	 0.850903 	 0.00248811 	 0.00518132
1065 	 4465 	 0.850903 	 0.00248811 	 0.00518132
1065 	 4470 	 0.850903 	 0.00248811 	 0.00518132
1065 	 4475 	 0.850903 	 0.00248811 	 0.00518132
1065 	 4480 	 0.850903 	 0.00248811 	 0.00518132
1065 	 4485 	 0.850903 	 0.00248811 	 0.00518132
1065 	 4490 	 0.850903 	 0.00248811 	 0.00518132
1065 	 4495 	 0.850903 	 0.00248811 	 0.00518132
1065 	 4500 	 0.850903 	 0.00248811 	 0.00518132
1065 	 4505 	 0.850903 	 0.00248811 	 0.00518132
1065 	 4510 	 0.850903 	 0.00248811 	 0.00518132
1065 	 4515 	 0.850903 	 0.00248811 	 0.00518132
1065 	 4520 	 0.850903 	 0.00248811 	 0.00518132
1065 	 4525 	 0.850903 	 0.00248811 	 0.00518132
1065 	 4530 	 0.850903 	 0.00248811 	 0.00518132
1065 	 4535 	 0.850903 	 0.00248811 	 0.00518132
1065 	 4540 	 0.850903 	 0.00248811 	 0.00518132
1065 	 4545 	 0.850903 	 0.00248811 	 0.00518132
1065 	 4550 	 0.850903 	 0.00248811 	 0.00518132
1065 	 4555 	 0.850903 	 0.00248811 	 0.00518132
1065 	 4560 	 0.850903 	 0.00248811 	 0.00518132
1065 	 4565 	 0.850903 	 0.00248811 	 0.00518132
1065 	 4570 	 0.850903 	 0.00248811 	 0.00518132
1065 	 4575 	 0.850903 	 0.00248811 	 0.00518132
1065 	 4580 	 0.850903 	 0.00248811 	 0.00518132
1065 	 4585 	 0.850903 	 0.00248811 	 0.00518132
1065 	 4590 	 0.850903 	 0.00248811 	 0.00518132
1065 	 4595 	 0.850903 	 0.00248811 	 0.00518132
1065 	 4600 	 0.850903 	 0.00248811 	 0.00518132
1065 	 4605 	 0.850903 	 0.00248811 	 0.00518132
1065 	 4610 	 0.850903 	 0.00248811 	 0.00518132
1065 	 4615 	 0.850903 	 0.00248811 	 0.00518132
1065 	 4620 	 0.850903 	 0.00248811 	 0.00518132
1065 	 4625 	 0.850903 	 0.00248811 	 0.00518132
1065 	 4630 	 0.850903 	 0.00248811 	 0.00518132
1065 	 4635 	 0.850903 	 0.00248811 	 0.00518132
1065 	 4640 	 0.850903 	 0.00248811 	 0.00518132
1065 	 4645 	 0.850903 	 0.00248811 	 0.00518132
1065 	 4650 	 0.850903 	 0.00248811 	 0.00518132
1065 	 4655 	 0.850903 	 0.00248811 	 0.00518132
1065 	 4660 	 0.850903 	 0.00248811 	 0.00518132
1065 	 4665 	 0.850903 	 0.00248811 	 0.00518132
1065 	 4670 	 0.850903 	 0.00248811 	 0.00518132
1065 	 4675 	 0.850903 	 0.00248811 	 0.00518132
1065 	 4680 	 0.850903 	 0.00248811 	 0.00518132
1065 	 4685 	 0.850903 	 0.00248811 	 0.00518132
1065 	 4690 	 0.850903 	 0.00248811 	 0.00518132
1065 	 4695 	 0.850903 	 0.00248811 	 0.00518132
1065 	 4700 	 0.850903 	 0.00248811 	 0.00518132
1065 	 4705 	 0.850903 	 0.00248811 	 0.00518132
1065 	 4710 	 0.850903 	 0.00248811 	 0.00518132
1065 	 4715 	 0.850903 	 0.00248811 	 0.00518132
1065 	 4720 	 0.850903 	 0.00248811 	 0.00518132
1065 	 4725 	 0.850903 	 0.00248811 	 0.00518132
1065 	 4730 	 0.850903 	 0.00248811 	 0.00518132
1065 	 4735 	 0.850903 	 0.00248811 	 0.00518132
1065 	 4740 	 0.850903 	 0.00248811 	 0.00518132
1065 	 4745 	 0.850903 	 0.00248811 	 0.00518132
1065 	 4750 	 0.850903 	 0.00248811 	 0.00518132
1065 	 4755 	 0.850903 	 0.00248811 	 0.00518132
1065 	 4760 	 0.850903 	 0.00248811 	 0.00518132
1065 	 4765 	 0.850903 	 0.00248811 	 0.00518132
1065 	 4770 	 0.850903 	 0.00248811 	 0.00518132
1065 	 4775 	 0.850903 	 0.00248811 	 0.00518132
1065 	 4780 	 0.850903 	 0.00248811 	 0.00518132
1065 	 4785 	 0.850903 	 0.00248811 	 0.00518132
1065 	 4790 	 0.850903 	 0.00248811 	 0.00518132
1065 	 4795 	 0.850903 	 0.00248811 	 0.00518132
1065 	 4800 	 0.850903 	 0.00248811 	 0.00518132
1065 	 4805 	 0.850903 	 0.00248811 	 0.00518132
1065 	 4810 	 0.850903 	 0.00248811 	 0.00518132
1065 	 4815 	 0.850903 	 0.00248811 	 0.00518132
1065 	 4820 	 0.850903 	 0.00248811 	 0.00518132
1065 	 4825 	 0.850903 	 0.00248811 	 0.00518132
1065 	 4830 	 0.850903 	 0.00248811 	 0.00518132
1065 	 4835 	 0.850903 	 0.00248811 	 0.00518132
1065 	 4840 	 0.850903 	 0.00248811 	 0.00518132
1065 	 4845 	 0.850903 	 0.00248811 	 0.00518132
1065 	 4850 	 0.850903 	 0.00248811 	 0.00518132
1065 	 4855 	 0.850903 	 0.00248811 	 0.00518132
1065 	 4860 	 0.850903 	 0.00248811 	 0.00518132
1065 	 4865 	 0.850903 	 0.00248811 	 0.00518132
1065 	 4870 	 0.850903 	 0.00248811 	 0.00518132
1065 	 4875 	 0.850903 	 0.00248811 	 0.00518132
1065 	 4880 	 0.850903 	 0.00248811 	 0.00518132
1065 	 4885 	 0.850903 	 0.00248811 	 0.00518132
1065 	 4890 	 0.850903 	 0.00248811 	 0.00518132
1065 	 4895 	 0.850903 	 0.00248811 	 0.00518132
1065 	 4900 	 0.850903 	 0.00248811 	 0.00518132
1065 	 4905 	 0.850903 	 0.00248811 	 0.00518132
1065 	 4910 	 0.850903 	 0.00248811 	 0.00518132
1065 	 4915 	 0.850903 	 0.00248811 	 0.00518132
1065 	 4920 	 0.850903 	 0.00248811 	 0.00518132
1065 	 4925 	 0.850903 	 0.00248811 	 0.00518132
1065 	 4930 	 0.850903 	 0.00248811 	 0.00518132
1065 	 4935 	 0.850903 	 0.00248811 	 0.00518132
1065 	 4940 	 0.850903 	 0.00248811 	 0.00518132
1065 	 4945 	 0.850903 	 0.00248811 	 0.00518132
1065 	 4950 	 0.850903 	 0.00248811 	 0.00518132
1065 	 4955 	 0.850903 	 0.00248811 	 0.00518132
1065 	 4960 	 0.850903 	 0.00248811 	 0.00518132
1065 	 4965 	 0.850903 	 0.00248811 	 0.00518132
1065 	 4970 	 0.850903 	 0.00248811 	 0.00518132
1065 	 4975 	 0.850903 	 0.00248811 	 0.00518132
1065 	 4980 	 0.850903 	 0.00248811 	 0.00518132
1065 	 4985 	 0.850903 	 0.00248811 	 0.00518132
1065 	 4990 	 0.850903 	 0.00248811 	 0.00518132
1065 	 4995 	 0.850903 	 0.00248811 	 0.00518132
1065 	 5000 	 0.850903 	 0.00248811 	 0.00518132
