815 	 5 	 0.733941 	 0.00302913 	 0.00630794
815 	 10 	 0.733941 	 0.00302898 	 0.00630763
815 	 15 	 0.733941 	 0.00302776 	 0.00630511
815 	 20 	 0.733946 	 0.00301838 	 0.00628557
815 	 25 	 0.733994 	 0.00295312 	 0.00614966
815 	 30 	 0.734454 	 0.00268846 	 0.00559853
815 	 35 	 0.738649 	 0.00430632 	 0.00896761
815 	 40 	 0.76401 	 0.00255074 	 0.00531173
815 	 45 	 0.802337 	 0.0101564 	 0.0211499
815 	 50 	 0.813266 	 0.00242304 	 0.00504581
815 	 55 	 0.815359 	 0.00132765 	 0.00276474
815 	 60 	 0.816352 	 0.00134766 	 0.0028064
815 	 65 	 0.81721 	 0.00125477 	 0.00261297
815 	 70 	 0.818035 	 0.00115905 	 0.00241364
815 	 75 	 0.818839 	 0.00108271 	 0.00225467
815 	 80 	 0.819622 	 0.00102923 	 0.00214329
815 	 85 	 0.820386 	 0.000998776 	 0.00207988
815 	 90 	 0.821131 	 0.000990017 	 0.00206164
815 	 95 	 0.821857 	 0.0010004 	 0.00208326
815 	 100 	 0.822566 	 0.00102661 	 0.00213784
815 	 105 	 0.823256 	 0.0010651 	 0.00221799
815 	 110 	 0.82393 	 0.00111256 	 0.00231682
815 	 115 	 0.824587 	 0.00116615 	 0.00242843
815 	 120 	 0.825227 	 0.00122359 	 0.00254804
815 	 125 	 0.825852 	 0.00128309 	 0.00267195
815 	 130 	 0.826461 	 0.00134333 	 0.00279738
815 	 135 	 0.827055 	 0.00140328 	 0.00292224
815 	 140 	 0.827634 	 0.00146224 	 0.00304501
815 	 145 	 0.828199 	 0.00151966 	 0.00316458
815 	 150 	 0.82875 	 0.00157516 	 0.00328017
815 	 155 	 0.829287 	 0.0016285 	 0.00339123
815 	 160 	 0.829811 	 0.00167948 	 0.0034974
815 	 165 	 0.830321 	 0.00172801 	 0.00359845
815 	 170 	 0.830819 	 0.00177401 	 0.00369426
815 	 175 	 0.831305 	 0.00181747 	 0.00378476
815 	 180 	 0.831778 	 0.0018584 	 0.00386998
815 	 185 	 0.83224 	 0.0018968 	 0.00394996
815 	 190 	 0.832691 	 0.00193274 	 0.0040248
815 	 195 	 0.83313 	 0.00196626 	 0.0040946
815 	 200 	 0.833558 	 0.00199743 	 0.0041595
815 	 205 	 0.833975 	 0.00202631 	 0.00421964
815 	 210 	 0.834383 	 0.00205298 	 0.00427518
815 	 215 	 0.83478 	 0.00207752 	 0.00432629
815 	 220 	 0.835167 	 0.00210001 	 0.00437312
815 	 225 	 0.835545 	 0.00212053 	 0.00441585
815 	 230 	 0.835913 	 0.00213916 	 0.00445464
815 	 235 	 0.836272 	 0.00215598 	 0.00448968
815 	 240 	 0.836622 	 0.00217108 	 0.00452112
815 	 245 	 0.836963 	 0.00218453 	 0.00454914
815 	 250 	 0.837296 	 0.00219642 	 0.00457389
815 	 255 	 0.837621 	 0.00220682 	 0.00459554
815 	 260 	 0.837937 	 0.0022158 	 0.00461426
815 	 265 	 0.838246 	 0.00222345 	 0.00463018
815 	 270 	 0.838547 	 0.00222983 	 0.00464347
815 	 275 	 0.838841 	 0.00223502 	 0.00465427
815 	 280 	 0.839127 	 0.00223908 	 0.00466272
815 	 285 	 0.839406 	 0.00224207 	 0.00466896
815 	 290 	 0.839678 	 0.00224408 	 0.00467313
815 	 295 	 0.839944 	 0.00224515 	 0.00467536
815 	 300 	 0.840203 	 0.00224534 	 0.00467577
815 	 305 	 0.840455 	 0.00224473 	 0.00467449
815 	 310 	 0.840701 	 0.00224335 	 0.00467162
815 	 315 	 0.840941 	 0.00224128 	 0.0046673
815 	 320 	 0.841175 	 0.00223855 	 0.00466162
815 	 325 	 0.841404 	 0.00223522 	 0.0046547
815 	 330 	 0.841626 	 0.00223135 	 0.00464662
815 	 335 	 0.841843 	 0.00222697 	 0.0046375
815 	 340 	 0.842055 	 0.00222213 	 0.00462743
815 	 345 	 0.842261 	 0.00221688 	 0.00461649
815 	 350 	 0.842463 	 0.00221125 	 0.00460478
815 	 355 	 0.842659 	 0.00220529 	 0.00459237
815 	 360 	 0.84285 	 0.00219904 	 0.00457935
815 	 365 	 0.843037 	 0.00219253 	 0.00456579
815 	 370 	 0.843219 	 0.00218579 	 0.00455176
815 	 375 	 0.843396 	 0.00217887 	 0.00453734
815 	 380 	 0.843569 	 0.00217178 	 0.00452259
815 	 385 	 0.843738 	 0.00216457 	 0.00450757
815 	 390 	 0.843903 	 0.00215726 	 0.00449234
815 	 395 	 0.844063 	 0.00214987 	 0.00447696
815 	 400 	 0.844219 	 0.00214244 	 0.00446149
815 	 405 	 0.844372 	 0.00213499 	 0.00444596
815 	 410 	 0.844521 	 0.00212754 	 0.00443045
815 	 415 	 0.844666 	 0.00212011 	 0.00441497
815 	 420 	 0.844807 	 0.00211272 	 0.00439959
815 	 425 	 0.844945 	 0.0021054 	 0.00438434
815 	 430 	 0.84508 	 0.00209815 	 0.00436926
815 	 435 	 0.845211 	 0.00209101 	 0.00435437
815 	 440 	 0.845339 	 0.00208397 	 0.00433973
815 	 445 	 0.845464 	 0.00207706 	 0.00432534
815 	 450 	 0.845585 	 0.0020703 	 0.00431125
815 	 455 	 0.845704 	 0.00206368 	 0.00429748
815 	 460 	 0.84582 	 0.00205723 	 0.00428405
815 	 465 	 0.845933 	 0.00205096 	 0.00427098
815 	 470 	 0.846043 	 0.00204487 	 0.00425829
815 	 475 	 0.84615 	 0.00203896 	 0.004246
815 	 480 	 0.846255 	 0.00203326 	 0.00423412
815 	 485 	 0.846357 	 0.00202776 	 0.00422268
815 	 490 	 0.846456 	 0.00202248 	 0.00421167
815 	 495 	 0.846553 	 0.00201741 	 0.00420111
815 	 500 	 0.846648 	 0.00201256 	 0.00419101
815 	 505 	 0.84674 	 0.00200793 	 0.00418138
815 	 510 	 0.84683 	 0.00200353 	 0.00417222
815 	 515 	 0.846917 	 0.00199936 	 0.00416353
815 	 520 	 0.847003 	 0.00199542 	 0.00415532
815 	 525 	 0.847086 	 0.00199171 	 0.00414759
815 	 530 	 0.847168 	 0.00198822 	 0.00414034
815 	 535 	 0.847247 	 0.00198497 	 0.00413356
815 	 540 	 0.847324 	 0.00198195 	 0.00412727
815 	 545 	 0.8474 	 0.00197915 	 0.00412144
815 	 550 	 0.847473 	 0.00197658 	 0.00411609
815 	 555 	 0.847545 	 0.00197423 	 0.0041112
815 	 560 	 0.847615 	 0.00197211 	 0.00410677
815 	 565 	 0.847683 	 0.0019702 	 0.0041028
815 	 570 	 0.84775 	 0.0019685 	 0.00409927
815 	 575 	 0.847815 	 0.00196702 	 0.00409618
815 	 580 	 0.847878 	 0.00196574 	 0.00409352
815 	 585 	 0.847939 	 0.00196467 	 0.00409128
815 	 590 	 0.848 	 0.00196379 	 0.00408945
815 	 595 	 0.848058 	 0.00196311 	 0.00408803
815 	 600 	 0.848115 	 0.00196261 	 0.004087
815 	 605 	 0.848171 	 0.0019623 	 0.00408636
815 	 610 	 0.848225 	 0.00196217 	 0.00408608
815 	 615 	 0.848278 	 0.00196221 	 0.00408617
815 	 620 	 0.84833 	 0.00196242 	 0.00408661
815 	 625 	 0.848381 	 0.0019628 	 0.00408739
815 	 630 	 0.84843 	 0.00196333 	 0.0040885
815 	 635 	 0.848478 	 0.00196401 	 0.00408992
815 	 640 	 0.848524 	 0.00196485 	 0.00409165
815 	 645 	 0.84857 	 0.00196582 	 0.00409368
815 	 650 	 0.848615 	 0.00196693 	 0.00409599
815 	 655 	 0.848658 	 0.00196817 	 0.00409857
815 	 660 	 0.8487 	 0.00196953 	 0.00410141
815 	 665 	 0.848741 	 0.00197101 	 0.0041045
815 	 670 	 0.848782 	 0.00197261 	 0.00410783
815 	 675 	 0.848821 	 0.00197432 	 0.00411138
815 	 680 	 0.848859 	 0.00197613 	 0.00411516
815 	 685 	 0.848896 	 0.00197804 	 0.00411914
815 	 690 	 0.848933 	 0.00198005 	 0.00412331
815 	 695 	 0.848968 	 0.00198214 	 0.00412767
815 	 700 	 0.849003 	 0.00198432 	 0.00413221
815 	 705 	 0.849036 	 0.00198658 	 0.00413691
815 	 710 	 0.849069 	 0.00198891 	 0.00414177
815 	 715 	 0.849101 	 0.00199131 	 0.00414677
815 	 720 	 0.849132 	 0.00199378 	 0.00415191
815 	 725 	 0.849163 	 0.00199631 	 0.00415718
815 	 730 	 0.849193 	 0.0019989 	 0.00416257
815 	 735 	 0.849222 	 0.00200154 	 0.00416807
815 	 740 	 0.84925 	 0.00200423 	 0.00417367
815 	 745 	 0.849277 	 0.00200697 	 0.00417937
815 	 750 	 0.849304 	 0.00200975 	 0.00418515
815 	 755 	 0.849331 	 0.00201256 	 0.00419102
815 	 760 	 0.849356 	 0.00201541 	 0.00419695
815 	 765 	 0.849381 	 0.00201829 	 0.00420295
815 	 770 	 0.849405 	 0.0020212 	 0.00420901
815 	 775 	 0.849429 	 0.00202414 	 0.00421513
815 	 780 	 0.849452 	 0.0020271 	 0.00422128
815 	 785 	 0.849475 	 0.00203007 	 0.00422748
815 	 790 	 0.849497 	 0.00203306 	 0.00423371
815 	 795 	 0.849518 	 0.00203607 	 0.00423997
815 	 800 	 0.849539 	 0.00203908 	 0.00424625
815 	 805 	 0.849559 	 0.00204211 	 0.00425255
815 	 810 	 0.849579 	 0.00204514 	 0.00425886
815 	 815 	 0.849599 	 0.00204817 	 0.00426518
815 	 820 	 0.849617 	 0.00205121 	 0.0042715
815 	 825 	 0.849636 	 0.00205424 	 0.00427782
815 	 830 	 0.849654 	 0.00205728 	 0.00428414
815 	 835 	 0.849671 	 0.00206031 	 0.00429044
815 	 840 	 0.849688 	 0.00206333 	 0.00429674
815 	 845 	 0.849705 	 0.00206634 	 0.00430301
815 	 850 	 0.849721 	 0.00206935 	 0.00430927
815 	 855 	 0.849737 	 0.00207234 	 0.00431551
815 	 860 	 0.849753 	 0.00207532 	 0.00432171
815 	 865 	 0.849768 	 0.00207829 	 0.00432789
815 	 870 	 0.849782 	 0.00208124 	 0.00433404
815 	 875 	 0.849797 	 0.00208418 	 0.00434015
815 	 880 	 0.849811 	 0.0020871 	 0.00434623
815 	 885 	 0.849824 	 0.00209 	 0.00435227
815 	 890 	 0.849838 	 0.00209287 	 0.00435826
815 	 895 	 0.849851 	 0.00209573 	 0.00436422
815 	 900 	 0.849863 	 0.00209857 	 0.00437012
815 	 905 	 0.849875 	 0.00210138 	 0.00437599
815 	 910 	 0.849888 	 0.00210418 	 0.0043818
815 	 915 	 0.849899 	 0.00210694 	 0.00438756
815 	 920 	 0.849911 	 0.00210969 	 0.00439327
815 	 925 	 0.849922 	 0.0021124 	 0.00439893
815 	 930 	 0.849933 	 0.00211509 	 0.00440453
815 	 935 	 0.849943 	 0.00211776 	 0.00441008
815 	 940 	 0.849954 	 0.0021204 	 0.00441558
815 	 945 	 0.849964 	 0.00212301 	 0.00442101
815 	 950 	 0.849973 	 0.00212559 	 0.00442639
815 	 955 	 0.849983 	 0.00212814 	 0.00443171
815 	 960 	 0.849992 	 0.00213067 	 0.00443697
815 	 965 	 0.850001 	 0.00213317 	 0.00444217
815 	 970 	 0.85001 	 0.00213563 	 0.00444731
815 	 975 	 0.850019 	 0.00213807 	 0.00445238
815 	 980 	 0.850027 	 0.00214048 	 0.0044574
815 	 985 	 0.850036 	 0.00214286 	 0.00446236
815 	 990 	 0.850044 	 0.00214521 	 0.00446725
815 	 995 	 0.850052 	 0.00214753 	 0.00447208
815 	 1000 	 0.850059 	 0.00214982 	 0.00447685
815 	 1005 	 0.850067 	 0.00215208 	 0.00448156
815 	 1010 	 0.850074 	 0.00215431 	 0.0044862
815 	 1015 	 0.850081 	 0.00215651 	 0.00449078
815 	 1020 	 0.850088 	 0.00215868 	 0.0044953
815 	 1025 	 0.850095 	 0.00216082 	 0.00449976
815 	 1030 	 0.850101 	 0.00216293 	 0.00450415
815 	 1035 	 0.850108 	 0.00216501 	 0.00450848
815 	 1040 	 0.850114 	 0.00216706 	 0.00451275
815 	 1045 	 0.85012 	 0.00216908 	 0.00451696
815 	 1050 	 0.850126 	 0.00217107 	 0.00452111
815 	 1055 	 0.850132 	 0.00217304 	 0.00452519
815 	 1060 	 0.850137 	 0.00217497 	 0.00452922
815 	 1065 	 0.850143 	 0.00217687 	 0.00453318
815 	 1070 	 0.850148 	 0.00217875 	 0.00453709
815 	 1075 	 0.850153 	 0.00218059 	 0.00454093
815 	 1080 	 0.850158 	 0.00218241 	 0.00454472
815 	 1085 	 0.850163 	 0.0021842 	 0.00454844
815 	 1090 	 0.850168 	 0.00218596 	 0.00455211
815 	 1095 	 0.850173 	 0.0021877 	 0.00455572
815 	 1100 	 0.850178 	 0.0021894 	 0.00455928
815 	 1105 	 0.850182 	 0.00219108 	 0.00456277
815 	 1110 	 0.850187 	 0.00219273 	 0.00456621
815 	 1115 	 0.850191 	 0.00219436 	 0.00456959
815 	 1120 	 0.850195 	 0.00219595 	 0.00457292
815 	 1125 	 0.850199 	 0.00219753 	 0.00457619
815 	 1130 	 0.850203 	 0.00219907 	 0.00457941
815 	 1135 	 0.850207 	 0.00220059 	 0.00458258
815 	 1140 	 0.850211 	 0.00220209 	 0.00458569
815 	 1145 	 0.850214 	 0.00220356 	 0.00458875
815 	 1150 	 0.850218 	 0.002205 	 0.00459176
815 	 1155 	 0.850221 	 0.00220642 	 0.00459472
815 	 1160 	 0.850225 	 0.00220782 	 0.00459762
815 	 1165 	 0.850228 	 0.00220919 	 0.00460048
815 	 1170 	 0.850231 	 0.00221053 	 0.00460328
815 	 1175 	 0.850235 	 0.00221186 	 0.00460604
815 	 1180 	 0.850238 	 0.00221316 	 0.00460875
815 	 1185 	 0.850241 	 0.00221444 	 0.00461141
815 	 1190 	 0.850244 	 0.00221569 	 0.00461403
815 	 1195 	 0.850246 	 0.00221693 	 0.0046166
815 	 1200 	 0.850249 	 0.00221814 	 0.00461912
815 	 1205 	 0.850252 	 0.00221933 	 0.0046216
815 	 1210 	 0.850255 	 0.0022205 	 0.00462403
815 	 1215 	 0.850257 	 0.00222164 	 0.00462642
815 	 1220 	 0.85026 	 0.00222277 	 0.00462876
815 	 1225 	 0.850262 	 0.00222388 	 0.00463107
815 	 1230 	 0.850265 	 0.00222496 	 0.00463333
815 	 1235 	 0.850267 	 0.00222603 	 0.00463555
815 	 1240 	 0.850269 	 0.00222708 	 0.00463773
815 	 1245 	 0.850271 	 0.0022281 	 0.00463987
815 	 1250 	 0.850274 	 0.00222911 	 0.00464197
815 	 1255 	 0.850276 	 0.0022301 	 0.00464403
815 	 1260 	 0.850278 	 0.00223107 	 0.00464605
815 	 1265 	 0.85028 	 0.00223202 	 0.00464803
815 	 1270 	 0.850282 	 0.00223296 	 0.00464998
815 	 1275 	 0.850284 	 0.00223388 	 0.00465189
815 	 1280 	 0.850286 	 0.00223478 	 0.00465377
815 	 1285 	 0.850287 	 0.00223566 	 0.00465561
815 	 1290 	 0.850289 	 0.00223653 	 0.00465741
815 	 1295 	 0.850291 	 0.00223738 	 0.00465918
815 	 1300 	 0.850293 	 0.00223821 	 0.00466092
815 	 1305 	 0.850294 	 0.00223903 	 0.00466262
815 	 1310 	 0.850296 	 0.00223983 	 0.00466429
815 	 1315 	 0.850297 	 0.00224062 	 0.00466593
815 	 1320 	 0.850299 	 0.00224139 	 0.00466754
815 	 1325 	 0.8503 	 0.00224215 	 0.00466911
815 	 1330 	 0.850302 	 0.00224289 	 0.00467066
815 	 1335 	 0.850303 	 0.00224362 	 0.00467217
815 	 1340 	 0.850305 	 0.00224433 	 0.00467366
815 	 1345 	 0.850306 	 0.00224503 	 0.00467512
815 	 1350 	 0.850307 	 0.00224571 	 0.00467654
815 	 1355 	 0.850309 	 0.00224639 	 0.00467794
815 	 1360 	 0.85031 	 0.00224705 	 0.00467932
815 	 1365 	 0.850311 	 0.00224769 	 0.00468066
815 	 1370 	 0.850312 	 0.00224833 	 0.00468198
815 	 1375 	 0.850313 	 0.00224895 	 0.00468328
815 	 1380 	 0.850314 	 0.00224956 	 0.00468454
815 	 1385 	 0.850316 	 0.00225015 	 0.00468579
815 	 1390 	 0.850317 	 0.00225074 	 0.004687
815 	 1395 	 0.850318 	 0.00225131 	 0.0046882
815 	 1400 	 0.850319 	 0.00225187 	 0.00468937
815 	 1405 	 0.85032 	 0.00225242 	 0.00469051
815 	 1410 	 0.850321 	 0.00225296 	 0.00469164
815 	 1415 	 0.850322 	 0.00225349 	 0.00469274
815 	 1420 	 0.850323 	 0.00225401 	 0.00469382
815 	 1425 	 0.850323 	 0.00225452 	 0.00469487
815 	 1430 	 0.850324 	 0.00225501 	 0.00469591
815 	 1435 	 0.850325 	 0.0022555 	 0.00469693
815 	 1440 	 0.850326 	 0.00225598 	 0.00469792
815 	 1445 	 0.850327 	 0.00225645 	 0.00469889
815 	 1450 	 0.850328 	 0.00225691 	 0.00469985
815 	 1455 	 0.850328 	 0.00225736 	 0.00470078
815 	 1460 	 0.850329 	 0.00225779 	 0.0047017
815 	 1465 	 0.85033 	 0.00225823 	 0.0047026
815 	 1470 	 0.850331 	 0.00225865 	 0.00470348
815 	 1475 	 0.850331 	 0.00225906 	 0.00470434
815 	 1480 	 0.850332 	 0.00225947 	 0.00470518
815 	 1485 	 0.850333 	 0.00225986 	 0.00470601
815 	 1490 	 0.850333 	 0.00226025 	 0.00470682
815 	 1495 	 0.850334 	 0.00226063 	 0.00470761
815 	 1500 	 0.850335 	 0.002261 	 0.00470838
815 	 1505 	 0.850335 	 0.00226137 	 0.00470914
815 	 1510 	 0.850336 	 0.00226173 	 0.00470989
815 	 1515 	 0.850336 	 0.00226208 	 0.00471062
815 	 1520 	 0.850337 	 0.00226242 	 0.00471133
815 	 1525 	 0.850337 	 0.00226276 	 0.00471203
815 	 1530 	 0.850338 	 0.00226308 	 0.00471272
815 	 1535 	 0.850338 	 0.00226341 	 0.00471339
815 	 1540 	 0.850339 	 0.00226372 	 0.00471404
815 	 1545 	 0.850339 	 0.00226403 	 0.00471468
815 	 1550 	 0.85034 	 0.00226433 	 0.00471531
815 	 1555 	 0.85034 	 0.00226463 	 0.00471593
815 	 1560 	 0.850341 	 0.00226492 	 0.00471653
815 	 1565 	 0.850341 	 0.0022652 	 0.00471712
815 	 1570 	 0.850342 	 0.00226548 	 0.0047177
815 	 1575 	 0.850342 	 0.00226575 	 0.00471827
815 	 1580 	 0.850343 	 0.00226602 	 0.00471882
815 	 1585 	 0.850343 	 0.00226628 	 0.00471937
815 	 1590 	 0.850343 	 0.00226653 	 0.0047199
815 	 1595 	 0.850344 	 0.00226678 	 0.00472042
815 	 1600 	 0.850344 	 0.00226703 	 0.00472093
815 	 1605 	 0.850344 	 0.00226727 	 0.00472142
815 	 1610 	 0.850345 	 0.0022675 	 0.00472191
815 	 1615 	 0.850345 	 0.00226773 	 0.00472239
815 	 1620 	 0.850346 	 0.00226795 	 0.00472286
815 	 1625 	 0.850346 	 0.00226817 	 0.00472331
815 	 1630 	 0.850346 	 0.00226839 	 0.00472376
815 	 1635 	 0.850346 	 0.0022686 	 0.0047242
815 	 1640 	 0.850347 	 0.00226881 	 0.00472463
815 	 1645 	 0.850347 	 0.00226901 	 0.00472505
815 	 1650 	 0.850347 	 0.0022692 	 0.00472546
815 	 1655 	 0.850348 	 0.0022694 	 0.00472586
815 	 1660 	 0.850348 	 0.00226959 	 0.00472625
815 	 1665 	 0.850348 	 0.00226977 	 0.00472664
815 	 1670 	 0.850348 	 0.00226995 	 0.00472702
815 	 1675 	 0.850349 	 0.00227013 	 0.00472739
815 	 1680 	 0.850349 	 0.0022703 	 0.00472775
815 	 1685 	 0.850349 	 0.00227047 	 0.0047281
815 	 1690 	 0.850349 	 0.00227064 	 0.00472845
815 	 1695 	 0.85035 	 0.0022708 	 0.00472878
815 	 1700 	 0.85035 	 0.00227096 	 0.00472911
815 	 1705 	 0.85035 	 0.00227112 	 0.00472944
815 	 1710 	 0.85035 	 0.00227127 	 0.00472975
815 	 1715 	 0.850351 	 0.00227142 	 0.00473006
815 	 1720 	 0.850351 	 0.00227156 	 0.00473037
815 	 1725 	 0.850351 	 0.0022717 	 0.00473066
815 	 1730 	 0.850351 	 0.00227184 	 0.00473096
815 	 1735 	 0.850351 	 0.00227198 	 0.00473124
815 	 1740 	 0.850351 	 0.00227211 	 0.00473152
815 	 1745 	 0.850352 	 0.00227224 	 0.00473179
815 	 1750 	 0.850352 	 0.00227237 	 0.00473206
815 	 1755 	 0.850352 	 0.0022725 	 0.00473232
815 	 1760 	 0.850352 	 0.00227262 	 0.00473257
815 	 1765 	 0.850352 	 0.00227274 	 0.00473282
815 	 1770 	 0.850353 	 0.00227286 	 0.00473306
815 	 1775 	 0.850353 	 0.00227297 	 0.0047333
815 	 1780 	 0.850353 	 0.00227308 	 0.00473353
815 	 1785 	 0.850353 	 0.00227319 	 0.00473376
815 	 1790 	 0.850353 	 0.0022733 	 0.00473399
815 	 1795 	 0.850353 	 0.0022734 	 0.0047342
815 	 1800 	 0.850353 	 0.00227351 	 0.00473442
815 	 1805 	 0.850354 	 0.00227361 	 0.00473463
815 	 1810 	 0.850354 	 0.0022737 	 0.00473483
815 	 1815 	 0.850354 	 0.0022738 	 0.00473503
815 	 1820 	 0.850354 	 0.00227389 	 0.00473523
815 	 1825 	 0.850354 	 0.00227399 	 0.00473542
815 	 1830 	 0.850354 	 0.00227408 	 0.0047356
815 	 1835 	 0.850354 	 0.00227416 	 0.00473579
815 	 1840 	 0.850354 	 0.00227425 	 0.00473597
815 	 1845 	 0.850354 	 0.00227433 	 0.00473614
815 	 1850 	 0.850355 	 0.00227442 	 0.00473631
815 	 1855 	 0.850355 	 0.0022745 	 0.00473648
815 	 1860 	 0.850355 	 0.00227458 	 0.00473664
815 	 1865 	 0.850355 	 0.00227465 	 0.0047368
815 	 1870 	 0.850355 	 0.00227473 	 0.00473696
815 	 1875 	 0.850355 	 0.0022748 	 0.00473711
815 	 1880 	 0.850355 	 0.00227487 	 0.00473726
815 	 1885 	 0.850355 	 0.00227494 	 0.00473741
815 	 1890 	 0.850355 	 0.00227501 	 0.00473755
815 	 1895 	 0.850355 	 0.00227508 	 0.00473769
815 	 1900 	 0.850355 	 0.00227514 	 0.00473783
815 	 1905 	 0.850356 	 0.00227521 	 0.00473796
815 	 1910 	 0.850356 	 0.00227527 	 0.00473809
815 	 1915 	 0.850356 	 0.00227533 	 0.00473822
815 	 1920 	 0.850356 	 0.00227539 	 0.00473835
815 	 1925 	 0.850356 	 0.00227545 	 0.00473847
815 	 1930 	 0.850356 	 0.00227551 	 0.00473859
815 	 1935 	 0.850356 	 0.00227557 	 0.00473871
815 	 1940 	 0.850356 	 0.00227562 	 0.00473882
815 	 1945 	 0.850356 	 0.00227568 	 0.00473893
815 	 1950 	 0.850356 	 0.00227573 	 0.00473904
815 	 1955 	 0.850356 	 0.00227578 	 0.00473915
815 	 1960 	 0.850356 	 0.00227583 	 0.00473926
815 	 1965 	 0.850356 	 0.00227588 	 0.00473936
815 	 1970 	 0.850356 	 0.00227593 	 0.00473946
815 	 1975 	 0.850357 	 0.00227597 	 0.00473956
815 	 1980 	 0.850357 	 0.00227602 	 0.00473965
815 	 1985 	 0.850357 	 0.00227606 	 0.00473974
815 	 1990 	 0.850357 	 0.00227611 	 0.00473984
815 	 1995 	 0.850357 	 0.00227615 	 0.00473993
815 	 2000 	 0.850357 	 0.00227619 	 0.00474001
815 	 2005 	 0.850357 	 0.00227623 	 0.0047401
815 	 2010 	 0.850357 	 0.00227627 	 0.00474018
815 	 2015 	 0.850357 	 0.00227631 	 0.00474026
815 	 2020 	 0.850357 	 0.00227635 	 0.00474034
815 	 2025 	 0.850357 	 0.00227639 	 0.00474042
815 	 2030 	 0.850357 	 0.00227643 	 0.0047405
815 	 2035 	 0.850357 	 0.00227646 	 0.00474057
815 	 2040 	 0.850357 	 0.0022765 	 0.00474065
815 	 2045 	 0.850357 	 0.00227653 	 0.00474072
815 	 2050 	 0.850357 	 0.00227657 	 0.00474079
815 	 2055 	 0.850357 	 0.0022766 	 0.00474086
815 	 2060 	 0.850357 	 0.00227663 	 0.00474092
815 	 2065 	 0.850357 	 0.00227666 	 0.00474099
815 	 2070 	 0.850357 	 0.00227669 	 0.00474105
815 	 2075 	 0.850357 	 0.00227672 	 0.00474111
815 	 2080 	 0.850357 	 0.00227675 	 0.00474117
815 	 2085 	 0.850357 	 0.00227678 	 0.00474123
815 	 2090 	 0.850357 	 0.00227681 	 0.00474129
815 	 2095 	 0.850358 	 0.00227683 	 0.00474135
815 	 2100 	 0.850358 	 0.00227686 	 0.0047414
815 	 2105 	 0.850358 	 0.00227689 	 0.00474146
815 	 2110 	 0.850358 	 0.00227691 	 0.00474151
815 	 2115 	 0.850358 	 0.00227694 	 0.00474156
815 	 2120 	 0.850358 	 0.00227696 	 0.00474161
815 	 2125 	 0.850358 	 0.00227699 	 0.00474166
815 	 2130 	 0.850358 	 0.00227701 	 0.00474171
815 	 2135 	 0.850358 	 0.00227703 	 0.00474176
815 	 2140 	 0.850358 	 0.00227705 	 0.0047418
815 	 2145 	 0.850358 	 0.00227708 	 0.00474185
815 	 2150 	 0.850358 	 0.0022771 	 0.00474189
815 	 2155 	 0.850358 	 0.00227712 	 0.00474194
815 	 2160 	 0.850358 	 0.00227714 	 0.00474198
815 	 2165 	 0.850358 	 0.00227716 	 0.00474202
815 	 2170 	 0.850358 	 0.00227718 	 0.00474206
815 	 2175 	 0.850358 	 0.0022772 	 0.0047421
815 	 2180 	 0.850358 	 0.00227721 	 0.00474214
815 	 2185 	 0.850358 	 0.00227723 	 0.00474218
815 	 2190 	 0.850358 	 0.00227725 	 0.00474221
815 	 2195 	 0.850358 	 0.00227727 	 0.00474225
815 	 2200 	 0.850358 	 0.00227728 	 0.00474228
815 	 2205 	 0.850358 	 0.0022773 	 0.00474232
815 	 2210 	 0.850358 	 0.00227732 	 0.00474235
815 	 2215 	 0.850358 	 0.00227733 	 0.00474239
815 	 2220 	 0.850358 	 0.00227735 	 0.00474242
815 	 2225 	 0.850358 	 0.00227736 	 0.00474245
815 	 2230 	 0.850358 	 0.00227738 	 0.00474248
815 	 2235 	 0.850358 	 0.00227739 	 0.00474251
815 	 2240 	 0.850358 	 0.00227741 	 0.00474254
815 	 2245 	 0.850358 	 0.00227742 	 0.00474257
815 	 2250 	 0.850358 	 0.00227743 	 0.0047426
815 	 2255 	 0.850358 	 0.00227745 	 0.00474262
815 	 2260 	 0.850358 	 0.00227746 	 0.00474265
815 	 2265 	 0.850358 	 0.00227747 	 0.00474268
815 	 2270 	 0.850358 	 0.00227748 	 0.0047427
815 	 2275 	 0.850358 	 0.0022775 	 0.00474273
815 	 2280 	 0.850358 	 0.00227751 	 0.00474275
815 	 2285 	 0.850358 	 0.00227752 	 0.00474277
815 	 2290 	 0.850358 	 0.00227753 	 0.0047428
815 	 2295 	 0.850358 	 0.00227754 	 0.00474282
815 	 2300 	 0.850358 	 0.00227755 	 0.00474284
815 	 2305 	 0.850358 	 0.00227756 	 0.00474286
815 	 2310 	 0.850358 	 0.00227757 	 0.00474288
815 	 2315 	 0.850358 	 0.00227758 	 0.0047429
815 	 2320 	 0.850358 	 0.00227759 	 0.00474292
815 	 2325 	 0.850358 	 0.0022776 	 0.00474294
815 	 2330 	 0.850358 	 0.00227761 	 0.00474296
815 	 2335 	 0.850358 	 0.00227762 	 0.00474298
815 	 2340 	 0.850358 	 0.00227763 	 0.004743
815 	 2345 	 0.850358 	 0.00227764 	 0.00474302
815 	 2350 	 0.850358 	 0.00227765 	 0.00474304
815 	 2355 	 0.850358 	 0.00227765 	 0.00474305
815 	 2360 	 0.850358 	 0.00227766 	 0.00474307
815 	 2365 	 0.850358 	 0.00227767 	 0.00474309
815 	 2370 	 0.850358 	 0.00227768 	 0.0047431
815 	 2375 	 0.850358 	 0.00227768 	 0.00474312
815 	 2380 	 0.850358 	 0.00227769 	 0.00474313
815 	 2385 	 0.850358 	 0.0022777 	 0.00474315
815 	 2390 	 0.850358 	 0.00227771 	 0.00474316
815 	 2395 	 0.850358 	 0.00227771 	 0.00474318
815 	 2400 	 0.850358 	 0.00227772 	 0.00474319
815 	 2405 	 0.850358 	 0.00227773 	 0.0047432
815 	 2410 	 0.850358 	 0.00227773 	 0.00474322
815 	 2415 	 0.850358 	 0.00227774 	 0.00474323
815 	 2420 	 0.850358 	 0.00227774 	 0.00474324
815 	 2425 	 0.850358 	 0.00227775 	 0.00474326
815 	 2430 	 0.850358 	 0.00227776 	 0.00474327
815 	 2435 	 0.850359 	 0.00227776 	 0.00474328
815 	 2440 	 0.850359 	 0.00227777 	 0.00474329
815 	 2445 	 0.850359 	 0.00227777 	 0.0047433
815 	 2450 	 0.850359 	 0.00227778 	 0.00474331
815 	 2455 	 0.850359 	 0.00227778 	 0.00474332
815 	 2460 	 0.850359 	 0.00227779 	 0.00474334
815 	 2465 	 0.850359 	 0.00227779 	 0.00474335
815 	 2470 	 0.850359 	 0.0022778 	 0.00474336
815 	 2475 	 0.850359 	 0.0022778 	 0.00474337
815 	 2480 	 0.850359 	 0.00227781 	 0.00474337
815 	 2485 	 0.850359 	 0.00227781 	 0.00474338
815 	 2490 	 0.850359 	 0.00227782 	 0.00474339
815 	 2495 	 0.850359 	 0.00227782 	 0.0047434
815 	 2500 	 0.850359 	 0.00227782 	 0.00474341
815 	 2505 	 0.850359 	 0.00227783 	 0.00474342
815 	 2510 	 0.850359 	 0.00227783 	 0.00474343
815 	 2515 	 0.850359 	 0.00227784 	 0.00474344
815 	 2520 	 0.850359 	 0.00227784 	 0.00474344
815 	 2525 	 0.850359 	 0.00227784 	 0.00474345
815 	 2530 	 0.850359 	 0.00227785 	 0.00474346
815 	 2535 	 0.850359 	 0.00227785 	 0.00474347
815 	 2540 	 0.850359 	 0.00227786 	 0.00474347
815 	 2545 	 0.850359 	 0.00227786 	 0.00474348
815 	 2550 	 0.850359 	 0.00227786 	 0.00474349
815 	 2555 	 0.850359 	 0.00227786 	 0.00474349
815 	 2560 	 0.850359 	 0.00227787 	 0.0047435
815 	 2565 	 0.850359 	 0.00227787 	 0.00474351
815 	 2570 	 0.850359 	 0.00227787 	 0.00474351
815 	 2575 	 0.850359 	 0.00227788 	 0.00474352
815 	 2580 	 0.850359 	 0.00227788 	 0.00474352
815 	 2585 	 0.850359 	 0.00227788 	 0.00474353
815 	 2590 	 0.850359 	 0.00227789 	 0.00474354
815 	 2595 	 0.850359 	 0.00227789 	 0.00474354
815 	 2600 	 0.850359 	 0.00227789 	 0.00474355
815 	 2605 	 0.850359 	 0.00227789 	 0.00474355
815 	 2610 	 0.850359 	 0.0022779 	 0.00474356
815 	 2615 	 0.850359 	 0.0022779 	 0.00474356
815 	 2620 	 0.850359 	 0.0022779 	 0.00474357
815 	 2625 	 0.850359 	 0.0022779 	 0.00474357
815 	 2630 	 0.850359 	 0.00227791 	 0.00474358
815 	 2635 	 0.850359 	 0.00227791 	 0.00474358
815 	 2640 	 0.850359 	 0.00227791 	 0.00474359
815 	 2645 	 0.850359 	 0.00227791 	 0.00474359
815 	 2650 	 0.850359 	 0.00227791 	 0.0047436
815 	 2655 	 0.850359 	 0.00227792 	 0.0047436
815 	 2660 	 0.850359 	 0.00227792 	 0.0047436
815 	 2665 	 0.850359 	 0.00227792 	 0.00474361
815 	 2670 	 0.850359 	 0.00227792 	 0.00474361
815 	 2675 	 0.850359 	 0.00227792 	 0.00474361
815 	 2680 	 0.850359 	 0.00227792 	 0.00474362
815 	 2685 	 0.850359 	 0.00227793 	 0.00474362
815 	 2690 	 0.850359 	 0.00227793 	 0.00474363
815 	 2695 	 0.850359 	 0.00227793 	 0.00474363
815 	 2700 	 0.850359 	 0.00227793 	 0.00474363
815 	 2705 	 0.850359 	 0.00227793 	 0.00474364
815 	 2710 	 0.850359 	 0.00227793 	 0.00474364
815 	 2715 	 0.850359 	 0.00227794 	 0.00474364
815 	 2720 	 0.850359 	 0.00227794 	 0.00474365
815 	 2725 	 0.850359 	 0.00227794 	 0.00474365
815 	 2730 	 0.850359 	 0.00227794 	 0.00474365
815 	 2735 	 0.850359 	 0.00227794 	 0.00474365
815 	 2740 	 0.850359 	 0.00227794 	 0.00474366
815 	 2745 	 0.850359 	 0.00227794 	 0.00474366
815 	 2750 	 0.850359 	 0.00227795 	 0.00474366
815 	 2755 	 0.850359 	 0.00227795 	 0.00474366
815 	 2760 	 0.850359 	 0.00227795 	 0.00474367
815 	 2765 	 0.850359 	 0.00227795 	 0.00474367
815 	 2770 	 0.850359 	 0.00227795 	 0.00474367
815 	 2775 	 0.850359 	 0.00227795 	 0.00474367
815 	 2780 	 0.850359 	 0.00227795 	 0.00474368
815 	 2785 	 0.850359 	 0.00227795 	 0.00474368
815 	 2790 	 0.850359 	 0.00227795 	 0.00474368
815 	 2795 	 0.850359 	 0.00227796 	 0.00474368
815 	 2800 	 0.850359 	 0.00227796 	 0.00474369
815 	 2805 	 0.850359 	 0.00227796 	 0.00474369
815 	 2810 	 0.850359 	 0.00227796 	 0.00474369
815 	 2815 	 0.850359 	 0.00227796 	 0.00474369
815 	 2820 	 0.850359 	 0.00227796 	 0.00474369
815 	 2825 	 0.850359 	 0.00227796 	 0.00474369
815 	 2830 	 0.850359 	 0.00227796 	 0.0047437
815 	 2835 	 0.850359 	 0.00227796 	 0.0047437
815 	 2840 	 0.850359 	 0.00227796 	 0.0047437
815 	 2845 	 0.850359 	 0.00227796 	 0.0047437
815 	 2850 	 0.850359 	 0.00227797 	 0.0047437
815 	 2855 	 0.850359 	 0.00227797 	 0.0047437
815 	 2860 	 0.850359 	 0.00227797 	 0.00474371
815 	 2865 	 0.850359 	 0.00227797 	 0.00474371
815 	 2870 	 0.850359 	 0.00227797 	 0.00474371
815 	 2875 	 0.850359 	 0.00227797 	 0.00474371
815 	 2880 	 0.850359 	 0.00227797 	 0.00474371
815 	 2885 	 0.850359 	 0.00227797 	 0.00474371
815 	 2890 	 0.850359 	 0.00227797 	 0.00474371
815 	 2895 	 0.850359 	 0.00227797 	 0.00474372
815 	 2900 	 0.850359 	 0.00227797 	 0.00474372
815 	 2905 	 0.850359 	 0.00227797 	 0.00474372
815 	 2910 	 0.850359 	 0.00227797 	 0.00474372
815 	 2915 	 0.850359 	 0.00227797 	 0.00474372
815 	 2920 	 0.850359 	 0.00227797 	 0.00474372
815 	 2925 	 0.850359 	 0.00227798 	 0.00474372
815 	 2930 	 0.850359 	 0.00227798 	 0.00474372
815 	 2935 	 0.850359 	 0.00227798 	 0.00474373
815 	 2940 	 0.850359 	 0.00227798 	 0.00474373
815 	 2945 	 0.850359 	 0.00227798 	 0.00474373
815 	 2950 	 0.850359 	 0.00227798 	 0.00474373
815 	 2955 	 0.850359 	 0.00227798 	 0.00474373
815 	 2960 	 0.850359 	 0.00227798 	 0.00474373
815 	 2965 	 0.850359 	 0.00227798 	 0.00474373
815 	 2970 	 0.850359 	 0.00227798 	 0.00474373
815 	 2975 	 0.850359 	 0.00227798 	 0.00474373
815 	 2980 	 0.850359 	 0.00227798 	 0.00474373
815 	 2985 	 0.850359 	 0.00227798 	 0.00474374
815 	 2990 	 0.850359 	 0.00227798 	 0.00474374
815 	 2995 	 0.850359 	 0.00227798 	 0.00474374
815 	 3000 	 0.850359 	 0.00227798 	 0.00474374
815 	 3005 	 0.850359 	 0.00227798 	 0.00474374
815 	 3010 	 0.850359 	 0.00227798 	 0.00474374
815 	 3015 	 0.850359 	 0.00227798 	 0.00474374
815 	 3020 	 0.850359 	 0.00227798 	 0.00474374
815 	 3025 	 0.850359 	 0.00227798 	 0.00474374
815 	 3030 	 0.850359 	 0.00227798 	 0.00474374
815 	 3035 	 0.850359 	 0.00227798 	 0.00474374
815 	 3040 	 0.850359 	 0.00227798 	 0.00474374
815 	 3045 	 0.850359 	 0.00227798 	 0.00474374
815 	 3050 	 0.850359 	 0.00227799 	 0.00474374
815 	 3055 	 0.850359 	 0.00227799 	 0.00474374
815 	 3060 	 0.850359 	 0.00227799 	 0.00474375
815 	 3065 	 0.850359 	 0.00227799 	 0.00474375
815 	 3070 	 0.850359 	 0.00227799 	 0.00474375
815 	 3075 	 0.850359 	 0.00227799 	 0.00474375
815 	 3080 	 0.850359 	 0.00227799 	 0.00474375
815 	 3085 	 0.850359 	 0.00227799 	 0.00474375
815 	 3090 	 0.850359 	 0.00227799 	 0.00474375
815 	 3095 	 0.850359 	 0.00227799 	 0.00474375
815 	 3100 	 0.850359 	 0.00227799 	 0.00474375
815 	 3105 	 0.850359 	 0.00227799 	 0.00474375
815 	 3110 	 0.850359 	 0.00227799 	 0.00474375
815 	 3115 	 0.850359 	 0.00227799 	 0.00474375
815 	 3120 	 0.850359 	 0.00227799 	 0.00474375
815 	 3125 	 0.850359 	 0.00227799 	 0.00474375
815 	 3130 	 0.850359 	 0.00227799 	 0.00474375
815 	 3135 	 0.850359 	 0.00227799 	 0.00474375
815 	 3140 	 0.850359 	 0.00227799 	 0.00474375
815 	 3145 	 0.850359 	 0.00227799 	 0.00474375
815 	 3150 	 0.850359 	 0.00227799 	 0.00474375
815 	 3155 	 0.850359 	 0.00227799 	 0.00474375
815 	 3160 	 0.850359 	 0.00227799 	 0.00474375
815 	 3165 	 0.850359 	 0.00227799 	 0.00474375
815 	 3170 	 0.850359 	 0.00227799 	 0.00474376
815 	 3175 	 0.850359 	 0.00227799 	 0.00474376
815 	 3180 	 0.850359 	 0.00227799 	 0.00474376
815 	 3185 	 0.850359 	 0.00227799 	 0.00474376
815 	 3190 	 0.850359 	 0.00227799 	 0.00474376
815 	 3195 	 0.850359 	 0.00227799 	 0.00474376
815 	 3200 	 0.850359 	 0.00227799 	 0.00474376
815 	 3205 	 0.850359 	 0.00227799 	 0.00474376
815 	 3210 	 0.850359 	 0.00227799 	 0.00474376
815 	 3215 	 0.850359 	 0.00227799 	 0.00474376
815 	 3220 	 0.850359 	 0.00227799 	 0.00474376
815 	 3225 	 0.850359 	 0.00227799 	 0.00474376
815 	 3230 	 0.850359 	 0.00227799 	 0.00474376
815 	 3235 	 0.850359 	 0.00227799 	 0.00474376
815 	 3240 	 0.850359 	 0.00227799 	 0.00474376
815 	 3245 	 0.850359 	 0.00227799 	 0.00474376
815 	 3250 	 0.850359 	 0.00227799 	 0.00474376
815 	 3255 	 0.850359 	 0.00227799 	 0.00474376
815 	 3260 	 0.850359 	 0.00227799 	 0.00474376
815 	 3265 	 0.850359 	 0.00227799 	 0.00474376
815 	 3270 	 0.850359 	 0.00227799 	 0.00474376
815 	 3275 	 0.850359 	 0.00227799 	 0.00474376
815 	 3280 	 0.850359 	 0.00227799 	 0.00474376
815 	 3285 	 0.850359 	 0.00227799 	 0.00474376
815 	 3290 	 0.850359 	 0.00227799 	 0.00474376
815 	 3295 	 0.850359 	 0.00227799 	 0.00474376
815 	 3300 	 0.850359 	 0.00227799 	 0.00474376
815 	 3305 	 0.850359 	 0.00227799 	 0.00474376
815 	 3310 	 0.850359 	 0.00227799 	 0.00474376
815 	 3315 	 0.850359 	 0.00227799 	 0.00474376
815 	 3320 	 0.850359 	 0.00227799 	 0.00474376
815 	 3325 	 0.850359 	 0.00227799 	 0.00474376
815 	 3330 	 0.850359 	 0.00227799 	 0.00474376
815 	 3335 	 0.850359 	 0.00227799 	 0.00474376
815 	 3340 	 0.850359 	 0.00227799 	 0.00474376
815 	 3345 	 0.850359 	 0.00227799 	 0.00474376
815 	 3350 	 0.850359 	 0.00227799 	 0.00474376
815 	 3355 	 0.850359 	 0.00227799 	 0.00474376
815 	 3360 	 0.850359 	 0.00227799 	 0.00474376
815 	 3365 	 0.850359 	 0.00227799 	 0.00474376
815 	 3370 	 0.850359 	 0.00227799 	 0.00474376
815 	 3375 	 0.850359 	 0.00227799 	 0.00474376
815 	 3380 	 0.850359 	 0.00227799 	 0.00474376
815 	 3385 	 0.850359 	 0.00227799 	 0.00474376
815 	 3390 	 0.850359 	 0.00227799 	 0.00474376
815 	 3395 	 0.850359 	 0.00227799 	 0.00474376
815 	 3400 	 0.850359 	 0.00227799 	 0.00474376
815 	 3405 	 0.850359 	 0.00227799 	 0.00474376
815 	 3410 	 0.850359 	 0.00227799 	 0.00474376
815 	 3415 	 0.850359 	 0.00227799 	 0.00474376
815 	 3420 	 0.850359 	 0.00227799 	 0.00474376
815 	 3425 	 0.850359 	 0.00227799 	 0.00474376
815 	 3430 	 0.850359 	 0.00227799 	 0.00474376
815 	 3435 	 0.850359 	 0.00227799 	 0.00474376
815 	 3440 	 0.850359 	 0.002278 	 0.00474376
815 	 3445 	 0.850359 	 0.002278 	 0.00474376
815 	 3450 	 0.850359 	 0.002278 	 0.00474376
815 	 3455 	 0.850359 	 0.002278 	 0.00474377
815 	 3460 	 0.850359 	 0.002278 	 0.00474377
815 	 3465 	 0.850359 	 0.002278 	 0.00474377
815 	 3470 	 0.850359 	 0.002278 	 0.00474377
815 	 3475 	 0.850359 	 0.002278 	 0.00474377
815 	 3480 	 0.850359 	 0.002278 	 0.00474377
815 	 3485 	 0.850359 	 0.002278 	 0.00474377
815 	 3490 	 0.850359 	 0.002278 	 0.00474377
815 	 3495 	 0.850359 	 0.002278 	 0.00474377
815 	 3500 	 0.850359 	 0.002278 	 0.00474377
815 	 3505 	 0.850359 	 0.002278 	 0.00474377
815 	 3510 	 0.850359 	 0.002278 	 0.00474377
815 	 3515 	 0.850359 	 0.002278 	 0.00474377
815 	 3520 	 0.850359 	 0.002278 	 0.00474377
815 	 3525 	 0.850359 	 0.002278 	 0.00474377
815 	 3530 	 0.850359 	 0.002278 	 0.00474377
815 	 3535 	 0.850359 	 0.002278 	 0.00474377
815 	 3540 	 0.850359 	 0.002278 	 0.00474377
815 	 3545 	 0.850359 	 0.002278 	 0.00474377
815 	 3550 	 0.850359 	 0.002278 	 0.00474377
815 	 3555 	 0.850359 	 0.002278 	 0.00474377
815 	 3560 	 0.850359 	 0.002278 	 0.00474377
815 	 3565 	 0.850359 	 0.002278 	 0.00474377
815 	 3570 	 0.850359 	 0.002278 	 0.00474377
815 	 3575 	 0.850359 	 0.002278 	 0.00474377
815 	 3580 	 0.850359 	 0.002278 	 0.00474377
815 	 3585 	 0.850359 	 0.002278 	 0.00474377
815 	 3590 	 0.850359 	 0.002278 	 0.00474377
815 	 3595 	 0.850359 	 0.002278 	 0.00474377
815 	 3600 	 0.850359 	 0.002278 	 0.00474377
815 	 3605 	 0.850359 	 0.002278 	 0.00474377
815 	 3610 	 0.850359 	 0.002278 	 0.00474377
815 	 3615 	 0.850359 	 0.002278 	 0.00474377
815 	 3620 	 0.850359 	 0.002278 	 0.00474377
815 	 3625 	 0.850359 	 0.002278 	 0.00474377
815 	 3630 	 0.850359 	 0.002278 	 0.00474377
815 	 3635 	 0.850359 	 0.002278 	 0.00474377
815 	 3640 	 0.850359 	 0.002278 	 0.00474377
815 	 3645 	 0.850359 	 0.002278 	 0.00474377
815 	 3650 	 0.850359 	 0.002278 	 0.00474377
815 	 3655 	 0.850359 	 0.002278 	 0.00474377
815 	 3660 	 0.850359 	 0.002278 	 0.00474377
815 	 3665 	 0.850359 	 0.002278 	 0.00474377
815 	 3670 	 0.850359 	 0.002278 	 0.00474377
815 	 3675 	 0.850359 	 0.002278 	 0.00474377
815 	 3680 	 0.850359 	 0.002278 	 0.00474377
815 	 3685 	 0.850359 	 0.002278 	 0.00474377
815 	 3690 	 0.850359 	 0.002278 	 0.00474377
815 	 3695 	 0.850359 	 0.002278 	 0.00474377
815 	 3700 	 0.850359 	 0.002278 	 0.00474377
815 	 3705 	 0.850359 	 0.002278 	 0.00474377
815 	 3710 	 0.850359 	 0.002278 	 0.00474377
815 	 3715 	 0.850359 	 0.002278 	 0.00474377
815 	 3720 	 0.850359 	 0.002278 	 0.00474377
815 	 3725 	 0.850359 	 0.002278 	 0.00474377
815 	 3730 	 0.850359 	 0.002278 	 0.00474377
815 	 3735 	 0.850359 	 0.002278 	 0.00474377
815 	 3740 	 0.850359 	 0.002278 	 0.00474377
815 	 3745 	 0.850359 	 0.002278 	 0.00474377
815 	 3750 	 0.850359 	 0.002278 	 0.00474377
815 	 3755 	 0.850359 	 0.002278 	 0.00474377
815 	 3760 	 0.850359 	 0.002278 	 0.00474377
815 	 3765 	 0.850359 	 0.002278 	 0.00474377
815 	 3770 	 0.850359 	 0.002278 	 0.00474377
815 	 3775 	 0.850359 	 0.002278 	 0.00474377
815 	 3780 	 0.850359 	 0.002278 	 0.00474377
815 	 3785 	 0.850359 	 0.002278 	 0.00474377
815 	 3790 	 0.850359 	 0.002278 	 0.00474377
815 	 3795 	 0.850359 	 0.002278 	 0.00474377
815 	 3800 	 0.850359 	 0.002278 	 0.00474377
815 	 3805 	 0.850359 	 0.002278 	 0.00474377
815 	 3810 	 0.850359 	 0.002278 	 0.00474377
815 	 3815 	 0.850359 	 0.002278 	 0.00474377
815 	 3820 	 0.850359 	 0.002278 	 0.00474377
815 	 3825 	 0.850359 	 0.002278 	 0.00474377
815 	 3830 	 0.850359 	 0.002278 	 0.00474377
815 	 3835 	 0.850359 	 0.002278 	 0.00474377
815 	 3840 	 0.850359 	 0.002278 	 0.00474377
815 	 3845 	 0.850359 	 0.002278 	 0.00474377
815 	 3850 	 0.850359 	 0.002278 	 0.00474377
815 	 3855 	 0.850359 	 0.002278 	 0.00474377
815 	 3860 	 0.850359 	 0.002278 	 0.00474377
815 	 3865 	 0.850359 	 0.002278 	 0.00474377
815 	 3870 	 0.850359 	 0.002278 	 0.00474377
815 	 3875 	 0.850359 	 0.002278 	 0.00474377
815 	 3880 	 0.850359 	 0.002278 	 0.00474377
815 	 3885 	 0.850359 	 0.002278 	 0.00474377
815 	 3890 	 0.850359 	 0.002278 	 0.00474377
815 	 3895 	 0.850359 	 0.002278 	 0.00474377
815 	 3900 	 0.850359 	 0.002278 	 0.00474377
815 	 3905 	 0.850359 	 0.002278 	 0.00474377
815 	 3910 	 0.850359 	 0.002278 	 0.00474377
815 	 3915 	 0.850359 	 0.002278 	 0.00474377
815 	 3920 	 0.850359 	 0.002278 	 0.00474377
815 	 3925 	 0.850359 	 0.002278 	 0.00474377
815 	 3930 	 0.850359 	 0.002278 	 0.00474377
815 	 3935 	 0.850359 	 0.002278 	 0.00474377
815 	 3940 	 0.850359 	 0.002278 	 0.00474377
815 	 3945 	 0.850359 	 0.002278 	 0.00474377
815 	 3950 	 0.850359 	 0.002278 	 0.00474377
815 	 3955 	 0.850359 	 0.002278 	 0.00474377
815 	 3960 	 0.850359 	 0.002278 	 0.00474377
815 	 3965 	 0.850359 	 0.002278 	 0.00474377
815 	 3970 	 0.850359 	 0.002278 	 0.00474377
815 	 3975 	 0.850359 	 0.002278 	 0.00474377
815 	 3980 	 0.850359 	 0.002278 	 0.00474377
815 	 3985 	 0.850359 	 0.002278 	 0.00474377
815 	 3990 	 0.850359 	 0.002278 	 0.00474377
815 	 3995 	 0.850359 	 0.002278 	 0.00474377
815 	 4000 	 0.850359 	 0.002278 	 0.00474377
815 	 4005 	 0.850359 	 0.002278 	 0.00474377
815 	 4010 	 0.850359 	 0.002278 	 0.00474377
815 	 4015 	 0.850359 	 0.002278 	 0.00474377
815 	 4020 	 0.850359 	 0.002278 	 0.00474377
815 	 4025 	 0.850359 	 0.002278 	 0.00474377
815 	 4030 	 0.850359 	 0.002278 	 0.00474377
815 	 4035 	 0.850359 	 0.002278 	 0.00474377
815 	 4040 	 0.850359 	 0.002278 	 0.00474377
815 	 4045 	 0.850359 	 0.002278 	 0.00474377
815 	 4050 	 0.850359 	 0.002278 	 0.00474377
815 	 4055 	 0.850359 	 0.002278 	 0.00474377
815 	 4060 	 0.850359 	 0.002278 	 0.00474377
815 	 4065 	 0.850359 	 0.002278 	 0.00474377
815 	 4070 	 0.850359 	 0.002278 	 0.00474377
815 	 4075 	 0.850359 	 0.002278 	 0.00474377
815 	 4080 	 0.850359 	 0.002278 	 0.00474377
815 	 4085 	 0.850359 	 0.002278 	 0.00474377
815 	 4090 	 0.850359 	 0.002278 	 0.00474377
815 	 4095 	 0.850359 	 0.002278 	 0.00474377
815 	 4100 	 0.850359 	 0.002278 	 0.00474377
815 	 4105 	 0.850359 	 0.002278 	 0.00474377
815 	 4110 	 0.850359 	 0.002278 	 0.00474377
815 	 4115 	 0.850359 	 0.002278 	 0.00474377
815 	 4120 	 0.850359 	 0.002278 	 0.00474377
815 	 4125 	 0.850359 	 0.002278 	 0.00474377
815 	 4130 	 0.850359 	 0.002278 	 0.00474377
815 	 4135 	 0.850359 	 0.002278 	 0.00474377
815 	 4140 	 0.850359 	 0.002278 	 0.00474377
815 	 4145 	 0.850359 	 0.002278 	 0.00474377
815 	 4150 	 0.850359 	 0.002278 	 0.00474377
815 	 4155 	 0.850359 	 0.002278 	 0.00474377
815 	 4160 	 0.850359 	 0.002278 	 0.00474377
815 	 4165 	 0.850359 	 0.002278 	 0.00474377
815 	 4170 	 0.850359 	 0.002278 	 0.00474377
815 	 4175 	 0.850359 	 0.002278 	 0.00474377
815 	 4180 	 0.850359 	 0.002278 	 0.00474377
815 	 4185 	 0.850359 	 0.002278 	 0.00474377
815 	 4190 	 0.850359 	 0.002278 	 0.00474377
815 	 4195 	 0.850359 	 0.002278 	 0.00474377
815 	 4200 	 0.850359 	 0.002278 	 0.00474377
815 	 4205 	 0.850359 	 0.002278 	 0.00474377
815 	 4210 	 0.850359 	 0.002278 	 0.00474377
815 	 4215 	 0.850359 	 0.002278 	 0.00474377
815 	 4220 	 0.850359 	 0.002278 	 0.00474377
815 	 4225 	 0.850359 	 0.002278 	 0.00474377
815 	 4230 	 0.850359 	 0.002278 	 0.00474377
815 	 4235 	 0.850359 	 0.002278 	 0.00474377
815 	 4240 	 0.850359 	 0.002278 	 0.00474377
815 	 4245 	 0.850359 	 0.002278 	 0.00474377
815 	 4250 	 0.850359 	 0.002278 	 0.00474377
815 	 4255 	 0.850359 	 0.002278 	 0.00474377
815 	 4260 	 0.850359 	 0.002278 	 0.00474377
815 	 4265 	 0.850359 	 0.002278 	 0.00474377
815 	 4270 	 0.850359 	 0.002278 	 0.00474377
815 	 4275 	 0.850359 	 0.002278 	 0.00474377
815 	 4280 	 0.850359 	 0.002278 	 0.00474377
815 	 4285 	 0.850359 	 0.002278 	 0.00474377
815 	 4290 	 0.850359 	 0.002278 	 0.00474377
815 	 4295 	 0.850359 	 0.002278 	 0.00474377
815 	 4300 	 0.850359 	 0.002278 	 0.00474377
815 	 4305 	 0.850359 	 0.002278 	 0.00474377
815 	 4310 	 0.850359 	 0.002278 	 0.00474377
815 	 4315 	 0.850359 	 0.002278 	 0.00474377
815 	 4320 	 0.850359 	 0.002278 	 0.00474377
815 	 4325 	 0.850359 	 0.002278 	 0.00474377
815 	 4330 	 0.850359 	 0.002278 	 0.00474377
815 	 4335 	 0.850359 	 0.002278 	 0.00474377
815 	 4340 	 0.850359 	 0.002278 	 0.00474377
815 	 4345 	 0.850359 	 0.002278 	 0.00474377
815 	 4350 	 0.850359 	 0.002278 	 0.00474377
815 	 4355 	 0.850359 	 0.002278 	 0.00474377
815 	 4360 	 0.850359 	 0.002278 	 0.00474377
815 	 4365 	 0.850359 	 0.002278 	 0.00474377
815 	 4370 	 0.850359 	 0.002278 	 0.00474377
815 	 4375 	 0.850359 	 0.002278 	 0.00474377
815 	 4380 	 0.850359 	 0.002278 	 0.00474377
815 	 4385 	 0.850359 	 0.002278 	 0.00474377
815 	 4390 	 0.850359 	 0.002278 	 0.00474377
815 	 4395 	 0.850359 	 0.002278 	 0.00474377
815 	 4400 	 0.850359 	 0.002278 	 0.00474377
815 	 4405 	 0.850359 	 0.002278 	 0.00474377
815 	 4410 	 0.850359 	 0.002278 	 0.00474377
815 	 4415 	 0.850359 	 0.002278 	 0.00474377
815 	 4420 	 0.850359 	 0.002278 	 0.00474377
815 	 4425 	 0.850359 	 0.002278 	 0.00474377
815 	 4430 	 0.850359 	 0.002278 	 0.00474377
815 	 4435 	 0.850359 	 0.002278 	 0.00474377
815 	 4440 	 0.850359 	 0.002278 	 0.00474377
815 	 4445 	 0.850359 	 0.002278 	 0.00474377
815 	 4450 	 0.850359 	 0.002278 	 0.00474377
815 	 4455 	 0.850359 	 0.002278 	 0.00474377
815 	 4460 	 0.850359 	 0.002278 	 0.00474377
815 	 4465 	 0.850359 	 0.002278 	 0.00474377
815 	 4470 	 0.850359 	 0.002278 	 0.00474377
815 	 4475 	 0.850359 	 0.002278 	 0.00474377
815 	 4480 	 0.850359 	 0.002278 	 0.00474377
815 	 4485 	 0.850359 	 0.002278 	 0.00474377
815 	 4490 	 0.850359 	 0.002278 	 0.00474377
815 	 4495 	 0.850359 	 0.002278 	 0.00474377
815 	 4500 	 0.850359 	 0.002278 	 0.00474377
815 	 4505 	 0.850359 	 0.002278 	 0.00474377
815 	 4510 	 0.850359 	 0.002278 	 0.00474377
815 	 4515 	 0.850359 	 0.002278 	 0.00474377
815 	 4520 	 0.850359 	 0.002278 	 0.00474377
815 	 4525 	 0.850359 	 0.002278 	 0.00474377
815 	 4530 	 0.850359 	 0.002278 	 0.00474377
815 	 4535 	 0.850359 	 0.002278 	 0.00474377
815 	 4540 	 0.850359 	 0.002278 	 0.00474377
815 	 4545 	 0.850359 	 0.002278 	 0.00474377
815 	 4550 	 0.850359 	 0.002278 	 0.00474377
815 	 4555 	 0.850359 	 0.002278 	 0.00474377
815 	 4560 	 0.850359 	 0.002278 	 0.00474377
815 	 4565 	 0.850359 	 0.002278 	 0.00474377
815 	 4570 	 0.850359 	 0.002278 	 0.00474377
815 	 4575 	 0.850359 	 0.002278 	 0.00474377
815 	 4580 	 0.850359 	 0.002278 	 0.00474377
815 	 4585 	 0.850359 	 0.002278 	 0.00474377
815 	 4590 	 0.850359 	 0.002278 	 0.00474377
815 	 4595 	 0.850359 	 0.002278 	 0.00474377
815 	 4600 	 0.850359 	 0.002278 	 0.00474377
815 	 4605 	 0.850359 	 0.002278 	 0.00474377
815 	 4610 	 0.850359 	 0.002278 	 0.00474377
815 	 4615 	 0.850359 	 0.002278 	 0.00474377
815 	 4620 	 0.850359 	 0.002278 	 0.00474377
815 	 4625 	 0.850359 	 0.002278 	 0.00474377
815 	 4630 	 0.850359 	 0.002278 	 0.00474377
815 	 4635 	 0.850359 	 0.002278 	 0.00474377
815 	 4640 	 0.850359 	 0.002278 	 0.00474377
815 	 4645 	 0.850359 	 0.002278 	 0.00474377
815 	 4650 	 0.850359 	 0.002278 	 0.00474377
815 	 4655 	 0.850359 	 0.002278 	 0.00474377
815 	 4660 	 0.850359 	 0.002278 	 0.00474377
815 	 4665 	 0.850359 	 0.002278 	 0.00474377
815 	 4670 	 0.850359 	 0.002278 	 0.00474377
815 	 4675 	 0.850359 	 0.002278 	 0.00474377
815 	 4680 	 0.850359 	 0.002278 	 0.00474377
815 	 4685 	 0.850359 	 0.002278 	 0.00474377
815 	 4690 	 0.850359 	 0.002278 	 0.00474377
815 	 4695 	 0.850359 	 0.002278 	 0.00474377
815 	 4700 	 0.850359 	 0.002278 	 0.00474377
815 	 4705 	 0.850359 	 0.002278 	 0.00474377
815 	 4710 	 0.850359 	 0.002278 	 0.00474377
815 	 4715 	 0.850359 	 0.002278 	 0.00474377
815 	 4720 	 0.850359 	 0.002278 	 0.00474377
815 	 4725 	 0.850359 	 0.002278 	 0.00474377
815 	 4730 	 0.850359 	 0.002278 	 0.00474377
815 	 4735 	 0.850359 	 0.002278 	 0.00474377
815 	 4740 	 0.850359 	 0.002278 	 0.00474377
815 	 4745 	 0.850359 	 0.002278 	 0.00474377
815 	 4750 	 0.850359 	 0.002278 	 0.00474377
815 	 4755 	 0.850359 	 0.002278 	 0.00474377
815 	 4760 	 0.850359 	 0.002278 	 0.00474377
815 	 4765 	 0.850359 	 0.002278 	 0.00474377
815 	 4770 	 0.850359 	 0.002278 	 0.00474377
815 	 4775 	 0.850359 	 0.002278 	 0.00474377
815 	 4780 	 0.850359 	 0.002278 	 0.00474377
815 	 4785 	 0.850359 	 0.002278 	 0.00474377
815 	 4790 	 0.850359 	 0.002278 	 0.00474377
815 	 4795 	 0.850359 	 0.002278 	 0.00474377
815 	 4800 	 0.850359 	 0.002278 	 0.00474377
815 	 4805 	 0.850359 	 0.002278 	 0.00474377
815 	 4810 	 0.850359 	 0.002278 	 0.00474377
815 	 4815 	 0.850359 	 0.002278 	 0.00474377
815 	 4820 	 0.850359 	 0.002278 	 0.00474377
815 	 4825 	 0.850359 	 0.002278 	 0.00474377
815 	 4830 	 0.850359 	 0.002278 	 0.00474377
815 	 4835 	 0.850359 	 0.002278 	 0.00474377
815 	 4840 	 0.850359 	 0.002278 	 0.00474377
815 	 4845 	 0.850359 	 0.002278 	 0.00474377
815 	 4850 	 0.850359 	 0.002278 	 0.00474377
815 	 4855 	 0.850359 	 0.002278 	 0.00474377
815 	 4860 	 0.850359 	 0.002278 	 0.00474377
815 	 4865 	 0.850359 	 0.002278 	 0.00474377
815 	 4870 	 0.850359 	 0.002278 	 0.00474377
815 	 4875 	 0.850359 	 0.002278 	 0.00474377
815 	 4880 	 0.850359 	 0.002278 	 0.00474377
815 	 4885 	 0.850359 	 0.002278 	 0.00474377
815 	 4890 	 0.850359 	 0.002278 	 0.00474377
815 	 4895 	 0.850359 	 0.002278 	 0.00474377
815 	 4900 	 0.850359 	 0.002278 	 0.00474377
815 	 4905 	 0.850359 	 0.002278 	 0.00474377
815 	 4910 	 0.850359 	 0.002278 	 0.00474377
815 	 4915 	 0.850359 	 0.002278 	 0.00474377
815 	 4920 	 0.850359 	 0.002278 	 0.00474377
815 	 4925 	 0.850359 	 0.002278 	 0.00474377
815 	 4930 	 0.850359 	 0.002278 	 0.00474377
815 	 4935 	 0.850359 	 0.002278 	 0.00474377
815 	 4940 	 0.850359 	 0.002278 	 0.00474377
815 	 4945 	 0.850359 	 0.002278 	 0.00474377
815 	 4950 	 0.850359 	 0.002278 	 0.00474377
815 	 4955 	 0.850359 	 0.002278 	 0.00474377
815 	 4960 	 0.850359 	 0.002278 	 0.00474377
815 	 4965 	 0.850359 	 0.002278 	 0.00474377
815 	 4970 	 0.850359 	 0.002278 	 0.00474377
815 	 4975 	 0.850359 	 0.002278 	 0.00474377
815 	 4980 	 0.850359 	 0.002278 	 0.00474377
815 	 4985 	 0.850359 	 0.002278 	 0.00474377
815 	 4990 	 0.850359 	 0.002278 	 0.00474377
815 	 4995 	 0.850359 	 0.002278 	 0.00474377
815 	 5000 	 0.850359 	 0.002278 	 0.00474377
