2870 	 5 	 0.728871 	 0.00668627	0.0139688
2870 	 10 	 0.729472 	 0.00629247	0.0131461
2870 	 15 	 0.730609 	 0.00567935	0.0118652
2870 	 20 	 0.732721 	 0.00481812	0.0100659
2870 	 25 	 0.736514 	 0.00384923	0.00804174
2870 	 30 	 0.742939 	 0.00322664	0.00674104
2870 	 35 	 0.752806 	 0.00311439	0.00650654
2870 	 40 	 0.765895 	 0.00277106	0.00578925
2870 	 45 	 0.781263 	 0.00301711	0.00630329
2870 	 50 	 0.795445 	 0.00296294	0.00619012
2870 	 55 	 0.806139 	 0.00269381	0.00562787
2870 	 60 	 0.813357 	 0.00231394	0.00483425
2870 	 65 	 0.817982 	 0.00209079	0.00436804
2870 	 70 	 0.820961 	 0.00206657	0.00431744
2870 	 75 	 0.822977 	 0.00212579	0.00444117
2870 	 80 	 0.82445 	 0.00218913	0.00457349
2870 	 85 	 0.825616 	 0.00223596	0.00467134
2870 	 90 	 0.826606 	 0.00226882	0.00473998
2870 	 95 	 0.827489 	 0.00229361	0.00479177
2870 	 100 	 0.828301 	 0.00231416	0.00483471
2870 	 105 	 0.829064 	 0.00233206	0.0048721
2870 	 110 	 0.829787 	 0.00234758	0.00490453
2870 	 115 	 0.830478 	 0.00236049	0.0049315
2870 	 120 	 0.83114 	 0.00237049	0.00495239
2870 	 125 	 0.831775 	 0.0023774	0.00496681
2870 	 130 	 0.832386 	 0.00238119	0.00497474
2870 	 135 	 0.832973 	 0.00238199	0.00497642
2870 	 140 	 0.833539 	 0.00238003	0.00497232
2870 	 145 	 0.834084 	 0.0023756	0.00496306
2870 	 150 	 0.834608 	 0.00236902	0.00494932
2870 	 155 	 0.835114 	 0.00236063	0.00493179
2870 	 160 	 0.835601 	 0.00235075	0.00491115
2870 	 165 	 0.836071 	 0.00233969	0.00488805
2870 	 170 	 0.836524 	 0.00232774	0.00486308
2870 	 175 	 0.836962 	 0.00231515	0.00483678
2870 	 180 	 0.837384 	 0.00230216	0.00480962
2870 	 185 	 0.837792 	 0.00228895	0.00478203
2870 	 190 	 0.838186 	 0.0022757	0.00475435
2870 	 195 	 0.838566 	 0.00226256	0.0047269
2870 	 200 	 0.838934 	 0.00224966	0.00469994
2870 	 205 	 0.83929 	 0.00223709	0.00467368
2870 	 210 	 0.839635 	 0.00222493	0.00464829
2870 	 215 	 0.839968 	 0.00221327	0.00462393
2870 	 220 	 0.84029 	 0.00220215	0.00460068
2870 	 225 	 0.840603 	 0.0021916	0.00457865
2870 	 230 	 0.840905 	 0.00218167	0.0045579
2870 	 235 	 0.841199 	 0.00217236	0.00453845
2870 	 240 	 0.841483 	 0.00216369	0.00452034
2870 	 245 	 0.841759 	 0.00215567	0.00450358
2870 	 250 	 0.842026 	 0.00214829	0.00448817
2870 	 255 	 0.842286 	 0.00214155	0.00447409
2870 	 260 	 0.842538 	 0.00213545	0.00446133
2870 	 265 	 0.842783 	 0.00212996	0.00444986
2870 	 270 	 0.843021 	 0.00212507	0.00443966
2870 	 275 	 0.843253 	 0.00212077	0.00443067
2870 	 280 	 0.843477 	 0.00211704	0.00442288
2870 	 285 	 0.843696 	 0.00211386	0.00441623
2870 	 290 	 0.843909 	 0.0021112	0.00441069
2870 	 295 	 0.844116 	 0.00210906	0.00440621
2870 	 300 	 0.844317 	 0.00210741	0.00440276
2870 	 305 	 0.844514 	 0.00210622	0.00440029
2870 	 310 	 0.844705 	 0.00210549	0.00439875
2870 	 315 	 0.844891 	 0.00210518	0.00439811
2870 	 320 	 0.845073 	 0.00210528	0.00439832
2870 	 325 	 0.84525 	 0.00210577	0.00439935
2870 	 330 	 0.845422 	 0.00210664	0.00440115
2870 	 335 	 0.845591 	 0.00210785	0.00440369
2870 	 340 	 0.845755 	 0.00210941	0.00440693
2870 	 345 	 0.845915 	 0.00211128	0.00441084
2870 	 350 	 0.846072 	 0.00211345	0.00441539
2870 	 355 	 0.846225 	 0.00211591	0.00442053
2870 	 360 	 0.846374 	 0.00211865	0.00442624
2870 	 365 	 0.84652 	 0.00212164	0.0044325
2870 	 370 	 0.846662 	 0.00212488	0.00443926
2870 	 375 	 0.846802 	 0.00212835	0.00444651
2870 	 380 	 0.846938 	 0.00213204	0.00445422
2870 	 385 	 0.847071 	 0.00213594	0.00446237
2870 	 390 	 0.847201 	 0.00214003	0.00447092
2870 	 395 	 0.847329 	 0.00214431	0.00447986
2870 	 400 	 0.847454 	 0.00214877	0.00448917
2870 	 405 	 0.847576 	 0.00215339	0.00449883
2870 	 410 	 0.847696 	 0.00215817	0.00450881
2870 	 415 	 0.847813 	 0.00216309	0.0045191
2870 	 420 	 0.847927 	 0.00216816	0.00452968
2870 	 425 	 0.84804 	 0.00217336	0.00454054
2870 	 430 	 0.84815 	 0.00217868	0.00455166
2870 	 435 	 0.848258 	 0.00218412	0.00456302
2870 	 440 	 0.848364 	 0.00218967	0.00457461
2870 	 445 	 0.848467 	 0.00219532	0.00458642
2870 	 450 	 0.848569 	 0.00220107	0.00459843
2870 	 455 	 0.848669 	 0.00220691	0.00461063
2870 	 460 	 0.848767 	 0.00221283	0.00462301
2870 	 465 	 0.848863 	 0.00221884	0.00463556
2870 	 470 	 0.848957 	 0.00222492	0.00464827
2870 	 475 	 0.849049 	 0.00223108	0.00466112
2870 	 480 	 0.84914 	 0.00223729	0.00467412
2870 	 485 	 0.849229 	 0.00224358	0.00468724
2870 	 490 	 0.849317 	 0.00224991	0.00470048
2870 	 495 	 0.849403 	 0.00225631	0.00471384
2870 	 500 	 0.849487 	 0.00226275	0.0047273
2870 	 505 	 0.84957 	 0.00226924	0.00474086
2870 	 510 	 0.849652 	 0.00227577	0.0047545
2870 	 515 	 0.849732 	 0.00228234	0.00476823
2870 	 520 	 0.849811 	 0.00228895	0.00478204
2870 	 525 	 0.849888 	 0.0022956	0.00479592
2870 	 530 	 0.849964 	 0.00230227	0.00480986
2870 	 535 	 0.850039 	 0.00230897	0.00482386
2870 	 540 	 0.850113 	 0.0023157	0.00483792
2870 	 545 	 0.850185 	 0.00232245	0.00485203
2870 	 550 	 0.850257 	 0.00232923	0.00486618
2870 	 555 	 0.850327 	 0.00233602	0.00488037
2870 	 560 	 0.850396 	 0.00234283	0.00489459
2870 	 565 	 0.850464 	 0.00234965	0.00490885
2870 	 570 	 0.85053 	 0.00235649	0.00492313
2870 	 575 	 0.850596 	 0.00236333	0.00493743
2870 	 580 	 0.850661 	 0.00237019	0.00495176
2870 	 585 	 0.850725 	 0.00237706	0.0049661
2870 	 590 	 0.850787 	 0.00238393	0.00498046
2870 	 595 	 0.850849 	 0.0023908	0.00499482
2870 	 600 	 0.85091 	 0.00239768	0.0050092
2870 	 605 	 0.85097 	 0.00240456	0.00502357
2870 	 610 	 0.851029 	 0.00241145	0.00503795
2870 	 615 	 0.851088 	 0.00241833	0.00505233
2870 	 620 	 0.851145 	 0.00242521	0.0050667
2870 	 625 	 0.851202 	 0.00243208	0.00508107
2870 	 630 	 0.851257 	 0.00243896	0.00509542
2870 	 635 	 0.851312 	 0.00244582	0.00510977
2870 	 640 	 0.851367 	 0.00245269	0.00512411
2870 	 645 	 0.85142 	 0.00245954	0.00513843
2870 	 650 	 0.851473 	 0.00246639	0.00515273
2870 	 655 	 0.851525 	 0.00247323	0.00516702
2870 	 660 	 0.851576 	 0.00248006	0.00518129
2870 	 665 	 0.851626 	 0.00248687	0.00519553
2870 	 670 	 0.851676 	 0.00249368	0.00520976
2870 	 675 	 0.851725 	 0.00250048	0.00522396
2870 	 680 	 0.851774 	 0.00250726	0.00523813
2870 	 685 	 0.851822 	 0.00251404	0.00525228
2870 	 690 	 0.851869 	 0.00252079	0.0052664
2870 	 695 	 0.851916 	 0.00252754	0.00528049
2870 	 700 	 0.851962 	 0.00253427	0.00529454
2870 	 705 	 0.852007 	 0.00254098	0.00530857
2870 	 710 	 0.852052 	 0.00254768	0.00532257
2870 	 715 	 0.852096 	 0.00255436	0.00533653
2870 	 720 	 0.85214 	 0.00256103	0.00535045
2870 	 725 	 0.852183 	 0.00256768	0.00536435
2870 	 730 	 0.852226 	 0.00257431	0.0053782
2870 	 735 	 0.852268 	 0.00258092	0.00539202
2870 	 740 	 0.85231 	 0.00258752	0.0054058
2870 	 745 	 0.852351 	 0.0025941	0.00541954
2870 	 750 	 0.852391 	 0.00260066	0.00543325
2870 	 755 	 0.852432 	 0.0026072	0.00544691
2870 	 760 	 0.852471 	 0.00261372	0.00546053
2870 	 765 	 0.85251 	 0.00262022	0.00547412
2870 	 770 	 0.852549 	 0.0026267	0.00548766
2870 	 775 	 0.852587 	 0.00263316	0.00550116
2870 	 780 	 0.852625 	 0.0026396	0.00551461
2870 	 785 	 0.852662 	 0.00264603	0.00552803
2870 	 790 	 0.852699 	 0.00265243	0.0055414
2870 	 795 	 0.852736 	 0.00265881	0.00555473
2870 	 800 	 0.852772 	 0.00266516	0.00556801
2870 	 805 	 0.852807 	 0.0026715	0.00558125
2870 	 810 	 0.852843 	 0.00267782	0.00559445
2870 	 815 	 0.852877 	 0.00268411	0.0056076
2870 	 820 	 0.852912 	 0.00269039	0.00562071
2870 	 825 	 0.852946 	 0.00269664	0.00563377
2870 	 830 	 0.85298 	 0.00270287	0.00564678
2870 	 835 	 0.853013 	 0.00270907	0.00565975
2870 	 840 	 0.853046 	 0.00271526	0.00567267
2870 	 845 	 0.853079 	 0.00272142	0.00568555
2870 	 850 	 0.853111 	 0.00272757	0.00569838
2870 	 855 	 0.853143 	 0.00273369	0.00571117
2870 	 860 	 0.853174 	 0.00273978	0.00572391
2870 	 865 	 0.853206 	 0.00274586	0.0057366
2870 	 870 	 0.853236 	 0.00275191	0.00574924
2870 	 875 	 0.853267 	 0.00275794	0.00576184
2870 	 880 	 0.853297 	 0.00276395	0.00577439
2870 	 885 	 0.853327 	 0.00276993	0.0057869
2870 	 890 	 0.853357 	 0.0027759	0.00579936
2870 	 895 	 0.853386 	 0.00278184	0.00581177
2870 	 900 	 0.853415 	 0.00278776	0.00582413
2870 	 905 	 0.853444 	 0.00279365	0.00583645
2870 	 910 	 0.853472 	 0.00279952	0.00584872
2870 	 915 	 0.853501 	 0.00280538	0.00586094
2870 	 920 	 0.853528 	 0.0028112	0.00587312
2870 	 925 	 0.853556 	 0.00281701	0.00588525
2870 	 930 	 0.853583 	 0.00282279	0.00589733
2870 	 935 	 0.85361 	 0.00282855	0.00590936
2870 	 940 	 0.853637 	 0.00283429	0.00592135
2870 	 945 	 0.853664 	 0.00284001	0.00593329
2870 	 950 	 0.85369 	 0.0028457	0.00594519
2870 	 955 	 0.853716 	 0.00285137	0.00595704
2870 	 960 	 0.853742 	 0.00285702	0.00596884
2870 	 965 	 0.853767 	 0.00286265	0.00598059
2870 	 970 	 0.853793 	 0.00286825	0.0059923
2870 	 975 	 0.853818 	 0.00287384	0.00600397
2870 	 980 	 0.853843 	 0.0028794	0.00601558
2870 	 985 	 0.853867 	 0.00288493	0.00602715
2870 	 990 	 0.853892 	 0.00289045	0.00603868
2870 	 995 	 0.853916 	 0.00289594	0.00605016
2870 	 1000 	 0.85394 	 0.00290142	0.00606159
2870 	 1005 	 0.853963 	 0.00290687	0.00607298
2870 	 1010 	 0.853987 	 0.0029123	0.00608432
2870 	 1015 	 0.85401 	 0.0029177	0.00609562
2870 	 1020 	 0.854033 	 0.00292309	0.00610687
2870 	 1025 	 0.854056 	 0.00292845	0.00611807
2870 	 1030 	 0.854078 	 0.0029338	0.00612924
2870 	 1035 	 0.854101 	 0.00293912	0.00614035
2870 	 1040 	 0.854123 	 0.00294442	0.00615143
2870 	 1045 	 0.854145 	 0.0029497	0.00616245
2870 	 1050 	 0.854167 	 0.00295495	0.00617344
2870 	 1055 	 0.854189 	 0.00296019	0.00618438
2870 	 1060 	 0.85421 	 0.00296541	0.00619527
2870 	 1065 	 0.854231 	 0.0029706	0.00620612
2870 	 1070 	 0.854253 	 0.00297577	0.00621693
2870 	 1075 	 0.854273 	 0.00298093	0.0062277
2870 	 1080 	 0.854294 	 0.00298606	0.00623842
2870 	 1085 	 0.854315 	 0.00299117	0.0062491
2870 	 1090 	 0.854335 	 0.00299626	0.00625973
2870 	 1095 	 0.854355 	 0.00300133	0.00627032
2870 	 1100 	 0.854375 	 0.00300638	0.00628087
2870 	 1105 	 0.854395 	 0.00301141	0.00629138
2870 	 1110 	 0.854415 	 0.00301642	0.00630185
2870 	 1115 	 0.854435 	 0.00302141	0.00631227
2870 	 1120 	 0.854454 	 0.00302638	0.00632265
2870 	 1125 	 0.854473 	 0.00303133	0.00633299
2870 	 1130 	 0.854492 	 0.00303625	0.00634329
2870 	 1135 	 0.854511 	 0.00304116	0.00635355
2870 	 1140 	 0.85453 	 0.00304605	0.00636376
2870 	 1145 	 0.854549 	 0.00305092	0.00637394
2870 	 1150 	 0.854567 	 0.00305577	0.00638407
2870 	 1155 	 0.854585 	 0.00306061	0.00639416
2870 	 1160 	 0.854603 	 0.00306542	0.00640421
2870 	 1165 	 0.854621 	 0.00307021	0.00641423
2870 	 1170 	 0.854639 	 0.00307498	0.0064242
2870 	 1175 	 0.854657 	 0.00307974	0.00643413
2870 	 1180 	 0.854675 	 0.00308447	0.00644402
2870 	 1185 	 0.854692 	 0.00308919	0.00645388
2870 	 1190 	 0.854709 	 0.00309389	0.00646369
2870 	 1195 	 0.854727 	 0.00309856	0.00647346
2870 	 1200 	 0.854744 	 0.00310322	0.0064832
2870 	 1205 	 0.854761 	 0.00310787	0.0064929
2870 	 1210 	 0.854777 	 0.00311249	0.00650256
2870 	 1215 	 0.854794 	 0.00311709	0.00651218
2870 	 1220 	 0.854811 	 0.00312168	0.00652176
2870 	 1225 	 0.854827 	 0.00312625	0.0065313
2870 	 1230 	 0.854843 	 0.0031308	0.00654081
2870 	 1235 	 0.85486 	 0.00313533	0.00655028
2870 	 1240 	 0.854876 	 0.00313984	0.00655971
2870 	 1245 	 0.854892 	 0.00314434	0.0065691
2870 	 1250 	 0.854907 	 0.00314882	0.00657846
2870 	 1255 	 0.854923 	 0.00315328	0.00658778
2870 	 1260 	 0.854939 	 0.00315772	0.00659706
2870 	 1265 	 0.854954 	 0.00316215	0.00660631
2870 	 1270 	 0.85497 	 0.00316656	0.00661552
2870 	 1275 	 0.854985 	 0.00317095	0.00662469
2870 	 1280 	 0.855 	 0.00317532	0.00663383
2870 	 1285 	 0.855015 	 0.00317968	0.00664293
2870 	 1290 	 0.85503 	 0.00318402	0.006652
2870 	 1295 	 0.855045 	 0.00318834	0.00666103
2870 	 1300 	 0.855059 	 0.00319265	0.00667003
2870 	 1305 	 0.855074 	 0.00319694	0.00667899
2870 	 1310 	 0.855089 	 0.00320121	0.00668791
2870 	 1315 	 0.855103 	 0.00320547	0.00669681
2870 	 1320 	 0.855117 	 0.00320971	0.00670566
2870 	 1325 	 0.855131 	 0.00321393	0.00671449
2870 	 1330 	 0.855146 	 0.00321814	0.00672327
2870 	 1335 	 0.85516 	 0.00322233	0.00673203
2870 	 1340 	 0.855174 	 0.0032265	0.00674075
2870 	 1345 	 0.855187 	 0.00323066	0.00674944
2870 	 1350 	 0.855201 	 0.0032348	0.00675809
2870 	 1355 	 0.855215 	 0.00323893	0.00676671
2870 	 1360 	 0.855228 	 0.00324304	0.0067753
2870 	 1365 	 0.855242 	 0.00324713	0.00678385
2870 	 1370 	 0.855255 	 0.00325121	0.00679238
2870 	 1375 	 0.855268 	 0.00325528	0.00680087
2870 	 1380 	 0.855281 	 0.00325932	0.00680932
2870 	 1385 	 0.855295 	 0.00326336	0.00681775
2870 	 1390 	 0.855308 	 0.00326737	0.00682614
2870 	 1395 	 0.85532 	 0.00327138	0.0068345
2870 	 1400 	 0.855333 	 0.00327536	0.00684283
2870 	 1405 	 0.855346 	 0.00327933	0.00685113
2870 	 1410 	 0.855359 	 0.00328329	0.00685939
2870 	 1415 	 0.855371 	 0.00328723	0.00686763
2870 	 1420 	 0.855384 	 0.00329116	0.00687583
2870 	 1425 	 0.855396 	 0.00329507	0.006884
2870 	 1430 	 0.855408 	 0.00329897	0.00689215
2870 	 1435 	 0.855421 	 0.00330285	0.00690026
2870 	 1440 	 0.855433 	 0.00330672	0.00690834
2870 	 1445 	 0.855445 	 0.00331057	0.00691639
2870 	 1450 	 0.855457 	 0.00331441	0.00692441
2870 	 1455 	 0.855469 	 0.00331824	0.0069324
2870 	 1460 	 0.855481 	 0.00332205	0.00694036
2870 	 1465 	 0.855493 	 0.00332584	0.0069483
2870 	 1470 	 0.855504 	 0.00332963	0.0069562
2870 	 1475 	 0.855516 	 0.0033334	0.00696407
2870 	 1480 	 0.855528 	 0.00333715	0.00697191
2870 	 1485 	 0.855539 	 0.00334089	0.00697973
2870 	 1490 	 0.85555 	 0.00334462	0.00698751
2870 	 1495 	 0.855562 	 0.00334833	0.00699527
2870 	 1500 	 0.855573 	 0.00335203	0.007003
2870 	 1505 	 0.855584 	 0.00335572	0.0070107
2870 	 1510 	 0.855595 	 0.00335939	0.00701837
2870 	 1515 	 0.855607 	 0.00336305	0.00702602
2870 	 1520 	 0.855618 	 0.00336669	0.00703363
2870 	 1525 	 0.855628 	 0.00337032	0.00704122
2870 	 1530 	 0.855639 	 0.00337394	0.00704878
2870 	 1535 	 0.85565 	 0.00337755	0.00705632
2870 	 1540 	 0.855661 	 0.00338114	0.00706382
2870 	 1545 	 0.855672 	 0.00338472	0.0070713
2870 	 1550 	 0.855682 	 0.00338829	0.00707875
2870 	 1555 	 0.855693 	 0.00339184	0.00708618
2870 	 1560 	 0.855703 	 0.00339538	0.00709358
2870 	 1565 	 0.855714 	 0.00339891	0.00710095
2870 	 1570 	 0.855724 	 0.00340243	0.00710829
2870 	 1575 	 0.855734 	 0.00340593	0.00711561
2870 	 1580 	 0.855745 	 0.00340942	0.0071229
2870 	 1585 	 0.855755 	 0.0034129	0.00713017
2870 	 1590 	 0.855765 	 0.00341637	0.00713741
2870 	 1595 	 0.855775 	 0.00341982	0.00714463
2870 	 1600 	 0.855785 	 0.00342326	0.00715181
2870 	 1605 	 0.855795 	 0.00342669	0.00715898
2870 	 1610 	 0.855805 	 0.00343011	0.00716612
2870 	 1615 	 0.855815 	 0.00343351	0.00717323
2870 	 1620 	 0.855825 	 0.0034369	0.00718032
2870 	 1625 	 0.855834 	 0.00344028	0.00718738
2870 	 1630 	 0.855844 	 0.00344365	0.00719442
2870 	 1635 	 0.855854 	 0.00344701	0.00720143
2870 	 1640 	 0.855863 	 0.00345035	0.00720842
2870 	 1645 	 0.855873 	 0.00345369	0.00721538
2870 	 1650 	 0.855882 	 0.00345701	0.00722232
2870 	 1655 	 0.855891 	 0.00346032	0.00722924
2870 	 1660 	 0.855901 	 0.00346362	0.00723613
2870 	 1665 	 0.85591 	 0.00346691	0.007243
2870 	 1670 	 0.855919 	 0.00347018	0.00724984
2870 	 1675 	 0.855929 	 0.00347345	0.00725666
2870 	 1680 	 0.855938 	 0.0034767	0.00726346
2870 	 1685 	 0.855947 	 0.00347994	0.00727023
2870 	 1690 	 0.855956 	 0.00348317	0.00727698
2870 	 1695 	 0.855965 	 0.00348639	0.00728371
2870 	 1700 	 0.855974 	 0.0034896	0.00729041
2870 	 1705 	 0.855983 	 0.0034928	0.00729709
2870 	 1710 	 0.855992 	 0.00349598	0.00730375
2870 	 1715 	 0.856 	 0.00349916	0.00731038
2870 	 1720 	 0.856009 	 0.00350232	0.00731699
2870 	 1725 	 0.856018 	 0.00350548	0.00732358
2870 	 1730 	 0.856027 	 0.00350862	0.00733015
2870 	 1735 	 0.856035 	 0.00351175	0.00733669
2870 	 1740 	 0.856044 	 0.00351488	0.00734322
2870 	 1745 	 0.856052 	 0.00351799	0.00734972
2870 	 1750 	 0.856061 	 0.00352109	0.0073562
2870 	 1755 	 0.856069 	 0.00352418	0.00736265
2870 	 1760 	 0.856078 	 0.00352726	0.00736909
2870 	 1765 	 0.856086 	 0.00353033	0.0073755
2870 	 1770 	 0.856094 	 0.00353339	0.00738189
2870 	 1775 	 0.856102 	 0.00353644	0.00738826
2870 	 1780 	 0.856111 	 0.00353948	0.00739461
2870 	 1785 	 0.856119 	 0.00354251	0.00740094
2870 	 1790 	 0.856127 	 0.00354552	0.00740725
2870 	 1795 	 0.856135 	 0.00354853	0.00741353
2870 	 1800 	 0.856143 	 0.00355153	0.0074198
2870 	 1805 	 0.856151 	 0.00355452	0.00742604
2870 	 1810 	 0.856159 	 0.0035575	0.00743227
2870 	 1815 	 0.856167 	 0.00356047	0.00743847
2870 	 1820 	 0.856175 	 0.00356343	0.00744465
2870 	 1825 	 0.856183 	 0.00356638	0.00745081
2870 	 1830 	 0.856191 	 0.00356932	0.00745696
2870 	 1835 	 0.856198 	 0.00357225	0.00746308
2870 	 1840 	 0.856206 	 0.00357517	0.00746918
2870 	 1845 	 0.856214 	 0.00357808	0.00747526
2870 	 1850 	 0.856221 	 0.00358098	0.00748133
2870 	 1855 	 0.856229 	 0.00358387	0.00748737
2870 	 1860 	 0.856237 	 0.00358676	0.00749339
2870 	 1865 	 0.856244 	 0.00358963	0.00749939
2870 	 1870 	 0.856252 	 0.0035925	0.00750538
2870 	 1875 	 0.856259 	 0.00359535	0.00751134
2870 	 1880 	 0.856267 	 0.0035982	0.00751729
2870 	 1885 	 0.856274 	 0.00360103	0.00752321
2870 	 1890 	 0.856281 	 0.00360386	0.00752912
2870 	 1895 	 0.856289 	 0.00360668	0.00753501
2870 	 1900 	 0.856296 	 0.00360949	0.00754088
2870 	 1905 	 0.856303 	 0.00361229	0.00754673
2870 	 1910 	 0.85631 	 0.00361508	0.00755256
2870 	 1915 	 0.856317 	 0.00361786	0.00755837
2870 	 1920 	 0.856325 	 0.00362064	0.00756417
2870 	 1925 	 0.856332 	 0.0036234	0.00756994
2870 	 1930 	 0.856339 	 0.00362616	0.0075757
2870 	 1935 	 0.856346 	 0.0036289	0.00758144
2870 	 1940 	 0.856353 	 0.00363164	0.00758716
2870 	 1945 	 0.85636 	 0.00363437	0.00759287
2870 	 1950 	 0.856367 	 0.00363709	0.00759855
2870 	 1955 	 0.856374 	 0.00363981	0.00760422
2870 	 1960 	 0.856381 	 0.00364251	0.00760987
2870 	 1965 	 0.856387 	 0.00364521	0.0076155
2870 	 1970 	 0.856394 	 0.00364789	0.00762112
2870 	 1975 	 0.856401 	 0.00365057	0.00762671
2870 	 1980 	 0.856408 	 0.00365324	0.00763229
2870 	 1985 	 0.856414 	 0.00365591	0.00763785
2870 	 1990 	 0.856421 	 0.00365856	0.0076434
2870 	 1995 	 0.856428 	 0.00366121	0.00764893
2870 	 2000 	 0.856434 	 0.00366384	0.00765444
2870 	 2005 	 0.856441 	 0.00366647	0.00765993
2870 	 2010 	 0.856448 	 0.0036691	0.00766541
2870 	 2015 	 0.856454 	 0.00367171	0.00767087
2870 	 2020 	 0.856461 	 0.00367431	0.00767631
2870 	 2025 	 0.856467 	 0.00367691	0.00768174
2870 	 2030 	 0.856473 	 0.0036795	0.00768715
2870 	 2035 	 0.85648 	 0.00368208	0.00769254
2870 	 2040 	 0.856486 	 0.00368466	0.00769792
2870 	 2045 	 0.856493 	 0.00368722	0.00770328
2870 	 2050 	 0.856499 	 0.00368978	0.00770862
2870 	 2055 	 0.856505 	 0.00369233	0.00771395
2870 	 2060 	 0.856512 	 0.00369487	0.00771926
2870 	 2065 	 0.856518 	 0.00369741	0.00772455
2870 	 2070 	 0.856524 	 0.00369993	0.00772983
2870 	 2075 	 0.85653 	 0.00370245	0.0077351
2870 	 2080 	 0.856536 	 0.00370496	0.00774034
2870 	 2085 	 0.856542 	 0.00370747	0.00774558
2870 	 2090 	 0.856549 	 0.00370996	0.00775079
2870 	 2095 	 0.856555 	 0.00371245	0.00775599
2870 	 2100 	 0.856561 	 0.00371494	0.00776118
2870 	 2105 	 0.856567 	 0.00371741	0.00776635
2870 	 2110 	 0.856573 	 0.00371988	0.0077715
2870 	 2115 	 0.856579 	 0.00372234	0.00777664
2870 	 2120 	 0.856585 	 0.00372479	0.00778176
2870 	 2125 	 0.856591 	 0.00372723	0.00778687
2870 	 2130 	 0.856596 	 0.00372967	0.00779196
2870 	 2135 	 0.856602 	 0.0037321	0.00779704
2870 	 2140 	 0.856608 	 0.00373453	0.0078021
2870 	 2145 	 0.856614 	 0.00373694	0.00780715
2870 	 2150 	 0.85662 	 0.00373935	0.00781218
2870 	 2155 	 0.856626 	 0.00374175	0.0078172
2870 	 2160 	 0.856631 	 0.00374415	0.00782221
2870 	 2165 	 0.856637 	 0.00374654	0.0078272
2870 	 2170 	 0.856643 	 0.00374892	0.00783217
2870 	 2175 	 0.856648 	 0.00375129	0.00783713
2870 	 2180 	 0.856654 	 0.00375366	0.00784208
2870 	 2185 	 0.85666 	 0.00375602	0.00784701
2870 	 2190 	 0.856665 	 0.00375837	0.00785192
2870 	 2195 	 0.856671 	 0.00376072	0.00785682
2870 	 2200 	 0.856676 	 0.00376306	0.00786171
2870 	 2205 	 0.856682 	 0.00376539	0.00786659
2870 	 2210 	 0.856687 	 0.00376772	0.00787145
2870 	 2215 	 0.856693 	 0.00377004	0.00787629
2870 	 2220 	 0.856698 	 0.00377235	0.00788112
2870 	 2225 	 0.856704 	 0.00377466	0.00788594
2870 	 2230 	 0.856709 	 0.00377696	0.00789075
2870 	 2235 	 0.856715 	 0.00377925	0.00789554
2870 	 2240 	 0.85672 	 0.00378153	0.00790031
2870 	 2245 	 0.856725 	 0.00378381	0.00790508
2870 	 2250 	 0.856731 	 0.00378609	0.00790983
2870 	 2255 	 0.856736 	 0.00378836	0.00791456
2870 	 2260 	 0.856741 	 0.00379062	0.00791929
2870 	 2265 	 0.856746 	 0.00379287	0.007924
2870 	 2270 	 0.856752 	 0.00379512	0.00792869
2870 	 2275 	 0.856757 	 0.00379736	0.00793337
2870 	 2280 	 0.856762 	 0.00379959	0.00793804
2870 	 2285 	 0.856767 	 0.00380182	0.0079427
2870 	 2290 	 0.856772 	 0.00380405	0.00794734
2870 	 2295 	 0.856777 	 0.00380626	0.00795197
2870 	 2300 	 0.856783 	 0.00380847	0.00795659
2870 	 2305 	 0.856788 	 0.00381068	0.0079612
2870 	 2310 	 0.856793 	 0.00381287	0.00796579
2870 	 2315 	 0.856798 	 0.00381507	0.00797037
2870 	 2320 	 0.856803 	 0.00381725	0.00797493
2870 	 2325 	 0.856808 	 0.00381943	0.00797949
2870 	 2330 	 0.856813 	 0.0038216	0.00798403
2870 	 2335 	 0.856818 	 0.00382377	0.00798855
2870 	 2340 	 0.856823 	 0.00382593	0.00799307
2870 	 2345 	 0.856828 	 0.00382809	0.00799757
2870 	 2350 	 0.856833 	 0.00383024	0.00800206
2870 	 2355 	 0.856837 	 0.00383238	0.00800654
2870 	 2360 	 0.856842 	 0.00383452	0.00801101
2870 	 2365 	 0.856847 	 0.00383665	0.00801546
2870 	 2370 	 0.856852 	 0.00383878	0.0080199
2870 	 2375 	 0.856857 	 0.0038409	0.00802433
2870 	 2380 	 0.856862 	 0.00384301	0.00802875
2870 	 2385 	 0.856866 	 0.00384512	0.00803315
2870 	 2390 	 0.856871 	 0.00384722	0.00803755
2870 	 2395 	 0.856876 	 0.00384932	0.00804193
2870 	 2400 	 0.856881 	 0.00385141	0.0080463
2870 	 2405 	 0.856885 	 0.0038535	0.00805066
2870 	 2410 	 0.85689 	 0.00385558	0.008055
2870 	 2415 	 0.856895 	 0.00385765	0.00805933
2870 	 2420 	 0.856899 	 0.00385972	0.00806366
2870 	 2425 	 0.856904 	 0.00386178	0.00806797
2870 	 2430 	 0.856909 	 0.00386384	0.00807227
2870 	 2435 	 0.856913 	 0.00386589	0.00807655
2870 	 2440 	 0.856918 	 0.00386794	0.00808083
2870 	 2445 	 0.856922 	 0.00386998	0.00808509
2870 	 2450 	 0.856927 	 0.00387202	0.00808935
2870 	 2455 	 0.856931 	 0.00387405	0.00809359
2870 	 2460 	 0.856936 	 0.00387607	0.00809782
2870 	 2465 	 0.85694 	 0.00387809	0.00810204
2870 	 2470 	 0.856945 	 0.00388011	0.00810625
2870 	 2475 	 0.856949 	 0.00388211	0.00811044
2870 	 2480 	 0.856954 	 0.00388412	0.00811463
2870 	 2485 	 0.856958 	 0.00388612	0.0081188
2870 	 2490 	 0.856963 	 0.00388811	0.00812297
2870 	 2495 	 0.856967 	 0.0038901	0.00812712
2870 	 2500 	 0.856971 	 0.00389208	0.00813126
2870 	 2505 	 0.856976 	 0.00389406	0.00813539
2870 	 2510 	 0.85698 	 0.00389603	0.00813951
2870 	 2515 	 0.856984 	 0.003898	0.00814362
2870 	 2520 	 0.856989 	 0.00389996	0.00814772
2870 	 2525 	 0.856993 	 0.00390191	0.00815181
2870 	 2530 	 0.856997 	 0.00390387	0.00815589
2870 	 2535 	 0.857002 	 0.00390581	0.00815995
2870 	 2540 	 0.857006 	 0.00390775	0.00816401
2870 	 2545 	 0.85701 	 0.00390969	0.00816805
2870 	 2550 	 0.857014 	 0.00391162	0.00817209
2870 	 2555 	 0.857019 	 0.00391355	0.00817611
2870 	 2560 	 0.857023 	 0.00391547	0.00818013
2870 	 2565 	 0.857027 	 0.00391739	0.00818413
2870 	 2570 	 0.857031 	 0.0039193	0.00818813
2870 	 2575 	 0.857035 	 0.0039212	0.00819211
2870 	 2580 	 0.857039 	 0.00392311	0.00819608
2870 	 2585 	 0.857044 	 0.003925	0.00820004
2870 	 2590 	 0.857048 	 0.00392689	0.008204
2870 	 2595 	 0.857052 	 0.00392878	0.00820794
2870 	 2600 	 0.857056 	 0.00393066	0.00821187
2870 	 2605 	 0.85706 	 0.00393254	0.00821579
2870 	 2610 	 0.857064 	 0.00393441	0.00821971
2870 	 2615 	 0.857068 	 0.00393628	0.00822361
2870 	 2620 	 0.857072 	 0.00393815	0.0082275
2870 	 2625 	 0.857076 	 0.00394	0.00823139
2870 	 2630 	 0.85708 	 0.00394186	0.00823526
2870 	 2635 	 0.857084 	 0.00394371	0.00823912
2870 	 2640 	 0.857088 	 0.00394555	0.00824297
2870 	 2645 	 0.857092 	 0.00394739	0.00824682
2870 	 2650 	 0.857096 	 0.00394923	0.00825065
2870 	 2655 	 0.8571 	 0.00395106	0.00825448
2870 	 2660 	 0.857104 	 0.00395288	0.00825829
2870 	 2665 	 0.857107 	 0.0039547	0.0082621
2870 	 2670 	 0.857111 	 0.00395652	0.00826589
2870 	 2675 	 0.857115 	 0.00395833	0.00826968
2870 	 2680 	 0.857119 	 0.00396014	0.00827346
2870 	 2685 	 0.857123 	 0.00396194	0.00827722
2870 	 2690 	 0.857127 	 0.00396374	0.00828098
2870 	 2695 	 0.85713 	 0.00396554	0.00828473
2870 	 2700 	 0.857134 	 0.00396733	0.00828847
2870 	 2705 	 0.857138 	 0.00396911	0.0082922
2870 	 2710 	 0.857142 	 0.00397089	0.00829592
2870 	 2715 	 0.857146 	 0.00397267	0.00829963
2870 	 2720 	 0.857149 	 0.00397444	0.00830334
2870 	 2725 	 0.857153 	 0.00397621	0.00830703
2870 	 2730 	 0.857157 	 0.00397797	0.00831071
2870 	 2735 	 0.857161 	 0.00397973	0.00831439
2870 	 2740 	 0.857164 	 0.00398149	0.00831806
2870 	 2745 	 0.857168 	 0.00398324	0.00832171
2870 	 2750 	 0.857172 	 0.00398499	0.00832536
2870 	 2755 	 0.857175 	 0.00398673	0.008329
2870 	 2760 	 0.857179 	 0.00398847	0.00833263
2870 	 2765 	 0.857183 	 0.0039902	0.00833625
2870 	 2770 	 0.857186 	 0.00399193	0.00833987
2870 	 2775 	 0.85719 	 0.00399365	0.00834347
2870 	 2780 	 0.857193 	 0.00399538	0.00834707
2870 	 2785 	 0.857197 	 0.00399709	0.00835065
2870 	 2790 	 0.8572 	 0.00399881	0.00835423
2870 	 2795 	 0.857204 	 0.00400051	0.0083578
2870 	 2800 	 0.857208 	 0.00400222	0.00836136
2870 	 2805 	 0.857211 	 0.00400392	0.00836492
2870 	 2810 	 0.857215 	 0.00400562	0.00836846
2870 	 2815 	 0.857218 	 0.00400731	0.008372
2870 	 2820 	 0.857222 	 0.004009	0.00837552
2870 	 2825 	 0.857225 	 0.00401068	0.00837904
2870 	 2830 	 0.857229 	 0.00401236	0.00838255
2870 	 2835 	 0.857232 	 0.00401404	0.00838605
2870 	 2840 	 0.857236 	 0.00401571	0.00838955
2870 	 2845 	 0.857239 	 0.00401738	0.00839303
2870 	 2850 	 0.857242 	 0.00401904	0.00839651
2870 	 2855 	 0.857246 	 0.0040207	0.00839998
2870 	 2860 	 0.857249 	 0.00402236	0.00840344
2870 	 2865 	 0.857253 	 0.00402401	0.00840689
2870 	 2870 	 0.857256 	 0.00402566	0.00841034
2870 	 2875 	 0.85726 	 0.0040273	0.00841377
2870 	 2880 	 0.857263 	 0.00402895	0.0084172
2870 	 2885 	 0.857266 	 0.00403058	0.00842062
2870 	 2890 	 0.85727 	 0.00403222	0.00842403
2870 	 2895 	 0.857273 	 0.00403384	0.00842744
2870 	 2900 	 0.857276 	 0.00403547	0.00843083
2870 	 2905 	 0.85728 	 0.00403709	0.00843422
2870 	 2910 	 0.857283 	 0.00403871	0.0084376
2870 	 2915 	 0.857286 	 0.00404032	0.00844097
2870 	 2920 	 0.857289 	 0.00404193	0.00844434
2870 	 2925 	 0.857293 	 0.00404354	0.00844769
2870 	 2930 	 0.857296 	 0.00404514	0.00845104
2870 	 2935 	 0.857299 	 0.00404674	0.00845438
2870 	 2940 	 0.857302 	 0.00404834	0.00845772
2870 	 2945 	 0.857306 	 0.00404993	0.00846104
2870 	 2950 	 0.857309 	 0.00405152	0.00846436
2870 	 2955 	 0.857312 	 0.0040531	0.00846767
2870 	 2960 	 0.857315 	 0.00405468	0.00847097
2870 	 2965 	 0.857319 	 0.00405626	0.00847427
2870 	 2970 	 0.857322 	 0.00405783	0.00847756
2870 	 2975 	 0.857325 	 0.0040594	0.00848084
2870 	 2980 	 0.857328 	 0.00406097	0.00848411
2870 	 2985 	 0.857331 	 0.00406253	0.00848737
2870 	 2990 	 0.857334 	 0.00406409	0.00849063
2870 	 2995 	 0.857338 	 0.00406565	0.00849388
2870 	 3000 	 0.857341 	 0.0040672	0.00849712
2870 	 3005 	 0.857344 	 0.00406875	0.00850036
2870 	 3010 	 0.857347 	 0.0040703	0.00850359
2870 	 3015 	 0.85735 	 0.00407184	0.00850681
2870 	 3020 	 0.857353 	 0.00407337	0.00851002
2870 	 3025 	 0.857356 	 0.00407491	0.00851323
2870 	 3030 	 0.857359 	 0.00407644	0.00851643
2870 	 3035 	 0.857362 	 0.00407797	0.00851962
2870 	 3040 	 0.857365 	 0.00407949	0.0085228
2870 	 3045 	 0.857368 	 0.00408101	0.00852598
2870 	 3050 	 0.857371 	 0.00408253	0.00852915
2870 	 3055 	 0.857374 	 0.00408405	0.00853231
2870 	 3060 	 0.857377 	 0.00408556	0.00853547
2870 	 3065 	 0.85738 	 0.00408706	0.00853862
2870 	 3070 	 0.857383 	 0.00408857	0.00854176
2870 	 3075 	 0.857386 	 0.00409007	0.0085449
2870 	 3080 	 0.857389 	 0.00409156	0.00854802
2870 	 3085 	 0.857392 	 0.00409306	0.00855115
2870 	 3090 	 0.857395 	 0.00409455	0.00855426
2870 	 3095 	 0.857398 	 0.00409604	0.00855737
2870 	 3100 	 0.857401 	 0.00409752	0.00856047
2870 	 3105 	 0.857404 	 0.004099	0.00856356
2870 	 3110 	 0.857407 	 0.00410048	0.00856665
2870 	 3115 	 0.85741 	 0.00410195	0.00856973
2870 	 3120 	 0.857413 	 0.00410342	0.0085728
2870 	 3125 	 0.857416 	 0.00410489	0.00857587
2870 	 3130 	 0.857419 	 0.00410636	0.00857893
2870 	 3135 	 0.857422 	 0.00410782	0.00858198
2870 	 3140 	 0.857424 	 0.00410928	0.00858502
2870 	 3145 	 0.857427 	 0.00411073	0.00858806
2870 	 3150 	 0.85743 	 0.00411218	0.0085911
2870 	 3155 	 0.857433 	 0.00411363	0.00859412
2870 	 3160 	 0.857436 	 0.00411508	0.00859714
2870 	 3165 	 0.857439 	 0.00411652	0.00860016
2870 	 3170 	 0.857441 	 0.00411796	0.00860316
2870 	 3175 	 0.857444 	 0.00411939	0.00860616
2870 	 3180 	 0.857447 	 0.00412083	0.00860915
2870 	 3185 	 0.85745 	 0.00412225	0.00861214
2870 	 3190 	 0.857453 	 0.00412368	0.00861512
2870 	 3195 	 0.857455 	 0.00412511	0.0086181
2870 	 3200 	 0.857458 	 0.00412653	0.00862106
2870 	 3205 	 0.857461 	 0.00412794	0.00862402
2870 	 3210 	 0.857464 	 0.00412936	0.00862698
2870 	 3215 	 0.857466 	 0.00413077	0.00862993
2870 	 3220 	 0.857469 	 0.00413218	0.00863287
2870 	 3225 	 0.857472 	 0.00413358	0.00863581
2870 	 3230 	 0.857475 	 0.00413498	0.00863874
2870 	 3235 	 0.857477 	 0.00413638	0.00864166
2870 	 3240 	 0.85748 	 0.00413778	0.00864458
2870 	 3245 	 0.857483 	 0.00413917	0.00864749
2870 	 3250 	 0.857486 	 0.00414056	0.00865039
2870 	 3255 	 0.857488 	 0.00414195	0.00865329
2870 	 3260 	 0.857491 	 0.00414334	0.00865618
2870 	 3265 	 0.857494 	 0.00414472	0.00865907
2870 	 3270 	 0.857496 	 0.0041461	0.00866195
2870 	 3275 	 0.857499 	 0.00414747	0.00866482
2870 	 3280 	 0.857502 	 0.00414884	0.00866769
2870 	 3285 	 0.857504 	 0.00415021	0.00867055
2870 	 3290 	 0.857507 	 0.00415158	0.00867341
2870 	 3295 	 0.857509 	 0.00415294	0.00867626
2870 	 3300 	 0.857512 	 0.00415431	0.0086791
2870 	 3305 	 0.857515 	 0.00415566	0.00868194
2870 	 3310 	 0.857517 	 0.00415702	0.00868477
2870 	 3315 	 0.85752 	 0.00415837	0.0086876
2870 	 3320 	 0.857522 	 0.00415972	0.00869042
2870 	 3325 	 0.857525 	 0.00416107	0.00869323
2870 	 3330 	 0.857528 	 0.00416241	0.00869604
2870 	 3335 	 0.85753 	 0.00416375	0.00869884
2870 	 3340 	 0.857533 	 0.00416509	0.00870164
2870 	 3345 	 0.857535 	 0.00416643	0.00870443
2870 	 3350 	 0.857538 	 0.00416776	0.00870721
2870 	 3355 	 0.85754 	 0.00416909	0.00870999
2870 	 3360 	 0.857543 	 0.00417042	0.00871277
2870 	 3365 	 0.857545 	 0.00417174	0.00871553
2870 	 3370 	 0.857548 	 0.00417307	0.00871829
2870 	 3375 	 0.857551 	 0.00417439	0.00872105
2870 	 3380 	 0.857553 	 0.0041757	0.0087238
2870 	 3385 	 0.857556 	 0.00417702	0.00872655
2870 	 3390 	 0.857558 	 0.00417833	0.00872929
2870 	 3395 	 0.85756 	 0.00417964	0.00873202
2870 	 3400 	 0.857563 	 0.00418094	0.00873475
2870 	 3405 	 0.857565 	 0.00418224	0.00873747
2870 	 3410 	 0.857568 	 0.00418354	0.00874019
2870 	 3415 	 0.85757 	 0.00418484	0.0087429
2870 	 3420 	 0.857573 	 0.00418614	0.0087456
2870 	 3425 	 0.857575 	 0.00418743	0.0087483
2870 	 3430 	 0.857578 	 0.00418872	0.008751
2870 	 3435 	 0.85758 	 0.00419001	0.00875369
2870 	 3440 	 0.857583 	 0.00419129	0.00875637
2870 	 3445 	 0.857585 	 0.00419257	0.00875905
2870 	 3450 	 0.857587 	 0.00419385	0.00876172
2870 	 3455 	 0.85759 	 0.00419513	0.00876439
2870 	 3460 	 0.857592 	 0.0041964	0.00876705
2870 	 3465 	 0.857595 	 0.00419768	0.00876971
2870 	 3470 	 0.857597 	 0.00419894	0.00877236
2870 	 3475 	 0.857599 	 0.00420021	0.00877501
2870 	 3480 	 0.857602 	 0.00420148	0.00877765
2870 	 3485 	 0.857604 	 0.00420274	0.00878028
2870 	 3490 	 0.857606 	 0.004204	0.00878291
2870 	 3495 	 0.857609 	 0.00420525	0.00878554
2870 	 3500 	 0.857611 	 0.00420651	0.00878816
2870 	 3505 	 0.857614 	 0.00420776	0.00879077
2870 	 3510 	 0.857616 	 0.00420901	0.00879338
2870 	 3515 	 0.857618 	 0.00421025	0.00879598
2870 	 3520 	 0.857621 	 0.0042115	0.00879858
2870 	 3525 	 0.857623 	 0.00421274	0.00880118
2870 	 3530 	 0.857625 	 0.00421398	0.00880377
2870 	 3535 	 0.857627 	 0.00421521	0.00880635
2870 	 3540 	 0.85763 	 0.00421645	0.00880893
2870 	 3545 	 0.857632 	 0.00421768	0.0088115
2870 	 3550 	 0.857634 	 0.00421891	0.00881407
2870 	 3555 	 0.857637 	 0.00422013	0.00881663
2870 	 3560 	 0.857639 	 0.00422136	0.00881919
2870 	 3565 	 0.857641 	 0.00422258	0.00882174
2870 	 3570 	 0.857643 	 0.0042238	0.00882429
2870 	 3575 	 0.857646 	 0.00422502	0.00882683
2870 	 3580 	 0.857648 	 0.00422623	0.00882937
2870 	 3585 	 0.85765 	 0.00422744	0.0088319
2870 	 3590 	 0.857652 	 0.00422865	0.00883443
2870 	 3595 	 0.857655 	 0.00422986	0.00883695
2870 	 3600 	 0.857657 	 0.00423107	0.00883947
2870 	 3605 	 0.857659 	 0.00423227	0.00884198
2870 	 3610 	 0.857661 	 0.00423347	0.00884449
2870 	 3615 	 0.857664 	 0.00423467	0.008847
2870 	 3620 	 0.857666 	 0.00423587	0.00884949
2870 	 3625 	 0.857668 	 0.00423706	0.00885199
2870 	 3630 	 0.85767 	 0.00423825	0.00885448
2870 	 3635 	 0.857672 	 0.00423944	0.00885696
2870 	 3640 	 0.857675 	 0.00424063	0.00885944
2870 	 3645 	 0.857677 	 0.00424181	0.00886191
2870 	 3650 	 0.857679 	 0.00424299	0.00886438
2870 	 3655 	 0.857681 	 0.00424417	0.00886685
2870 	 3660 	 0.857683 	 0.00424535	0.00886931
2870 	 3665 	 0.857685 	 0.00424652	0.00887176
2870 	 3670 	 0.857688 	 0.0042477	0.00887421
2870 	 3675 	 0.85769 	 0.00424887	0.00887666
2870 	 3680 	 0.857692 	 0.00425004	0.0088791
2870 	 3685 	 0.857694 	 0.0042512	0.00888154
2870 	 3690 	 0.857696 	 0.00425237	0.00888397
2870 	 3695 	 0.857698 	 0.00425353	0.0088864
2870 	 3700 	 0.8577 	 0.00425469	0.00888882
2870 	 3705 	 0.857702 	 0.00425585	0.00889124
2870 	 3710 	 0.857705 	 0.004257	0.00889365
2870 	 3715 	 0.857707 	 0.00425815	0.00889606
2870 	 3720 	 0.857709 	 0.0042593	0.00889846
2870 	 3725 	 0.857711 	 0.00426045	0.00890086
2870 	 3730 	 0.857713 	 0.0042616	0.00890326
2870 	 3735 	 0.857715 	 0.00426274	0.00890565
2870 	 3740 	 0.857717 	 0.00426389	0.00890803
2870 	 3745 	 0.857719 	 0.00426503	0.00891042
2870 	 3750 	 0.857721 	 0.00426616	0.00891279
2870 	 3755 	 0.857723 	 0.0042673	0.00891516
2870 	 3760 	 0.857725 	 0.00426843	0.00891753
2870 	 3765 	 0.857727 	 0.00426956	0.0089199
2870 	 3770 	 0.85773 	 0.00427069	0.00892226
2870 	 3775 	 0.857732 	 0.00427182	0.00892461
2870 	 3780 	 0.857734 	 0.00427294	0.00892696
2870 	 3785 	 0.857736 	 0.00427407	0.00892931
2870 	 3790 	 0.857738 	 0.00427519	0.00893165
2870 	 3795 	 0.85774 	 0.00427631	0.00893399
2870 	 3800 	 0.857742 	 0.00427742	0.00893632
2870 	 3805 	 0.857744 	 0.00427854	0.00893865
2870 	 3810 	 0.857746 	 0.00427965	0.00894097
2870 	 3815 	 0.857748 	 0.00428076	0.00894329
2870 	 3820 	 0.85775 	 0.00428187	0.00894561
2870 	 3825 	 0.857752 	 0.00428298	0.00894792
2870 	 3830 	 0.857754 	 0.00428408	0.00895022
2870 	 3835 	 0.857756 	 0.00428518	0.00895253
2870 	 3840 	 0.857758 	 0.00428628	0.00895482
2870 	 3845 	 0.85776 	 0.00428738	0.00895712
2870 	 3850 	 0.857762 	 0.00428848	0.00895941
2870 	 3855 	 0.857764 	 0.00428957	0.00896169
2870 	 3860 	 0.857766 	 0.00429066	0.00896398
2870 	 3865 	 0.857767 	 0.00429175	0.00896625
2870 	 3870 	 0.857769 	 0.00429284	0.00896853
2870 	 3875 	 0.857771 	 0.00429393	0.0089708
2870 	 3880 	 0.857773 	 0.00429501	0.00897306
2870 	 3885 	 0.857775 	 0.00429609	0.00897532
2870 	 3890 	 0.857777 	 0.00429717	0.00897758
2870 	 3895 	 0.857779 	 0.00429825	0.00897983
2870 	 3900 	 0.857781 	 0.00429933	0.00898208
2870 	 3905 	 0.857783 	 0.0043004	0.00898432
2870 	 3910 	 0.857785 	 0.00430147	0.00898656
2870 	 3915 	 0.857787 	 0.00430254	0.0089888
2870 	 3920 	 0.857789 	 0.00430361	0.00899103
2870 	 3925 	 0.857791 	 0.00430468	0.00899326
2870 	 3930 	 0.857793 	 0.00430574	0.00899548
2870 	 3935 	 0.857794 	 0.00430681	0.0089977
2870 	 3940 	 0.857796 	 0.00430787	0.00899992
2870 	 3945 	 0.857798 	 0.00430892	0.00900213
2870 	 3950 	 0.8578 	 0.00430998	0.00900434
2870 	 3955 	 0.857802 	 0.00431104	0.00900654
2870 	 3960 	 0.857804 	 0.00431209	0.00900874
2870 	 3965 	 0.857806 	 0.00431314	0.00901094
2870 	 3970 	 0.857808 	 0.00431419	0.00901313
2870 	 3975 	 0.857809 	 0.00431524	0.00901532
2870 	 3980 	 0.857811 	 0.00431628	0.0090175
2870 	 3985 	 0.857813 	 0.00431733	0.00901968
2870 	 3990 	 0.857815 	 0.00431837	0.00902186
2870 	 3995 	 0.857817 	 0.00431941	0.00902403
2870 	 4000 	 0.857819 	 0.00432045	0.0090262
2870 	 4005 	 0.85782 	 0.00432148	0.00902836
2870 	 4010 	 0.857822 	 0.00432252	0.00903052
2870 	 4015 	 0.857824 	 0.00432355	0.00903268
2870 	 4020 	 0.857826 	 0.00432458	0.00903483
2870 	 4025 	 0.857828 	 0.00432561	0.00903698
2870 	 4030 	 0.85783 	 0.00432663	0.00903913
2870 	 4035 	 0.857831 	 0.00432766	0.00904127
2870 	 4040 	 0.857833 	 0.00432868	0.00904341
2870 	 4045 	 0.857835 	 0.0043297	0.00904554
2870 	 4050 	 0.857837 	 0.00433072	0.00904767
2870 	 4055 	 0.857839 	 0.00433174	0.0090498
2870 	 4060 	 0.85784 	 0.00433276	0.00905192
2870 	 4065 	 0.857842 	 0.00433377	0.00905404
2870 	 4070 	 0.857844 	 0.00433479	0.00905616
2870 	 4075 	 0.857846 	 0.0043358	0.00905827
2870 	 4080 	 0.857847 	 0.00433681	0.00906038
2870 	 4085 	 0.857849 	 0.00433781	0.00906248
2870 	 4090 	 0.857851 	 0.00433882	0.00906458
2870 	 4095 	 0.857853 	 0.00433982	0.00906668
2870 	 4100 	 0.857854 	 0.00434082	0.00906877
2870 	 4105 	 0.857856 	 0.00434182	0.00907086
2870 	 4110 	 0.857858 	 0.00434282	0.00907295
2870 	 4115 	 0.85786 	 0.00434382	0.00907503
2870 	 4120 	 0.857861 	 0.00434481	0.00907711
2870 	 4125 	 0.857863 	 0.00434581	0.00907918
2870 	 4130 	 0.857865 	 0.0043468	0.00908126
2870 	 4135 	 0.857867 	 0.00434779	0.00908332
2870 	 4140 	 0.857868 	 0.00434878	0.00908539
2870 	 4145 	 0.85787 	 0.00434976	0.00908745
2870 	 4150 	 0.857872 	 0.00435075	0.00908951
2870 	 4155 	 0.857874 	 0.00435173	0.00909156
2870 	 4160 	 0.857875 	 0.00435271	0.00909361
2870 	 4165 	 0.857877 	 0.00435369	0.00909566
2870 	 4170 	 0.857879 	 0.00435467	0.0090977
2870 	 4175 	 0.85788 	 0.00435565	0.00909974
2870 	 4180 	 0.857882 	 0.00435662	0.00910177
2870 	 4185 	 0.857884 	 0.00435759	0.00910381
2870 	 4190 	 0.857885 	 0.00435856	0.00910584
2870 	 4195 	 0.857887 	 0.00435953	0.00910786
2870 	 4200 	 0.857889 	 0.0043605	0.00910988
2870 	 4205 	 0.85789 	 0.00436147	0.0091119
2870 	 4210 	 0.857892 	 0.00436243	0.00911392
2870 	 4215 	 0.857894 	 0.0043634	0.00911593
2870 	 4220 	 0.857895 	 0.00436436	0.00911794
2870 	 4225 	 0.857897 	 0.00436532	0.00911994
2870 	 4230 	 0.857899 	 0.00436628	0.00912194
2870 	 4235 	 0.8579 	 0.00436723	0.00912394
2870 	 4240 	 0.857902 	 0.00436819	0.00912594
2870 	 4245 	 0.857904 	 0.00436914	0.00912793
2870 	 4250 	 0.857905 	 0.00437009	0.00912992
2870 	 4255 	 0.857907 	 0.00437104	0.0091319
2870 	 4260 	 0.857909 	 0.00437199	0.00913388
2870 	 4265 	 0.85791 	 0.00437294	0.00913586
2870 	 4270 	 0.857912 	 0.00437388	0.00913784
2870 	 4275 	 0.857913 	 0.00437483	0.00913981
2870 	 4280 	 0.857915 	 0.00437577	0.00914177
2870 	 4285 	 0.857917 	 0.00437671	0.00914374
2870 	 4290 	 0.857918 	 0.00437765	0.0091457
2870 	 4295 	 0.85792 	 0.00437858	0.00914766
2870 	 4300 	 0.857922 	 0.00437952	0.00914961
2870 	 4305 	 0.857923 	 0.00438045	0.00915157
2870 	 4310 	 0.857925 	 0.00438139	0.00915351
2870 	 4315 	 0.857926 	 0.00438232	0.00915546
2870 	 4320 	 0.857928 	 0.00438325	0.0091574
2870 	 4325 	 0.85793 	 0.00438417	0.00915934
2870 	 4330 	 0.857931 	 0.0043851	0.00916127
2870 	 4335 	 0.857933 	 0.00438603	0.00916321
2870 	 4340 	 0.857934 	 0.00438695	0.00916514
2870 	 4345 	 0.857936 	 0.00438787	0.00916706
2870 	 4350 	 0.857937 	 0.00438879	0.00916898
2870 	 4355 	 0.857939 	 0.00438971	0.0091709
2870 	 4360 	 0.857941 	 0.00439063	0.00917282
2870 	 4365 	 0.857942 	 0.00439154	0.00917473
2870 	 4370 	 0.857944 	 0.00439246	0.00917664
2870 	 4375 	 0.857945 	 0.00439337	0.00917855
2870 	 4380 	 0.857947 	 0.00439428	0.00918045
2870 	 4385 	 0.857948 	 0.00439519	0.00918235
2870 	 4390 	 0.85795 	 0.0043961	0.00918425
2870 	 4395 	 0.857951 	 0.004397	0.00918614
2870 	 4400 	 0.857953 	 0.00439791	0.00918804
2870 	 4405 	 0.857954 	 0.00439881	0.00918992
2870 	 4410 	 0.857956 	 0.00439972	0.00919181
2870 	 4415 	 0.857958 	 0.00440062	0.00919369
2870 	 4420 	 0.857959 	 0.00440152	0.00919557
2870 	 4425 	 0.857961 	 0.00440241	0.00919744
2870 	 4430 	 0.857962 	 0.00440331	0.00919932
2870 	 4435 	 0.857964 	 0.0044042	0.00920119
2870 	 4440 	 0.857965 	 0.0044051	0.00920305
2870 	 4445 	 0.857967 	 0.00440599	0.00920492
2870 	 4450 	 0.857968 	 0.00440688	0.00920678
2870 	 4455 	 0.85797 	 0.00440777	0.00920863
2870 	 4460 	 0.857971 	 0.00440866	0.00921049
2870 	 4465 	 0.857973 	 0.00440954	0.00921234
2870 	 4470 	 0.857974 	 0.00441043	0.00921419
2870 	 4475 	 0.857976 	 0.00441131	0.00921603
2870 	 4480 	 0.857977 	 0.00441219	0.00921788
2870 	 4485 	 0.857979 	 0.00441307	0.00921971
2870 	 4490 	 0.85798 	 0.00441395	0.00922155
2870 	 4495 	 0.857982 	 0.00441483	0.00922338
2870 	 4500 	 0.857983 	 0.00441571	0.00922522
2870 	 4505 	 0.857985 	 0.00441658	0.00922704
2870 	 4510 	 0.857986 	 0.00441745	0.00922887
2870 	 4515 	 0.857988 	 0.00441833	0.00923069
2870 	 4520 	 0.857989 	 0.0044192	0.00923251
2870 	 4525 	 0.85799 	 0.00442007	0.00923432
2870 	 4530 	 0.857992 	 0.00442093	0.00923614
2870 	 4535 	 0.857993 	 0.0044218	0.00923795
2870 	 4540 	 0.857995 	 0.00442267	0.00923975
2870 	 4545 	 0.857996 	 0.00442353	0.00924156
2870 	 4550 	 0.857998 	 0.00442439	0.00924336
2870 	 4555 	 0.857999 	 0.00442525	0.00924516
2870 	 4560 	 0.858001 	 0.00442611	0.00924695
2870 	 4565 	 0.858002 	 0.00442697	0.00924875
2870 	 4570 	 0.858003 	 0.00442783	0.00925054
2870 	 4575 	 0.858005 	 0.00442868	0.00925232
2870 	 4580 	 0.858006 	 0.00442954	0.00925411
2870 	 4585 	 0.858008 	 0.00443039	0.00925589
2870 	 4590 	 0.858009 	 0.00443124	0.00925767
2870 	 4595 	 0.858011 	 0.00443209	0.00925944
2870 	 4600 	 0.858012 	 0.00443294	0.00926122
2870 	 4605 	 0.858013 	 0.00443379	0.00926299
2870 	 4610 	 0.858015 	 0.00443463	0.00926476
2870 	 4615 	 0.858016 	 0.00443548	0.00926652
2870 	 4620 	 0.858018 	 0.00443632	0.00926828
2870 	 4625 	 0.858019 	 0.00443716	0.00927004
2870 	 4630 	 0.85802 	 0.004438	0.0092718
2870 	 4635 	 0.858022 	 0.00443884	0.00927355
2870 	 4640 	 0.858023 	 0.00443968	0.0092753
2870 	 4645 	 0.858025 	 0.00444052	0.00927705
2870 	 4650 	 0.858026 	 0.00444135	0.0092788
2870 	 4655 	 0.858027 	 0.00444219	0.00928054
2870 	 4660 	 0.858029 	 0.00444302	0.00928228
2870 	 4665 	 0.85803 	 0.00444385	0.00928402
2870 	 4670 	 0.858032 	 0.00444468	0.00928575
2870 	 4675 	 0.858033 	 0.00444551	0.00928748
2870 	 4680 	 0.858034 	 0.00444634	0.00928921
2870 	 4685 	 0.858036 	 0.00444717	0.00929094
2870 	 4690 	 0.858037 	 0.00444799	0.00929266
2870 	 4695 	 0.858038 	 0.00444881	0.00929438
2870 	 4700 	 0.85804 	 0.00444964	0.0092961
2870 	 4705 	 0.858041 	 0.00445046	0.00929782
2870 	 4710 	 0.858043 	 0.00445128	0.00929953
2870 	 4715 	 0.858044 	 0.0044521	0.00930124
2870 	 4720 	 0.858045 	 0.00445291	0.00930295
2870 	 4725 	 0.858047 	 0.00445373	0.00930465
2870 	 4730 	 0.858048 	 0.00445455	0.00930636
2870 	 4735 	 0.858049 	 0.00445536	0.00930806
2870 	 4740 	 0.858051 	 0.00445617	0.00930975
2870 	 4745 	 0.858052 	 0.00445698	0.00931145
2870 	 4750 	 0.858053 	 0.00445779	0.00931314
2870 	 4755 	 0.858055 	 0.0044586	0.00931483
2870 	 4760 	 0.858056 	 0.00445941	0.00931652
2870 	 4765 	 0.858057 	 0.00446022	0.0093182
2870 	 4770 	 0.858059 	 0.00446102	0.00931988
2870 	 4775 	 0.85806 	 0.00446182	0.00932156
2870 	 4780 	 0.858061 	 0.00446263	0.00932324
2870 	 4785 	 0.858063 	 0.00446343	0.00932491
2870 	 4790 	 0.858064 	 0.00446423	0.00932659
2870 	 4795 	 0.858065 	 0.00446503	0.00932826
2870 	 4800 	 0.858067 	 0.00446582	0.00932992
2870 	 4805 	 0.858068 	 0.00446662	0.00933159
2870 	 4810 	 0.858069 	 0.00446742	0.00933325
2870 	 4815 	 0.85807 	 0.00446821	0.00933491
2870 	 4820 	 0.858072 	 0.004469	0.00933656
2870 	 4825 	 0.858073 	 0.0044698	0.00933822
2870 	 4830 	 0.858074 	 0.00447059	0.00933987
2870 	 4835 	 0.858076 	 0.00447138	0.00934152
2870 	 4840 	 0.858077 	 0.00447216	0.00934316
2870 	 4845 	 0.858078 	 0.00447295	0.00934481
2870 	 4850 	 0.858079 	 0.00447374	0.00934645
2870 	 4855 	 0.858081 	 0.00447452	0.00934809
2870 	 4860 	 0.858082 	 0.0044753	0.00934972
2870 	 4865 	 0.858083 	 0.00447609	0.00935136
2870 	 4870 	 0.858085 	 0.00447687	0.00935299
2870 	 4875 	 0.858086 	 0.00447765	0.00935462
2870 	 4880 	 0.858087 	 0.00447843	0.00935625
2870 	 4885 	 0.858088 	 0.0044792	0.00935787
2870 	 4890 	 0.85809 	 0.00447998	0.00935949
2870 	 4895 	 0.858091 	 0.00448075	0.00936111
2870 	 4900 	 0.858092 	 0.00448153	0.00936273
2870 	 4905 	 0.858093 	 0.0044823	0.00936434
2870 	 4910 	 0.858095 	 0.00448307	0.00936596
2870 	 4915 	 0.858096 	 0.00448384	0.00936757
2870 	 4920 	 0.858097 	 0.00448461	0.00936917
2870 	 4925 	 0.858099 	 0.00448538	0.00937078
2870 	 4930 	 0.8581 	 0.00448615	0.00937238
2870 	 4935 	 0.858101 	 0.00448691	0.00937398
2870 	 4940 	 0.858102 	 0.00448768	0.00937558
2870 	 4945 	 0.858103 	 0.00448844	0.00937718
2870 	 4950 	 0.858105 	 0.00448921	0.00937877
2870 	 4955 	 0.858106 	 0.00448997	0.00938036
2870 	 4960 	 0.858107 	 0.00449073	0.00938195
2870 	 4965 	 0.858108 	 0.00449149	0.00938353
2870 	 4970 	 0.85811 	 0.00449225	0.00938512
2870 	 4975 	 0.858111 	 0.004493	0.0093867
2870 	 4980 	 0.858112 	 0.00449376	0.00938828
2870 	 4985 	 0.858113 	 0.00449451	0.00938986
2870 	 4990 	 0.858115 	 0.00449527	0.00939143
2870 	 4995 	 0.858116 	 0.00449602	0.009393
2870 	 5000 	 0.858117 	 0.00449677	0.00939457
