2945 	 5 	 0.728913 	 0.00669347	0.0139839
2945 	 10 	 0.729514 	 0.00630002	0.0131619
2945 	 15 	 0.730651 	 0.00568758	0.0118824
2945 	 20 	 0.732763 	 0.00482758	0.0100857
2945 	 25 	 0.736557 	 0.00386073	0.00806578
2945 	 30 	 0.742982 	 0.00323983	0.00676859
2945 	 35 	 0.752849 	 0.00312686	0.00653258
2945 	 40 	 0.765939 	 0.00278176	0.00581161
2945 	 45 	 0.781309 	 0.00303317	0.00633685
2945 	 50 	 0.795491 	 0.00298071	0.00622724
2945 	 55 	 0.806186 	 0.00271176	0.00566536
2945 	 60 	 0.813404 	 0.00233306	0.00487418
2945 	 65 	 0.818029 	 0.00211126	0.00441081
2945 	 70 	 0.821009 	 0.00208771	0.0043616
2945 	 75 	 0.823025 	 0.00214732	0.00448615
2945 	 80 	 0.824497 	 0.00221115	0.00461949
2945 	 85 	 0.825664 	 0.00225854	0.00471849
2945 	 90 	 0.826654 	 0.00229189	0.00478817
2945 	 95 	 0.827537 	 0.00231703	0.0048407
2945 	 100 	 0.828349 	 0.00233777	0.00488403
2945 	 105 	 0.829112 	 0.00235568	0.00492145
2945 	 110 	 0.829835 	 0.00237108	0.00495361
2945 	 115 	 0.830526 	 0.00238374	0.00498007
2945 	 120 	 0.831188 	 0.00239341	0.00500027
2945 	 125 	 0.831823 	 0.00239992	0.00501388
2945 	 130 	 0.832434 	 0.00240328	0.00502089
2945 	 135 	 0.833022 	 0.00240361	0.00502159
2945 	 140 	 0.833587 	 0.00240116	0.00501647
2945 	 145 	 0.834132 	 0.00239623	0.00500617
2945 	 150 	 0.834656 	 0.00238915	0.00499136
2945 	 155 	 0.835162 	 0.00238025	0.00497277
2945 	 160 	 0.835649 	 0.00236986	0.00495107
2945 	 165 	 0.836119 	 0.0023583	0.00492693
2945 	 170 	 0.836573 	 0.00234586	0.00490093
2945 	 175 	 0.83701 	 0.00233279	0.00487362
2945 	 180 	 0.837433 	 0.00231931	0.00484547
2945 	 185 	 0.83784 	 0.00230564	0.00481691
2945 	 190 	 0.838234 	 0.00229195	0.0047883
2945 	 195 	 0.838615 	 0.00227837	0.00475994
2945 	 200 	 0.838983 	 0.00226505	0.00473209
2945 	 205 	 0.839339 	 0.00225207	0.00470498
2945 	 210 	 0.839683 	 0.00223953	0.00467878
2945 	 215 	 0.840016 	 0.00222749	0.00465363
2945 	 220 	 0.840339 	 0.002216	0.00462964
2945 	 225 	 0.840651 	 0.00220511	0.00460689
2945 	 230 	 0.840954 	 0.00219485	0.00458544
2945 	 235 	 0.841247 	 0.00218523	0.00456535
2945 	 240 	 0.841532 	 0.00217627	0.00454662
2945 	 245 	 0.841808 	 0.00216797	0.00452928
2945 	 250 	 0.842075 	 0.00216033	0.00451332
2945 	 255 	 0.842335 	 0.00215334	0.00449873
2945 	 260 	 0.842587 	 0.002147	0.00448548
2945 	 265 	 0.842832 	 0.0021413	0.00447356
2945 	 270 	 0.84307 	 0.00213621	0.00446293
2945 	 275 	 0.843301 	 0.00213172	0.00445355
2945 	 280 	 0.843526 	 0.00212781	0.00444539
2945 	 285 	 0.843745 	 0.00212447	0.00443841
2945 	 290 	 0.843958 	 0.00212168	0.00443257
2945 	 295 	 0.844165 	 0.0021194	0.00442781
2945 	 300 	 0.844366 	 0.00211762	0.0044241
2945 	 305 	 0.844562 	 0.00211633	0.0044214
2945 	 310 	 0.844754 	 0.0021155	0.00441966
2945 	 315 	 0.84494 	 0.0021151	0.00441884
2945 	 320 	 0.845121 	 0.00211513	0.00441889
2945 	 325 	 0.845298 	 0.00211556	0.00441978
2945 	 330 	 0.845471 	 0.00211636	0.00442147
2945 	 335 	 0.845639 	 0.00211753	0.00442391
2945 	 340 	 0.845804 	 0.00211905	0.00442707
2945 	 345 	 0.845964 	 0.00212089	0.00443092
2945 	 350 	 0.846121 	 0.00212304	0.00443542
2945 	 355 	 0.846273 	 0.00212549	0.00444053
2945 	 360 	 0.846423 	 0.00212822	0.00444623
2945 	 365 	 0.846569 	 0.00213121	0.00445248
2945 	 370 	 0.846711 	 0.00213445	0.00445926
2945 	 375 	 0.846851 	 0.00213794	0.00446654
2945 	 380 	 0.846987 	 0.00214164	0.00447429
2945 	 385 	 0.84712 	 0.00214557	0.00448248
2945 	 390 	 0.84725 	 0.00214969	0.00449109
2945 	 395 	 0.847378 	 0.002154	0.0045001
2945 	 400 	 0.847503 	 0.0021585	0.00450949
2945 	 405 	 0.847625 	 0.00216316	0.00451923
2945 	 410 	 0.847745 	 0.00216798	0.00452931
2945 	 415 	 0.847862 	 0.00217296	0.00453971
2945 	 420 	 0.847976 	 0.00217808	0.0045504
2945 	 425 	 0.848089 	 0.00218333	0.00456138
2945 	 430 	 0.848199 	 0.00218871	0.00457262
2945 	 435 	 0.848307 	 0.00219421	0.00458411
2945 	 440 	 0.848413 	 0.00219983	0.00459584
2945 	 445 	 0.848516 	 0.00220555	0.00460779
2945 	 450 	 0.848618 	 0.00221136	0.00461994
2945 	 455 	 0.848718 	 0.00221728	0.00463229
2945 	 460 	 0.848816 	 0.00222328	0.00464483
2945 	 465 	 0.848912 	 0.00222936	0.00465754
2945 	 470 	 0.849006 	 0.00223552	0.0046704
2945 	 475 	 0.849099 	 0.00224175	0.00468342
2945 	 480 	 0.849189 	 0.00224805	0.00469658
2945 	 485 	 0.849279 	 0.00225441	0.00470987
2945 	 490 	 0.849366 	 0.00226083	0.00472329
2945 	 495 	 0.849452 	 0.00226731	0.00473682
2945 	 500 	 0.849537 	 0.00227383	0.00475045
2945 	 505 	 0.84962 	 0.00228041	0.00476419
2945 	 510 	 0.849701 	 0.00228702	0.00477801
2945 	 515 	 0.849781 	 0.00229368	0.00479192
2945 	 520 	 0.84986 	 0.00230038	0.00480591
2945 	 525 	 0.849937 	 0.00230711	0.00481997
2945 	 530 	 0.850014 	 0.00231387	0.00483409
2945 	 535 	 0.850088 	 0.00232066	0.00484828
2945 	 540 	 0.850162 	 0.00232747	0.00486252
2945 	 545 	 0.850235 	 0.00233431	0.00487681
2945 	 550 	 0.850306 	 0.00234117	0.00489114
2945 	 555 	 0.850376 	 0.00234805	0.00490551
2945 	 560 	 0.850445 	 0.00235495	0.00491992
2945 	 565 	 0.850513 	 0.00236186	0.00493436
2945 	 570 	 0.85058 	 0.00236879	0.00494883
2945 	 575 	 0.850645 	 0.00237572	0.00496331
2945 	 580 	 0.85071 	 0.00238267	0.00497782
2945 	 585 	 0.850774 	 0.00238962	0.00499235
2945 	 590 	 0.850837 	 0.00239658	0.00500688
2945 	 595 	 0.850899 	 0.00240354	0.00502143
2945 	 600 	 0.850959 	 0.0024105	0.00503598
2945 	 605 	 0.851019 	 0.00241747	0.00505054
2945 	 610 	 0.851079 	 0.00242444	0.0050651
2945 	 615 	 0.851137 	 0.00243141	0.00507965
2945 	 620 	 0.851194 	 0.00243837	0.0050942
2945 	 625 	 0.851251 	 0.00244533	0.00510874
2945 	 630 	 0.851307 	 0.00245229	0.00512328
2945 	 635 	 0.851362 	 0.00245924	0.0051378
2945 	 640 	 0.851416 	 0.00246619	0.00515231
2945 	 645 	 0.851469 	 0.00247312	0.0051668
2945 	 650 	 0.851522 	 0.00248005	0.00518128
2945 	 655 	 0.851574 	 0.00248697	0.00519574
2945 	 660 	 0.851625 	 0.00249388	0.00521018
2945 	 665 	 0.851676 	 0.00250078	0.00522459
2945 	 670 	 0.851726 	 0.00250767	0.00523898
2945 	 675 	 0.851775 	 0.00251455	0.00525335
2945 	 680 	 0.851823 	 0.00252141	0.00526768
2945 	 685 	 0.851871 	 0.00252826	0.00528199
2945 	 690 	 0.851918 	 0.0025351	0.00529628
2945 	 695 	 0.851965 	 0.00254192	0.00531053
2945 	 700 	 0.852011 	 0.00254872	0.00532475
2945 	 705 	 0.852057 	 0.00255551	0.00533893
2945 	 710 	 0.852101 	 0.00256229	0.00535308
2945 	 715 	 0.852146 	 0.00256904	0.0053672
2945 	 720 	 0.85219 	 0.00257578	0.00538128
2945 	 725 	 0.852233 	 0.00258251	0.00539533
2945 	 730 	 0.852275 	 0.00258921	0.00540934
2945 	 735 	 0.852317 	 0.0025959	0.00542331
2945 	 740 	 0.852359 	 0.00260257	0.00543724
2945 	 745 	 0.8524 	 0.00260922	0.00545113
2945 	 750 	 0.852441 	 0.00261585	0.00546498
2945 	 755 	 0.852481 	 0.00262246	0.00547879
2945 	 760 	 0.85252 	 0.00262905	0.00549256
2945 	 765 	 0.85256 	 0.00263562	0.00550629
2945 	 770 	 0.852598 	 0.00264217	0.00551997
2945 	 775 	 0.852636 	 0.0026487	0.00553361
2945 	 780 	 0.852674 	 0.00265521	0.00554721
2945 	 785 	 0.852712 	 0.0026617	0.00556077
2945 	 790 	 0.852748 	 0.00266816	0.00557428
2945 	 795 	 0.852785 	 0.00267461	0.00558774
2945 	 800 	 0.852821 	 0.00268103	0.00560116
2945 	 805 	 0.852857 	 0.00268743	0.00561454
2945 	 810 	 0.852892 	 0.00269381	0.00562787
2945 	 815 	 0.852927 	 0.00270017	0.00564115
2945 	 820 	 0.852961 	 0.00270651	0.00565439
2945 	 825 	 0.852995 	 0.00271282	0.00566758
2945 	 830 	 0.853029 	 0.00271911	0.00568072
2945 	 835 	 0.853062 	 0.00272538	0.00569382
2945 	 840 	 0.853095 	 0.00273163	0.00570687
2945 	 845 	 0.853128 	 0.00273785	0.00571987
2945 	 850 	 0.85316 	 0.00274405	0.00573283
2945 	 855 	 0.853192 	 0.00275023	0.00574574
2945 	 860 	 0.853224 	 0.00275639	0.0057586
2945 	 865 	 0.853255 	 0.00276252	0.00577141
2945 	 870 	 0.853286 	 0.00276863	0.00578418
2945 	 875 	 0.853316 	 0.00277472	0.00579689
2945 	 880 	 0.853347 	 0.00278078	0.00580956
2945 	 885 	 0.853377 	 0.00278682	0.00582218
2945 	 890 	 0.853406 	 0.00279284	0.00583476
2945 	 895 	 0.853436 	 0.00279884	0.00584728
2945 	 900 	 0.853465 	 0.00280481	0.00585976
2945 	 905 	 0.853493 	 0.00281076	0.00587219
2945 	 910 	 0.853522 	 0.00281669	0.00588457
2945 	 915 	 0.85355 	 0.00282259	0.00589691
2945 	 920 	 0.853578 	 0.00282847	0.00590919
2945 	 925 	 0.853605 	 0.00283433	0.00592143
2945 	 930 	 0.853633 	 0.00284016	0.00593362
2945 	 935 	 0.85366 	 0.00284598	0.00594576
2945 	 940 	 0.853687 	 0.00285177	0.00595786
2945 	 945 	 0.853713 	 0.00285753	0.00596991
2945 	 950 	 0.853739 	 0.00286328	0.0059819
2945 	 955 	 0.853766 	 0.002869	0.00599386
2945 	 960 	 0.853791 	 0.00287469	0.00600576
2945 	 965 	 0.853817 	 0.00288037	0.00601762
2945 	 970 	 0.853842 	 0.00288602	0.00602943
2945 	 975 	 0.853867 	 0.00289165	0.00604119
2945 	 980 	 0.853892 	 0.00289726	0.00605291
2945 	 985 	 0.853917 	 0.00290285	0.00606458
2945 	 990 	 0.853941 	 0.00290841	0.0060762
2945 	 995 	 0.853965 	 0.00291395	0.00608777
2945 	 1000 	 0.853989 	 0.00291947	0.0060993
2945 	 1005 	 0.854013 	 0.00292496	0.00611078
2945 	 1010 	 0.854036 	 0.00293044	0.00612222
2945 	 1015 	 0.854059 	 0.00293589	0.00613361
2945 	 1020 	 0.854082 	 0.00294132	0.00614495
2945 	 1025 	 0.854105 	 0.00294673	0.00615625
2945 	 1030 	 0.854128 	 0.00295211	0.00616751
2945 	 1035 	 0.85415 	 0.00295748	0.00617871
2945 	 1040 	 0.854173 	 0.00296282	0.00618987
2945 	 1045 	 0.854195 	 0.00296814	0.00620099
2945 	 1050 	 0.854216 	 0.00297344	0.00621206
2945 	 1055 	 0.854238 	 0.00297872	0.00622309
2945 	 1060 	 0.85426 	 0.00298398	0.00623407
2945 	 1065 	 0.854281 	 0.00298921	0.00624501
2945 	 1070 	 0.854302 	 0.00299443	0.0062559
2945 	 1075 	 0.854323 	 0.00299962	0.00626675
2945 	 1080 	 0.854344 	 0.00300479	0.00627756
2945 	 1085 	 0.854364 	 0.00300994	0.00628832
2945 	 1090 	 0.854385 	 0.00301507	0.00629903
2945 	 1095 	 0.854405 	 0.00302018	0.00630971
2945 	 1100 	 0.854425 	 0.00302527	0.00632034
2945 	 1105 	 0.854445 	 0.00303034	0.00633093
2945 	 1110 	 0.854464 	 0.00303538	0.00634147
2945 	 1115 	 0.854484 	 0.00304041	0.00635197
2945 	 1120 	 0.854503 	 0.00304542	0.00636243
2945 	 1125 	 0.854523 	 0.0030504	0.00637285
2945 	 1130 	 0.854542 	 0.00305537	0.00638322
2945 	 1135 	 0.854561 	 0.00306032	0.00639356
2945 	 1140 	 0.854579 	 0.00306524	0.00640385
2945 	 1145 	 0.854598 	 0.00307015	0.0064141
2945 	 1150 	 0.854616 	 0.00307503	0.00642431
2945 	 1155 	 0.854635 	 0.0030799	0.00643447
2945 	 1160 	 0.854653 	 0.00308475	0.0064446
2945 	 1165 	 0.854671 	 0.00308957	0.00645468
2945 	 1170 	 0.854689 	 0.00309438	0.00646473
2945 	 1175 	 0.854707 	 0.00309917	0.00647473
2945 	 1180 	 0.854724 	 0.00310394	0.0064847
2945 	 1185 	 0.854742 	 0.00310869	0.00649462
2945 	 1190 	 0.854759 	 0.00311342	0.0065045
2945 	 1195 	 0.854776 	 0.00311813	0.00651435
2945 	 1200 	 0.854793 	 0.00312283	0.00652415
2945 	 1205 	 0.85481 	 0.0031275	0.00653392
2945 	 1210 	 0.854827 	 0.00313216	0.00654364
2945 	 1215 	 0.854844 	 0.00313679	0.00655333
2945 	 1220 	 0.85486 	 0.00314141	0.00656298
2945 	 1225 	 0.854877 	 0.00314601	0.00657259
2945 	 1230 	 0.854893 	 0.00315059	0.00658216
2945 	 1235 	 0.854909 	 0.00315516	0.0065917
2945 	 1240 	 0.854925 	 0.0031597	0.00660119
2945 	 1245 	 0.854941 	 0.00316423	0.00661065
2945 	 1250 	 0.854957 	 0.00316874	0.00662007
2945 	 1255 	 0.854973 	 0.00317323	0.00662945
2945 	 1260 	 0.854988 	 0.0031777	0.0066388
2945 	 1265 	 0.855004 	 0.00318216	0.00664811
2945 	 1270 	 0.855019 	 0.0031866	0.00665738
2945 	 1275 	 0.855034 	 0.00319102	0.00666662
2945 	 1280 	 0.855049 	 0.00319542	0.00667581
2945 	 1285 	 0.855064 	 0.00319981	0.00668498
2945 	 1290 	 0.855079 	 0.00320417	0.0066941
2945 	 1295 	 0.855094 	 0.00320853	0.0067032
2945 	 1300 	 0.855109 	 0.00321286	0.00671225
2945 	 1305 	 0.855124 	 0.00321718	0.00672127
2945 	 1310 	 0.855138 	 0.00322148	0.00673026
2945 	 1315 	 0.855152 	 0.00322576	0.00673921
2945 	 1320 	 0.855167 	 0.00323003	0.00674812
2945 	 1325 	 0.855181 	 0.00323428	0.006757
2945 	 1330 	 0.855195 	 0.00323851	0.00676584
2945 	 1335 	 0.855209 	 0.00324273	0.00677466
2945 	 1340 	 0.855223 	 0.00324693	0.00678343
2945 	 1345 	 0.855237 	 0.00325112	0.00679218
2945 	 1350 	 0.855251 	 0.00325529	0.00680088
2945 	 1355 	 0.855264 	 0.00325944	0.00680956
2945 	 1360 	 0.855278 	 0.00326357	0.0068182
2945 	 1365 	 0.855291 	 0.00326769	0.00682681
2945 	 1370 	 0.855304 	 0.0032718	0.00683539
2945 	 1375 	 0.855318 	 0.00327589	0.00684393
2945 	 1380 	 0.855331 	 0.00327996	0.00685244
2945 	 1385 	 0.855344 	 0.00328402	0.00686091
2945 	 1390 	 0.855357 	 0.00328806	0.00686936
2945 	 1395 	 0.85537 	 0.00329209	0.00687777
2945 	 1400 	 0.855383 	 0.0032961	0.00688615
2945 	 1405 	 0.855395 	 0.0033001	0.0068945
2945 	 1410 	 0.855408 	 0.00330408	0.00690282
2945 	 1415 	 0.855421 	 0.00330804	0.0069111
2945 	 1420 	 0.855433 	 0.00331199	0.00691936
2945 	 1425 	 0.855446 	 0.00331593	0.00692758
2945 	 1430 	 0.855458 	 0.00331985	0.00693577
2945 	 1435 	 0.85547 	 0.00332376	0.00694393
2945 	 1440 	 0.855482 	 0.00332765	0.00695206
2945 	 1445 	 0.855494 	 0.00333152	0.00696016
2945 	 1450 	 0.855506 	 0.00333539	0.00696823
2945 	 1455 	 0.855518 	 0.00333923	0.00697627
2945 	 1460 	 0.85553 	 0.00334307	0.00698428
2945 	 1465 	 0.855542 	 0.00334689	0.00699225
2945 	 1470 	 0.855554 	 0.00335069	0.0070002
2945 	 1475 	 0.855565 	 0.00335448	0.00700812
2945 	 1480 	 0.855577 	 0.00335826	0.00701601
2945 	 1485 	 0.855589 	 0.00336202	0.00702387
2945 	 1490 	 0.8556 	 0.00336577	0.0070317
2945 	 1495 	 0.855611 	 0.0033695	0.00703951
2945 	 1500 	 0.855623 	 0.00337322	0.00704728
2945 	 1505 	 0.855634 	 0.00337693	0.00705503
2945 	 1510 	 0.855645 	 0.00338063	0.00706274
2945 	 1515 	 0.855656 	 0.00338431	0.00707043
2945 	 1520 	 0.855667 	 0.00338797	0.00707809
2945 	 1525 	 0.855678 	 0.00339162	0.00708572
2945 	 1530 	 0.855689 	 0.00339526	0.00709333
2945 	 1535 	 0.8557 	 0.00339889	0.0071009
2945 	 1540 	 0.85571 	 0.0034025	0.00710845
2945 	 1545 	 0.855721 	 0.0034061	0.00711597
2945 	 1550 	 0.855732 	 0.00340969	0.00712347
2945 	 1555 	 0.855742 	 0.00341326	0.00713093
2945 	 1560 	 0.855753 	 0.00341683	0.00713837
2945 	 1565 	 0.855763 	 0.00342037	0.00714578
2945 	 1570 	 0.855774 	 0.00342391	0.00715317
2945 	 1575 	 0.855784 	 0.00342743	0.00716053
2945 	 1580 	 0.855794 	 0.00343094	0.00716786
2945 	 1585 	 0.855804 	 0.00343444	0.00717517
2945 	 1590 	 0.855814 	 0.00343792	0.00718245
2945 	 1595 	 0.855825 	 0.0034414	0.0071897
2945 	 1600 	 0.855835 	 0.00344486	0.00719693
2945 	 1605 	 0.855845 	 0.0034483	0.00720414
2945 	 1610 	 0.855854 	 0.00345174	0.00721131
2945 	 1615 	 0.855864 	 0.00345516	0.00721846
2945 	 1620 	 0.855874 	 0.00345857	0.00722559
2945 	 1625 	 0.855884 	 0.00346197	0.00723269
2945 	 1630 	 0.855893 	 0.00346536	0.00723977
2945 	 1635 	 0.855903 	 0.00346873	0.00724682
2945 	 1640 	 0.855913 	 0.0034721	0.00725384
2945 	 1645 	 0.855922 	 0.00347545	0.00726085
2945 	 1650 	 0.855932 	 0.00347879	0.00726782
2945 	 1655 	 0.855941 	 0.00348212	0.00727478
2945 	 1660 	 0.85595 	 0.00348543	0.0072817
2945 	 1665 	 0.85596 	 0.00348874	0.00728861
2945 	 1670 	 0.855969 	 0.00349203	0.00729549
2945 	 1675 	 0.855978 	 0.00349531	0.00730234
2945 	 1680 	 0.855987 	 0.00349858	0.00730918
2945 	 1685 	 0.855996 	 0.00350184	0.00731598
2945 	 1690 	 0.856005 	 0.00350509	0.00732277
2945 	 1695 	 0.856014 	 0.00350833	0.00732953
2945 	 1700 	 0.856023 	 0.00351155	0.00733627
2945 	 1705 	 0.856032 	 0.00351476	0.00734298
2945 	 1710 	 0.856041 	 0.00351797	0.00734968
2945 	 1715 	 0.85605 	 0.00352116	0.00735635
2945 	 1720 	 0.856059 	 0.00352434	0.00736299
2945 	 1725 	 0.856067 	 0.00352751	0.00736961
2945 	 1730 	 0.856076 	 0.00353067	0.00737622
2945 	 1735 	 0.856085 	 0.00353382	0.00738279
2945 	 1740 	 0.856093 	 0.00353696	0.00738935
2945 	 1745 	 0.856102 	 0.00354009	0.00739588
2945 	 1750 	 0.85611 	 0.0035432	0.0074024
2945 	 1755 	 0.856119 	 0.00354631	0.00740889
2945 	 1760 	 0.856127 	 0.0035494	0.00741535
2945 	 1765 	 0.856135 	 0.00355249	0.0074218
2945 	 1770 	 0.856144 	 0.00355556	0.00742822
2945 	 1775 	 0.856152 	 0.00355863	0.00743463
2945 	 1780 	 0.85616 	 0.00356168	0.00744101
2945 	 1785 	 0.856168 	 0.00356473	0.00744737
2945 	 1790 	 0.856177 	 0.00356776	0.0074537
2945 	 1795 	 0.856185 	 0.00357079	0.00746002
2945 	 1800 	 0.856193 	 0.0035738	0.00746632
2945 	 1805 	 0.856201 	 0.0035768	0.00747259
2945 	 1810 	 0.856209 	 0.0035798	0.00747885
2945 	 1815 	 0.856217 	 0.00358278	0.00748508
2945 	 1820 	 0.856224 	 0.00358576	0.0074913
2945 	 1825 	 0.856232 	 0.00358872	0.00749749
2945 	 1830 	 0.85624 	 0.00359167	0.00750366
2945 	 1835 	 0.856248 	 0.00359462	0.00750981
2945 	 1840 	 0.856256 	 0.00359755	0.00751594
2945 	 1845 	 0.856263 	 0.00360048	0.00752206
2945 	 1850 	 0.856271 	 0.00360339	0.00752815
2945 	 1855 	 0.856279 	 0.0036063	0.00753422
2945 	 1860 	 0.856286 	 0.0036092	0.00754027
2945 	 1865 	 0.856294 	 0.00361209	0.0075463
2945 	 1870 	 0.856301 	 0.00361496	0.00755232
2945 	 1875 	 0.856309 	 0.00361783	0.00755831
2945 	 1880 	 0.856316 	 0.00362069	0.00756428
2945 	 1885 	 0.856323 	 0.00362354	0.00757024
2945 	 1890 	 0.856331 	 0.00362638	0.00757618
2945 	 1895 	 0.856338 	 0.00362921	0.00758209
2945 	 1900 	 0.856345 	 0.00363204	0.00758799
2945 	 1905 	 0.856353 	 0.00363485	0.00759387
2945 	 1910 	 0.85636 	 0.00363766	0.00759973
2945 	 1915 	 0.856367 	 0.00364045	0.00760557
2945 	 1920 	 0.856374 	 0.00364324	0.00761139
2945 	 1925 	 0.856381 	 0.00364602	0.00761719
2945 	 1930 	 0.856388 	 0.00364879	0.00762298
2945 	 1935 	 0.856395 	 0.00365155	0.00762874
2945 	 1940 	 0.856402 	 0.0036543	0.00763449
2945 	 1945 	 0.856409 	 0.00365704	0.00764022
2945 	 1950 	 0.856416 	 0.00365977	0.00764594
2945 	 1955 	 0.856423 	 0.0036625	0.00765163
2945 	 1960 	 0.85643 	 0.00366522	0.00765731
2945 	 1965 	 0.856437 	 0.00366793	0.00766296
2945 	 1970 	 0.856444 	 0.00367063	0.0076686
2945 	 1975 	 0.856451 	 0.00367332	0.00767423
2945 	 1980 	 0.856457 	 0.003676	0.00767983
2945 	 1985 	 0.856464 	 0.00367867	0.00768542
2945 	 1990 	 0.856471 	 0.00368134	0.00769099
2945 	 1995 	 0.856477 	 0.003684	0.00769654
2945 	 2000 	 0.856484 	 0.00368665	0.00770208
2945 	 2005 	 0.856491 	 0.00368929	0.0077076
2945 	 2010 	 0.856497 	 0.00369192	0.0077131
2945 	 2015 	 0.856504 	 0.00369455	0.00771859
2945 	 2020 	 0.85651 	 0.00369717	0.00772405
2945 	 2025 	 0.856517 	 0.00369978	0.0077295
2945 	 2030 	 0.856523 	 0.00370238	0.00773494
2945 	 2035 	 0.856529 	 0.00370497	0.00774036
2945 	 2040 	 0.856536 	 0.00370755	0.00774576
2945 	 2045 	 0.856542 	 0.00371013	0.00775114
2945 	 2050 	 0.856549 	 0.0037127	0.00775651
2945 	 2055 	 0.856555 	 0.00371526	0.00776186
2945 	 2060 	 0.856561 	 0.00371782	0.0077672
2945 	 2065 	 0.856567 	 0.00372036	0.00777251
2945 	 2070 	 0.856574 	 0.0037229	0.00777782
2945 	 2075 	 0.85658 	 0.00372543	0.0077831
2945 	 2080 	 0.856586 	 0.00372795	0.00778838
2945 	 2085 	 0.856592 	 0.00373047	0.00779363
2945 	 2090 	 0.856598 	 0.00373298	0.00779887
2945 	 2095 	 0.856604 	 0.00373548	0.00780409
2945 	 2100 	 0.85661 	 0.00373797	0.0078093
2945 	 2105 	 0.856616 	 0.00374046	0.00781449
2945 	 2110 	 0.856622 	 0.00374293	0.00781967
2945 	 2115 	 0.856628 	 0.0037454	0.00782483
2945 	 2120 	 0.856634 	 0.00374787	0.00782998
2945 	 2125 	 0.85664 	 0.00375032	0.00783511
2945 	 2130 	 0.856646 	 0.00375277	0.00784022
2945 	 2135 	 0.856652 	 0.00375521	0.00784532
2945 	 2140 	 0.856658 	 0.00375765	0.00785041
2945 	 2145 	 0.856664 	 0.00376007	0.00785548
2945 	 2150 	 0.856669 	 0.00376249	0.00786053
2945 	 2155 	 0.856675 	 0.00376491	0.00786557
2945 	 2160 	 0.856681 	 0.00376731	0.0078706
2945 	 2165 	 0.856687 	 0.00376971	0.00787561
2945 	 2170 	 0.856692 	 0.0037721	0.0078806
2945 	 2175 	 0.856698 	 0.00377448	0.00788559
2945 	 2180 	 0.856704 	 0.00377686	0.00789055
2945 	 2185 	 0.856709 	 0.00377923	0.0078955
2945 	 2190 	 0.856715 	 0.0037816	0.00790044
2945 	 2195 	 0.85672 	 0.00378395	0.00790537
2945 	 2200 	 0.856726 	 0.0037863	0.00791027
2945 	 2205 	 0.856731 	 0.00378864	0.00791517
2945 	 2210 	 0.856737 	 0.00379098	0.00792005
2945 	 2215 	 0.856742 	 0.00379331	0.00792492
2945 	 2220 	 0.856748 	 0.00379563	0.00792977
2945 	 2225 	 0.856753 	 0.00379795	0.00793461
2945 	 2230 	 0.856759 	 0.00380026	0.00793943
2945 	 2235 	 0.856764 	 0.00380256	0.00794424
2945 	 2240 	 0.856769 	 0.00380486	0.00794904
2945 	 2245 	 0.856775 	 0.00380715	0.00795382
2945 	 2250 	 0.85678 	 0.00380943	0.00795859
2945 	 2255 	 0.856785 	 0.00381171	0.00796335
2945 	 2260 	 0.856791 	 0.00381398	0.00796809
2945 	 2265 	 0.856796 	 0.00381624	0.00797282
2945 	 2270 	 0.856801 	 0.0038185	0.00797754
2945 	 2275 	 0.856806 	 0.00382075	0.00798224
2945 	 2280 	 0.856812 	 0.00382299	0.00798693
2945 	 2285 	 0.856817 	 0.00382523	0.0079916
2945 	 2290 	 0.856822 	 0.00382746	0.00799627
2945 	 2295 	 0.856827 	 0.00382969	0.00800092
2945 	 2300 	 0.856832 	 0.00383191	0.00800555
2945 	 2305 	 0.856837 	 0.00383412	0.00801018
2945 	 2310 	 0.856842 	 0.00383633	0.00801479
2945 	 2315 	 0.856847 	 0.00383853	0.00801938
2945 	 2320 	 0.856852 	 0.00384072	0.00802397
2945 	 2325 	 0.856857 	 0.00384291	0.00802854
2945 	 2330 	 0.856862 	 0.00384509	0.0080331
2945 	 2335 	 0.856867 	 0.00384727	0.00803765
2945 	 2340 	 0.856872 	 0.00384944	0.00804218
2945 	 2345 	 0.856877 	 0.0038516	0.0080467
2945 	 2350 	 0.856882 	 0.00385376	0.00805121
2945 	 2355 	 0.856887 	 0.00385591	0.00805571
2945 	 2360 	 0.856892 	 0.00385806	0.00806019
2945 	 2365 	 0.856897 	 0.0038602	0.00806466
2945 	 2370 	 0.856902 	 0.00386234	0.00806912
2945 	 2375 	 0.856906 	 0.00386446	0.00807357
2945 	 2380 	 0.856911 	 0.00386659	0.008078
2945 	 2385 	 0.856916 	 0.0038687	0.00808243
2945 	 2390 	 0.856921 	 0.00387082	0.00808684
2945 	 2395 	 0.856926 	 0.00387292	0.00809124
2945 	 2400 	 0.85693 	 0.00387502	0.00809562
2945 	 2405 	 0.856935 	 0.00387711	0.0081
2945 	 2410 	 0.85694 	 0.0038792	0.00810436
2945 	 2415 	 0.856944 	 0.00388129	0.00810871
2945 	 2420 	 0.856949 	 0.00388336	0.00811305
2945 	 2425 	 0.856954 	 0.00388543	0.00811738
2945 	 2430 	 0.856958 	 0.0038875	0.0081217
2945 	 2435 	 0.856963 	 0.00388956	0.008126
2945 	 2440 	 0.856967 	 0.00389162	0.00813029
2945 	 2445 	 0.856972 	 0.00389367	0.00813458
2945 	 2450 	 0.856977 	 0.00389571	0.00813885
2945 	 2455 	 0.856981 	 0.00389775	0.00814311
2945 	 2460 	 0.856986 	 0.00389978	0.00814735
2945 	 2465 	 0.85699 	 0.00390181	0.00815159
2945 	 2470 	 0.856995 	 0.00390383	0.00815581
2945 	 2475 	 0.856999 	 0.00390585	0.00816003
2945 	 2480 	 0.857003 	 0.00390786	0.00816423
2945 	 2485 	 0.857008 	 0.00390986	0.00816842
2945 	 2490 	 0.857012 	 0.00391187	0.0081726
2945 	 2495 	 0.857017 	 0.00391386	0.00817677
2945 	 2500 	 0.857021 	 0.00391585	0.00818093
2945 	 2505 	 0.857025 	 0.00391784	0.00818507
2945 	 2510 	 0.85703 	 0.00391982	0.00818921
2945 	 2515 	 0.857034 	 0.00392179	0.00819334
2945 	 2520 	 0.857038 	 0.00392376	0.00819745
2945 	 2525 	 0.857043 	 0.00392572	0.00820155
2945 	 2530 	 0.857047 	 0.00392768	0.00820565
2945 	 2535 	 0.857051 	 0.00392964	0.00820973
2945 	 2540 	 0.857056 	 0.00393159	0.0082138
2945 	 2545 	 0.85706 	 0.00393353	0.00821786
2945 	 2550 	 0.857064 	 0.00393547	0.00822191
2945 	 2555 	 0.857068 	 0.0039374	0.00822595
2945 	 2560 	 0.857072 	 0.00393933	0.00822998
2945 	 2565 	 0.857077 	 0.00394126	0.008234
2945 	 2570 	 0.857081 	 0.00394317	0.00823801
2945 	 2575 	 0.857085 	 0.00394509	0.00824201
2945 	 2580 	 0.857089 	 0.003947	0.008246
2945 	 2585 	 0.857093 	 0.0039489	0.00824997
2945 	 2590 	 0.857097 	 0.0039508	0.00825394
2945 	 2595 	 0.857101 	 0.00395269	0.0082579
2945 	 2600 	 0.857105 	 0.00395458	0.00826185
2945 	 2605 	 0.857109 	 0.00395647	0.00826578
2945 	 2610 	 0.857113 	 0.00395835	0.00826971
2945 	 2615 	 0.857117 	 0.00396022	0.00827363
2945 	 2620 	 0.857122 	 0.00396209	0.00827754
2945 	 2625 	 0.857126 	 0.00396396	0.00828143
2945 	 2630 	 0.857129 	 0.00396582	0.00828532
2945 	 2635 	 0.857133 	 0.00396768	0.0082892
2945 	 2640 	 0.857137 	 0.00396953	0.00829307
2945 	 2645 	 0.857141 	 0.00397137	0.00829693
2945 	 2650 	 0.857145 	 0.00397322	0.00830077
2945 	 2655 	 0.857149 	 0.00397505	0.00830461
2945 	 2660 	 0.857153 	 0.00397689	0.00830844
2945 	 2665 	 0.857157 	 0.00397872	0.00831226
2945 	 2670 	 0.857161 	 0.00398054	0.00831607
2945 	 2675 	 0.857165 	 0.00398236	0.00831987
2945 	 2680 	 0.857169 	 0.00398417	0.00832366
2945 	 2685 	 0.857172 	 0.00398598	0.00832744
2945 	 2690 	 0.857176 	 0.00398779	0.00833122
2945 	 2695 	 0.85718 	 0.00398959	0.00833498
2945 	 2700 	 0.857184 	 0.00399139	0.00833873
2945 	 2705 	 0.857188 	 0.00399318	0.00834248
2945 	 2710 	 0.857191 	 0.00399497	0.00834621
2945 	 2715 	 0.857195 	 0.00399675	0.00834994
2945 	 2720 	 0.857199 	 0.00399853	0.00835365
2945 	 2725 	 0.857203 	 0.0040003	0.00835736
2945 	 2730 	 0.857206 	 0.00400207	0.00836106
2945 	 2735 	 0.85721 	 0.00400384	0.00836475
2945 	 2740 	 0.857214 	 0.0040056	0.00836843
2945 	 2745 	 0.857217 	 0.00400736	0.0083721
2945 	 2750 	 0.857221 	 0.00400911	0.00837576
2945 	 2755 	 0.857225 	 0.00401086	0.00837941
2945 	 2760 	 0.857228 	 0.0040126	0.00838306
2945 	 2765 	 0.857232 	 0.00401434	0.00838669
2945 	 2770 	 0.857236 	 0.00401608	0.00839032
2945 	 2775 	 0.857239 	 0.00401781	0.00839394
2945 	 2780 	 0.857243 	 0.00401954	0.00839755
2945 	 2785 	 0.857247 	 0.00402126	0.00840115
2945 	 2790 	 0.85725 	 0.00402298	0.00840474
2945 	 2795 	 0.857254 	 0.00402469	0.00840832
2945 	 2800 	 0.857257 	 0.00402641	0.00841189
2945 	 2805 	 0.857261 	 0.00402811	0.00841546
2945 	 2810 	 0.857264 	 0.00402981	0.00841902
2945 	 2815 	 0.857268 	 0.00403151	0.00842257
2945 	 2820 	 0.857271 	 0.00403321	0.00842611
2945 	 2825 	 0.857275 	 0.0040349	0.00842964
2945 	 2830 	 0.857278 	 0.00403658	0.00843316
2945 	 2835 	 0.857282 	 0.00403827	0.00843667
2945 	 2840 	 0.857285 	 0.00403994	0.00844018
2945 	 2845 	 0.857289 	 0.00404162	0.00844368
2945 	 2850 	 0.857292 	 0.00404329	0.00844717
2945 	 2855 	 0.857296 	 0.00404496	0.00845065
2945 	 2860 	 0.857299 	 0.00404662	0.00845412
2945 	 2865 	 0.857302 	 0.00404828	0.00845759
2945 	 2870 	 0.857306 	 0.00404993	0.00846104
2945 	 2875 	 0.857309 	 0.00405158	0.00846449
2945 	 2880 	 0.857312 	 0.00405323	0.00846793
2945 	 2885 	 0.857316 	 0.00405487	0.00847136
2945 	 2890 	 0.857319 	 0.00405651	0.00847479
2945 	 2895 	 0.857323 	 0.00405814	0.0084782
2945 	 2900 	 0.857326 	 0.00405978	0.00848161
2945 	 2905 	 0.857329 	 0.0040614	0.00848501
2945 	 2910 	 0.857332 	 0.00406303	0.0084884
2945 	 2915 	 0.857336 	 0.00406465	0.00849179
2945 	 2920 	 0.857339 	 0.00406626	0.00849516
2945 	 2925 	 0.857342 	 0.00406788	0.00849853
2945 	 2930 	 0.857346 	 0.00406948	0.00850189
2945 	 2935 	 0.857349 	 0.00407109	0.00850525
2945 	 2940 	 0.857352 	 0.00407269	0.00850859
2945 	 2945 	 0.857355 	 0.00407429	0.00851193
2945 	 2950 	 0.857359 	 0.00407588	0.00851526
2945 	 2955 	 0.857362 	 0.00407747	0.00851858
2945 	 2960 	 0.857365 	 0.00407906	0.0085219
2945 	 2965 	 0.857368 	 0.00408064	0.0085252
2945 	 2970 	 0.857371 	 0.00408222	0.0085285
2945 	 2975 	 0.857375 	 0.0040838	0.00853179
2945 	 2980 	 0.857378 	 0.00408537	0.00853508
2945 	 2985 	 0.857381 	 0.00408694	0.00853835
2945 	 2990 	 0.857384 	 0.0040885	0.00854162
2945 	 2995 	 0.857387 	 0.00409006	0.00854488
2945 	 3000 	 0.85739 	 0.00409162	0.00854814
2945 	 3005 	 0.857393 	 0.00409317	0.00855138
2945 	 3010 	 0.857396 	 0.00409472	0.00855462
2945 	 3015 	 0.8574 	 0.00409627	0.00855785
2945 	 3020 	 0.857403 	 0.00409781	0.00856108
2945 	 3025 	 0.857406 	 0.00409935	0.0085643
2945 	 3030 	 0.857409 	 0.00410089	0.00856751
2945 	 3035 	 0.857412 	 0.00410242	0.00857071
2945 	 3040 	 0.857415 	 0.00410395	0.0085739
2945 	 3045 	 0.857418 	 0.00410548	0.00857709
2945 	 3050 	 0.857421 	 0.004107	0.00858027
2945 	 3055 	 0.857424 	 0.00410852	0.00858345
2945 	 3060 	 0.857427 	 0.00411004	0.00858662
2945 	 3065 	 0.85743 	 0.00411155	0.00858978
2945 	 3070 	 0.857433 	 0.00411306	0.00859293
2945 	 3075 	 0.857436 	 0.00411456	0.00859607
2945 	 3080 	 0.857439 	 0.00411607	0.00859921
2945 	 3085 	 0.857442 	 0.00411757	0.00860234
2945 	 3090 	 0.857445 	 0.00411906	0.00860547
2945 	 3095 	 0.857448 	 0.00412055	0.00860859
2945 	 3100 	 0.857451 	 0.00412204	0.0086117
2945 	 3105 	 0.857454 	 0.00412353	0.0086148
2945 	 3110 	 0.857457 	 0.00412501	0.0086179
2945 	 3115 	 0.85746 	 0.00412649	0.00862099
2945 	 3120 	 0.857462 	 0.00412797	0.00862407
2945 	 3125 	 0.857465 	 0.00412944	0.00862715
2945 	 3130 	 0.857468 	 0.00413091	0.00863022
2945 	 3135 	 0.857471 	 0.00413237	0.00863328
2945 	 3140 	 0.857474 	 0.00413384	0.00863634
2945 	 3145 	 0.857477 	 0.0041353	0.00863939
2945 	 3150 	 0.85748 	 0.00413675	0.00864243
2945 	 3155 	 0.857483 	 0.00413821	0.00864547
2945 	 3160 	 0.857485 	 0.00413966	0.0086485
2945 	 3165 	 0.857488 	 0.0041411	0.00865152
2945 	 3170 	 0.857491 	 0.00414255	0.00865454
2945 	 3175 	 0.857494 	 0.00414399	0.00865755
2945 	 3180 	 0.857497 	 0.00414543	0.00866055
2945 	 3185 	 0.857499 	 0.00414686	0.00866355
2945 	 3190 	 0.857502 	 0.00414829	0.00866654
2945 	 3195 	 0.857505 	 0.00414972	0.00866952
2945 	 3200 	 0.857508 	 0.00415115	0.0086725
2945 	 3205 	 0.857511 	 0.00415257	0.00867547
2945 	 3210 	 0.857513 	 0.00415399	0.00867843
2945 	 3215 	 0.857516 	 0.0041554	0.00868139
2945 	 3220 	 0.857519 	 0.00415682	0.00868434
2945 	 3225 	 0.857522 	 0.00415823	0.00868729
2945 	 3230 	 0.857524 	 0.00415963	0.00869023
2945 	 3235 	 0.857527 	 0.00416104	0.00869316
2945 	 3240 	 0.85753 	 0.00416244	0.00869609
2945 	 3245 	 0.857532 	 0.00416383	0.00869901
2945 	 3250 	 0.857535 	 0.00416523	0.00870192
2945 	 3255 	 0.857538 	 0.00416662	0.00870483
2945 	 3260 	 0.857541 	 0.00416801	0.00870773
2945 	 3265 	 0.857543 	 0.0041694	0.00871063
2945 	 3270 	 0.857546 	 0.00417078	0.00871352
2945 	 3275 	 0.857549 	 0.00417216	0.0087164
2945 	 3280 	 0.857551 	 0.00417354	0.00871928
2945 	 3285 	 0.857554 	 0.00417491	0.00872215
2945 	 3290 	 0.857556 	 0.00417628	0.00872502
2945 	 3295 	 0.857559 	 0.00417765	0.00872787
2945 	 3300 	 0.857562 	 0.00417902	0.00873073
2945 	 3305 	 0.857564 	 0.00418038	0.00873357
2945 	 3310 	 0.857567 	 0.00418174	0.00873642
2945 	 3315 	 0.857569 	 0.0041831	0.00873925
2945 	 3320 	 0.857572 	 0.00418445	0.00874208
2945 	 3325 	 0.857575 	 0.0041858	0.0087449
2945 	 3330 	 0.857577 	 0.00418715	0.00874772
2945 	 3335 	 0.85758 	 0.0041885	0.00875053
2945 	 3340 	 0.857582 	 0.00418984	0.00875334
2945 	 3345 	 0.857585 	 0.00419118	0.00875614
2945 	 3350 	 0.857587 	 0.00419252	0.00875893
2945 	 3355 	 0.85759 	 0.00419385	0.00876172
2945 	 3360 	 0.857593 	 0.00419518	0.0087645
2945 	 3365 	 0.857595 	 0.00419651	0.00876728
2945 	 3370 	 0.857598 	 0.00419784	0.00877005
2945 	 3375 	 0.8576 	 0.00419916	0.00877281
2945 	 3380 	 0.857603 	 0.00420048	0.00877557
2945 	 3385 	 0.857605 	 0.0042018	0.00877833
2945 	 3390 	 0.857608 	 0.00420312	0.00878108
2945 	 3395 	 0.85761 	 0.00420443	0.00878382
2945 	 3400 	 0.857613 	 0.00420574	0.00878656
2945 	 3405 	 0.857615 	 0.00420705	0.00878929
2945 	 3410 	 0.857618 	 0.00420835	0.00879201
2945 	 3415 	 0.85762 	 0.00420965	0.00879473
2945 	 3420 	 0.857622 	 0.00421095	0.00879745
2945 	 3425 	 0.857625 	 0.00421225	0.00880016
2945 	 3430 	 0.857627 	 0.00421354	0.00880286
2945 	 3435 	 0.85763 	 0.00421483	0.00880556
2945 	 3440 	 0.857632 	 0.00421612	0.00880825
2945 	 3445 	 0.857635 	 0.00421741	0.00881094
2945 	 3450 	 0.857637 	 0.00421869	0.00881362
2945 	 3455 	 0.857639 	 0.00421997	0.00881629
2945 	 3460 	 0.857642 	 0.00422125	0.00881896
2945 	 3465 	 0.857644 	 0.00422253	0.00882163
2945 	 3470 	 0.857647 	 0.0042238	0.00882429
2945 	 3475 	 0.857649 	 0.00422507	0.00882694
2945 	 3480 	 0.857651 	 0.00422634	0.00882959
2945 	 3485 	 0.857654 	 0.0042276	0.00883224
2945 	 3490 	 0.857656 	 0.00422887	0.00883487
2945 	 3495 	 0.857658 	 0.00423013	0.00883751
2945 	 3500 	 0.857661 	 0.00423139	0.00884014
2945 	 3505 	 0.857663 	 0.00423264	0.00884276
2945 	 3510 	 0.857665 	 0.00423389	0.00884538
2945 	 3515 	 0.857668 	 0.00423514	0.00884799
2945 	 3520 	 0.85767 	 0.00423639	0.00885059
2945 	 3525 	 0.857672 	 0.00423764	0.0088532
2945 	 3530 	 0.857675 	 0.00423888	0.00885579
2945 	 3535 	 0.857677 	 0.00424012	0.00885838
2945 	 3540 	 0.857679 	 0.00424136	0.00886097
2945 	 3545 	 0.857682 	 0.00424259	0.00886355
2945 	 3550 	 0.857684 	 0.00424383	0.00886613
2945 	 3555 	 0.857686 	 0.00424506	0.0088687
2945 	 3560 	 0.857689 	 0.00424629	0.00887127
2945 	 3565 	 0.857691 	 0.00424751	0.00887383
2945 	 3570 	 0.857693 	 0.00424874	0.00887638
2945 	 3575 	 0.857695 	 0.00424996	0.00887893
2945 	 3580 	 0.857698 	 0.00425117	0.00888148
2945 	 3585 	 0.8577 	 0.00425239	0.00888402
2945 	 3590 	 0.857702 	 0.0042536	0.00888655
2945 	 3595 	 0.857704 	 0.00425482	0.00888909
2945 	 3600 	 0.857707 	 0.00425602	0.00889161
2945 	 3605 	 0.857709 	 0.00425723	0.00889413
2945 	 3610 	 0.857711 	 0.00425844	0.00889665
2945 	 3615 	 0.857713 	 0.00425964	0.00889916
2945 	 3620 	 0.857715 	 0.00426084	0.00890167
2945 	 3625 	 0.857718 	 0.00426203	0.00890417
2945 	 3630 	 0.85772 	 0.00426323	0.00890666
2945 	 3635 	 0.857722 	 0.00426442	0.00890915
2945 	 3640 	 0.857724 	 0.00426561	0.00891164
2945 	 3645 	 0.857726 	 0.0042668	0.00891412
2945 	 3650 	 0.857729 	 0.00426799	0.0089166
2945 	 3655 	 0.857731 	 0.00426917	0.00891907
2945 	 3660 	 0.857733 	 0.00427035	0.00892154
2945 	 3665 	 0.857735 	 0.00427153	0.008924
2945 	 3670 	 0.857737 	 0.00427271	0.00892646
2945 	 3675 	 0.857739 	 0.00427388	0.00892892
2945 	 3680 	 0.857741 	 0.00427505	0.00893136
2945 	 3685 	 0.857744 	 0.00427622	0.00893381
2945 	 3690 	 0.857746 	 0.00427739	0.00893625
2945 	 3695 	 0.857748 	 0.00427856	0.00893868
2945 	 3700 	 0.85775 	 0.00427972	0.00894111
2945 	 3705 	 0.857752 	 0.00428088	0.00894354
2945 	 3710 	 0.857754 	 0.00428204	0.00894596
2945 	 3715 	 0.857756 	 0.00428319	0.00894837
2945 	 3720 	 0.857758 	 0.00428435	0.00895079
2945 	 3725 	 0.857761 	 0.0042855	0.00895319
2945 	 3730 	 0.857763 	 0.00428665	0.00895559
2945 	 3735 	 0.857765 	 0.0042878	0.00895799
2945 	 3740 	 0.857767 	 0.00428894	0.00896039
2945 	 3745 	 0.857769 	 0.00429009	0.00896277
2945 	 3750 	 0.857771 	 0.00429123	0.00896516
2945 	 3755 	 0.857773 	 0.00429237	0.00896754
2945 	 3760 	 0.857775 	 0.0042935	0.00896991
2945 	 3765 	 0.857777 	 0.00429464	0.00897228
2945 	 3770 	 0.857779 	 0.00429577	0.00897465
2945 	 3775 	 0.857781 	 0.0042969	0.00897701
2945 	 3780 	 0.857783 	 0.00429803	0.00897937
2945 	 3785 	 0.857785 	 0.00429916	0.00898172
2945 	 3790 	 0.857787 	 0.00430028	0.00898407
2945 	 3795 	 0.857789 	 0.0043014	0.00898642
2945 	 3800 	 0.857791 	 0.00430252	0.00898876
2945 	 3805 	 0.857793 	 0.00430364	0.00899109
2945 	 3810 	 0.857795 	 0.00430476	0.00899342
2945 	 3815 	 0.857797 	 0.00430587	0.00899575
2945 	 3820 	 0.857799 	 0.00430698	0.00899807
2945 	 3825 	 0.857801 	 0.00430809	0.00900039
2945 	 3830 	 0.857803 	 0.0043092	0.0090027
2945 	 3835 	 0.857805 	 0.00431031	0.00900501
2945 	 3840 	 0.857807 	 0.00431141	0.00900732
2945 	 3845 	 0.857809 	 0.00431251	0.00900962
2945 	 3850 	 0.857811 	 0.00431361	0.00901192
2945 	 3855 	 0.857813 	 0.00431471	0.00901421
2945 	 3860 	 0.857815 	 0.0043158	0.0090165
2945 	 3865 	 0.857817 	 0.0043169	0.00901878
2945 	 3870 	 0.857819 	 0.00431799	0.00902106
2945 	 3875 	 0.857821 	 0.00431908	0.00902334
2945 	 3880 	 0.857823 	 0.00432016	0.00902561
2945 	 3885 	 0.857825 	 0.00432125	0.00902788
2945 	 3890 	 0.857827 	 0.00432233	0.00903014
2945 	 3895 	 0.857829 	 0.00432341	0.0090324
2945 	 3900 	 0.857831 	 0.00432449	0.00903465
2945 	 3905 	 0.857833 	 0.00432557	0.0090369
2945 	 3910 	 0.857835 	 0.00432665	0.00903915
2945 	 3915 	 0.857836 	 0.00432772	0.00904139
2945 	 3920 	 0.857838 	 0.00432879	0.00904363
2945 	 3925 	 0.85784 	 0.00432986	0.00904587
2945 	 3930 	 0.857842 	 0.00433093	0.0090481
2945 	 3935 	 0.857844 	 0.00433199	0.00905032
2945 	 3940 	 0.857846 	 0.00433306	0.00905255
2945 	 3945 	 0.857848 	 0.00433412	0.00905476
2945 	 3950 	 0.85785 	 0.00433518	0.00905698
2945 	 3955 	 0.857852 	 0.00433624	0.00905919
2945 	 3960 	 0.857853 	 0.00433729	0.0090614
2945 	 3965 	 0.857855 	 0.00433835	0.0090636
2945 	 3970 	 0.857857 	 0.0043394	0.0090658
2945 	 3975 	 0.857859 	 0.00434045	0.00906799
2945 	 3980 	 0.857861 	 0.0043415	0.00907018
2945 	 3985 	 0.857863 	 0.00434255	0.00907237
2945 	 3990 	 0.857865 	 0.00434359	0.00907455
2945 	 3995 	 0.857866 	 0.00434463	0.00907673
2945 	 4000 	 0.857868 	 0.00434567	0.00907891
2945 	 4005 	 0.85787 	 0.00434671	0.00908108
2945 	 4010 	 0.857872 	 0.00434775	0.00908324
2945 	 4015 	 0.857874 	 0.00434879	0.00908541
2945 	 4020 	 0.857876 	 0.00434982	0.00908757
2945 	 4025 	 0.857877 	 0.00435085	0.00908972
2945 	 4030 	 0.857879 	 0.00435188	0.00909187
2945 	 4035 	 0.857881 	 0.00435291	0.00909402
2945 	 4040 	 0.857883 	 0.00435394	0.00909617
2945 	 4045 	 0.857885 	 0.00435496	0.00909831
2945 	 4050 	 0.857886 	 0.00435598	0.00910044
2945 	 4055 	 0.857888 	 0.004357	0.00910258
2945 	 4060 	 0.85789 	 0.00435802	0.0091047
2945 	 4065 	 0.857892 	 0.00435904	0.00910683
2945 	 4070 	 0.857894 	 0.00436006	0.00910895
2945 	 4075 	 0.857895 	 0.00436107	0.00911107
2945 	 4080 	 0.857897 	 0.00436208	0.00911318
2945 	 4085 	 0.857899 	 0.00436309	0.00911529
2945 	 4090 	 0.857901 	 0.0043641	0.0091174
2945 	 4095 	 0.857902 	 0.00436511	0.0091195
2945 	 4100 	 0.857904 	 0.00436611	0.0091216
2945 	 4105 	 0.857906 	 0.00436712	0.0091237
2945 	 4110 	 0.857908 	 0.00436812	0.00912579
2945 	 4115 	 0.857909 	 0.00436912	0.00912788
2945 	 4120 	 0.857911 	 0.00437011	0.00912996
2945 	 4125 	 0.857913 	 0.00437111	0.00913205
2945 	 4130 	 0.857915 	 0.0043721	0.00913412
2945 	 4135 	 0.857916 	 0.0043731	0.0091362
2945 	 4140 	 0.857918 	 0.00437409	0.00913827
2945 	 4145 	 0.85792 	 0.00437508	0.00914033
2945 	 4150 	 0.857921 	 0.00437607	0.0091424
2945 	 4155 	 0.857923 	 0.00437705	0.00914446
2945 	 4160 	 0.857925 	 0.00437804	0.00914651
2945 	 4165 	 0.857927 	 0.00437902	0.00914857
2945 	 4170 	 0.857928 	 0.00438	0.00915061
2945 	 4175 	 0.85793 	 0.00438098	0.00915266
2945 	 4180 	 0.857932 	 0.00438195	0.0091547
2945 	 4185 	 0.857933 	 0.00438293	0.00915674
2945 	 4190 	 0.857935 	 0.0043839	0.00915878
2945 	 4195 	 0.857937 	 0.00438488	0.00916081
2945 	 4200 	 0.857938 	 0.00438585	0.00916283
2945 	 4205 	 0.85794 	 0.00438682	0.00916486
2945 	 4210 	 0.857942 	 0.00438778	0.00916688
2945 	 4215 	 0.857943 	 0.00438875	0.0091689
2945 	 4220 	 0.857945 	 0.00438971	0.00917091
2945 	 4225 	 0.857947 	 0.00439068	0.00917292
2945 	 4230 	 0.857948 	 0.00439164	0.00917493
2945 	 4235 	 0.85795 	 0.0043926	0.00917693
2945 	 4240 	 0.857952 	 0.00439355	0.00917893
2945 	 4245 	 0.857953 	 0.00439451	0.00918093
2945 	 4250 	 0.857955 	 0.00439546	0.00918293
2945 	 4255 	 0.857957 	 0.00439642	0.00918492
2945 	 4260 	 0.857958 	 0.00439737	0.0091869
2945 	 4265 	 0.85796 	 0.00439832	0.00918889
2945 	 4270 	 0.857961 	 0.00439927	0.00919087
2945 	 4275 	 0.857963 	 0.00440021	0.00919284
2945 	 4280 	 0.857965 	 0.00440116	0.00919482
2945 	 4285 	 0.857966 	 0.0044021	0.00919679
2945 	 4290 	 0.857968 	 0.00440304	0.00919875
2945 	 4295 	 0.85797 	 0.00440398	0.00920072
2945 	 4300 	 0.857971 	 0.00440492	0.00920268
2945 	 4305 	 0.857973 	 0.00440586	0.00920464
2945 	 4310 	 0.857974 	 0.00440679	0.00920659
2945 	 4315 	 0.857976 	 0.00440772	0.00920854
2945 	 4320 	 0.857978 	 0.00440866	0.00921049
2945 	 4325 	 0.857979 	 0.00440959	0.00921243
2945 	 4330 	 0.857981 	 0.00441052	0.00921437
2945 	 4335 	 0.857982 	 0.00441144	0.00921631
2945 	 4340 	 0.857984 	 0.00441237	0.00921824
2945 	 4345 	 0.857985 	 0.00441329	0.00922018
2945 	 4350 	 0.857987 	 0.00441422	0.0092221
2945 	 4355 	 0.857989 	 0.00441514	0.00922403
2945 	 4360 	 0.85799 	 0.00441606	0.00922595
2945 	 4365 	 0.857992 	 0.00441698	0.00922787
2945 	 4370 	 0.857993 	 0.00441789	0.00922978
2945 	 4375 	 0.857995 	 0.00441881	0.00923169
2945 	 4380 	 0.857996 	 0.00441972	0.0092336
2945 	 4385 	 0.857998 	 0.00442063	0.00923551
2945 	 4390 	 0.858 	 0.00442154	0.00923741
2945 	 4395 	 0.858001 	 0.00442245	0.00923931
2945 	 4400 	 0.858003 	 0.00442336	0.00924121
2945 	 4405 	 0.858004 	 0.00442427	0.0092431
2945 	 4410 	 0.858006 	 0.00442517	0.00924499
2945 	 4415 	 0.858007 	 0.00442608	0.00924688
2945 	 4420 	 0.858009 	 0.00442698	0.00924876
2945 	 4425 	 0.85801 	 0.00442788	0.00925064
2945 	 4430 	 0.858012 	 0.00442878	0.00925252
2945 	 4435 	 0.858013 	 0.00442967	0.0092544
2945 	 4440 	 0.858015 	 0.00443057	0.00925627
2945 	 4445 	 0.858016 	 0.00443146	0.00925814
2945 	 4450 	 0.858018 	 0.00443236	0.00926
2945 	 4455 	 0.858019 	 0.00443325	0.00926186
2945 	 4460 	 0.858021 	 0.00443414	0.00926372
2945 	 4465 	 0.858022 	 0.00443503	0.00926558
2945 	 4470 	 0.858024 	 0.00443591	0.00926743
2945 	 4475 	 0.858025 	 0.0044368	0.00926928
2945 	 4480 	 0.858027 	 0.00443768	0.00927113
2945 	 4485 	 0.858028 	 0.00443857	0.00927298
2945 	 4490 	 0.85803 	 0.00443945	0.00927482
2945 	 4495 	 0.858031 	 0.00444033	0.00927666
2945 	 4500 	 0.858033 	 0.00444121	0.00927849
2945 	 4505 	 0.858034 	 0.00444208	0.00928032
2945 	 4510 	 0.858036 	 0.00444296	0.00928215
2945 	 4515 	 0.858037 	 0.00444384	0.00928398
2945 	 4520 	 0.858039 	 0.00444471	0.00928581
2945 	 4525 	 0.85804 	 0.00444558	0.00928763
2945 	 4530 	 0.858042 	 0.00444645	0.00928944
2945 	 4535 	 0.858043 	 0.00444732	0.00929126
2945 	 4540 	 0.858044 	 0.00444819	0.00929307
2945 	 4545 	 0.858046 	 0.00444905	0.00929488
2945 	 4550 	 0.858047 	 0.00444992	0.00929669
2945 	 4555 	 0.858049 	 0.00445078	0.00929849
2945 	 4560 	 0.85805 	 0.00445164	0.00930029
2945 	 4565 	 0.858052 	 0.0044525	0.00930209
2945 	 4570 	 0.858053 	 0.00445336	0.00930388
2945 	 4575 	 0.858055 	 0.00445422	0.00930568
2945 	 4580 	 0.858056 	 0.00445508	0.00930747
2945 	 4585 	 0.858057 	 0.00445593	0.00930925
2945 	 4590 	 0.858059 	 0.00445678	0.00931104
2945 	 4595 	 0.85806 	 0.00445764	0.00931282
2945 	 4600 	 0.858062 	 0.00445849	0.00931459
2945 	 4605 	 0.858063 	 0.00445934	0.00931637
2945 	 4610 	 0.858064 	 0.00446019	0.00931814
2945 	 4615 	 0.858066 	 0.00446103	0.00931991
2945 	 4620 	 0.858067 	 0.00446188	0.00932168
2945 	 4625 	 0.858069 	 0.00446272	0.00932344
2945 	 4630 	 0.85807 	 0.00446357	0.0093252
2945 	 4635 	 0.858072 	 0.00446441	0.00932696
2945 	 4640 	 0.858073 	 0.00446525	0.00932872
2945 	 4645 	 0.858074 	 0.00446609	0.00933047
2945 	 4650 	 0.858076 	 0.00446693	0.00933222
2945 	 4655 	 0.858077 	 0.00446776	0.00933397
2945 	 4660 	 0.858078 	 0.0044686	0.00933571
2945 	 4665 	 0.85808 	 0.00446943	0.00933745
2945 	 4670 	 0.858081 	 0.00447026	0.00933919
2945 	 4675 	 0.858083 	 0.00447109	0.00934093
2945 	 4680 	 0.858084 	 0.00447192	0.00934266
2945 	 4685 	 0.858085 	 0.00447275	0.0093444
2945 	 4690 	 0.858087 	 0.00447358	0.00934612
2945 	 4695 	 0.858088 	 0.00447441	0.00934785
2945 	 4700 	 0.858089 	 0.00447523	0.00934957
2945 	 4705 	 0.858091 	 0.00447605	0.00935129
2945 	 4710 	 0.858092 	 0.00447688	0.00935301
2945 	 4715 	 0.858094 	 0.0044777	0.00935473
2945 	 4720 	 0.858095 	 0.00447852	0.00935644
2945 	 4725 	 0.858096 	 0.00447934	0.00935815
2945 	 4730 	 0.858098 	 0.00448015	0.00935986
2945 	 4735 	 0.858099 	 0.00448097	0.00936156
2945 	 4740 	 0.8581 	 0.00448178	0.00936326
2945 	 4745 	 0.858102 	 0.0044826	0.00936496
2945 	 4750 	 0.858103 	 0.00448341	0.00936666
2945 	 4755 	 0.858104 	 0.00448422	0.00936835
2945 	 4760 	 0.858106 	 0.00448503	0.00937005
2945 	 4765 	 0.858107 	 0.00448584	0.00937173
2945 	 4770 	 0.858108 	 0.00448665	0.00937342
2945 	 4775 	 0.85811 	 0.00448745	0.0093751
2945 	 4780 	 0.858111 	 0.00448826	0.00937679
2945 	 4785 	 0.858112 	 0.00448906	0.00937846
2945 	 4790 	 0.858114 	 0.00448986	0.00938014
2945 	 4795 	 0.858115 	 0.00449066	0.00938181
2945 	 4800 	 0.858116 	 0.00449146	0.00938349
2945 	 4805 	 0.858117 	 0.00449226	0.00938515
2945 	 4810 	 0.858119 	 0.00449306	0.00938682
2945 	 4815 	 0.85812 	 0.00449386	0.00938848
2945 	 4820 	 0.858121 	 0.00449465	0.00939014
2945 	 4825 	 0.858123 	 0.00449544	0.0093918
2945 	 4830 	 0.858124 	 0.00449624	0.00939346
2945 	 4835 	 0.858125 	 0.00449703	0.00939511
2945 	 4840 	 0.858127 	 0.00449782	0.00939676
2945 	 4845 	 0.858128 	 0.00449861	0.00939841
2945 	 4850 	 0.858129 	 0.0044994	0.00940006
2945 	 4855 	 0.85813 	 0.00450018	0.0094017
2945 	 4860 	 0.858132 	 0.00450097	0.00940334
2945 	 4865 	 0.858133 	 0.00450175	0.00940498
2945 	 4870 	 0.858134 	 0.00450254	0.00940662
2945 	 4875 	 0.858136 	 0.00450332	0.00940825
2945 	 4880 	 0.858137 	 0.0045041	0.00940988
2945 	 4885 	 0.858138 	 0.00450488	0.00941151
2945 	 4890 	 0.858139 	 0.00450566	0.00941314
2945 	 4895 	 0.858141 	 0.00450643	0.00941476
2945 	 4900 	 0.858142 	 0.00450721	0.00941638
2945 	 4905 	 0.858143 	 0.00450798	0.009418
2945 	 4910 	 0.858144 	 0.00450876	0.00941962
2945 	 4915 	 0.858146 	 0.00450953	0.00942123
2945 	 4920 	 0.858147 	 0.0045103	0.00942284
2945 	 4925 	 0.858148 	 0.00451107	0.00942445
2945 	 4930 	 0.858149 	 0.00451184	0.00942606
2945 	 4935 	 0.858151 	 0.00451261	0.00942766
2945 	 4940 	 0.858152 	 0.00451338	0.00942927
2945 	 4945 	 0.858153 	 0.00451414	0.00943087
2945 	 4950 	 0.858154 	 0.00451491	0.00943246
2945 	 4955 	 0.858156 	 0.00451567	0.00943406
2945 	 4960 	 0.858157 	 0.00451643	0.00943565
2945 	 4965 	 0.858158 	 0.00451719	0.00943724
2945 	 4970 	 0.858159 	 0.00451795	0.00943883
2945 	 4975 	 0.858161 	 0.00451871	0.00944042
2945 	 4980 	 0.858162 	 0.00451947	0.009442
2945 	 4985 	 0.858163 	 0.00452023	0.00944358
2945 	 4990 	 0.858164 	 0.00452098	0.00944516
2945 	 4995 	 0.858165 	 0.00452174	0.00944673
2945 	 5000 	 0.858167 	 0.00452249	0.00944831
