4065 	 5 	 0.734597 	 0.00295529 	 0.00615418
4065 	 10 	 0.734598 	 0.00295517 	 0.00615393
4065 	 15 	 0.734598 	 0.00295421 	 0.00615193
4065 	 20 	 0.734603 	 0.00294678 	 0.00613646
4065 	 25 	 0.734651 	 0.00289591 	 0.00603053
4065 	 30 	 0.735111 	 0.00273366 	 0.00569265
4065 	 35 	 0.73931 	 0.00459702 	 0.00957297
4065 	 40 	 0.764694 	 0.00252314 	 0.00525425
4065 	 45 	 0.803055 	 0.00987491 	 0.0205638
4065 	 50 	 0.813994 	 0.00241748 	 0.00503422
4065 	 55 	 0.816089 	 0.00181176 	 0.00377287
4065 	 60 	 0.817082 	 0.00184667 	 0.00384556
4065 	 65 	 0.817941 	 0.00173381 	 0.00361055
4065 	 70 	 0.818767 	 0.00160874 	 0.00335009
4065 	 75 	 0.819571 	 0.00149495 	 0.00311312
4065 	 80 	 0.820355 	 0.00139586 	 0.00290677
4065 	 85 	 0.82112 	 0.00131221 	 0.00273258
4065 	 90 	 0.821866 	 0.00124425 	 0.00259106
4065 	 95 	 0.822593 	 0.00119192 	 0.00248209
4065 	 100 	 0.823302 	 0.00115478 	 0.00240475
4065 	 105 	 0.823993 	 0.00113195 	 0.00235721
4065 	 110 	 0.824667 	 0.00112216 	 0.00233683
4065 	 115 	 0.825325 	 0.00112383 	 0.00234029
4065 	 120 	 0.825966 	 0.00113517 	 0.00236392
4065 	 125 	 0.826591 	 0.00115441 	 0.00240398
4065 	 130 	 0.827201 	 0.00117983 	 0.00245692
4065 	 135 	 0.827795 	 0.0012099 	 0.00251953
4065 	 140 	 0.828375 	 0.00124328 	 0.00258905
4065 	 145 	 0.82894 	 0.00127887 	 0.00266315
4065 	 150 	 0.829491 	 0.00131574 	 0.00273994
4065 	 155 	 0.830029 	 0.00135317 	 0.00281788
4065 	 160 	 0.830553 	 0.00139058 	 0.00289578
4065 	 165 	 0.831064 	 0.00142751 	 0.00297269
4065 	 170 	 0.831563 	 0.00146362 	 0.00304788
4065 	 175 	 0.832049 	 0.00149864 	 0.00312082
4065 	 180 	 0.832523 	 0.00153239 	 0.00319109
4065 	 185 	 0.832985 	 0.00156471 	 0.0032584
4065 	 190 	 0.833436 	 0.00159552 	 0.00332256
4065 	 195 	 0.833875 	 0.00162475 	 0.00338343
4065 	 200 	 0.834304 	 0.00165237 	 0.00344095
4065 	 205 	 0.834722 	 0.00167837 	 0.00349509
4065 	 210 	 0.835129 	 0.00170275 	 0.00354586
4065 	 215 	 0.835527 	 0.00172554 	 0.00359331
4065 	 220 	 0.835914 	 0.00174675 	 0.00363749
4065 	 225 	 0.836292 	 0.00176644 	 0.0036785
4065 	 230 	 0.836661 	 0.00178465 	 0.00371641
4065 	 235 	 0.83702 	 0.00180143 	 0.00375134
4065 	 240 	 0.83737 	 0.00181682 	 0.0037834
4065 	 245 	 0.837712 	 0.0018309 	 0.00381271
4065 	 250 	 0.838045 	 0.00184371 	 0.00383939
4065 	 255 	 0.83837 	 0.00185532 	 0.00386357
4065 	 260 	 0.838687 	 0.00186579 	 0.00388537
4065 	 265 	 0.838996 	 0.00187517 	 0.00390491
4065 	 270 	 0.839297 	 0.00188354 	 0.00392233
4065 	 275 	 0.839591 	 0.00189094 	 0.00393775
4065 	 280 	 0.839878 	 0.00189744 	 0.00395129
4065 	 285 	 0.840157 	 0.0019031 	 0.00396308
4065 	 290 	 0.84043 	 0.00190797 	 0.00397322
4065 	 295 	 0.840695 	 0.00191212 	 0.00398185
4065 	 300 	 0.840954 	 0.00191558 	 0.00398907
4065 	 305 	 0.841207 	 0.00191843 	 0.00399499
4065 	 310 	 0.841453 	 0.0019207 	 0.00399971
4065 	 315 	 0.841694 	 0.00192244 	 0.00400336
4065 	 320 	 0.841928 	 0.00192372 	 0.00400601
4065 	 325 	 0.842156 	 0.00192457 	 0.00400777
4065 	 330 	 0.842379 	 0.00192503 	 0.00400874
4065 	 335 	 0.842596 	 0.00192515 	 0.004009
4065 	 340 	 0.842808 	 0.00192498 	 0.00400864
4065 	 345 	 0.843015 	 0.00192455 	 0.00400773
4065 	 350 	 0.843216 	 0.00192389 	 0.00400637
4065 	 355 	 0.843413 	 0.00192305 	 0.00400461
4065 	 360 	 0.843604 	 0.00192205 	 0.00400254
4065 	 365 	 0.843791 	 0.00192094 	 0.00400023
4065 	 370 	 0.843973 	 0.00191974 	 0.00399773
4065 	 375 	 0.844151 	 0.00191848 	 0.0039951
4065 	 380 	 0.844324 	 0.00191719 	 0.00399241
4065 	 385 	 0.844493 	 0.00191589 	 0.00398971
4065 	 390 	 0.844658 	 0.00191461 	 0.00398704
4065 	 395 	 0.844818 	 0.00191337 	 0.00398446
4065 	 400 	 0.844975 	 0.00191219 	 0.00398201
4065 	 405 	 0.845128 	 0.0019111 	 0.00397972
4065 	 410 	 0.845276 	 0.0019101 	 0.00397764
4065 	 415 	 0.845422 	 0.00190921 	 0.0039758
4065 	 420 	 0.845563 	 0.00190846 	 0.00397424
4065 	 425 	 0.845701 	 0.00190785 	 0.00397297
4065 	 430 	 0.845836 	 0.0019074 	 0.00397202
4065 	 435 	 0.845967 	 0.00190711 	 0.00397143
4065 	 440 	 0.846095 	 0.001907 	 0.0039712
4065 	 445 	 0.84622 	 0.00190708 	 0.00397136
4065 	 450 	 0.846342 	 0.00190735 	 0.00397192
4065 	 455 	 0.846461 	 0.00190782 	 0.0039729
4065 	 460 	 0.846577 	 0.00190849 	 0.0039743
4065 	 465 	 0.846689 	 0.00190938 	 0.00397614
4065 	 470 	 0.8468 	 0.00191047 	 0.00397842
4065 	 475 	 0.846907 	 0.00191178 	 0.00398114
4065 	 480 	 0.847012 	 0.0019133 	 0.00398432
4065 	 485 	 0.847114 	 0.00191504 	 0.00398794
4065 	 490 	 0.847213 	 0.001917 	 0.00399201
4065 	 495 	 0.84731 	 0.00191917 	 0.00399653
4065 	 500 	 0.847405 	 0.00192155 	 0.0040015
4065 	 505 	 0.847497 	 0.00192415 	 0.00400691
4065 	 510 	 0.847587 	 0.00192695 	 0.00401275
4065 	 515 	 0.847675 	 0.00192996 	 0.00401901
4065 	 520 	 0.847761 	 0.00193317 	 0.0040257
4065 	 525 	 0.847844 	 0.00193658 	 0.0040328
4065 	 530 	 0.847926 	 0.00194019 	 0.0040403
4065 	 535 	 0.848005 	 0.00194397 	 0.00404819
4065 	 540 	 0.848082 	 0.00194795 	 0.00405646
4065 	 545 	 0.848158 	 0.00195209 	 0.0040651
4065 	 550 	 0.848232 	 0.00195641 	 0.0040741
4065 	 555 	 0.848303 	 0.0019609 	 0.00408344
4065 	 560 	 0.848373 	 0.00196554 	 0.00409311
4065 	 565 	 0.848442 	 0.00197034 	 0.0041031
4065 	 570 	 0.848508 	 0.00197528 	 0.00411339
4065 	 575 	 0.848573 	 0.00198037 	 0.00412397
4065 	 580 	 0.848636 	 0.00198558 	 0.00413483
4065 	 585 	 0.848698 	 0.00199092 	 0.00414596
4065 	 590 	 0.848758 	 0.00199639 	 0.00415733
4065 	 595 	 0.848817 	 0.00200196 	 0.00416894
4065 	 600 	 0.848874 	 0.00200764 	 0.00418078
4065 	 605 	 0.84893 	 0.00201343 	 0.00419282
4065 	 610 	 0.848984 	 0.0020193 	 0.00420505
4065 	 615 	 0.849037 	 0.00202526 	 0.00421747
4065 	 620 	 0.849089 	 0.00203131 	 0.00423005
4065 	 625 	 0.84914 	 0.00203743 	 0.00424279
4065 	 630 	 0.849189 	 0.00204361 	 0.00425568
4065 	 635 	 0.849237 	 0.00204986 	 0.00426869
4065 	 640 	 0.849284 	 0.00205617 	 0.00428182
4065 	 645 	 0.849329 	 0.00206252 	 0.00429506
4065 	 650 	 0.849374 	 0.00206893 	 0.00430839
4065 	 655 	 0.849417 	 0.00207537 	 0.00432181
4065 	 660 	 0.849459 	 0.00208184 	 0.00433529
4065 	 665 	 0.849501 	 0.00208835 	 0.00434884
4065 	 670 	 0.849541 	 0.00209488 	 0.00436244
4065 	 675 	 0.84958 	 0.00210143 	 0.00437608
4065 	 680 	 0.849618 	 0.00210799 	 0.00438975
4065 	 685 	 0.849656 	 0.00211457 	 0.00440344
4065 	 690 	 0.849692 	 0.00212115 	 0.00441714
4065 	 695 	 0.849728 	 0.00212773 	 0.00443085
4065 	 700 	 0.849762 	 0.00213431 	 0.00444455
4065 	 705 	 0.849796 	 0.00214088 	 0.00445824
4065 	 710 	 0.849829 	 0.00214745 	 0.00447191
4065 	 715 	 0.849861 	 0.002154 	 0.00448555
4065 	 720 	 0.849892 	 0.00216053 	 0.00449916
4065 	 725 	 0.849923 	 0.00216705 	 0.00451273
4065 	 730 	 0.849952 	 0.00217354 	 0.00452624
4065 	 735 	 0.849981 	 0.00218 	 0.00453971
4065 	 740 	 0.85001 	 0.00218644 	 0.00455311
4065 	 745 	 0.850037 	 0.00219284 	 0.00456644
4065 	 750 	 0.850064 	 0.00219921 	 0.00457971
4065 	 755 	 0.85009 	 0.00220555 	 0.0045929
4065 	 760 	 0.850116 	 0.00221184 	 0.00460601
4065 	 765 	 0.850141 	 0.0022181 	 0.00461903
4065 	 770 	 0.850165 	 0.00222431 	 0.00463197
4065 	 775 	 0.850189 	 0.00223047 	 0.00464481
4065 	 780 	 0.850212 	 0.00223659 	 0.00465755
4065 	 785 	 0.850235 	 0.00224267 	 0.00467019
4065 	 790 	 0.850257 	 0.00224869 	 0.00468273
4065 	 795 	 0.850278 	 0.00225466 	 0.00469516
4065 	 800 	 0.850299 	 0.00226057 	 0.00470749
4065 	 805 	 0.850319 	 0.00226644 	 0.0047197
4065 	 810 	 0.850339 	 0.00227224 	 0.00473179
4065 	 815 	 0.850359 	 0.002278 	 0.00474377
4065 	 820 	 0.850378 	 0.00228369 	 0.00475563
4065 	 825 	 0.850396 	 0.00228933 	 0.00476736
4065 	 830 	 0.850414 	 0.0022949 	 0.00477898
4065 	 835 	 0.850432 	 0.00230042 	 0.00479047
4065 	 840 	 0.850449 	 0.00230588 	 0.00480183
4065 	 845 	 0.850465 	 0.00231128 	 0.00481307
4065 	 850 	 0.850482 	 0.00231661 	 0.00482418
4065 	 855 	 0.850497 	 0.00232189 	 0.00483516
4065 	 860 	 0.850513 	 0.0023271 	 0.00484601
4065 	 865 	 0.850528 	 0.00233224 	 0.00485673
4065 	 870 	 0.850543 	 0.00233733 	 0.00486732
4065 	 875 	 0.850557 	 0.00234235 	 0.00487778
4065 	 880 	 0.850571 	 0.00234731 	 0.00488811
4065 	 885 	 0.850585 	 0.00235221 	 0.0048983
4065 	 890 	 0.850598 	 0.00235704 	 0.00490837
4065 	 895 	 0.850611 	 0.00236181 	 0.0049183
4065 	 900 	 0.850624 	 0.00236651 	 0.00492809
4065 	 905 	 0.850636 	 0.00237115 	 0.00493776
4065 	 910 	 0.850648 	 0.00237573 	 0.00494729
4065 	 915 	 0.85066 	 0.00238025 	 0.0049567
4065 	 920 	 0.850671 	 0.0023847 	 0.00496597
4065 	 925 	 0.850682 	 0.00238909 	 0.00497511
4065 	 930 	 0.850693 	 0.00239341 	 0.00498412
4065 	 935 	 0.850704 	 0.00239768 	 0.004993
4065 	 940 	 0.850714 	 0.00240188 	 0.00500175
4065 	 945 	 0.850724 	 0.00240602 	 0.00501037
4065 	 950 	 0.850734 	 0.0024101 	 0.00501887
4065 	 955 	 0.850744 	 0.00241412 	 0.00502724
4065 	 960 	 0.850753 	 0.00241808 	 0.00503548
4065 	 965 	 0.850762 	 0.00242198 	 0.0050436
4065 	 970 	 0.850771 	 0.00242582 	 0.00505159
4065 	 975 	 0.85078 	 0.0024296 	 0.00505946
4065 	 980 	 0.850788 	 0.00243332 	 0.00506721
4065 	 985 	 0.850796 	 0.00243698 	 0.00507484
4065 	 990 	 0.850804 	 0.00244059 	 0.00508235
4065 	 995 	 0.850812 	 0.00244413 	 0.00508974
4065 	 1000 	 0.85082 	 0.00244762 	 0.00509701
4065 	 1005 	 0.850827 	 0.00245106 	 0.00510416
4065 	 1010 	 0.850834 	 0.00245444 	 0.0051112
4065 	 1015 	 0.850842 	 0.00245776 	 0.00511812
4065 	 1020 	 0.850848 	 0.00246103 	 0.00512493
4065 	 1025 	 0.850855 	 0.00246425 	 0.00513163
4065 	 1030 	 0.850862 	 0.00246741 	 0.00513821
4065 	 1035 	 0.850868 	 0.00247052 	 0.00514469
4065 	 1040 	 0.850874 	 0.00247358 	 0.00515106
4065 	 1045 	 0.85088 	 0.00247659 	 0.00515732
4065 	 1050 	 0.850886 	 0.00247954 	 0.00516348
4065 	 1055 	 0.850892 	 0.00248245 	 0.00516953
4065 	 1060 	 0.850898 	 0.00248531 	 0.00517548
4065 	 1065 	 0.850903 	 0.00248811 	 0.00518132
4065 	 1070 	 0.850909 	 0.00249087 	 0.00518707
4065 	 1075 	 0.850914 	 0.00249358 	 0.00519271
4065 	 1080 	 0.850919 	 0.00249625 	 0.00519826
4065 	 1085 	 0.850924 	 0.00249886 	 0.00520371
4065 	 1090 	 0.850929 	 0.00250144 	 0.00520907
4065 	 1095 	 0.850934 	 0.00250396 	 0.00521433
4065 	 1100 	 0.850938 	 0.00250644 	 0.00521949
4065 	 1105 	 0.850943 	 0.00250888 	 0.00522457
4065 	 1110 	 0.850947 	 0.00251128 	 0.00522956
4065 	 1115 	 0.850951 	 0.00251363 	 0.00523445
4065 	 1120 	 0.850956 	 0.00251594 	 0.00523926
4065 	 1125 	 0.85096 	 0.0025182 	 0.00524398
4065 	 1130 	 0.850964 	 0.00252043 	 0.00524862
4065 	 1135 	 0.850968 	 0.00252262 	 0.00525317
4065 	 1140 	 0.850971 	 0.00252476 	 0.00525764
4065 	 1145 	 0.850975 	 0.00252687 	 0.00526203
4065 	 1150 	 0.850979 	 0.00252894 	 0.00526634
4065 	 1155 	 0.850982 	 0.00253097 	 0.00527057
4065 	 1160 	 0.850986 	 0.00253296 	 0.00527472
4065 	 1165 	 0.850989 	 0.00253492 	 0.00527879
4065 	 1170 	 0.850992 	 0.00253684 	 0.00528279
4065 	 1175 	 0.850995 	 0.00253872 	 0.00528672
4065 	 1180 	 0.850998 	 0.00254057 	 0.00529057
4065 	 1185 	 0.851001 	 0.00254239 	 0.00529435
4065 	 1190 	 0.851004 	 0.00254417 	 0.00529805
4065 	 1195 	 0.851007 	 0.00254592 	 0.00530169
4065 	 1200 	 0.85101 	 0.00254763 	 0.00530526
4065 	 1205 	 0.851013 	 0.00254931 	 0.00530876
4065 	 1210 	 0.851015 	 0.00255096 	 0.0053122
4065 	 1215 	 0.851018 	 0.00255258 	 0.00531557
4065 	 1220 	 0.85102 	 0.00255417 	 0.00531888
4065 	 1225 	 0.851023 	 0.00255573 	 0.00532212
4065 	 1230 	 0.851025 	 0.00255725 	 0.0053253
4065 	 1235 	 0.851028 	 0.00255875 	 0.00532842
4065 	 1240 	 0.85103 	 0.00256022 	 0.00533148
4065 	 1245 	 0.851032 	 0.00256166 	 0.00533448
4065 	 1250 	 0.851034 	 0.00256308 	 0.00533743
4065 	 1255 	 0.851036 	 0.00256446 	 0.00534031
4065 	 1260 	 0.851039 	 0.00256582 	 0.00534315
4065 	 1265 	 0.851041 	 0.00256716 	 0.00534592
4065 	 1270 	 0.851043 	 0.00256846 	 0.00534864
4065 	 1275 	 0.851044 	 0.00256974 	 0.00535131
4065 	 1280 	 0.851046 	 0.002571 	 0.00535393
4065 	 1285 	 0.851048 	 0.00257223 	 0.00535649
4065 	 1290 	 0.85105 	 0.00257344 	 0.00535901
4065 	 1295 	 0.851052 	 0.00257462 	 0.00536147
4065 	 1300 	 0.851053 	 0.00257578 	 0.00536389
4065 	 1305 	 0.851055 	 0.00257692 	 0.00536626
4065 	 1310 	 0.851057 	 0.00257804 	 0.00536858
4065 	 1315 	 0.851058 	 0.00257913 	 0.00537086
4065 	 1320 	 0.85106 	 0.0025802 	 0.00537309
4065 	 1325 	 0.851061 	 0.00258125 	 0.00537527
4065 	 1330 	 0.851063 	 0.00258228 	 0.00537742
4065 	 1335 	 0.851064 	 0.00258329 	 0.00537952
4065 	 1340 	 0.851065 	 0.00258428 	 0.00538158
4065 	 1345 	 0.851067 	 0.00258525 	 0.00538359
4065 	 1350 	 0.851068 	 0.0025862 	 0.00538557
4065 	 1355 	 0.851069 	 0.00258713 	 0.00538751
4065 	 1360 	 0.851071 	 0.00258804 	 0.00538941
4065 	 1365 	 0.851072 	 0.00258893 	 0.00539127
4065 	 1370 	 0.851073 	 0.00258981 	 0.00539309
4065 	 1375 	 0.851074 	 0.00259066 	 0.00539487
4065 	 1380 	 0.851075 	 0.0025915 	 0.00539662
4065 	 1385 	 0.851076 	 0.00259233 	 0.00539834
4065 	 1390 	 0.851077 	 0.00259313 	 0.00540002
4065 	 1395 	 0.851078 	 0.00259392 	 0.00540166
4065 	 1400 	 0.85108 	 0.0025947 	 0.00540328
4065 	 1405 	 0.851081 	 0.00259546 	 0.00540485
4065 	 1410 	 0.851081 	 0.0025962 	 0.0054064
4065 	 1415 	 0.851082 	 0.00259693 	 0.00540792
4065 	 1420 	 0.851083 	 0.00259764 	 0.0054094
4065 	 1425 	 0.851084 	 0.00259834 	 0.00541085
4065 	 1430 	 0.851085 	 0.00259902 	 0.00541228
4065 	 1435 	 0.851086 	 0.00259969 	 0.00541367
4065 	 1440 	 0.851087 	 0.00260035 	 0.00541504
4065 	 1445 	 0.851088 	 0.00260099 	 0.00541638
4065 	 1450 	 0.851088 	 0.00260162 	 0.00541769
4065 	 1455 	 0.851089 	 0.00260224 	 0.00541897
4065 	 1460 	 0.85109 	 0.00260284 	 0.00542023
4065 	 1465 	 0.851091 	 0.00260343 	 0.00542146
4065 	 1470 	 0.851091 	 0.00260401 	 0.00542267
4065 	 1475 	 0.851092 	 0.00260458 	 0.00542385
4065 	 1480 	 0.851093 	 0.00260513 	 0.005425
4065 	 1485 	 0.851093 	 0.00260568 	 0.00542614
4065 	 1490 	 0.851094 	 0.00260621 	 0.00542724
4065 	 1495 	 0.851095 	 0.00260673 	 0.00542833
4065 	 1500 	 0.851095 	 0.00260724 	 0.00542939
4065 	 1505 	 0.851096 	 0.00260774 	 0.00543043
4065 	 1510 	 0.851097 	 0.00260823 	 0.00543145
4065 	 1515 	 0.851097 	 0.00260871 	 0.00543245
4065 	 1520 	 0.851098 	 0.00260918 	 0.00543343
4065 	 1525 	 0.851098 	 0.00260964 	 0.00543438
4065 	 1530 	 0.851099 	 0.00261009 	 0.00543532
4065 	 1535 	 0.851099 	 0.00261053 	 0.00543624
4065 	 1540 	 0.8511 	 0.00261096 	 0.00543713
4065 	 1545 	 0.8511 	 0.00261138 	 0.00543801
4065 	 1550 	 0.851101 	 0.00261179 	 0.00543887
4065 	 1555 	 0.851101 	 0.0026122 	 0.00543971
4065 	 1560 	 0.851102 	 0.00261259 	 0.00544054
4065 	 1565 	 0.851102 	 0.00261298 	 0.00544135
4065 	 1570 	 0.851103 	 0.00261336 	 0.00544214
4065 	 1575 	 0.851103 	 0.00261373 	 0.00544291
4065 	 1580 	 0.851103 	 0.00261409 	 0.00544367
4065 	 1585 	 0.851104 	 0.00261445 	 0.00544441
4065 	 1590 	 0.851104 	 0.0026148 	 0.00544513
4065 	 1595 	 0.851105 	 0.00261514 	 0.00544584
4065 	 1600 	 0.851105 	 0.00261547 	 0.00544654
4065 	 1605 	 0.851105 	 0.0026158 	 0.00544722
4065 	 1610 	 0.851106 	 0.00261612 	 0.00544788
4065 	 1615 	 0.851106 	 0.00261643 	 0.00544853
4065 	 1620 	 0.851106 	 0.00261674 	 0.00544917
4065 	 1625 	 0.851107 	 0.00261704 	 0.00544979
4065 	 1630 	 0.851107 	 0.00261733 	 0.0054504
4065 	 1635 	 0.851107 	 0.00261762 	 0.005451
4065 	 1640 	 0.851108 	 0.0026179 	 0.00545159
4065 	 1645 	 0.851108 	 0.00261817 	 0.00545216
4065 	 1650 	 0.851108 	 0.00261844 	 0.00545272
4065 	 1655 	 0.851108 	 0.0026187 	 0.00545327
4065 	 1660 	 0.851109 	 0.00261896 	 0.0054538
4065 	 1665 	 0.851109 	 0.00261921 	 0.00545433
4065 	 1670 	 0.851109 	 0.00261946 	 0.00545484
4065 	 1675 	 0.85111 	 0.0026197 	 0.00545534
4065 	 1680 	 0.85111 	 0.00261994 	 0.00545584
4065 	 1685 	 0.85111 	 0.00262017 	 0.00545632
4065 	 1690 	 0.85111 	 0.00262039 	 0.00545679
4065 	 1695 	 0.85111 	 0.00262062 	 0.00545725
4065 	 1700 	 0.851111 	 0.00262083 	 0.0054577
4065 	 1705 	 0.851111 	 0.00262104 	 0.00545814
4065 	 1710 	 0.851111 	 0.00262125 	 0.00545857
4065 	 1715 	 0.851111 	 0.00262145 	 0.00545899
4065 	 1720 	 0.851112 	 0.00262165 	 0.00545941
4065 	 1725 	 0.851112 	 0.00262185 	 0.00545981
4065 	 1730 	 0.851112 	 0.00262204 	 0.0054602
4065 	 1735 	 0.851112 	 0.00262222 	 0.00546059
4065 	 1740 	 0.851112 	 0.0026224 	 0.00546097
4065 	 1745 	 0.851112 	 0.00262258 	 0.00546134
4065 	 1750 	 0.851113 	 0.00262275 	 0.0054617
4065 	 1755 	 0.851113 	 0.00262292 	 0.00546206
4065 	 1760 	 0.851113 	 0.00262309 	 0.0054624
4065 	 1765 	 0.851113 	 0.00262325 	 0.00546274
4065 	 1770 	 0.851113 	 0.00262341 	 0.00546307
4065 	 1775 	 0.851113 	 0.00262357 	 0.0054634
4065 	 1780 	 0.851114 	 0.00262372 	 0.00546372
4065 	 1785 	 0.851114 	 0.00262387 	 0.00546403
4065 	 1790 	 0.851114 	 0.00262402 	 0.00546433
4065 	 1795 	 0.851114 	 0.00262416 	 0.00546463
4065 	 1800 	 0.851114 	 0.0026243 	 0.00546492
4065 	 1805 	 0.851114 	 0.00262443 	 0.0054652
4065 	 1810 	 0.851114 	 0.00262457 	 0.00546548
4065 	 1815 	 0.851115 	 0.0026247 	 0.00546575
4065 	 1820 	 0.851115 	 0.00262483 	 0.00546602
4065 	 1825 	 0.851115 	 0.00262495 	 0.00546628
4065 	 1830 	 0.851115 	 0.00262507 	 0.00546653
4065 	 1835 	 0.851115 	 0.00262519 	 0.00546678
4065 	 1840 	 0.851115 	 0.00262531 	 0.00546702
4065 	 1845 	 0.851115 	 0.00262542 	 0.00546726
4065 	 1850 	 0.851115 	 0.00262554 	 0.00546749
4065 	 1855 	 0.851115 	 0.00262565 	 0.00546772
4065 	 1860 	 0.851116 	 0.00262575 	 0.00546794
4065 	 1865 	 0.851116 	 0.00262586 	 0.00546816
4065 	 1870 	 0.851116 	 0.00262596 	 0.00546838
4065 	 1875 	 0.851116 	 0.00262606 	 0.00546858
4065 	 1880 	 0.851116 	 0.00262616 	 0.00546879
4065 	 1885 	 0.851116 	 0.00262625 	 0.00546899
4065 	 1890 	 0.851116 	 0.00262635 	 0.00546918
4065 	 1895 	 0.851116 	 0.00262644 	 0.00546937
4065 	 1900 	 0.851116 	 0.00262653 	 0.00546956
4065 	 1905 	 0.851116 	 0.00262661 	 0.00546974
4065 	 1910 	 0.851116 	 0.0026267 	 0.00546992
4065 	 1915 	 0.851117 	 0.00262678 	 0.00547009
4065 	 1920 	 0.851117 	 0.00262687 	 0.00547026
4065 	 1925 	 0.851117 	 0.00262695 	 0.00547043
4065 	 1930 	 0.851117 	 0.00262702 	 0.00547059
4065 	 1935 	 0.851117 	 0.0026271 	 0.00547075
4065 	 1940 	 0.851117 	 0.00262717 	 0.00547091
4065 	 1945 	 0.851117 	 0.00262725 	 0.00547106
4065 	 1950 	 0.851117 	 0.00262732 	 0.00547121
4065 	 1955 	 0.851117 	 0.00262739 	 0.00547135
4065 	 1960 	 0.851117 	 0.00262746 	 0.0054715
4065 	 1965 	 0.851117 	 0.00262752 	 0.00547164
4065 	 1970 	 0.851117 	 0.00262759 	 0.00547177
4065 	 1975 	 0.851117 	 0.00262765 	 0.0054719
4065 	 1980 	 0.851117 	 0.00262772 	 0.00547204
4065 	 1985 	 0.851117 	 0.00262778 	 0.00547216
4065 	 1990 	 0.851117 	 0.00262784 	 0.00547229
4065 	 1995 	 0.851118 	 0.0026279 	 0.00547241
4065 	 2000 	 0.851118 	 0.00262795 	 0.00547253
4065 	 2005 	 0.851118 	 0.00262801 	 0.00547264
4065 	 2010 	 0.851118 	 0.00262806 	 0.00547276
4065 	 2015 	 0.851118 	 0.00262812 	 0.00547287
4065 	 2020 	 0.851118 	 0.00262817 	 0.00547298
4065 	 2025 	 0.851118 	 0.00262822 	 0.00547308
4065 	 2030 	 0.851118 	 0.00262827 	 0.00547319
4065 	 2035 	 0.851118 	 0.00262832 	 0.00547329
4065 	 2040 	 0.851118 	 0.00262837 	 0.00547339
4065 	 2045 	 0.851118 	 0.00262841 	 0.00547348
4065 	 2050 	 0.851118 	 0.00262846 	 0.00547358
4065 	 2055 	 0.851118 	 0.0026285 	 0.00547367
4065 	 2060 	 0.851118 	 0.00262855 	 0.00547376
4065 	 2065 	 0.851118 	 0.00262859 	 0.00547385
4065 	 2070 	 0.851118 	 0.00262863 	 0.00547394
4065 	 2075 	 0.851118 	 0.00262867 	 0.00547402
4065 	 2080 	 0.851118 	 0.00262871 	 0.0054741
4065 	 2085 	 0.851118 	 0.00262875 	 0.00547419
4065 	 2090 	 0.851118 	 0.00262879 	 0.00547426
4065 	 2095 	 0.851118 	 0.00262882 	 0.00547434
4065 	 2100 	 0.851118 	 0.00262886 	 0.00547442
4065 	 2105 	 0.851118 	 0.0026289 	 0.00547449
4065 	 2110 	 0.851118 	 0.00262893 	 0.00547456
4065 	 2115 	 0.851118 	 0.00262896 	 0.00547463
4065 	 2120 	 0.851118 	 0.002629 	 0.0054747
4065 	 2125 	 0.851119 	 0.00262903 	 0.00547477
4065 	 2130 	 0.851119 	 0.00262906 	 0.00547484
4065 	 2135 	 0.851119 	 0.00262909 	 0.0054749
4065 	 2140 	 0.851119 	 0.00262912 	 0.00547496
4065 	 2145 	 0.851119 	 0.00262915 	 0.00547503
4065 	 2150 	 0.851119 	 0.00262918 	 0.00547509
4065 	 2155 	 0.851119 	 0.00262921 	 0.00547514
4065 	 2160 	 0.851119 	 0.00262924 	 0.0054752
4065 	 2165 	 0.851119 	 0.00262926 	 0.00547526
4065 	 2170 	 0.851119 	 0.00262929 	 0.00547531
4065 	 2175 	 0.851119 	 0.00262932 	 0.00547537
4065 	 2180 	 0.851119 	 0.00262934 	 0.00547542
4065 	 2185 	 0.851119 	 0.00262937 	 0.00547547
4065 	 2190 	 0.851119 	 0.00262939 	 0.00547552
4065 	 2195 	 0.851119 	 0.00262941 	 0.00547557
4065 	 2200 	 0.851119 	 0.00262944 	 0.00547562
4065 	 2205 	 0.851119 	 0.00262946 	 0.00547566
4065 	 2210 	 0.851119 	 0.00262948 	 0.00547571
4065 	 2215 	 0.851119 	 0.0026295 	 0.00547575
4065 	 2220 	 0.851119 	 0.00262952 	 0.0054758
4065 	 2225 	 0.851119 	 0.00262954 	 0.00547584
4065 	 2230 	 0.851119 	 0.00262956 	 0.00547588
4065 	 2235 	 0.851119 	 0.00262958 	 0.00547592
4065 	 2240 	 0.851119 	 0.0026296 	 0.00547596
4065 	 2245 	 0.851119 	 0.00262962 	 0.005476
4065 	 2250 	 0.851119 	 0.00262964 	 0.00547604
4065 	 2255 	 0.851119 	 0.00262966 	 0.00547608
4065 	 2260 	 0.851119 	 0.00262967 	 0.00547611
4065 	 2265 	 0.851119 	 0.00262969 	 0.00547615
4065 	 2270 	 0.851119 	 0.00262971 	 0.00547618
4065 	 2275 	 0.851119 	 0.00262972 	 0.00547622
4065 	 2280 	 0.851119 	 0.00262974 	 0.00547625
4065 	 2285 	 0.851119 	 0.00262976 	 0.00547628
4065 	 2290 	 0.851119 	 0.00262977 	 0.00547631
4065 	 2295 	 0.851119 	 0.00262979 	 0.00547634
4065 	 2300 	 0.851119 	 0.0026298 	 0.00547637
4065 	 2305 	 0.851119 	 0.00262981 	 0.0054764
4065 	 2310 	 0.851119 	 0.00262983 	 0.00547643
4065 	 2315 	 0.851119 	 0.00262984 	 0.00547646
4065 	 2320 	 0.851119 	 0.00262985 	 0.00547649
4065 	 2325 	 0.851119 	 0.00262987 	 0.00547651
4065 	 2330 	 0.851119 	 0.00262988 	 0.00547654
4065 	 2335 	 0.851119 	 0.00262989 	 0.00547657
4065 	 2340 	 0.851119 	 0.0026299 	 0.00547659
4065 	 2345 	 0.851119 	 0.00262992 	 0.00547662
4065 	 2350 	 0.851119 	 0.00262993 	 0.00547664
4065 	 2355 	 0.851119 	 0.00262994 	 0.00547666
4065 	 2360 	 0.851119 	 0.00262995 	 0.00547669
4065 	 2365 	 0.851119 	 0.00262996 	 0.00547671
4065 	 2370 	 0.851119 	 0.00262997 	 0.00547673
4065 	 2375 	 0.851119 	 0.00262998 	 0.00547675
4065 	 2380 	 0.851119 	 0.00262999 	 0.00547677
4065 	 2385 	 0.851119 	 0.00263 	 0.00547679
4065 	 2390 	 0.851119 	 0.00263001 	 0.00547681
4065 	 2395 	 0.851119 	 0.00263002 	 0.00547683
4065 	 2400 	 0.851119 	 0.00263003 	 0.00547685
4065 	 2405 	 0.851119 	 0.00263004 	 0.00547687
4065 	 2410 	 0.851119 	 0.00263005 	 0.00547689
4065 	 2415 	 0.851119 	 0.00263005 	 0.0054769
4065 	 2420 	 0.851119 	 0.00263006 	 0.00547692
4065 	 2425 	 0.851119 	 0.00263007 	 0.00547694
4065 	 2430 	 0.851119 	 0.00263008 	 0.00547695
4065 	 2435 	 0.851119 	 0.00263009 	 0.00547697
4065 	 2440 	 0.851119 	 0.00263009 	 0.00547699
4065 	 2445 	 0.851119 	 0.0026301 	 0.005477
4065 	 2450 	 0.851119 	 0.00263011 	 0.00547702
4065 	 2455 	 0.851119 	 0.00263012 	 0.00547703
4065 	 2460 	 0.851119 	 0.00263012 	 0.00547705
4065 	 2465 	 0.851119 	 0.00263013 	 0.00547706
4065 	 2470 	 0.851119 	 0.00263014 	 0.00547707
4065 	 2475 	 0.851119 	 0.00263014 	 0.00547709
4065 	 2480 	 0.851119 	 0.00263015 	 0.0054771
4065 	 2485 	 0.851119 	 0.00263015 	 0.00547711
4065 	 2490 	 0.851119 	 0.00263016 	 0.00547712
4065 	 2495 	 0.851119 	 0.00263017 	 0.00547714
4065 	 2500 	 0.851119 	 0.00263017 	 0.00547715
4065 	 2505 	 0.851119 	 0.00263018 	 0.00547716
4065 	 2510 	 0.851119 	 0.00263018 	 0.00547717
4065 	 2515 	 0.851119 	 0.00263019 	 0.00547718
4065 	 2520 	 0.851119 	 0.00263019 	 0.00547719
4065 	 2525 	 0.851119 	 0.0026302 	 0.0054772
4065 	 2530 	 0.851119 	 0.0026302 	 0.00547721
4065 	 2535 	 0.851119 	 0.00263021 	 0.00547722
4065 	 2540 	 0.851119 	 0.00263021 	 0.00547723
4065 	 2545 	 0.851119 	 0.00263022 	 0.00547724
4065 	 2550 	 0.851119 	 0.00263022 	 0.00547725
4065 	 2555 	 0.851119 	 0.00263023 	 0.00547726
4065 	 2560 	 0.851119 	 0.00263023 	 0.00547727
4065 	 2565 	 0.851119 	 0.00263023 	 0.00547728
4065 	 2570 	 0.851119 	 0.00263024 	 0.00547729
4065 	 2575 	 0.851119 	 0.00263024 	 0.0054773
4065 	 2580 	 0.851119 	 0.00263025 	 0.0054773
4065 	 2585 	 0.851119 	 0.00263025 	 0.00547731
4065 	 2590 	 0.851119 	 0.00263025 	 0.00547732
4065 	 2595 	 0.851119 	 0.00263026 	 0.00547733
4065 	 2600 	 0.851119 	 0.00263026 	 0.00547733
4065 	 2605 	 0.851119 	 0.00263026 	 0.00547734
4065 	 2610 	 0.851119 	 0.00263027 	 0.00547735
4065 	 2615 	 0.851119 	 0.00263027 	 0.00547736
4065 	 2620 	 0.851119 	 0.00263027 	 0.00547736
4065 	 2625 	 0.851119 	 0.00263028 	 0.00547737
4065 	 2630 	 0.851119 	 0.00263028 	 0.00547738
4065 	 2635 	 0.851119 	 0.00263028 	 0.00547738
4065 	 2640 	 0.851119 	 0.00263029 	 0.00547739
4065 	 2645 	 0.851119 	 0.00263029 	 0.00547739
4065 	 2650 	 0.851119 	 0.00263029 	 0.0054774
4065 	 2655 	 0.851119 	 0.0026303 	 0.00547741
4065 	 2660 	 0.851119 	 0.0026303 	 0.00547741
4065 	 2665 	 0.851119 	 0.0026303 	 0.00547742
4065 	 2670 	 0.851119 	 0.0026303 	 0.00547742
4065 	 2675 	 0.851119 	 0.00263031 	 0.00547743
4065 	 2680 	 0.851119 	 0.00263031 	 0.00547743
4065 	 2685 	 0.851119 	 0.00263031 	 0.00547744
4065 	 2690 	 0.851119 	 0.00263031 	 0.00547744
4065 	 2695 	 0.851119 	 0.00263031 	 0.00547745
4065 	 2700 	 0.851119 	 0.00263032 	 0.00547745
4065 	 2705 	 0.851119 	 0.00263032 	 0.00547746
4065 	 2710 	 0.851119 	 0.00263032 	 0.00547746
4065 	 2715 	 0.851119 	 0.00263032 	 0.00547746
4065 	 2720 	 0.851119 	 0.00263033 	 0.00547747
4065 	 2725 	 0.851119 	 0.00263033 	 0.00547747
4065 	 2730 	 0.851119 	 0.00263033 	 0.00547748
4065 	 2735 	 0.851119 	 0.00263033 	 0.00547748
4065 	 2740 	 0.851119 	 0.00263033 	 0.00547748
4065 	 2745 	 0.851119 	 0.00263033 	 0.00547749
4065 	 2750 	 0.85112 	 0.00263034 	 0.00547749
4065 	 2755 	 0.85112 	 0.00263034 	 0.00547749
4065 	 2760 	 0.85112 	 0.00263034 	 0.0054775
4065 	 2765 	 0.85112 	 0.00263034 	 0.0054775
4065 	 2770 	 0.85112 	 0.00263034 	 0.0054775
4065 	 2775 	 0.85112 	 0.00263034 	 0.00547751
4065 	 2780 	 0.85112 	 0.00263035 	 0.00547751
4065 	 2785 	 0.85112 	 0.00263035 	 0.00547751
4065 	 2790 	 0.85112 	 0.00263035 	 0.00547752
4065 	 2795 	 0.85112 	 0.00263035 	 0.00547752
4065 	 2800 	 0.85112 	 0.00263035 	 0.00547752
4065 	 2805 	 0.85112 	 0.00263035 	 0.00547753
4065 	 2810 	 0.85112 	 0.00263035 	 0.00547753
4065 	 2815 	 0.85112 	 0.00263036 	 0.00547753
4065 	 2820 	 0.85112 	 0.00263036 	 0.00547753
4065 	 2825 	 0.85112 	 0.00263036 	 0.00547754
4065 	 2830 	 0.85112 	 0.00263036 	 0.00547754
4065 	 2835 	 0.85112 	 0.00263036 	 0.00547754
4065 	 2840 	 0.85112 	 0.00263036 	 0.00547754
4065 	 2845 	 0.85112 	 0.00263036 	 0.00547754
4065 	 2850 	 0.85112 	 0.00263036 	 0.00547755
4065 	 2855 	 0.85112 	 0.00263036 	 0.00547755
4065 	 2860 	 0.85112 	 0.00263037 	 0.00547755
4065 	 2865 	 0.85112 	 0.00263037 	 0.00547755
4065 	 2870 	 0.85112 	 0.00263037 	 0.00547756
4065 	 2875 	 0.85112 	 0.00263037 	 0.00547756
4065 	 2880 	 0.85112 	 0.00263037 	 0.00547756
4065 	 2885 	 0.85112 	 0.00263037 	 0.00547756
4065 	 2890 	 0.85112 	 0.00263037 	 0.00547756
4065 	 2895 	 0.85112 	 0.00263037 	 0.00547756
4065 	 2900 	 0.85112 	 0.00263037 	 0.00547757
4065 	 2905 	 0.85112 	 0.00263037 	 0.00547757
4065 	 2910 	 0.85112 	 0.00263037 	 0.00547757
4065 	 2915 	 0.85112 	 0.00263038 	 0.00547757
4065 	 2920 	 0.85112 	 0.00263038 	 0.00547757
4065 	 2925 	 0.85112 	 0.00263038 	 0.00547757
4065 	 2930 	 0.85112 	 0.00263038 	 0.00547758
4065 	 2935 	 0.85112 	 0.00263038 	 0.00547758
4065 	 2940 	 0.85112 	 0.00263038 	 0.00547758
4065 	 2945 	 0.85112 	 0.00263038 	 0.00547758
4065 	 2950 	 0.85112 	 0.00263038 	 0.00547758
4065 	 2955 	 0.85112 	 0.00263038 	 0.00547758
4065 	 2960 	 0.85112 	 0.00263038 	 0.00547758
4065 	 2965 	 0.85112 	 0.00263038 	 0.00547759
4065 	 2970 	 0.85112 	 0.00263038 	 0.00547759
4065 	 2975 	 0.85112 	 0.00263038 	 0.00547759
4065 	 2980 	 0.85112 	 0.00263038 	 0.00547759
4065 	 2985 	 0.85112 	 0.00263038 	 0.00547759
4065 	 2990 	 0.85112 	 0.00263038 	 0.00547759
4065 	 2995 	 0.85112 	 0.00263039 	 0.00547759
4065 	 3000 	 0.85112 	 0.00263039 	 0.00547759
4065 	 3005 	 0.85112 	 0.00263039 	 0.00547759
4065 	 3010 	 0.85112 	 0.00263039 	 0.0054776
4065 	 3015 	 0.85112 	 0.00263039 	 0.0054776
4065 	 3020 	 0.85112 	 0.00263039 	 0.0054776
4065 	 3025 	 0.85112 	 0.00263039 	 0.0054776
4065 	 3030 	 0.85112 	 0.00263039 	 0.0054776
4065 	 3035 	 0.85112 	 0.00263039 	 0.0054776
4065 	 3040 	 0.85112 	 0.00263039 	 0.0054776
4065 	 3045 	 0.85112 	 0.00263039 	 0.0054776
4065 	 3050 	 0.85112 	 0.00263039 	 0.0054776
4065 	 3055 	 0.85112 	 0.00263039 	 0.0054776
4065 	 3060 	 0.85112 	 0.00263039 	 0.0054776
4065 	 3065 	 0.85112 	 0.00263039 	 0.00547761
4065 	 3070 	 0.85112 	 0.00263039 	 0.00547761
4065 	 3075 	 0.85112 	 0.00263039 	 0.00547761
4065 	 3080 	 0.85112 	 0.00263039 	 0.00547761
4065 	 3085 	 0.85112 	 0.00263039 	 0.00547761
4065 	 3090 	 0.85112 	 0.00263039 	 0.00547761
4065 	 3095 	 0.85112 	 0.00263039 	 0.00547761
4065 	 3100 	 0.85112 	 0.00263039 	 0.00547761
4065 	 3105 	 0.85112 	 0.00263039 	 0.00547761
4065 	 3110 	 0.85112 	 0.00263039 	 0.00547761
4065 	 3115 	 0.85112 	 0.00263039 	 0.00547761
4065 	 3120 	 0.85112 	 0.00263039 	 0.00547761
4065 	 3125 	 0.85112 	 0.0026304 	 0.00547761
4065 	 3130 	 0.85112 	 0.0026304 	 0.00547761
4065 	 3135 	 0.85112 	 0.0026304 	 0.00547761
4065 	 3140 	 0.85112 	 0.0026304 	 0.00547761
4065 	 3145 	 0.85112 	 0.0026304 	 0.00547762
4065 	 3150 	 0.85112 	 0.0026304 	 0.00547762
4065 	 3155 	 0.85112 	 0.0026304 	 0.00547762
4065 	 3160 	 0.85112 	 0.0026304 	 0.00547762
4065 	 3165 	 0.85112 	 0.0026304 	 0.00547762
4065 	 3170 	 0.85112 	 0.0026304 	 0.00547762
4065 	 3175 	 0.85112 	 0.0026304 	 0.00547762
4065 	 3180 	 0.85112 	 0.0026304 	 0.00547762
4065 	 3185 	 0.85112 	 0.0026304 	 0.00547762
4065 	 3190 	 0.85112 	 0.0026304 	 0.00547762
4065 	 3195 	 0.85112 	 0.0026304 	 0.00547762
4065 	 3200 	 0.85112 	 0.0026304 	 0.00547762
4065 	 3205 	 0.85112 	 0.0026304 	 0.00547762
4065 	 3210 	 0.85112 	 0.0026304 	 0.00547762
4065 	 3215 	 0.85112 	 0.0026304 	 0.00547762
4065 	 3220 	 0.85112 	 0.0026304 	 0.00547762
4065 	 3225 	 0.85112 	 0.0026304 	 0.00547762
4065 	 3230 	 0.85112 	 0.0026304 	 0.00547762
4065 	 3235 	 0.85112 	 0.0026304 	 0.00547762
4065 	 3240 	 0.85112 	 0.0026304 	 0.00547762
4065 	 3245 	 0.85112 	 0.0026304 	 0.00547762
4065 	 3250 	 0.85112 	 0.0026304 	 0.00547762
4065 	 3255 	 0.85112 	 0.0026304 	 0.00547762
4065 	 3260 	 0.85112 	 0.0026304 	 0.00547762
4065 	 3265 	 0.85112 	 0.0026304 	 0.00547762
4065 	 3270 	 0.85112 	 0.0026304 	 0.00547762
4065 	 3275 	 0.85112 	 0.0026304 	 0.00547763
4065 	 3280 	 0.85112 	 0.0026304 	 0.00547763
4065 	 3285 	 0.85112 	 0.0026304 	 0.00547763
4065 	 3290 	 0.85112 	 0.0026304 	 0.00547763
4065 	 3295 	 0.85112 	 0.0026304 	 0.00547763
4065 	 3300 	 0.85112 	 0.0026304 	 0.00547763
4065 	 3305 	 0.85112 	 0.0026304 	 0.00547763
4065 	 3310 	 0.85112 	 0.0026304 	 0.00547763
4065 	 3315 	 0.85112 	 0.0026304 	 0.00547763
4065 	 3320 	 0.85112 	 0.0026304 	 0.00547763
4065 	 3325 	 0.85112 	 0.0026304 	 0.00547763
4065 	 3330 	 0.85112 	 0.0026304 	 0.00547763
4065 	 3335 	 0.85112 	 0.0026304 	 0.00547763
4065 	 3340 	 0.85112 	 0.0026304 	 0.00547763
4065 	 3345 	 0.85112 	 0.0026304 	 0.00547763
4065 	 3350 	 0.85112 	 0.0026304 	 0.00547763
4065 	 3355 	 0.85112 	 0.0026304 	 0.00547763
4065 	 3360 	 0.85112 	 0.0026304 	 0.00547763
4065 	 3365 	 0.85112 	 0.0026304 	 0.00547763
4065 	 3370 	 0.85112 	 0.0026304 	 0.00547763
4065 	 3375 	 0.85112 	 0.0026304 	 0.00547763
4065 	 3380 	 0.85112 	 0.0026304 	 0.00547763
4065 	 3385 	 0.85112 	 0.0026304 	 0.00547763
4065 	 3390 	 0.85112 	 0.0026304 	 0.00547763
4065 	 3395 	 0.85112 	 0.0026304 	 0.00547763
4065 	 3400 	 0.85112 	 0.0026304 	 0.00547763
4065 	 3405 	 0.85112 	 0.0026304 	 0.00547763
4065 	 3410 	 0.85112 	 0.0026304 	 0.00547763
4065 	 3415 	 0.85112 	 0.0026304 	 0.00547763
4065 	 3420 	 0.85112 	 0.0026304 	 0.00547763
4065 	 3425 	 0.85112 	 0.0026304 	 0.00547763
4065 	 3430 	 0.85112 	 0.0026304 	 0.00547763
4065 	 3435 	 0.85112 	 0.0026304 	 0.00547763
4065 	 3440 	 0.85112 	 0.0026304 	 0.00547763
4065 	 3445 	 0.85112 	 0.0026304 	 0.00547763
4065 	 3450 	 0.85112 	 0.0026304 	 0.00547763
4065 	 3455 	 0.85112 	 0.0026304 	 0.00547763
4065 	 3460 	 0.85112 	 0.0026304 	 0.00547763
4065 	 3465 	 0.85112 	 0.0026304 	 0.00547763
4065 	 3470 	 0.85112 	 0.0026304 	 0.00547763
4065 	 3475 	 0.85112 	 0.0026304 	 0.00547763
4065 	 3480 	 0.85112 	 0.0026304 	 0.00547763
4065 	 3485 	 0.85112 	 0.0026304 	 0.00547763
4065 	 3490 	 0.85112 	 0.0026304 	 0.00547763
4065 	 3495 	 0.85112 	 0.0026304 	 0.00547763
4065 	 3500 	 0.85112 	 0.0026304 	 0.00547763
4065 	 3505 	 0.85112 	 0.0026304 	 0.00547763
4065 	 3510 	 0.85112 	 0.0026304 	 0.00547763
4065 	 3515 	 0.85112 	 0.0026304 	 0.00547763
4065 	 3520 	 0.85112 	 0.0026304 	 0.00547763
4065 	 3525 	 0.85112 	 0.0026304 	 0.00547763
4065 	 3530 	 0.85112 	 0.0026304 	 0.00547763
4065 	 3535 	 0.85112 	 0.0026304 	 0.00547763
4065 	 3540 	 0.85112 	 0.0026304 	 0.00547763
4065 	 3545 	 0.85112 	 0.0026304 	 0.00547763
4065 	 3550 	 0.85112 	 0.0026304 	 0.00547763
4065 	 3555 	 0.85112 	 0.0026304 	 0.00547763
4065 	 3560 	 0.85112 	 0.0026304 	 0.00547763
4065 	 3565 	 0.85112 	 0.0026304 	 0.00547763
4065 	 3570 	 0.85112 	 0.0026304 	 0.00547763
4065 	 3575 	 0.85112 	 0.0026304 	 0.00547763
4065 	 3580 	 0.85112 	 0.0026304 	 0.00547763
4065 	 3585 	 0.85112 	 0.0026304 	 0.00547763
4065 	 3590 	 0.85112 	 0.0026304 	 0.00547763
4065 	 3595 	 0.85112 	 0.0026304 	 0.00547763
4065 	 3600 	 0.85112 	 0.0026304 	 0.00547763
4065 	 3605 	 0.85112 	 0.0026304 	 0.00547763
4065 	 3610 	 0.85112 	 0.0026304 	 0.00547763
4065 	 3615 	 0.85112 	 0.0026304 	 0.00547763
4065 	 3620 	 0.85112 	 0.0026304 	 0.00547763
4065 	 3625 	 0.85112 	 0.0026304 	 0.00547763
4065 	 3630 	 0.85112 	 0.0026304 	 0.00547763
4065 	 3635 	 0.85112 	 0.0026304 	 0.00547763
4065 	 3640 	 0.85112 	 0.0026304 	 0.00547763
4065 	 3645 	 0.85112 	 0.0026304 	 0.00547763
4065 	 3650 	 0.85112 	 0.0026304 	 0.00547763
4065 	 3655 	 0.85112 	 0.0026304 	 0.00547763
4065 	 3660 	 0.85112 	 0.0026304 	 0.00547763
4065 	 3665 	 0.85112 	 0.0026304 	 0.00547763
4065 	 3670 	 0.85112 	 0.00263041 	 0.00547763
4065 	 3675 	 0.85112 	 0.00263041 	 0.00547763
4065 	 3680 	 0.85112 	 0.00263041 	 0.00547763
4065 	 3685 	 0.85112 	 0.00263041 	 0.00547763
4065 	 3690 	 0.85112 	 0.00263041 	 0.00547763
4065 	 3695 	 0.85112 	 0.00263041 	 0.00547763
4065 	 3700 	 0.85112 	 0.00263041 	 0.00547763
4065 	 3705 	 0.85112 	 0.00263041 	 0.00547763
4065 	 3710 	 0.85112 	 0.00263041 	 0.00547763
4065 	 3715 	 0.85112 	 0.00263041 	 0.00547763
4065 	 3720 	 0.85112 	 0.00263041 	 0.00547763
4065 	 3725 	 0.85112 	 0.00263041 	 0.00547763
4065 	 3730 	 0.85112 	 0.00263041 	 0.00547763
4065 	 3735 	 0.85112 	 0.00263041 	 0.00547763
4065 	 3740 	 0.85112 	 0.00263041 	 0.00547763
4065 	 3745 	 0.85112 	 0.00263041 	 0.00547763
4065 	 3750 	 0.85112 	 0.00263041 	 0.00547763
4065 	 3755 	 0.85112 	 0.00263041 	 0.00547763
4065 	 3760 	 0.85112 	 0.00263041 	 0.00547763
4065 	 3765 	 0.85112 	 0.00263041 	 0.00547763
4065 	 3770 	 0.85112 	 0.00263041 	 0.00547763
4065 	 3775 	 0.85112 	 0.00263041 	 0.00547763
4065 	 3780 	 0.85112 	 0.00263041 	 0.00547763
4065 	 3785 	 0.85112 	 0.00263041 	 0.00547763
4065 	 3790 	 0.85112 	 0.00263041 	 0.00547763
4065 	 3795 	 0.85112 	 0.00263041 	 0.00547763
4065 	 3800 	 0.85112 	 0.00263041 	 0.00547763
4065 	 3805 	 0.85112 	 0.00263041 	 0.00547763
4065 	 3810 	 0.85112 	 0.00263041 	 0.00547763
4065 	 3815 	 0.85112 	 0.00263041 	 0.00547763
4065 	 3820 	 0.85112 	 0.00263041 	 0.00547763
4065 	 3825 	 0.85112 	 0.00263041 	 0.00547763
4065 	 3830 	 0.85112 	 0.00263041 	 0.00547763
4065 	 3835 	 0.85112 	 0.00263041 	 0.00547763
4065 	 3840 	 0.85112 	 0.00263041 	 0.00547763
4065 	 3845 	 0.85112 	 0.00263041 	 0.00547763
4065 	 3850 	 0.85112 	 0.00263041 	 0.00547763
4065 	 3855 	 0.85112 	 0.00263041 	 0.00547763
4065 	 3860 	 0.85112 	 0.00263041 	 0.00547763
4065 	 3865 	 0.85112 	 0.00263041 	 0.00547763
4065 	 3870 	 0.85112 	 0.00263041 	 0.00547763
4065 	 3875 	 0.85112 	 0.00263041 	 0.00547763
4065 	 3880 	 0.85112 	 0.00263041 	 0.00547763
4065 	 3885 	 0.85112 	 0.00263041 	 0.00547763
4065 	 3890 	 0.85112 	 0.00263041 	 0.00547763
4065 	 3895 	 0.85112 	 0.00263041 	 0.00547763
4065 	 3900 	 0.85112 	 0.00263041 	 0.00547763
4065 	 3905 	 0.85112 	 0.00263041 	 0.00547763
4065 	 3910 	 0.85112 	 0.00263041 	 0.00547763
4065 	 3915 	 0.85112 	 0.00263041 	 0.00547763
4065 	 3920 	 0.85112 	 0.00263041 	 0.00547763
4065 	 3925 	 0.85112 	 0.00263041 	 0.00547763
4065 	 3930 	 0.85112 	 0.00263041 	 0.00547763
4065 	 3935 	 0.85112 	 0.00263041 	 0.00547763
4065 	 3940 	 0.85112 	 0.00263041 	 0.00547763
4065 	 3945 	 0.85112 	 0.00263041 	 0.00547763
4065 	 3950 	 0.85112 	 0.00263041 	 0.00547763
4065 	 3955 	 0.85112 	 0.00263041 	 0.00547763
4065 	 3960 	 0.85112 	 0.00263041 	 0.00547763
4065 	 3965 	 0.85112 	 0.00263041 	 0.00547763
4065 	 3970 	 0.85112 	 0.00263041 	 0.00547763
4065 	 3975 	 0.85112 	 0.00263041 	 0.00547763
4065 	 3980 	 0.85112 	 0.00263041 	 0.00547763
4065 	 3985 	 0.85112 	 0.00263041 	 0.00547763
4065 	 3990 	 0.85112 	 0.00263041 	 0.00547763
4065 	 3995 	 0.85112 	 0.00263041 	 0.00547763
4065 	 4000 	 0.85112 	 0.00263041 	 0.00547763
4065 	 4005 	 0.85112 	 0.00263041 	 0.00547763
4065 	 4010 	 0.85112 	 0.00263041 	 0.00547763
4065 	 4015 	 0.85112 	 0.00263041 	 0.00547763
4065 	 4020 	 0.85112 	 0.00263041 	 0.00547763
4065 	 4025 	 0.85112 	 0.00263041 	 0.00547763
4065 	 4030 	 0.85112 	 0.00263041 	 0.00547763
4065 	 4035 	 0.85112 	 0.00263041 	 0.00547763
4065 	 4040 	 0.85112 	 0.00263041 	 0.00547763
4065 	 4045 	 0.85112 	 0.00263041 	 0.00547763
4065 	 4050 	 0.85112 	 0.00263041 	 0.00547763
4065 	 4055 	 0.85112 	 0.00263041 	 0.00547763
4065 	 4060 	 0.85112 	 0.00263041 	 0.00547763
4065 	 4065 	 0.85112 	 0.00263041 	 0.00547763
4065 	 4070 	 0.85112 	 0.00263041 	 0.00547763
4065 	 4075 	 0.85112 	 0.00263041 	 0.00547763
4065 	 4080 	 0.85112 	 0.00263041 	 0.00547763
4065 	 4085 	 0.85112 	 0.00263041 	 0.00547763
4065 	 4090 	 0.85112 	 0.00263041 	 0.00547763
4065 	 4095 	 0.85112 	 0.00263041 	 0.00547763
4065 	 4100 	 0.85112 	 0.00263041 	 0.00547763
4065 	 4105 	 0.85112 	 0.00263041 	 0.00547763
4065 	 4110 	 0.85112 	 0.00263041 	 0.00547763
4065 	 4115 	 0.85112 	 0.00263041 	 0.00547763
4065 	 4120 	 0.85112 	 0.00263041 	 0.00547763
4065 	 4125 	 0.85112 	 0.00263041 	 0.00547763
4065 	 4130 	 0.85112 	 0.00263041 	 0.00547763
4065 	 4135 	 0.85112 	 0.00263041 	 0.00547763
4065 	 4140 	 0.85112 	 0.00263041 	 0.00547763
4065 	 4145 	 0.85112 	 0.00263041 	 0.00547763
4065 	 4150 	 0.85112 	 0.00263041 	 0.00547763
4065 	 4155 	 0.85112 	 0.00263041 	 0.00547763
4065 	 4160 	 0.85112 	 0.00263041 	 0.00547763
4065 	 4165 	 0.85112 	 0.00263041 	 0.00547763
4065 	 4170 	 0.85112 	 0.00263041 	 0.00547763
4065 	 4175 	 0.85112 	 0.00263041 	 0.00547763
4065 	 4180 	 0.85112 	 0.00263041 	 0.00547763
4065 	 4185 	 0.85112 	 0.00263041 	 0.00547763
4065 	 4190 	 0.85112 	 0.00263041 	 0.00547763
4065 	 4195 	 0.85112 	 0.00263041 	 0.00547763
4065 	 4200 	 0.85112 	 0.00263041 	 0.00547763
4065 	 4205 	 0.85112 	 0.00263041 	 0.00547763
4065 	 4210 	 0.85112 	 0.00263041 	 0.00547763
4065 	 4215 	 0.85112 	 0.00263041 	 0.00547763
4065 	 4220 	 0.85112 	 0.00263041 	 0.00547763
4065 	 4225 	 0.85112 	 0.00263041 	 0.00547763
4065 	 4230 	 0.85112 	 0.00263041 	 0.00547763
4065 	 4235 	 0.85112 	 0.00263041 	 0.00547763
4065 	 4240 	 0.85112 	 0.00263041 	 0.00547763
4065 	 4245 	 0.85112 	 0.00263041 	 0.00547763
4065 	 4250 	 0.85112 	 0.00263041 	 0.00547763
4065 	 4255 	 0.85112 	 0.00263041 	 0.00547763
4065 	 4260 	 0.85112 	 0.00263041 	 0.00547763
4065 	 4265 	 0.85112 	 0.00263041 	 0.00547763
4065 	 4270 	 0.85112 	 0.00263041 	 0.00547763
4065 	 4275 	 0.85112 	 0.00263041 	 0.00547763
4065 	 4280 	 0.85112 	 0.00263041 	 0.00547763
4065 	 4285 	 0.85112 	 0.00263041 	 0.00547763
4065 	 4290 	 0.85112 	 0.00263041 	 0.00547763
4065 	 4295 	 0.85112 	 0.00263041 	 0.00547763
4065 	 4300 	 0.85112 	 0.00263041 	 0.00547763
4065 	 4305 	 0.85112 	 0.00263041 	 0.00547763
4065 	 4310 	 0.85112 	 0.00263041 	 0.00547763
4065 	 4315 	 0.85112 	 0.00263041 	 0.00547763
4065 	 4320 	 0.85112 	 0.00263041 	 0.00547763
4065 	 4325 	 0.85112 	 0.00263041 	 0.00547763
4065 	 4330 	 0.85112 	 0.00263041 	 0.00547763
4065 	 4335 	 0.85112 	 0.00263041 	 0.00547763
4065 	 4340 	 0.85112 	 0.00263041 	 0.00547763
4065 	 4345 	 0.85112 	 0.00263041 	 0.00547763
4065 	 4350 	 0.85112 	 0.00263041 	 0.00547763
4065 	 4355 	 0.85112 	 0.00263041 	 0.00547763
4065 	 4360 	 0.85112 	 0.00263041 	 0.00547763
4065 	 4365 	 0.85112 	 0.00263041 	 0.00547763
4065 	 4370 	 0.85112 	 0.00263041 	 0.00547763
4065 	 4375 	 0.85112 	 0.00263041 	 0.00547763
4065 	 4380 	 0.85112 	 0.00263041 	 0.00547763
4065 	 4385 	 0.85112 	 0.00263041 	 0.00547763
4065 	 4390 	 0.85112 	 0.00263041 	 0.00547763
4065 	 4395 	 0.85112 	 0.00263041 	 0.00547763
4065 	 4400 	 0.85112 	 0.00263041 	 0.00547763
4065 	 4405 	 0.85112 	 0.00263041 	 0.00547763
4065 	 4410 	 0.85112 	 0.00263041 	 0.00547763
4065 	 4415 	 0.85112 	 0.00263041 	 0.00547763
4065 	 4420 	 0.85112 	 0.00263041 	 0.00547763
4065 	 4425 	 0.85112 	 0.00263041 	 0.00547763
4065 	 4430 	 0.85112 	 0.00263041 	 0.00547763
4065 	 4435 	 0.85112 	 0.00263041 	 0.00547763
4065 	 4440 	 0.85112 	 0.00263041 	 0.00547763
4065 	 4445 	 0.85112 	 0.00263041 	 0.00547763
4065 	 4450 	 0.85112 	 0.00263041 	 0.00547763
4065 	 4455 	 0.85112 	 0.00263041 	 0.00547763
4065 	 4460 	 0.85112 	 0.00263041 	 0.00547763
4065 	 4465 	 0.85112 	 0.00263041 	 0.00547763
4065 	 4470 	 0.85112 	 0.00263041 	 0.00547763
4065 	 4475 	 0.85112 	 0.00263041 	 0.00547763
4065 	 4480 	 0.85112 	 0.00263041 	 0.00547763
4065 	 4485 	 0.85112 	 0.00263041 	 0.00547763
4065 	 4490 	 0.85112 	 0.00263041 	 0.00547763
4065 	 4495 	 0.85112 	 0.00263041 	 0.00547763
4065 	 4500 	 0.85112 	 0.00263041 	 0.00547763
4065 	 4505 	 0.85112 	 0.00263041 	 0.00547763
4065 	 4510 	 0.85112 	 0.00263041 	 0.00547763
4065 	 4515 	 0.85112 	 0.00263041 	 0.00547763
4065 	 4520 	 0.85112 	 0.00263041 	 0.00547763
4065 	 4525 	 0.85112 	 0.00263041 	 0.00547763
4065 	 4530 	 0.85112 	 0.00263041 	 0.00547763
4065 	 4535 	 0.85112 	 0.00263041 	 0.00547763
4065 	 4540 	 0.85112 	 0.00263041 	 0.00547763
4065 	 4545 	 0.85112 	 0.00263041 	 0.00547763
4065 	 4550 	 0.85112 	 0.00263041 	 0.00547763
4065 	 4555 	 0.85112 	 0.00263041 	 0.00547763
4065 	 4560 	 0.85112 	 0.00263041 	 0.00547763
4065 	 4565 	 0.85112 	 0.00263041 	 0.00547763
4065 	 4570 	 0.85112 	 0.00263041 	 0.00547763
4065 	 4575 	 0.85112 	 0.00263041 	 0.00547763
4065 	 4580 	 0.85112 	 0.00263041 	 0.00547763
4065 	 4585 	 0.85112 	 0.00263041 	 0.00547763
4065 	 4590 	 0.85112 	 0.00263041 	 0.00547763
4065 	 4595 	 0.85112 	 0.00263041 	 0.00547763
4065 	 4600 	 0.85112 	 0.00263041 	 0.00547763
4065 	 4605 	 0.85112 	 0.00263041 	 0.00547763
4065 	 4610 	 0.85112 	 0.00263041 	 0.00547763
4065 	 4615 	 0.85112 	 0.00263041 	 0.00547763
4065 	 4620 	 0.85112 	 0.00263041 	 0.00547763
4065 	 4625 	 0.85112 	 0.00263041 	 0.00547763
4065 	 4630 	 0.85112 	 0.00263041 	 0.00547763
4065 	 4635 	 0.85112 	 0.00263041 	 0.00547763
4065 	 4640 	 0.85112 	 0.00263041 	 0.00547763
4065 	 4645 	 0.85112 	 0.00263041 	 0.00547763
4065 	 4650 	 0.85112 	 0.00263041 	 0.00547763
4065 	 4655 	 0.85112 	 0.00263041 	 0.00547763
4065 	 4660 	 0.85112 	 0.00263041 	 0.00547763
4065 	 4665 	 0.85112 	 0.00263041 	 0.00547763
4065 	 4670 	 0.85112 	 0.00263041 	 0.00547763
4065 	 4675 	 0.85112 	 0.00263041 	 0.00547763
4065 	 4680 	 0.85112 	 0.00263041 	 0.00547763
4065 	 4685 	 0.85112 	 0.00263041 	 0.00547763
4065 	 4690 	 0.85112 	 0.00263041 	 0.00547763
4065 	 4695 	 0.85112 	 0.00263041 	 0.00547763
4065 	 4700 	 0.85112 	 0.00263041 	 0.00547763
4065 	 4705 	 0.85112 	 0.00263041 	 0.00547763
4065 	 4710 	 0.85112 	 0.00263041 	 0.00547763
4065 	 4715 	 0.85112 	 0.00263041 	 0.00547763
4065 	 4720 	 0.85112 	 0.00263041 	 0.00547763
4065 	 4725 	 0.85112 	 0.00263041 	 0.00547763
4065 	 4730 	 0.85112 	 0.00263041 	 0.00547763
4065 	 4735 	 0.85112 	 0.00263041 	 0.00547763
4065 	 4740 	 0.85112 	 0.00263041 	 0.00547763
4065 	 4745 	 0.85112 	 0.00263041 	 0.00547763
4065 	 4750 	 0.85112 	 0.00263041 	 0.00547763
4065 	 4755 	 0.85112 	 0.00263041 	 0.00547763
4065 	 4760 	 0.85112 	 0.00263041 	 0.00547763
4065 	 4765 	 0.85112 	 0.00263041 	 0.00547763
4065 	 4770 	 0.85112 	 0.00263041 	 0.00547763
4065 	 4775 	 0.85112 	 0.00263041 	 0.00547763
4065 	 4780 	 0.85112 	 0.00263041 	 0.00547763
4065 	 4785 	 0.85112 	 0.00263041 	 0.00547763
4065 	 4790 	 0.85112 	 0.00263041 	 0.00547763
4065 	 4795 	 0.85112 	 0.00263041 	 0.00547763
4065 	 4800 	 0.85112 	 0.00263041 	 0.00547763
4065 	 4805 	 0.85112 	 0.00263041 	 0.00547763
4065 	 4810 	 0.85112 	 0.00263041 	 0.00547763
4065 	 4815 	 0.85112 	 0.00263041 	 0.00547763
4065 	 4820 	 0.85112 	 0.00263041 	 0.00547763
4065 	 4825 	 0.85112 	 0.00263041 	 0.00547763
4065 	 4830 	 0.85112 	 0.00263041 	 0.00547763
4065 	 4835 	 0.85112 	 0.00263041 	 0.00547763
4065 	 4840 	 0.85112 	 0.00263041 	 0.00547763
4065 	 4845 	 0.85112 	 0.00263041 	 0.00547763
4065 	 4850 	 0.85112 	 0.00263041 	 0.00547763
4065 	 4855 	 0.85112 	 0.00263041 	 0.00547763
4065 	 4860 	 0.85112 	 0.00263041 	 0.00547763
4065 	 4865 	 0.85112 	 0.00263041 	 0.00547763
4065 	 4870 	 0.85112 	 0.00263041 	 0.00547763
4065 	 4875 	 0.85112 	 0.00263041 	 0.00547763
4065 	 4880 	 0.85112 	 0.00263041 	 0.00547763
4065 	 4885 	 0.85112 	 0.00263041 	 0.00547763
4065 	 4890 	 0.85112 	 0.00263041 	 0.00547763
4065 	 4895 	 0.85112 	 0.00263041 	 0.00547763
4065 	 4900 	 0.85112 	 0.00263041 	 0.00547763
4065 	 4905 	 0.85112 	 0.00263041 	 0.00547763
4065 	 4910 	 0.85112 	 0.00263041 	 0.00547763
4065 	 4915 	 0.85112 	 0.00263041 	 0.00547763
4065 	 4920 	 0.85112 	 0.00263041 	 0.00547763
4065 	 4925 	 0.85112 	 0.00263041 	 0.00547763
4065 	 4930 	 0.85112 	 0.00263041 	 0.00547763
4065 	 4935 	 0.85112 	 0.00263041 	 0.00547763
4065 	 4940 	 0.85112 	 0.00263041 	 0.00547763
4065 	 4945 	 0.85112 	 0.00263041 	 0.00547763
4065 	 4950 	 0.85112 	 0.00263041 	 0.00547763
4065 	 4955 	 0.85112 	 0.00263041 	 0.00547763
4065 	 4960 	 0.85112 	 0.00263041 	 0.00547763
4065 	 4965 	 0.85112 	 0.00263041 	 0.00547763
4065 	 4970 	 0.85112 	 0.00263041 	 0.00547763
4065 	 4975 	 0.85112 	 0.00263041 	 0.00547763
4065 	 4980 	 0.85112 	 0.00263041 	 0.00547763
4065 	 4985 	 0.85112 	 0.00263041 	 0.00547763
4065 	 4990 	 0.85112 	 0.00263041 	 0.00547763
4065 	 4995 	 0.85112 	 0.00263041 	 0.00547763
4065 	 5000 	 0.85112 	 0.00263041 	 0.00547763
