3175 	 5 	 0.729031 	 0.00671456	0.0140279
3175 	 10 	 0.729632 	 0.00632216	0.0132081
3175 	 15 	 0.730769 	 0.00571165	0.0119327
3175 	 20 	 0.732882 	 0.00485527	0.0101435
3175 	 25 	 0.736676 	 0.00389433	0.00813598
3175 	 30 	 0.743102 	 0.00327828	0.00684892
3175 	 35 	 0.752971 	 0.00316333	0.00660878
3175 	 40 	 0.766063 	 0.00281342	0.00587774
3175 	 45 	 0.781435 	 0.00307996	0.00643459
3175 	 50 	 0.795619 	 0.00303231	0.00633506
3175 	 55 	 0.806316 	 0.00276387	0.00577423
3175 	 60 	 0.813535 	 0.00238844	0.00498989
3175 	 65 	 0.818162 	 0.0021704	0.00453436
3175 	 70 	 0.821141 	 0.00214865	0.00448893
3175 	 75 	 0.823158 	 0.00220936	0.00461575
3175 	 80 	 0.824631 	 0.00227455	0.00475195
3175 	 85 	 0.825797 	 0.00232351	0.00485424
3175 	 90 	 0.826788 	 0.00235828	0.00492688
3175 	 95 	 0.82767 	 0.00238446	0.00498156
3175 	 100 	 0.828483 	 0.00240574	0.00502603
3175 	 105 	 0.829246 	 0.00242374	0.00506363
3175 	 110 	 0.82997 	 0.00243882	0.00509513
3175 	 115 	 0.83066 	 0.00245085	0.00512027
3175 	 120 	 0.831322 	 0.00245964	0.00513864
3175 	 125 	 0.831958 	 0.0024651	0.00515005
3175 	 130 	 0.832569 	 0.00246728	0.0051546
3175 	 135 	 0.833156 	 0.00246635	0.00515264
3175 	 140 	 0.833722 	 0.00246257	0.00514476
3175 	 145 	 0.834267 	 0.00245627	0.00513161
3175 	 150 	 0.834791 	 0.00244781	0.00511392
3175 	 155 	 0.835297 	 0.00243752	0.00509242
3175 	 160 	 0.835785 	 0.00242575	0.00506784
3175 	 165 	 0.836255 	 0.00241282	0.00504082
3175 	 170 	 0.836708 	 0.00239902	0.005012
3175 	 175 	 0.837146 	 0.00238462	0.00498191
3175 	 180 	 0.837568 	 0.00236985	0.00495104
3175 	 185 	 0.837976 	 0.0023549	0.00491983
3175 	 190 	 0.83837 	 0.00233997	0.00488863
3175 	 195 	 0.838751 	 0.0023252	0.00485776
3175 	 200 	 0.839119 	 0.00231071	0.00482749
3175 	 205 	 0.839475 	 0.00229661	0.00479803
3175 	 210 	 0.839819 	 0.00228299	0.00476957
3175 	 215 	 0.840152 	 0.00226991	0.00474225
3175 	 220 	 0.840475 	 0.00225743	0.00471617
3175 	 225 	 0.840787 	 0.00224559	0.00469144
3175 	 230 	 0.84109 	 0.00223441	0.0046681
3175 	 235 	 0.841383 	 0.00222393	0.00464619
3175 	 240 	 0.841668 	 0.00221415	0.00462575
3175 	 245 	 0.841944 	 0.00220507	0.00460679
3175 	 250 	 0.842211 	 0.00219669	0.00458929
3175 	 255 	 0.842471 	 0.00218902	0.00457325
3175 	 260 	 0.842723 	 0.00218203	0.00455865
3175 	 265 	 0.842968 	 0.00217571	0.00454546
3175 	 270 	 0.843206 	 0.00217006	0.00453365
3175 	 275 	 0.843438 	 0.00216504	0.00452317
3175 	 280 	 0.843662 	 0.00216065	0.00451399
3175 	 285 	 0.843881 	 0.00215686	0.00450607
3175 	 290 	 0.844094 	 0.00215365	0.00449936
3175 	 295 	 0.844301 	 0.00215099	0.00449382
3175 	 300 	 0.844503 	 0.00214887	0.00448939
3175 	 305 	 0.844699 	 0.00214727	0.00448604
3175 	 310 	 0.84489 	 0.00214616	0.00448371
3175 	 315 	 0.845076 	 0.00214551	0.00448237
3175 	 320 	 0.845258 	 0.00214532	0.00448196
3175 	 325 	 0.845435 	 0.00214555	0.00448245
3175 	 330 	 0.845608 	 0.00214619	0.00448379
3175 	 335 	 0.845776 	 0.00214722	0.00448594
3175 	 340 	 0.84594 	 0.00214862	0.00448887
3175 	 345 	 0.846101 	 0.00215037	0.00449252
3175 	 350 	 0.846257 	 0.00215246	0.00449688
3175 	 355 	 0.84641 	 0.00215486	0.00450189
3175 	 360 	 0.84656 	 0.00215756	0.00450753
3175 	 365 	 0.846705 	 0.00216054	0.00451376
3175 	 370 	 0.846848 	 0.00216379	0.00452056
3175 	 375 	 0.846987 	 0.0021673	0.00452789
3175 	 380 	 0.847124 	 0.00217105	0.00453572
3175 	 385 	 0.847257 	 0.00217503	0.00454403
3175 	 390 	 0.847387 	 0.00217922	0.00455279
3175 	 395 	 0.847515 	 0.00218362	0.00456198
3175 	 400 	 0.84764 	 0.00218821	0.00457157
3175 	 405 	 0.847762 	 0.00219298	0.00458154
3175 	 410 	 0.847882 	 0.00219793	0.00459187
3175 	 415 	 0.847999 	 0.00220303	0.00460254
3175 	 420 	 0.848113 	 0.00220829	0.00461353
3175 	 425 	 0.848226 	 0.0022137	0.00462482
3175 	 430 	 0.848336 	 0.00221923	0.00463639
3175 	 435 	 0.848444 	 0.0022249	0.00464822
3175 	 440 	 0.84855 	 0.00223069	0.00466031
3175 	 445 	 0.848654 	 0.00223658	0.00467263
3175 	 450 	 0.848755 	 0.00224259	0.00468518
3175 	 455 	 0.848855 	 0.00224869	0.00469793
3175 	 460 	 0.848953 	 0.00225489	0.00471087
3175 	 465 	 0.849049 	 0.00226117	0.004724
3175 	 470 	 0.849143 	 0.00226754	0.0047373
3175 	 475 	 0.849236 	 0.00227398	0.00475076
3175 	 480 	 0.849327 	 0.00228049	0.00476437
3175 	 485 	 0.849416 	 0.00228707	0.00477811
3175 	 490 	 0.849503 	 0.00229371	0.00479199
3175 	 495 	 0.849589 	 0.00230041	0.00480598
3175 	 500 	 0.849674 	 0.00230717	0.00482009
3175 	 505 	 0.849757 	 0.00231397	0.0048343
3175 	 510 	 0.849838 	 0.00232082	0.00484861
3175 	 515 	 0.849919 	 0.00232771	0.004863
3175 	 520 	 0.849997 	 0.00233463	0.00487748
3175 	 525 	 0.850075 	 0.0023416	0.00489203
3175 	 530 	 0.850151 	 0.00234859	0.00490664
3175 	 535 	 0.850226 	 0.00235562	0.00492132
3175 	 540 	 0.850299 	 0.00236267	0.00493606
3175 	 545 	 0.850372 	 0.00236975	0.00495084
3175 	 550 	 0.850443 	 0.00237685	0.00496567
3175 	 555 	 0.850513 	 0.00238397	0.00498054
3175 	 560 	 0.850582 	 0.0023911	0.00499545
3175 	 565 	 0.85065 	 0.00239825	0.00501039
3175 	 570 	 0.850717 	 0.00240541	0.00502535
3175 	 575 	 0.850783 	 0.00241259	0.00504034
3175 	 580 	 0.850848 	 0.00241977	0.00505534
3175 	 585 	 0.850911 	 0.00242696	0.00507036
3175 	 590 	 0.850974 	 0.00243415	0.00508539
3175 	 595 	 0.851036 	 0.00244135	0.00510043
3175 	 600 	 0.851097 	 0.00244855	0.00511547
3175 	 605 	 0.851157 	 0.00245575	0.00513052
3175 	 610 	 0.851216 	 0.00246295	0.00514556
3175 	 615 	 0.851274 	 0.00247015	0.0051606
3175 	 620 	 0.851332 	 0.00247735	0.00517563
3175 	 625 	 0.851388 	 0.00248454	0.00519066
3175 	 630 	 0.851444 	 0.00249173	0.00520567
3175 	 635 	 0.851499 	 0.0024989	0.00522067
3175 	 640 	 0.851553 	 0.00250608	0.00523565
3175 	 645 	 0.851607 	 0.00251324	0.00525061
3175 	 650 	 0.85166 	 0.00252039	0.00526556
3175 	 655 	 0.851712 	 0.00252753	0.00528048
3175 	 660 	 0.851763 	 0.00253466	0.00529538
3175 	 665 	 0.851813 	 0.00254178	0.00531025
3175 	 670 	 0.851863 	 0.00254889	0.0053251
3175 	 675 	 0.851912 	 0.00255598	0.00533991
3175 	 680 	 0.851961 	 0.00256306	0.0053547
3175 	 685 	 0.852009 	 0.00257013	0.00536946
3175 	 690 	 0.852056 	 0.00257717	0.00538418
3175 	 695 	 0.852103 	 0.0025842	0.00539887
3175 	 700 	 0.852149 	 0.00259122	0.00541353
3175 	 705 	 0.852194 	 0.00259822	0.00542815
3175 	 710 	 0.852239 	 0.0026052	0.00544273
3175 	 715 	 0.852283 	 0.00261216	0.00545728
3175 	 720 	 0.852327 	 0.0026191	0.00547178
3175 	 725 	 0.85237 	 0.00262603	0.00548625
3175 	 730 	 0.852413 	 0.00263293	0.00550068
3175 	 735 	 0.852455 	 0.00263982	0.00551506
3175 	 740 	 0.852497 	 0.00264668	0.0055294
3175 	 745 	 0.852538 	 0.00265353	0.0055437
3175 	 750 	 0.852578 	 0.00266035	0.00555796
3175 	 755 	 0.852619 	 0.00266715	0.00557217
3175 	 760 	 0.852658 	 0.00267393	0.00558633
3175 	 765 	 0.852697 	 0.00268069	0.00560045
3175 	 770 	 0.852736 	 0.00268743	0.00561453
3175 	 775 	 0.852774 	 0.00269414	0.00562856
3175 	 780 	 0.852812 	 0.00270084	0.00564254
3175 	 785 	 0.852849 	 0.00270751	0.00565648
3175 	 790 	 0.852886 	 0.00271415	0.00567036
3175 	 795 	 0.852923 	 0.00272078	0.0056842
3175 	 800 	 0.852959 	 0.00272738	0.00569799
3175 	 805 	 0.852995 	 0.00273396	0.00571174
3175 	 810 	 0.85303 	 0.00274051	0.00572543
3175 	 815 	 0.853065 	 0.00274704	0.00573908
3175 	 820 	 0.853099 	 0.00275355	0.00575267
3175 	 825 	 0.853133 	 0.00276004	0.00576622
3175 	 830 	 0.853167 	 0.0027665	0.00577972
3175 	 835 	 0.8532 	 0.00277293	0.00579316
3175 	 840 	 0.853233 	 0.00277935	0.00580656
3175 	 845 	 0.853266 	 0.00278573	0.00581991
3175 	 850 	 0.853298 	 0.0027921	0.0058332
3175 	 855 	 0.85333 	 0.00279844	0.00584645
3175 	 860 	 0.853362 	 0.00280475	0.00585964
3175 	 865 	 0.853393 	 0.00281105	0.00587279
3175 	 870 	 0.853424 	 0.00281731	0.00588588
3175 	 875 	 0.853454 	 0.00282356	0.00589893
3175 	 880 	 0.853485 	 0.00282978	0.00591192
3175 	 885 	 0.853515 	 0.00283597	0.00592486
3175 	 890 	 0.853544 	 0.00284214	0.00593775
3175 	 895 	 0.853574 	 0.00284829	0.00595059
3175 	 900 	 0.853603 	 0.00285441	0.00596338
3175 	 905 	 0.853631 	 0.00286051	0.00597612
3175 	 910 	 0.85366 	 0.00286658	0.00598881
3175 	 915 	 0.853688 	 0.00287263	0.00600145
3175 	 920 	 0.853716 	 0.00287865	0.00601403
3175 	 925 	 0.853743 	 0.00288466	0.00602657
3175 	 930 	 0.853771 	 0.00289063	0.00603906
3175 	 935 	 0.853798 	 0.00289658	0.00605149
3175 	 940 	 0.853825 	 0.00290251	0.00606388
3175 	 945 	 0.853851 	 0.00290842	0.00607621
3175 	 950 	 0.853877 	 0.0029143	0.0060885
3175 	 955 	 0.853903 	 0.00292015	0.00610073
3175 	 960 	 0.853929 	 0.00292599	0.00611292
3175 	 965 	 0.853955 	 0.0029318	0.00612505
3175 	 970 	 0.85398 	 0.00293758	0.00613714
3175 	 975 	 0.854005 	 0.00294334	0.00614918
3175 	 980 	 0.85403 	 0.00294908	0.00616116
3175 	 985 	 0.854055 	 0.00295479	0.0061731
3175 	 990 	 0.854079 	 0.00296048	0.00618499
3175 	 995 	 0.854103 	 0.00296615	0.00619683
3175 	 1000 	 0.854127 	 0.0029718	0.00620862
3175 	 1005 	 0.854151 	 0.00297742	0.00622036
3175 	 1010 	 0.854174 	 0.00298301	0.00623206
3175 	 1015 	 0.854197 	 0.00298859	0.0062437
3175 	 1020 	 0.85422 	 0.00299414	0.0062553
3175 	 1025 	 0.854243 	 0.00299967	0.00626685
3175 	 1030 	 0.854266 	 0.00300517	0.00627835
3175 	 1035 	 0.854288 	 0.00301066	0.00628981
3175 	 1040 	 0.854311 	 0.00301612	0.00630121
3175 	 1045 	 0.854333 	 0.00302155	0.00631257
3175 	 1050 	 0.854355 	 0.00302697	0.00632389
3175 	 1055 	 0.854376 	 0.00303236	0.00633515
3175 	 1060 	 0.854398 	 0.00303773	0.00634637
3175 	 1065 	 0.854419 	 0.00304308	0.00635754
3175 	 1070 	 0.85444 	 0.0030484	0.00636867
3175 	 1075 	 0.854461 	 0.00305371	0.00637975
3175 	 1080 	 0.854482 	 0.00305899	0.00639078
3175 	 1085 	 0.854502 	 0.00306425	0.00640177
3175 	 1090 	 0.854523 	 0.00306949	0.00641271
3175 	 1095 	 0.854543 	 0.0030747	0.00642361
3175 	 1100 	 0.854563 	 0.0030799	0.00643446
3175 	 1105 	 0.854583 	 0.00308507	0.00644527
3175 	 1110 	 0.854603 	 0.00309022	0.00645604
3175 	 1115 	 0.854622 	 0.00309535	0.00646675
3175 	 1120 	 0.854641 	 0.00310046	0.00647743
3175 	 1125 	 0.854661 	 0.00310555	0.00648806
3175 	 1130 	 0.85468 	 0.00311062	0.00649864
3175 	 1135 	 0.854699 	 0.00311566	0.00650919
3175 	 1140 	 0.854717 	 0.00312069	0.00651969
3175 	 1145 	 0.854736 	 0.00312569	0.00653014
3175 	 1150 	 0.854755 	 0.00313068	0.00654055
3175 	 1155 	 0.854773 	 0.00313564	0.00655092
3175 	 1160 	 0.854791 	 0.00314058	0.00656125
3175 	 1165 	 0.854809 	 0.00314551	0.00657154
3175 	 1170 	 0.854827 	 0.00315041	0.00658178
3175 	 1175 	 0.854845 	 0.00315529	0.00659198
3175 	 1180 	 0.854862 	 0.00316015	0.00660214
3175 	 1185 	 0.85488 	 0.003165	0.00661226
3175 	 1190 	 0.854897 	 0.00316982	0.00662233
3175 	 1195 	 0.854914 	 0.00317462	0.00663237
3175 	 1200 	 0.854931 	 0.00317941	0.00664236
3175 	 1205 	 0.854948 	 0.00318417	0.00665231
3175 	 1210 	 0.854965 	 0.00318892	0.00666223
3175 	 1215 	 0.854982 	 0.00319364	0.0066721
3175 	 1220 	 0.854998 	 0.00319835	0.00668193
3175 	 1225 	 0.855015 	 0.00320303	0.00669172
3175 	 1230 	 0.855031 	 0.0032077	0.00670147
3175 	 1235 	 0.855047 	 0.00321235	0.00671119
3175 	 1240 	 0.855063 	 0.00321698	0.00672086
3175 	 1245 	 0.855079 	 0.00322159	0.0067305
3175 	 1250 	 0.855095 	 0.00322619	0.00674009
3175 	 1255 	 0.855111 	 0.00323076	0.00674965
3175 	 1260 	 0.855126 	 0.00323532	0.00675917
3175 	 1265 	 0.855142 	 0.00323985	0.00676865
3175 	 1270 	 0.855157 	 0.00324437	0.00677809
3175 	 1275 	 0.855172 	 0.00324888	0.00678749
3175 	 1280 	 0.855188 	 0.00325336	0.00679686
3175 	 1285 	 0.855203 	 0.00325782	0.00680619
3175 	 1290 	 0.855218 	 0.00326227	0.00681548
3175 	 1295 	 0.855232 	 0.0032667	0.00682474
3175 	 1300 	 0.855247 	 0.00327111	0.00683395
3175 	 1305 	 0.855262 	 0.00327551	0.00684314
3175 	 1310 	 0.855276 	 0.00327989	0.00685228
3175 	 1315 	 0.855291 	 0.00328425	0.00686139
3175 	 1320 	 0.855305 	 0.00328859	0.00687046
3175 	 1325 	 0.855319 	 0.00329292	0.0068795
3175 	 1330 	 0.855333 	 0.00329722	0.0068885
3175 	 1335 	 0.855347 	 0.00330152	0.00689747
3175 	 1340 	 0.855361 	 0.00330579	0.0069064
3175 	 1345 	 0.855375 	 0.00331005	0.00691529
3175 	 1350 	 0.855389 	 0.00331429	0.00692415
3175 	 1355 	 0.855402 	 0.00331851	0.00693298
3175 	 1360 	 0.855416 	 0.00332272	0.00694177
3175 	 1365 	 0.855429 	 0.00332691	0.00695053
3175 	 1370 	 0.855443 	 0.00333109	0.00695925
3175 	 1375 	 0.855456 	 0.00333525	0.00696794
3175 	 1380 	 0.855469 	 0.00333939	0.00697659
3175 	 1385 	 0.855482 	 0.00334352	0.00698521
3175 	 1390 	 0.855495 	 0.00334763	0.0069938
3175 	 1395 	 0.855508 	 0.00335172	0.00700236
3175 	 1400 	 0.855521 	 0.0033558	0.00701088
3175 	 1405 	 0.855534 	 0.00335986	0.00701937
3175 	 1410 	 0.855546 	 0.00336391	0.00702782
3175 	 1415 	 0.855559 	 0.00336794	0.00703625
3175 	 1420 	 0.855571 	 0.00337196	0.00704464
3175 	 1425 	 0.855584 	 0.00337596	0.007053
3175 	 1430 	 0.855596 	 0.00337995	0.00706132
3175 	 1435 	 0.855608 	 0.00338392	0.00706962
3175 	 1440 	 0.855621 	 0.00338787	0.00707788
3175 	 1445 	 0.855633 	 0.00339181	0.00708611
3175 	 1450 	 0.855645 	 0.00339574	0.00709431
3175 	 1455 	 0.855657 	 0.00339965	0.00710248
3175 	 1460 	 0.855669 	 0.00340354	0.00711062
3175 	 1465 	 0.85568 	 0.00340742	0.00711873
3175 	 1470 	 0.855692 	 0.00341129	0.00712681
3175 	 1475 	 0.855704 	 0.00341514	0.00713485
3175 	 1480 	 0.855715 	 0.00341898	0.00714287
3175 	 1485 	 0.855727 	 0.0034228	0.00715086
3175 	 1490 	 0.855738 	 0.00342661	0.00715881
3175 	 1495 	 0.85575 	 0.00343041	0.00716674
3175 	 1500 	 0.855761 	 0.00343419	0.00717464
3175 	 1505 	 0.855772 	 0.00343795	0.00718251
3175 	 1510 	 0.855783 	 0.0034417	0.00719034
3175 	 1515 	 0.855794 	 0.00344544	0.00719815
3175 	 1520 	 0.855805 	 0.00344916	0.00720593
3175 	 1525 	 0.855816 	 0.00345288	0.00721369
3175 	 1530 	 0.855827 	 0.00345657	0.00722141
3175 	 1535 	 0.855838 	 0.00346025	0.0072291
3175 	 1540 	 0.855849 	 0.00346392	0.00723677
3175 	 1545 	 0.855859 	 0.00346758	0.00724441
3175 	 1550 	 0.85587 	 0.00347122	0.00725202
3175 	 1555 	 0.855881 	 0.00347485	0.0072596
3175 	 1560 	 0.855891 	 0.00347847	0.00726715
3175 	 1565 	 0.855902 	 0.00348207	0.00727468
3175 	 1570 	 0.855912 	 0.00348566	0.00728218
3175 	 1575 	 0.855922 	 0.00348924	0.00728965
3175 	 1580 	 0.855932 	 0.0034928	0.00729709
3175 	 1585 	 0.855943 	 0.00349635	0.00730451
3175 	 1590 	 0.855953 	 0.00349989	0.0073119
3175 	 1595 	 0.855963 	 0.00350341	0.00731927
3175 	 1600 	 0.855973 	 0.00350692	0.0073266
3175 	 1605 	 0.855983 	 0.00351042	0.00733391
3175 	 1610 	 0.855993 	 0.00351391	0.0073412
3175 	 1615 	 0.856003 	 0.00351738	0.00734846
3175 	 1620 	 0.856012 	 0.00352085	0.00735569
3175 	 1625 	 0.856022 	 0.0035243	0.0073629
3175 	 1630 	 0.856032 	 0.00352773	0.00737008
3175 	 1635 	 0.856041 	 0.00353116	0.00737723
3175 	 1640 	 0.856051 	 0.00353457	0.00738436
3175 	 1645 	 0.85606 	 0.00353797	0.00739147
3175 	 1650 	 0.85607 	 0.00354136	0.00739855
3175 	 1655 	 0.856079 	 0.00354474	0.0074056
3175 	 1660 	 0.856089 	 0.0035481	0.00741263
3175 	 1665 	 0.856098 	 0.00355145	0.00741963
3175 	 1670 	 0.856107 	 0.0035548	0.00742661
3175 	 1675 	 0.856116 	 0.00355812	0.00743357
3175 	 1680 	 0.856126 	 0.00356144	0.0074405
3175 	 1685 	 0.856135 	 0.00356475	0.00744741
3175 	 1690 	 0.856144 	 0.00356804	0.00745429
3175 	 1695 	 0.856153 	 0.00357133	0.00746115
3175 	 1700 	 0.856162 	 0.0035746	0.00746798
3175 	 1705 	 0.856171 	 0.00357786	0.0074748
3175 	 1710 	 0.856179 	 0.00358111	0.00748158
3175 	 1715 	 0.856188 	 0.00358434	0.00748835
3175 	 1720 	 0.856197 	 0.00358757	0.00749509
3175 	 1725 	 0.856206 	 0.00359079	0.0075018
3175 	 1730 	 0.856214 	 0.00359399	0.0075085
3175 	 1735 	 0.856223 	 0.00359718	0.00751517
3175 	 1740 	 0.856232 	 0.00360036	0.00752182
3175 	 1745 	 0.85624 	 0.00360354	0.00752844
3175 	 1750 	 0.856249 	 0.0036067	0.00753505
3175 	 1755 	 0.856257 	 0.00360985	0.00754163
3175 	 1760 	 0.856265 	 0.00361299	0.00754818
3175 	 1765 	 0.856274 	 0.00361611	0.00755472
3175 	 1770 	 0.856282 	 0.00361923	0.00756123
3175 	 1775 	 0.85629 	 0.00362234	0.00756772
3175 	 1780 	 0.856299 	 0.00362543	0.00757419
3175 	 1785 	 0.856307 	 0.00362852	0.00758064
3175 	 1790 	 0.856315 	 0.0036316	0.00758707
3175 	 1795 	 0.856323 	 0.00363466	0.00759347
3175 	 1800 	 0.856331 	 0.00363772	0.00759985
3175 	 1805 	 0.856339 	 0.00364076	0.00760622
3175 	 1810 	 0.856347 	 0.0036438	0.00761256
3175 	 1815 	 0.856355 	 0.00364682	0.00761887
3175 	 1820 	 0.856363 	 0.00364984	0.00762517
3175 	 1825 	 0.856371 	 0.00365284	0.00763145
3175 	 1830 	 0.856378 	 0.00365583	0.0076377
3175 	 1835 	 0.856386 	 0.00365882	0.00764394
3175 	 1840 	 0.856394 	 0.00366179	0.00765015
3175 	 1845 	 0.856402 	 0.00366476	0.00765635
3175 	 1850 	 0.856409 	 0.00366771	0.00766252
3175 	 1855 	 0.856417 	 0.00367066	0.00766867
3175 	 1860 	 0.856425 	 0.00367359	0.00767481
3175 	 1865 	 0.856432 	 0.00367652	0.00768092
3175 	 1870 	 0.85644 	 0.00367944	0.00768701
3175 	 1875 	 0.856447 	 0.00368234	0.00769309
3175 	 1880 	 0.856454 	 0.00368524	0.00769914
3175 	 1885 	 0.856462 	 0.00368813	0.00770517
3175 	 1890 	 0.856469 	 0.00369101	0.00771119
3175 	 1895 	 0.856477 	 0.00369388	0.00771718
3175 	 1900 	 0.856484 	 0.00369674	0.00772315
3175 	 1905 	 0.856491 	 0.00369959	0.00772911
3175 	 1910 	 0.856498 	 0.00370243	0.00773505
3175 	 1915 	 0.856505 	 0.00370526	0.00774096
3175 	 1920 	 0.856513 	 0.00370808	0.00774686
3175 	 1925 	 0.85652 	 0.0037109	0.00775274
3175 	 1930 	 0.856527 	 0.0037137	0.0077586
3175 	 1935 	 0.856534 	 0.0037165	0.00776444
3175 	 1940 	 0.856541 	 0.00371929	0.00777027
3175 	 1945 	 0.856548 	 0.00372206	0.00777607
3175 	 1950 	 0.856555 	 0.00372483	0.00778186
3175 	 1955 	 0.856562 	 0.00372759	0.00778762
3175 	 1960 	 0.856569 	 0.00373035	0.00779337
3175 	 1965 	 0.856575 	 0.00373309	0.0077991
3175 	 1970 	 0.856582 	 0.00373582	0.00780482
3175 	 1975 	 0.856589 	 0.00373855	0.00781051
3175 	 1980 	 0.856596 	 0.00374127	0.00781619
3175 	 1985 	 0.856602 	 0.00374397	0.00782185
3175 	 1990 	 0.856609 	 0.00374667	0.00782749
3175 	 1995 	 0.856616 	 0.00374937	0.00783311
3175 	 2000 	 0.856622 	 0.00375205	0.00783872
3175 	 2005 	 0.856629 	 0.00375472	0.0078443
3175 	 2010 	 0.856636 	 0.00375739	0.00784988
3175 	 2015 	 0.856642 	 0.00376005	0.00785543
3175 	 2020 	 0.856649 	 0.0037627	0.00786097
3175 	 2025 	 0.856655 	 0.00376534	0.00786648
3175 	 2030 	 0.856661 	 0.00376797	0.00787199
3175 	 2035 	 0.856668 	 0.0037706	0.00787747
3175 	 2040 	 0.856674 	 0.00377322	0.00788294
3175 	 2045 	 0.856681 	 0.00377583	0.00788839
3175 	 2050 	 0.856687 	 0.00377843	0.00789383
3175 	 2055 	 0.856693 	 0.00378102	0.00789924
3175 	 2060 	 0.8567 	 0.00378361	0.00790464
3175 	 2065 	 0.856706 	 0.00378618	0.00791003
3175 	 2070 	 0.856712 	 0.00378875	0.0079154
3175 	 2075 	 0.856718 	 0.00379132	0.00792075
3175 	 2080 	 0.856724 	 0.00379387	0.00792609
3175 	 2085 	 0.85673 	 0.00379642	0.0079314
3175 	 2090 	 0.856737 	 0.00379895	0.00793671
3175 	 2095 	 0.856743 	 0.00380149	0.007942
3175 	 2100 	 0.856749 	 0.00380401	0.00794727
3175 	 2105 	 0.856755 	 0.00380652	0.00795252
3175 	 2110 	 0.856761 	 0.00380903	0.00795776
3175 	 2115 	 0.856767 	 0.00381153	0.00796299
3175 	 2120 	 0.856773 	 0.00381403	0.00796819
3175 	 2125 	 0.856779 	 0.00381651	0.00797339
3175 	 2130 	 0.856784 	 0.00381899	0.00797856
3175 	 2135 	 0.85679 	 0.00382146	0.00798372
3175 	 2140 	 0.856796 	 0.00382392	0.00798887
3175 	 2145 	 0.856802 	 0.00382638	0.007994
3175 	 2150 	 0.856808 	 0.00382883	0.00799912
3175 	 2155 	 0.856814 	 0.00383127	0.00800422
3175 	 2160 	 0.856819 	 0.0038337	0.0080093
3175 	 2165 	 0.856825 	 0.00383613	0.00801437
3175 	 2170 	 0.856831 	 0.00383855	0.00801943
3175 	 2175 	 0.856836 	 0.00384096	0.00802447
3175 	 2180 	 0.856842 	 0.00384337	0.00802949
3175 	 2185 	 0.856848 	 0.00384577	0.0080345
3175 	 2190 	 0.856853 	 0.00384816	0.0080395
3175 	 2195 	 0.856859 	 0.00385054	0.00804448
3175 	 2200 	 0.856864 	 0.00385292	0.00804945
3175 	 2205 	 0.85687 	 0.00385529	0.0080544
3175 	 2210 	 0.856875 	 0.00385765	0.00805934
3175 	 2215 	 0.856881 	 0.00386001	0.00806426
3175 	 2220 	 0.856886 	 0.00386236	0.00806917
3175 	 2225 	 0.856892 	 0.0038647	0.00807407
3175 	 2230 	 0.856897 	 0.00386704	0.00807895
3175 	 2235 	 0.856903 	 0.00386937	0.00808382
3175 	 2240 	 0.856908 	 0.00387169	0.00808867
3175 	 2245 	 0.856913 	 0.00387401	0.00809351
3175 	 2250 	 0.856919 	 0.00387632	0.00809833
3175 	 2255 	 0.856924 	 0.00387862	0.00810314
3175 	 2260 	 0.856929 	 0.00388092	0.00810794
3175 	 2265 	 0.856934 	 0.00388321	0.00811273
3175 	 2270 	 0.85694 	 0.00388549	0.0081175
3175 	 2275 	 0.856945 	 0.00388777	0.00812225
3175 	 2280 	 0.85695 	 0.00389004	0.00812699
3175 	 2285 	 0.856955 	 0.0038923	0.00813172
3175 	 2290 	 0.85696 	 0.00389456	0.00813644
3175 	 2295 	 0.856966 	 0.00389681	0.00814114
3175 	 2300 	 0.856971 	 0.00389905	0.00814583
3175 	 2305 	 0.856976 	 0.00390129	0.00815051
3175 	 2310 	 0.856981 	 0.00390352	0.00815517
3175 	 2315 	 0.856986 	 0.00390575	0.00815982
3175 	 2320 	 0.856991 	 0.00390797	0.00816446
3175 	 2325 	 0.856996 	 0.00391018	0.00816908
3175 	 2330 	 0.857001 	 0.00391239	0.00817369
3175 	 2335 	 0.857006 	 0.00391459	0.00817829
3175 	 2340 	 0.857011 	 0.00391678	0.00818288
3175 	 2345 	 0.857016 	 0.00391897	0.00818745
3175 	 2350 	 0.857021 	 0.00392116	0.00819201
3175 	 2355 	 0.857026 	 0.00392333	0.00819656
3175 	 2360 	 0.85703 	 0.0039255	0.00820109
3175 	 2365 	 0.857035 	 0.00392767	0.00820561
3175 	 2370 	 0.85704 	 0.00392983	0.00821012
3175 	 2375 	 0.857045 	 0.00393198	0.00821462
3175 	 2380 	 0.85705 	 0.00393412	0.0082191
3175 	 2385 	 0.857055 	 0.00393627	0.00822357
3175 	 2390 	 0.857059 	 0.0039384	0.00822803
3175 	 2395 	 0.857064 	 0.00394053	0.00823248
3175 	 2400 	 0.857069 	 0.00394265	0.00823692
3175 	 2405 	 0.857073 	 0.00394477	0.00824134
3175 	 2410 	 0.857078 	 0.00394688	0.00824575
3175 	 2415 	 0.857083 	 0.00394899	0.00825015
3175 	 2420 	 0.857087 	 0.00395109	0.00825454
3175 	 2425 	 0.857092 	 0.00395318	0.00825892
3175 	 2430 	 0.857097 	 0.00395527	0.00826328
3175 	 2435 	 0.857101 	 0.00395735	0.00826763
3175 	 2440 	 0.857106 	 0.00395943	0.00827197
3175 	 2445 	 0.85711 	 0.0039615	0.0082763
3175 	 2450 	 0.857115 	 0.00396357	0.00828062
3175 	 2455 	 0.85712 	 0.00396563	0.00828492
3175 	 2460 	 0.857124 	 0.00396768	0.00828922
3175 	 2465 	 0.857129 	 0.00396973	0.0082935
3175 	 2470 	 0.857133 	 0.00397178	0.00829777
3175 	 2475 	 0.857137 	 0.00397382	0.00830203
3175 	 2480 	 0.857142 	 0.00397585	0.00830627
3175 	 2485 	 0.857146 	 0.00397788	0.00831051
3175 	 2490 	 0.857151 	 0.0039799	0.00831474
3175 	 2495 	 0.857155 	 0.00398192	0.00831895
3175 	 2500 	 0.85716 	 0.00398393	0.00832315
3175 	 2505 	 0.857164 	 0.00398594	0.00832735
3175 	 2510 	 0.857168 	 0.00398794	0.00833153
3175 	 2515 	 0.857173 	 0.00398993	0.0083357
3175 	 2520 	 0.857177 	 0.00399192	0.00833985
3175 	 2525 	 0.857181 	 0.00399391	0.008344
3175 	 2530 	 0.857185 	 0.00399589	0.00834814
3175 	 2535 	 0.85719 	 0.00399786	0.00835226
3175 	 2540 	 0.857194 	 0.00399983	0.00835638
3175 	 2545 	 0.857198 	 0.0040018	0.00836048
3175 	 2550 	 0.857202 	 0.00400376	0.00836458
3175 	 2555 	 0.857207 	 0.00400571	0.00836866
3175 	 2560 	 0.857211 	 0.00400766	0.00837273
3175 	 2565 	 0.857215 	 0.00400961	0.0083768
3175 	 2570 	 0.857219 	 0.00401154	0.00838085
3175 	 2575 	 0.857223 	 0.00401348	0.00838489
3175 	 2580 	 0.857227 	 0.00401541	0.00838892
3175 	 2585 	 0.857232 	 0.00401733	0.00839294
3175 	 2590 	 0.857236 	 0.00401925	0.00839695
3175 	 2595 	 0.85724 	 0.00402117	0.00840095
3175 	 2600 	 0.857244 	 0.00402307	0.00840494
3175 	 2605 	 0.857248 	 0.00402498	0.00840891
3175 	 2610 	 0.857252 	 0.00402688	0.00841288
3175 	 2615 	 0.857256 	 0.00402877	0.00841684
3175 	 2620 	 0.85726 	 0.00403066	0.00842079
3175 	 2625 	 0.857264 	 0.00403255	0.00842473
3175 	 2630 	 0.857268 	 0.00403443	0.00842866
3175 	 2635 	 0.857272 	 0.0040363	0.00843257
3175 	 2640 	 0.857276 	 0.00403817	0.00843648
3175 	 2645 	 0.85728 	 0.00404004	0.00844038
3175 	 2650 	 0.857284 	 0.0040419	0.00844427
3175 	 2655 	 0.857288 	 0.00404376	0.00844815
3175 	 2660 	 0.857292 	 0.00404561	0.00845202
3175 	 2665 	 0.857296 	 0.00404746	0.00845588
3175 	 2670 	 0.857299 	 0.0040493	0.00845973
3175 	 2675 	 0.857303 	 0.00405114	0.00846357
3175 	 2680 	 0.857307 	 0.00405297	0.0084674
3175 	 2685 	 0.857311 	 0.0040548	0.00847122
3175 	 2690 	 0.857315 	 0.00405662	0.00847503
3175 	 2695 	 0.857319 	 0.00405844	0.00847883
3175 	 2700 	 0.857322 	 0.00406026	0.00848262
3175 	 2705 	 0.857326 	 0.00406207	0.0084864
3175 	 2710 	 0.85733 	 0.00406388	0.00849018
3175 	 2715 	 0.857334 	 0.00406568	0.00849394
3175 	 2720 	 0.857337 	 0.00406747	0.00849769
3175 	 2725 	 0.857341 	 0.00406927	0.00850144
3175 	 2730 	 0.857345 	 0.00407105	0.00850517
3175 	 2735 	 0.857349 	 0.00407284	0.0085089
3175 	 2740 	 0.857352 	 0.00407462	0.00851262
3175 	 2745 	 0.857356 	 0.00407639	0.00851633
3175 	 2750 	 0.85736 	 0.00407816	0.00852003
3175 	 2755 	 0.857363 	 0.00407993	0.00852372
3175 	 2760 	 0.857367 	 0.00408169	0.0085274
3175 	 2765 	 0.857371 	 0.00408345	0.00853107
3175 	 2770 	 0.857374 	 0.0040852	0.00853473
3175 	 2775 	 0.857378 	 0.00408695	0.00853839
3175 	 2780 	 0.857381 	 0.0040887	0.00854203
3175 	 2785 	 0.857385 	 0.00409044	0.00854567
3175 	 2790 	 0.857389 	 0.00409217	0.0085493
3175 	 2795 	 0.857392 	 0.00409391	0.00855291
3175 	 2800 	 0.857396 	 0.00409563	0.00855652
3175 	 2805 	 0.857399 	 0.00409736	0.00856013
3175 	 2810 	 0.857403 	 0.00409908	0.00856372
3175 	 2815 	 0.857406 	 0.00410079	0.0085673
3175 	 2820 	 0.85741 	 0.0041025	0.00857088
3175 	 2825 	 0.857413 	 0.00410421	0.00857444
3175 	 2830 	 0.857417 	 0.00410591	0.008578
3175 	 2835 	 0.85742 	 0.00410761	0.00858155
3175 	 2840 	 0.857424 	 0.00410931	0.00858509
3175 	 2845 	 0.857427 	 0.004111	0.00858862
3175 	 2850 	 0.857431 	 0.00411269	0.00859215
3175 	 2855 	 0.857434 	 0.00411437	0.00859566
3175 	 2860 	 0.857437 	 0.00411605	0.00859917
3175 	 2865 	 0.857441 	 0.00411772	0.00860267
3175 	 2870 	 0.857444 	 0.00411939	0.00860616
3175 	 2875 	 0.857448 	 0.00412106	0.00860964
3175 	 2880 	 0.857451 	 0.00412272	0.00861312
3175 	 2885 	 0.857454 	 0.00412438	0.00861658
3175 	 2890 	 0.857458 	 0.00412604	0.00862004
3175 	 2895 	 0.857461 	 0.00412769	0.00862349
3175 	 2900 	 0.857464 	 0.00412933	0.00862693
3175 	 2905 	 0.857468 	 0.00413098	0.00863037
3175 	 2910 	 0.857471 	 0.00413262	0.00863379
3175 	 2915 	 0.857474 	 0.00413425	0.00863721
3175 	 2920 	 0.857478 	 0.00413589	0.00864062
3175 	 2925 	 0.857481 	 0.00413751	0.00864402
3175 	 2930 	 0.857484 	 0.00413914	0.00864741
3175 	 2935 	 0.857487 	 0.00414076	0.0086508
3175 	 2940 	 0.857491 	 0.00414238	0.00865418
3175 	 2945 	 0.857494 	 0.00414399	0.00865755
3175 	 2950 	 0.857497 	 0.0041456	0.00866091
3175 	 2955 	 0.8575 	 0.0041472	0.00866426
3175 	 2960 	 0.857504 	 0.0041488	0.00866761
3175 	 2965 	 0.857507 	 0.0041504	0.00867095
3175 	 2970 	 0.85751 	 0.004152	0.00867428
3175 	 2975 	 0.857513 	 0.00415359	0.0086776
3175 	 2980 	 0.857516 	 0.00415517	0.00868092
3175 	 2985 	 0.857519 	 0.00415676	0.00868423
3175 	 2990 	 0.857523 	 0.00415834	0.00868753
3175 	 2995 	 0.857526 	 0.00415991	0.00869082
3175 	 3000 	 0.857529 	 0.00416149	0.0086941
3175 	 3005 	 0.857532 	 0.00416306	0.00869738
3175 	 3010 	 0.857535 	 0.00416462	0.00870065
3175 	 3015 	 0.857538 	 0.00416618	0.00870392
3175 	 3020 	 0.857541 	 0.00416774	0.00870717
3175 	 3025 	 0.857544 	 0.0041693	0.00871042
3175 	 3030 	 0.857547 	 0.00417085	0.00871366
3175 	 3035 	 0.85755 	 0.00417239	0.00871689
3175 	 3040 	 0.857553 	 0.00417394	0.00872012
3175 	 3045 	 0.857557 	 0.00417548	0.00872334
3175 	 3050 	 0.85756 	 0.00417702	0.00872655
3175 	 3055 	 0.857563 	 0.00417855	0.00872975
3175 	 3060 	 0.857566 	 0.00418008	0.00873295
3175 	 3065 	 0.857569 	 0.00418161	0.00873614
3175 	 3070 	 0.857572 	 0.00418313	0.00873932
3175 	 3075 	 0.857575 	 0.00418465	0.0087425
3175 	 3080 	 0.857578 	 0.00418617	0.00874567
3175 	 3085 	 0.857581 	 0.00418768	0.00874883
3175 	 3090 	 0.857583 	 0.00418919	0.00875198
3175 	 3095 	 0.857586 	 0.0041907	0.00875513
3175 	 3100 	 0.857589 	 0.0041922	0.00875827
3175 	 3105 	 0.857592 	 0.0041937	0.0087614
3175 	 3110 	 0.857595 	 0.0041952	0.00876453
3175 	 3115 	 0.857598 	 0.00419669	0.00876765
3175 	 3120 	 0.857601 	 0.00419818	0.00877076
3175 	 3125 	 0.857604 	 0.00419967	0.00877387
3175 	 3130 	 0.857607 	 0.00420115	0.00877696
3175 	 3135 	 0.85761 	 0.00420263	0.00878006
3175 	 3140 	 0.857613 	 0.0042041	0.00878314
3175 	 3145 	 0.857615 	 0.00420558	0.00878622
3175 	 3150 	 0.857618 	 0.00420705	0.00878929
3175 	 3155 	 0.857621 	 0.00420852	0.00879236
3175 	 3160 	 0.857624 	 0.00420998	0.00879541
3175 	 3165 	 0.857627 	 0.00421144	0.00879846
3175 	 3170 	 0.85763 	 0.0042129	0.00880151
3175 	 3175 	 0.857632 	 0.00421435	0.00880455
3175 	 3180 	 0.857635 	 0.0042158	0.00880758
3175 	 3185 	 0.857638 	 0.00421725	0.0088106
3175 	 3190 	 0.857641 	 0.00421869	0.00881362
3175 	 3195 	 0.857644 	 0.00422014	0.00881663
3175 	 3200 	 0.857646 	 0.00422157	0.00881964
3175 	 3205 	 0.857649 	 0.00422301	0.00882264
3175 	 3210 	 0.857652 	 0.00422444	0.00882563
3175 	 3215 	 0.857655 	 0.00422587	0.00882861
3175 	 3220 	 0.857657 	 0.0042273	0.00883159
3175 	 3225 	 0.85766 	 0.00422872	0.00883457
3175 	 3230 	 0.857663 	 0.00423014	0.00883753
3175 	 3235 	 0.857666 	 0.00423156	0.00884049
3175 	 3240 	 0.857668 	 0.00423297	0.00884345
3175 	 3245 	 0.857671 	 0.00423438	0.00884639
3175 	 3250 	 0.857674 	 0.00423579	0.00884933
3175 	 3255 	 0.857676 	 0.00423719	0.00885227
3175 	 3260 	 0.857679 	 0.00423859	0.0088552
3175 	 3265 	 0.857682 	 0.00423999	0.00885812
3175 	 3270 	 0.857684 	 0.00424139	0.00886103
3175 	 3275 	 0.857687 	 0.00424278	0.00886394
3175 	 3280 	 0.85769 	 0.00424417	0.00886685
3175 	 3285 	 0.857692 	 0.00424556	0.00886975
3175 	 3290 	 0.857695 	 0.00424694	0.00887264
3175 	 3295 	 0.857698 	 0.00424832	0.00887552
3175 	 3300 	 0.8577 	 0.0042497	0.0088784
3175 	 3305 	 0.857703 	 0.00425108	0.00888127
3175 	 3310 	 0.857705 	 0.00425245	0.00888414
3175 	 3315 	 0.857708 	 0.00425382	0.008887
3175 	 3320 	 0.857711 	 0.00425518	0.00888986
3175 	 3325 	 0.857713 	 0.00425655	0.00889271
3175 	 3330 	 0.857716 	 0.00425791	0.00889555
3175 	 3335 	 0.857718 	 0.00425927	0.00889838
3175 	 3340 	 0.857721 	 0.00426062	0.00890122
3175 	 3345 	 0.857724 	 0.00426197	0.00890404
3175 	 3350 	 0.857726 	 0.00426332	0.00890686
3175 	 3355 	 0.857729 	 0.00426467	0.00890967
3175 	 3360 	 0.857731 	 0.00426601	0.00891248
3175 	 3365 	 0.857734 	 0.00426736	0.00891528
3175 	 3370 	 0.857736 	 0.00426869	0.00891808
3175 	 3375 	 0.857739 	 0.00427003	0.00892087
3175 	 3380 	 0.857741 	 0.00427136	0.00892365
3175 	 3385 	 0.857744 	 0.00427269	0.00892643
3175 	 3390 	 0.857746 	 0.00427402	0.0089292
3175 	 3395 	 0.857749 	 0.00427534	0.00893197
3175 	 3400 	 0.857751 	 0.00427666	0.00893473
3175 	 3405 	 0.857754 	 0.00427798	0.00893749
3175 	 3410 	 0.857756 	 0.0042793	0.00894024
3175 	 3415 	 0.857759 	 0.00428061	0.00894298
3175 	 3420 	 0.857761 	 0.00428192	0.00894572
3175 	 3425 	 0.857763 	 0.00428323	0.00894845
3175 	 3430 	 0.857766 	 0.00428454	0.00895118
3175 	 3435 	 0.857768 	 0.00428584	0.0089539
3175 	 3440 	 0.857771 	 0.00428714	0.00895662
3175 	 3445 	 0.857773 	 0.00428844	0.00895933
3175 	 3450 	 0.857776 	 0.00428973	0.00896203
3175 	 3455 	 0.857778 	 0.00429103	0.00896473
3175 	 3460 	 0.85778 	 0.00429231	0.00896743
3175 	 3465 	 0.857783 	 0.0042936	0.00897012
3175 	 3470 	 0.857785 	 0.00429489	0.0089728
3175 	 3475 	 0.857788 	 0.00429617	0.00897548
3175 	 3480 	 0.85779 	 0.00429745	0.00897815
3175 	 3485 	 0.857792 	 0.00429872	0.00898082
3175 	 3490 	 0.857795 	 0.0043	0.00898348
3175 	 3495 	 0.857797 	 0.00430127	0.00898614
3175 	 3500 	 0.857799 	 0.00430254	0.00898879
3175 	 3505 	 0.857802 	 0.0043038	0.00899143
3175 	 3510 	 0.857804 	 0.00430507	0.00899407
3175 	 3515 	 0.857806 	 0.00430633	0.00899671
3175 	 3520 	 0.857809 	 0.00430759	0.00899934
3175 	 3525 	 0.857811 	 0.00430885	0.00900196
3175 	 3530 	 0.857813 	 0.0043101	0.00900458
3175 	 3535 	 0.857816 	 0.00431135	0.0090072
3175 	 3540 	 0.857818 	 0.0043126	0.0090098
3175 	 3545 	 0.85782 	 0.00431385	0.00901241
3175 	 3550 	 0.857823 	 0.00431509	0.00901501
3175 	 3555 	 0.857825 	 0.00431633	0.0090176
3175 	 3560 	 0.857827 	 0.00431757	0.00902019
3175 	 3565 	 0.857829 	 0.00431881	0.00902277
3175 	 3570 	 0.857832 	 0.00432004	0.00902535
3175 	 3575 	 0.857834 	 0.00432127	0.00902792
3175 	 3580 	 0.857836 	 0.0043225	0.00903049
3175 	 3585 	 0.857838 	 0.00432373	0.00903305
3175 	 3590 	 0.857841 	 0.00432495	0.00903561
3175 	 3595 	 0.857843 	 0.00432617	0.00903816
3175 	 3600 	 0.857845 	 0.00432739	0.00904071
3175 	 3605 	 0.857847 	 0.00432861	0.00904325
3175 	 3610 	 0.85785 	 0.00432982	0.00904579
3175 	 3615 	 0.857852 	 0.00433104	0.00904832
3175 	 3620 	 0.857854 	 0.00433225	0.00905085
3175 	 3625 	 0.857856 	 0.00433345	0.00905338
3175 	 3630 	 0.857858 	 0.00433466	0.00905589
3175 	 3635 	 0.857861 	 0.00433586	0.00905841
3175 	 3640 	 0.857863 	 0.00433706	0.00906091
3175 	 3645 	 0.857865 	 0.00433826	0.00906342
3175 	 3650 	 0.857867 	 0.00433946	0.00906592
3175 	 3655 	 0.857869 	 0.00434065	0.00906841
3175 	 3660 	 0.857871 	 0.00434184	0.0090709
3175 	 3665 	 0.857874 	 0.00434303	0.00907338
3175 	 3670 	 0.857876 	 0.00434422	0.00907586
3175 	 3675 	 0.857878 	 0.0043454	0.00907834
3175 	 3680 	 0.85788 	 0.00434658	0.00908081
3175 	 3685 	 0.857882 	 0.00434776	0.00908327
3175 	 3690 	 0.857884 	 0.00434894	0.00908573
3175 	 3695 	 0.857886 	 0.00435012	0.00908819
3175 	 3700 	 0.857889 	 0.00435129	0.00909064
3175 	 3705 	 0.857891 	 0.00435246	0.00909308
3175 	 3710 	 0.857893 	 0.00435363	0.00909552
3175 	 3715 	 0.857895 	 0.0043548	0.00909796
3175 	 3720 	 0.857897 	 0.00435596	0.00910039
3175 	 3725 	 0.857899 	 0.00435712	0.00910282
3175 	 3730 	 0.857901 	 0.00435828	0.00910524
3175 	 3735 	 0.857903 	 0.00435944	0.00910766
3175 	 3740 	 0.857905 	 0.00436059	0.00911008
3175 	 3745 	 0.857907 	 0.00436175	0.00911248
3175 	 3750 	 0.85791 	 0.0043629	0.00911489
3175 	 3755 	 0.857912 	 0.00436405	0.00911729
3175 	 3760 	 0.857914 	 0.00436519	0.00911968
3175 	 3765 	 0.857916 	 0.00436634	0.00912207
3175 	 3770 	 0.857918 	 0.00436748	0.00912446
3175 	 3775 	 0.85792 	 0.00436862	0.00912684
3175 	 3780 	 0.857922 	 0.00436976	0.00912922
3175 	 3785 	 0.857924 	 0.00437089	0.00913159
3175 	 3790 	 0.857926 	 0.00437203	0.00913396
3175 	 3795 	 0.857928 	 0.00437316	0.00913633
3175 	 3800 	 0.85793 	 0.00437429	0.00913868
3175 	 3805 	 0.857932 	 0.00437542	0.00914104
3175 	 3810 	 0.857934 	 0.00437654	0.00914339
3175 	 3815 	 0.857936 	 0.00437766	0.00914574
3175 	 3820 	 0.857938 	 0.00437878	0.00914808
3175 	 3825 	 0.85794 	 0.0043799	0.00915042
3175 	 3830 	 0.857942 	 0.00438102	0.00915275
3175 	 3835 	 0.857944 	 0.00438214	0.00915508
3175 	 3840 	 0.857946 	 0.00438325	0.0091574
3175 	 3845 	 0.857948 	 0.00438436	0.00915972
3175 	 3850 	 0.85795 	 0.00438547	0.00916204
3175 	 3855 	 0.857952 	 0.00438657	0.00916435
3175 	 3860 	 0.857954 	 0.00438768	0.00916666
3175 	 3865 	 0.857956 	 0.00438878	0.00916896
3175 	 3870 	 0.857958 	 0.00438988	0.00917126
3175 	 3875 	 0.85796 	 0.00439098	0.00917356
3175 	 3880 	 0.857962 	 0.00439208	0.00917585
3175 	 3885 	 0.857964 	 0.00439317	0.00917813
3175 	 3890 	 0.857965 	 0.00439426	0.00918041
3175 	 3895 	 0.857967 	 0.00439535	0.00918269
3175 	 3900 	 0.857969 	 0.00439644	0.00918497
3175 	 3905 	 0.857971 	 0.00439753	0.00918723
3175 	 3910 	 0.857973 	 0.00439861	0.0091895
3175 	 3915 	 0.857975 	 0.00439969	0.00919176
3175 	 3920 	 0.857977 	 0.00440077	0.00919402
3175 	 3925 	 0.857979 	 0.00440185	0.00919627
3175 	 3930 	 0.857981 	 0.00440293	0.00919852
3175 	 3935 	 0.857983 	 0.004404	0.00920077
3175 	 3940 	 0.857985 	 0.00440508	0.00920301
3175 	 3945 	 0.857986 	 0.00440615	0.00920524
3175 	 3950 	 0.857988 	 0.00440722	0.00920748
3175 	 3955 	 0.85799 	 0.00440828	0.0092097
3175 	 3960 	 0.857992 	 0.00440935	0.00921193
3175 	 3965 	 0.857994 	 0.00441041	0.00921415
3175 	 3970 	 0.857996 	 0.00441147	0.00921637
3175 	 3975 	 0.857998 	 0.00441253	0.00921858
3175 	 3980 	 0.858 	 0.00441359	0.00922079
3175 	 3985 	 0.858001 	 0.00441464	0.00922299
3175 	 3990 	 0.858003 	 0.0044157	0.00922519
3175 	 3995 	 0.858005 	 0.00441675	0.00922739
3175 	 4000 	 0.858007 	 0.0044178	0.00922958
3175 	 4005 	 0.858009 	 0.00441884	0.00923177
3175 	 4010 	 0.858011 	 0.00441989	0.00923396
3175 	 4015 	 0.858012 	 0.00442093	0.00923614
3175 	 4020 	 0.858014 	 0.00442198	0.00923831
3175 	 4025 	 0.858016 	 0.00442302	0.00924049
3175 	 4030 	 0.858018 	 0.00442405	0.00924266
3175 	 4035 	 0.85802 	 0.00442509	0.00924482
3175 	 4040 	 0.858021 	 0.00442613	0.00924698
3175 	 4045 	 0.858023 	 0.00442716	0.00924914
3175 	 4050 	 0.858025 	 0.00442819	0.0092513
3175 	 4055 	 0.858027 	 0.00442922	0.00925345
3175 	 4060 	 0.858029 	 0.00443025	0.00925559
3175 	 4065 	 0.85803 	 0.00443127	0.00925773
3175 	 4070 	 0.858032 	 0.0044323	0.00925987
3175 	 4075 	 0.858034 	 0.00443332	0.00926201
3175 	 4080 	 0.858036 	 0.00443434	0.00926414
3175 	 4085 	 0.858037 	 0.00443536	0.00926627
3175 	 4090 	 0.858039 	 0.00443637	0.00926839
3175 	 4095 	 0.858041 	 0.00443739	0.00927051
3175 	 4100 	 0.858043 	 0.0044384	0.00927263
3175 	 4105 	 0.858044 	 0.00443941	0.00927474
3175 	 4110 	 0.858046 	 0.00444042	0.00927685
3175 	 4115 	 0.858048 	 0.00444143	0.00927895
3175 	 4120 	 0.85805 	 0.00444243	0.00928106
3175 	 4125 	 0.858051 	 0.00444344	0.00928315
3175 	 4130 	 0.858053 	 0.00444444	0.00928525
3175 	 4135 	 0.858055 	 0.00444544	0.00928734
3175 	 4140 	 0.858057 	 0.00444644	0.00928943
3175 	 4145 	 0.858058 	 0.00444744	0.00929151
3175 	 4150 	 0.85806 	 0.00444843	0.00929359
3175 	 4155 	 0.858062 	 0.00444943	0.00929566
3175 	 4160 	 0.858063 	 0.00445042	0.00929774
3175 	 4165 	 0.858065 	 0.00445141	0.00929981
3175 	 4170 	 0.858067 	 0.0044524	0.00930187
3175 	 4175 	 0.858069 	 0.00445339	0.00930393
3175 	 4180 	 0.85807 	 0.00445437	0.00930599
3175 	 4185 	 0.858072 	 0.00445535	0.00930805
3175 	 4190 	 0.858074 	 0.00445634	0.0093101
3175 	 4195 	 0.858075 	 0.00445732	0.00931215
3175 	 4200 	 0.858077 	 0.00445829	0.00931419
3175 	 4205 	 0.858079 	 0.00445927	0.00931623
3175 	 4210 	 0.85808 	 0.00446025	0.00931827
3175 	 4215 	 0.858082 	 0.00446122	0.0093203
3175 	 4220 	 0.858084 	 0.00446219	0.00932233
3175 	 4225 	 0.858085 	 0.00446316	0.00932436
3175 	 4230 	 0.858087 	 0.00446413	0.00932638
3175 	 4235 	 0.858089 	 0.0044651	0.0093284
3175 	 4240 	 0.85809 	 0.00446606	0.00933042
3175 	 4245 	 0.858092 	 0.00446703	0.00933243
3175 	 4250 	 0.858094 	 0.00446799	0.00933444
3175 	 4255 	 0.858095 	 0.00446895	0.00933645
3175 	 4260 	 0.858097 	 0.00446991	0.00933845
3175 	 4265 	 0.858099 	 0.00447086	0.00934045
3175 	 4270 	 0.8581 	 0.00447182	0.00934244
3175 	 4275 	 0.858102 	 0.00447277	0.00934444
3175 	 4280 	 0.858103 	 0.00447372	0.00934643
3175 	 4285 	 0.858105 	 0.00447468	0.00934841
3175 	 4290 	 0.858107 	 0.00447562	0.00935039
3175 	 4295 	 0.858108 	 0.00447657	0.00935237
3175 	 4300 	 0.85811 	 0.00447752	0.00935435
3175 	 4305 	 0.858111 	 0.00447846	0.00935632
3175 	 4310 	 0.858113 	 0.0044794	0.00935829
3175 	 4315 	 0.858115 	 0.00448035	0.00936026
3175 	 4320 	 0.858116 	 0.00448128	0.00936222
3175 	 4325 	 0.858118 	 0.00448222	0.00936418
3175 	 4330 	 0.858119 	 0.00448316	0.00936614
3175 	 4335 	 0.858121 	 0.00448409	0.00936809
3175 	 4340 	 0.858123 	 0.00448503	0.00937004
3175 	 4345 	 0.858124 	 0.00448596	0.00937198
3175 	 4350 	 0.858126 	 0.00448689	0.00937393
3175 	 4355 	 0.858127 	 0.00448782	0.00937587
3175 	 4360 	 0.858129 	 0.00448874	0.0093778
3175 	 4365 	 0.85813 	 0.00448967	0.00937974
3175 	 4370 	 0.858132 	 0.00449059	0.00938167
3175 	 4375 	 0.858134 	 0.00449152	0.00938359
3175 	 4380 	 0.858135 	 0.00449244	0.00938552
3175 	 4385 	 0.858137 	 0.00449336	0.00938744
3175 	 4390 	 0.858138 	 0.00449427	0.00938936
3175 	 4395 	 0.85814 	 0.00449519	0.00939127
3175 	 4400 	 0.858141 	 0.0044961	0.00939318
3175 	 4405 	 0.858143 	 0.00449702	0.00939509
3175 	 4410 	 0.858144 	 0.00449793	0.00939699
3175 	 4415 	 0.858146 	 0.00449884	0.0093989
3175 	 4420 	 0.858147 	 0.00449975	0.0094008
3175 	 4425 	 0.858149 	 0.00450066	0.00940269
3175 	 4430 	 0.85815 	 0.00450156	0.00940458
3175 	 4435 	 0.858152 	 0.00450247	0.00940647
3175 	 4440 	 0.858153 	 0.00450337	0.00940836
3175 	 4445 	 0.858155 	 0.00450427	0.00941024
3175 	 4450 	 0.858156 	 0.00450517	0.00941212
3175 	 4455 	 0.858158 	 0.00450607	0.009414
3175 	 4460 	 0.85816 	 0.00450697	0.00941587
3175 	 4465 	 0.858161 	 0.00450786	0.00941774
3175 	 4470 	 0.858162 	 0.00450876	0.00941961
3175 	 4475 	 0.858164 	 0.00450965	0.00942148
3175 	 4480 	 0.858165 	 0.00451054	0.00942334
3175 	 4485 	 0.858167 	 0.00451143	0.0094252
3175 	 4490 	 0.858168 	 0.00451232	0.00942705
3175 	 4495 	 0.85817 	 0.0045132	0.00942891
3175 	 4500 	 0.858171 	 0.00451409	0.00943076
3175 	 4505 	 0.858173 	 0.00451497	0.0094326
3175 	 4510 	 0.858174 	 0.00451586	0.00943445
3175 	 4515 	 0.858176 	 0.00451674	0.00943629
3175 	 4520 	 0.858177 	 0.00451762	0.00943812
3175 	 4525 	 0.858179 	 0.0045185	0.00943996
3175 	 4530 	 0.85818 	 0.00451937	0.00944179
3175 	 4535 	 0.858182 	 0.00452025	0.00944362
3175 	 4540 	 0.858183 	 0.00452112	0.00944545
3175 	 4545 	 0.858185 	 0.00452199	0.00944727
3175 	 4550 	 0.858186 	 0.00452287	0.00944909
3175 	 4555 	 0.858187 	 0.00452374	0.00945091
3175 	 4560 	 0.858189 	 0.0045246	0.00945272
3175 	 4565 	 0.85819 	 0.00452547	0.00945453
3175 	 4570 	 0.858192 	 0.00452634	0.00945634
3175 	 4575 	 0.858193 	 0.0045272	0.00945815
3175 	 4580 	 0.858195 	 0.00452806	0.00945995
3175 	 4585 	 0.858196 	 0.00452893	0.00946175
3175 	 4590 	 0.858197 	 0.00452979	0.00946355
3175 	 4595 	 0.858199 	 0.00453065	0.00946534
3175 	 4600 	 0.8582 	 0.0045315	0.00946713
3175 	 4605 	 0.858202 	 0.00453236	0.00946892
3175 	 4610 	 0.858203 	 0.00453321	0.00947071
3175 	 4615 	 0.858205 	 0.00453407	0.00947249
3175 	 4620 	 0.858206 	 0.00453492	0.00947427
3175 	 4625 	 0.858207 	 0.00453577	0.00947605
3175 	 4630 	 0.858209 	 0.00453662	0.00947782
3175 	 4635 	 0.85821 	 0.00453747	0.0094796
3175 	 4640 	 0.858212 	 0.00453831	0.00948137
3175 	 4645 	 0.858213 	 0.00453916	0.00948313
3175 	 4650 	 0.858214 	 0.00454	0.0094849
3175 	 4655 	 0.858216 	 0.00454085	0.00948666
3175 	 4660 	 0.858217 	 0.00454169	0.00948841
3175 	 4665 	 0.858219 	 0.00454253	0.00949017
3175 	 4670 	 0.85822 	 0.00454337	0.00949192
3175 	 4675 	 0.858221 	 0.0045442	0.00949367
3175 	 4680 	 0.858223 	 0.00454504	0.00949542
3175 	 4685 	 0.858224 	 0.00454588	0.00949716
3175 	 4690 	 0.858225 	 0.00454671	0.0094989
3175 	 4695 	 0.858227 	 0.00454754	0.00950064
3175 	 4700 	 0.858228 	 0.00454837	0.00950238
3175 	 4705 	 0.858229 	 0.0045492	0.00950411
3175 	 4710 	 0.858231 	 0.00455003	0.00950584
3175 	 4715 	 0.858232 	 0.00455086	0.00950757
3175 	 4720 	 0.858234 	 0.00455168	0.0095093
3175 	 4725 	 0.858235 	 0.00455251	0.00951102
3175 	 4730 	 0.858236 	 0.00455333	0.00951274
3175 	 4735 	 0.858238 	 0.00455415	0.00951446
3175 	 4740 	 0.858239 	 0.00455498	0.00951617
3175 	 4745 	 0.85824 	 0.00455579	0.00951789
3175 	 4750 	 0.858242 	 0.00455661	0.00951959
3175 	 4755 	 0.858243 	 0.00455743	0.0095213
3175 	 4760 	 0.858244 	 0.00455825	0.00952301
3175 	 4765 	 0.858246 	 0.00455906	0.00952471
3175 	 4770 	 0.858247 	 0.00455987	0.00952641
3175 	 4775 	 0.858248 	 0.00456069	0.0095281
3175 	 4780 	 0.85825 	 0.0045615	0.0095298
3175 	 4785 	 0.858251 	 0.00456231	0.00953149
3175 	 4790 	 0.858252 	 0.00456311	0.00953318
3175 	 4795 	 0.858254 	 0.00456392	0.00953486
3175 	 4800 	 0.858255 	 0.00456473	0.00953655
3175 	 4805 	 0.858256 	 0.00456553	0.00953823
3175 	 4810 	 0.858257 	 0.00456634	0.00953991
3175 	 4815 	 0.858259 	 0.00456714	0.00954158
3175 	 4820 	 0.85826 	 0.00456794	0.00954326
3175 	 4825 	 0.858261 	 0.00456874	0.00954493
3175 	 4830 	 0.858263 	 0.00456954	0.00954659
3175 	 4835 	 0.858264 	 0.00457033	0.00954826
3175 	 4840 	 0.858265 	 0.00457113	0.00954992
3175 	 4845 	 0.858267 	 0.00457193	0.00955158
3175 	 4850 	 0.858268 	 0.00457272	0.00955324
3175 	 4855 	 0.858269 	 0.00457351	0.0095549
3175 	 4860 	 0.85827 	 0.0045743	0.00955655
3175 	 4865 	 0.858272 	 0.00457509	0.0095582
3175 	 4870 	 0.858273 	 0.00457588	0.00955985
3175 	 4875 	 0.858274 	 0.00457667	0.0095615
3175 	 4880 	 0.858275 	 0.00457746	0.00956314
3175 	 4885 	 0.858277 	 0.00457824	0.00956478
3175 	 4890 	 0.858278 	 0.00457903	0.00956642
3175 	 4895 	 0.858279 	 0.00457981	0.00956805
3175 	 4900 	 0.858281 	 0.00458059	0.00956969
3175 	 4905 	 0.858282 	 0.00458137	0.00957132
3175 	 4910 	 0.858283 	 0.00458215	0.00957295
3175 	 4915 	 0.858284 	 0.00458293	0.00957457
3175 	 4920 	 0.858286 	 0.00458371	0.0095762
3175 	 4925 	 0.858287 	 0.00458448	0.00957782
3175 	 4930 	 0.858288 	 0.00458526	0.00957944
3175 	 4935 	 0.858289 	 0.00458603	0.00958105
3175 	 4940 	 0.858291 	 0.0045868	0.00958267
3175 	 4945 	 0.858292 	 0.00458757	0.00958428
3175 	 4950 	 0.858293 	 0.00458835	0.00958589
3175 	 4955 	 0.858294 	 0.00458911	0.0095875
3175 	 4960 	 0.858296 	 0.00458988	0.0095891
3175 	 4965 	 0.858297 	 0.00459065	0.0095907
3175 	 4970 	 0.858298 	 0.00459142	0.0095923
3175 	 4975 	 0.858299 	 0.00459218	0.0095939
3175 	 4980 	 0.8583 	 0.00459294	0.0095955
3175 	 4985 	 0.858302 	 0.00459371	0.00959709
3175 	 4990 	 0.858303 	 0.00459447	0.00959868
3175 	 4995 	 0.858304 	 0.00459523	0.00960027
3175 	 5000 	 0.858305 	 0.00459599	0.00960185
