2380 	 5 	 0.734597 	 0.00295533 	 0.00615426
2380 	 10 	 0.734597 	 0.00295521 	 0.00615401
2380 	 15 	 0.734598 	 0.00295425 	 0.00615202
2380 	 20 	 0.734603 	 0.00294682 	 0.00613654
2380 	 25 	 0.73465 	 0.00289593 	 0.00603058
2380 	 30 	 0.735111 	 0.00273356 	 0.00569246
2380 	 35 	 0.739309 	 0.00459668 	 0.00957227
2380 	 40 	 0.764693 	 0.00252311 	 0.00525421
2380 	 45 	 0.803055 	 0.00987521 	 0.0205644
2380 	 50 	 0.813994 	 0.00241742 	 0.00503411
2380 	 55 	 0.816088 	 0.00181122 	 0.00377173
2380 	 60 	 0.817082 	 0.00184611 	 0.0038444
2380 	 65 	 0.817941 	 0.00173327 	 0.00360941
2380 	 70 	 0.818767 	 0.00160822 	 0.003349
2380 	 75 	 0.819571 	 0.00149445 	 0.00311208
2380 	 80 	 0.820355 	 0.00139539 	 0.0029058
2380 	 85 	 0.82112 	 0.00131178 	 0.00273169
2380 	 90 	 0.821865 	 0.00124387 	 0.00259027
2380 	 95 	 0.822592 	 0.00119159 	 0.0024814
2380 	 100 	 0.823301 	 0.0011545 	 0.00240417
2380 	 105 	 0.823993 	 0.00113173 	 0.00235675
2380 	 110 	 0.824667 	 0.001122 	 0.00233649
2380 	 115 	 0.825324 	 0.00112372 	 0.00234008
2380 	 120 	 0.825965 	 0.00113513 	 0.00236382
2380 	 125 	 0.826591 	 0.00115441 	 0.00240399
2380 	 130 	 0.8272 	 0.00117988 	 0.00245702
2380 	 135 	 0.827795 	 0.00120999 	 0.00251972
2380 	 140 	 0.828374 	 0.00124341 	 0.00258931
2380 	 145 	 0.82894 	 0.00127902 	 0.00266348
2380 	 150 	 0.829491 	 0.00131592 	 0.00274032
2380 	 155 	 0.830029 	 0.00135338 	 0.00281831
2380 	 160 	 0.830553 	 0.00139081 	 0.00289625
2380 	 165 	 0.831064 	 0.00142775 	 0.0029732
2380 	 170 	 0.831562 	 0.00146388 	 0.00304842
2380 	 175 	 0.832048 	 0.00149891 	 0.00312138
2380 	 180 	 0.832522 	 0.00153267 	 0.00319168
2380 	 185 	 0.832985 	 0.001565 	 0.00325901
2380 	 190 	 0.833435 	 0.00159582 	 0.00332318
2380 	 195 	 0.833875 	 0.00162506 	 0.00338407
2380 	 200 	 0.834303 	 0.00165269 	 0.0034416
2380 	 205 	 0.834721 	 0.00167869 	 0.00349575
2380 	 210 	 0.835129 	 0.00170308 	 0.00354654
2380 	 215 	 0.835526 	 0.00172586 	 0.00359399
2380 	 220 	 0.835914 	 0.00174708 	 0.00363818
2380 	 225 	 0.836292 	 0.00176677 	 0.00367918
2380 	 230 	 0.83666 	 0.00178498 	 0.0037171
2380 	 235 	 0.83702 	 0.00180176 	 0.00375203
2380 	 240 	 0.83737 	 0.00181715 	 0.0037841
2380 	 245 	 0.837712 	 0.00183123 	 0.00381341
2380 	 250 	 0.838045 	 0.00184404 	 0.00384009
2380 	 255 	 0.83837 	 0.00185565 	 0.00386426
2380 	 260 	 0.838687 	 0.00186611 	 0.00388605
2380 	 265 	 0.838996 	 0.0018755 	 0.0039056
2380 	 270 	 0.839297 	 0.00188386 	 0.00392301
2380 	 275 	 0.839591 	 0.00189126 	 0.00393842
2380 	 280 	 0.839878 	 0.00189776 	 0.00395196
2380 	 285 	 0.840157 	 0.00190342 	 0.00396374
2380 	 290 	 0.840429 	 0.00190829 	 0.00397387
2380 	 295 	 0.840695 	 0.00191243 	 0.00398249
2380 	 300 	 0.840954 	 0.00191589 	 0.0039897
2380 	 305 	 0.841207 	 0.00191873 	 0.00399561
2380 	 310 	 0.841453 	 0.00192099 	 0.00400033
2380 	 315 	 0.841693 	 0.00192274 	 0.00400396
2380 	 320 	 0.841928 	 0.00192401 	 0.00400661
2380 	 325 	 0.842156 	 0.00192485 	 0.00400836
2380 	 330 	 0.842379 	 0.00192531 	 0.00400932
2380 	 335 	 0.842596 	 0.00192542 	 0.00400956
2380 	 340 	 0.842808 	 0.00192524 	 0.00400919
2380 	 345 	 0.843015 	 0.0019248 	 0.00400827
2380 	 350 	 0.843216 	 0.00192414 	 0.00400689
2380 	 355 	 0.843412 	 0.00192329 	 0.00400513
2380 	 360 	 0.843604 	 0.00192229 	 0.00400304
2380 	 365 	 0.843791 	 0.00192118 	 0.00400071
2380 	 370 	 0.843973 	 0.00191997 	 0.0039982
2380 	 375 	 0.84415 	 0.0019187 	 0.00399556
2380 	 380 	 0.844324 	 0.0019174 	 0.00399285
2380 	 385 	 0.844493 	 0.0019161 	 0.00399014
2380 	 390 	 0.844657 	 0.00191481 	 0.00398745
2380 	 395 	 0.844818 	 0.00191356 	 0.00398486
2380 	 400 	 0.844975 	 0.00191238 	 0.00398239
2380 	 405 	 0.845127 	 0.00191127 	 0.00398009
2380 	 410 	 0.845276 	 0.00191026 	 0.00397799
2380 	 415 	 0.845421 	 0.00190937 	 0.00397613
2380 	 420 	 0.845563 	 0.00190861 	 0.00397455
2380 	 425 	 0.845701 	 0.00190799 	 0.00397326
2380 	 430 	 0.845836 	 0.00190753 	 0.0039723
2380 	 435 	 0.845967 	 0.00190724 	 0.00397169
2380 	 440 	 0.846095 	 0.00190712 	 0.00397145
2380 	 445 	 0.84622 	 0.00190719 	 0.00397159
2380 	 450 	 0.846342 	 0.00190745 	 0.00397214
2380 	 455 	 0.846461 	 0.00190791 	 0.0039731
2380 	 460 	 0.846576 	 0.00190858 	 0.00397448
2380 	 465 	 0.846689 	 0.00190945 	 0.0039763
2380 	 470 	 0.846799 	 0.00191054 	 0.00397856
2380 	 475 	 0.846907 	 0.00191184 	 0.00398127
2380 	 480 	 0.847011 	 0.00191335 	 0.00398443
2380 	 485 	 0.847113 	 0.00191509 	 0.00398803
2380 	 490 	 0.847213 	 0.00191703 	 0.00399209
2380 	 495 	 0.84731 	 0.0019192 	 0.00399659
2380 	 500 	 0.847405 	 0.00192157 	 0.00400154
2380 	 505 	 0.847497 	 0.00192416 	 0.00400693
2380 	 510 	 0.847587 	 0.00192696 	 0.00401275
2380 	 515 	 0.847675 	 0.00192996 	 0.004019
2380 	 520 	 0.847761 	 0.00193316 	 0.00402567
2380 	 525 	 0.847844 	 0.00193656 	 0.00403276
2380 	 530 	 0.847925 	 0.00194016 	 0.00404024
2380 	 535 	 0.848005 	 0.00194394 	 0.00404812
2380 	 540 	 0.848082 	 0.0019479 	 0.00405637
2380 	 545 	 0.848158 	 0.00195204 	 0.004065
2380 	 550 	 0.848231 	 0.00195636 	 0.00407398
2380 	 555 	 0.848303 	 0.00196083 	 0.0040833
2380 	 560 	 0.848373 	 0.00196547 	 0.00409296
2380 	 565 	 0.848441 	 0.00197026 	 0.00410293
2380 	 570 	 0.848508 	 0.0019752 	 0.00411321
2380 	 575 	 0.848573 	 0.00198027 	 0.00412378
2380 	 580 	 0.848636 	 0.00198548 	 0.00413463
2380 	 585 	 0.848698 	 0.00199082 	 0.00414574
2380 	 590 	 0.848758 	 0.00199627 	 0.0041571
2380 	 595 	 0.848817 	 0.00200184 	 0.00416869
2380 	 600 	 0.848874 	 0.00200752 	 0.00418051
2380 	 605 	 0.84893 	 0.00201329 	 0.00419254
2380 	 610 	 0.848984 	 0.00201916 	 0.00420476
2380 	 615 	 0.849037 	 0.00202512 	 0.00421717
2380 	 620 	 0.849089 	 0.00203116 	 0.00422974
2380 	 625 	 0.849139 	 0.00203727 	 0.00424247
2380 	 630 	 0.849189 	 0.00204345 	 0.00425534
2380 	 635 	 0.849237 	 0.00204969 	 0.00426834
2380 	 640 	 0.849283 	 0.00205599 	 0.00428146
2380 	 645 	 0.849329 	 0.00206235 	 0.00429469
2380 	 650 	 0.849373 	 0.00206874 	 0.00430801
2380 	 655 	 0.849417 	 0.00207518 	 0.00432141
2380 	 660 	 0.849459 	 0.00208165 	 0.00433489
2380 	 665 	 0.8495 	 0.00208815 	 0.00434843
2380 	 670 	 0.849541 	 0.00209468 	 0.00436202
2380 	 675 	 0.84958 	 0.00210122 	 0.00437564
2380 	 680 	 0.849618 	 0.00210778 	 0.0043893
2380 	 685 	 0.849655 	 0.00211435 	 0.00440299
2380 	 690 	 0.849692 	 0.00212093 	 0.00441668
2380 	 695 	 0.849727 	 0.0021275 	 0.00443038
2380 	 700 	 0.849762 	 0.00213408 	 0.00444407
2380 	 705 	 0.849796 	 0.00214065 	 0.00445776
2380 	 710 	 0.849829 	 0.00214721 	 0.00447142
2380 	 715 	 0.849861 	 0.00215376 	 0.00448505
2380 	 720 	 0.849892 	 0.00216029 	 0.00449865
2380 	 725 	 0.849922 	 0.0021668 	 0.00451221
2380 	 730 	 0.849952 	 0.00217329 	 0.00452572
2380 	 735 	 0.849981 	 0.00217975 	 0.00453917
2380 	 740 	 0.850009 	 0.00218618 	 0.00455257
2380 	 745 	 0.850037 	 0.00219258 	 0.0045659
2380 	 750 	 0.850064 	 0.00219895 	 0.00457915
2380 	 755 	 0.85009 	 0.00220528 	 0.00459234
2380 	 760 	 0.850116 	 0.00221157 	 0.00460544
2380 	 765 	 0.850141 	 0.00221782 	 0.00461846
2380 	 770 	 0.850165 	 0.00222403 	 0.00463138
2380 	 775 	 0.850189 	 0.00223019 	 0.00464422
2380 	 780 	 0.850212 	 0.00223631 	 0.00465696
2380 	 785 	 0.850234 	 0.00224238 	 0.00466959
2380 	 790 	 0.850256 	 0.0022484 	 0.00468213
2380 	 795 	 0.850278 	 0.00225436 	 0.00469455
2380 	 800 	 0.850299 	 0.00226028 	 0.00470687
2380 	 805 	 0.850319 	 0.00226614 	 0.00471907
2380 	 810 	 0.850339 	 0.00227194 	 0.00473116
2380 	 815 	 0.850358 	 0.00227769 	 0.00474313
2380 	 820 	 0.850377 	 0.00228338 	 0.00475499
2380 	 825 	 0.850396 	 0.00228902 	 0.00476672
2380 	 830 	 0.850414 	 0.00229459 	 0.00477833
2380 	 835 	 0.850431 	 0.00230011 	 0.00478982
2380 	 840 	 0.850448 	 0.00230556 	 0.00480118
2380 	 845 	 0.850465 	 0.00231096 	 0.00481241
2380 	 850 	 0.850481 	 0.00231629 	 0.00482351
2380 	 855 	 0.850497 	 0.00232156 	 0.00483449
2380 	 860 	 0.850513 	 0.00232677 	 0.00484534
2380 	 865 	 0.850528 	 0.00233192 	 0.00485605
2380 	 870 	 0.850542 	 0.002337 	 0.00486664
2380 	 875 	 0.850557 	 0.00234202 	 0.00487709
2380 	 880 	 0.850571 	 0.00234698 	 0.00488742
2380 	 885 	 0.850584 	 0.00235187 	 0.00489761
2380 	 890 	 0.850598 	 0.0023567 	 0.00490767
2380 	 895 	 0.850611 	 0.00236147 	 0.00491759
2380 	 900 	 0.850623 	 0.00236617 	 0.00492739
2380 	 905 	 0.850636 	 0.00237081 	 0.00493705
2380 	 910 	 0.850648 	 0.00237539 	 0.00494658
2380 	 915 	 0.850659 	 0.0023799 	 0.00495598
2380 	 920 	 0.850671 	 0.00238435 	 0.00496525
2380 	 925 	 0.850682 	 0.00238874 	 0.00497439
2380 	 930 	 0.850693 	 0.00239307 	 0.00498339
2380 	 935 	 0.850703 	 0.00239733 	 0.00499227
2380 	 940 	 0.850714 	 0.00240153 	 0.00500102
2380 	 945 	 0.850724 	 0.00240567 	 0.00500964
2380 	 950 	 0.850734 	 0.00240975 	 0.00501813
2380 	 955 	 0.850743 	 0.00241377 	 0.0050265
2380 	 960 	 0.850753 	 0.00241772 	 0.00503474
2380 	 965 	 0.850762 	 0.00242162 	 0.00504285
2380 	 970 	 0.850771 	 0.00242546 	 0.00505085
2380 	 975 	 0.850779 	 0.00242924 	 0.00505871
2380 	 980 	 0.850788 	 0.00243296 	 0.00506646
2380 	 985 	 0.850796 	 0.00243662 	 0.00507408
2380 	 990 	 0.850804 	 0.00244022 	 0.00508159
2380 	 995 	 0.850812 	 0.00244377 	 0.00508898
2380 	 1000 	 0.850819 	 0.00244726 	 0.00509624
2380 	 1005 	 0.850827 	 0.00245069 	 0.00510339
2380 	 1010 	 0.850834 	 0.00245407 	 0.00511043
2380 	 1015 	 0.850841 	 0.00245739 	 0.00511735
2380 	 1020 	 0.850848 	 0.00246066 	 0.00512416
2380 	 1025 	 0.850855 	 0.00246388 	 0.00513085
2380 	 1030 	 0.850861 	 0.00246704 	 0.00513744
2380 	 1035 	 0.850868 	 0.00247015 	 0.00514391
2380 	 1040 	 0.850874 	 0.00247321 	 0.00515028
2380 	 1045 	 0.85088 	 0.00247621 	 0.00515654
2380 	 1050 	 0.850886 	 0.00247917 	 0.00516269
2380 	 1055 	 0.850892 	 0.00248207 	 0.00516874
2380 	 1060 	 0.850898 	 0.00248493 	 0.00517469
2380 	 1065 	 0.850903 	 0.00248774 	 0.00518053
2380 	 1070 	 0.850908 	 0.00249049 	 0.00518628
2380 	 1075 	 0.850914 	 0.0024932 	 0.00519192
2380 	 1080 	 0.850919 	 0.00249587 	 0.00519747
2380 	 1085 	 0.850924 	 0.00249848 	 0.00520292
2380 	 1090 	 0.850929 	 0.00250105 	 0.00520827
2380 	 1095 	 0.850933 	 0.00250358 	 0.00521353
2380 	 1100 	 0.850938 	 0.00250606 	 0.0052187
2380 	 1105 	 0.850943 	 0.0025085 	 0.00522377
2380 	 1110 	 0.850947 	 0.00251089 	 0.00522876
2380 	 1115 	 0.850951 	 0.00251324 	 0.00523365
2380 	 1120 	 0.850955 	 0.00251555 	 0.00523846
2380 	 1125 	 0.850959 	 0.00251782 	 0.00524318
2380 	 1130 	 0.850963 	 0.00252004 	 0.00524781
2380 	 1135 	 0.850967 	 0.00252223 	 0.00525237
2380 	 1140 	 0.850971 	 0.00252438 	 0.00525683
2380 	 1145 	 0.850975 	 0.00252648 	 0.00526122
2380 	 1150 	 0.850978 	 0.00252855 	 0.00526553
2380 	 1155 	 0.850982 	 0.00253058 	 0.00526976
2380 	 1160 	 0.850985 	 0.00253257 	 0.00527391
2380 	 1165 	 0.850989 	 0.00253453 	 0.00527798
2380 	 1170 	 0.850992 	 0.00253645 	 0.00528198
2380 	 1175 	 0.850995 	 0.00253833 	 0.0052859
2380 	 1180 	 0.850998 	 0.00254018 	 0.00528975
2380 	 1185 	 0.851001 	 0.002542 	 0.00529353
2380 	 1190 	 0.851004 	 0.00254378 	 0.00529723
2380 	 1195 	 0.851007 	 0.00254552 	 0.00530087
2380 	 1200 	 0.85101 	 0.00254724 	 0.00530444
2380 	 1205 	 0.851012 	 0.00254892 	 0.00530794
2380 	 1210 	 0.851015 	 0.00255057 	 0.00531138
2380 	 1215 	 0.851018 	 0.00255219 	 0.00531475
2380 	 1220 	 0.85102 	 0.00255377 	 0.00531805
2380 	 1225 	 0.851023 	 0.00255533 	 0.0053213
2380 	 1230 	 0.851025 	 0.00255686 	 0.00532448
2380 	 1235 	 0.851027 	 0.00255836 	 0.0053276
2380 	 1240 	 0.85103 	 0.00255982 	 0.00533066
2380 	 1245 	 0.851032 	 0.00256127 	 0.00533366
2380 	 1250 	 0.851034 	 0.00256268 	 0.0053366
2380 	 1255 	 0.851036 	 0.00256406 	 0.00533948
2380 	 1260 	 0.851038 	 0.00256542 	 0.00534231
2380 	 1265 	 0.85104 	 0.00256676 	 0.00534509
2380 	 1270 	 0.851042 	 0.00256806 	 0.00534781
2380 	 1275 	 0.851044 	 0.00256934 	 0.00535048
2380 	 1280 	 0.851046 	 0.0025706 	 0.00535309
2380 	 1285 	 0.851048 	 0.00257183 	 0.00535566
2380 	 1290 	 0.85105 	 0.00257304 	 0.00535817
2380 	 1295 	 0.851051 	 0.00257422 	 0.00536064
2380 	 1300 	 0.851053 	 0.00257538 	 0.00536305
2380 	 1305 	 0.851055 	 0.00257652 	 0.00536542
2380 	 1310 	 0.851056 	 0.00257763 	 0.00536774
2380 	 1315 	 0.851058 	 0.00257873 	 0.00537002
2380 	 1320 	 0.851059 	 0.0025798 	 0.00537225
2380 	 1325 	 0.851061 	 0.00258085 	 0.00537444
2380 	 1330 	 0.851062 	 0.00258188 	 0.00537658
2380 	 1335 	 0.851064 	 0.00258289 	 0.00537868
2380 	 1340 	 0.851065 	 0.00258387 	 0.00538074
2380 	 1345 	 0.851066 	 0.00258484 	 0.00538275
2380 	 1350 	 0.851068 	 0.00258579 	 0.00538473
2380 	 1355 	 0.851069 	 0.00258672 	 0.00538667
2380 	 1360 	 0.85107 	 0.00258763 	 0.00538856
2380 	 1365 	 0.851072 	 0.00258853 	 0.00539042
2380 	 1370 	 0.851073 	 0.0025894 	 0.00539225
2380 	 1375 	 0.851074 	 0.00259026 	 0.00539403
2380 	 1380 	 0.851075 	 0.0025911 	 0.00539578
2380 	 1385 	 0.851076 	 0.00259192 	 0.00539749
2380 	 1390 	 0.851077 	 0.00259273 	 0.00539917
2380 	 1395 	 0.851078 	 0.00259352 	 0.00540082
2380 	 1400 	 0.851079 	 0.00259429 	 0.00540243
2380 	 1405 	 0.85108 	 0.00259505 	 0.00540401
2380 	 1410 	 0.851081 	 0.00259579 	 0.00540555
2380 	 1415 	 0.851082 	 0.00259652 	 0.00540707
2380 	 1420 	 0.851083 	 0.00259723 	 0.00540855
2380 	 1425 	 0.851084 	 0.00259793 	 0.00541001
2380 	 1430 	 0.851085 	 0.00259861 	 0.00541143
2380 	 1435 	 0.851086 	 0.00259928 	 0.00541283
2380 	 1440 	 0.851087 	 0.00259994 	 0.00541419
2380 	 1445 	 0.851087 	 0.00260058 	 0.00541553
2380 	 1450 	 0.851088 	 0.00260121 	 0.00541684
2380 	 1455 	 0.851089 	 0.00260183 	 0.00541812
2380 	 1460 	 0.85109 	 0.00260243 	 0.00541938
2380 	 1465 	 0.85109 	 0.00260302 	 0.00542061
2380 	 1470 	 0.851091 	 0.0026036 	 0.00542182
2380 	 1475 	 0.851092 	 0.00260417 	 0.005423
2380 	 1480 	 0.851092 	 0.00260472 	 0.00542415
2380 	 1485 	 0.851093 	 0.00260527 	 0.00542528
2380 	 1490 	 0.851094 	 0.0026058 	 0.00542639
2380 	 1495 	 0.851094 	 0.00260632 	 0.00542748
2380 	 1500 	 0.851095 	 0.00260683 	 0.00542854
2380 	 1505 	 0.851096 	 0.00260733 	 0.00542958
2380 	 1510 	 0.851096 	 0.00260782 	 0.0054306
2380 	 1515 	 0.851097 	 0.0026083 	 0.0054316
2380 	 1520 	 0.851097 	 0.00260877 	 0.00543257
2380 	 1525 	 0.851098 	 0.00260923 	 0.00543353
2380 	 1530 	 0.851098 	 0.00260968 	 0.00543447
2380 	 1535 	 0.851099 	 0.00261012 	 0.00543538
2380 	 1540 	 0.851099 	 0.00261055 	 0.00543628
2380 	 1545 	 0.8511 	 0.00261097 	 0.00543716
2380 	 1550 	 0.8511 	 0.00261138 	 0.00543802
2380 	 1555 	 0.851101 	 0.00261179 	 0.00543886
2380 	 1560 	 0.851101 	 0.00261218 	 0.00543968
2380 	 1565 	 0.851102 	 0.00261257 	 0.00544049
2380 	 1570 	 0.851102 	 0.00261295 	 0.00544128
2380 	 1575 	 0.851103 	 0.00261332 	 0.00544205
2380 	 1580 	 0.851103 	 0.00261368 	 0.00544281
2380 	 1585 	 0.851103 	 0.00261404 	 0.00544355
2380 	 1590 	 0.851104 	 0.00261439 	 0.00544428
2380 	 1595 	 0.851104 	 0.00261473 	 0.00544499
2380 	 1600 	 0.851105 	 0.00261506 	 0.00544568
2380 	 1605 	 0.851105 	 0.00261539 	 0.00544636
2380 	 1610 	 0.851105 	 0.00261571 	 0.00544703
2380 	 1615 	 0.851106 	 0.00261602 	 0.00544768
2380 	 1620 	 0.851106 	 0.00261633 	 0.00544831
2380 	 1625 	 0.851106 	 0.00261662 	 0.00544894
2380 	 1630 	 0.851107 	 0.00261692 	 0.00544955
2380 	 1635 	 0.851107 	 0.0026172 	 0.00545015
2380 	 1640 	 0.851107 	 0.00261749 	 0.00545073
2380 	 1645 	 0.851108 	 0.00261776 	 0.0054513
2380 	 1650 	 0.851108 	 0.00261803 	 0.00545186
2380 	 1655 	 0.851108 	 0.00261829 	 0.00545241
2380 	 1660 	 0.851108 	 0.00261855 	 0.00545295
2380 	 1665 	 0.851109 	 0.0026188 	 0.00545347
2380 	 1670 	 0.851109 	 0.00261905 	 0.00545398
2380 	 1675 	 0.851109 	 0.00261929 	 0.00545449
2380 	 1680 	 0.851109 	 0.00261953 	 0.00545498
2380 	 1685 	 0.85111 	 0.00261976 	 0.00545546
2380 	 1690 	 0.85111 	 0.00261998 	 0.00545593
2380 	 1695 	 0.85111 	 0.0026202 	 0.00545639
2380 	 1700 	 0.85111 	 0.00262042 	 0.00545684
2380 	 1705 	 0.851111 	 0.00262063 	 0.00545728
2380 	 1710 	 0.851111 	 0.00262084 	 0.00545771
2380 	 1715 	 0.851111 	 0.00262104 	 0.00545813
2380 	 1720 	 0.851111 	 0.00262124 	 0.00545855
2380 	 1725 	 0.851111 	 0.00262143 	 0.00545895
2380 	 1730 	 0.851112 	 0.00262162 	 0.00545935
2380 	 1735 	 0.851112 	 0.00262181 	 0.00545973
2380 	 1740 	 0.851112 	 0.00262199 	 0.00546011
2380 	 1745 	 0.851112 	 0.00262217 	 0.00546048
2380 	 1750 	 0.851112 	 0.00262234 	 0.00546084
2380 	 1755 	 0.851113 	 0.00262251 	 0.0054612
2380 	 1760 	 0.851113 	 0.00262268 	 0.00546154
2380 	 1765 	 0.851113 	 0.00262284 	 0.00546188
2380 	 1770 	 0.851113 	 0.002623 	 0.00546221
2380 	 1775 	 0.851113 	 0.00262316 	 0.00546254
2380 	 1780 	 0.851113 	 0.00262331 	 0.00546286
2380 	 1785 	 0.851113 	 0.00262346 	 0.00546317
2380 	 1790 	 0.851114 	 0.0026236 	 0.00546347
2380 	 1795 	 0.851114 	 0.00262375 	 0.00546377
2380 	 1800 	 0.851114 	 0.00262389 	 0.00546406
2380 	 1805 	 0.851114 	 0.00262402 	 0.00546434
2380 	 1810 	 0.851114 	 0.00262415 	 0.00546462
2380 	 1815 	 0.851114 	 0.00262429 	 0.00546489
2380 	 1820 	 0.851114 	 0.00262441 	 0.00546516
2380 	 1825 	 0.851115 	 0.00262454 	 0.00546542
2380 	 1830 	 0.851115 	 0.00262466 	 0.00546567
2380 	 1835 	 0.851115 	 0.00262478 	 0.00546592
2380 	 1840 	 0.851115 	 0.0026249 	 0.00546616
2380 	 1845 	 0.851115 	 0.00262501 	 0.0054664
2380 	 1850 	 0.851115 	 0.00262512 	 0.00546663
2380 	 1855 	 0.851115 	 0.00262523 	 0.00546686
2380 	 1860 	 0.851115 	 0.00262534 	 0.00546708
2380 	 1865 	 0.851115 	 0.00262544 	 0.0054673
2380 	 1870 	 0.851115 	 0.00262555 	 0.00546751
2380 	 1875 	 0.851116 	 0.00262565 	 0.00546772
2380 	 1880 	 0.851116 	 0.00262574 	 0.00546793
2380 	 1885 	 0.851116 	 0.00262584 	 0.00546813
2380 	 1890 	 0.851116 	 0.00262593 	 0.00546832
2380 	 1895 	 0.851116 	 0.00262602 	 0.00546851
2380 	 1900 	 0.851116 	 0.00262611 	 0.0054687
2380 	 1905 	 0.851116 	 0.0026262 	 0.00546888
2380 	 1910 	 0.851116 	 0.00262629 	 0.00546906
2380 	 1915 	 0.851116 	 0.00262637 	 0.00546923
2380 	 1920 	 0.851116 	 0.00262645 	 0.0054694
2380 	 1925 	 0.851116 	 0.00262653 	 0.00546957
2380 	 1930 	 0.851116 	 0.00262661 	 0.00546973
2380 	 1935 	 0.851117 	 0.00262669 	 0.00546989
2380 	 1940 	 0.851117 	 0.00262676 	 0.00547005
2380 	 1945 	 0.851117 	 0.00262683 	 0.0054702
2380 	 1950 	 0.851117 	 0.00262691 	 0.00547035
2380 	 1955 	 0.851117 	 0.00262698 	 0.00547049
2380 	 1960 	 0.851117 	 0.00262704 	 0.00547063
2380 	 1965 	 0.851117 	 0.00262711 	 0.00547077
2380 	 1970 	 0.851117 	 0.00262718 	 0.00547091
2380 	 1975 	 0.851117 	 0.00262724 	 0.00547104
2380 	 1980 	 0.851117 	 0.0026273 	 0.00547117
2380 	 1985 	 0.851117 	 0.00262736 	 0.0054713
2380 	 1990 	 0.851117 	 0.00262742 	 0.00547142
2380 	 1995 	 0.851117 	 0.00262748 	 0.00547155
2380 	 2000 	 0.851117 	 0.00262754 	 0.00547167
2380 	 2005 	 0.851117 	 0.00262759 	 0.00547178
2380 	 2010 	 0.851117 	 0.00262765 	 0.00547189
2380 	 2015 	 0.851117 	 0.0026277 	 0.00547201
2380 	 2020 	 0.851117 	 0.00262775 	 0.00547211
2380 	 2025 	 0.851118 	 0.00262781 	 0.00547222
2380 	 2030 	 0.851118 	 0.00262786 	 0.00547232
2380 	 2035 	 0.851118 	 0.0026279 	 0.00547243
2380 	 2040 	 0.851118 	 0.00262795 	 0.00547253
2380 	 2045 	 0.851118 	 0.002628 	 0.00547262
2380 	 2050 	 0.851118 	 0.00262804 	 0.00547272
2380 	 2055 	 0.851118 	 0.00262809 	 0.00547281
2380 	 2060 	 0.851118 	 0.00262813 	 0.0054729
2380 	 2065 	 0.851118 	 0.00262817 	 0.00547299
2380 	 2070 	 0.851118 	 0.00262822 	 0.00547308
2380 	 2075 	 0.851118 	 0.00262826 	 0.00547316
2380 	 2080 	 0.851118 	 0.0026283 	 0.00547324
2380 	 2085 	 0.851118 	 0.00262834 	 0.00547332
2380 	 2090 	 0.851118 	 0.00262837 	 0.0054734
2380 	 2095 	 0.851118 	 0.00262841 	 0.00547348
2380 	 2100 	 0.851118 	 0.00262845 	 0.00547356
2380 	 2105 	 0.851118 	 0.00262848 	 0.00547363
2380 	 2110 	 0.851118 	 0.00262852 	 0.0054737
2380 	 2115 	 0.851118 	 0.00262855 	 0.00547377
2380 	 2120 	 0.851118 	 0.00262858 	 0.00547384
2380 	 2125 	 0.851118 	 0.00262862 	 0.00547391
2380 	 2130 	 0.851118 	 0.00262865 	 0.00547397
2380 	 2135 	 0.851118 	 0.00262868 	 0.00547404
2380 	 2140 	 0.851118 	 0.00262871 	 0.0054741
2380 	 2145 	 0.851118 	 0.00262874 	 0.00547416
2380 	 2150 	 0.851118 	 0.00262877 	 0.00547422
2380 	 2155 	 0.851118 	 0.0026288 	 0.00547428
2380 	 2160 	 0.851118 	 0.00262882 	 0.00547434
2380 	 2165 	 0.851118 	 0.00262885 	 0.0054744
2380 	 2170 	 0.851118 	 0.00262888 	 0.00547445
2380 	 2175 	 0.851118 	 0.0026289 	 0.0054745
2380 	 2180 	 0.851118 	 0.00262893 	 0.00547456
2380 	 2185 	 0.851118 	 0.00262895 	 0.00547461
2380 	 2190 	 0.851119 	 0.00262898 	 0.00547466
2380 	 2195 	 0.851119 	 0.002629 	 0.00547471
2380 	 2200 	 0.851119 	 0.00262902 	 0.00547475
2380 	 2205 	 0.851119 	 0.00262904 	 0.0054748
2380 	 2210 	 0.851119 	 0.00262907 	 0.00547485
2380 	 2215 	 0.851119 	 0.00262909 	 0.00547489
2380 	 2220 	 0.851119 	 0.00262911 	 0.00547493
2380 	 2225 	 0.851119 	 0.00262913 	 0.00547498
2380 	 2230 	 0.851119 	 0.00262915 	 0.00547502
2380 	 2235 	 0.851119 	 0.00262917 	 0.00547506
2380 	 2240 	 0.851119 	 0.00262919 	 0.0054751
2380 	 2245 	 0.851119 	 0.00262921 	 0.00547514
2380 	 2250 	 0.851119 	 0.00262922 	 0.00547518
2380 	 2255 	 0.851119 	 0.00262924 	 0.00547521
2380 	 2260 	 0.851119 	 0.00262926 	 0.00547525
2380 	 2265 	 0.851119 	 0.00262928 	 0.00547528
2380 	 2270 	 0.851119 	 0.00262929 	 0.00547532
2380 	 2275 	 0.851119 	 0.00262931 	 0.00547535
2380 	 2280 	 0.851119 	 0.00262933 	 0.00547539
2380 	 2285 	 0.851119 	 0.00262934 	 0.00547542
2380 	 2290 	 0.851119 	 0.00262936 	 0.00547545
2380 	 2295 	 0.851119 	 0.00262937 	 0.00547548
2380 	 2300 	 0.851119 	 0.00262939 	 0.00547551
2380 	 2305 	 0.851119 	 0.0026294 	 0.00547554
2380 	 2310 	 0.851119 	 0.00262941 	 0.00547557
2380 	 2315 	 0.851119 	 0.00262943 	 0.0054756
2380 	 2320 	 0.851119 	 0.00262944 	 0.00547562
2380 	 2325 	 0.851119 	 0.00262945 	 0.00547565
2380 	 2330 	 0.851119 	 0.00262947 	 0.00547568
2380 	 2335 	 0.851119 	 0.00262948 	 0.0054757
2380 	 2340 	 0.851119 	 0.00262949 	 0.00547573
2380 	 2345 	 0.851119 	 0.0026295 	 0.00547575
2380 	 2350 	 0.851119 	 0.00262951 	 0.00547578
2380 	 2355 	 0.851119 	 0.00262952 	 0.0054758
2380 	 2360 	 0.851119 	 0.00262954 	 0.00547582
2380 	 2365 	 0.851119 	 0.00262955 	 0.00547584
2380 	 2370 	 0.851119 	 0.00262956 	 0.00547587
2380 	 2375 	 0.851119 	 0.00262957 	 0.00547589
2380 	 2380 	 0.851119 	 0.00262958 	 0.00547591
2380 	 2385 	 0.851119 	 0.00262959 	 0.00547593
2380 	 2390 	 0.851119 	 0.0026296 	 0.00547595
2380 	 2395 	 0.851119 	 0.00262961 	 0.00547597
2380 	 2400 	 0.851119 	 0.00262961 	 0.00547599
2380 	 2405 	 0.851119 	 0.00262962 	 0.00547601
2380 	 2410 	 0.851119 	 0.00262963 	 0.00547602
2380 	 2415 	 0.851119 	 0.00262964 	 0.00547604
2380 	 2420 	 0.851119 	 0.00262965 	 0.00547606
2380 	 2425 	 0.851119 	 0.00262966 	 0.00547608
2380 	 2430 	 0.851119 	 0.00262966 	 0.00547609
2380 	 2435 	 0.851119 	 0.00262967 	 0.00547611
2380 	 2440 	 0.851119 	 0.00262968 	 0.00547612
2380 	 2445 	 0.851119 	 0.00262969 	 0.00547614
2380 	 2450 	 0.851119 	 0.00262969 	 0.00547615
2380 	 2455 	 0.851119 	 0.0026297 	 0.00547617
2380 	 2460 	 0.851119 	 0.00262971 	 0.00547618
2380 	 2465 	 0.851119 	 0.00262971 	 0.0054762
2380 	 2470 	 0.851119 	 0.00262972 	 0.00547621
2380 	 2475 	 0.851119 	 0.00262973 	 0.00547622
2380 	 2480 	 0.851119 	 0.00262973 	 0.00547624
2380 	 2485 	 0.851119 	 0.00262974 	 0.00547625
2380 	 2490 	 0.851119 	 0.00262975 	 0.00547626
2380 	 2495 	 0.851119 	 0.00262975 	 0.00547627
2380 	 2500 	 0.851119 	 0.00262976 	 0.00547629
2380 	 2505 	 0.851119 	 0.00262976 	 0.0054763
2380 	 2510 	 0.851119 	 0.00262977 	 0.00547631
2380 	 2515 	 0.851119 	 0.00262977 	 0.00547632
2380 	 2520 	 0.851119 	 0.00262978 	 0.00547633
2380 	 2525 	 0.851119 	 0.00262978 	 0.00547634
2380 	 2530 	 0.851119 	 0.00262979 	 0.00547635
2380 	 2535 	 0.851119 	 0.00262979 	 0.00547636
2380 	 2540 	 0.851119 	 0.0026298 	 0.00547637
2380 	 2545 	 0.851119 	 0.0026298 	 0.00547638
2380 	 2550 	 0.851119 	 0.00262981 	 0.00547639
2380 	 2555 	 0.851119 	 0.00262981 	 0.0054764
2380 	 2560 	 0.851119 	 0.00262982 	 0.00547641
2380 	 2565 	 0.851119 	 0.00262982 	 0.00547642
2380 	 2570 	 0.851119 	 0.00262982 	 0.00547642
2380 	 2575 	 0.851119 	 0.00262983 	 0.00547643
2380 	 2580 	 0.851119 	 0.00262983 	 0.00547644
2380 	 2585 	 0.851119 	 0.00262984 	 0.00547645
2380 	 2590 	 0.851119 	 0.00262984 	 0.00547646
2380 	 2595 	 0.851119 	 0.00262984 	 0.00547646
2380 	 2600 	 0.851119 	 0.00262985 	 0.00547647
2380 	 2605 	 0.851119 	 0.00262985 	 0.00547648
2380 	 2610 	 0.851119 	 0.00262985 	 0.00547649
2380 	 2615 	 0.851119 	 0.00262986 	 0.00547649
2380 	 2620 	 0.851119 	 0.00262986 	 0.0054765
2380 	 2625 	 0.851119 	 0.00262986 	 0.00547651
2380 	 2630 	 0.851119 	 0.00262987 	 0.00547651
2380 	 2635 	 0.851119 	 0.00262987 	 0.00547652
2380 	 2640 	 0.851119 	 0.00262987 	 0.00547652
2380 	 2645 	 0.851119 	 0.00262988 	 0.00547653
2380 	 2650 	 0.851119 	 0.00262988 	 0.00547654
2380 	 2655 	 0.851119 	 0.00262988 	 0.00547654
2380 	 2660 	 0.851119 	 0.00262988 	 0.00547655
2380 	 2665 	 0.851119 	 0.00262989 	 0.00547655
2380 	 2670 	 0.851119 	 0.00262989 	 0.00547656
2380 	 2675 	 0.851119 	 0.00262989 	 0.00547656
2380 	 2680 	 0.851119 	 0.00262989 	 0.00547657
2380 	 2685 	 0.851119 	 0.0026299 	 0.00547657
2380 	 2690 	 0.851119 	 0.0026299 	 0.00547658
2380 	 2695 	 0.851119 	 0.0026299 	 0.00547658
2380 	 2700 	 0.851119 	 0.0026299 	 0.00547659
2380 	 2705 	 0.851119 	 0.0026299 	 0.00547659
2380 	 2710 	 0.851119 	 0.00262991 	 0.0054766
2380 	 2715 	 0.851119 	 0.00262991 	 0.0054766
2380 	 2720 	 0.851119 	 0.00262991 	 0.0054766
2380 	 2725 	 0.851119 	 0.00262991 	 0.00547661
2380 	 2730 	 0.851119 	 0.00262991 	 0.00547661
2380 	 2735 	 0.851119 	 0.00262992 	 0.00547662
2380 	 2740 	 0.851119 	 0.00262992 	 0.00547662
2380 	 2745 	 0.851119 	 0.00262992 	 0.00547662
2380 	 2750 	 0.851119 	 0.00262992 	 0.00547663
2380 	 2755 	 0.851119 	 0.00262992 	 0.00547663
2380 	 2760 	 0.851119 	 0.00262993 	 0.00547663
2380 	 2765 	 0.851119 	 0.00262993 	 0.00547664
2380 	 2770 	 0.851119 	 0.00262993 	 0.00547664
2380 	 2775 	 0.851119 	 0.00262993 	 0.00547664
2380 	 2780 	 0.851119 	 0.00262993 	 0.00547665
2380 	 2785 	 0.851119 	 0.00262993 	 0.00547665
2380 	 2790 	 0.851119 	 0.00262993 	 0.00547665
2380 	 2795 	 0.851119 	 0.00262994 	 0.00547666
2380 	 2800 	 0.851119 	 0.00262994 	 0.00547666
2380 	 2805 	 0.851119 	 0.00262994 	 0.00547666
2380 	 2810 	 0.851119 	 0.00262994 	 0.00547666
2380 	 2815 	 0.851119 	 0.00262994 	 0.00547667
2380 	 2820 	 0.851119 	 0.00262994 	 0.00547667
2380 	 2825 	 0.851119 	 0.00262994 	 0.00547667
2380 	 2830 	 0.851119 	 0.00262994 	 0.00547667
2380 	 2835 	 0.851119 	 0.00262995 	 0.00547668
2380 	 2840 	 0.851119 	 0.00262995 	 0.00547668
2380 	 2845 	 0.851119 	 0.00262995 	 0.00547668
2380 	 2850 	 0.851119 	 0.00262995 	 0.00547668
2380 	 2855 	 0.851119 	 0.00262995 	 0.00547669
2380 	 2860 	 0.851119 	 0.00262995 	 0.00547669
2380 	 2865 	 0.851119 	 0.00262995 	 0.00547669
2380 	 2870 	 0.851119 	 0.00262995 	 0.00547669
2380 	 2875 	 0.851119 	 0.00262995 	 0.00547669
2380 	 2880 	 0.851119 	 0.00262995 	 0.0054767
2380 	 2885 	 0.851119 	 0.00262996 	 0.0054767
2380 	 2890 	 0.851119 	 0.00262996 	 0.0054767
2380 	 2895 	 0.851119 	 0.00262996 	 0.0054767
2380 	 2900 	 0.851119 	 0.00262996 	 0.0054767
2380 	 2905 	 0.851119 	 0.00262996 	 0.00547671
2380 	 2910 	 0.851119 	 0.00262996 	 0.00547671
2380 	 2915 	 0.851119 	 0.00262996 	 0.00547671
2380 	 2920 	 0.851119 	 0.00262996 	 0.00547671
2380 	 2925 	 0.851119 	 0.00262996 	 0.00547671
2380 	 2930 	 0.851119 	 0.00262996 	 0.00547671
2380 	 2935 	 0.851119 	 0.00262996 	 0.00547671
2380 	 2940 	 0.851119 	 0.00262996 	 0.00547672
2380 	 2945 	 0.851119 	 0.00262996 	 0.00547672
2380 	 2950 	 0.851119 	 0.00262997 	 0.00547672
2380 	 2955 	 0.851119 	 0.00262997 	 0.00547672
2380 	 2960 	 0.851119 	 0.00262997 	 0.00547672
2380 	 2965 	 0.851119 	 0.00262997 	 0.00547672
2380 	 2970 	 0.851119 	 0.00262997 	 0.00547672
2380 	 2975 	 0.851119 	 0.00262997 	 0.00547672
2380 	 2980 	 0.851119 	 0.00262997 	 0.00547673
2380 	 2985 	 0.851119 	 0.00262997 	 0.00547673
2380 	 2990 	 0.851119 	 0.00262997 	 0.00547673
2380 	 2995 	 0.851119 	 0.00262997 	 0.00547673
2380 	 3000 	 0.851119 	 0.00262997 	 0.00547673
2380 	 3005 	 0.851119 	 0.00262997 	 0.00547673
2380 	 3010 	 0.851119 	 0.00262997 	 0.00547673
2380 	 3015 	 0.851119 	 0.00262997 	 0.00547673
2380 	 3020 	 0.851119 	 0.00262997 	 0.00547673
2380 	 3025 	 0.851119 	 0.00262997 	 0.00547674
2380 	 3030 	 0.851119 	 0.00262997 	 0.00547674
2380 	 3035 	 0.851119 	 0.00262997 	 0.00547674
2380 	 3040 	 0.851119 	 0.00262997 	 0.00547674
2380 	 3045 	 0.851119 	 0.00262998 	 0.00547674
2380 	 3050 	 0.851119 	 0.00262998 	 0.00547674
2380 	 3055 	 0.851119 	 0.00262998 	 0.00547674
2380 	 3060 	 0.851119 	 0.00262998 	 0.00547674
2380 	 3065 	 0.851119 	 0.00262998 	 0.00547674
2380 	 3070 	 0.851119 	 0.00262998 	 0.00547674
2380 	 3075 	 0.851119 	 0.00262998 	 0.00547674
2380 	 3080 	 0.851119 	 0.00262998 	 0.00547674
2380 	 3085 	 0.851119 	 0.00262998 	 0.00547675
2380 	 3090 	 0.851119 	 0.00262998 	 0.00547675
2380 	 3095 	 0.851119 	 0.00262998 	 0.00547675
2380 	 3100 	 0.851119 	 0.00262998 	 0.00547675
2380 	 3105 	 0.851119 	 0.00262998 	 0.00547675
2380 	 3110 	 0.851119 	 0.00262998 	 0.00547675
2380 	 3115 	 0.851119 	 0.00262998 	 0.00547675
2380 	 3120 	 0.851119 	 0.00262998 	 0.00547675
2380 	 3125 	 0.851119 	 0.00262998 	 0.00547675
2380 	 3130 	 0.851119 	 0.00262998 	 0.00547675
2380 	 3135 	 0.851119 	 0.00262998 	 0.00547675
2380 	 3140 	 0.851119 	 0.00262998 	 0.00547675
2380 	 3145 	 0.851119 	 0.00262998 	 0.00547675
2380 	 3150 	 0.851119 	 0.00262998 	 0.00547675
2380 	 3155 	 0.851119 	 0.00262998 	 0.00547675
2380 	 3160 	 0.851119 	 0.00262998 	 0.00547675
2380 	 3165 	 0.851119 	 0.00262998 	 0.00547675
2380 	 3170 	 0.851119 	 0.00262998 	 0.00547675
2380 	 3175 	 0.851119 	 0.00262998 	 0.00547675
2380 	 3180 	 0.851119 	 0.00262998 	 0.00547676
2380 	 3185 	 0.851119 	 0.00262998 	 0.00547676
2380 	 3190 	 0.851119 	 0.00262998 	 0.00547676
2380 	 3195 	 0.851119 	 0.00262998 	 0.00547676
2380 	 3200 	 0.851119 	 0.00262998 	 0.00547676
2380 	 3205 	 0.851119 	 0.00262998 	 0.00547676
2380 	 3210 	 0.851119 	 0.00262998 	 0.00547676
2380 	 3215 	 0.851119 	 0.00262998 	 0.00547676
2380 	 3220 	 0.851119 	 0.00262998 	 0.00547676
2380 	 3225 	 0.851119 	 0.00262998 	 0.00547676
2380 	 3230 	 0.851119 	 0.00262999 	 0.00547676
2380 	 3235 	 0.851119 	 0.00262999 	 0.00547676
2380 	 3240 	 0.851119 	 0.00262999 	 0.00547676
2380 	 3245 	 0.851119 	 0.00262999 	 0.00547676
2380 	 3250 	 0.851119 	 0.00262999 	 0.00547676
2380 	 3255 	 0.851119 	 0.00262999 	 0.00547676
2380 	 3260 	 0.851119 	 0.00262999 	 0.00547676
2380 	 3265 	 0.851119 	 0.00262999 	 0.00547676
2380 	 3270 	 0.851119 	 0.00262999 	 0.00547676
2380 	 3275 	 0.851119 	 0.00262999 	 0.00547676
2380 	 3280 	 0.851119 	 0.00262999 	 0.00547676
2380 	 3285 	 0.851119 	 0.00262999 	 0.00547676
2380 	 3290 	 0.851119 	 0.00262999 	 0.00547676
2380 	 3295 	 0.851119 	 0.00262999 	 0.00547676
2380 	 3300 	 0.851119 	 0.00262999 	 0.00547676
2380 	 3305 	 0.851119 	 0.00262999 	 0.00547676
2380 	 3310 	 0.851119 	 0.00262999 	 0.00547676
2380 	 3315 	 0.851119 	 0.00262999 	 0.00547676
2380 	 3320 	 0.851119 	 0.00262999 	 0.00547676
2380 	 3325 	 0.851119 	 0.00262999 	 0.00547676
2380 	 3330 	 0.851119 	 0.00262999 	 0.00547676
2380 	 3335 	 0.851119 	 0.00262999 	 0.00547676
2380 	 3340 	 0.851119 	 0.00262999 	 0.00547676
2380 	 3345 	 0.851119 	 0.00262999 	 0.00547676
2380 	 3350 	 0.851119 	 0.00262999 	 0.00547677
2380 	 3355 	 0.851119 	 0.00262999 	 0.00547677
2380 	 3360 	 0.851119 	 0.00262999 	 0.00547677
2380 	 3365 	 0.851119 	 0.00262999 	 0.00547677
2380 	 3370 	 0.851119 	 0.00262999 	 0.00547677
2380 	 3375 	 0.851119 	 0.00262999 	 0.00547677
2380 	 3380 	 0.851119 	 0.00262999 	 0.00547677
2380 	 3385 	 0.851119 	 0.00262999 	 0.00547677
2380 	 3390 	 0.851119 	 0.00262999 	 0.00547677
2380 	 3395 	 0.851119 	 0.00262999 	 0.00547677
2380 	 3400 	 0.851119 	 0.00262999 	 0.00547677
2380 	 3405 	 0.851119 	 0.00262999 	 0.00547677
2380 	 3410 	 0.851119 	 0.00262999 	 0.00547677
2380 	 3415 	 0.851119 	 0.00262999 	 0.00547677
2380 	 3420 	 0.851119 	 0.00262999 	 0.00547677
2380 	 3425 	 0.851119 	 0.00262999 	 0.00547677
2380 	 3430 	 0.851119 	 0.00262999 	 0.00547677
2380 	 3435 	 0.851119 	 0.00262999 	 0.00547677
2380 	 3440 	 0.851119 	 0.00262999 	 0.00547677
2380 	 3445 	 0.851119 	 0.00262999 	 0.00547677
2380 	 3450 	 0.851119 	 0.00262999 	 0.00547677
2380 	 3455 	 0.851119 	 0.00262999 	 0.00547677
2380 	 3460 	 0.851119 	 0.00262999 	 0.00547677
2380 	 3465 	 0.851119 	 0.00262999 	 0.00547677
2380 	 3470 	 0.851119 	 0.00262999 	 0.00547677
2380 	 3475 	 0.851119 	 0.00262999 	 0.00547677
2380 	 3480 	 0.851119 	 0.00262999 	 0.00547677
2380 	 3485 	 0.851119 	 0.00262999 	 0.00547677
2380 	 3490 	 0.851119 	 0.00262999 	 0.00547677
2380 	 3495 	 0.851119 	 0.00262999 	 0.00547677
2380 	 3500 	 0.851119 	 0.00262999 	 0.00547677
2380 	 3505 	 0.851119 	 0.00262999 	 0.00547677
2380 	 3510 	 0.851119 	 0.00262999 	 0.00547677
2380 	 3515 	 0.851119 	 0.00262999 	 0.00547677
2380 	 3520 	 0.851119 	 0.00262999 	 0.00547677
2380 	 3525 	 0.851119 	 0.00262999 	 0.00547677
2380 	 3530 	 0.851119 	 0.00262999 	 0.00547677
2380 	 3535 	 0.851119 	 0.00262999 	 0.00547677
2380 	 3540 	 0.851119 	 0.00262999 	 0.00547677
2380 	 3545 	 0.851119 	 0.00262999 	 0.00547677
2380 	 3550 	 0.851119 	 0.00262999 	 0.00547677
2380 	 3555 	 0.851119 	 0.00262999 	 0.00547677
2380 	 3560 	 0.851119 	 0.00262999 	 0.00547677
2380 	 3565 	 0.851119 	 0.00262999 	 0.00547677
2380 	 3570 	 0.851119 	 0.00262999 	 0.00547677
2380 	 3575 	 0.851119 	 0.00262999 	 0.00547677
2380 	 3580 	 0.851119 	 0.00262999 	 0.00547677
2380 	 3585 	 0.851119 	 0.00262999 	 0.00547677
2380 	 3590 	 0.851119 	 0.00262999 	 0.00547677
2380 	 3595 	 0.851119 	 0.00262999 	 0.00547677
2380 	 3600 	 0.851119 	 0.00262999 	 0.00547677
2380 	 3605 	 0.851119 	 0.00262999 	 0.00547677
2380 	 3610 	 0.851119 	 0.00262999 	 0.00547677
2380 	 3615 	 0.851119 	 0.00262999 	 0.00547677
2380 	 3620 	 0.851119 	 0.00262999 	 0.00547677
2380 	 3625 	 0.851119 	 0.00262999 	 0.00547677
2380 	 3630 	 0.851119 	 0.00262999 	 0.00547677
2380 	 3635 	 0.851119 	 0.00262999 	 0.00547677
2380 	 3640 	 0.851119 	 0.00262999 	 0.00547677
2380 	 3645 	 0.851119 	 0.00262999 	 0.00547677
2380 	 3650 	 0.851119 	 0.00262999 	 0.00547677
2380 	 3655 	 0.851119 	 0.00262999 	 0.00547677
2380 	 3660 	 0.851119 	 0.00262999 	 0.00547677
2380 	 3665 	 0.851119 	 0.00262999 	 0.00547677
2380 	 3670 	 0.851119 	 0.00262999 	 0.00547677
2380 	 3675 	 0.851119 	 0.00262999 	 0.00547677
2380 	 3680 	 0.851119 	 0.00262999 	 0.00547677
2380 	 3685 	 0.851119 	 0.00262999 	 0.00547677
2380 	 3690 	 0.851119 	 0.00262999 	 0.00547677
2380 	 3695 	 0.851119 	 0.00262999 	 0.00547677
2380 	 3700 	 0.851119 	 0.00262999 	 0.00547677
2380 	 3705 	 0.851119 	 0.00262999 	 0.00547677
2380 	 3710 	 0.851119 	 0.00262999 	 0.00547677
2380 	 3715 	 0.851119 	 0.00262999 	 0.00547677
2380 	 3720 	 0.851119 	 0.00262999 	 0.00547677
2380 	 3725 	 0.851119 	 0.00262999 	 0.00547677
2380 	 3730 	 0.851119 	 0.00262999 	 0.00547677
2380 	 3735 	 0.851119 	 0.00262999 	 0.00547677
2380 	 3740 	 0.851119 	 0.00262999 	 0.00547677
2380 	 3745 	 0.851119 	 0.00262999 	 0.00547677
2380 	 3750 	 0.851119 	 0.00262999 	 0.00547677
2380 	 3755 	 0.851119 	 0.00262999 	 0.00547677
2380 	 3760 	 0.851119 	 0.00262999 	 0.00547677
2380 	 3765 	 0.851119 	 0.00262999 	 0.00547677
2380 	 3770 	 0.851119 	 0.00262999 	 0.00547677
2380 	 3775 	 0.851119 	 0.00262999 	 0.00547677
2380 	 3780 	 0.851119 	 0.00262999 	 0.00547677
2380 	 3785 	 0.851119 	 0.00262999 	 0.00547677
2380 	 3790 	 0.851119 	 0.00262999 	 0.00547677
2380 	 3795 	 0.851119 	 0.00262999 	 0.00547677
2380 	 3800 	 0.851119 	 0.00262999 	 0.00547677
2380 	 3805 	 0.851119 	 0.00262999 	 0.00547677
2380 	 3810 	 0.851119 	 0.00262999 	 0.00547677
2380 	 3815 	 0.851119 	 0.00262999 	 0.00547677
2380 	 3820 	 0.851119 	 0.00262999 	 0.00547677
2380 	 3825 	 0.851119 	 0.00262999 	 0.00547677
2380 	 3830 	 0.851119 	 0.00262999 	 0.00547677
2380 	 3835 	 0.851119 	 0.00262999 	 0.00547677
2380 	 3840 	 0.851119 	 0.00262999 	 0.00547677
2380 	 3845 	 0.851119 	 0.00262999 	 0.00547677
2380 	 3850 	 0.851119 	 0.00262999 	 0.00547677
2380 	 3855 	 0.851119 	 0.00262999 	 0.00547677
2380 	 3860 	 0.851119 	 0.00262999 	 0.00547677
2380 	 3865 	 0.851119 	 0.00262999 	 0.00547677
2380 	 3870 	 0.851119 	 0.00262999 	 0.00547677
2380 	 3875 	 0.851119 	 0.00262999 	 0.00547677
2380 	 3880 	 0.851119 	 0.00262999 	 0.00547677
2380 	 3885 	 0.851119 	 0.00262999 	 0.00547677
2380 	 3890 	 0.851119 	 0.00262999 	 0.00547677
2380 	 3895 	 0.851119 	 0.00262999 	 0.00547677
2380 	 3900 	 0.851119 	 0.00262999 	 0.00547677
2380 	 3905 	 0.851119 	 0.00262999 	 0.00547677
2380 	 3910 	 0.851119 	 0.00262999 	 0.00547677
2380 	 3915 	 0.851119 	 0.00262999 	 0.00547677
2380 	 3920 	 0.851119 	 0.00262999 	 0.00547677
2380 	 3925 	 0.851119 	 0.00262999 	 0.00547677
2380 	 3930 	 0.851119 	 0.00262999 	 0.00547677
2380 	 3935 	 0.851119 	 0.00262999 	 0.00547677
2380 	 3940 	 0.851119 	 0.00262999 	 0.00547677
2380 	 3945 	 0.851119 	 0.00262999 	 0.00547677
2380 	 3950 	 0.851119 	 0.00262999 	 0.00547677
2380 	 3955 	 0.851119 	 0.00262999 	 0.00547677
2380 	 3960 	 0.851119 	 0.00262999 	 0.00547677
2380 	 3965 	 0.851119 	 0.00262999 	 0.00547677
2380 	 3970 	 0.851119 	 0.00262999 	 0.00547677
2380 	 3975 	 0.851119 	 0.00262999 	 0.00547677
2380 	 3980 	 0.851119 	 0.00262999 	 0.00547677
2380 	 3985 	 0.851119 	 0.00262999 	 0.00547677
2380 	 3990 	 0.851119 	 0.00262999 	 0.00547677
2380 	 3995 	 0.851119 	 0.00262999 	 0.00547677
2380 	 4000 	 0.851119 	 0.00262999 	 0.00547677
2380 	 4005 	 0.851119 	 0.00262999 	 0.00547677
2380 	 4010 	 0.851119 	 0.00262999 	 0.00547677
2380 	 4015 	 0.851119 	 0.00262999 	 0.00547677
2380 	 4020 	 0.851119 	 0.00262999 	 0.00547677
2380 	 4025 	 0.851119 	 0.00262999 	 0.00547677
2380 	 4030 	 0.851119 	 0.00262999 	 0.00547677
2380 	 4035 	 0.851119 	 0.00262999 	 0.00547677
2380 	 4040 	 0.851119 	 0.00262999 	 0.00547677
2380 	 4045 	 0.851119 	 0.00262999 	 0.00547677
2380 	 4050 	 0.851119 	 0.00262999 	 0.00547677
2380 	 4055 	 0.851119 	 0.00262999 	 0.00547677
2380 	 4060 	 0.851119 	 0.00262999 	 0.00547677
2380 	 4065 	 0.851119 	 0.00262999 	 0.00547677
2380 	 4070 	 0.851119 	 0.00262999 	 0.00547677
2380 	 4075 	 0.851119 	 0.00262999 	 0.00547677
2380 	 4080 	 0.851119 	 0.00262999 	 0.00547677
2380 	 4085 	 0.851119 	 0.00262999 	 0.00547677
2380 	 4090 	 0.851119 	 0.00262999 	 0.00547677
2380 	 4095 	 0.851119 	 0.00262999 	 0.00547677
2380 	 4100 	 0.851119 	 0.00262999 	 0.00547677
2380 	 4105 	 0.851119 	 0.00262999 	 0.00547677
2380 	 4110 	 0.851119 	 0.00262999 	 0.00547677
2380 	 4115 	 0.851119 	 0.00262999 	 0.00547677
2380 	 4120 	 0.851119 	 0.00262999 	 0.00547677
2380 	 4125 	 0.851119 	 0.00262999 	 0.00547677
2380 	 4130 	 0.851119 	 0.00262999 	 0.00547677
2380 	 4135 	 0.851119 	 0.00262999 	 0.00547677
2380 	 4140 	 0.851119 	 0.00262999 	 0.00547677
2380 	 4145 	 0.851119 	 0.00262999 	 0.00547677
2380 	 4150 	 0.851119 	 0.00262999 	 0.00547677
2380 	 4155 	 0.851119 	 0.00262999 	 0.00547677
2380 	 4160 	 0.851119 	 0.00262999 	 0.00547677
2380 	 4165 	 0.851119 	 0.00262999 	 0.00547677
2380 	 4170 	 0.851119 	 0.00262999 	 0.00547677
2380 	 4175 	 0.851119 	 0.00262999 	 0.00547677
2380 	 4180 	 0.851119 	 0.00262999 	 0.00547677
2380 	 4185 	 0.851119 	 0.00262999 	 0.00547677
2380 	 4190 	 0.851119 	 0.00262999 	 0.00547677
2380 	 4195 	 0.851119 	 0.00262999 	 0.00547677
2380 	 4200 	 0.851119 	 0.00262999 	 0.00547677
2380 	 4205 	 0.851119 	 0.00262999 	 0.00547677
2380 	 4210 	 0.851119 	 0.00262999 	 0.00547677
2380 	 4215 	 0.851119 	 0.00262999 	 0.00547677
2380 	 4220 	 0.851119 	 0.00262999 	 0.00547677
2380 	 4225 	 0.851119 	 0.00262999 	 0.00547677
2380 	 4230 	 0.851119 	 0.00262999 	 0.00547677
2380 	 4235 	 0.851119 	 0.00262999 	 0.00547677
2380 	 4240 	 0.851119 	 0.00262999 	 0.00547677
2380 	 4245 	 0.851119 	 0.00262999 	 0.00547677
2380 	 4250 	 0.851119 	 0.00262999 	 0.00547677
2380 	 4255 	 0.851119 	 0.00262999 	 0.00547677
2380 	 4260 	 0.851119 	 0.00262999 	 0.00547677
2380 	 4265 	 0.851119 	 0.00262999 	 0.00547677
2380 	 4270 	 0.851119 	 0.00262999 	 0.00547677
2380 	 4275 	 0.851119 	 0.00262999 	 0.00547677
2380 	 4280 	 0.851119 	 0.00262999 	 0.00547677
2380 	 4285 	 0.851119 	 0.00262999 	 0.00547677
2380 	 4290 	 0.851119 	 0.00262999 	 0.00547677
2380 	 4295 	 0.851119 	 0.00262999 	 0.00547677
2380 	 4300 	 0.851119 	 0.00262999 	 0.00547677
2380 	 4305 	 0.851119 	 0.00262999 	 0.00547677
2380 	 4310 	 0.851119 	 0.00262999 	 0.00547677
2380 	 4315 	 0.851119 	 0.00262999 	 0.00547677
2380 	 4320 	 0.851119 	 0.00262999 	 0.00547677
2380 	 4325 	 0.851119 	 0.00262999 	 0.00547677
2380 	 4330 	 0.851119 	 0.00262999 	 0.00547677
2380 	 4335 	 0.851119 	 0.00262999 	 0.00547677
2380 	 4340 	 0.851119 	 0.00262999 	 0.00547677
2380 	 4345 	 0.851119 	 0.00262999 	 0.00547677
2380 	 4350 	 0.851119 	 0.00262999 	 0.00547677
2380 	 4355 	 0.851119 	 0.00262999 	 0.00547677
2380 	 4360 	 0.851119 	 0.00262999 	 0.00547677
2380 	 4365 	 0.851119 	 0.00262999 	 0.00547677
2380 	 4370 	 0.851119 	 0.00262999 	 0.00547677
2380 	 4375 	 0.851119 	 0.00262999 	 0.00547677
2380 	 4380 	 0.851119 	 0.00262999 	 0.00547677
2380 	 4385 	 0.851119 	 0.00262999 	 0.00547677
2380 	 4390 	 0.851119 	 0.00262999 	 0.00547677
2380 	 4395 	 0.851119 	 0.00262999 	 0.00547677
2380 	 4400 	 0.851119 	 0.00262999 	 0.00547677
2380 	 4405 	 0.851119 	 0.00262999 	 0.00547677
2380 	 4410 	 0.851119 	 0.00262999 	 0.00547677
2380 	 4415 	 0.851119 	 0.00262999 	 0.00547677
2380 	 4420 	 0.851119 	 0.00262999 	 0.00547677
2380 	 4425 	 0.851119 	 0.00262999 	 0.00547677
2380 	 4430 	 0.851119 	 0.00262999 	 0.00547677
2380 	 4435 	 0.851119 	 0.00262999 	 0.00547677
2380 	 4440 	 0.851119 	 0.00262999 	 0.00547677
2380 	 4445 	 0.851119 	 0.00262999 	 0.00547677
2380 	 4450 	 0.851119 	 0.00262999 	 0.00547677
2380 	 4455 	 0.851119 	 0.00262999 	 0.00547677
2380 	 4460 	 0.851119 	 0.00262999 	 0.00547677
2380 	 4465 	 0.851119 	 0.00262999 	 0.00547677
2380 	 4470 	 0.851119 	 0.00262999 	 0.00547677
2380 	 4475 	 0.851119 	 0.00262999 	 0.00547677
2380 	 4480 	 0.851119 	 0.00262999 	 0.00547677
2380 	 4485 	 0.851119 	 0.00262999 	 0.00547677
2380 	 4490 	 0.851119 	 0.00262999 	 0.00547677
2380 	 4495 	 0.851119 	 0.00262999 	 0.00547677
2380 	 4500 	 0.851119 	 0.00262999 	 0.00547677
2380 	 4505 	 0.851119 	 0.00262999 	 0.00547677
2380 	 4510 	 0.851119 	 0.00262999 	 0.00547677
2380 	 4515 	 0.851119 	 0.00262999 	 0.00547677
2380 	 4520 	 0.851119 	 0.00262999 	 0.00547677
2380 	 4525 	 0.851119 	 0.00262999 	 0.00547677
2380 	 4530 	 0.851119 	 0.00262999 	 0.00547677
2380 	 4535 	 0.851119 	 0.00262999 	 0.00547677
2380 	 4540 	 0.851119 	 0.00262999 	 0.00547677
2380 	 4545 	 0.851119 	 0.00262999 	 0.00547677
2380 	 4550 	 0.851119 	 0.00262999 	 0.00547677
2380 	 4555 	 0.851119 	 0.00262999 	 0.00547677
2380 	 4560 	 0.851119 	 0.00262999 	 0.00547677
2380 	 4565 	 0.851119 	 0.00262999 	 0.00547677
2380 	 4570 	 0.851119 	 0.00262999 	 0.00547677
2380 	 4575 	 0.851119 	 0.00262999 	 0.00547677
2380 	 4580 	 0.851119 	 0.00262999 	 0.00547677
2380 	 4585 	 0.851119 	 0.00262999 	 0.00547677
2380 	 4590 	 0.851119 	 0.00262999 	 0.00547677
2380 	 4595 	 0.851119 	 0.00262999 	 0.00547677
2380 	 4600 	 0.851119 	 0.00262999 	 0.00547677
2380 	 4605 	 0.851119 	 0.00262999 	 0.00547677
2380 	 4610 	 0.851119 	 0.00262999 	 0.00547677
2380 	 4615 	 0.851119 	 0.00262999 	 0.00547677
2380 	 4620 	 0.851119 	 0.00262999 	 0.00547677
2380 	 4625 	 0.851119 	 0.00262999 	 0.00547677
2380 	 4630 	 0.851119 	 0.00262999 	 0.00547677
2380 	 4635 	 0.851119 	 0.00262999 	 0.00547677
2380 	 4640 	 0.851119 	 0.00262999 	 0.00547677
2380 	 4645 	 0.851119 	 0.00262999 	 0.00547677
2380 	 4650 	 0.851119 	 0.00262999 	 0.00547677
2380 	 4655 	 0.851119 	 0.00262999 	 0.00547677
2380 	 4660 	 0.851119 	 0.00262999 	 0.00547677
2380 	 4665 	 0.851119 	 0.00262999 	 0.00547677
2380 	 4670 	 0.851119 	 0.00262999 	 0.00547677
2380 	 4675 	 0.851119 	 0.00262999 	 0.00547677
2380 	 4680 	 0.851119 	 0.00262999 	 0.00547677
2380 	 4685 	 0.851119 	 0.00262999 	 0.00547677
2380 	 4690 	 0.851119 	 0.00262999 	 0.00547677
2380 	 4695 	 0.851119 	 0.00262999 	 0.00547677
2380 	 4700 	 0.851119 	 0.00262999 	 0.00547677
2380 	 4705 	 0.851119 	 0.00262999 	 0.00547677
2380 	 4710 	 0.851119 	 0.00262999 	 0.00547677
2380 	 4715 	 0.851119 	 0.00262999 	 0.00547677
2380 	 4720 	 0.851119 	 0.00262999 	 0.00547677
2380 	 4725 	 0.851119 	 0.00262999 	 0.00547677
2380 	 4730 	 0.851119 	 0.00262999 	 0.00547677
2380 	 4735 	 0.851119 	 0.00262999 	 0.00547677
2380 	 4740 	 0.851119 	 0.00262999 	 0.00547677
2380 	 4745 	 0.851119 	 0.00262999 	 0.00547677
2380 	 4750 	 0.851119 	 0.00262999 	 0.00547677
2380 	 4755 	 0.851119 	 0.00262999 	 0.00547677
2380 	 4760 	 0.851119 	 0.00262999 	 0.00547677
2380 	 4765 	 0.851119 	 0.00262999 	 0.00547677
2380 	 4770 	 0.851119 	 0.00262999 	 0.00547677
2380 	 4775 	 0.851119 	 0.00262999 	 0.00547677
2380 	 4780 	 0.851119 	 0.00262999 	 0.00547677
2380 	 4785 	 0.851119 	 0.00262999 	 0.00547677
2380 	 4790 	 0.851119 	 0.00262999 	 0.00547677
2380 	 4795 	 0.851119 	 0.00262999 	 0.00547677
2380 	 4800 	 0.851119 	 0.00262999 	 0.00547677
2380 	 4805 	 0.851119 	 0.00262999 	 0.00547677
2380 	 4810 	 0.851119 	 0.00262999 	 0.00547677
2380 	 4815 	 0.851119 	 0.00262999 	 0.00547677
2380 	 4820 	 0.851119 	 0.00262999 	 0.00547677
2380 	 4825 	 0.851119 	 0.00262999 	 0.00547677
2380 	 4830 	 0.851119 	 0.00262999 	 0.00547677
2380 	 4835 	 0.851119 	 0.00262999 	 0.00547677
2380 	 4840 	 0.851119 	 0.00262999 	 0.00547677
2380 	 4845 	 0.851119 	 0.00262999 	 0.00547677
2380 	 4850 	 0.851119 	 0.00262999 	 0.00547677
2380 	 4855 	 0.851119 	 0.00262999 	 0.00547677
2380 	 4860 	 0.851119 	 0.00262999 	 0.00547677
2380 	 4865 	 0.851119 	 0.00262999 	 0.00547677
2380 	 4870 	 0.851119 	 0.00262999 	 0.00547677
2380 	 4875 	 0.851119 	 0.00262999 	 0.00547677
2380 	 4880 	 0.851119 	 0.00262999 	 0.00547677
2380 	 4885 	 0.851119 	 0.00262999 	 0.00547677
2380 	 4890 	 0.851119 	 0.00262999 	 0.00547677
2380 	 4895 	 0.851119 	 0.00262999 	 0.00547677
2380 	 4900 	 0.851119 	 0.00262999 	 0.00547677
2380 	 4905 	 0.851119 	 0.00262999 	 0.00547677
2380 	 4910 	 0.851119 	 0.00262999 	 0.00547677
2380 	 4915 	 0.851119 	 0.00262999 	 0.00547677
2380 	 4920 	 0.851119 	 0.00262999 	 0.00547677
2380 	 4925 	 0.851119 	 0.00262999 	 0.00547677
2380 	 4930 	 0.851119 	 0.00262999 	 0.00547677
2380 	 4935 	 0.851119 	 0.00262999 	 0.00547677
2380 	 4940 	 0.851119 	 0.00262999 	 0.00547677
2380 	 4945 	 0.851119 	 0.00262999 	 0.00547677
2380 	 4950 	 0.851119 	 0.00262999 	 0.00547677
2380 	 4955 	 0.851119 	 0.00262999 	 0.00547677
2380 	 4960 	 0.851119 	 0.00262999 	 0.00547677
2380 	 4965 	 0.851119 	 0.00262999 	 0.00547677
2380 	 4970 	 0.851119 	 0.00262999 	 0.00547677
2380 	 4975 	 0.851119 	 0.00262999 	 0.00547677
2380 	 4980 	 0.851119 	 0.00262999 	 0.00547677
2380 	 4985 	 0.851119 	 0.00262999 	 0.00547677
2380 	 4990 	 0.851119 	 0.00262999 	 0.00547677
2380 	 4995 	 0.851119 	 0.00262999 	 0.00547677
2380 	 5000 	 0.851119 	 0.00262999 	 0.00547677
