3430 	 5 	 0.729144 	 0.00673631	0.0140734
3430 	 10 	 0.729746 	 0.00634497	0.0132558
3430 	 15 	 0.730883 	 0.00573645	0.0119845
3430 	 20 	 0.732996 	 0.00488375	0.010203
3430 	 25 	 0.73679 	 0.00392882	0.00820803
3430 	 30 	 0.743217 	 0.00331767	0.00693122
3430 	 35 	 0.753088 	 0.00320086	0.00668718
3430 	 40 	 0.766182 	 0.00284646	0.00594678
3430 	 45 	 0.781557 	 0.00312779	0.00653452
3430 	 50 	 0.795743 	 0.00308487	0.00644485
3430 	 55 	 0.806442 	 0.00281693	0.00588509
3430 	 60 	 0.813662 	 0.00244466	0.00510734
3430 	 65 	 0.818289 	 0.00223017	0.00465923
3430 	 70 	 0.821269 	 0.00221011	0.00461733
3430 	 75 	 0.823286 	 0.00227185	0.0047463
3430 	 80 	 0.824759 	 0.00233837	0.00488528
3430 	 85 	 0.825926 	 0.00238887	0.00499078
3430 	 90 	 0.826916 	 0.00242505	0.00506637
3430 	 95 	 0.827799 	 0.00245226	0.00512322
3430 	 100 	 0.828612 	 0.00247413	0.00516891
3430 	 105 	 0.829375 	 0.00249227	0.0052068
3430 	 110 	 0.830099 	 0.00250711	0.0052378
3430 	 115 	 0.83079 	 0.0025186	0.0052618
3430 	 120 	 0.831452 	 0.00252661	0.00527855
3430 	 125 	 0.832087 	 0.00253112	0.00528797
3430 	 130 	 0.832698 	 0.00253221	0.00529026
3430 	 135 	 0.833286 	 0.00253012	0.00528587
3430 	 140 	 0.833852 	 0.00252512	0.00527543
3430 	 145 	 0.834396 	 0.00251756	0.00525964
3430 	 150 	 0.834921 	 0.00250781	0.00523926
3430 	 155 	 0.835427 	 0.00249623	0.00521507
3430 	 160 	 0.835915 	 0.00248317	0.00518779
3430 	 165 	 0.836385 	 0.00246896	0.0051581
3430 	 170 	 0.836838 	 0.00245389	0.00512663
3430 	 175 	 0.837276 	 0.00243824	0.00509393
3430 	 180 	 0.837698 	 0.00242225	0.00506051
3430 	 185 	 0.838106 	 0.00240611	0.0050268
3430 	 190 	 0.8385 	 0.00239001	0.00499317
3430 	 195 	 0.838881 	 0.00237411	0.00495994
3430 	 200 	 0.839249 	 0.00235852	0.00492738
3430 	 205 	 0.839605 	 0.00234336	0.00489571
3430 	 210 	 0.83995 	 0.00232872	0.00486511
3430 	 215 	 0.840283 	 0.00231465	0.00483573
3430 	 220 	 0.840606 	 0.00230123	0.00480768
3430 	 225 	 0.840918 	 0.00228848	0.00478106
3430 	 230 	 0.841221 	 0.00227645	0.00475591
3430 	 235 	 0.841514 	 0.00226514	0.00473228
3430 	 240 	 0.841799 	 0.00225457	0.00471021
3430 	 245 	 0.842075 	 0.00224475	0.00468969
3430 	 250 	 0.842342 	 0.00223567	0.00467073
3430 	 255 	 0.842602 	 0.00222733	0.00465331
3430 	 260 	 0.842854 	 0.00221972	0.0046374
3430 	 265 	 0.843099 	 0.00221282	0.00462299
3430 	 270 	 0.843337 	 0.00220662	0.00461003
3430 	 275 	 0.843569 	 0.00220109	0.00459849
3430 	 280 	 0.843794 	 0.00219623	0.00458832
3430 	 285 	 0.844013 	 0.002192	0.00457948
3430 	 290 	 0.844225 	 0.00218838	0.00457193
3430 	 295 	 0.844432 	 0.00218535	0.0045656
3430 	 300 	 0.844634 	 0.0021829	0.00456047
3430 	 305 	 0.84483 	 0.00218098	0.00455647
3430 	 310 	 0.845022 	 0.00217959	0.00455357
3430 	 315 	 0.845208 	 0.0021787	0.0045517
3430 	 320 	 0.84539 	 0.00217828	0.00455083
3430 	 325 	 0.845567 	 0.00217832	0.00455091
3430 	 330 	 0.845739 	 0.0021788	0.0045519
3430 	 335 	 0.845908 	 0.00217968	0.00455375
3430 	 340 	 0.846072 	 0.00218096	0.00455642
3430 	 345 	 0.846232 	 0.00218261	0.00455987
3430 	 350 	 0.846389 	 0.00218461	0.00456406
3430 	 355 	 0.846542 	 0.00218695	0.00456895
3430 	 360 	 0.846691 	 0.00218961	0.0045745
3430 	 365 	 0.846837 	 0.00219258	0.00458069
3430 	 370 	 0.84698 	 0.00219583	0.00458748
3430 	 375 	 0.847119 	 0.00219935	0.00459483
3430 	 380 	 0.847256 	 0.00220312	0.00460273
3430 	 385 	 0.847389 	 0.00220714	0.00461112
3430 	 390 	 0.847519 	 0.00221139	0.00462
3430 	 395 	 0.847647 	 0.00221586	0.00462933
3430 	 400 	 0.847772 	 0.00222053	0.00463909
3430 	 405 	 0.847894 	 0.00222539	0.00464925
3430 	 410 	 0.848014 	 0.00223044	0.0046598
3430 	 415 	 0.848131 	 0.00223566	0.0046707
3430 	 420 	 0.848245 	 0.00224104	0.00468194
3430 	 425 	 0.848358 	 0.00224657	0.0046935
3430 	 430 	 0.848468 	 0.00225225	0.00470536
3430 	 435 	 0.848576 	 0.00225806	0.0047175
3430 	 440 	 0.848682 	 0.002264	0.00472991
3430 	 445 	 0.848786 	 0.00227006	0.00474257
3430 	 450 	 0.848887 	 0.00227623	0.00475546
3430 	 455 	 0.848987 	 0.00228251	0.00476857
3430 	 460 	 0.849085 	 0.00228888	0.00478189
3430 	 465 	 0.849181 	 0.00229534	0.00479539
3430 	 470 	 0.849275 	 0.0023019	0.00480908
3430 	 475 	 0.849368 	 0.00230853	0.00482294
3430 	 480 	 0.849459 	 0.00231524	0.00483695
3430 	 485 	 0.849548 	 0.00232201	0.00485111
3430 	 490 	 0.849636 	 0.00232886	0.0048654
3430 	 495 	 0.849722 	 0.00233576	0.00487983
3430 	 500 	 0.849806 	 0.00234272	0.00489436
3430 	 505 	 0.849889 	 0.00234973	0.00490901
3430 	 510 	 0.849971 	 0.00235678	0.00492375
3430 	 515 	 0.850051 	 0.00236389	0.00493859
3430 	 520 	 0.85013 	 0.00237103	0.00495351
3430 	 525 	 0.850207 	 0.00237821	0.00496851
3430 	 530 	 0.850283 	 0.00238542	0.00498358
3430 	 535 	 0.850358 	 0.00239266	0.00499871
3430 	 540 	 0.850432 	 0.00239993	0.0050139
3430 	 545 	 0.850504 	 0.00240723	0.00502914
3430 	 550 	 0.850576 	 0.00241455	0.00504443
3430 	 555 	 0.850646 	 0.00242188	0.00505976
3430 	 560 	 0.850715 	 0.00242924	0.00507512
3430 	 565 	 0.850783 	 0.00243661	0.00509052
3430 	 570 	 0.850849 	 0.00244399	0.00510594
3430 	 575 	 0.850915 	 0.00245138	0.00512138
3430 	 580 	 0.85098 	 0.00245878	0.00513684
3430 	 585 	 0.851044 	 0.00246619	0.00515232
3430 	 590 	 0.851107 	 0.0024736	0.0051678
3430 	 595 	 0.851168 	 0.00248102	0.0051833
3430 	 600 	 0.851229 	 0.00248843	0.00519879
3430 	 605 	 0.851289 	 0.00249585	0.00521429
3430 	 610 	 0.851349 	 0.00250327	0.00522978
3430 	 615 	 0.851407 	 0.00251068	0.00524527
3430 	 620 	 0.851464 	 0.00251809	0.00526075
3430 	 625 	 0.851521 	 0.00252549	0.00527622
3430 	 630 	 0.851577 	 0.00253289	0.00529167
3430 	 635 	 0.851632 	 0.00254028	0.00530711
3430 	 640 	 0.851686 	 0.00254766	0.00532253
3430 	 645 	 0.851739 	 0.00255503	0.00533793
3430 	 650 	 0.851792 	 0.00256239	0.0053533
3430 	 655 	 0.851844 	 0.00256974	0.00536866
3430 	 660 	 0.851895 	 0.00257708	0.00538398
3430 	 665 	 0.851946 	 0.0025844	0.00539928
3430 	 670 	 0.851996 	 0.00259171	0.00541455
3430 	 675 	 0.852045 	 0.002599	0.00542979
3430 	 680 	 0.852094 	 0.00260628	0.00544499
3430 	 685 	 0.852141 	 0.00261354	0.00546016
3430 	 690 	 0.852189 	 0.00262079	0.0054753
3430 	 695 	 0.852235 	 0.00262801	0.0054904
3430 	 700 	 0.852281 	 0.00263522	0.00550546
3430 	 705 	 0.852327 	 0.00264241	0.00552048
3430 	 710 	 0.852372 	 0.00264958	0.00553546
3430 	 715 	 0.852416 	 0.00265674	0.00555041
3430 	 720 	 0.85246 	 0.00266387	0.00556531
3430 	 725 	 0.852503 	 0.00267098	0.00558016
3430 	 730 	 0.852546 	 0.00267807	0.00559497
3430 	 735 	 0.852588 	 0.00268514	0.00560974
3430 	 740 	 0.852629 	 0.00269219	0.00562447
3430 	 745 	 0.852671 	 0.00269921	0.00563914
3430 	 750 	 0.852711 	 0.00270621	0.00565377
3430 	 755 	 0.852751 	 0.00271319	0.00566836
3430 	 760 	 0.852791 	 0.00272015	0.00568289
3430 	 765 	 0.85283 	 0.00272709	0.00569738
3430 	 770 	 0.852869 	 0.002734	0.00571182
3430 	 775 	 0.852907 	 0.00274089	0.00572621
3430 	 780 	 0.852945 	 0.00274775	0.00574055
3430 	 785 	 0.852982 	 0.00275459	0.00575484
3430 	 790 	 0.853019 	 0.00276141	0.00576908
3430 	 795 	 0.853056 	 0.0027682	0.00578327
3430 	 800 	 0.853092 	 0.00277496	0.00579741
3430 	 805 	 0.853127 	 0.00278171	0.00581149
3430 	 810 	 0.853163 	 0.00278842	0.00582553
3430 	 815 	 0.853197 	 0.00279512	0.00583951
3430 	 820 	 0.853232 	 0.00280178	0.00585344
3430 	 825 	 0.853266 	 0.00280843	0.00586732
3430 	 830 	 0.8533 	 0.00281504	0.00588114
3430 	 835 	 0.853333 	 0.00282164	0.00589491
3430 	 840 	 0.853366 	 0.0028282	0.00590863
3430 	 845 	 0.853399 	 0.00283475	0.0059223
3430 	 850 	 0.853431 	 0.00284126	0.00593591
3430 	 855 	 0.853463 	 0.00284775	0.00594947
3430 	 860 	 0.853494 	 0.00285422	0.00596298
3430 	 865 	 0.853526 	 0.00286066	0.00597644
3430 	 870 	 0.853557 	 0.00286707	0.00598984
3430 	 875 	 0.853587 	 0.00287346	0.00600318
3430 	 880 	 0.853617 	 0.00287982	0.00601648
3430 	 885 	 0.853647 	 0.00288616	0.00602972
3430 	 890 	 0.853677 	 0.00289247	0.00604291
3430 	 895 	 0.853706 	 0.00289876	0.00605604
3430 	 900 	 0.853735 	 0.00290502	0.00606912
3430 	 905 	 0.853764 	 0.00291126	0.00608215
3430 	 910 	 0.853793 	 0.00291747	0.00609512
3430 	 915 	 0.853821 	 0.00292365	0.00610804
3430 	 920 	 0.853849 	 0.00292981	0.00612091
3430 	 925 	 0.853876 	 0.00293595	0.00613373
3430 	 930 	 0.853904 	 0.00294206	0.00614649
3430 	 935 	 0.853931 	 0.00294814	0.0061592
3430 	 940 	 0.853957 	 0.0029542	0.00617186
3430 	 945 	 0.853984 	 0.00296023	0.00618446
3430 	 950 	 0.85401 	 0.00296624	0.00619701
3430 	 955 	 0.854036 	 0.00297222	0.00620951
3430 	 960 	 0.854062 	 0.00297818	0.00622196
3430 	 965 	 0.854088 	 0.00298411	0.00623436
3430 	 970 	 0.854113 	 0.00299002	0.0062467
3430 	 975 	 0.854138 	 0.00299591	0.00625899
3430 	 980 	 0.854163 	 0.00300177	0.00627124
3430 	 985 	 0.854187 	 0.0030076	0.00628343
3430 	 990 	 0.854212 	 0.00301341	0.00629556
3430 	 995 	 0.854236 	 0.0030192	0.00630765
3430 	 1000 	 0.85426 	 0.00302496	0.00631969
3430 	 1005 	 0.854284 	 0.00303069	0.00633167
3430 	 1010 	 0.854307 	 0.00303641	0.00634361
3430 	 1015 	 0.85433 	 0.0030421	0.00635549
3430 	 1020 	 0.854353 	 0.00304776	0.00636733
3430 	 1025 	 0.854376 	 0.0030534	0.00637911
3430 	 1030 	 0.854399 	 0.00305902	0.00639085
3430 	 1035 	 0.854421 	 0.00306461	0.00640253
3430 	 1040 	 0.854444 	 0.00307018	0.00641417
3430 	 1045 	 0.854466 	 0.00307573	0.00642576
3430 	 1050 	 0.854487 	 0.00308125	0.00643729
3430 	 1055 	 0.854509 	 0.00308675	0.00644878
3430 	 1060 	 0.854531 	 0.00309223	0.00646022
3430 	 1065 	 0.854552 	 0.00309768	0.00647162
3430 	 1070 	 0.854573 	 0.00310311	0.00648296
3430 	 1075 	 0.854594 	 0.00310852	0.00649426
3430 	 1080 	 0.854615 	 0.0031139	0.00650551
3430 	 1085 	 0.854635 	 0.00311926	0.00651671
3430 	 1090 	 0.854656 	 0.0031246	0.00652786
3430 	 1095 	 0.854676 	 0.00312992	0.00653897
3430 	 1100 	 0.854696 	 0.00313521	0.00655003
3430 	 1105 	 0.854716 	 0.00314048	0.00656104
3430 	 1110 	 0.854735 	 0.00314573	0.00657201
3430 	 1115 	 0.854755 	 0.00315096	0.00658293
3430 	 1120 	 0.854774 	 0.00315617	0.00659381
3430 	 1125 	 0.854794 	 0.00316135	0.00660464
3430 	 1130 	 0.854813 	 0.00316651	0.00661542
3430 	 1135 	 0.854832 	 0.00317165	0.00662616
3430 	 1140 	 0.85485 	 0.00317677	0.00663685
3430 	 1145 	 0.854869 	 0.00318187	0.0066475
3430 	 1150 	 0.854888 	 0.00318694	0.00665811
3430 	 1155 	 0.854906 	 0.003192	0.00666867
3430 	 1160 	 0.854924 	 0.00319703	0.00667918
3430 	 1165 	 0.854942 	 0.00320205	0.00668966
3430 	 1170 	 0.85496 	 0.00320704	0.00670009
3430 	 1175 	 0.854978 	 0.00321201	0.00671047
3430 	 1180 	 0.854995 	 0.00321696	0.00672081
3430 	 1185 	 0.855013 	 0.00322189	0.00673111
3430 	 1190 	 0.85503 	 0.0032268	0.00674137
3430 	 1195 	 0.855047 	 0.00323169	0.00675158
3430 	 1200 	 0.855064 	 0.00323656	0.00676175
3430 	 1205 	 0.855081 	 0.0032414	0.00677188
3430 	 1210 	 0.855098 	 0.00324623	0.00678197
3430 	 1215 	 0.855115 	 0.00325104	0.00679202
3430 	 1220 	 0.855131 	 0.00325583	0.00680202
3430 	 1225 	 0.855148 	 0.0032606	0.00681198
3430 	 1230 	 0.855164 	 0.00326535	0.00682191
3430 	 1235 	 0.85518 	 0.00327008	0.00683179
3430 	 1240 	 0.855196 	 0.00327479	0.00684163
3430 	 1245 	 0.855212 	 0.00327948	0.00685143
3430 	 1250 	 0.855228 	 0.00328415	0.00686119
3430 	 1255 	 0.855244 	 0.0032888	0.00687091
3430 	 1260 	 0.855259 	 0.00329344	0.00688059
3430 	 1265 	 0.855275 	 0.00329805	0.00689023
3430 	 1270 	 0.85529 	 0.00330265	0.00689983
3430 	 1275 	 0.855306 	 0.00330723	0.0069094
3430 	 1280 	 0.855321 	 0.00331178	0.00691892
3430 	 1285 	 0.855336 	 0.00331632	0.00692841
3430 	 1290 	 0.855351 	 0.00332085	0.00693785
3430 	 1295 	 0.855366 	 0.00332535	0.00694726
3430 	 1300 	 0.85538 	 0.00332984	0.00695663
3430 	 1305 	 0.855395 	 0.0033343	0.00696597
3430 	 1310 	 0.855409 	 0.00333875	0.00697526
3430 	 1315 	 0.855424 	 0.00334318	0.00698452
3430 	 1320 	 0.855438 	 0.0033476	0.00699374
3430 	 1325 	 0.855452 	 0.00335199	0.00700293
3430 	 1330 	 0.855466 	 0.00335637	0.00701208
3430 	 1335 	 0.85548 	 0.00336073	0.00702119
3430 	 1340 	 0.855494 	 0.00336508	0.00703026
3430 	 1345 	 0.855508 	 0.0033694	0.0070393
3430 	 1350 	 0.855522 	 0.00337371	0.0070483
3430 	 1355 	 0.855535 	 0.00337801	0.00705727
3430 	 1360 	 0.855549 	 0.00338228	0.0070662
3430 	 1365 	 0.855562 	 0.00338654	0.0070751
3430 	 1370 	 0.855576 	 0.00339078	0.00708396
3430 	 1375 	 0.855589 	 0.00339501	0.00709279
3430 	 1380 	 0.855602 	 0.00339921	0.00710158
3430 	 1385 	 0.855615 	 0.00340341	0.00711033
3430 	 1390 	 0.855628 	 0.00340758	0.00711906
3430 	 1395 	 0.855641 	 0.00341174	0.00712775
3430 	 1400 	 0.855654 	 0.00341588	0.0071364
3430 	 1405 	 0.855667 	 0.00342001	0.00714502
3430 	 1410 	 0.85568 	 0.00342412	0.00715361
3430 	 1415 	 0.855692 	 0.00342821	0.00716216
3430 	 1420 	 0.855705 	 0.00343229	0.00717068
3430 	 1425 	 0.855717 	 0.00343635	0.00717917
3430 	 1430 	 0.855729 	 0.0034404	0.00718762
3430 	 1435 	 0.855742 	 0.00344443	0.00719605
3430 	 1440 	 0.855754 	 0.00344845	0.00720444
3430 	 1445 	 0.855766 	 0.00345245	0.00721279
3430 	 1450 	 0.855778 	 0.00345643	0.00722112
3430 	 1455 	 0.85579 	 0.0034604	0.00722941
3430 	 1460 	 0.855802 	 0.00346436	0.00723767
3430 	 1465 	 0.855814 	 0.0034683	0.0072459
3430 	 1470 	 0.855825 	 0.00347222	0.0072541
3430 	 1475 	 0.855837 	 0.00347613	0.00726227
3430 	 1480 	 0.855848 	 0.00348002	0.0072704
3430 	 1485 	 0.85586 	 0.0034839	0.00727851
3430 	 1490 	 0.855871 	 0.00348777	0.00728658
3430 	 1495 	 0.855883 	 0.00349162	0.00729463
3430 	 1500 	 0.855894 	 0.00349545	0.00730264
3430 	 1505 	 0.855905 	 0.00349928	0.00731063
3430 	 1510 	 0.855916 	 0.00350308	0.00731858
3430 	 1515 	 0.855927 	 0.00350688	0.0073265
3430 	 1520 	 0.855939 	 0.00351065	0.0073344
3430 	 1525 	 0.855949 	 0.00351442	0.00734226
3430 	 1530 	 0.85596 	 0.00351817	0.0073501
3430 	 1535 	 0.855971 	 0.0035219	0.0073579
3430 	 1540 	 0.855982 	 0.00352563	0.00736568
3430 	 1545 	 0.855993 	 0.00352934	0.00737343
3430 	 1550 	 0.856003 	 0.00353303	0.00738114
3430 	 1555 	 0.856014 	 0.00353671	0.00738883
3430 	 1560 	 0.856024 	 0.00354038	0.0073965
3430 	 1565 	 0.856035 	 0.00354403	0.00740413
3430 	 1570 	 0.856045 	 0.00354767	0.00741174
3430 	 1575 	 0.856055 	 0.0035513	0.00741931
3430 	 1580 	 0.856066 	 0.00355491	0.00742686
3430 	 1585 	 0.856076 	 0.00355851	0.00743439
3430 	 1590 	 0.856086 	 0.0035621	0.00744188
3430 	 1595 	 0.856096 	 0.00356568	0.00744935
3430 	 1600 	 0.856106 	 0.00356924	0.00745679
3430 	 1605 	 0.856116 	 0.00357279	0.0074642
3430 	 1610 	 0.856126 	 0.00357632	0.00747159
3430 	 1615 	 0.856136 	 0.00357984	0.00747895
3430 	 1620 	 0.856146 	 0.00358335	0.00748628
3430 	 1625 	 0.856155 	 0.00358685	0.00749359
3430 	 1630 	 0.856165 	 0.00359034	0.00750087
3430 	 1635 	 0.856175 	 0.00359381	0.00750812
3430 	 1640 	 0.856184 	 0.00359727	0.00751535
3430 	 1645 	 0.856194 	 0.00360071	0.00752255
3430 	 1650 	 0.856203 	 0.00360415	0.00752973
3430 	 1655 	 0.856213 	 0.00360757	0.00753688
3430 	 1660 	 0.856222 	 0.00361098	0.007544
3430 	 1665 	 0.856231 	 0.00361438	0.0075511
3430 	 1670 	 0.85624 	 0.00361777	0.00755817
3430 	 1675 	 0.85625 	 0.00362114	0.00756522
3430 	 1680 	 0.856259 	 0.0036245	0.00757225
3430 	 1685 	 0.856268 	 0.00362785	0.00757925
3430 	 1690 	 0.856277 	 0.00363119	0.00758622
3430 	 1695 	 0.856286 	 0.00363452	0.00759317
3430 	 1700 	 0.856295 	 0.00363784	0.0076001
3430 	 1705 	 0.856304 	 0.00364114	0.007607
3430 	 1710 	 0.856313 	 0.00364443	0.00761388
3430 	 1715 	 0.856321 	 0.00364771	0.00762073
3430 	 1720 	 0.85633 	 0.00365098	0.00762756
3430 	 1725 	 0.856339 	 0.00365424	0.00763437
3430 	 1730 	 0.856348 	 0.00365748	0.00764115
3430 	 1735 	 0.856356 	 0.00366072	0.00764791
3430 	 1740 	 0.856365 	 0.00366394	0.00765465
3430 	 1745 	 0.856373 	 0.00366716	0.00766136
3430 	 1750 	 0.856382 	 0.00367036	0.00766805
3430 	 1755 	 0.85639 	 0.00367355	0.00767471
3430 	 1760 	 0.856399 	 0.00367673	0.00768136
3430 	 1765 	 0.856407 	 0.0036799	0.00768798
3430 	 1770 	 0.856415 	 0.00368306	0.00769457
3430 	 1775 	 0.856424 	 0.0036862	0.00770115
3430 	 1780 	 0.856432 	 0.00368934	0.0077077
3430 	 1785 	 0.85644 	 0.00369247	0.00771423
3430 	 1790 	 0.856448 	 0.00369558	0.00772074
3430 	 1795 	 0.856456 	 0.00369869	0.00772723
3430 	 1800 	 0.856464 	 0.00370178	0.00773369
3430 	 1805 	 0.856472 	 0.00370486	0.00774013
3430 	 1810 	 0.85648 	 0.00370794	0.00774655
3430 	 1815 	 0.856488 	 0.003711	0.00775295
3430 	 1820 	 0.856496 	 0.00371405	0.00775933
3430 	 1825 	 0.856504 	 0.00371709	0.00776569
3430 	 1830 	 0.856512 	 0.00372013	0.00777202
3430 	 1835 	 0.85652 	 0.00372315	0.00777834
3430 	 1840 	 0.856527 	 0.00372616	0.00778463
3430 	 1845 	 0.856535 	 0.00372916	0.0077909
3430 	 1850 	 0.856543 	 0.00373215	0.00779715
3430 	 1855 	 0.85655 	 0.00373514	0.00780338
3430 	 1860 	 0.856558 	 0.00373811	0.00780959
3430 	 1865 	 0.856565 	 0.00374107	0.00781578
3430 	 1870 	 0.856573 	 0.00374402	0.00782195
3430 	 1875 	 0.85658 	 0.00374697	0.0078281
3430 	 1880 	 0.856588 	 0.0037499	0.00783422
3430 	 1885 	 0.856595 	 0.00375282	0.00784033
3430 	 1890 	 0.856602 	 0.00375574	0.00784642
3430 	 1895 	 0.85661 	 0.00375864	0.00785249
3430 	 1900 	 0.856617 	 0.00376154	0.00785854
3430 	 1905 	 0.856624 	 0.00376442	0.00786456
3430 	 1910 	 0.856632 	 0.0037673	0.00787057
3430 	 1915 	 0.856639 	 0.00377017	0.00787656
3430 	 1920 	 0.856646 	 0.00377302	0.00788253
3430 	 1925 	 0.856653 	 0.00377587	0.00788848
3430 	 1930 	 0.85666 	 0.00377871	0.00789441
3430 	 1935 	 0.856667 	 0.00378154	0.00790033
3430 	 1940 	 0.856674 	 0.00378436	0.00790622
3430 	 1945 	 0.856681 	 0.00378717	0.00791209
3430 	 1950 	 0.856688 	 0.00378998	0.00791795
3430 	 1955 	 0.856695 	 0.00379277	0.00792379
3430 	 1960 	 0.856702 	 0.00379555	0.0079296
3430 	 1965 	 0.856709 	 0.00379833	0.0079354
3430 	 1970 	 0.856715 	 0.0038011	0.00794119
3430 	 1975 	 0.856722 	 0.00380386	0.00794695
3430 	 1980 	 0.856729 	 0.00380661	0.00795269
3430 	 1985 	 0.856736 	 0.00380935	0.00795842
3430 	 1990 	 0.856742 	 0.00381208	0.00796413
3430 	 1995 	 0.856749 	 0.0038148	0.00796982
3430 	 2000 	 0.856756 	 0.00381752	0.00797549
3430 	 2005 	 0.856762 	 0.00382022	0.00798114
3430 	 2010 	 0.856769 	 0.00382292	0.00798678
3430 	 2015 	 0.856775 	 0.00382561	0.0079924
3430 	 2020 	 0.856782 	 0.00382829	0.007998
3430 	 2025 	 0.856788 	 0.00383097	0.00800358
3430 	 2030 	 0.856795 	 0.00383363	0.00800915
3430 	 2035 	 0.856801 	 0.00383629	0.0080147
3430 	 2040 	 0.856808 	 0.00383893	0.00802023
3430 	 2045 	 0.856814 	 0.00384157	0.00802575
3430 	 2050 	 0.85682 	 0.0038442	0.00803124
3430 	 2055 	 0.856827 	 0.00384683	0.00803672
3430 	 2060 	 0.856833 	 0.00384944	0.00804219
3430 	 2065 	 0.856839 	 0.00385205	0.00804764
3430 	 2070 	 0.856845 	 0.00385465	0.00805307
3430 	 2075 	 0.856851 	 0.00385724	0.00805848
3430 	 2080 	 0.856858 	 0.00385982	0.00806388
3430 	 2085 	 0.856864 	 0.0038624	0.00806926
3430 	 2090 	 0.85687 	 0.00386497	0.00807462
3430 	 2095 	 0.856876 	 0.00386753	0.00807997
3430 	 2100 	 0.856882 	 0.00387008	0.0080853
3430 	 2105 	 0.856888 	 0.00387262	0.00809062
3430 	 2110 	 0.856894 	 0.00387516	0.00809592
3430 	 2115 	 0.8569 	 0.00387769	0.0081012
3430 	 2120 	 0.856906 	 0.00388021	0.00810647
3430 	 2125 	 0.856912 	 0.00388272	0.00811172
3430 	 2130 	 0.856918 	 0.00388523	0.00811695
3430 	 2135 	 0.856924 	 0.00388773	0.00812217
3430 	 2140 	 0.856929 	 0.00389022	0.00812738
3430 	 2145 	 0.856935 	 0.0038927	0.00813256
3430 	 2150 	 0.856941 	 0.00389518	0.00813774
3430 	 2155 	 0.856947 	 0.00389765	0.0081429
3430 	 2160 	 0.856953 	 0.00390011	0.00814804
3430 	 2165 	 0.856958 	 0.00390256	0.00815316
3430 	 2170 	 0.856964 	 0.00390501	0.00815828
3430 	 2175 	 0.85697 	 0.00390745	0.00816337
3430 	 2180 	 0.856975 	 0.00390988	0.00816845
3430 	 2185 	 0.856981 	 0.00391231	0.00817352
3430 	 2190 	 0.856987 	 0.00391472	0.00817857
3430 	 2195 	 0.856992 	 0.00391714	0.00818361
3430 	 2200 	 0.856998 	 0.00391954	0.00818863
3430 	 2205 	 0.857003 	 0.00392194	0.00819364
3430 	 2210 	 0.857009 	 0.00392433	0.00819863
3430 	 2215 	 0.857014 	 0.00392671	0.00820361
3430 	 2220 	 0.85702 	 0.00392908	0.00820857
3430 	 2225 	 0.857025 	 0.00393145	0.00821352
3430 	 2230 	 0.85703 	 0.00393381	0.00821846
3430 	 2235 	 0.857036 	 0.00393617	0.00822338
3430 	 2240 	 0.857041 	 0.00393852	0.00822828
3430 	 2245 	 0.857047 	 0.00394086	0.00823317
3430 	 2250 	 0.857052 	 0.00394319	0.00823805
3430 	 2255 	 0.857057 	 0.00394552	0.00824292
3430 	 2260 	 0.857063 	 0.00394784	0.00824776
3430 	 2265 	 0.857068 	 0.00395016	0.0082526
3430 	 2270 	 0.857073 	 0.00395247	0.00825742
3430 	 2275 	 0.857078 	 0.00395477	0.00826223
3430 	 2280 	 0.857083 	 0.00395706	0.00826702
3430 	 2285 	 0.857089 	 0.00395935	0.0082718
3430 	 2290 	 0.857094 	 0.00396163	0.00827657
3430 	 2295 	 0.857099 	 0.00396391	0.00828132
3430 	 2300 	 0.857104 	 0.00396618	0.00828606
3430 	 2305 	 0.857109 	 0.00396844	0.00829079
3430 	 2310 	 0.857114 	 0.00397069	0.0082955
3430 	 2315 	 0.857119 	 0.00397294	0.0083002
3430 	 2320 	 0.857124 	 0.00397519	0.00830489
3430 	 2325 	 0.857129 	 0.00397742	0.00830956
3430 	 2330 	 0.857134 	 0.00397965	0.00831422
3430 	 2335 	 0.857139 	 0.00398188	0.00831887
3430 	 2340 	 0.857144 	 0.0039841	0.0083235
3430 	 2345 	 0.857149 	 0.00398631	0.00832812
3430 	 2350 	 0.857154 	 0.00398851	0.00833273
3430 	 2355 	 0.857159 	 0.00399071	0.00833733
3430 	 2360 	 0.857164 	 0.00399291	0.00834191
3430 	 2365 	 0.857169 	 0.00399509	0.00834648
3430 	 2370 	 0.857173 	 0.00399728	0.00835104
3430 	 2375 	 0.857178 	 0.00399945	0.00835558
3430 	 2380 	 0.857183 	 0.00400162	0.00836011
3430 	 2385 	 0.857188 	 0.00400378	0.00836463
3430 	 2390 	 0.857193 	 0.00400594	0.00836914
3430 	 2395 	 0.857197 	 0.00400809	0.00837363
3430 	 2400 	 0.857202 	 0.00401024	0.00837811
3430 	 2405 	 0.857207 	 0.00401238	0.00838258
3430 	 2410 	 0.857212 	 0.00401451	0.00838704
3430 	 2415 	 0.857216 	 0.00401664	0.00839149
3430 	 2420 	 0.857221 	 0.00401876	0.00839592
3430 	 2425 	 0.857225 	 0.00402087	0.00840034
3430 	 2430 	 0.85723 	 0.00402298	0.00840475
3430 	 2435 	 0.857235 	 0.00402509	0.00840915
3430 	 2440 	 0.857239 	 0.00402719	0.00841353
3430 	 2445 	 0.857244 	 0.00402928	0.0084179
3430 	 2450 	 0.857248 	 0.00403137	0.00842226
3430 	 2455 	 0.857253 	 0.00403345	0.00842661
3430 	 2460 	 0.857257 	 0.00403553	0.00843095
3430 	 2465 	 0.857262 	 0.0040376	0.00843528
3430 	 2470 	 0.857266 	 0.00403966	0.00843959
3430 	 2475 	 0.857271 	 0.00404172	0.00844389
3430 	 2480 	 0.857275 	 0.00404378	0.00844819
3430 	 2485 	 0.85728 	 0.00404583	0.00845247
3430 	 2490 	 0.857284 	 0.00404787	0.00845673
3430 	 2495 	 0.857289 	 0.00404991	0.00846099
3430 	 2500 	 0.857293 	 0.00405194	0.00846524
3430 	 2505 	 0.857297 	 0.00405396	0.00846947
3430 	 2510 	 0.857302 	 0.00405599	0.00847369
3430 	 2515 	 0.857306 	 0.004058	0.00847791
3430 	 2520 	 0.85731 	 0.00406001	0.00848211
3430 	 2525 	 0.857315 	 0.00406202	0.0084863
3430 	 2530 	 0.857319 	 0.00406402	0.00849047
3430 	 2535 	 0.857323 	 0.00406601	0.00849464
3430 	 2540 	 0.857327 	 0.004068	0.0084988
3430 	 2545 	 0.857332 	 0.00406999	0.00850294
3430 	 2550 	 0.857336 	 0.00407197	0.00850708
3430 	 2555 	 0.85734 	 0.00407394	0.0085112
3430 	 2560 	 0.857344 	 0.00407591	0.00851532
3430 	 2565 	 0.857348 	 0.00407787	0.00851942
3430 	 2570 	 0.857353 	 0.00407983	0.00852351
3430 	 2575 	 0.857357 	 0.00408178	0.00852759
3430 	 2580 	 0.857361 	 0.00408373	0.00853166
3430 	 2585 	 0.857365 	 0.00408568	0.00853572
3430 	 2590 	 0.857369 	 0.00408761	0.00853977
3430 	 2595 	 0.857373 	 0.00408955	0.00854381
3430 	 2600 	 0.857377 	 0.00409148	0.00854784
3430 	 2605 	 0.857381 	 0.0040934	0.00855186
3430 	 2610 	 0.857385 	 0.00409532	0.00855586
3430 	 2615 	 0.857389 	 0.00409723	0.00855986
3430 	 2620 	 0.857393 	 0.00409914	0.00856385
3430 	 2625 	 0.857397 	 0.00410104	0.00856783
3430 	 2630 	 0.857401 	 0.00410294	0.00857179
3430 	 2635 	 0.857405 	 0.00410484	0.00857575
3430 	 2640 	 0.857409 	 0.00410673	0.0085797
3430 	 2645 	 0.857413 	 0.00410861	0.00858363
3430 	 2650 	 0.857417 	 0.00411049	0.00858756
3430 	 2655 	 0.857421 	 0.00411236	0.00859148
3430 	 2660 	 0.857425 	 0.00411423	0.00859538
3430 	 2665 	 0.857429 	 0.0041161	0.00859928
3430 	 2670 	 0.857433 	 0.00411796	0.00860317
3430 	 2675 	 0.857437 	 0.00411981	0.00860704
3430 	 2680 	 0.857441 	 0.00412167	0.00861091
3430 	 2685 	 0.857444 	 0.00412351	0.00861477
3430 	 2690 	 0.857448 	 0.00412535	0.00861862
3430 	 2695 	 0.857452 	 0.00412719	0.00862246
3430 	 2700 	 0.857456 	 0.00412902	0.00862628
3430 	 2705 	 0.85746 	 0.00413085	0.0086301
3430 	 2710 	 0.857463 	 0.00413268	0.00863391
3430 	 2715 	 0.857467 	 0.00413449	0.00863771
3430 	 2720 	 0.857471 	 0.00413631	0.0086415
3430 	 2725 	 0.857475 	 0.00413812	0.00864528
3430 	 2730 	 0.857478 	 0.00413992	0.00864906
3430 	 2735 	 0.857482 	 0.00414172	0.00865282
3430 	 2740 	 0.857486 	 0.00414352	0.00865657
3430 	 2745 	 0.857489 	 0.00414531	0.00866031
3430 	 2750 	 0.857493 	 0.0041471	0.00866405
3430 	 2755 	 0.857497 	 0.00414888	0.00866777
3430 	 2760 	 0.8575 	 0.00415066	0.00867149
3430 	 2765 	 0.857504 	 0.00415244	0.0086752
3430 	 2770 	 0.857508 	 0.00415421	0.0086789
3430 	 2775 	 0.857511 	 0.00415597	0.00868258
3430 	 2780 	 0.857515 	 0.00415773	0.00868626
3430 	 2785 	 0.857518 	 0.00415949	0.00868994
3430 	 2790 	 0.857522 	 0.00416124	0.0086936
3430 	 2795 	 0.857526 	 0.00416299	0.00869725
3430 	 2800 	 0.857529 	 0.00416474	0.00870089
3430 	 2805 	 0.857533 	 0.00416648	0.00870453
3430 	 2810 	 0.857536 	 0.00416821	0.00870816
3430 	 2815 	 0.85754 	 0.00416994	0.00871177
3430 	 2820 	 0.857543 	 0.00417167	0.00871538
3430 	 2825 	 0.857547 	 0.0041734	0.00871898
3430 	 2830 	 0.85755 	 0.00417511	0.00872257
3430 	 2835 	 0.857554 	 0.00417683	0.00872616
3430 	 2840 	 0.857557 	 0.00417854	0.00872973
3430 	 2845 	 0.857561 	 0.00418025	0.0087333
3430 	 2850 	 0.857564 	 0.00418195	0.00873685
3430 	 2855 	 0.857567 	 0.00418365	0.0087404
3430 	 2860 	 0.857571 	 0.00418534	0.00874394
3430 	 2865 	 0.857574 	 0.00418703	0.00874748
3430 	 2870 	 0.857578 	 0.00418872	0.008751
3430 	 2875 	 0.857581 	 0.0041904	0.00875451
3430 	 2880 	 0.857584 	 0.00419208	0.00875802
3430 	 2885 	 0.857588 	 0.00419375	0.00876152
3430 	 2890 	 0.857591 	 0.00419543	0.00876501
3430 	 2895 	 0.857595 	 0.00419709	0.00876849
3430 	 2900 	 0.857598 	 0.00419875	0.00877196
3430 	 2905 	 0.857601 	 0.00420041	0.00877543
3430 	 2910 	 0.857604 	 0.00420207	0.00877889
3430 	 2915 	 0.857608 	 0.00420372	0.00878233
3430 	 2920 	 0.857611 	 0.00420537	0.00878577
3430 	 2925 	 0.857614 	 0.00420701	0.00878921
3430 	 2930 	 0.857618 	 0.00420865	0.00879263
3430 	 2935 	 0.857621 	 0.00421028	0.00879605
3430 	 2940 	 0.857624 	 0.00421191	0.00879946
3430 	 2945 	 0.857627 	 0.00421354	0.00880286
3430 	 2950 	 0.857631 	 0.00421517	0.00880625
3430 	 2955 	 0.857634 	 0.00421679	0.00880964
3430 	 2960 	 0.857637 	 0.0042184	0.00881301
3430 	 2965 	 0.85764 	 0.00422002	0.00881638
3430 	 2970 	 0.857643 	 0.00422163	0.00881974
3430 	 2975 	 0.857647 	 0.00422323	0.0088231
3430 	 2980 	 0.85765 	 0.00422483	0.00882644
3430 	 2985 	 0.857653 	 0.00422643	0.00882978
3430 	 2990 	 0.857656 	 0.00422802	0.00883311
3430 	 2995 	 0.857659 	 0.00422961	0.00883643
3430 	 3000 	 0.857662 	 0.0042312	0.00883975
3430 	 3005 	 0.857665 	 0.00423278	0.00884306
3430 	 3010 	 0.857668 	 0.00423436	0.00884636
3430 	 3015 	 0.857672 	 0.00423594	0.00884965
3430 	 3020 	 0.857675 	 0.00423751	0.00885293
3430 	 3025 	 0.857678 	 0.00423908	0.00885621
3430 	 3030 	 0.857681 	 0.00424065	0.00885948
3430 	 3035 	 0.857684 	 0.00424221	0.00886274
3430 	 3040 	 0.857687 	 0.00424377	0.008866
3430 	 3045 	 0.85769 	 0.00424532	0.00886925
3430 	 3050 	 0.857693 	 0.00424687	0.00887249
3430 	 3055 	 0.857696 	 0.00424842	0.00887572
3430 	 3060 	 0.857699 	 0.00424996	0.00887895
3430 	 3065 	 0.857702 	 0.0042515	0.00888217
3430 	 3070 	 0.857705 	 0.00425304	0.00888538
3430 	 3075 	 0.857708 	 0.00425457	0.00888858
3430 	 3080 	 0.857711 	 0.0042561	0.00889178
3430 	 3085 	 0.857714 	 0.00425763	0.00889497
3430 	 3090 	 0.857717 	 0.00425915	0.00889815
3430 	 3095 	 0.85772 	 0.00426067	0.00890132
3430 	 3100 	 0.857723 	 0.00426219	0.00890449
3430 	 3105 	 0.857726 	 0.0042637	0.00890765
3430 	 3110 	 0.857729 	 0.00426521	0.00891081
3430 	 3115 	 0.857732 	 0.00426672	0.00891395
3430 	 3120 	 0.857735 	 0.00426822	0.00891709
3430 	 3125 	 0.857737 	 0.00426972	0.00892023
3430 	 3130 	 0.85774 	 0.00427122	0.00892335
3430 	 3135 	 0.857743 	 0.00427271	0.00892647
3430 	 3140 	 0.857746 	 0.0042742	0.00892959
3430 	 3145 	 0.857749 	 0.00427569	0.00893269
3430 	 3150 	 0.857752 	 0.00427717	0.00893579
3430 	 3155 	 0.857755 	 0.00427865	0.00893888
3430 	 3160 	 0.857757 	 0.00428013	0.00894197
3430 	 3165 	 0.85776 	 0.0042816	0.00894504
3430 	 3170 	 0.857763 	 0.00428307	0.00894812
3430 	 3175 	 0.857766 	 0.00428454	0.00895118
3430 	 3180 	 0.857769 	 0.004286	0.00895424
3430 	 3185 	 0.857772 	 0.00428746	0.00895729
3430 	 3190 	 0.857774 	 0.00428892	0.00896033
3430 	 3195 	 0.857777 	 0.00429037	0.00896337
3430 	 3200 	 0.85778 	 0.00429182	0.0089664
3430 	 3205 	 0.857783 	 0.00429327	0.00896943
3430 	 3210 	 0.857785 	 0.00429472	0.00897245
3430 	 3215 	 0.857788 	 0.00429616	0.00897546
3430 	 3220 	 0.857791 	 0.0042976	0.00897846
3430 	 3225 	 0.857794 	 0.00429903	0.00898146
3430 	 3230 	 0.857796 	 0.00430046	0.00898445
3430 	 3235 	 0.857799 	 0.00430189	0.00898744
3430 	 3240 	 0.857802 	 0.00430332	0.00899042
3430 	 3245 	 0.857804 	 0.00430474	0.00899339
3430 	 3250 	 0.857807 	 0.00430616	0.00899636
3430 	 3255 	 0.85781 	 0.00430758	0.00899932
3430 	 3260 	 0.857813 	 0.00430899	0.00900227
3430 	 3265 	 0.857815 	 0.0043104	0.00900522
3430 	 3270 	 0.857818 	 0.00431181	0.00900816
3430 	 3275 	 0.857821 	 0.00431322	0.0090111
3430 	 3280 	 0.857823 	 0.00431462	0.00901402
3430 	 3285 	 0.857826 	 0.00431602	0.00901695
3430 	 3290 	 0.857828 	 0.00431741	0.00901986
3430 	 3295 	 0.857831 	 0.00431881	0.00902277
3430 	 3300 	 0.857834 	 0.0043202	0.00902568
3430 	 3305 	 0.857836 	 0.00432158	0.00902857
3430 	 3310 	 0.857839 	 0.00432297	0.00903147
3430 	 3315 	 0.857842 	 0.00432435	0.00903435
3430 	 3320 	 0.857844 	 0.00432573	0.00903723
3430 	 3325 	 0.857847 	 0.0043271	0.0090401
3430 	 3330 	 0.857849 	 0.00432847	0.00904297
3430 	 3335 	 0.857852 	 0.00432984	0.00904583
3430 	 3340 	 0.857854 	 0.00433121	0.00904869
3430 	 3345 	 0.857857 	 0.00433257	0.00905154
3430 	 3350 	 0.85786 	 0.00433393	0.00905438
3430 	 3355 	 0.857862 	 0.00433529	0.00905722
3430 	 3360 	 0.857865 	 0.00433665	0.00906005
3430 	 3365 	 0.857867 	 0.004338	0.00906287
3430 	 3370 	 0.85787 	 0.00433935	0.00906569
3430 	 3375 	 0.857872 	 0.0043407	0.00906851
3430 	 3380 	 0.857875 	 0.00434204	0.00907131
3430 	 3385 	 0.857877 	 0.00434338	0.00907412
3430 	 3390 	 0.85788 	 0.00434472	0.00907691
3430 	 3395 	 0.857882 	 0.00434606	0.0090797
3430 	 3400 	 0.857885 	 0.00434739	0.00908249
3430 	 3405 	 0.857887 	 0.00434872	0.00908527
3430 	 3410 	 0.85789 	 0.00435005	0.00908804
3430 	 3415 	 0.857892 	 0.00435137	0.00909081
3430 	 3420 	 0.857895 	 0.00435269	0.00909357
3430 	 3425 	 0.857897 	 0.00435401	0.00909632
3430 	 3430 	 0.857899 	 0.00435533	0.00909907
3430 	 3435 	 0.857902 	 0.00435664	0.00910182
3430 	 3440 	 0.857904 	 0.00435795	0.00910456
3430 	 3445 	 0.857907 	 0.00435926	0.00910729
3430 	 3450 	 0.857909 	 0.00436057	0.00911002
3430 	 3455 	 0.857912 	 0.00436187	0.00911274
3430 	 3460 	 0.857914 	 0.00436317	0.00911546
3430 	 3465 	 0.857916 	 0.00436447	0.00911817
3430 	 3470 	 0.857919 	 0.00436576	0.00912088
3430 	 3475 	 0.857921 	 0.00436706	0.00912358
3430 	 3480 	 0.857923 	 0.00436835	0.00912627
3430 	 3485 	 0.857926 	 0.00436963	0.00912896
3430 	 3490 	 0.857928 	 0.00437092	0.00913164
3430 	 3495 	 0.857931 	 0.0043722	0.00913432
3430 	 3500 	 0.857933 	 0.00437348	0.009137
3430 	 3505 	 0.857935 	 0.00437476	0.00913966
3430 	 3510 	 0.857938 	 0.00437603	0.00914233
3430 	 3515 	 0.85794 	 0.0043773	0.00914498
3430 	 3520 	 0.857942 	 0.00437857	0.00914764
3430 	 3525 	 0.857945 	 0.00437984	0.00915028
3430 	 3530 	 0.857947 	 0.0043811	0.00915292
3430 	 3535 	 0.857949 	 0.00438236	0.00915556
3430 	 3540 	 0.857951 	 0.00438362	0.00915819
3430 	 3545 	 0.857954 	 0.00438488	0.00916081
3430 	 3550 	 0.857956 	 0.00438613	0.00916343
3430 	 3555 	 0.857958 	 0.00438739	0.00916605
3430 	 3560 	 0.857961 	 0.00438864	0.00916866
3430 	 3565 	 0.857963 	 0.00438988	0.00917126
3430 	 3570 	 0.857965 	 0.00439113	0.00917386
3430 	 3575 	 0.857967 	 0.00439237	0.00917646
3430 	 3580 	 0.85797 	 0.00439361	0.00917905
3430 	 3585 	 0.857972 	 0.00439484	0.00918163
3430 	 3590 	 0.857974 	 0.00439608	0.00918421
3430 	 3595 	 0.857976 	 0.00439731	0.00918678
3430 	 3600 	 0.857979 	 0.00439854	0.00918935
3430 	 3605 	 0.857981 	 0.00439977	0.00919191
3430 	 3610 	 0.857983 	 0.00440099	0.00919447
3430 	 3615 	 0.857985 	 0.00440221	0.00919703
3430 	 3620 	 0.857988 	 0.00440343	0.00919957
3430 	 3625 	 0.85799 	 0.00440465	0.00920212
3430 	 3630 	 0.857992 	 0.00440587	0.00920466
3430 	 3635 	 0.857994 	 0.00440708	0.00920719
3430 	 3640 	 0.857996 	 0.00440829	0.00920972
3430 	 3645 	 0.857998 	 0.0044095	0.00921224
3430 	 3650 	 0.858001 	 0.0044107	0.00921476
3430 	 3655 	 0.858003 	 0.00441191	0.00921728
3430 	 3660 	 0.858005 	 0.00441311	0.00921978
3430 	 3665 	 0.858007 	 0.00441431	0.00922229
3430 	 3670 	 0.858009 	 0.0044155	0.00922479
3430 	 3675 	 0.858011 	 0.0044167	0.00922728
3430 	 3680 	 0.858014 	 0.00441789	0.00922977
3430 	 3685 	 0.858016 	 0.00441908	0.00923226
3430 	 3690 	 0.858018 	 0.00442026	0.00923474
3430 	 3695 	 0.85802 	 0.00442145	0.00923721
3430 	 3700 	 0.858022 	 0.00442263	0.00923968
3430 	 3705 	 0.858024 	 0.00442381	0.00924215
3430 	 3710 	 0.858026 	 0.00442499	0.00924461
3430 	 3715 	 0.858028 	 0.00442617	0.00924707
3430 	 3720 	 0.858031 	 0.00442734	0.00924952
3430 	 3725 	 0.858033 	 0.00442851	0.00925196
3430 	 3730 	 0.858035 	 0.00442968	0.00925441
3430 	 3735 	 0.858037 	 0.00443085	0.00925684
3430 	 3740 	 0.858039 	 0.00443201	0.00925928
3430 	 3745 	 0.858041 	 0.00443317	0.00926171
3430 	 3750 	 0.858043 	 0.00443433	0.00926413
3430 	 3755 	 0.858045 	 0.00443549	0.00926655
3430 	 3760 	 0.858047 	 0.00443665	0.00926896
3430 	 3765 	 0.858049 	 0.0044378	0.00927137
3430 	 3770 	 0.858051 	 0.00443895	0.00927378
3430 	 3775 	 0.858053 	 0.0044401	0.00927618
3430 	 3780 	 0.858055 	 0.00444125	0.00927858
3430 	 3785 	 0.858057 	 0.00444239	0.00928097
3430 	 3790 	 0.858059 	 0.00444354	0.00928336
3430 	 3795 	 0.858061 	 0.00444468	0.00928574
3430 	 3800 	 0.858063 	 0.00444581	0.00928812
3430 	 3805 	 0.858065 	 0.00444695	0.00929049
3430 	 3810 	 0.858067 	 0.00444809	0.00929286
3430 	 3815 	 0.858069 	 0.00444922	0.00929523
3430 	 3820 	 0.858071 	 0.00445035	0.00929759
3430 	 3825 	 0.858073 	 0.00445147	0.00929994
3430 	 3830 	 0.858075 	 0.0044526	0.00930229
3430 	 3835 	 0.858077 	 0.00445372	0.00930464
3430 	 3840 	 0.858079 	 0.00445485	0.00930698
3430 	 3845 	 0.858081 	 0.00445597	0.00930932
3430 	 3850 	 0.858083 	 0.00445708	0.00931166
3430 	 3855 	 0.858085 	 0.0044582	0.00931399
3430 	 3860 	 0.858087 	 0.00445931	0.00931631
3430 	 3865 	 0.858089 	 0.00446042	0.00931863
3430 	 3870 	 0.858091 	 0.00446153	0.00932095
3430 	 3875 	 0.858093 	 0.00446264	0.00932326
3430 	 3880 	 0.858095 	 0.00446374	0.00932557
3430 	 3885 	 0.858097 	 0.00446485	0.00932788
3430 	 3890 	 0.858099 	 0.00446595	0.00933018
3430 	 3895 	 0.858101 	 0.00446705	0.00933247
3430 	 3900 	 0.858103 	 0.00446814	0.00933476
3430 	 3905 	 0.858105 	 0.00446924	0.00933705
3430 	 3910 	 0.858107 	 0.00447033	0.00933934
3430 	 3915 	 0.858109 	 0.00447142	0.00934161
3430 	 3920 	 0.85811 	 0.00447251	0.00934389
3430 	 3925 	 0.858112 	 0.0044736	0.00934616
3430 	 3930 	 0.858114 	 0.00447468	0.00934843
3430 	 3935 	 0.858116 	 0.00447577	0.00935069
3430 	 3940 	 0.858118 	 0.00447685	0.00935295
3430 	 3945 	 0.85812 	 0.00447793	0.0093552
3430 	 3950 	 0.858122 	 0.004479	0.00935745
3430 	 3955 	 0.858124 	 0.00448008	0.0093597
3430 	 3960 	 0.858126 	 0.00448115	0.00936194
3430 	 3965 	 0.858127 	 0.00448222	0.00936418
3430 	 3970 	 0.858129 	 0.00448329	0.00936641
3430 	 3975 	 0.858131 	 0.00448436	0.00936864
3430 	 3980 	 0.858133 	 0.00448542	0.00937087
3430 	 3985 	 0.858135 	 0.00448649	0.00937309
3430 	 3990 	 0.858137 	 0.00448755	0.00937531
3430 	 3995 	 0.858139 	 0.00448861	0.00937752
3430 	 4000 	 0.85814 	 0.00448967	0.00937973
3430 	 4005 	 0.858142 	 0.00449072	0.00938194
3430 	 4010 	 0.858144 	 0.00449178	0.00938414
3430 	 4015 	 0.858146 	 0.00449283	0.00938634
3430 	 4020 	 0.858148 	 0.00449388	0.00938853
3430 	 4025 	 0.85815 	 0.00449493	0.00939072
3430 	 4030 	 0.858151 	 0.00449597	0.00939291
3430 	 4035 	 0.858153 	 0.00449702	0.00939509
3430 	 4040 	 0.858155 	 0.00449806	0.00939727
3430 	 4045 	 0.858157 	 0.0044991	0.00939944
3430 	 4050 	 0.858159 	 0.00450014	0.00940161
3430 	 4055 	 0.85816 	 0.00450118	0.00940378
3430 	 4060 	 0.858162 	 0.00450221	0.00940594
3430 	 4065 	 0.858164 	 0.00450325	0.0094081
3430 	 4070 	 0.858166 	 0.00450428	0.00941026
3430 	 4075 	 0.858167 	 0.00450531	0.00941241
3430 	 4080 	 0.858169 	 0.00450634	0.00941456
3430 	 4085 	 0.858171 	 0.00450736	0.0094167
3430 	 4090 	 0.858173 	 0.00450839	0.00941884
3430 	 4095 	 0.858175 	 0.00450941	0.00942098
3430 	 4100 	 0.858176 	 0.00451043	0.00942311
3430 	 4105 	 0.858178 	 0.00451145	0.00942524
3430 	 4110 	 0.85818 	 0.00451247	0.00942736
3430 	 4115 	 0.858182 	 0.00451348	0.00942948
3430 	 4120 	 0.858183 	 0.00451449	0.0094316
3430 	 4125 	 0.858185 	 0.00451551	0.00943372
3430 	 4130 	 0.858187 	 0.00451652	0.00943583
3430 	 4135 	 0.858188 	 0.00451752	0.00943793
3430 	 4140 	 0.85819 	 0.00451853	0.00944004
3430 	 4145 	 0.858192 	 0.00451954	0.00944213
3430 	 4150 	 0.858194 	 0.00452054	0.00944423
3430 	 4155 	 0.858195 	 0.00452154	0.00944632
3430 	 4160 	 0.858197 	 0.00452254	0.00944841
3430 	 4165 	 0.858199 	 0.00452354	0.0094505
3430 	 4170 	 0.8582 	 0.00452453	0.00945258
3430 	 4175 	 0.858202 	 0.00452553	0.00945465
3430 	 4180 	 0.858204 	 0.00452652	0.00945673
3430 	 4185 	 0.858206 	 0.00452751	0.0094588
3430 	 4190 	 0.858207 	 0.0045285	0.00946087
3430 	 4195 	 0.858209 	 0.00452949	0.00946293
3430 	 4200 	 0.858211 	 0.00453048	0.00946499
3430 	 4205 	 0.858212 	 0.00453146	0.00946704
3430 	 4210 	 0.858214 	 0.00453244	0.0094691
3430 	 4215 	 0.858216 	 0.00453342	0.00947115
3430 	 4220 	 0.858217 	 0.0045344	0.00947319
3430 	 4225 	 0.858219 	 0.00453538	0.00947523
3430 	 4230 	 0.858221 	 0.00453636	0.00947727
3430 	 4235 	 0.858222 	 0.00453733	0.00947931
3430 	 4240 	 0.858224 	 0.0045383	0.00948134
3430 	 4245 	 0.858225 	 0.00453927	0.00948337
3430 	 4250 	 0.858227 	 0.00454024	0.00948539
3430 	 4255 	 0.858229 	 0.00454121	0.00948741
3430 	 4260 	 0.85823 	 0.00454218	0.00948943
3430 	 4265 	 0.858232 	 0.00454314	0.00949145
3430 	 4270 	 0.858234 	 0.0045441	0.00949346
3430 	 4275 	 0.858235 	 0.00454506	0.00949546
3430 	 4280 	 0.858237 	 0.00454602	0.00949747
3430 	 4285 	 0.858239 	 0.00454698	0.00949947
3430 	 4290 	 0.85824 	 0.00454794	0.00950147
3430 	 4295 	 0.858242 	 0.00454889	0.00950346
3430 	 4300 	 0.858243 	 0.00454984	0.00950545
3430 	 4305 	 0.858245 	 0.00455079	0.00950744
3430 	 4310 	 0.858247 	 0.00455174	0.00950942
3430 	 4315 	 0.858248 	 0.00455269	0.0095114
3430 	 4320 	 0.85825 	 0.00455364	0.00951338
3430 	 4325 	 0.858251 	 0.00455458	0.00951536
3430 	 4330 	 0.858253 	 0.00455553	0.00951733
3430 	 4335 	 0.858255 	 0.00455647	0.00951929
3430 	 4340 	 0.858256 	 0.00455741	0.00952126
3430 	 4345 	 0.858258 	 0.00455835	0.00952322
3430 	 4350 	 0.858259 	 0.00455928	0.00952518
3430 	 4355 	 0.858261 	 0.00456022	0.00952713
3430 	 4360 	 0.858262 	 0.00456115	0.00952908
3430 	 4365 	 0.858264 	 0.00456209	0.00953103
3430 	 4370 	 0.858266 	 0.00456302	0.00953297
3430 	 4375 	 0.858267 	 0.00456395	0.00953492
3430 	 4380 	 0.858269 	 0.00456487	0.00953685
3430 	 4385 	 0.85827 	 0.0045658	0.00953879
3430 	 4390 	 0.858272 	 0.00456672	0.00954072
3430 	 4395 	 0.858273 	 0.00456765	0.00954265
3430 	 4400 	 0.858275 	 0.00456857	0.00954457
3430 	 4405 	 0.858276 	 0.00456949	0.0095465
3430 	 4410 	 0.858278 	 0.00457041	0.00954841
3430 	 4415 	 0.858279 	 0.00457133	0.00955033
3430 	 4420 	 0.858281 	 0.00457224	0.00955224
3430 	 4425 	 0.858282 	 0.00457315	0.00955415
3430 	 4430 	 0.858284 	 0.00457407	0.00955606
3430 	 4435 	 0.858285 	 0.00457498	0.00955796
3430 	 4440 	 0.858287 	 0.00457589	0.00955986
3430 	 4445 	 0.858289 	 0.0045768	0.00956176
3430 	 4450 	 0.85829 	 0.0045777	0.00956365
3430 	 4455 	 0.858292 	 0.00457861	0.00956554
3430 	 4460 	 0.858293 	 0.00457951	0.00956743
3430 	 4465 	 0.858295 	 0.00458041	0.00956932
3430 	 4470 	 0.858296 	 0.00458131	0.0095712
3430 	 4475 	 0.858298 	 0.00458221	0.00957308
3430 	 4480 	 0.858299 	 0.00458311	0.00957495
3430 	 4485 	 0.858301 	 0.00458401	0.00957683
3430 	 4490 	 0.858302 	 0.0045849	0.0095787
3430 	 4495 	 0.858303 	 0.0045858	0.00958056
3430 	 4500 	 0.858305 	 0.00458669	0.00958242
3430 	 4505 	 0.858306 	 0.00458758	0.00958429
3430 	 4510 	 0.858308 	 0.00458847	0.00958614
3430 	 4515 	 0.858309 	 0.00458935	0.009588
3430 	 4520 	 0.858311 	 0.00459024	0.00958985
3430 	 4525 	 0.858312 	 0.00459113	0.0095917
3430 	 4530 	 0.858314 	 0.00459201	0.00959354
3430 	 4535 	 0.858315 	 0.00459289	0.00959538
3430 	 4540 	 0.858317 	 0.00459377	0.00959722
3430 	 4545 	 0.858318 	 0.00459465	0.00959906
3430 	 4550 	 0.85832 	 0.00459553	0.00960089
3430 	 4555 	 0.858321 	 0.0045964	0.00960273
3430 	 4560 	 0.858322 	 0.00459728	0.00960455
3430 	 4565 	 0.858324 	 0.00459815	0.00960638
3430 	 4570 	 0.858325 	 0.00459902	0.0096082
3430 	 4575 	 0.858327 	 0.00459989	0.00961002
3430 	 4580 	 0.858328 	 0.00460076	0.00961183
3430 	 4585 	 0.85833 	 0.00460163	0.00961365
3430 	 4590 	 0.858331 	 0.0046025	0.00961546
3430 	 4595 	 0.858332 	 0.00460336	0.00961727
3430 	 4600 	 0.858334 	 0.00460423	0.00961907
3430 	 4605 	 0.858335 	 0.00460509	0.00962087
3430 	 4610 	 0.858337 	 0.00460595	0.00962267
3430 	 4615 	 0.858338 	 0.00460681	0.00962447
3430 	 4620 	 0.85834 	 0.00460767	0.00962626
3430 	 4625 	 0.858341 	 0.00460853	0.00962805
3430 	 4630 	 0.858342 	 0.00460938	0.00962984
3430 	 4635 	 0.858344 	 0.00461024	0.00963162
3430 	 4640 	 0.858345 	 0.00461109	0.0096334
3430 	 4645 	 0.858347 	 0.00461194	0.00963518
3430 	 4650 	 0.858348 	 0.00461279	0.00963696
3430 	 4655 	 0.858349 	 0.00461364	0.00963873
3430 	 4660 	 0.858351 	 0.00461449	0.0096405
3430 	 4665 	 0.858352 	 0.00461533	0.00964227
3430 	 4670 	 0.858353 	 0.00461618	0.00964404
3430 	 4675 	 0.858355 	 0.00461702	0.0096458
3430 	 4680 	 0.858356 	 0.00461786	0.00964756
3430 	 4685 	 0.858358 	 0.00461871	0.00964932
3430 	 4690 	 0.858359 	 0.00461954	0.00965107
3430 	 4695 	 0.85836 	 0.00462038	0.00965282
3430 	 4700 	 0.858362 	 0.00462122	0.00965457
3430 	 4705 	 0.858363 	 0.00462206	0.00965632
3430 	 4710 	 0.858364 	 0.00462289	0.00965806
3430 	 4715 	 0.858366 	 0.00462372	0.0096598
3430 	 4720 	 0.858367 	 0.00462456	0.00966154
3430 	 4725 	 0.858368 	 0.00462539	0.00966327
3430 	 4730 	 0.85837 	 0.00462622	0.00966501
3430 	 4735 	 0.858371 	 0.00462704	0.00966674
3430 	 4740 	 0.858372 	 0.00462787	0.00966846
3430 	 4745 	 0.858374 	 0.0046287	0.00967019
3430 	 4750 	 0.858375 	 0.00462952	0.00967191
3430 	 4755 	 0.858377 	 0.00463034	0.00967363
3430 	 4760 	 0.858378 	 0.00463116	0.00967535
3430 	 4765 	 0.858379 	 0.00463198	0.00967706
3430 	 4770 	 0.85838 	 0.0046328	0.00967877
3430 	 4775 	 0.858382 	 0.00463362	0.00968048
3430 	 4780 	 0.858383 	 0.00463444	0.00968219
3430 	 4785 	 0.858384 	 0.00463525	0.00968389
3430 	 4790 	 0.858386 	 0.00463607	0.00968559
3430 	 4795 	 0.858387 	 0.00463688	0.00968729
3430 	 4800 	 0.858388 	 0.00463769	0.00968898
3430 	 4805 	 0.85839 	 0.0046385	0.00969068
3430 	 4810 	 0.858391 	 0.00463931	0.00969237
3430 	 4815 	 0.858392 	 0.00464012	0.00969405
3430 	 4820 	 0.858394 	 0.00464093	0.00969574
3430 	 4825 	 0.858395 	 0.00464173	0.00969742
3430 	 4830 	 0.858396 	 0.00464254	0.0096991
3430 	 4835 	 0.858398 	 0.00464334	0.00970078
3430 	 4840 	 0.858399 	 0.00464414	0.00970246
3430 	 4845 	 0.8584 	 0.00464494	0.00970413
3430 	 4850 	 0.858401 	 0.00464574	0.0097058
3430 	 4855 	 0.858403 	 0.00464654	0.00970747
3430 	 4860 	 0.858404 	 0.00464734	0.00970913
3430 	 4865 	 0.858405 	 0.00464813	0.00971079
3430 	 4870 	 0.858407 	 0.00464893	0.00971245
3430 	 4875 	 0.858408 	 0.00464972	0.00971411
3430 	 4880 	 0.858409 	 0.00465051	0.00971576
3430 	 4885 	 0.85841 	 0.0046513	0.00971742
3430 	 4890 	 0.858412 	 0.00465209	0.00971907
3430 	 4895 	 0.858413 	 0.00465288	0.00972071
3430 	 4900 	 0.858414 	 0.00465367	0.00972236
3430 	 4905 	 0.858415 	 0.00465445	0.009724
3430 	 4910 	 0.858417 	 0.00465524	0.00972564
3430 	 4915 	 0.858418 	 0.00465602	0.00972728
3430 	 4920 	 0.858419 	 0.00465681	0.00972892
3430 	 4925 	 0.85842 	 0.00465759	0.00973055
3430 	 4930 	 0.858422 	 0.00465837	0.00973218
3430 	 4935 	 0.858423 	 0.00465915	0.00973381
3430 	 4940 	 0.858424 	 0.00465992	0.00973543
3430 	 4945 	 0.858425 	 0.0046607	0.00973705
3430 	 4950 	 0.858427 	 0.00466148	0.00973868
3430 	 4955 	 0.858428 	 0.00466225	0.00974029
3430 	 4960 	 0.858429 	 0.00466303	0.00974191
3430 	 4965 	 0.85843 	 0.0046638	0.00974352
3430 	 4970 	 0.858432 	 0.00466457	0.00974513
3430 	 4975 	 0.858433 	 0.00466534	0.00974674
3430 	 4980 	 0.858434 	 0.00466611	0.00974835
3430 	 4985 	 0.858435 	 0.00466688	0.00974995
3430 	 4990 	 0.858436 	 0.00466764	0.00975155
3430 	 4995 	 0.858438 	 0.00466841	0.00975315
3430 	 5000 	 0.858439 	 0.00466917	0.00975475
