4725 	 5 	 0.729543 	 0.00682555	0.0142598
4725 	 10 	 0.730145 	 0.00643854	0.0134513
4725 	 15 	 0.731283 	 0.00583805	0.0121968
4725 	 20 	 0.733396 	 0.00500009	0.0104461
4725 	 25 	 0.737193 	 0.00406879	0.00850045
4725 	 30 	 0.743624 	 0.00347676	0.00726358
4725 	 35 	 0.7535 	 0.00335381	0.00700671
4725 	 40 	 0.766601 	 0.00298505	0.00623631
4725 	 45 	 0.781984 	 0.00331989	0.00693585
4725 	 50 	 0.796178 	 0.00329416	0.00688211
4725 	 55 	 0.806883 	 0.00302816	0.00632638
4725 	 60 	 0.814107 	 0.00266694	0.00557173
4725 	 65 	 0.818736 	 0.00246438	0.00514854
4725 	 70 	 0.821718 	 0.0024498	0.00511809
4725 	 75 	 0.823736 	 0.00251505	0.0052544
4725 	 80 	 0.82521 	 0.00258636	0.00540337
4725 	 85 	 0.826378 	 0.0026425	0.00552066
4725 	 90 	 0.827368 	 0.00268393	0.00560722
4725 	 95 	 0.828252 	 0.00271518	0.0056725
4725 	 100 	 0.829065 	 0.00273953	0.00572337
4725 	 105 	 0.829828 	 0.00275863	0.00576329
4725 	 110 	 0.830553 	 0.00277312	0.00579355
4725 	 115 	 0.831244 	 0.00278318	0.00581458
4725 	 120 	 0.831906 	 0.00278895	0.00582662
4725 	 125 	 0.832542 	 0.00279059	0.00583004
4725 	 130 	 0.833153 	 0.00278835	0.00582538
4725 	 135 	 0.833742 	 0.0027826	0.00581335
4725 	 140 	 0.834308 	 0.00277371	0.00579479
4725 	 145 	 0.834853 	 0.00276212	0.00577057
4725 	 150 	 0.835378 	 0.00274824	0.00574157
4725 	 155 	 0.835884 	 0.00273248	0.00570864
4725 	 160 	 0.836372 	 0.00271522	0.0056726
4725 	 165 	 0.836842 	 0.00269683	0.00563417
4725 	 170 	 0.837296 	 0.00267762	0.00559404
4725 	 175 	 0.837734 	 0.00265788	0.0055528
4725 	 180 	 0.838156 	 0.00263787	0.00551098
4725 	 185 	 0.838564 	 0.00261779	0.00546904
4725 	 190 	 0.838959 	 0.00259784	0.00542736
4725 	 195 	 0.83934 	 0.00257818	0.00538629
4725 	 200 	 0.839708 	 0.00255895	0.00534611
4725 	 205 	 0.840064 	 0.00254025	0.00530705
4725 	 210 	 0.840409 	 0.00252219	0.00526931
4725 	 215 	 0.840742 	 0.00250483	0.00523304
4725 	 220 	 0.841065 	 0.00248822	0.00519835
4725 	 225 	 0.841378 	 0.00247243	0.00516535
4725 	 230 	 0.841681 	 0.00245747	0.00513409
4725 	 235 	 0.841974 	 0.00244336	0.00510463
4725 	 240 	 0.842259 	 0.00243013	0.00507698
4725 	 245 	 0.842535 	 0.00241777	0.00505116
4725 	 250 	 0.842803 	 0.00240628	0.00502716
4725 	 255 	 0.843063 	 0.00239566	0.00500496
4725 	 260 	 0.843315 	 0.00238589	0.00498455
4725 	 265 	 0.84356 	 0.00237695	0.00496589
4725 	 270 	 0.843799 	 0.00236884	0.00494894
4725 	 275 	 0.84403 	 0.00236152	0.00493365
4725 	 280 	 0.844255 	 0.00235498	0.00491999
4725 	 285 	 0.844474 	 0.00234919	0.00490789
4725 	 290 	 0.844687 	 0.00234413	0.00489731
4725 	 295 	 0.844894 	 0.00233976	0.00488819
4725 	 300 	 0.845096 	 0.00233607	0.00488048
4725 	 305 	 0.845292 	 0.00233303	0.00487412
4725 	 310 	 0.845484 	 0.00233061	0.00486906
4725 	 315 	 0.84567 	 0.00232878	0.00486524
4725 	 320 	 0.845852 	 0.00232751	0.0048626
4725 	 325 	 0.846029 	 0.0023268	0.0048611
4725 	 330 	 0.846202 	 0.0023266	0.00486069
4725 	 335 	 0.84637 	 0.00232689	0.0048613
4725 	 340 	 0.846535 	 0.00232766	0.0048629
4725 	 345 	 0.846695 	 0.00232887	0.00486543
4725 	 350 	 0.846852 	 0.0023305	0.00486885
4725 	 355 	 0.847005 	 0.00233255	0.00487311
4725 	 360 	 0.847154 	 0.00233497	0.00487818
4725 	 365 	 0.8473 	 0.00233776	0.004884
4725 	 370 	 0.847443 	 0.00234089	0.00489055
4725 	 375 	 0.847582 	 0.00234435	0.00489778
4725 	 380 	 0.847719 	 0.00234812	0.00490565
4725 	 385 	 0.847852 	 0.00235218	0.00491414
4725 	 390 	 0.847983 	 0.00235652	0.0049232
4725 	 395 	 0.84811 	 0.00236112	0.00493281
4725 	 400 	 0.848235 	 0.00236597	0.00494294
4725 	 405 	 0.848357 	 0.00237105	0.00495355
4725 	 410 	 0.848477 	 0.00237635	0.00496462
4725 	 415 	 0.848594 	 0.00238185	0.00497612
4725 	 420 	 0.848709 	 0.00238755	0.00498803
4725 	 425 	 0.848822 	 0.00239344	0.00500032
4725 	 430 	 0.848932 	 0.00239949	0.00501298
4725 	 435 	 0.84904 	 0.00240571	0.00502597
4725 	 440 	 0.849146 	 0.00241208	0.00503928
4725 	 445 	 0.84925 	 0.00241859	0.00505288
4725 	 450 	 0.849352 	 0.00242524	0.00506677
4725 	 455 	 0.849451 	 0.00243202	0.00508092
4725 	 460 	 0.849549 	 0.00243891	0.00509532
4725 	 465 	 0.849645 	 0.00244591	0.00510994
4725 	 470 	 0.84974 	 0.00245301	0.00512478
4725 	 475 	 0.849832 	 0.00246021	0.00513982
4725 	 480 	 0.849923 	 0.00246749	0.00515504
4725 	 485 	 0.850012 	 0.00247486	0.00517044
4725 	 490 	 0.8501 	 0.00248231	0.00518599
4725 	 495 	 0.850186 	 0.00248982	0.0052017
4725 	 500 	 0.850271 	 0.00249741	0.00521754
4725 	 505 	 0.850354 	 0.00250505	0.00523351
4725 	 510 	 0.850435 	 0.00251275	0.00524959
4725 	 515 	 0.850516 	 0.0025205	0.00526578
4725 	 520 	 0.850594 	 0.00252829	0.00528207
4725 	 525 	 0.850672 	 0.00253613	0.00529844
4725 	 530 	 0.850748 	 0.00254401	0.0053149
4725 	 535 	 0.850823 	 0.00255192	0.00533143
4725 	 540 	 0.850897 	 0.00255987	0.00534803
4725 	 545 	 0.850969 	 0.00256784	0.00536468
4725 	 550 	 0.851041 	 0.00257583	0.00538139
4725 	 555 	 0.851111 	 0.00258385	0.00539814
4725 	 560 	 0.85118 	 0.00259189	0.00541493
4725 	 565 	 0.851248 	 0.00259994	0.00543175
4725 	 570 	 0.851315 	 0.00260801	0.0054486
4725 	 575 	 0.85138 	 0.00261608	0.00546548
4725 	 580 	 0.851445 	 0.00262417	0.00548237
4725 	 585 	 0.851509 	 0.00263226	0.00549928
4725 	 590 	 0.851572 	 0.00264036	0.00551619
4725 	 595 	 0.851634 	 0.00264846	0.00553311
4725 	 600 	 0.851695 	 0.00265656	0.00555003
4725 	 605 	 0.851755 	 0.00266466	0.00556695
4725 	 610 	 0.851814 	 0.00267275	0.00558386
4725 	 615 	 0.851872 	 0.00268084	0.00560076
4725 	 620 	 0.85193 	 0.00268892	0.00561765
4725 	 625 	 0.851986 	 0.002697	0.00563452
4725 	 630 	 0.852042 	 0.00270507	0.00565138
4725 	 635 	 0.852097 	 0.00271312	0.00566821
4725 	 640 	 0.852152 	 0.00272117	0.00568502
4725 	 645 	 0.852205 	 0.0027292	0.0057018
4725 	 650 	 0.852258 	 0.00273722	0.00571855
4725 	 655 	 0.85231 	 0.00274522	0.00573527
4725 	 660 	 0.852361 	 0.00275321	0.00575195
4725 	 665 	 0.852412 	 0.00276118	0.0057686
4725 	 670 	 0.852462 	 0.00276913	0.00578522
4725 	 675 	 0.852511 	 0.00277706	0.00580179
4725 	 680 	 0.852559 	 0.00278498	0.00581833
4725 	 685 	 0.852607 	 0.00279287	0.00583482
4725 	 690 	 0.852655 	 0.00280075	0.00585127
4725 	 695 	 0.852701 	 0.0028086	0.00586767
4725 	 700 	 0.852747 	 0.00281643	0.00588403
4725 	 705 	 0.852793 	 0.00282424	0.00590034
4725 	 710 	 0.852838 	 0.00283202	0.0059166
4725 	 715 	 0.852882 	 0.00283978	0.00593282
4725 	 720 	 0.852926 	 0.00284751	0.00594898
4725 	 725 	 0.852969 	 0.00285523	0.00596509
4725 	 730 	 0.853012 	 0.00286291	0.00598114
4725 	 735 	 0.853054 	 0.00287057	0.00599715
4725 	 740 	 0.853096 	 0.0028782	0.00601309
4725 	 745 	 0.853137 	 0.00288581	0.00602899
4725 	 750 	 0.853177 	 0.00289339	0.00604483
4725 	 755 	 0.853218 	 0.00290095	0.00606061
4725 	 760 	 0.853257 	 0.00290848	0.00607633
4725 	 765 	 0.853296 	 0.00291597	0.006092
4725 	 770 	 0.853335 	 0.00292345	0.00610761
4725 	 775 	 0.853373 	 0.00293089	0.00612316
4725 	 780 	 0.853411 	 0.00293831	0.00613866
4725 	 785 	 0.853448 	 0.00294569	0.00615409
4725 	 790 	 0.853485 	 0.00295305	0.00616947
4725 	 795 	 0.853522 	 0.00296038	0.00618478
4725 	 800 	 0.853558 	 0.00296768	0.00620003
4725 	 805 	 0.853594 	 0.00297496	0.00621523
4725 	 810 	 0.853629 	 0.0029822	0.00623036
4725 	 815 	 0.853664 	 0.00298942	0.00624543
4725 	 820 	 0.853698 	 0.0029966	0.00626045
4725 	 825 	 0.853732 	 0.00300376	0.0062754
4725 	 830 	 0.853766 	 0.00301088	0.00629029
4725 	 835 	 0.8538 	 0.00301798	0.00630511
4725 	 840 	 0.853833 	 0.00302505	0.00631988
4725 	 845 	 0.853865 	 0.00303209	0.00633458
4725 	 850 	 0.853897 	 0.0030391	0.00634923
4725 	 855 	 0.853929 	 0.00304608	0.00636381
4725 	 860 	 0.853961 	 0.00305303	0.00637833
4725 	 865 	 0.853992 	 0.00305995	0.00639279
4725 	 870 	 0.854023 	 0.00306684	0.00640719
4725 	 875 	 0.854054 	 0.0030737	0.00642152
4725 	 880 	 0.854084 	 0.00308053	0.00643579
4725 	 885 	 0.854114 	 0.00308734	0.00645001
4725 	 890 	 0.854144 	 0.00309411	0.00646416
4725 	 895 	 0.854173 	 0.00310085	0.00647825
4725 	 900 	 0.854202 	 0.00310757	0.00649228
4725 	 905 	 0.854231 	 0.00311425	0.00650624
4725 	 910 	 0.854259 	 0.00312091	0.00652015
4725 	 915 	 0.854288 	 0.00312754	0.006534
4725 	 920 	 0.854315 	 0.00313414	0.00654778
4725 	 925 	 0.854343 	 0.00314071	0.00656151
4725 	 930 	 0.85437 	 0.00314725	0.00657517
4725 	 935 	 0.854398 	 0.00315376	0.00658877
4725 	 940 	 0.854424 	 0.00316024	0.00660232
4725 	 945 	 0.854451 	 0.00316669	0.0066158
4725 	 950 	 0.854477 	 0.00317312	0.00662923
4725 	 955 	 0.854503 	 0.00317952	0.00664259
4725 	 960 	 0.854529 	 0.00318589	0.0066559
4725 	 965 	 0.854555 	 0.00319223	0.00666914
4725 	 970 	 0.85458 	 0.00319854	0.00668233
4725 	 975 	 0.854605 	 0.00320482	0.00669546
4725 	 980 	 0.85463 	 0.00321108	0.00670853
4725 	 985 	 0.854654 	 0.00321731	0.00672155
4725 	 990 	 0.854679 	 0.00322351	0.0067345
4725 	 995 	 0.854703 	 0.00322968	0.0067474
4725 	 1000 	 0.854727 	 0.00323583	0.00676024
4725 	 1005 	 0.854751 	 0.00324195	0.00677302
4725 	 1010 	 0.854774 	 0.00324804	0.00678575
4725 	 1015 	 0.854797 	 0.0032541	0.00679841
4725 	 1020 	 0.85482 	 0.00326014	0.00681103
4725 	 1025 	 0.854843 	 0.00326615	0.00682358
4725 	 1030 	 0.854866 	 0.00327213	0.00683608
4725 	 1035 	 0.854888 	 0.00327809	0.00684853
4725 	 1040 	 0.854911 	 0.00328402	0.00686092
4725 	 1045 	 0.854933 	 0.00328992	0.00687325
4725 	 1050 	 0.854955 	 0.0032958	0.00688553
4725 	 1055 	 0.854976 	 0.00330165	0.00689775
4725 	 1060 	 0.854998 	 0.00330748	0.00690992
4725 	 1065 	 0.855019 	 0.00331328	0.00692204
4725 	 1070 	 0.85504 	 0.00331905	0.0069341
4725 	 1075 	 0.855061 	 0.0033248	0.00694611
4725 	 1080 	 0.855082 	 0.00333052	0.00695807
4725 	 1085 	 0.855102 	 0.00333622	0.00696997
4725 	 1090 	 0.855123 	 0.00334189	0.00698182
4725 	 1095 	 0.855143 	 0.00334754	0.00699362
4725 	 1100 	 0.855163 	 0.00335316	0.00700536
4725 	 1105 	 0.855183 	 0.00335876	0.00701705
4725 	 1110 	 0.855203 	 0.00336433	0.00702869
4725 	 1115 	 0.855222 	 0.00336988	0.00704028
4725 	 1120 	 0.855242 	 0.0033754	0.00705182
4725 	 1125 	 0.855261 	 0.0033809	0.00706331
4725 	 1130 	 0.85528 	 0.00338637	0.00707475
4725 	 1135 	 0.855299 	 0.00339182	0.00708614
4725 	 1140 	 0.855318 	 0.00339725	0.00709747
4725 	 1145 	 0.855336 	 0.00340265	0.00710876
4725 	 1150 	 0.855355 	 0.00340803	0.00712
4725 	 1155 	 0.855373 	 0.00341339	0.00713119
4725 	 1160 	 0.855391 	 0.00341872	0.00714233
4725 	 1165 	 0.85541 	 0.00342403	0.00715342
4725 	 1170 	 0.855427 	 0.00342931	0.00716446
4725 	 1175 	 0.855445 	 0.00343458	0.00717546
4725 	 1180 	 0.855463 	 0.00343982	0.00718641
4725 	 1185 	 0.85548 	 0.00344503	0.00719731
4725 	 1190 	 0.855498 	 0.00345023	0.00720816
4725 	 1195 	 0.855515 	 0.0034554	0.00721896
4725 	 1200 	 0.855532 	 0.00346055	0.00722972
4725 	 1205 	 0.855549 	 0.00346568	0.00724044
4725 	 1210 	 0.855566 	 0.00347078	0.0072511
4725 	 1215 	 0.855582 	 0.00347587	0.00726172
4725 	 1220 	 0.855599 	 0.00348093	0.0072723
4725 	 1225 	 0.855615 	 0.00348597	0.00728283
4725 	 1230 	 0.855632 	 0.00349099	0.00729331
4725 	 1235 	 0.855648 	 0.00349598	0.00730375
4725 	 1240 	 0.855664 	 0.00350096	0.00731414
4725 	 1245 	 0.85568 	 0.00350591	0.00732449
4725 	 1250 	 0.855696 	 0.00351085	0.0073348
4725 	 1255 	 0.855711 	 0.00351576	0.00734506
4725 	 1260 	 0.855727 	 0.00352065	0.00735528
4725 	 1265 	 0.855743 	 0.00352552	0.00736546
4725 	 1270 	 0.855758 	 0.00353037	0.00737559
4725 	 1275 	 0.855773 	 0.0035352	0.00738568
4725 	 1280 	 0.855788 	 0.00354001	0.00739573
4725 	 1285 	 0.855803 	 0.0035448	0.00740573
4725 	 1290 	 0.855818 	 0.00354957	0.0074157
4725 	 1295 	 0.855833 	 0.00355432	0.00742562
4725 	 1300 	 0.855848 	 0.00355905	0.0074355
4725 	 1305 	 0.855863 	 0.00356376	0.00744533
4725 	 1310 	 0.855877 	 0.00356844	0.00745513
4725 	 1315 	 0.855891 	 0.00357311	0.00746489
4725 	 1320 	 0.855906 	 0.00357777	0.0074746
4725 	 1325 	 0.85592 	 0.0035824	0.00748428
4725 	 1330 	 0.855934 	 0.00358701	0.00749391
4725 	 1335 	 0.855948 	 0.0035916	0.00750351
4725 	 1340 	 0.855962 	 0.00359618	0.00751306
4725 	 1345 	 0.855976 	 0.00360073	0.00752258
4725 	 1350 	 0.85599 	 0.00360527	0.00753206
4725 	 1355 	 0.856003 	 0.00360978	0.0075415
4725 	 1360 	 0.856017 	 0.00361428	0.0075509
4725 	 1365 	 0.85603 	 0.00361876	0.00756026
4725 	 1370 	 0.856044 	 0.00362323	0.00756958
4725 	 1375 	 0.856057 	 0.00362767	0.00757886
4725 	 1380 	 0.85607 	 0.0036321	0.00758811
4725 	 1385 	 0.856083 	 0.0036365	0.00759732
4725 	 1390 	 0.856096 	 0.00364089	0.00760649
4725 	 1395 	 0.856109 	 0.00364527	0.00761563
4725 	 1400 	 0.856122 	 0.00364962	0.00762472
4725 	 1405 	 0.856135 	 0.00365396	0.00763379
4725 	 1410 	 0.856147 	 0.00365828	0.00764281
4725 	 1415 	 0.85616 	 0.00366258	0.0076518
4725 	 1420 	 0.856172 	 0.00366687	0.00766075
4725 	 1425 	 0.856185 	 0.00367113	0.00766967
4725 	 1430 	 0.856197 	 0.00367538	0.00767855
4725 	 1435 	 0.856209 	 0.00367962	0.00768739
4725 	 1440 	 0.856222 	 0.00368384	0.0076962
4725 	 1445 	 0.856234 	 0.00368804	0.00770498
4725 	 1450 	 0.856246 	 0.00369222	0.00771372
4725 	 1455 	 0.856258 	 0.00369639	0.00772243
4725 	 1460 	 0.85627 	 0.00370054	0.0077311
4725 	 1465 	 0.856281 	 0.00370467	0.00773973
4725 	 1470 	 0.856293 	 0.00370879	0.00774834
4725 	 1475 	 0.856305 	 0.00371289	0.00775691
4725 	 1480 	 0.856316 	 0.00371698	0.00776544
4725 	 1485 	 0.856328 	 0.00372105	0.00777394
4725 	 1490 	 0.856339 	 0.0037251	0.00778241
4725 	 1495 	 0.856351 	 0.00372914	0.00779085
4725 	 1500 	 0.856362 	 0.00373316	0.00779925
4725 	 1505 	 0.856373 	 0.00373717	0.00780762
4725 	 1510 	 0.856384 	 0.00374116	0.00781596
4725 	 1515 	 0.856395 	 0.00374513	0.00782427
4725 	 1520 	 0.856406 	 0.00374909	0.00783254
4725 	 1525 	 0.856417 	 0.00375304	0.00784078
4725 	 1530 	 0.856428 	 0.00375697	0.00784899
4725 	 1535 	 0.856439 	 0.00376088	0.00785717
4725 	 1540 	 0.85645 	 0.00376478	0.00786532
4725 	 1545 	 0.856461 	 0.00376867	0.00787344
4725 	 1550 	 0.856471 	 0.00377254	0.00788152
4725 	 1555 	 0.856482 	 0.00377639	0.00788957
4725 	 1560 	 0.856492 	 0.00378023	0.0078976
4725 	 1565 	 0.856503 	 0.00378406	0.00790559
4725 	 1570 	 0.856513 	 0.00378787	0.00791355
4725 	 1575 	 0.856523 	 0.00379167	0.00792149
4725 	 1580 	 0.856534 	 0.00379545	0.00792939
4725 	 1585 	 0.856544 	 0.00379922	0.00793726
4725 	 1590 	 0.856554 	 0.00380297	0.00794511
4725 	 1595 	 0.856564 	 0.00380672	0.00795292
4725 	 1600 	 0.856574 	 0.00381044	0.00796071
4725 	 1605 	 0.856584 	 0.00381415	0.00796846
4725 	 1610 	 0.856594 	 0.00381785	0.00797619
4725 	 1615 	 0.856604 	 0.00382154	0.00798389
4725 	 1620 	 0.856614 	 0.00382521	0.00799156
4725 	 1625 	 0.856623 	 0.00382887	0.0079992
4725 	 1630 	 0.856633 	 0.00383251	0.00800681
4725 	 1635 	 0.856643 	 0.00383614	0.0080144
4725 	 1640 	 0.856652 	 0.00383976	0.00802195
4725 	 1645 	 0.856662 	 0.00384336	0.00802948
4725 	 1650 	 0.856671 	 0.00384695	0.00803698
4725 	 1655 	 0.856681 	 0.00385053	0.00804446
4725 	 1660 	 0.85669 	 0.00385409	0.0080519
4725 	 1665 	 0.856699 	 0.00385764	0.00805932
4725 	 1670 	 0.856709 	 0.00386118	0.00806672
4725 	 1675 	 0.856718 	 0.00386471	0.00807408
4725 	 1680 	 0.856727 	 0.00386822	0.00808142
4725 	 1685 	 0.856736 	 0.00387172	0.00808873
4725 	 1690 	 0.856745 	 0.00387521	0.00809602
4725 	 1695 	 0.856754 	 0.00387868	0.00810328
4725 	 1700 	 0.856763 	 0.00388215	0.00811051
4725 	 1705 	 0.856772 	 0.0038856	0.00811772
4725 	 1710 	 0.856781 	 0.00388903	0.0081249
4725 	 1715 	 0.85679 	 0.00389246	0.00813205
4725 	 1720 	 0.856798 	 0.00389587	0.00813918
4725 	 1725 	 0.856807 	 0.00389927	0.00814629
4725 	 1730 	 0.856816 	 0.00390266	0.00815337
4725 	 1735 	 0.856824 	 0.00390604	0.00816042
4725 	 1740 	 0.856833 	 0.0039094	0.00816745
4725 	 1745 	 0.856842 	 0.00391275	0.00817446
4725 	 1750 	 0.85685 	 0.0039161	0.00818144
4725 	 1755 	 0.856859 	 0.00391942	0.00818839
4725 	 1760 	 0.856867 	 0.00392274	0.00819532
4725 	 1765 	 0.856875 	 0.00392605	0.00820223
4725 	 1770 	 0.856884 	 0.00392934	0.00820911
4725 	 1775 	 0.856892 	 0.00393262	0.00821597
4725 	 1780 	 0.8569 	 0.0039359	0.0082228
4725 	 1785 	 0.856908 	 0.00393916	0.00822961
4725 	 1790 	 0.856916 	 0.0039424	0.0082364
4725 	 1795 	 0.856924 	 0.00394564	0.00824316
4725 	 1800 	 0.856933 	 0.00394887	0.0082499
4725 	 1805 	 0.856941 	 0.00395208	0.00825662
4725 	 1810 	 0.856949 	 0.00395529	0.00826331
4725 	 1815 	 0.856956 	 0.00395848	0.00826998
4725 	 1820 	 0.856964 	 0.00396166	0.00827663
4725 	 1825 	 0.856972 	 0.00396483	0.00828325
4725 	 1830 	 0.85698 	 0.00396799	0.00828985
4725 	 1835 	 0.856988 	 0.00397114	0.00829643
4725 	 1840 	 0.856996 	 0.00397428	0.00830299
4725 	 1845 	 0.857003 	 0.00397741	0.00830952
4725 	 1850 	 0.857011 	 0.00398052	0.00831604
4725 	 1855 	 0.857019 	 0.00398363	0.00832253
4725 	 1860 	 0.857026 	 0.00398672	0.00832899
4725 	 1865 	 0.857034 	 0.00398981	0.00833544
4725 	 1870 	 0.857041 	 0.00399289	0.00834186
4725 	 1875 	 0.857049 	 0.00399595	0.00834827
4725 	 1880 	 0.857056 	 0.003999	0.00835465
4725 	 1885 	 0.857063 	 0.00400205	0.00836101
4725 	 1890 	 0.857071 	 0.00400508	0.00836735
4725 	 1895 	 0.857078 	 0.00400811	0.00837366
4725 	 1900 	 0.857085 	 0.00401112	0.00837996
4725 	 1905 	 0.857093 	 0.00401412	0.00838624
4725 	 1910 	 0.8571 	 0.00401712	0.00839249
4725 	 1915 	 0.857107 	 0.0040201	0.00839872
4725 	 1920 	 0.857114 	 0.00402308	0.00840494
4725 	 1925 	 0.857121 	 0.00402604	0.00841113
4725 	 1930 	 0.857128 	 0.00402899	0.0084173
4725 	 1935 	 0.857135 	 0.00403194	0.00842345
4725 	 1940 	 0.857142 	 0.00403487	0.00842959
4725 	 1945 	 0.857149 	 0.0040378	0.0084357
4725 	 1950 	 0.857156 	 0.00404071	0.00844179
4725 	 1955 	 0.857163 	 0.00404362	0.00844786
4725 	 1960 	 0.85717 	 0.00404652	0.00845391
4725 	 1965 	 0.857177 	 0.0040494	0.00845994
4725 	 1970 	 0.857184 	 0.00405228	0.00846596
4725 	 1975 	 0.857191 	 0.00405515	0.00847195
4725 	 1980 	 0.857197 	 0.00405801	0.00847792
4725 	 1985 	 0.857204 	 0.00406086	0.00848388
4725 	 1990 	 0.857211 	 0.0040637	0.00848981
4725 	 1995 	 0.857217 	 0.00406653	0.00849573
4725 	 2000 	 0.857224 	 0.00406936	0.00850163
4725 	 2005 	 0.857231 	 0.00407217	0.0085075
4725 	 2010 	 0.857237 	 0.00407497	0.00851336
4725 	 2015 	 0.857244 	 0.00407777	0.0085192
4725 	 2020 	 0.85725 	 0.00408056	0.00852503
4725 	 2025 	 0.857257 	 0.00408333	0.00853083
4725 	 2030 	 0.857263 	 0.0040861	0.00853661
4725 	 2035 	 0.85727 	 0.00408886	0.00854238
4725 	 2040 	 0.857276 	 0.00409161	0.00854813
4725 	 2045 	 0.857282 	 0.00409436	0.00855386
4725 	 2050 	 0.857289 	 0.00409709	0.00855957
4725 	 2055 	 0.857295 	 0.00409982	0.00856526
4725 	 2060 	 0.857301 	 0.00410253	0.00857094
4725 	 2065 	 0.857308 	 0.00410524	0.0085766
4725 	 2070 	 0.857314 	 0.00410794	0.00858224
4725 	 2075 	 0.85732 	 0.00411063	0.00858786
4725 	 2080 	 0.857326 	 0.00411332	0.00859347
4725 	 2085 	 0.857332 	 0.00411599	0.00859906
4725 	 2090 	 0.857338 	 0.00411866	0.00860463
4725 	 2095 	 0.857344 	 0.00412132	0.00861018
4725 	 2100 	 0.85735 	 0.00412397	0.00861572
4725 	 2105 	 0.857357 	 0.00412661	0.00862123
4725 	 2110 	 0.857363 	 0.00412924	0.00862674
4725 	 2115 	 0.857368 	 0.00413187	0.00863222
4725 	 2120 	 0.857374 	 0.00413448	0.00863769
4725 	 2125 	 0.85738 	 0.00413709	0.00864314
4725 	 2130 	 0.857386 	 0.00413969	0.00864858
4725 	 2135 	 0.857392 	 0.00414229	0.00865399
4725 	 2140 	 0.857398 	 0.00414487	0.0086594
4725 	 2145 	 0.857404 	 0.00414745	0.00866478
4725 	 2150 	 0.85741 	 0.00415002	0.00867015
4725 	 2155 	 0.857415 	 0.00415258	0.0086755
4725 	 2160 	 0.857421 	 0.00415514	0.00868084
4725 	 2165 	 0.857427 	 0.00415768	0.00868616
4725 	 2170 	 0.857433 	 0.00416022	0.00869146
4725 	 2175 	 0.857438 	 0.00416275	0.00869675
4725 	 2180 	 0.857444 	 0.00416528	0.00870202
4725 	 2185 	 0.857449 	 0.00416779	0.00870728
4725 	 2190 	 0.857455 	 0.0041703	0.00871252
4725 	 2195 	 0.857461 	 0.0041728	0.00871774
4725 	 2200 	 0.857466 	 0.00417529	0.00872295
4725 	 2205 	 0.857472 	 0.00417778	0.00872814
4725 	 2210 	 0.857477 	 0.00418026	0.00873332
4725 	 2215 	 0.857483 	 0.00418273	0.00873848
4725 	 2220 	 0.857488 	 0.00418519	0.00874363
4725 	 2225 	 0.857494 	 0.00418765	0.00874876
4725 	 2230 	 0.857499 	 0.0041901	0.00875388
4725 	 2235 	 0.857504 	 0.00419254	0.00875898
4725 	 2240 	 0.85751 	 0.00419498	0.00876407
4725 	 2245 	 0.857515 	 0.0041974	0.00876914
4725 	 2250 	 0.857521 	 0.00419982	0.0087742
4725 	 2255 	 0.857526 	 0.00420224	0.00877924
4725 	 2260 	 0.857531 	 0.00420464	0.00878426
4725 	 2265 	 0.857536 	 0.00420704	0.00878928
4725 	 2270 	 0.857542 	 0.00420943	0.00879427
4725 	 2275 	 0.857547 	 0.00421182	0.00879926
4725 	 2280 	 0.857552 	 0.0042142	0.00880423
4725 	 2285 	 0.857557 	 0.00421657	0.00880918
4725 	 2290 	 0.857562 	 0.00421893	0.00881412
4725 	 2295 	 0.857567 	 0.00422129	0.00881905
4725 	 2300 	 0.857573 	 0.00422364	0.00882396
4725 	 2305 	 0.857578 	 0.00422599	0.00882885
4725 	 2310 	 0.857583 	 0.00422832	0.00883374
4725 	 2315 	 0.857588 	 0.00423065	0.00883861
4725 	 2320 	 0.857593 	 0.00423298	0.00884346
4725 	 2325 	 0.857598 	 0.0042353	0.0088483
4725 	 2330 	 0.857603 	 0.00423761	0.00885313
4725 	 2335 	 0.857608 	 0.00423991	0.00885794
4725 	 2340 	 0.857613 	 0.00424221	0.00886274
4725 	 2345 	 0.857618 	 0.0042445	0.00886753
4725 	 2350 	 0.857623 	 0.00424678	0.0088723
4725 	 2355 	 0.857628 	 0.00424906	0.00887706
4725 	 2360 	 0.857632 	 0.00425133	0.00888181
4725 	 2365 	 0.857637 	 0.0042536	0.00888654
4725 	 2370 	 0.857642 	 0.00425586	0.00889126
4725 	 2375 	 0.857647 	 0.00425811	0.00889596
4725 	 2380 	 0.857652 	 0.00426035	0.00890066
4725 	 2385 	 0.857657 	 0.00426259	0.00890534
4725 	 2390 	 0.857661 	 0.00426483	0.00891
4725 	 2395 	 0.857666 	 0.00426705	0.00891465
4725 	 2400 	 0.857671 	 0.00426928	0.00891929
4725 	 2405 	 0.857675 	 0.00427149	0.00892392
4725 	 2410 	 0.85768 	 0.0042737	0.00892854
4725 	 2415 	 0.857685 	 0.0042759	0.00893314
4725 	 2420 	 0.85769 	 0.0042781	0.00893773
4725 	 2425 	 0.857694 	 0.00428029	0.0089423
4725 	 2430 	 0.857699 	 0.00428247	0.00894686
4725 	 2435 	 0.857703 	 0.00428465	0.00895141
4725 	 2440 	 0.857708 	 0.00428682	0.00895595
4725 	 2445 	 0.857713 	 0.00428899	0.00896048
4725 	 2450 	 0.857717 	 0.00429115	0.00896499
4725 	 2455 	 0.857722 	 0.0042933	0.00896949
4725 	 2460 	 0.857726 	 0.00429545	0.00897398
4725 	 2465 	 0.857731 	 0.00429759	0.00897846
4725 	 2470 	 0.857735 	 0.00429973	0.00898292
4725 	 2475 	 0.85774 	 0.00430186	0.00898737
4725 	 2480 	 0.857744 	 0.00430399	0.00899181
4725 	 2485 	 0.857748 	 0.00430611	0.00899624
4725 	 2490 	 0.857753 	 0.00430822	0.00900065
4725 	 2495 	 0.857757 	 0.00431033	0.00900506
4725 	 2500 	 0.857762 	 0.00431243	0.00900945
4725 	 2505 	 0.857766 	 0.00431453	0.00901383
4725 	 2510 	 0.85777 	 0.00431662	0.0090182
4725 	 2515 	 0.857775 	 0.0043187	0.00902255
4725 	 2520 	 0.857779 	 0.00432078	0.0090269
4725 	 2525 	 0.857783 	 0.00432285	0.00903123
4725 	 2530 	 0.857788 	 0.00432492	0.00903555
4725 	 2535 	 0.857792 	 0.00432699	0.00903986
4725 	 2540 	 0.857796 	 0.00432904	0.00904416
4725 	 2545 	 0.8578 	 0.0043311	0.00904845
4725 	 2550 	 0.857805 	 0.00433314	0.00905272
4725 	 2555 	 0.857809 	 0.00433518	0.00905699
4725 	 2560 	 0.857813 	 0.00433722	0.00906124
4725 	 2565 	 0.857817 	 0.00433925	0.00906548
4725 	 2570 	 0.857821 	 0.00434127	0.00906971
4725 	 2575 	 0.857826 	 0.00434329	0.00907393
4725 	 2580 	 0.85783 	 0.00434531	0.00907814
4725 	 2585 	 0.857834 	 0.00434732	0.00908234
4725 	 2590 	 0.857838 	 0.00434932	0.00908652
4725 	 2595 	 0.857842 	 0.00435132	0.0090907
4725 	 2600 	 0.857846 	 0.00435331	0.00909486
4725 	 2605 	 0.85785 	 0.0043553	0.00909901
4725 	 2610 	 0.857854 	 0.00435728	0.00910315
4725 	 2615 	 0.857858 	 0.00435926	0.00910729
4725 	 2620 	 0.857862 	 0.00436123	0.00911141
4725 	 2625 	 0.857866 	 0.0043632	0.00911552
4725 	 2630 	 0.85787 	 0.00436516	0.00911962
4725 	 2635 	 0.857874 	 0.00436712	0.0091237
4725 	 2640 	 0.857878 	 0.00436907	0.00912778
4725 	 2645 	 0.857882 	 0.00437102	0.00913185
4725 	 2650 	 0.857886 	 0.00437296	0.00913591
4725 	 2655 	 0.85789 	 0.0043749	0.00913995
4725 	 2660 	 0.857894 	 0.00437683	0.00914399
4725 	 2665 	 0.857898 	 0.00437875	0.00914802
4725 	 2670 	 0.857902 	 0.00438068	0.00915203
4725 	 2675 	 0.857905 	 0.00438259	0.00915604
4725 	 2680 	 0.857909 	 0.00438451	0.00916003
4725 	 2685 	 0.857913 	 0.00438641	0.00916402
4725 	 2690 	 0.857917 	 0.00438832	0.00916799
4725 	 2695 	 0.857921 	 0.00439021	0.00917196
4725 	 2700 	 0.857925 	 0.00439211	0.00917591
4725 	 2705 	 0.857928 	 0.00439399	0.00917986
4725 	 2710 	 0.857932 	 0.00439588	0.00918379
4725 	 2715 	 0.857936 	 0.00439776	0.00918771
4725 	 2720 	 0.85794 	 0.00439963	0.00919163
4725 	 2725 	 0.857943 	 0.0044015	0.00919553
4725 	 2730 	 0.857947 	 0.00440336	0.00919943
4725 	 2735 	 0.857951 	 0.00440522	0.00920331
4725 	 2740 	 0.857955 	 0.00440708	0.00920719
4725 	 2745 	 0.857958 	 0.00440893	0.00921106
4725 	 2750 	 0.857962 	 0.00441077	0.00921491
4725 	 2755 	 0.857966 	 0.00441262	0.00921876
4725 	 2760 	 0.857969 	 0.00441445	0.00922259
4725 	 2765 	 0.857973 	 0.00441628	0.00922642
4725 	 2770 	 0.857977 	 0.00441811	0.00923024
4725 	 2775 	 0.85798 	 0.00441993	0.00923405
4725 	 2780 	 0.857984 	 0.00442175	0.00923785
4725 	 2785 	 0.857987 	 0.00442357	0.00924164
4725 	 2790 	 0.857991 	 0.00442538	0.00924542
4725 	 2795 	 0.857994 	 0.00442718	0.00924919
4725 	 2800 	 0.857998 	 0.00442898	0.00925295
4725 	 2805 	 0.858002 	 0.00443078	0.0092567
4725 	 2810 	 0.858005 	 0.00443257	0.00926044
4725 	 2815 	 0.858009 	 0.00443436	0.00926418
4725 	 2820 	 0.858012 	 0.00443614	0.0092679
4725 	 2825 	 0.858016 	 0.00443792	0.00927162
4725 	 2830 	 0.858019 	 0.00443969	0.00927532
4725 	 2835 	 0.858023 	 0.00444146	0.00927902
4725 	 2840 	 0.858026 	 0.00444323	0.00928271
4725 	 2845 	 0.858029 	 0.00444499	0.00928639
4725 	 2850 	 0.858033 	 0.00444675	0.00929006
4725 	 2855 	 0.858036 	 0.0044485	0.00929372
4725 	 2860 	 0.85804 	 0.00445025	0.00929738
4725 	 2865 	 0.858043 	 0.00445199	0.00930102
4725 	 2870 	 0.858047 	 0.00445373	0.00930465
4725 	 2875 	 0.85805 	 0.00445547	0.00930828
4725 	 2880 	 0.858053 	 0.0044572	0.0093119
4725 	 2885 	 0.858057 	 0.00445893	0.00931551
4725 	 2890 	 0.85806 	 0.00446065	0.00931911
4725 	 2895 	 0.858063 	 0.00446237	0.0093227
4725 	 2900 	 0.858067 	 0.00446408	0.00932628
4725 	 2905 	 0.85807 	 0.00446579	0.00932986
4725 	 2910 	 0.858073 	 0.0044675	0.00933342
4725 	 2915 	 0.858077 	 0.0044692	0.00933698
4725 	 2920 	 0.85808 	 0.0044709	0.00934053
4725 	 2925 	 0.858083 	 0.0044726	0.00934407
4725 	 2930 	 0.858086 	 0.00447429	0.0093476
4725 	 2935 	 0.85809 	 0.00447597	0.00935113
4725 	 2940 	 0.858093 	 0.00447766	0.00935464
4725 	 2945 	 0.858096 	 0.00447934	0.00935815
4725 	 2950 	 0.858099 	 0.00448101	0.00936165
4725 	 2955 	 0.858103 	 0.00448268	0.00936514
4725 	 2960 	 0.858106 	 0.00448435	0.00936862
4725 	 2965 	 0.858109 	 0.00448601	0.0093721
4725 	 2970 	 0.858112 	 0.00448767	0.00937556
4725 	 2975 	 0.858115 	 0.00448933	0.00937902
4725 	 2980 	 0.858119 	 0.00449098	0.00938247
4725 	 2985 	 0.858122 	 0.00449263	0.00938591
4725 	 2990 	 0.858125 	 0.00449427	0.00938935
4725 	 2995 	 0.858128 	 0.00449591	0.00939277
4725 	 3000 	 0.858131 	 0.00449754	0.00939619
4725 	 3005 	 0.858134 	 0.00449918	0.0093996
4725 	 3010 	 0.858137 	 0.00450081	0.009403
4725 	 3015 	 0.858141 	 0.00450243	0.0094064
4725 	 3020 	 0.858144 	 0.00450405	0.00940978
4725 	 3025 	 0.858147 	 0.00450567	0.00941316
4725 	 3030 	 0.85815 	 0.00450728	0.00941653
4725 	 3035 	 0.858153 	 0.00450889	0.0094199
4725 	 3040 	 0.858156 	 0.0045105	0.00942325
4725 	 3045 	 0.858159 	 0.0045121	0.0094266
4725 	 3050 	 0.858162 	 0.0045137	0.00942994
4725 	 3055 	 0.858165 	 0.00451529	0.00943327
4725 	 3060 	 0.858168 	 0.00451688	0.00943659
4725 	 3065 	 0.858171 	 0.00451847	0.00943991
4725 	 3070 	 0.858174 	 0.00452006	0.00944322
4725 	 3075 	 0.858177 	 0.00452164	0.00944652
4725 	 3080 	 0.85818 	 0.00452321	0.00944982
4725 	 3085 	 0.858183 	 0.00452479	0.0094531
4725 	 3090 	 0.858186 	 0.00452636	0.00945638
4725 	 3095 	 0.858189 	 0.00452792	0.00945966
4725 	 3100 	 0.858192 	 0.00452949	0.00946292
4725 	 3105 	 0.858195 	 0.00453104	0.00946618
4725 	 3110 	 0.858198 	 0.0045326	0.00946943
4725 	 3115 	 0.858201 	 0.00453415	0.00947267
4725 	 3120 	 0.858203 	 0.0045357	0.00947591
4725 	 3125 	 0.858206 	 0.00453725	0.00947913
4725 	 3130 	 0.858209 	 0.00453879	0.00948235
4725 	 3135 	 0.858212 	 0.00454033	0.00948557
4725 	 3140 	 0.858215 	 0.00454186	0.00948877
4725 	 3145 	 0.858218 	 0.00454339	0.00949197
4725 	 3150 	 0.858221 	 0.00454492	0.00949517
4725 	 3155 	 0.858224 	 0.00454644	0.00949835
4725 	 3160 	 0.858226 	 0.00454797	0.00950153
4725 	 3165 	 0.858229 	 0.00454948	0.0095047
4725 	 3170 	 0.858232 	 0.004551	0.00950786
4725 	 3175 	 0.858235 	 0.00455251	0.00951102
4725 	 3180 	 0.858238 	 0.00455402	0.00951417
4725 	 3185 	 0.858241 	 0.00455552	0.00951731
4725 	 3190 	 0.858243 	 0.00455702	0.00952045
4725 	 3195 	 0.858246 	 0.00455852	0.00952358
4725 	 3200 	 0.858249 	 0.00456001	0.0095267
4725 	 3205 	 0.858252 	 0.00456151	0.00952982
4725 	 3210 	 0.858254 	 0.00456299	0.00953292
4725 	 3215 	 0.858257 	 0.00456448	0.00953603
4725 	 3220 	 0.85826 	 0.00456596	0.00953912
4725 	 3225 	 0.858263 	 0.00456744	0.00954221
4725 	 3230 	 0.858265 	 0.00456891	0.00954529
4725 	 3235 	 0.858268 	 0.00457038	0.00954836
4725 	 3240 	 0.858271 	 0.00457185	0.00955143
4725 	 3245 	 0.858273 	 0.00457332	0.00955449
4725 	 3250 	 0.858276 	 0.00457478	0.00955755
4725 	 3255 	 0.858279 	 0.00457624	0.0095606
4725 	 3260 	 0.858282 	 0.00457769	0.00956364
4725 	 3265 	 0.858284 	 0.00457915	0.00956667
4725 	 3270 	 0.858287 	 0.0045806	0.0095697
4725 	 3275 	 0.85829 	 0.00458204	0.00957272
4725 	 3280 	 0.858292 	 0.00458349	0.00957574
4725 	 3285 	 0.858295 	 0.00458493	0.00957875
4725 	 3290 	 0.858298 	 0.00458636	0.00958175
4725 	 3295 	 0.8583 	 0.0045878	0.00958474
4725 	 3300 	 0.858303 	 0.00458923	0.00958773
4725 	 3305 	 0.858305 	 0.00459066	0.00959072
4725 	 3310 	 0.858308 	 0.00459208	0.00959369
4725 	 3315 	 0.858311 	 0.0045935	0.00959666
4725 	 3320 	 0.858313 	 0.00459492	0.00959963
4725 	 3325 	 0.858316 	 0.00459634	0.00960259
4725 	 3330 	 0.858318 	 0.00459775	0.00960554
4725 	 3335 	 0.858321 	 0.00459916	0.00960848
4725 	 3340 	 0.858323 	 0.00460057	0.00961142
4725 	 3345 	 0.858326 	 0.00460197	0.00961435
4725 	 3350 	 0.858329 	 0.00460337	0.00961728
4725 	 3355 	 0.858331 	 0.00460477	0.0096202
4725 	 3360 	 0.858334 	 0.00460616	0.00962311
4725 	 3365 	 0.858336 	 0.00460755	0.00962602
4725 	 3370 	 0.858339 	 0.00460894	0.00962892
4725 	 3375 	 0.858341 	 0.00461033	0.00963182
4725 	 3380 	 0.858344 	 0.00461171	0.00963471
4725 	 3385 	 0.858346 	 0.00461309	0.00963759
4725 	 3390 	 0.858349 	 0.00461447	0.00964047
4725 	 3395 	 0.858351 	 0.00461584	0.00964334
4725 	 3400 	 0.858354 	 0.00461722	0.00964621
4725 	 3405 	 0.858356 	 0.00461859	0.00964907
4725 	 3410 	 0.858359 	 0.00461995	0.00965192
4725 	 3415 	 0.858361 	 0.00462131	0.00965477
4725 	 3420 	 0.858364 	 0.00462267	0.00965761
4725 	 3425 	 0.858366 	 0.00462403	0.00966044
4725 	 3430 	 0.858368 	 0.00462539	0.00966327
4725 	 3435 	 0.858371 	 0.00462674	0.0096661
4725 	 3440 	 0.858373 	 0.00462809	0.00966892
4725 	 3445 	 0.858376 	 0.00462943	0.00967173
4725 	 3450 	 0.858378 	 0.00463078	0.00967454
4725 	 3455 	 0.858381 	 0.00463212	0.00967734
4725 	 3460 	 0.858383 	 0.00463345	0.00968013
4725 	 3465 	 0.858385 	 0.00463479	0.00968292
4725 	 3470 	 0.858388 	 0.00463612	0.0096857
4725 	 3475 	 0.85839 	 0.00463745	0.00968848
4725 	 3480 	 0.858393 	 0.00463878	0.00969125
4725 	 3485 	 0.858395 	 0.0046401	0.00969402
4725 	 3490 	 0.858397 	 0.00464142	0.00969678
4725 	 3495 	 0.8584 	 0.00464274	0.00969954
4725 	 3500 	 0.858402 	 0.00464406	0.00970229
4725 	 3505 	 0.858404 	 0.00464537	0.00970503
4725 	 3510 	 0.858407 	 0.00464668	0.00970777
4725 	 3515 	 0.858409 	 0.00464799	0.0097105
4725 	 3520 	 0.858411 	 0.0046493	0.00971323
4725 	 3525 	 0.858414 	 0.0046506	0.00971595
4725 	 3530 	 0.858416 	 0.0046519	0.00971867
4725 	 3535 	 0.858418 	 0.0046532	0.00972138
4725 	 3540 	 0.858421 	 0.00465449	0.00972408
4725 	 3545 	 0.858423 	 0.00465578	0.00972678
4725 	 3550 	 0.858425 	 0.00465707	0.00972948
4725 	 3555 	 0.858427 	 0.00465836	0.00973217
4725 	 3560 	 0.85843 	 0.00465965	0.00973485
4725 	 3565 	 0.858432 	 0.00466093	0.00973753
4725 	 3570 	 0.858434 	 0.00466221	0.0097402
4725 	 3575 	 0.858437 	 0.00466348	0.00974287
4725 	 3580 	 0.858439 	 0.00466476	0.00974553
4725 	 3585 	 0.858441 	 0.00466603	0.00974819
4725 	 3590 	 0.858443 	 0.0046673	0.00975084
4725 	 3595 	 0.858446 	 0.00466857	0.00975349
4725 	 3600 	 0.858448 	 0.00466983	0.00975613
4725 	 3605 	 0.85845 	 0.00467109	0.00975876
4725 	 3610 	 0.858452 	 0.00467235	0.00976139
4725 	 3615 	 0.858454 	 0.00467361	0.00976402
4725 	 3620 	 0.858457 	 0.00467486	0.00976664
4725 	 3625 	 0.858459 	 0.00467611	0.00976925
4725 	 3630 	 0.858461 	 0.00467736	0.00977186
4725 	 3635 	 0.858463 	 0.00467861	0.00977447
4725 	 3640 	 0.858465 	 0.00467985	0.00977707
4725 	 3645 	 0.858468 	 0.0046811	0.00977966
4725 	 3650 	 0.85847 	 0.00468234	0.00978225
4725 	 3655 	 0.858472 	 0.00468357	0.00978484
4725 	 3660 	 0.858474 	 0.00468481	0.00978742
4725 	 3665 	 0.858476 	 0.00468604	0.00978999
4725 	 3670 	 0.858478 	 0.00468727	0.00979256
4725 	 3675 	 0.858481 	 0.0046885	0.00979512
4725 	 3680 	 0.858483 	 0.00468972	0.00979768
4725 	 3685 	 0.858485 	 0.00469094	0.00980024
4725 	 3690 	 0.858487 	 0.00469216	0.00980279
4725 	 3695 	 0.858489 	 0.00469338	0.00980533
4725 	 3700 	 0.858491 	 0.0046946	0.00980787
4725 	 3705 	 0.858493 	 0.00469581	0.0098104
4725 	 3710 	 0.858495 	 0.00469702	0.00981293
4725 	 3715 	 0.858498 	 0.00469823	0.00981546
4725 	 3720 	 0.8585 	 0.00469944	0.00981798
4725 	 3725 	 0.858502 	 0.00470064	0.00982049
4725 	 3730 	 0.858504 	 0.00470184	0.009823
4725 	 3735 	 0.858506 	 0.00470304	0.00982551
4725 	 3740 	 0.858508 	 0.00470424	0.00982801
4725 	 3745 	 0.85851 	 0.00470543	0.0098305
4725 	 3750 	 0.858512 	 0.00470662	0.00983299
4725 	 3755 	 0.858514 	 0.00470781	0.00983548
4725 	 3760 	 0.858516 	 0.004709	0.00983796
4725 	 3765 	 0.858518 	 0.00471019	0.00984044
4725 	 3770 	 0.85852 	 0.00471137	0.00984291
4725 	 3775 	 0.858522 	 0.00471255	0.00984538
4725 	 3780 	 0.858524 	 0.00471373	0.00984784
4725 	 3785 	 0.858527 	 0.00471491	0.0098503
4725 	 3790 	 0.858529 	 0.00471608	0.00985275
4725 	 3795 	 0.858531 	 0.00471725	0.0098552
4725 	 3800 	 0.858533 	 0.00471842	0.00985764
4725 	 3805 	 0.858535 	 0.00471959	0.00986008
4725 	 3810 	 0.858537 	 0.00472075	0.00986252
4725 	 3815 	 0.858539 	 0.00472192	0.00986495
4725 	 3820 	 0.858541 	 0.00472308	0.00986737
4725 	 3825 	 0.858543 	 0.00472424	0.00986979
4725 	 3830 	 0.858545 	 0.00472539	0.00987221
4725 	 3835 	 0.858547 	 0.00472655	0.00987462
4725 	 3840 	 0.858549 	 0.0047277	0.00987703
4725 	 3845 	 0.858551 	 0.00472885	0.00987943
4725 	 3850 	 0.858553 	 0.00473	0.00988183
4725 	 3855 	 0.858554 	 0.00473114	0.00988422
4725 	 3860 	 0.858556 	 0.00473229	0.00988661
4725 	 3865 	 0.858558 	 0.00473343	0.00988899
4725 	 3870 	 0.85856 	 0.00473457	0.00989138
4725 	 3875 	 0.858562 	 0.00473571	0.00989375
4725 	 3880 	 0.858564 	 0.00473684	0.00989612
4725 	 3885 	 0.858566 	 0.00473797	0.00989849
4725 	 3890 	 0.858568 	 0.0047391	0.00990085
4725 	 3895 	 0.85857 	 0.00474023	0.00990321
4725 	 3900 	 0.858572 	 0.00474136	0.00990556
4725 	 3905 	 0.858574 	 0.00474248	0.00990791
4725 	 3910 	 0.858576 	 0.00474361	0.00991026
4725 	 3915 	 0.858578 	 0.00474473	0.0099126
4725 	 3920 	 0.85858 	 0.00474585	0.00991494
4725 	 3925 	 0.858582 	 0.00474696	0.00991727
4725 	 3930 	 0.858583 	 0.00474808	0.0099196
4725 	 3935 	 0.858585 	 0.00474919	0.00992192
4725 	 3940 	 0.858587 	 0.0047503	0.00992424
4725 	 3945 	 0.858589 	 0.00475141	0.00992655
4725 	 3950 	 0.858591 	 0.00475251	0.00992886
4725 	 3955 	 0.858593 	 0.00475362	0.00993117
4725 	 3960 	 0.858595 	 0.00475472	0.00993347
4725 	 3965 	 0.858597 	 0.00475582	0.00993577
4725 	 3970 	 0.858598 	 0.00475692	0.00993807
4725 	 3975 	 0.8586 	 0.00475801	0.00994036
4725 	 3980 	 0.858602 	 0.00475911	0.00994264
4725 	 3985 	 0.858604 	 0.0047602	0.00994492
4725 	 3990 	 0.858606 	 0.00476129	0.0099472
4725 	 3995 	 0.858608 	 0.00476238	0.00994947
4725 	 4000 	 0.85861 	 0.00476346	0.00995174
4725 	 4005 	 0.858611 	 0.00476455	0.00995401
4725 	 4010 	 0.858613 	 0.00476563	0.00995627
4725 	 4015 	 0.858615 	 0.00476671	0.00995853
4725 	 4020 	 0.858617 	 0.00476779	0.00996078
4725 	 4025 	 0.858619 	 0.00476886	0.00996303
4725 	 4030 	 0.858621 	 0.00476994	0.00996527
4725 	 4035 	 0.858622 	 0.00477101	0.00996751
4725 	 4040 	 0.858624 	 0.00477208	0.00996975
4725 	 4045 	 0.858626 	 0.00477315	0.00997198
4725 	 4050 	 0.858628 	 0.00477422	0.00997421
4725 	 4055 	 0.85863 	 0.00477528	0.00997643
4725 	 4060 	 0.858631 	 0.00477634	0.00997865
4725 	 4065 	 0.858633 	 0.00477741	0.00998087
4725 	 4070 	 0.858635 	 0.00477847	0.00998308
4725 	 4075 	 0.858637 	 0.00477952	0.00998529
4725 	 4080 	 0.858638 	 0.00478058	0.0099875
4725 	 4085 	 0.85864 	 0.00478163	0.0099897
4725 	 4090 	 0.858642 	 0.00478268	0.0099919
4725 	 4095 	 0.858644 	 0.00478373	0.00999409
4725 	 4100 	 0.858645 	 0.00478478	0.00999628
4725 	 4105 	 0.858647 	 0.00478583	0.00999846
4725 	 4110 	 0.858649 	 0.00478687	0.0100006
4725 	 4115 	 0.858651 	 0.00478791	0.0100028
4725 	 4120 	 0.858652 	 0.00478895	0.010005
4725 	 4125 	 0.858654 	 0.00478999	0.0100072
4725 	 4130 	 0.858656 	 0.00479103	0.0100093
4725 	 4135 	 0.858658 	 0.00479206	0.0100115
4725 	 4140 	 0.858659 	 0.0047931	0.0100137
4725 	 4145 	 0.858661 	 0.00479413	0.0100158
4725 	 4150 	 0.858663 	 0.00479516	0.010018
4725 	 4155 	 0.858665 	 0.00479619	0.0100201
4725 	 4160 	 0.858666 	 0.00479721	0.0100222
4725 	 4165 	 0.858668 	 0.00479824	0.0100244
4725 	 4170 	 0.85867 	 0.00479926	0.0100265
4725 	 4175 	 0.858671 	 0.00480028	0.0100287
4725 	 4180 	 0.858673 	 0.0048013	0.0100308
4725 	 4185 	 0.858675 	 0.00480231	0.0100329
4725 	 4190 	 0.858676 	 0.00480333	0.010035
4725 	 4195 	 0.858678 	 0.00480434	0.0100371
4725 	 4200 	 0.85868 	 0.00480536	0.0100393
4725 	 4205 	 0.858681 	 0.00480637	0.0100414
4725 	 4210 	 0.858683 	 0.00480737	0.0100435
4725 	 4215 	 0.858685 	 0.00480838	0.0100456
4725 	 4220 	 0.858686 	 0.00480938	0.0100477
4725 	 4225 	 0.858688 	 0.00481039	0.0100498
4725 	 4230 	 0.85869 	 0.00481139	0.0100519
4725 	 4235 	 0.858691 	 0.00481239	0.010054
4725 	 4240 	 0.858693 	 0.00481339	0.010056
4725 	 4245 	 0.858695 	 0.00481438	0.0100581
4725 	 4250 	 0.858696 	 0.00481538	0.0100602
4725 	 4255 	 0.858698 	 0.00481637	0.0100623
4725 	 4260 	 0.8587 	 0.00481736	0.0100643
4725 	 4265 	 0.858701 	 0.00481835	0.0100664
4725 	 4270 	 0.858703 	 0.00481934	0.0100685
4725 	 4275 	 0.858705 	 0.00482032	0.0100705
4725 	 4280 	 0.858706 	 0.00482131	0.0100726
4725 	 4285 	 0.858708 	 0.00482229	0.0100746
4725 	 4290 	 0.858709 	 0.00482327	0.0100767
4725 	 4295 	 0.858711 	 0.00482425	0.0100787
4725 	 4300 	 0.858713 	 0.00482523	0.0100808
4725 	 4305 	 0.858714 	 0.0048262	0.0100828
4725 	 4310 	 0.858716 	 0.00482718	0.0100849
4725 	 4315 	 0.858717 	 0.00482815	0.0100869
4725 	 4320 	 0.858719 	 0.00482912	0.0100889
4725 	 4325 	 0.858721 	 0.00483009	0.0100909
4725 	 4330 	 0.858722 	 0.00483106	0.010093
4725 	 4335 	 0.858724 	 0.00483203	0.010095
4725 	 4340 	 0.858725 	 0.00483299	0.010097
4725 	 4345 	 0.858727 	 0.00483395	0.010099
4725 	 4350 	 0.858729 	 0.00483491	0.010101
4725 	 4355 	 0.85873 	 0.00483587	0.010103
4725 	 4360 	 0.858732 	 0.00483683	0.010105
4725 	 4365 	 0.858733 	 0.00483779	0.010107
4725 	 4370 	 0.858735 	 0.00483874	0.010109
4725 	 4375 	 0.858736 	 0.0048397	0.010111
4725 	 4380 	 0.858738 	 0.00484065	0.010113
4725 	 4385 	 0.858739 	 0.0048416	0.010115
4725 	 4390 	 0.858741 	 0.00484255	0.010117
4725 	 4395 	 0.858743 	 0.00484349	0.0101189
4725 	 4400 	 0.858744 	 0.00484444	0.0101209
4725 	 4405 	 0.858746 	 0.00484538	0.0101229
4725 	 4410 	 0.858747 	 0.00484632	0.0101249
4725 	 4415 	 0.858749 	 0.00484726	0.0101268
4725 	 4420 	 0.85875 	 0.0048482	0.0101288
4725 	 4425 	 0.858752 	 0.00484914	0.0101307
4725 	 4430 	 0.858753 	 0.00485008	0.0101327
4725 	 4435 	 0.858755 	 0.00485101	0.0101346
4725 	 4440 	 0.858756 	 0.00485194	0.0101366
4725 	 4445 	 0.858758 	 0.00485288	0.0101385
4725 	 4450 	 0.858759 	 0.00485381	0.0101405
4725 	 4455 	 0.858761 	 0.00485473	0.0101424
4725 	 4460 	 0.858762 	 0.00485566	0.0101444
4725 	 4465 	 0.858764 	 0.00485659	0.0101463
4725 	 4470 	 0.858765 	 0.00485751	0.0101482
4725 	 4475 	 0.858767 	 0.00485843	0.0101501
4725 	 4480 	 0.858768 	 0.00485935	0.0101521
4725 	 4485 	 0.85877 	 0.00486027	0.010154
4725 	 4490 	 0.858771 	 0.00486119	0.0101559
4725 	 4495 	 0.858773 	 0.0048621	0.0101578
4725 	 4500 	 0.858774 	 0.00486302	0.0101597
4725 	 4505 	 0.858776 	 0.00486393	0.0101616
4725 	 4510 	 0.858777 	 0.00486484	0.0101635
4725 	 4515 	 0.858779 	 0.00486575	0.0101654
4725 	 4520 	 0.85878 	 0.00486666	0.0101673
4725 	 4525 	 0.858782 	 0.00486757	0.0101692
4725 	 4530 	 0.858783 	 0.00486848	0.0101711
4725 	 4535 	 0.858784 	 0.00486938	0.010173
4725 	 4540 	 0.858786 	 0.00487028	0.0101749
4725 	 4545 	 0.858787 	 0.00487118	0.0101768
4725 	 4550 	 0.858789 	 0.00487208	0.0101787
4725 	 4555 	 0.85879 	 0.00487298	0.0101805
4725 	 4560 	 0.858792 	 0.00487388	0.0101824
4725 	 4565 	 0.858793 	 0.00487478	0.0101843
4725 	 4570 	 0.858795 	 0.00487567	0.0101862
4725 	 4575 	 0.858796 	 0.00487656	0.010188
4725 	 4580 	 0.858797 	 0.00487745	0.0101899
4725 	 4585 	 0.858799 	 0.00487834	0.0101917
4725 	 4590 	 0.8588 	 0.00487923	0.0101936
4725 	 4595 	 0.858802 	 0.00488012	0.0101955
4725 	 4600 	 0.858803 	 0.004881	0.0101973
4725 	 4605 	 0.858805 	 0.00488189	0.0101992
4725 	 4610 	 0.858806 	 0.00488277	0.010201
4725 	 4615 	 0.858807 	 0.00488365	0.0102028
4725 	 4620 	 0.858809 	 0.00488453	0.0102047
4725 	 4625 	 0.85881 	 0.00488541	0.0102065
4725 	 4630 	 0.858812 	 0.00488629	0.0102083
4725 	 4635 	 0.858813 	 0.00488716	0.0102102
4725 	 4640 	 0.858814 	 0.00488804	0.010212
4725 	 4645 	 0.858816 	 0.00488891	0.0102138
4725 	 4650 	 0.858817 	 0.00488978	0.0102156
4725 	 4655 	 0.858819 	 0.00489065	0.0102175
4725 	 4660 	 0.85882 	 0.00489152	0.0102193
4725 	 4665 	 0.858821 	 0.00489239	0.0102211
4725 	 4670 	 0.858823 	 0.00489326	0.0102229
4725 	 4675 	 0.858824 	 0.00489412	0.0102247
4725 	 4680 	 0.858826 	 0.00489498	0.0102265
4725 	 4685 	 0.858827 	 0.00489585	0.0102283
4725 	 4690 	 0.858828 	 0.00489671	0.0102301
4725 	 4695 	 0.85883 	 0.00489757	0.0102319
4725 	 4700 	 0.858831 	 0.00489842	0.0102337
4725 	 4705 	 0.858832 	 0.00489928	0.0102355
4725 	 4710 	 0.858834 	 0.00490014	0.0102373
4725 	 4715 	 0.858835 	 0.00490099	0.0102391
4725 	 4720 	 0.858836 	 0.00490184	0.0102408
4725 	 4725 	 0.858838 	 0.00490269	0.0102426
4725 	 4730 	 0.858839 	 0.00490354	0.0102444
4725 	 4735 	 0.85884 	 0.00490439	0.0102462
4725 	 4740 	 0.858842 	 0.00490524	0.0102479
4725 	 4745 	 0.858843 	 0.00490609	0.0102497
4725 	 4750 	 0.858844 	 0.00490693	0.0102515
4725 	 4755 	 0.858846 	 0.00490777	0.0102532
4725 	 4760 	 0.858847 	 0.00490862	0.010255
4725 	 4765 	 0.858848 	 0.00490946	0.0102567
4725 	 4770 	 0.85885 	 0.0049103	0.0102585
4725 	 4775 	 0.858851 	 0.00491113	0.0102603
4725 	 4780 	 0.858852 	 0.00491197	0.010262
4725 	 4785 	 0.858854 	 0.00491281	0.0102637
4725 	 4790 	 0.858855 	 0.00491364	0.0102655
4725 	 4795 	 0.858856 	 0.00491447	0.0102672
4725 	 4800 	 0.858858 	 0.0049153	0.010269
4725 	 4805 	 0.858859 	 0.00491614	0.0102707
4725 	 4810 	 0.85886 	 0.00491696	0.0102724
4725 	 4815 	 0.858862 	 0.00491779	0.0102742
4725 	 4820 	 0.858863 	 0.00491862	0.0102759
4725 	 4825 	 0.858864 	 0.00491944	0.0102776
4725 	 4830 	 0.858866 	 0.00492027	0.0102793
4725 	 4835 	 0.858867 	 0.00492109	0.0102811
4725 	 4840 	 0.858868 	 0.00492191	0.0102828
4725 	 4845 	 0.858869 	 0.00492273	0.0102845
4725 	 4850 	 0.858871 	 0.00492355	0.0102862
4725 	 4855 	 0.858872 	 0.00492437	0.0102879
4725 	 4860 	 0.858873 	 0.00492519	0.0102896
4725 	 4865 	 0.858875 	 0.004926	0.0102913
4725 	 4870 	 0.858876 	 0.00492682	0.010293
4725 	 4875 	 0.858877 	 0.00492763	0.0102947
4725 	 4880 	 0.858878 	 0.00492844	0.0102964
4725 	 4885 	 0.85888 	 0.00492925	0.0102981
4725 	 4890 	 0.858881 	 0.00493006	0.0102998
4725 	 4895 	 0.858882 	 0.00493087	0.0103015
4725 	 4900 	 0.858883 	 0.00493167	0.0103032
4725 	 4905 	 0.858885 	 0.00493248	0.0103049
4725 	 4910 	 0.858886 	 0.00493328	0.0103065
4725 	 4915 	 0.858887 	 0.00493409	0.0103082
4725 	 4920 	 0.858888 	 0.00493489	0.0103099
4725 	 4925 	 0.85889 	 0.00493569	0.0103116
4725 	 4930 	 0.858891 	 0.00493649	0.0103132
4725 	 4935 	 0.858892 	 0.00493729	0.0103149
4725 	 4940 	 0.858893 	 0.00493809	0.0103166
4725 	 4945 	 0.858895 	 0.00493888	0.0103182
4725 	 4950 	 0.858896 	 0.00493968	0.0103199
4725 	 4955 	 0.858897 	 0.00494047	0.0103215
4725 	 4960 	 0.858898 	 0.00494126	0.0103232
4725 	 4965 	 0.8589 	 0.00494205	0.0103248
4725 	 4970 	 0.858901 	 0.00494284	0.0103265
4725 	 4975 	 0.858902 	 0.00494363	0.0103281
4725 	 4980 	 0.858903 	 0.00494442	0.0103298
4725 	 4985 	 0.858905 	 0.00494521	0.0103314
4725 	 4990 	 0.858906 	 0.00494599	0.0103331
4725 	 4995 	 0.858907 	 0.00494677	0.0103347
4725 	 5000 	 0.858908 	 0.00494756	0.0103363
