2815 	 5 	 0.728838 	 0.00668088	0.0139576
2815 	 10 	 0.72944 	 0.00628681	0.0131343
2815 	 15 	 0.730577 	 0.0056732	0.0118523
2815 	 20 	 0.732688 	 0.00481103	0.0100511
2815 	 25 	 0.736481 	 0.00384061	0.00802373
2815 	 30 	 0.742906 	 0.00321676	0.00672039
2815 	 35 	 0.752772 	 0.00310507	0.00648705
2815 	 40 	 0.765861 	 0.00276309	0.0057726
2815 	 45 	 0.781229 	 0.00300506	0.00627812
2815 	 50 	 0.79541 	 0.0029496	0.00616225
2815 	 55 	 0.806104 	 0.00268034	0.00559972
2815 	 60 	 0.813321 	 0.00229958	0.00480423
2815 	 65 	 0.817946 	 0.00207538	0.00433584
2815 	 70 	 0.820925 	 0.00205065	0.00428418
2815 	 75 	 0.822941 	 0.00210957	0.00440727
2815 	 80 	 0.824413 	 0.00217253	0.00453882
2815 	 85 	 0.82558 	 0.00221895	0.00463578
2815 	 90 	 0.82657 	 0.00225142	0.00470364
2815 	 95 	 0.827452 	 0.00227595	0.00475487
2815 	 100 	 0.828265 	 0.00229637	0.00479753
2815 	 105 	 0.829027 	 0.00231426	0.00483491
2815 	 110 	 0.829751 	 0.00232989	0.00486756
2815 	 115 	 0.830441 	 0.00234299	0.00489493
2815 	 120 	 0.831103 	 0.00235324	0.00491635
2815 	 125 	 0.831738 	 0.00236045	0.00493142
2815 	 130 	 0.832349 	 0.00236459	0.00494005
2815 	 135 	 0.832937 	 0.00236575	0.00494249
2815 	 140 	 0.833502 	 0.00236417	0.00493918
2815 	 145 	 0.834047 	 0.00236013	0.00493073
2815 	 150 	 0.834571 	 0.00235394	0.00491781
2815 	 155 	 0.835077 	 0.00234594	0.0049011
2815 	 160 	 0.835564 	 0.00233645	0.00488127
2815 	 165 	 0.836034 	 0.00232578	0.00485898
2815 	 170 	 0.836487 	 0.00231421	0.00483481
2815 	 175 	 0.836925 	 0.00230199	0.00480929
2815 	 180 	 0.837347 	 0.00228936	0.00478289
2815 	 185 	 0.837755 	 0.00227651	0.00475604
2815 	 190 	 0.838149 	 0.00226361	0.00472909
2815 	 195 	 0.838529 	 0.0022508	0.00470234
2815 	 200 	 0.838897 	 0.00223822	0.00467605
2815 	 205 	 0.839253 	 0.00222596	0.00465044
2815 	 210 	 0.839597 	 0.00221411	0.00462569
2815 	 215 	 0.839931 	 0.00220274	0.00460192
2815 	 220 	 0.840253 	 0.00219189	0.00457926
2815 	 225 	 0.840565 	 0.00218161	0.00455778
2815 	 230 	 0.840868 	 0.00217192	0.00453754
2815 	 235 	 0.841161 	 0.00216285	0.0045186
2815 	 240 	 0.841446 	 0.00215441	0.00450096
2815 	 245 	 0.841722 	 0.0021466	0.00448465
2815 	 250 	 0.841989 	 0.00213943	0.00446966
2815 	 255 	 0.842249 	 0.00213288	0.00445597
2815 	 260 	 0.842501 	 0.00212695	0.00444358
2815 	 265 	 0.842746 	 0.00212162	0.00443246
2815 	 270 	 0.842984 	 0.00211689	0.00442257
2815 	 275 	 0.843215 	 0.00211273	0.00441389
2815 	 280 	 0.84344 	 0.00210914	0.00440637
2815 	 285 	 0.843659 	 0.00210608	0.00439998
2815 	 290 	 0.843871 	 0.00210353	0.00439467
2815 	 295 	 0.844078 	 0.00210149	0.0043904
2815 	 300 	 0.84428 	 0.00209993	0.00438714
2815 	 305 	 0.844476 	 0.00209883	0.00438484
2815 	 310 	 0.844667 	 0.00209817	0.00438346
2815 	 315 	 0.844854 	 0.00209793	0.00438295
2815 	 320 	 0.845035 	 0.00209809	0.00438328
2815 	 325 	 0.845212 	 0.00209863	0.00438441
2815 	 330 	 0.845385 	 0.00209953	0.00438631
2815 	 335 	 0.845553 	 0.00210078	0.00438892
2815 	 340 	 0.845717 	 0.00210236	0.00439222
2815 	 345 	 0.845878 	 0.00210426	0.00439618
2815 	 350 	 0.846034 	 0.00210645	0.00440075
2815 	 355 	 0.846187 	 0.00210892	0.00440592
2815 	 360 	 0.846336 	 0.00211166	0.00441164
2815 	 365 	 0.846482 	 0.00211465	0.00441789
2815 	 370 	 0.846625 	 0.00211788	0.00442464
2815 	 375 	 0.846764 	 0.00212134	0.00443187
2815 	 380 	 0.8469 	 0.00212502	0.00443955
2815 	 385 	 0.847034 	 0.0021289	0.00444765
2815 	 390 	 0.847164 	 0.00213297	0.00445616
2815 	 395 	 0.847291 	 0.00213722	0.00446504
2815 	 400 	 0.847416 	 0.00214165	0.00447429
2815 	 405 	 0.847538 	 0.00214623	0.00448387
2815 	 410 	 0.847658 	 0.00215098	0.00449378
2815 	 415 	 0.847775 	 0.00215586	0.00450399
2815 	 420 	 0.84789 	 0.00216089	0.00451449
2815 	 425 	 0.848002 	 0.00216604	0.00452525
2815 	 430 	 0.848112 	 0.00217131	0.00453627
2815 	 435 	 0.84822 	 0.0021767	0.00454753
2815 	 440 	 0.848326 	 0.0021822	0.00455902
2815 	 445 	 0.84843 	 0.0021878	0.00457071
2815 	 450 	 0.848532 	 0.00219349	0.00458261
2815 	 455 	 0.848631 	 0.00219928	0.0045947
2815 	 460 	 0.848729 	 0.00220515	0.00460696
2815 	 465 	 0.848825 	 0.0022111	0.00461938
2815 	 470 	 0.848919 	 0.00221712	0.00463197
2815 	 475 	 0.849012 	 0.00222321	0.0046447
2815 	 480 	 0.849103 	 0.00222937	0.00465756
2815 	 485 	 0.849192 	 0.00223559	0.00467055
2815 	 490 	 0.849279 	 0.00224186	0.00468366
2815 	 495 	 0.849365 	 0.00224819	0.00469688
2815 	 500 	 0.84945 	 0.00225457	0.00471021
2815 	 505 	 0.849533 	 0.00226099	0.00472363
2815 	 510 	 0.849614 	 0.00226746	0.00473714
2815 	 515 	 0.849694 	 0.00227397	0.00475073
2815 	 520 	 0.849773 	 0.00228051	0.0047644
2815 	 525 	 0.849851 	 0.00228708	0.00477813
2815 	 530 	 0.849927 	 0.00229369	0.00479194
2815 	 535 	 0.850002 	 0.00230032	0.0048058
2815 	 540 	 0.850075 	 0.00230699	0.00481971
2815 	 545 	 0.850148 	 0.00231367	0.00483368
2815 	 550 	 0.850219 	 0.00232037	0.00484768
2815 	 555 	 0.850289 	 0.0023271	0.00486173
2815 	 560 	 0.850358 	 0.00233384	0.00487581
2815 	 565 	 0.850426 	 0.00234059	0.00488993
2815 	 570 	 0.850493 	 0.00234736	0.00490407
2815 	 575 	 0.850558 	 0.00235414	0.00491823
2815 	 580 	 0.850623 	 0.00236093	0.00493242
2815 	 585 	 0.850687 	 0.00236773	0.00494662
2815 	 590 	 0.85075 	 0.00237453	0.00496083
2815 	 595 	 0.850812 	 0.00238134	0.00497506
2815 	 600 	 0.850873 	 0.00238816	0.00498929
2815 	 605 	 0.850933 	 0.00239497	0.00500353
2815 	 610 	 0.850992 	 0.00240179	0.00501777
2815 	 615 	 0.85105 	 0.0024086	0.00503201
2815 	 620 	 0.851107 	 0.00241541	0.00504624
2815 	 625 	 0.851164 	 0.00242223	0.00506047
2815 	 630 	 0.85122 	 0.00242903	0.00507469
2815 	 635 	 0.851275 	 0.00243584	0.00508891
2815 	 640 	 0.851329 	 0.00244263	0.00510311
2815 	 645 	 0.851382 	 0.00244943	0.0051173
2815 	 650 	 0.851435 	 0.00245621	0.00513147
2815 	 655 	 0.851487 	 0.00246299	0.00514562
2815 	 660 	 0.851538 	 0.00246975	0.00515976
2815 	 665 	 0.851589 	 0.00247651	0.00517388
2815 	 670 	 0.851639 	 0.00248325	0.00518797
2815 	 675 	 0.851688 	 0.00248999	0.00520204
2815 	 680 	 0.851736 	 0.00249671	0.00521609
2815 	 685 	 0.851784 	 0.00250342	0.00523011
2815 	 690 	 0.851831 	 0.00251012	0.0052441
2815 	 695 	 0.851878 	 0.00251681	0.00525807
2815 	 700 	 0.851924 	 0.00252348	0.005272
2815 	 705 	 0.85197 	 0.00253013	0.00528591
2815 	 710 	 0.852014 	 0.00253677	0.00529978
2815 	 715 	 0.852059 	 0.0025434	0.00531362
2815 	 720 	 0.852103 	 0.00255001	0.00532743
2815 	 725 	 0.852146 	 0.0025566	0.0053412
2815 	 730 	 0.852188 	 0.00256317	0.00535493
2815 	 735 	 0.85223 	 0.00256973	0.00536864
2815 	 740 	 0.852272 	 0.00257627	0.0053823
2815 	 745 	 0.852313 	 0.00258279	0.00539593
2815 	 750 	 0.852354 	 0.0025893	0.00540952
2815 	 755 	 0.852394 	 0.00259578	0.00542307
2815 	 760 	 0.852433 	 0.00260225	0.00543658
2815 	 765 	 0.852473 	 0.0026087	0.00545005
2815 	 770 	 0.852511 	 0.00261513	0.00546348
2815 	 775 	 0.852549 	 0.00262154	0.00547687
2815 	 780 	 0.852587 	 0.00262793	0.00549022
2815 	 785 	 0.852625 	 0.0026343	0.00550353
2815 	 790 	 0.852661 	 0.00264065	0.00551679
2815 	 795 	 0.852698 	 0.00264698	0.00553001
2815 	 800 	 0.852734 	 0.00265328	0.00554319
2815 	 805 	 0.85277 	 0.00265957	0.00555633
2815 	 810 	 0.852805 	 0.00266584	0.00556942
2815 	 815 	 0.85284 	 0.00267208	0.00558247
2815 	 820 	 0.852874 	 0.00267831	0.00559548
2815 	 825 	 0.852908 	 0.00268451	0.00560844
2815 	 830 	 0.852942 	 0.00269069	0.00562135
2815 	 835 	 0.852975 	 0.00269686	0.00563422
2815 	 840 	 0.853008 	 0.00270299	0.00564705
2815 	 845 	 0.853041 	 0.00270911	0.00565983
2815 	 850 	 0.853073 	 0.00271521	0.00567256
2815 	 855 	 0.853105 	 0.00272128	0.00568525
2815 	 860 	 0.853137 	 0.00272733	0.0056979
2815 	 865 	 0.853168 	 0.00273336	0.00571049
2815 	 870 	 0.853199 	 0.00273937	0.00572305
2815 	 875 	 0.853229 	 0.00274536	0.00573555
2815 	 880 	 0.85326 	 0.00275132	0.00574801
2815 	 885 	 0.853289 	 0.00275726	0.00576043
2815 	 890 	 0.853319 	 0.00276318	0.0057728
2815 	 895 	 0.853348 	 0.00276908	0.00578512
2815 	 900 	 0.853377 	 0.00277496	0.00579739
2815 	 905 	 0.853406 	 0.00278081	0.00580962
2815 	 910 	 0.853435 	 0.00278664	0.00582181
2815 	 915 	 0.853463 	 0.00279245	0.00583395
2815 	 920 	 0.853491 	 0.00279824	0.00584604
2815 	 925 	 0.853518 	 0.00280401	0.00585808
2815 	 930 	 0.853546 	 0.00280975	0.00587008
2815 	 935 	 0.853573 	 0.00281547	0.00588203
2815 	 940 	 0.853599 	 0.00282117	0.00589394
2815 	 945 	 0.853626 	 0.00282685	0.0059058
2815 	 950 	 0.853652 	 0.0028325	0.00591761
2815 	 955 	 0.853678 	 0.00283814	0.00592938
2815 	 960 	 0.853704 	 0.00284375	0.00594111
2815 	 965 	 0.85373 	 0.00284934	0.00595278
2815 	 970 	 0.853755 	 0.0028549	0.00596441
2815 	 975 	 0.85378 	 0.00286045	0.005976
2815 	 980 	 0.853805 	 0.00286597	0.00598754
2815 	 985 	 0.853829 	 0.00287148	0.00599903
2815 	 990 	 0.853854 	 0.00287696	0.00601048
2815 	 995 	 0.853878 	 0.00288241	0.00602189
2815 	 1000 	 0.853902 	 0.00288785	0.00603325
2815 	 1005 	 0.853925 	 0.00289327	0.00604456
2815 	 1010 	 0.853949 	 0.00289866	0.00605583
2815 	 1015 	 0.853972 	 0.00290403	0.00606706
2815 	 1020 	 0.853995 	 0.00290939	0.00607824
2815 	 1025 	 0.854018 	 0.00291472	0.00608937
2815 	 1030 	 0.854041 	 0.00292003	0.00610047
2815 	 1035 	 0.854063 	 0.00292531	0.00611151
2815 	 1040 	 0.854085 	 0.00293058	0.00612252
2815 	 1045 	 0.854107 	 0.00293583	0.00613348
2815 	 1050 	 0.854129 	 0.00294105	0.00614439
2815 	 1055 	 0.854151 	 0.00294626	0.00615526
2815 	 1060 	 0.854172 	 0.00295144	0.00616609
2815 	 1065 	 0.854194 	 0.0029566	0.00617688
2815 	 1070 	 0.854215 	 0.00296174	0.00618762
2815 	 1075 	 0.854236 	 0.00296686	0.00619832
2815 	 1080 	 0.854256 	 0.00297197	0.00620898
2815 	 1085 	 0.854277 	 0.00297705	0.00621959
2815 	 1090 	 0.854297 	 0.00298211	0.00623016
2815 	 1095 	 0.854318 	 0.00298715	0.00624069
2815 	 1100 	 0.854338 	 0.00299217	0.00625118
2815 	 1105 	 0.854357 	 0.00299717	0.00626163
2815 	 1110 	 0.854377 	 0.00300215	0.00627203
2815 	 1115 	 0.854397 	 0.00300711	0.00628239
2815 	 1120 	 0.854416 	 0.00301205	0.00629271
2815 	 1125 	 0.854435 	 0.00301697	0.00630299
2815 	 1130 	 0.854454 	 0.00302187	0.00631323
2815 	 1135 	 0.854473 	 0.00302675	0.00632343
2815 	 1140 	 0.854492 	 0.00303161	0.00633359
2815 	 1145 	 0.854511 	 0.00303645	0.0063437
2815 	 1150 	 0.854529 	 0.00304128	0.00635378
2815 	 1155 	 0.854547 	 0.00304608	0.00636382
2815 	 1160 	 0.854566 	 0.00305086	0.00637381
2815 	 1165 	 0.854584 	 0.00305563	0.00638377
2815 	 1170 	 0.854602 	 0.00306038	0.00639368
2815 	 1175 	 0.854619 	 0.0030651	0.00640356
2815 	 1180 	 0.854637 	 0.00306981	0.0064134
2815 	 1185 	 0.854654 	 0.0030745	0.0064232
2815 	 1190 	 0.854672 	 0.00307918	0.00643296
2815 	 1195 	 0.854689 	 0.00308383	0.00644268
2815 	 1200 	 0.854706 	 0.00308846	0.00645236
2815 	 1205 	 0.854723 	 0.00309308	0.00646201
2815 	 1210 	 0.85474 	 0.00309768	0.00647161
2815 	 1215 	 0.854756 	 0.00310226	0.00648118
2815 	 1220 	 0.854773 	 0.00310682	0.00649071
2815 	 1225 	 0.854789 	 0.00311136	0.0065002
2815 	 1230 	 0.854806 	 0.00311589	0.00650966
2815 	 1235 	 0.854822 	 0.0031204	0.00651908
2815 	 1240 	 0.854838 	 0.00312489	0.00652846
2815 	 1245 	 0.854854 	 0.00312936	0.0065378
2815 	 1250 	 0.85487 	 0.00313381	0.00654711
2815 	 1255 	 0.854885 	 0.00313825	0.00655638
2815 	 1260 	 0.854901 	 0.00314267	0.00656562
2815 	 1265 	 0.854916 	 0.00314708	0.00657481
2815 	 1270 	 0.854932 	 0.00315146	0.00658398
2815 	 1275 	 0.854947 	 0.00315583	0.0065931
2815 	 1280 	 0.854962 	 0.00316018	0.0066022
2815 	 1285 	 0.854977 	 0.00316452	0.00661125
2815 	 1290 	 0.854992 	 0.00316883	0.00662027
2815 	 1295 	 0.855007 	 0.00317313	0.00662926
2815 	 1300 	 0.855022 	 0.00317742	0.00663821
2815 	 1305 	 0.855036 	 0.00318169	0.00664712
2815 	 1310 	 0.855051 	 0.00318594	0.006656
2815 	 1315 	 0.855065 	 0.00319017	0.00666485
2815 	 1320 	 0.855079 	 0.00319439	0.00667366
2815 	 1325 	 0.855094 	 0.00319859	0.00668244
2815 	 1330 	 0.855108 	 0.00320278	0.00669119
2815 	 1335 	 0.855122 	 0.00320695	0.0066999
2815 	 1340 	 0.855136 	 0.0032111	0.00670858
2815 	 1345 	 0.855149 	 0.00321524	0.00671722
2815 	 1350 	 0.855163 	 0.00321936	0.00672583
2815 	 1355 	 0.855177 	 0.00322347	0.00673441
2815 	 1360 	 0.85519 	 0.00322756	0.00674296
2815 	 1365 	 0.855204 	 0.00323163	0.00675147
2815 	 1370 	 0.855217 	 0.00323569	0.00675995
2815 	 1375 	 0.85523 	 0.00323974	0.0067684
2815 	 1380 	 0.855244 	 0.00324377	0.00677682
2815 	 1385 	 0.855257 	 0.00324778	0.0067852
2815 	 1390 	 0.85527 	 0.00325178	0.00679355
2815 	 1395 	 0.855283 	 0.00325576	0.00680187
2815 	 1400 	 0.855295 	 0.00325973	0.00681016
2815 	 1405 	 0.855308 	 0.00326368	0.00681842
2815 	 1410 	 0.855321 	 0.00326762	0.00682665
2815 	 1415 	 0.855333 	 0.00327154	0.00683485
2815 	 1420 	 0.855346 	 0.00327545	0.00684301
2815 	 1425 	 0.855358 	 0.00327934	0.00685115
2815 	 1430 	 0.855371 	 0.00328322	0.00685925
2815 	 1435 	 0.855383 	 0.00328709	0.00686732
2815 	 1440 	 0.855395 	 0.00329094	0.00687537
2815 	 1445 	 0.855407 	 0.00329477	0.00688338
2815 	 1450 	 0.855419 	 0.00329859	0.00689137
2815 	 1455 	 0.855431 	 0.0033024	0.00689932
2815 	 1460 	 0.855443 	 0.0033062	0.00690724
2815 	 1465 	 0.855455 	 0.00330997	0.00691514
2815 	 1470 	 0.855466 	 0.00331374	0.00692301
2815 	 1475 	 0.855478 	 0.00331749	0.00693084
2815 	 1480 	 0.85549 	 0.00332123	0.00693865
2815 	 1485 	 0.855501 	 0.00332495	0.00694643
2815 	 1490 	 0.855513 	 0.00332866	0.00695418
2815 	 1495 	 0.855524 	 0.00333236	0.00696191
2815 	 1500 	 0.855535 	 0.00333604	0.0069696
2815 	 1505 	 0.855546 	 0.00333971	0.00697727
2815 	 1510 	 0.855558 	 0.00334337	0.0069849
2815 	 1515 	 0.855569 	 0.00334701	0.00699251
2815 	 1520 	 0.85558 	 0.00335064	0.0070001
2815 	 1525 	 0.855591 	 0.00335426	0.00700765
2815 	 1530 	 0.855602 	 0.00335786	0.00701518
2815 	 1535 	 0.855612 	 0.00336145	0.00702268
2815 	 1540 	 0.855623 	 0.00336503	0.00703015
2815 	 1545 	 0.855634 	 0.00336859	0.0070376
2815 	 1550 	 0.855644 	 0.00337214	0.00704502
2815 	 1555 	 0.855655 	 0.00337568	0.00705241
2815 	 1560 	 0.855665 	 0.00337921	0.00705978
2815 	 1565 	 0.855676 	 0.00338272	0.00706712
2815 	 1570 	 0.855686 	 0.00338622	0.00707443
2815 	 1575 	 0.855697 	 0.00338971	0.00708172
2815 	 1580 	 0.855707 	 0.00339318	0.00708898
2815 	 1585 	 0.855717 	 0.00339665	0.00709621
2815 	 1590 	 0.855727 	 0.0034001	0.00710342
2815 	 1595 	 0.855737 	 0.00340354	0.00711061
2815 	 1600 	 0.855747 	 0.00340696	0.00711777
2815 	 1605 	 0.855757 	 0.00341038	0.0071249
2815 	 1610 	 0.855767 	 0.00341378	0.00713201
2815 	 1615 	 0.855777 	 0.00341717	0.00713909
2815 	 1620 	 0.855787 	 0.00342055	0.00714615
2815 	 1625 	 0.855796 	 0.00342392	0.00715318
2815 	 1630 	 0.855806 	 0.00342727	0.00716019
2815 	 1635 	 0.855816 	 0.00343061	0.00716718
2815 	 1640 	 0.855825 	 0.00343394	0.00717414
2815 	 1645 	 0.855835 	 0.00343726	0.00718107
2815 	 1650 	 0.855844 	 0.00344057	0.00718798
2815 	 1655 	 0.855854 	 0.00344387	0.00719487
2815 	 1660 	 0.855863 	 0.00344715	0.00720173
2815 	 1665 	 0.855872 	 0.00345043	0.00720857
2815 	 1670 	 0.855882 	 0.00345369	0.00721539
2815 	 1675 	 0.855891 	 0.00345694	0.00722218
2815 	 1680 	 0.8559 	 0.00346018	0.00722895
2815 	 1685 	 0.855909 	 0.00346341	0.00723569
2815 	 1690 	 0.855918 	 0.00346663	0.00724242
2815 	 1695 	 0.855927 	 0.00346983	0.00724912
2815 	 1700 	 0.855936 	 0.00347303	0.00725579
2815 	 1705 	 0.855945 	 0.00347621	0.00726245
2815 	 1710 	 0.855954 	 0.00347939	0.00726908
2815 	 1715 	 0.855963 	 0.00348255	0.00727568
2815 	 1720 	 0.855971 	 0.0034857	0.00728227
2815 	 1725 	 0.85598 	 0.00348885	0.00728883
2815 	 1730 	 0.855989 	 0.00349198	0.00729537
2815 	 1735 	 0.855997 	 0.0034951	0.00730189
2815 	 1740 	 0.856006 	 0.00349821	0.00730839
2815 	 1745 	 0.856014 	 0.00350131	0.00731486
2815 	 1750 	 0.856023 	 0.00350439	0.00732132
2815 	 1755 	 0.856031 	 0.00350747	0.00732775
2815 	 1760 	 0.85604 	 0.00351054	0.00733416
2815 	 1765 	 0.856048 	 0.0035136	0.00734055
2815 	 1770 	 0.856056 	 0.00351665	0.00734691
2815 	 1775 	 0.856065 	 0.00351968	0.00735326
2815 	 1780 	 0.856073 	 0.00352271	0.00735958
2815 	 1785 	 0.856081 	 0.00352573	0.00736589
2815 	 1790 	 0.856089 	 0.00352874	0.00737217
2815 	 1795 	 0.856097 	 0.00353173	0.00737843
2815 	 1800 	 0.856105 	 0.00353472	0.00738467
2815 	 1805 	 0.856113 	 0.0035377	0.00739089
2815 	 1810 	 0.856121 	 0.00354066	0.00739709
2815 	 1815 	 0.856129 	 0.00354362	0.00740327
2815 	 1820 	 0.856137 	 0.00354657	0.00740943
2815 	 1825 	 0.856145 	 0.00354951	0.00741557
2815 	 1830 	 0.856153 	 0.00355244	0.00742169
2815 	 1835 	 0.85616 	 0.00355536	0.00742779
2815 	 1840 	 0.856168 	 0.00355827	0.00743387
2815 	 1845 	 0.856176 	 0.00356117	0.00743993
2815 	 1850 	 0.856184 	 0.00356406	0.00744597
2815 	 1855 	 0.856191 	 0.00356694	0.00745199
2815 	 1860 	 0.856199 	 0.00356981	0.00745799
2815 	 1865 	 0.856206 	 0.00357267	0.00746397
2815 	 1870 	 0.856214 	 0.00357553	0.00746993
2815 	 1875 	 0.856221 	 0.00357837	0.00747587
2815 	 1880 	 0.856229 	 0.00358121	0.0074818
2815 	 1885 	 0.856236 	 0.00358403	0.0074877
2815 	 1890 	 0.856243 	 0.00358685	0.00749358
2815 	 1895 	 0.856251 	 0.00358966	0.00749945
2815 	 1900 	 0.856258 	 0.00359246	0.0075053
2815 	 1905 	 0.856265 	 0.00359525	0.00751113
2815 	 1910 	 0.856272 	 0.00359803	0.00751694
2815 	 1915 	 0.85628 	 0.0036008	0.00752273
2815 	 1920 	 0.856287 	 0.00360356	0.0075285
2815 	 1925 	 0.856294 	 0.00360632	0.00753426
2815 	 1930 	 0.856301 	 0.00360907	0.00754
2815 	 1935 	 0.856308 	 0.0036118	0.00754571
2815 	 1940 	 0.856315 	 0.00361453	0.00755142
2815 	 1945 	 0.856322 	 0.00361725	0.0075571
2815 	 1950 	 0.856329 	 0.00361996	0.00756276
2815 	 1955 	 0.856336 	 0.00362267	0.00756841
2815 	 1960 	 0.856343 	 0.00362536	0.00757404
2815 	 1965 	 0.856349 	 0.00362805	0.00757965
2815 	 1970 	 0.856356 	 0.00363073	0.00758525
2815 	 1975 	 0.856363 	 0.00363339	0.00759082
2815 	 1980 	 0.85637 	 0.00363606	0.00759638
2815 	 1985 	 0.856377 	 0.00363871	0.00760193
2815 	 1990 	 0.856383 	 0.00364135	0.00760745
2815 	 1995 	 0.85639 	 0.00364399	0.00761296
2815 	 2000 	 0.856397 	 0.00364662	0.00761845
2815 	 2005 	 0.856403 	 0.00364924	0.00762392
2815 	 2010 	 0.85641 	 0.00365185	0.00762938
2815 	 2015 	 0.856416 	 0.00365446	0.00763482
2815 	 2020 	 0.856423 	 0.00365705	0.00764025
2815 	 2025 	 0.856429 	 0.00365964	0.00764565
2815 	 2030 	 0.856436 	 0.00366222	0.00765104
2815 	 2035 	 0.856442 	 0.00366479	0.00765642
2815 	 2040 	 0.856448 	 0.00366736	0.00766178
2815 	 2045 	 0.856455 	 0.00366991	0.00766712
2815 	 2050 	 0.856461 	 0.00367246	0.00767244
2815 	 2055 	 0.856467 	 0.003675	0.00767775
2815 	 2060 	 0.856474 	 0.00367754	0.00768305
2815 	 2065 	 0.85648 	 0.00368006	0.00768832
2815 	 2070 	 0.856486 	 0.00368258	0.00769358
2815 	 2075 	 0.856492 	 0.00368509	0.00769883
2815 	 2080 	 0.856498 	 0.0036876	0.00770406
2815 	 2085 	 0.856505 	 0.00369009	0.00770927
2815 	 2090 	 0.856511 	 0.00369258	0.00771447
2815 	 2095 	 0.856517 	 0.00369506	0.00771965
2815 	 2100 	 0.856523 	 0.00369753	0.00772482
2815 	 2105 	 0.856529 	 0.0037	0.00772997
2815 	 2110 	 0.856535 	 0.00370246	0.00773511
2815 	 2115 	 0.856541 	 0.00370491	0.00774023
2815 	 2120 	 0.856547 	 0.00370735	0.00774534
2815 	 2125 	 0.856553 	 0.00370979	0.00775043
2815 	 2130 	 0.856559 	 0.00371222	0.0077555
2815 	 2135 	 0.856564 	 0.00371464	0.00776056
2815 	 2140 	 0.85657 	 0.00371706	0.00776561
2815 	 2145 	 0.856576 	 0.00371946	0.00777064
2815 	 2150 	 0.856582 	 0.00372187	0.00777566
2815 	 2155 	 0.856588 	 0.00372426	0.00778066
2815 	 2160 	 0.856593 	 0.00372665	0.00778564
2815 	 2165 	 0.856599 	 0.00372903	0.00779062
2815 	 2170 	 0.856605 	 0.0037314	0.00779557
2815 	 2175 	 0.85661 	 0.00373377	0.00780052
2815 	 2180 	 0.856616 	 0.00373613	0.00780545
2815 	 2185 	 0.856622 	 0.00373848	0.00781036
2815 	 2190 	 0.856627 	 0.00374082	0.00781526
2815 	 2195 	 0.856633 	 0.00374316	0.00782015
2815 	 2200 	 0.856638 	 0.00374549	0.00782502
2815 	 2205 	 0.856644 	 0.00374782	0.00782988
2815 	 2210 	 0.856649 	 0.00375014	0.00783472
2815 	 2215 	 0.856655 	 0.00375245	0.00783955
2815 	 2220 	 0.85666 	 0.00375476	0.00784437
2815 	 2225 	 0.856666 	 0.00375705	0.00784917
2815 	 2230 	 0.856671 	 0.00375935	0.00785396
2815 	 2235 	 0.856677 	 0.00376163	0.00785873
2815 	 2240 	 0.856682 	 0.00376391	0.0078635
2815 	 2245 	 0.856687 	 0.00376618	0.00786824
2815 	 2250 	 0.856693 	 0.00376845	0.00787298
2815 	 2255 	 0.856698 	 0.00377071	0.0078777
2815 	 2260 	 0.856703 	 0.00377296	0.00788241
2815 	 2265 	 0.856708 	 0.00377521	0.0078871
2815 	 2270 	 0.856714 	 0.00377745	0.00789178
2815 	 2275 	 0.856719 	 0.00377968	0.00789645
2815 	 2280 	 0.856724 	 0.00378191	0.0079011
2815 	 2285 	 0.856729 	 0.00378413	0.00790575
2815 	 2290 	 0.856734 	 0.00378635	0.00791037
2815 	 2295 	 0.85674 	 0.00378856	0.00791499
2815 	 2300 	 0.856745 	 0.00379076	0.00791959
2815 	 2305 	 0.85675 	 0.00379296	0.00792418
2815 	 2310 	 0.856755 	 0.00379515	0.00792876
2815 	 2315 	 0.85676 	 0.00379733	0.00793332
2815 	 2320 	 0.856765 	 0.00379951	0.00793787
2815 	 2325 	 0.85677 	 0.00380169	0.00794241
2815 	 2330 	 0.856775 	 0.00380385	0.00794694
2815 	 2335 	 0.85678 	 0.00380601	0.00795145
2815 	 2340 	 0.856785 	 0.00380817	0.00795595
2815 	 2345 	 0.85679 	 0.00381032	0.00796044
2815 	 2350 	 0.856795 	 0.00381246	0.00796492
2815 	 2355 	 0.8568 	 0.00381459	0.00796938
2815 	 2360 	 0.856804 	 0.00381673	0.00797384
2815 	 2365 	 0.856809 	 0.00381885	0.00797828
2815 	 2370 	 0.856814 	 0.00382097	0.0079827
2815 	 2375 	 0.856819 	 0.00382308	0.00798712
2815 	 2380 	 0.856824 	 0.00382519	0.00799152
2815 	 2385 	 0.856829 	 0.00382729	0.00799591
2815 	 2390 	 0.856833 	 0.00382939	0.00800029
2815 	 2395 	 0.856838 	 0.00383148	0.00800466
2815 	 2400 	 0.856843 	 0.00383357	0.00800902
2815 	 2405 	 0.856847 	 0.00383564	0.00801336
2815 	 2410 	 0.856852 	 0.00383772	0.00801769
2815 	 2415 	 0.856857 	 0.00383979	0.00802201
2815 	 2420 	 0.856861 	 0.00384185	0.00802632
2815 	 2425 	 0.856866 	 0.00384391	0.00803062
2815 	 2430 	 0.856871 	 0.00384596	0.00803491
2815 	 2435 	 0.856875 	 0.003848	0.00803918
2815 	 2440 	 0.85688 	 0.00385004	0.00804344
2815 	 2445 	 0.856884 	 0.00385208	0.00804769
2815 	 2450 	 0.856889 	 0.00385411	0.00805193
2815 	 2455 	 0.856894 	 0.00385613	0.00805616
2815 	 2460 	 0.856898 	 0.00385815	0.00806038
2815 	 2465 	 0.856903 	 0.00386016	0.00806459
2815 	 2470 	 0.856907 	 0.00386217	0.00806878
2815 	 2475 	 0.856911 	 0.00386418	0.00807297
2815 	 2480 	 0.856916 	 0.00386617	0.00807714
2815 	 2485 	 0.85692 	 0.00386817	0.0080813
2815 	 2490 	 0.856925 	 0.00387015	0.00808545
2815 	 2495 	 0.856929 	 0.00387213	0.00808959
2815 	 2500 	 0.856934 	 0.00387411	0.00809372
2815 	 2505 	 0.856938 	 0.00387608	0.00809784
2815 	 2510 	 0.856942 	 0.00387805	0.00810195
2815 	 2515 	 0.856947 	 0.00388001	0.00810605
2815 	 2520 	 0.856951 	 0.00388197	0.00811013
2815 	 2525 	 0.856955 	 0.00388392	0.00811421
2815 	 2530 	 0.856959 	 0.00388586	0.00811827
2815 	 2535 	 0.856964 	 0.0038878	0.00812233
2815 	 2540 	 0.856968 	 0.00388974	0.00812637
2815 	 2545 	 0.856972 	 0.00389167	0.00813041
2815 	 2550 	 0.856976 	 0.00389359	0.00813443
2815 	 2555 	 0.856981 	 0.00389552	0.00813844
2815 	 2560 	 0.856985 	 0.00389743	0.00814244
2815 	 2565 	 0.856989 	 0.00389934	0.00814644
2815 	 2570 	 0.856993 	 0.00390125	0.00815042
2815 	 2575 	 0.856997 	 0.00390315	0.00815439
2815 	 2580 	 0.857001 	 0.00390504	0.00815835
2815 	 2585 	 0.857006 	 0.00390694	0.0081623
2815 	 2590 	 0.85701 	 0.00390882	0.00816624
2815 	 2595 	 0.857014 	 0.0039107	0.00817017
2815 	 2600 	 0.857018 	 0.00391258	0.00817409
2815 	 2605 	 0.857022 	 0.00391445	0.00817801
2815 	 2610 	 0.857026 	 0.00391632	0.00818191
2815 	 2615 	 0.85703 	 0.00391818	0.0081858
2815 	 2620 	 0.857034 	 0.00392004	0.00818968
2815 	 2625 	 0.857038 	 0.00392189	0.00819355
2815 	 2630 	 0.857042 	 0.00392374	0.00819741
2815 	 2635 	 0.857046 	 0.00392559	0.00820126
2815 	 2640 	 0.85705 	 0.00392742	0.00820511
2815 	 2645 	 0.857054 	 0.00392926	0.00820894
2815 	 2650 	 0.857058 	 0.00393109	0.00821276
2815 	 2655 	 0.857062 	 0.00393291	0.00821658
2815 	 2660 	 0.857066 	 0.00393474	0.00822038
2815 	 2665 	 0.85707 	 0.00393655	0.00822417
2815 	 2670 	 0.857073 	 0.00393836	0.00822796
2815 	 2675 	 0.857077 	 0.00394017	0.00823173
2815 	 2680 	 0.857081 	 0.00394197	0.0082355
2815 	 2685 	 0.857085 	 0.00394377	0.00823926
2815 	 2690 	 0.857089 	 0.00394556	0.008243
2815 	 2695 	 0.857093 	 0.00394735	0.00824674
2815 	 2700 	 0.857096 	 0.00394914	0.00825047
2815 	 2705 	 0.8571 	 0.00395092	0.00825419
2815 	 2710 	 0.857104 	 0.0039527	0.0082579
2815 	 2715 	 0.857108 	 0.00395447	0.0082616
2815 	 2720 	 0.857111 	 0.00395623	0.00826529
2815 	 2725 	 0.857115 	 0.003958	0.00826898
2815 	 2730 	 0.857119 	 0.00395976	0.00827265
2815 	 2735 	 0.857123 	 0.00396151	0.00827632
2815 	 2740 	 0.857126 	 0.00396326	0.00827997
2815 	 2745 	 0.85713 	 0.00396501	0.00828362
2815 	 2750 	 0.857134 	 0.00396675	0.00828726
2815 	 2755 	 0.857137 	 0.00396848	0.00829089
2815 	 2760 	 0.857141 	 0.00397022	0.00829451
2815 	 2765 	 0.857145 	 0.00397195	0.00829812
2815 	 2770 	 0.857148 	 0.00397367	0.00830172
2815 	 2775 	 0.857152 	 0.00397539	0.00830532
2815 	 2780 	 0.857155 	 0.00397711	0.0083089
2815 	 2785 	 0.857159 	 0.00397882	0.00831248
2815 	 2790 	 0.857163 	 0.00398053	0.00831605
2815 	 2795 	 0.857166 	 0.00398223	0.00831961
2815 	 2800 	 0.85717 	 0.00398393	0.00832316
2815 	 2805 	 0.857173 	 0.00398563	0.0083267
2815 	 2810 	 0.857177 	 0.00398732	0.00833024
2815 	 2815 	 0.85718 	 0.00398901	0.00833376
2815 	 2820 	 0.857184 	 0.00399069	0.00833728
2815 	 2825 	 0.857187 	 0.00399237	0.00834079
2815 	 2830 	 0.857191 	 0.00399405	0.00834429
2815 	 2835 	 0.857194 	 0.00399572	0.00834778
2815 	 2840 	 0.857198 	 0.00399738	0.00835127
2815 	 2845 	 0.857201 	 0.00399905	0.00835474
2815 	 2850 	 0.857205 	 0.00400071	0.00835821
2815 	 2855 	 0.857208 	 0.00400236	0.00836167
2815 	 2860 	 0.857211 	 0.00400402	0.00836512
2815 	 2865 	 0.857215 	 0.00400566	0.00836856
2815 	 2870 	 0.857218 	 0.00400731	0.008372
2815 	 2875 	 0.857222 	 0.00400895	0.00837542
2815 	 2880 	 0.857225 	 0.00401058	0.00837884
2815 	 2885 	 0.857228 	 0.00401222	0.00838225
2815 	 2890 	 0.857232 	 0.00401385	0.00838566
2815 	 2895 	 0.857235 	 0.00401547	0.00838905
2815 	 2900 	 0.857238 	 0.00401709	0.00839244
2815 	 2905 	 0.857242 	 0.00401871	0.00839582
2815 	 2910 	 0.857245 	 0.00402032	0.00839919
2815 	 2915 	 0.857248 	 0.00402193	0.00840255
2815 	 2920 	 0.857252 	 0.00402354	0.0084059
2815 	 2925 	 0.857255 	 0.00402514	0.00840925
2815 	 2930 	 0.857258 	 0.00402674	0.00841259
2815 	 2935 	 0.857261 	 0.00402833	0.00841592
2815 	 2940 	 0.857265 	 0.00402993	0.00841925
2815 	 2945 	 0.857268 	 0.00403151	0.00842257
2815 	 2950 	 0.857271 	 0.0040331	0.00842587
2815 	 2955 	 0.857274 	 0.00403468	0.00842918
2815 	 2960 	 0.857277 	 0.00403625	0.00843247
2815 	 2965 	 0.857281 	 0.00403783	0.00843576
2815 	 2970 	 0.857284 	 0.0040394	0.00843903
2815 	 2975 	 0.857287 	 0.00404096	0.00844231
2815 	 2980 	 0.85729 	 0.00404252	0.00844557
2815 	 2985 	 0.857293 	 0.00404408	0.00844883
2815 	 2990 	 0.857296 	 0.00404564	0.00845207
2815 	 2995 	 0.8573 	 0.00404719	0.00845532
2815 	 3000 	 0.857303 	 0.00404874	0.00845855
2815 	 3005 	 0.857306 	 0.00405028	0.00846178
2815 	 3010 	 0.857309 	 0.00405182	0.008465
2815 	 3015 	 0.857312 	 0.00405336	0.00846821
2815 	 3020 	 0.857315 	 0.00405489	0.00847141
2815 	 3025 	 0.857318 	 0.00405643	0.00847461
2815 	 3030 	 0.857321 	 0.00405795	0.0084778
2815 	 3035 	 0.857324 	 0.00405948	0.00848099
2815 	 3040 	 0.857327 	 0.004061	0.00848416
2815 	 3045 	 0.85733 	 0.00406251	0.00848733
2815 	 3050 	 0.857333 	 0.00406403	0.00849049
2815 	 3055 	 0.857336 	 0.00406554	0.00849365
2815 	 3060 	 0.857339 	 0.00406704	0.00849679
2815 	 3065 	 0.857342 	 0.00406855	0.00849994
2815 	 3070 	 0.857345 	 0.00407005	0.00850307
2815 	 3075 	 0.857348 	 0.00407154	0.0085062
2815 	 3080 	 0.857351 	 0.00407304	0.00850932
2815 	 3085 	 0.857354 	 0.00407453	0.00851243
2815 	 3090 	 0.857357 	 0.00407601	0.00851553
2815 	 3095 	 0.85736 	 0.0040775	0.00851863
2815 	 3100 	 0.857363 	 0.00407898	0.00852173
2815 	 3105 	 0.857366 	 0.00408045	0.00852481
2815 	 3110 	 0.857369 	 0.00408193	0.00852789
2815 	 3115 	 0.857372 	 0.0040834	0.00853096
2815 	 3120 	 0.857375 	 0.00408486	0.00853403
2815 	 3125 	 0.857378 	 0.00408633	0.00853708
2815 	 3130 	 0.857381 	 0.00408779	0.00854014
2815 	 3135 	 0.857384 	 0.00408925	0.00854318
2815 	 3140 	 0.857386 	 0.0040907	0.00854622
2815 	 3145 	 0.857389 	 0.00409215	0.00854925
2815 	 3150 	 0.857392 	 0.0040936	0.00855228
2815 	 3155 	 0.857395 	 0.00409504	0.00855529
2815 	 3160 	 0.857398 	 0.00409649	0.00855831
2815 	 3165 	 0.857401 	 0.00409792	0.00856131
2815 	 3170 	 0.857404 	 0.00409936	0.00856431
2815 	 3175 	 0.857406 	 0.00410079	0.0085673
2815 	 3180 	 0.857409 	 0.00410222	0.00857029
2815 	 3185 	 0.857412 	 0.00410365	0.00857327
2815 	 3190 	 0.857415 	 0.00410507	0.00857624
2815 	 3195 	 0.857418 	 0.00410649	0.00857921
2815 	 3200 	 0.85742 	 0.00410791	0.00858217
2815 	 3205 	 0.857423 	 0.00410932	0.00858512
2815 	 3210 	 0.857426 	 0.00411073	0.00858807
2815 	 3215 	 0.857429 	 0.00411214	0.00859101
2815 	 3220 	 0.857431 	 0.00411354	0.00859394
2815 	 3225 	 0.857434 	 0.00411495	0.00859687
2815 	 3230 	 0.857437 	 0.00411634	0.00859979
2815 	 3235 	 0.857439 	 0.00411774	0.00860271
2815 	 3240 	 0.857442 	 0.00411913	0.00860562
2815 	 3245 	 0.857445 	 0.00412052	0.00860852
2815 	 3250 	 0.857448 	 0.00412191	0.00861142
2815 	 3255 	 0.85745 	 0.00412329	0.00861431
2815 	 3260 	 0.857453 	 0.00412467	0.00861719
2815 	 3265 	 0.857456 	 0.00412605	0.00862007
2815 	 3270 	 0.857458 	 0.00412743	0.00862295
2815 	 3275 	 0.857461 	 0.0041288	0.00862581
2815 	 3280 	 0.857464 	 0.00413017	0.00862867
2815 	 3285 	 0.857466 	 0.00413153	0.00863153
2815 	 3290 	 0.857469 	 0.0041329	0.00863438
2815 	 3295 	 0.857472 	 0.00413426	0.00863722
2815 	 3300 	 0.857474 	 0.00413562	0.00864006
2815 	 3305 	 0.857477 	 0.00413697	0.00864289
2815 	 3310 	 0.857479 	 0.00413832	0.00864571
2815 	 3315 	 0.857482 	 0.00413967	0.00864853
2815 	 3320 	 0.857485 	 0.00414102	0.00865134
2815 	 3325 	 0.857487 	 0.00414236	0.00865415
2815 	 3330 	 0.85749 	 0.0041437	0.00865695
2815 	 3335 	 0.857492 	 0.00414504	0.00865975
2815 	 3340 	 0.857495 	 0.00414638	0.00866254
2815 	 3345 	 0.857497 	 0.00414771	0.00866532
2815 	 3350 	 0.8575 	 0.00414904	0.0086681
2815 	 3355 	 0.857502 	 0.00415037	0.00867087
2815 	 3360 	 0.857505 	 0.00415169	0.00867364
2815 	 3365 	 0.857508 	 0.00415301	0.0086764
2815 	 3370 	 0.85751 	 0.00415433	0.00867915
2815 	 3375 	 0.857513 	 0.00415565	0.0086819
2815 	 3380 	 0.857515 	 0.00415696	0.00868464
2815 	 3385 	 0.857518 	 0.00415827	0.00868738
2815 	 3390 	 0.85752 	 0.00415958	0.00869011
2815 	 3395 	 0.857523 	 0.00416088	0.00869284
2815 	 3400 	 0.857525 	 0.00416219	0.00869556
2815 	 3405 	 0.857528 	 0.00416348	0.00869828
2815 	 3410 	 0.85753 	 0.00416478	0.00870099
2815 	 3415 	 0.857532 	 0.00416608	0.00870369
2815 	 3420 	 0.857535 	 0.00416737	0.00870639
2815 	 3425 	 0.857537 	 0.00416866	0.00870909
2815 	 3430 	 0.85754 	 0.00416994	0.00871177
2815 	 3435 	 0.857542 	 0.00417123	0.00871446
2815 	 3440 	 0.857545 	 0.00417251	0.00871713
2815 	 3445 	 0.857547 	 0.00417379	0.00871981
2815 	 3450 	 0.857549 	 0.00417507	0.00872247
2815 	 3455 	 0.857552 	 0.00417634	0.00872513
2815 	 3460 	 0.857554 	 0.00417761	0.00872779
2815 	 3465 	 0.857557 	 0.00417888	0.00873044
2815 	 3470 	 0.857559 	 0.00418014	0.00873308
2815 	 3475 	 0.857561 	 0.00418141	0.00873572
2815 	 3480 	 0.857564 	 0.00418267	0.00873836
2815 	 3485 	 0.857566 	 0.00418393	0.00874099
2815 	 3490 	 0.857569 	 0.00418518	0.00874361
2815 	 3495 	 0.857571 	 0.00418644	0.00874623
2815 	 3500 	 0.857573 	 0.00418769	0.00874884
2815 	 3505 	 0.857576 	 0.00418894	0.00875145
2815 	 3510 	 0.857578 	 0.00419018	0.00875405
2815 	 3515 	 0.85758 	 0.00419142	0.00875665
2815 	 3520 	 0.857583 	 0.00419267	0.00875924
2815 	 3525 	 0.857585 	 0.0041939	0.00876183
2815 	 3530 	 0.857587 	 0.00419514	0.00876441
2815 	 3535 	 0.85759 	 0.00419637	0.00876699
2815 	 3540 	 0.857592 	 0.0041976	0.00876956
2815 	 3545 	 0.857594 	 0.00419883	0.00877213
2815 	 3550 	 0.857596 	 0.00420006	0.00877469
2815 	 3555 	 0.857599 	 0.00420128	0.00877725
2815 	 3560 	 0.857601 	 0.0042025	0.0087798
2815 	 3565 	 0.857603 	 0.00420372	0.00878234
2815 	 3570 	 0.857605 	 0.00420494	0.00878489
2815 	 3575 	 0.857608 	 0.00420615	0.00878742
2815 	 3580 	 0.85761 	 0.00420737	0.00878995
2815 	 3585 	 0.857612 	 0.00420858	0.00879248
2815 	 3590 	 0.857615 	 0.00420978	0.008795
2815 	 3595 	 0.857617 	 0.00421099	0.00879752
2815 	 3600 	 0.857619 	 0.00421219	0.00880003
2815 	 3605 	 0.857621 	 0.00421339	0.00880254
2815 	 3610 	 0.857623 	 0.00421459	0.00880504
2815 	 3615 	 0.857626 	 0.00421578	0.00880754
2815 	 3620 	 0.857628 	 0.00421698	0.00881003
2815 	 3625 	 0.85763 	 0.00421817	0.00881252
2815 	 3630 	 0.857632 	 0.00421936	0.008815
2815 	 3635 	 0.857634 	 0.00422054	0.00881748
2815 	 3640 	 0.857637 	 0.00422173	0.00881995
2815 	 3645 	 0.857639 	 0.00422291	0.00882242
2815 	 3650 	 0.857641 	 0.00422409	0.00882488
2815 	 3655 	 0.857643 	 0.00422526	0.00882734
2815 	 3660 	 0.857645 	 0.00422644	0.0088298
2815 	 3665 	 0.857647 	 0.00422761	0.00883225
2815 	 3670 	 0.85765 	 0.00422878	0.00883469
2815 	 3675 	 0.857652 	 0.00422995	0.00883713
2815 	 3680 	 0.857654 	 0.00423111	0.00883957
2815 	 3685 	 0.857656 	 0.00423228	0.008842
2815 	 3690 	 0.857658 	 0.00423344	0.00884442
2815 	 3695 	 0.85766 	 0.0042346	0.00884685
2815 	 3700 	 0.857662 	 0.00423575	0.00884926
2815 	 3705 	 0.857665 	 0.00423691	0.00885167
2815 	 3710 	 0.857667 	 0.00423806	0.00885408
2815 	 3715 	 0.857669 	 0.00423921	0.00885649
2815 	 3720 	 0.857671 	 0.00424036	0.00885888
2815 	 3725 	 0.857673 	 0.00424151	0.00886128
2815 	 3730 	 0.857675 	 0.00424265	0.00886367
2815 	 3735 	 0.857677 	 0.00424379	0.00886605
2815 	 3740 	 0.857679 	 0.00424493	0.00886843
2815 	 3745 	 0.857681 	 0.00424607	0.00887081
2815 	 3750 	 0.857683 	 0.0042472	0.00887318
2815 	 3755 	 0.857685 	 0.00424834	0.00887555
2815 	 3760 	 0.857687 	 0.00424947	0.00887791
2815 	 3765 	 0.85769 	 0.0042506	0.00888027
2815 	 3770 	 0.857692 	 0.00425172	0.00888262
2815 	 3775 	 0.857694 	 0.00425285	0.00888497
2815 	 3780 	 0.857696 	 0.00425397	0.00888732
2815 	 3785 	 0.857698 	 0.00425509	0.00888966
2815 	 3790 	 0.8577 	 0.00425621	0.00889199
2815 	 3795 	 0.857702 	 0.00425732	0.00889432
2815 	 3800 	 0.857704 	 0.00425844	0.00889665
2815 	 3805 	 0.857706 	 0.00425955	0.00889897
2815 	 3810 	 0.857708 	 0.00426066	0.00890129
2815 	 3815 	 0.85771 	 0.00426177	0.00890361
2815 	 3820 	 0.857712 	 0.00426287	0.00890592
2815 	 3825 	 0.857714 	 0.00426398	0.00890822
2815 	 3830 	 0.857716 	 0.00426508	0.00891052
2815 	 3835 	 0.857718 	 0.00426618	0.00891282
2815 	 3840 	 0.85772 	 0.00426727	0.00891511
2815 	 3845 	 0.857722 	 0.00426837	0.0089174
2815 	 3850 	 0.857724 	 0.00426946	0.00891969
2815 	 3855 	 0.857726 	 0.00427056	0.00892197
2815 	 3860 	 0.857728 	 0.00427165	0.00892424
2815 	 3865 	 0.85773 	 0.00427273	0.00892652
2815 	 3870 	 0.857731 	 0.00427382	0.00892878
2815 	 3875 	 0.857733 	 0.0042749	0.00893105
2815 	 3880 	 0.857735 	 0.00427598	0.00893331
2815 	 3885 	 0.857737 	 0.00427706	0.00893556
2815 	 3890 	 0.857739 	 0.00427814	0.00893781
2815 	 3895 	 0.857741 	 0.00427922	0.00894006
2815 	 3900 	 0.857743 	 0.00428029	0.0089423
2815 	 3905 	 0.857745 	 0.00428136	0.00894454
2815 	 3910 	 0.857747 	 0.00428243	0.00894678
2815 	 3915 	 0.857749 	 0.0042835	0.00894901
2815 	 3920 	 0.857751 	 0.00428456	0.00895124
2815 	 3925 	 0.857753 	 0.00428563	0.00895346
2815 	 3930 	 0.857755 	 0.00428669	0.00895568
2815 	 3935 	 0.857756 	 0.00428775	0.00895789
2815 	 3940 	 0.857758 	 0.00428881	0.0089601
2815 	 3945 	 0.85776 	 0.00428987	0.00896231
2815 	 3950 	 0.857762 	 0.00429092	0.00896451
2815 	 3955 	 0.857764 	 0.00429197	0.00896671
2815 	 3960 	 0.857766 	 0.00429302	0.00896891
2815 	 3965 	 0.857768 	 0.00429407	0.0089711
2815 	 3970 	 0.85777 	 0.00429512	0.00897328
2815 	 3975 	 0.857771 	 0.00429616	0.00897547
2815 	 3980 	 0.857773 	 0.00429721	0.00897765
2815 	 3985 	 0.857775 	 0.00429825	0.00897982
2815 	 3990 	 0.857777 	 0.00429929	0.00898199
2815 	 3995 	 0.857779 	 0.00430032	0.00898416
2815 	 4000 	 0.857781 	 0.00430136	0.00898633
2815 	 4005 	 0.857782 	 0.00430239	0.00898848
2815 	 4010 	 0.857784 	 0.00430343	0.00899064
2815 	 4015 	 0.857786 	 0.00430446	0.00899279
2815 	 4020 	 0.857788 	 0.00430548	0.00899494
2815 	 4025 	 0.85779 	 0.00430651	0.00899709
2815 	 4030 	 0.857792 	 0.00430754	0.00899923
2815 	 4035 	 0.857793 	 0.00430856	0.00900136
2815 	 4040 	 0.857795 	 0.00430958	0.0090035
2815 	 4045 	 0.857797 	 0.0043106	0.00900563
2815 	 4050 	 0.857799 	 0.00431162	0.00900775
2815 	 4055 	 0.857801 	 0.00431263	0.00900987
2815 	 4060 	 0.857802 	 0.00431365	0.00901199
2815 	 4065 	 0.857804 	 0.00431466	0.00901411
2815 	 4070 	 0.857806 	 0.00431567	0.00901622
2815 	 4075 	 0.857808 	 0.00431668	0.00901832
2815 	 4080 	 0.857809 	 0.00431768	0.00902043
2815 	 4085 	 0.857811 	 0.00431869	0.00902253
2815 	 4090 	 0.857813 	 0.00431969	0.00902462
2815 	 4095 	 0.857815 	 0.00432069	0.00902671
2815 	 4100 	 0.857817 	 0.00432169	0.0090288
2815 	 4105 	 0.857818 	 0.00432269	0.00903089
2815 	 4110 	 0.85782 	 0.00432369	0.00903297
2815 	 4115 	 0.857822 	 0.00432468	0.00903505
2815 	 4120 	 0.857823 	 0.00432567	0.00903712
2815 	 4125 	 0.857825 	 0.00432667	0.00903919
2815 	 4130 	 0.857827 	 0.00432765	0.00904126
2815 	 4135 	 0.857829 	 0.00432864	0.00904332
2815 	 4140 	 0.85783 	 0.00432963	0.00904538
2815 	 4145 	 0.857832 	 0.00433061	0.00904744
2815 	 4150 	 0.857834 	 0.00433159	0.00904949
2815 	 4155 	 0.857836 	 0.00433258	0.00905154
2815 	 4160 	 0.857837 	 0.00433355	0.00905359
2815 	 4165 	 0.857839 	 0.00433453	0.00905563
2815 	 4170 	 0.857841 	 0.00433551	0.00905767
2815 	 4175 	 0.857842 	 0.00433648	0.0090597
2815 	 4180 	 0.857844 	 0.00433745	0.00906173
2815 	 4185 	 0.857846 	 0.00433843	0.00906376
2815 	 4190 	 0.857847 	 0.00433939	0.00906579
2815 	 4195 	 0.857849 	 0.00434036	0.00906781
2815 	 4200 	 0.857851 	 0.00434133	0.00906982
2815 	 4205 	 0.857852 	 0.00434229	0.00907184
2815 	 4210 	 0.857854 	 0.00434325	0.00907385
2815 	 4215 	 0.857856 	 0.00434422	0.00907586
2815 	 4220 	 0.857857 	 0.00434517	0.00907786
2815 	 4225 	 0.857859 	 0.00434613	0.00907986
2815 	 4230 	 0.857861 	 0.00434709	0.00908186
2815 	 4235 	 0.857862 	 0.00434804	0.00908385
2815 	 4240 	 0.857864 	 0.00434899	0.00908584
2815 	 4245 	 0.857866 	 0.00434995	0.00908783
2815 	 4250 	 0.857867 	 0.0043509	0.00908981
2815 	 4255 	 0.857869 	 0.00435184	0.00909179
2815 	 4260 	 0.857871 	 0.00435279	0.00909377
2815 	 4265 	 0.857872 	 0.00435373	0.00909574
2815 	 4270 	 0.857874 	 0.00435468	0.00909771
2815 	 4275 	 0.857876 	 0.00435562	0.00909968
2815 	 4280 	 0.857877 	 0.00435656	0.00910165
2815 	 4285 	 0.857879 	 0.0043575	0.00910361
2815 	 4290 	 0.85788 	 0.00435843	0.00910556
2815 	 4295 	 0.857882 	 0.00435937	0.00910752
2815 	 4300 	 0.857884 	 0.0043603	0.00910947
2815 	 4305 	 0.857885 	 0.00436124	0.00911141
2815 	 4310 	 0.857887 	 0.00436217	0.00911336
2815 	 4315 	 0.857888 	 0.00436309	0.0091153
2815 	 4320 	 0.85789 	 0.00436402	0.00911724
2815 	 4325 	 0.857892 	 0.00436495	0.00911917
2815 	 4330 	 0.857893 	 0.00436587	0.0091211
2815 	 4335 	 0.857895 	 0.0043668	0.00912303
2815 	 4340 	 0.857896 	 0.00436772	0.00912496
2815 	 4345 	 0.857898 	 0.00436864	0.00912688
2815 	 4350 	 0.857899 	 0.00436955	0.0091288
2815 	 4355 	 0.857901 	 0.00437047	0.00913071
2815 	 4360 	 0.857903 	 0.00437139	0.00913262
2815 	 4365 	 0.857904 	 0.0043723	0.00913453
2815 	 4370 	 0.857906 	 0.00437321	0.00913644
2815 	 4375 	 0.857907 	 0.00437412	0.00913834
2815 	 4380 	 0.857909 	 0.00437503	0.00914024
2815 	 4385 	 0.85791 	 0.00437594	0.00914213
2815 	 4390 	 0.857912 	 0.00437685	0.00914403
2815 	 4395 	 0.857913 	 0.00437775	0.00914592
2815 	 4400 	 0.857915 	 0.00437865	0.00914781
2815 	 4405 	 0.857917 	 0.00437956	0.00914969
2815 	 4410 	 0.857918 	 0.00438046	0.00915157
2815 	 4415 	 0.85792 	 0.00438135	0.00915345
2815 	 4420 	 0.857921 	 0.00438225	0.00915532
2815 	 4425 	 0.857923 	 0.00438315	0.00915719
2815 	 4430 	 0.857924 	 0.00438404	0.00915906
2815 	 4435 	 0.857926 	 0.00438493	0.00916093
2815 	 4440 	 0.857927 	 0.00438583	0.00916279
2815 	 4445 	 0.857929 	 0.00438672	0.00916465
2815 	 4450 	 0.85793 	 0.0043876	0.00916651
2815 	 4455 	 0.857932 	 0.00438849	0.00916836
2815 	 4460 	 0.857933 	 0.00438938	0.00917021
2815 	 4465 	 0.857935 	 0.00439026	0.00917206
2815 	 4470 	 0.857936 	 0.00439114	0.0091739
2815 	 4475 	 0.857938 	 0.00439203	0.00917574
2815 	 4480 	 0.857939 	 0.00439291	0.00917758
2815 	 4485 	 0.857941 	 0.00439378	0.00917942
2815 	 4490 	 0.857942 	 0.00439466	0.00918125
2815 	 4495 	 0.857944 	 0.00439554	0.00918308
2815 	 4500 	 0.857945 	 0.00439641	0.00918491
2815 	 4505 	 0.857947 	 0.00439728	0.00918673
2815 	 4510 	 0.857948 	 0.00439816	0.00918855
2815 	 4515 	 0.85795 	 0.00439903	0.00919037
2815 	 4520 	 0.857951 	 0.0043999	0.00919218
2815 	 4525 	 0.857952 	 0.00440076	0.009194
2815 	 4530 	 0.857954 	 0.00440163	0.0091958
2815 	 4535 	 0.857955 	 0.00440249	0.00919761
2815 	 4540 	 0.857957 	 0.00440336	0.00919941
2815 	 4545 	 0.857958 	 0.00440422	0.00920121
2815 	 4550 	 0.85796 	 0.00440508	0.00920301
2815 	 4555 	 0.857961 	 0.00440594	0.00920481
2815 	 4560 	 0.857963 	 0.0044068	0.0092066
2815 	 4565 	 0.857964 	 0.00440765	0.00920839
2815 	 4570 	 0.857966 	 0.00440851	0.00921017
2815 	 4575 	 0.857967 	 0.00440936	0.00921196
2815 	 4580 	 0.857968 	 0.00441021	0.00921374
2815 	 4585 	 0.85797 	 0.00441106	0.00921552
2815 	 4590 	 0.857971 	 0.00441191	0.00921729
2815 	 4595 	 0.857973 	 0.00441276	0.00921906
2815 	 4600 	 0.857974 	 0.00441361	0.00922083
2815 	 4605 	 0.857975 	 0.00441445	0.0092226
2815 	 4610 	 0.857977 	 0.0044153	0.00922436
2815 	 4615 	 0.857978 	 0.00441614	0.00922612
2815 	 4620 	 0.85798 	 0.00441698	0.00922788
2815 	 4625 	 0.857981 	 0.00441782	0.00922964
2815 	 4630 	 0.857983 	 0.00441866	0.00923139
2815 	 4635 	 0.857984 	 0.0044195	0.00923314
2815 	 4640 	 0.857985 	 0.00442034	0.00923489
2815 	 4645 	 0.857987 	 0.00442117	0.00923663
2815 	 4650 	 0.857988 	 0.004422	0.00923837
2815 	 4655 	 0.857989 	 0.00442284	0.00924011
2815 	 4660 	 0.857991 	 0.00442367	0.00924185
2815 	 4665 	 0.857992 	 0.0044245	0.00924358
2815 	 4670 	 0.857994 	 0.00442533	0.00924531
2815 	 4675 	 0.857995 	 0.00442615	0.00924704
2815 	 4680 	 0.857996 	 0.00442698	0.00924877
2815 	 4685 	 0.857998 	 0.0044278	0.00925049
2815 	 4690 	 0.857999 	 0.00442863	0.00925221
2815 	 4695 	 0.858 	 0.00442945	0.00925393
2815 	 4700 	 0.858002 	 0.00443027	0.00925564
2815 	 4705 	 0.858003 	 0.00443109	0.00925736
2815 	 4710 	 0.858005 	 0.00443191	0.00925906
2815 	 4715 	 0.858006 	 0.00443273	0.00926077
2815 	 4720 	 0.858007 	 0.00443354	0.00926248
2815 	 4725 	 0.858009 	 0.00443436	0.00926418
2815 	 4730 	 0.85801 	 0.00443517	0.00926588
2815 	 4735 	 0.858011 	 0.00443598	0.00926757
2815 	 4740 	 0.858013 	 0.00443679	0.00926927
2815 	 4745 	 0.858014 	 0.0044376	0.00927096
2815 	 4750 	 0.858015 	 0.00443841	0.00927265
2815 	 4755 	 0.858017 	 0.00443922	0.00927433
2815 	 4760 	 0.858018 	 0.00444002	0.00927602
2815 	 4765 	 0.858019 	 0.00444083	0.0092777
2815 	 4770 	 0.858021 	 0.00444163	0.00927938
2815 	 4775 	 0.858022 	 0.00444243	0.00928105
2815 	 4780 	 0.858023 	 0.00444323	0.00928273
2815 	 4785 	 0.858025 	 0.00444403	0.0092844
2815 	 4790 	 0.858026 	 0.00444483	0.00928606
2815 	 4795 	 0.858027 	 0.00444563	0.00928773
2815 	 4800 	 0.858029 	 0.00444643	0.00928939
2815 	 4805 	 0.85803 	 0.00444722	0.00929105
2815 	 4810 	 0.858031 	 0.00444801	0.00929271
2815 	 4815 	 0.858032 	 0.00444881	0.00929437
2815 	 4820 	 0.858034 	 0.0044496	0.00929602
2815 	 4825 	 0.858035 	 0.00445039	0.00929767
2815 	 4830 	 0.858036 	 0.00445118	0.00929932
2815 	 4835 	 0.858038 	 0.00445196	0.00930096
2815 	 4840 	 0.858039 	 0.00445275	0.00930261
2815 	 4845 	 0.85804 	 0.00445354	0.00930425
2815 	 4850 	 0.858042 	 0.00445432	0.00930589
2815 	 4855 	 0.858043 	 0.0044551	0.00930752
2815 	 4860 	 0.858044 	 0.00445588	0.00930916
2815 	 4865 	 0.858045 	 0.00445667	0.00931079
2815 	 4870 	 0.858047 	 0.00445744	0.00931241
2815 	 4875 	 0.858048 	 0.00445822	0.00931404
2815 	 4880 	 0.858049 	 0.004459	0.00931566
2815 	 4885 	 0.85805 	 0.00445978	0.00931728
2815 	 4890 	 0.858052 	 0.00446055	0.0093189
2815 	 4895 	 0.858053 	 0.00446132	0.00932052
2815 	 4900 	 0.858054 	 0.0044621	0.00932213
2815 	 4905 	 0.858056 	 0.00446287	0.00932374
2815 	 4910 	 0.858057 	 0.00446364	0.00932535
2815 	 4915 	 0.858058 	 0.00446441	0.00932696
2815 	 4920 	 0.858059 	 0.00446518	0.00932856
2815 	 4925 	 0.858061 	 0.00446594	0.00933017
2815 	 4930 	 0.858062 	 0.00446671	0.00933177
2815 	 4935 	 0.858063 	 0.00446747	0.00933336
2815 	 4940 	 0.858064 	 0.00446824	0.00933496
2815 	 4945 	 0.858066 	 0.004469	0.00933655
2815 	 4950 	 0.858067 	 0.00446976	0.00933814
2815 	 4955 	 0.858068 	 0.00447052	0.00933973
2815 	 4960 	 0.858069 	 0.00447128	0.00934131
2815 	 4965 	 0.85807 	 0.00447204	0.0093429
2815 	 4970 	 0.858072 	 0.00447279	0.00934448
2815 	 4975 	 0.858073 	 0.00447355	0.00934606
2815 	 4980 	 0.858074 	 0.0044743	0.00934763
2815 	 4985 	 0.858075 	 0.00447505	0.0093492
2815 	 4990 	 0.858077 	 0.00447581	0.00935078
2815 	 4995 	 0.858078 	 0.00447656	0.00935235
2815 	 5000 	 0.858079 	 0.00447731	0.00935391
