2500 	 5 	 0.728629 	 0.00664821	0.0138893
2500 	 10 	 0.72923 	 0.00625252	0.0130626
2500 	 15 	 0.730366 	 0.00563586	0.0117743
2500 	 20 	 0.732477 	 0.004768	0.00996123
2500 	 25 	 0.736269 	 0.00378814	0.00791411
2500 	 30 	 0.742692 	 0.00315651	0.00659453
2500 	 35 	 0.752556 	 0.00304849	0.00636886
2500 	 40 	 0.76564 	 0.00271563	0.00567345
2500 	 45 	 0.781004 	 0.00293151	0.00612446
2500 	 50 	 0.795181 	 0.00286778	0.00599131
2500 	 55 	 0.805872 	 0.0025977	0.00542708
2500 	 60 	 0.813087 	 0.00221118	0.00461956
2500 	 65 	 0.81771 	 0.0019801	0.00413678
2500 	 70 	 0.820688 	 0.00195192	0.00407791
2500 	 75 	 0.822704 	 0.00200884	0.00419683
2500 	 80 	 0.824176 	 0.0020694	0.00432335
2500 	 85 	 0.825342 	 0.00211313	0.00441471
2500 	 90 	 0.826332 	 0.00214323	0.00447761
2500 	 95 	 0.827214 	 0.00216612	0.00452541
2500 	 100 	 0.828026 	 0.00218578	0.00456649
2500 	 105 	 0.828789 	 0.00220376	0.00460405
2500 	 110 	 0.829512 	 0.00222019	0.00463838
2500 	 115 	 0.830202 	 0.00223466	0.00466861
2500 	 120 	 0.830864 	 0.00224671	0.0046938
2500 	 125 	 0.831499 	 0.00225603	0.00471326
2500 	 130 	 0.83211 	 0.00226249	0.00472675
2500 	 135 	 0.832697 	 0.00226612	0.00473434
2500 	 140 	 0.833262 	 0.0022671	0.00473638
2500 	 145 	 0.833807 	 0.00226566	0.00473338
2500 	 150 	 0.834331 	 0.00226211	0.00472595
2500 	 155 	 0.834836 	 0.00225674	0.00471473
2500 	 160 	 0.835324 	 0.00224986	0.00470037
2500 	 165 	 0.835793 	 0.00224177	0.00468346
2500 	 170 	 0.836247 	 0.00223273	0.00466459
2500 	 175 	 0.836684 	 0.002223	0.00464425
2500 	 180 	 0.837106 	 0.00221279	0.00462293
2500 	 185 	 0.837514 	 0.0022023	0.004601
2500 	 190 	 0.837908 	 0.00219169	0.00457883
2500 	 195 	 0.838288 	 0.0021811	0.00455672
2500 	 200 	 0.838656 	 0.00217066	0.0045349
2500 	 205 	 0.839012 	 0.00216046	0.0045136
2500 	 210 	 0.839356 	 0.00215059	0.00449297
2500 	 215 	 0.839689 	 0.00214111	0.00447317
2500 	 220 	 0.840011 	 0.00213207	0.00445429
2500 	 225 	 0.840324 	 0.00212352	0.00443642
2500 	 230 	 0.840626 	 0.00211548	0.00441961
2500 	 235 	 0.840919 	 0.00210796	0.00440392
2500 	 240 	 0.841204 	 0.002101	0.00438936
2500 	 245 	 0.841479 	 0.00209458	0.00437595
2500 	 250 	 0.841747 	 0.00208871	0.00436369
2500 	 255 	 0.842006 	 0.00208338	0.00435257
2500 	 260 	 0.842259 	 0.0020786	0.00434257
2500 	 265 	 0.842503 	 0.00207434	0.00433368
2500 	 270 	 0.842741 	 0.0020706	0.00432586
2500 	 275 	 0.842973 	 0.00206736	0.0043191
2500 	 280 	 0.843197 	 0.00206461	0.00431334
2500 	 285 	 0.843416 	 0.00206232	0.00430857
2500 	 290 	 0.843629 	 0.00206049	0.00430474
2500 	 295 	 0.843836 	 0.00205909	0.00430182
2500 	 300 	 0.844037 	 0.00205811	0.00429976
2500 	 305 	 0.844233 	 0.00205752	0.00429854
2500 	 310 	 0.844424 	 0.00205732	0.00429812
2500 	 315 	 0.84461 	 0.00205748	0.00429846
2500 	 320 	 0.844792 	 0.00205799	0.00429953
2500 	 325 	 0.844969 	 0.00205884	0.00430128
2500 	 330 	 0.845141 	 0.00205999	0.0043037
2500 	 335 	 0.84531 	 0.00206145	0.00430674
2500 	 340 	 0.845474 	 0.00206319	0.00431037
2500 	 345 	 0.845634 	 0.0020652	0.00431458
2500 	 350 	 0.845791 	 0.00206747	0.00431931
2500 	 355 	 0.845944 	 0.00206998	0.00432456
2500 	 360 	 0.846093 	 0.00207272	0.00433029
2500 	 365 	 0.846239 	 0.00207568	0.00433648
2500 	 370 	 0.846381 	 0.00207886	0.00434311
2500 	 375 	 0.84652 	 0.00208222	0.00435014
2500 	 380 	 0.846657 	 0.00208578	0.00435757
2500 	 385 	 0.84679 	 0.00208951	0.00436536
2500 	 390 	 0.84692 	 0.00209341	0.00437351
2500 	 395 	 0.847048 	 0.00209746	0.00438198
2500 	 400 	 0.847172 	 0.00210167	0.00439077
2500 	 405 	 0.847294 	 0.00210602	0.00439986
2500 	 410 	 0.847414 	 0.0021105	0.00440922
2500 	 415 	 0.847531 	 0.00211511	0.00441885
2500 	 420 	 0.847646 	 0.00211984	0.00442873
2500 	 425 	 0.847758 	 0.00212468	0.00443885
2500 	 430 	 0.847868 	 0.00212963	0.00444919
2500 	 435 	 0.847976 	 0.00213468	0.00445974
2500 	 440 	 0.848082 	 0.00213983	0.00447049
2500 	 445 	 0.848186 	 0.00214507	0.00448143
2500 	 450 	 0.848287 	 0.00215039	0.00449255
2500 	 455 	 0.848387 	 0.00215579	0.00450383
2500 	 460 	 0.848485 	 0.00216126	0.00451527
2500 	 465 	 0.848581 	 0.00216681	0.00452686
2500 	 470 	 0.848675 	 0.00217242	0.00453859
2500 	 475 	 0.848768 	 0.0021781	0.00455045
2500 	 480 	 0.848858 	 0.00218384	0.00456243
2500 	 485 	 0.848947 	 0.00218963	0.00457453
2500 	 490 	 0.849035 	 0.00219547	0.00458673
2500 	 495 	 0.849121 	 0.00220136	0.00459904
2500 	 500 	 0.849205 	 0.00220729	0.00461144
2500 	 505 	 0.849288 	 0.00221327	0.00462393
2500 	 510 	 0.84937 	 0.00221929	0.0046365
2500 	 515 	 0.84945 	 0.00222535	0.00464915
2500 	 520 	 0.849529 	 0.00223143	0.00466187
2500 	 525 	 0.849606 	 0.00223755	0.00467466
2500 	 530 	 0.849682 	 0.0022437	0.00468751
2500 	 535 	 0.849757 	 0.00224988	0.00470041
2500 	 540 	 0.849831 	 0.00225608	0.00471337
2500 	 545 	 0.849903 	 0.00226231	0.00472637
2500 	 550 	 0.849974 	 0.00226855	0.00473942
2500 	 555 	 0.850044 	 0.00227482	0.00475251
2500 	 560 	 0.850113 	 0.0022811	0.00476563
2500 	 565 	 0.850181 	 0.00228739	0.00477878
2500 	 570 	 0.850248 	 0.0022937	0.00479197
2500 	 575 	 0.850314 	 0.00230003	0.00480518
2500 	 580 	 0.850378 	 0.00230636	0.00481841
2500 	 585 	 0.850442 	 0.0023127	0.00483166
2500 	 590 	 0.850505 	 0.00231905	0.00484493
2500 	 595 	 0.850567 	 0.00232541	0.00485821
2500 	 600 	 0.850628 	 0.00233177	0.0048715
2500 	 605 	 0.850688 	 0.00233814	0.0048848
2500 	 610 	 0.850747 	 0.00234451	0.0048981
2500 	 615 	 0.850805 	 0.00235088	0.00491142
2500 	 620 	 0.850862 	 0.00235725	0.00492473
2500 	 625 	 0.850919 	 0.00236362	0.00493804
2500 	 630 	 0.850975 	 0.00236999	0.00495135
2500 	 635 	 0.85103 	 0.00237636	0.00496465
2500 	 640 	 0.851084 	 0.00238273	0.00497795
2500 	 645 	 0.851137 	 0.00238909	0.00499124
2500 	 650 	 0.85119 	 0.00239544	0.00500452
2500 	 655 	 0.851242 	 0.0024018	0.00501779
2500 	 660 	 0.851293 	 0.00240814	0.00503104
2500 	 665 	 0.851344 	 0.00241448	0.00504429
2500 	 670 	 0.851393 	 0.00242081	0.00505751
2500 	 675 	 0.851443 	 0.00242713	0.00507072
2500 	 680 	 0.851491 	 0.00243344	0.00508391
2500 	 685 	 0.851539 	 0.00243975	0.00509708
2500 	 690 	 0.851586 	 0.00244604	0.00511023
2500 	 695 	 0.851633 	 0.00245233	0.00512336
2500 	 700 	 0.851679 	 0.0024586	0.00513646
2500 	 705 	 0.851724 	 0.00246486	0.00514954
2500 	 710 	 0.851769 	 0.00247111	0.00516259
2500 	 715 	 0.851814 	 0.00247734	0.00517562
2500 	 720 	 0.851857 	 0.00248357	0.00518862
2500 	 725 	 0.8519 	 0.00248978	0.0052016
2500 	 730 	 0.851943 	 0.00249597	0.00521454
2500 	 735 	 0.851985 	 0.00250215	0.00522746
2500 	 740 	 0.852027 	 0.00250832	0.00524034
2500 	 745 	 0.852068 	 0.00251447	0.00525319
2500 	 750 	 0.852108 	 0.00252061	0.00526602
2500 	 755 	 0.852148 	 0.00252673	0.00527881
2500 	 760 	 0.852188 	 0.00253284	0.00529156
2500 	 765 	 0.852227 	 0.00253893	0.00530429
2500 	 770 	 0.852266 	 0.002545	0.00531698
2500 	 775 	 0.852304 	 0.00255106	0.00532963
2500 	 780 	 0.852342 	 0.0025571	0.00534225
2500 	 785 	 0.852379 	 0.00256313	0.00535484
2500 	 790 	 0.852416 	 0.00256913	0.00536739
2500 	 795 	 0.852452 	 0.00257512	0.0053799
2500 	 800 	 0.852489 	 0.00258109	0.00539238
2500 	 805 	 0.852524 	 0.00258705	0.00540482
2500 	 810 	 0.852559 	 0.00259298	0.00541722
2500 	 815 	 0.852594 	 0.0025989	0.00542958
2500 	 820 	 0.852629 	 0.0026048	0.00544191
2500 	 825 	 0.852663 	 0.00261068	0.00545419
2500 	 830 	 0.852696 	 0.00261655	0.00546644
2500 	 835 	 0.85273 	 0.00262239	0.00547865
2500 	 840 	 0.852763 	 0.00262822	0.00549082
2500 	 845 	 0.852795 	 0.00263402	0.00550295
2500 	 850 	 0.852828 	 0.00263981	0.00551504
2500 	 855 	 0.852859 	 0.00264558	0.0055271
2500 	 860 	 0.852891 	 0.00265133	0.00553911
2500 	 865 	 0.852922 	 0.00265706	0.00555108
2500 	 870 	 0.852953 	 0.00266277	0.00556301
2500 	 875 	 0.852984 	 0.00266846	0.0055749
2500 	 880 	 0.853014 	 0.00267413	0.00558675
2500 	 885 	 0.853044 	 0.00267979	0.00559856
2500 	 890 	 0.853073 	 0.00268542	0.00561033
2500 	 895 	 0.853103 	 0.00269103	0.00562206
2500 	 900 	 0.853132 	 0.00269663	0.00563375
2500 	 905 	 0.853161 	 0.0027022	0.00564539
2500 	 910 	 0.853189 	 0.00270776	0.005657
2500 	 915 	 0.853217 	 0.00271329	0.00566856
2500 	 920 	 0.853245 	 0.00271881	0.00568009
2500 	 925 	 0.853273 	 0.0027243	0.00569157
2500 	 930 	 0.8533 	 0.00272978	0.00570301
2500 	 935 	 0.853327 	 0.00273524	0.00571441
2500 	 940 	 0.853354 	 0.00274067	0.00572577
2500 	 945 	 0.85338 	 0.00274609	0.00573709
2500 	 950 	 0.853407 	 0.00275149	0.00574836
2500 	 955 	 0.853433 	 0.00275687	0.0057596
2500 	 960 	 0.853458 	 0.00276222	0.00577079
2500 	 965 	 0.853484 	 0.00276756	0.00578194
2500 	 970 	 0.853509 	 0.00277288	0.00579305
2500 	 975 	 0.853534 	 0.00277818	0.00580413
2500 	 980 	 0.853559 	 0.00278346	0.00581516
2500 	 985 	 0.853584 	 0.00278872	0.00582614
2500 	 990 	 0.853608 	 0.00279396	0.00583709
2500 	 995 	 0.853632 	 0.00279918	0.005848
2500 	 1000 	 0.853656 	 0.00280438	0.00585886
2500 	 1005 	 0.85368 	 0.00280956	0.00586969
2500 	 1010 	 0.853703 	 0.00281473	0.00588048
2500 	 1015 	 0.853726 	 0.00281987	0.00589122
2500 	 1020 	 0.853749 	 0.00282499	0.00590192
2500 	 1025 	 0.853772 	 0.0028301	0.00591259
2500 	 1030 	 0.853795 	 0.00283518	0.00592321
2500 	 1035 	 0.853817 	 0.00284025	0.00593379
2500 	 1040 	 0.85384 	 0.00284529	0.00594434
2500 	 1045 	 0.853862 	 0.00285032	0.00595484
2500 	 1050 	 0.853883 	 0.00285533	0.00596531
2500 	 1055 	 0.853905 	 0.00286032	0.00597573
2500 	 1060 	 0.853926 	 0.00286529	0.00598611
2500 	 1065 	 0.853948 	 0.00287024	0.00599646
2500 	 1070 	 0.853969 	 0.00287517	0.00600676
2500 	 1075 	 0.85399 	 0.00288009	0.00601703
2500 	 1080 	 0.85401 	 0.00288498	0.00602726
2500 	 1085 	 0.854031 	 0.00288986	0.00603744
2500 	 1090 	 0.854051 	 0.00289472	0.00604759
2500 	 1095 	 0.854072 	 0.00289956	0.0060577
2500 	 1100 	 0.854092 	 0.00290438	0.00606778
2500 	 1105 	 0.854112 	 0.00290918	0.00607781
2500 	 1110 	 0.854131 	 0.00291396	0.0060878
2500 	 1115 	 0.854151 	 0.00291873	0.00609776
2500 	 1120 	 0.85417 	 0.00292348	0.00610768
2500 	 1125 	 0.854189 	 0.00292821	0.00611756
2500 	 1130 	 0.854208 	 0.00293292	0.0061274
2500 	 1135 	 0.854227 	 0.00293761	0.00613721
2500 	 1140 	 0.854246 	 0.00294229	0.00614697
2500 	 1145 	 0.854265 	 0.00294694	0.0061567
2500 	 1150 	 0.854283 	 0.00295158	0.0061664
2500 	 1155 	 0.854302 	 0.00295621	0.00617605
2500 	 1160 	 0.85432 	 0.00296081	0.00618567
2500 	 1165 	 0.854338 	 0.0029654	0.00619525
2500 	 1170 	 0.854356 	 0.00296997	0.0062048
2500 	 1175 	 0.854373 	 0.00297452	0.00621431
2500 	 1180 	 0.854391 	 0.00297905	0.00622378
2500 	 1185 	 0.854408 	 0.00298357	0.00623322
2500 	 1190 	 0.854426 	 0.00298807	0.00624262
2500 	 1195 	 0.854443 	 0.00299255	0.00625198
2500 	 1200 	 0.85446 	 0.00299702	0.00626131
2500 	 1205 	 0.854477 	 0.00300146	0.00627061
2500 	 1210 	 0.854494 	 0.0030059	0.00627986
2500 	 1215 	 0.85451 	 0.00301031	0.00628909
2500 	 1220 	 0.854527 	 0.00301471	0.00629828
2500 	 1225 	 0.854543 	 0.00301909	0.00630743
2500 	 1230 	 0.85456 	 0.00302345	0.00631655
2500 	 1235 	 0.854576 	 0.0030278	0.00632563
2500 	 1240 	 0.854592 	 0.00303213	0.00633468
2500 	 1245 	 0.854608 	 0.00303645	0.00634369
2500 	 1250 	 0.854624 	 0.00304075	0.00635267
2500 	 1255 	 0.854639 	 0.00304503	0.00636162
2500 	 1260 	 0.854655 	 0.00304929	0.00637053
2500 	 1265 	 0.85467 	 0.00305354	0.00637941
2500 	 1270 	 0.854686 	 0.00305778	0.00638826
2500 	 1275 	 0.854701 	 0.003062	0.00639707
2500 	 1280 	 0.854716 	 0.0030662	0.00640585
2500 	 1285 	 0.854731 	 0.00307038	0.00641459
2500 	 1290 	 0.854746 	 0.00307455	0.0064233
2500 	 1295 	 0.854761 	 0.00307871	0.00643198
2500 	 1300 	 0.854776 	 0.00308285	0.00644063
2500 	 1305 	 0.85479 	 0.00308697	0.00644924
2500 	 1310 	 0.854805 	 0.00309108	0.00645783
2500 	 1315 	 0.854819 	 0.00309517	0.00646638
2500 	 1320 	 0.854833 	 0.00309925	0.0064749
2500 	 1325 	 0.854848 	 0.00310331	0.00648338
2500 	 1330 	 0.854862 	 0.00310736	0.00649184
2500 	 1335 	 0.854876 	 0.00311139	0.00650026
2500 	 1340 	 0.85489 	 0.00311541	0.00650865
2500 	 1345 	 0.854903 	 0.00311941	0.00651701
2500 	 1350 	 0.854917 	 0.0031234	0.00652534
2500 	 1355 	 0.854931 	 0.00312737	0.00653364
2500 	 1360 	 0.854944 	 0.00313132	0.00654191
2500 	 1365 	 0.854958 	 0.00313527	0.00655015
2500 	 1370 	 0.854971 	 0.0031392	0.00655835
2500 	 1375 	 0.854984 	 0.00314311	0.00656653
2500 	 1380 	 0.854997 	 0.00314701	0.00657467
2500 	 1385 	 0.85501 	 0.00315089	0.00658279
2500 	 1390 	 0.855023 	 0.00315476	0.00659088
2500 	 1395 	 0.855036 	 0.00315862	0.00659893
2500 	 1400 	 0.855049 	 0.00316246	0.00660696
2500 	 1405 	 0.855062 	 0.00316629	0.00661496
2500 	 1410 	 0.855075 	 0.0031701	0.00662293
2500 	 1415 	 0.855087 	 0.0031739	0.00663086
2500 	 1420 	 0.8551 	 0.00317769	0.00663877
2500 	 1425 	 0.855112 	 0.00318146	0.00664666
2500 	 1430 	 0.855124 	 0.00318522	0.00665451
2500 	 1435 	 0.855137 	 0.00318897	0.00666233
2500 	 1440 	 0.855149 	 0.0031927	0.00667013
2500 	 1445 	 0.855161 	 0.00319642	0.00667789
2500 	 1450 	 0.855173 	 0.00320012	0.00668563
2500 	 1455 	 0.855185 	 0.00320381	0.00669334
2500 	 1460 	 0.855197 	 0.00320749	0.00670103
2500 	 1465 	 0.855209 	 0.00321115	0.00670868
2500 	 1470 	 0.85522 	 0.0032148	0.00671631
2500 	 1475 	 0.855232 	 0.00321844	0.00672391
2500 	 1480 	 0.855243 	 0.00322207	0.00673148
2500 	 1485 	 0.855255 	 0.00322568	0.00673903
2500 	 1490 	 0.855266 	 0.00322928	0.00674655
2500 	 1495 	 0.855278 	 0.00323286	0.00675404
2500 	 1500 	 0.855289 	 0.00323644	0.0067615
2500 	 1505 	 0.8553 	 0.00324	0.00676894
2500 	 1510 	 0.855311 	 0.00324354	0.00677636
2500 	 1515 	 0.855322 	 0.00324708	0.00678374
2500 	 1520 	 0.855333 	 0.0032506	0.0067911
2500 	 1525 	 0.855344 	 0.00325411	0.00679843
2500 	 1530 	 0.855355 	 0.00325761	0.00680574
2500 	 1535 	 0.855366 	 0.0032611	0.00681302
2500 	 1540 	 0.855377 	 0.00326457	0.00682028
2500 	 1545 	 0.855387 	 0.00326803	0.00682751
2500 	 1550 	 0.855398 	 0.00327148	0.00683471
2500 	 1555 	 0.855409 	 0.00327491	0.00684189
2500 	 1560 	 0.855419 	 0.00327834	0.00684905
2500 	 1565 	 0.85543 	 0.00328175	0.00685618
2500 	 1570 	 0.85544 	 0.00328515	0.00686328
2500 	 1575 	 0.85545 	 0.00328854	0.00687036
2500 	 1580 	 0.85546 	 0.00329192	0.00687741
2500 	 1585 	 0.855471 	 0.00329528	0.00688444
2500 	 1590 	 0.855481 	 0.00329863	0.00689145
2500 	 1595 	 0.855491 	 0.00330198	0.00689843
2500 	 1600 	 0.855501 	 0.00330531	0.00690539
2500 	 1605 	 0.855511 	 0.00330862	0.00691232
2500 	 1610 	 0.855521 	 0.00331193	0.00691923
2500 	 1615 	 0.855531 	 0.00331523	0.00692611
2500 	 1620 	 0.85554 	 0.00331851	0.00693298
2500 	 1625 	 0.85555 	 0.00332178	0.00693981
2500 	 1630 	 0.85556 	 0.00332505	0.00694663
2500 	 1635 	 0.855569 	 0.0033283	0.00695342
2500 	 1640 	 0.855579 	 0.00333154	0.00696019
2500 	 1645 	 0.855588 	 0.00333477	0.00696693
2500 	 1650 	 0.855598 	 0.00333798	0.00697365
2500 	 1655 	 0.855607 	 0.00334119	0.00698035
2500 	 1660 	 0.855617 	 0.00334438	0.00698703
2500 	 1665 	 0.855626 	 0.00334757	0.00699368
2500 	 1670 	 0.855635 	 0.00335074	0.00700031
2500 	 1675 	 0.855644 	 0.00335391	0.00700692
2500 	 1680 	 0.855654 	 0.00335706	0.00701351
2500 	 1685 	 0.855663 	 0.0033602	0.00702007
2500 	 1690 	 0.855672 	 0.00336333	0.00702661
2500 	 1695 	 0.855681 	 0.00336645	0.00703313
2500 	 1700 	 0.85569 	 0.00336956	0.00703963
2500 	 1705 	 0.855698 	 0.00337266	0.00704611
2500 	 1710 	 0.855707 	 0.00337575	0.00705256
2500 	 1715 	 0.855716 	 0.00337883	0.00705899
2500 	 1720 	 0.855725 	 0.0033819	0.0070654
2500 	 1725 	 0.855734 	 0.00338496	0.00707179
2500 	 1730 	 0.855742 	 0.00338801	0.00707816
2500 	 1735 	 0.855751 	 0.00339104	0.00708451
2500 	 1740 	 0.855759 	 0.00339407	0.00709084
2500 	 1745 	 0.855768 	 0.00339709	0.00709714
2500 	 1750 	 0.855776 	 0.0034001	0.00710343
2500 	 1755 	 0.855785 	 0.0034031	0.00710969
2500 	 1760 	 0.855793 	 0.00340609	0.00711593
2500 	 1765 	 0.855802 	 0.00340906	0.00712216
2500 	 1770 	 0.85581 	 0.00341203	0.00712836
2500 	 1775 	 0.855818 	 0.00341499	0.00713454
2500 	 1780 	 0.855826 	 0.00341794	0.0071407
2500 	 1785 	 0.855835 	 0.00342088	0.00714685
2500 	 1790 	 0.855843 	 0.00342381	0.00715297
2500 	 1795 	 0.855851 	 0.00342673	0.00715907
2500 	 1800 	 0.855859 	 0.00342964	0.00716515
2500 	 1805 	 0.855867 	 0.00343255	0.00717121
2500 	 1810 	 0.855875 	 0.00343544	0.00717726
2500 	 1815 	 0.855883 	 0.00343832	0.00718328
2500 	 1820 	 0.855891 	 0.00344119	0.00718928
2500 	 1825 	 0.855898 	 0.00344406	0.00719527
2500 	 1830 	 0.855906 	 0.00344691	0.00720123
2500 	 1835 	 0.855914 	 0.00344976	0.00720718
2500 	 1840 	 0.855922 	 0.0034526	0.0072131
2500 	 1845 	 0.855929 	 0.00345542	0.00721901
2500 	 1850 	 0.855937 	 0.00345824	0.0072249
2500 	 1855 	 0.855945 	 0.00346105	0.00723077
2500 	 1860 	 0.855952 	 0.00346385	0.00723662
2500 	 1865 	 0.85596 	 0.00346665	0.00724246
2500 	 1870 	 0.855967 	 0.00346943	0.00724827
2500 	 1875 	 0.855975 	 0.0034722	0.00725407
2500 	 1880 	 0.855982 	 0.00347497	0.00725984
2500 	 1885 	 0.85599 	 0.00347773	0.0072656
2500 	 1890 	 0.855997 	 0.00348047	0.00727134
2500 	 1895 	 0.856004 	 0.00348321	0.00727707
2500 	 1900 	 0.856012 	 0.00348594	0.00728277
2500 	 1905 	 0.856019 	 0.00348867	0.00728846
2500 	 1910 	 0.856026 	 0.00349138	0.00729413
2500 	 1915 	 0.856033 	 0.00349408	0.00729978
2500 	 1920 	 0.85604 	 0.00349678	0.00730541
2500 	 1925 	 0.856047 	 0.00349947	0.00731103
2500 	 1930 	 0.856054 	 0.00350215	0.00731663
2500 	 1935 	 0.856061 	 0.00350482	0.00732221
2500 	 1940 	 0.856068 	 0.00350748	0.00732777
2500 	 1945 	 0.856075 	 0.00351014	0.00733332
2500 	 1950 	 0.856082 	 0.00351279	0.00733885
2500 	 1955 	 0.856089 	 0.00351542	0.00734436
2500 	 1960 	 0.856096 	 0.00351806	0.00734986
2500 	 1965 	 0.856103 	 0.00352068	0.00735534
2500 	 1970 	 0.85611 	 0.00352329	0.0073608
2500 	 1975 	 0.856117 	 0.0035259	0.00736624
2500 	 1980 	 0.856123 	 0.0035285	0.00737167
2500 	 1985 	 0.85613 	 0.00353109	0.00737708
2500 	 1990 	 0.856137 	 0.00353367	0.00738248
2500 	 1995 	 0.856143 	 0.00353624	0.00738786
2500 	 2000 	 0.85615 	 0.00353881	0.00739322
2500 	 2005 	 0.856157 	 0.00354137	0.00739857
2500 	 2010 	 0.856163 	 0.00354392	0.0074039
2500 	 2015 	 0.85617 	 0.00354646	0.00740921
2500 	 2020 	 0.856176 	 0.003549	0.00741451
2500 	 2025 	 0.856183 	 0.00355153	0.00741979
2500 	 2030 	 0.856189 	 0.00355405	0.00742506
2500 	 2035 	 0.856195 	 0.00355656	0.00743031
2500 	 2040 	 0.856202 	 0.00355907	0.00743554
2500 	 2045 	 0.856208 	 0.00356157	0.00744076
2500 	 2050 	 0.856215 	 0.00356406	0.00744596
2500 	 2055 	 0.856221 	 0.00356654	0.00745115
2500 	 2060 	 0.856227 	 0.00356901	0.00745632
2500 	 2065 	 0.856233 	 0.00357148	0.00746148
2500 	 2070 	 0.85624 	 0.00357394	0.00746662
2500 	 2075 	 0.856246 	 0.0035764	0.00747175
2500 	 2080 	 0.856252 	 0.00357884	0.00747686
2500 	 2085 	 0.856258 	 0.00358128	0.00748195
2500 	 2090 	 0.856264 	 0.00358371	0.00748703
2500 	 2095 	 0.85627 	 0.00358614	0.0074921
2500 	 2100 	 0.856276 	 0.00358856	0.00749715
2500 	 2105 	 0.856282 	 0.00359097	0.00750218
2500 	 2110 	 0.856288 	 0.00359337	0.00750721
2500 	 2115 	 0.856294 	 0.00359577	0.00751221
2500 	 2120 	 0.8563 	 0.00359816	0.0075172
2500 	 2125 	 0.856306 	 0.00360054	0.00752218
2500 	 2130 	 0.856312 	 0.00360291	0.00752714
2500 	 2135 	 0.856318 	 0.00360528	0.00753209
2500 	 2140 	 0.856324 	 0.00360764	0.00753703
2500 	 2145 	 0.856329 	 0.00361	0.00754194
2500 	 2150 	 0.856335 	 0.00361235	0.00754685
2500 	 2155 	 0.856341 	 0.00361469	0.00755174
2500 	 2160 	 0.856347 	 0.00361702	0.00755662
2500 	 2165 	 0.856352 	 0.00361935	0.00756148
2500 	 2170 	 0.856358 	 0.00362167	0.00756633
2500 	 2175 	 0.856364 	 0.00362398	0.00757116
2500 	 2180 	 0.856369 	 0.00362629	0.00757598
2500 	 2185 	 0.856375 	 0.00362859	0.00758079
2500 	 2190 	 0.856381 	 0.00363089	0.00758558
2500 	 2195 	 0.856386 	 0.00363318	0.00759036
2500 	 2200 	 0.856392 	 0.00363546	0.00759513
2500 	 2205 	 0.856397 	 0.00363773	0.00759988
2500 	 2210 	 0.856403 	 0.00364	0.00760462
2500 	 2215 	 0.856408 	 0.00364226	0.00760935
2500 	 2220 	 0.856414 	 0.00364452	0.00761406
2500 	 2225 	 0.856419 	 0.00364677	0.00761876
2500 	 2230 	 0.856425 	 0.00364901	0.00762344
2500 	 2235 	 0.85643 	 0.00365125	0.00762812
2500 	 2240 	 0.856435 	 0.00365348	0.00763278
2500 	 2245 	 0.856441 	 0.0036557	0.00763742
2500 	 2250 	 0.856446 	 0.00365792	0.00764205
2500 	 2255 	 0.856451 	 0.00366013	0.00764667
2500 	 2260 	 0.856457 	 0.00366233	0.00765128
2500 	 2265 	 0.856462 	 0.00366453	0.00765588
2500 	 2270 	 0.856467 	 0.00366673	0.00766046
2500 	 2275 	 0.856472 	 0.00366891	0.00766503
2500 	 2280 	 0.856478 	 0.00367109	0.00766958
2500 	 2285 	 0.856483 	 0.00367327	0.00767412
2500 	 2290 	 0.856488 	 0.00367544	0.00767866
2500 	 2295 	 0.856493 	 0.0036776	0.00768317
2500 	 2300 	 0.856498 	 0.00367976	0.00768768
2500 	 2305 	 0.856503 	 0.00368191	0.00769217
2500 	 2310 	 0.856508 	 0.00368405	0.00769665
2500 	 2315 	 0.856513 	 0.00368619	0.00770112
2500 	 2320 	 0.856518 	 0.00368832	0.00770558
2500 	 2325 	 0.856523 	 0.00369045	0.00771002
2500 	 2330 	 0.856528 	 0.00369257	0.00771445
2500 	 2335 	 0.856533 	 0.00369469	0.00771887
2500 	 2340 	 0.856538 	 0.0036968	0.00772328
2500 	 2345 	 0.856543 	 0.0036989	0.00772768
2500 	 2350 	 0.856548 	 0.003701	0.00773206
2500 	 2355 	 0.856553 	 0.00370309	0.00773643
2500 	 2360 	 0.856558 	 0.00370518	0.00774079
2500 	 2365 	 0.856563 	 0.00370726	0.00774514
2500 	 2370 	 0.856568 	 0.00370934	0.00774948
2500 	 2375 	 0.856572 	 0.00371141	0.0077538
2500 	 2380 	 0.856577 	 0.00371347	0.00775811
2500 	 2385 	 0.856582 	 0.00371553	0.00776242
2500 	 2390 	 0.856587 	 0.00371758	0.00776671
2500 	 2395 	 0.856591 	 0.00371963	0.00777098
2500 	 2400 	 0.856596 	 0.00372167	0.00777525
2500 	 2405 	 0.856601 	 0.00372371	0.00777951
2500 	 2410 	 0.856606 	 0.00372574	0.00778375
2500 	 2415 	 0.85661 	 0.00372777	0.00778798
2500 	 2420 	 0.856615 	 0.00372979	0.00779221
2500 	 2425 	 0.856619 	 0.0037318	0.00779642
2500 	 2430 	 0.856624 	 0.00373381	0.00780061
2500 	 2435 	 0.856629 	 0.00373582	0.0078048
2500 	 2440 	 0.856633 	 0.00373782	0.00780898
2500 	 2445 	 0.856638 	 0.00373981	0.00781315
2500 	 2450 	 0.856642 	 0.0037418	0.0078173
2500 	 2455 	 0.856647 	 0.00374378	0.00782144
2500 	 2460 	 0.856651 	 0.00374576	0.00782558
2500 	 2465 	 0.856656 	 0.00374773	0.0078297
2500 	 2470 	 0.85666 	 0.0037497	0.00783381
2500 	 2475 	 0.856665 	 0.00375166	0.00783791
2500 	 2480 	 0.856669 	 0.00375362	0.007842
2500 	 2485 	 0.856674 	 0.00375558	0.00784608
2500 	 2490 	 0.856678 	 0.00375752	0.00785015
2500 	 2495 	 0.856683 	 0.00375946	0.00785421
2500 	 2500 	 0.856687 	 0.0037614	0.00785825
2500 	 2505 	 0.856691 	 0.00376333	0.00786229
2500 	 2510 	 0.856696 	 0.00376526	0.00786632
2500 	 2515 	 0.8567 	 0.00376718	0.00787033
2500 	 2520 	 0.856704 	 0.0037691	0.00787434
2500 	 2525 	 0.856709 	 0.00377101	0.00787834
2500 	 2530 	 0.856713 	 0.00377292	0.00788232
2500 	 2535 	 0.856717 	 0.00377482	0.0078863
2500 	 2540 	 0.856721 	 0.00377672	0.00789026
2500 	 2545 	 0.856726 	 0.00377861	0.00789421
2500 	 2550 	 0.85673 	 0.0037805	0.00789816
2500 	 2555 	 0.856734 	 0.00378239	0.00790209
2500 	 2560 	 0.856738 	 0.00378426	0.00790602
2500 	 2565 	 0.856742 	 0.00378614	0.00790993
2500 	 2570 	 0.856747 	 0.00378801	0.00791384
2500 	 2575 	 0.856751 	 0.00378987	0.00791773
2500 	 2580 	 0.856755 	 0.00379173	0.00792161
2500 	 2585 	 0.856759 	 0.00379358	0.00792549
2500 	 2590 	 0.856763 	 0.00379543	0.00792935
2500 	 2595 	 0.856767 	 0.00379728	0.00793321
2500 	 2600 	 0.856771 	 0.00379912	0.00793705
2500 	 2605 	 0.856775 	 0.00380096	0.00794089
2500 	 2610 	 0.856779 	 0.00380279	0.00794472
2500 	 2615 	 0.856783 	 0.00380461	0.00794853
2500 	 2620 	 0.856787 	 0.00380644	0.00795234
2500 	 2625 	 0.856791 	 0.00380825	0.00795614
2500 	 2630 	 0.856795 	 0.00381007	0.00795992
2500 	 2635 	 0.856799 	 0.00381188	0.0079637
2500 	 2640 	 0.856803 	 0.00381368	0.00796747
2500 	 2645 	 0.856807 	 0.00381548	0.00797123
2500 	 2650 	 0.856811 	 0.00381727	0.00797498
2500 	 2655 	 0.856815 	 0.00381906	0.00797872
2500 	 2660 	 0.856819 	 0.00382085	0.00798245
2500 	 2665 	 0.856823 	 0.00382263	0.00798618
2500 	 2670 	 0.856827 	 0.00382441	0.00798989
2500 	 2675 	 0.856831 	 0.00382618	0.00799359
2500 	 2680 	 0.856834 	 0.00382795	0.00799729
2500 	 2685 	 0.856838 	 0.00382972	0.00800097
2500 	 2690 	 0.856842 	 0.00383148	0.00800465
2500 	 2695 	 0.856846 	 0.00383323	0.00800832
2500 	 2700 	 0.85685 	 0.00383498	0.00801198
2500 	 2705 	 0.856853 	 0.00383673	0.00801563
2500 	 2710 	 0.856857 	 0.00383847	0.00801927
2500 	 2715 	 0.856861 	 0.00384021	0.0080229
2500 	 2720 	 0.856865 	 0.00384194	0.00802652
2500 	 2725 	 0.856868 	 0.00384367	0.00803014
2500 	 2730 	 0.856872 	 0.0038454	0.00803374
2500 	 2735 	 0.856876 	 0.00384712	0.00803734
2500 	 2740 	 0.85688 	 0.00384884	0.00804093
2500 	 2745 	 0.856883 	 0.00385055	0.00804451
2500 	 2750 	 0.856887 	 0.00385226	0.00804808
2500 	 2755 	 0.856891 	 0.00385397	0.00805164
2500 	 2760 	 0.856894 	 0.00385567	0.00805519
2500 	 2765 	 0.856898 	 0.00385736	0.00805874
2500 	 2770 	 0.856901 	 0.00385906	0.00806227
2500 	 2775 	 0.856905 	 0.00386075	0.0080658
2500 	 2780 	 0.856909 	 0.00386243	0.00806932
2500 	 2785 	 0.856912 	 0.00386411	0.00807283
2500 	 2790 	 0.856916 	 0.00386579	0.00807633
2500 	 2795 	 0.856919 	 0.00386746	0.00807983
2500 	 2800 	 0.856923 	 0.00386913	0.00808331
2500 	 2805 	 0.856927 	 0.00387079	0.00808679
2500 	 2810 	 0.85693 	 0.00387245	0.00809026
2500 	 2815 	 0.856934 	 0.00387411	0.00809372
2500 	 2820 	 0.856937 	 0.00387576	0.00809718
2500 	 2825 	 0.856941 	 0.00387741	0.00810062
2500 	 2830 	 0.856944 	 0.00387906	0.00810406
2500 	 2835 	 0.856947 	 0.0038807	0.00810749
2500 	 2840 	 0.856951 	 0.00388234	0.00811091
2500 	 2845 	 0.856954 	 0.00388397	0.00811432
2500 	 2850 	 0.856958 	 0.0038856	0.00811772
2500 	 2855 	 0.856961 	 0.00388722	0.00812112
2500 	 2860 	 0.856965 	 0.00388885	0.00812451
2500 	 2865 	 0.856968 	 0.00389047	0.00812789
2500 	 2870 	 0.856971 	 0.00389208	0.00813126
2500 	 2875 	 0.856975 	 0.00389369	0.00813463
2500 	 2880 	 0.856978 	 0.0038953	0.00813798
2500 	 2885 	 0.856982 	 0.0038969	0.00814133
2500 	 2890 	 0.856985 	 0.0038985	0.00814468
2500 	 2895 	 0.856988 	 0.0039001	0.00814801
2500 	 2900 	 0.856992 	 0.00390169	0.00815134
2500 	 2905 	 0.856995 	 0.00390328	0.00815465
2500 	 2910 	 0.856998 	 0.00390486	0.00815796
2500 	 2915 	 0.857001 	 0.00390644	0.00816127
2500 	 2920 	 0.857005 	 0.00390802	0.00816456
2500 	 2925 	 0.857008 	 0.00390959	0.00816785
2500 	 2930 	 0.857011 	 0.00391116	0.00817113
2500 	 2935 	 0.857015 	 0.00391273	0.0081744
2500 	 2940 	 0.857018 	 0.00391429	0.00817767
2500 	 2945 	 0.857021 	 0.00391585	0.00818093
2500 	 2950 	 0.857024 	 0.00391741	0.00818418
2500 	 2955 	 0.857027 	 0.00391896	0.00818742
2500 	 2960 	 0.857031 	 0.00392051	0.00819066
2500 	 2965 	 0.857034 	 0.00392205	0.00819388
2500 	 2970 	 0.857037 	 0.00392359	0.0081971
2500 	 2975 	 0.85704 	 0.00392513	0.00820032
2500 	 2980 	 0.857043 	 0.00392667	0.00820352
2500 	 2985 	 0.857047 	 0.0039282	0.00820672
2500 	 2990 	 0.85705 	 0.00392973	0.00820991
2500 	 2995 	 0.857053 	 0.00393125	0.0082131
2500 	 3000 	 0.857056 	 0.00393277	0.00821628
2500 	 3005 	 0.857059 	 0.00393429	0.00821945
2500 	 3010 	 0.857062 	 0.0039358	0.00822261
2500 	 3015 	 0.857065 	 0.00393731	0.00822577
2500 	 3020 	 0.857068 	 0.00393882	0.00822891
2500 	 3025 	 0.857071 	 0.00394032	0.00823206
2500 	 3030 	 0.857074 	 0.00394183	0.00823519
2500 	 3035 	 0.857078 	 0.00394332	0.00823832
2500 	 3040 	 0.857081 	 0.00394482	0.00824144
2500 	 3045 	 0.857084 	 0.00394631	0.00824455
2500 	 3050 	 0.857087 	 0.00394779	0.00824766
2500 	 3055 	 0.85709 	 0.00394928	0.00825076
2500 	 3060 	 0.857093 	 0.00395076	0.00825385
2500 	 3065 	 0.857096 	 0.00395224	0.00825694
2500 	 3070 	 0.857099 	 0.00395371	0.00826002
2500 	 3075 	 0.857102 	 0.00395518	0.00826309
2500 	 3080 	 0.857105 	 0.00395665	0.00826616
2500 	 3085 	 0.857108 	 0.00395811	0.00826922
2500 	 3090 	 0.857111 	 0.00395957	0.00827227
2500 	 3095 	 0.857114 	 0.00396103	0.00827532
2500 	 3100 	 0.857116 	 0.00396249	0.00827835
2500 	 3105 	 0.857119 	 0.00396394	0.00828139
2500 	 3110 	 0.857122 	 0.00396539	0.00828441
2500 	 3115 	 0.857125 	 0.00396683	0.00828743
2500 	 3120 	 0.857128 	 0.00396827	0.00829044
2500 	 3125 	 0.857131 	 0.00396971	0.00829345
2500 	 3130 	 0.857134 	 0.00397115	0.00829645
2500 	 3135 	 0.857137 	 0.00397258	0.00829944
2500 	 3140 	 0.85714 	 0.00397401	0.00830243
2500 	 3145 	 0.857143 	 0.00397544	0.00830541
2500 	 3150 	 0.857145 	 0.00397686	0.00830838
2500 	 3155 	 0.857148 	 0.00397828	0.00831135
2500 	 3160 	 0.857151 	 0.0039797	0.00831431
2500 	 3165 	 0.857154 	 0.00398111	0.00831726
2500 	 3170 	 0.857157 	 0.00398252	0.00832021
2500 	 3175 	 0.85716 	 0.00398393	0.00832315
2500 	 3180 	 0.857162 	 0.00398533	0.00832609
2500 	 3185 	 0.857165 	 0.00398674	0.00832902
2500 	 3190 	 0.857168 	 0.00398813	0.00833194
2500 	 3195 	 0.857171 	 0.00398953	0.00833486
2500 	 3200 	 0.857173 	 0.00399092	0.00833777
2500 	 3205 	 0.857176 	 0.00399231	0.00834067
2500 	 3210 	 0.857179 	 0.0039937	0.00834357
2500 	 3215 	 0.857182 	 0.00399508	0.00834646
2500 	 3220 	 0.857185 	 0.00399647	0.00834934
2500 	 3225 	 0.857187 	 0.00399784	0.00835222
2500 	 3230 	 0.85719 	 0.00399922	0.0083551
2500 	 3235 	 0.857193 	 0.00400059	0.00835796
2500 	 3240 	 0.857195 	 0.00400196	0.00836083
2500 	 3245 	 0.857198 	 0.00400333	0.00836368
2500 	 3250 	 0.857201 	 0.00400469	0.00836653
2500 	 3255 	 0.857203 	 0.00400605	0.00836937
2500 	 3260 	 0.857206 	 0.00400741	0.00837221
2500 	 3265 	 0.857209 	 0.00400876	0.00837504
2500 	 3270 	 0.857211 	 0.00401012	0.00837786
2500 	 3275 	 0.857214 	 0.00401147	0.00838068
2500 	 3280 	 0.857217 	 0.00401281	0.0083835
2500 	 3285 	 0.857219 	 0.00401416	0.0083863
2500 	 3290 	 0.857222 	 0.0040155	0.0083891
2500 	 3295 	 0.857225 	 0.00401684	0.0083919
2500 	 3300 	 0.857227 	 0.00401817	0.00839469
2500 	 3305 	 0.85723 	 0.0040195	0.00839747
2500 	 3310 	 0.857233 	 0.00402083	0.00840025
2500 	 3315 	 0.857235 	 0.00402216	0.00840302
2500 	 3320 	 0.857238 	 0.00402348	0.00840579
2500 	 3325 	 0.85724 	 0.00402481	0.00840855
2500 	 3330 	 0.857243 	 0.00402612	0.00841131
2500 	 3335 	 0.857245 	 0.00402744	0.00841406
2500 	 3340 	 0.857248 	 0.00402875	0.0084168
2500 	 3345 	 0.857251 	 0.00403006	0.00841954
2500 	 3350 	 0.857253 	 0.00403137	0.00842227
2500 	 3355 	 0.857256 	 0.00403268	0.008425
2500 	 3360 	 0.857258 	 0.00403398	0.00842772
2500 	 3365 	 0.857261 	 0.00403528	0.00843043
2500 	 3370 	 0.857263 	 0.00403658	0.00843314
2500 	 3375 	 0.857266 	 0.00403787	0.00843585
2500 	 3380 	 0.857268 	 0.00403916	0.00843855
2500 	 3385 	 0.857271 	 0.00404045	0.00844124
2500 	 3390 	 0.857273 	 0.00404174	0.00844393
2500 	 3395 	 0.857276 	 0.00404302	0.00844661
2500 	 3400 	 0.857278 	 0.0040443	0.00844929
2500 	 3405 	 0.857281 	 0.00404558	0.00845196
2500 	 3410 	 0.857283 	 0.00404686	0.00845463
2500 	 3415 	 0.857286 	 0.00404813	0.00845729
2500 	 3420 	 0.857288 	 0.0040494	0.00845994
2500 	 3425 	 0.85729 	 0.00405067	0.00846259
2500 	 3430 	 0.857293 	 0.00405194	0.00846524
2500 	 3435 	 0.857295 	 0.0040532	0.00846788
2500 	 3440 	 0.857298 	 0.00405446	0.00847051
2500 	 3445 	 0.8573 	 0.00405572	0.00847314
2500 	 3450 	 0.857303 	 0.00405698	0.00847576
2500 	 3455 	 0.857305 	 0.00405823	0.00847838
2500 	 3460 	 0.857307 	 0.00405948	0.00848099
2500 	 3465 	 0.85731 	 0.00406073	0.0084836
2500 	 3470 	 0.857312 	 0.00406197	0.0084862
2500 	 3475 	 0.857315 	 0.00406322	0.0084888
2500 	 3480 	 0.857317 	 0.00406446	0.00849139
2500 	 3485 	 0.857319 	 0.0040657	0.00849398
2500 	 3490 	 0.857322 	 0.00406693	0.00849656
2500 	 3495 	 0.857324 	 0.00406816	0.00849914
2500 	 3500 	 0.857326 	 0.0040694	0.00850171
2500 	 3505 	 0.857329 	 0.00407062	0.00850428
2500 	 3510 	 0.857331 	 0.00407185	0.00850684
2500 	 3515 	 0.857333 	 0.00407307	0.00850939
2500 	 3520 	 0.857336 	 0.00407429	0.00851194
2500 	 3525 	 0.857338 	 0.00407551	0.00851449
2500 	 3530 	 0.85734 	 0.00407673	0.00851703
2500 	 3535 	 0.857343 	 0.00407794	0.00851957
2500 	 3540 	 0.857345 	 0.00407916	0.0085221
2500 	 3545 	 0.857347 	 0.00408036	0.00852462
2500 	 3550 	 0.85735 	 0.00408157	0.00852715
2500 	 3555 	 0.857352 	 0.00408278	0.00852966
2500 	 3560 	 0.857354 	 0.00408398	0.00853217
2500 	 3565 	 0.857356 	 0.00408518	0.00853468
2500 	 3570 	 0.857359 	 0.00408637	0.00853718
2500 	 3575 	 0.857361 	 0.00408757	0.00853968
2500 	 3580 	 0.857363 	 0.00408876	0.00854217
2500 	 3585 	 0.857365 	 0.00408995	0.00854466
2500 	 3590 	 0.857368 	 0.00409114	0.00854714
2500 	 3595 	 0.85737 	 0.00409233	0.00854962
2500 	 3600 	 0.857372 	 0.00409351	0.00855209
2500 	 3605 	 0.857374 	 0.00409469	0.00855456
2500 	 3610 	 0.857377 	 0.00409587	0.00855702
2500 	 3615 	 0.857379 	 0.00409705	0.00855948
2500 	 3620 	 0.857381 	 0.00409822	0.00856193
2500 	 3625 	 0.857383 	 0.00409939	0.00856438
2500 	 3630 	 0.857385 	 0.00410056	0.00856682
2500 	 3635 	 0.857388 	 0.00410173	0.00856926
2500 	 3640 	 0.85739 	 0.0041029	0.0085717
2500 	 3645 	 0.857392 	 0.00410406	0.00857413
2500 	 3650 	 0.857394 	 0.00410522	0.00857655
2500 	 3655 	 0.857396 	 0.00410638	0.00857897
2500 	 3660 	 0.857398 	 0.00410753	0.00858139
2500 	 3665 	 0.857401 	 0.00410869	0.0085838
2500 	 3670 	 0.857403 	 0.00410984	0.00858621
2500 	 3675 	 0.857405 	 0.00411099	0.00858861
2500 	 3680 	 0.857407 	 0.00411214	0.00859101
2500 	 3685 	 0.857409 	 0.00411328	0.0085934
2500 	 3690 	 0.857411 	 0.00411443	0.00859579
2500 	 3695 	 0.857413 	 0.00411557	0.00859817
2500 	 3700 	 0.857416 	 0.00411671	0.00860055
2500 	 3705 	 0.857418 	 0.00411784	0.00860293
2500 	 3710 	 0.85742 	 0.00411898	0.0086053
2500 	 3715 	 0.857422 	 0.00412011	0.00860766
2500 	 3720 	 0.857424 	 0.00412124	0.00861002
2500 	 3725 	 0.857426 	 0.00412237	0.00861238
2500 	 3730 	 0.857428 	 0.0041235	0.00861473
2500 	 3735 	 0.85743 	 0.00412462	0.00861708
2500 	 3740 	 0.857432 	 0.00412574	0.00861943
2500 	 3745 	 0.857434 	 0.00412686	0.00862177
2500 	 3750 	 0.857436 	 0.00412798	0.0086241
2500 	 3755 	 0.857439 	 0.00412909	0.00862643
2500 	 3760 	 0.857441 	 0.00413021	0.00862876
2500 	 3765 	 0.857443 	 0.00413132	0.00863108
2500 	 3770 	 0.857445 	 0.00413243	0.0086334
2500 	 3775 	 0.857447 	 0.00413354	0.00863571
2500 	 3780 	 0.857449 	 0.00413464	0.00863802
2500 	 3785 	 0.857451 	 0.00413574	0.00864032
2500 	 3790 	 0.857453 	 0.00413685	0.00864262
2500 	 3795 	 0.857455 	 0.00413794	0.00864492
2500 	 3800 	 0.857457 	 0.00413904	0.00864721
2500 	 3805 	 0.857459 	 0.00414014	0.0086495
2500 	 3810 	 0.857461 	 0.00414123	0.00865178
2500 	 3815 	 0.857463 	 0.00414232	0.00865406
2500 	 3820 	 0.857465 	 0.00414341	0.00865634
2500 	 3825 	 0.857467 	 0.0041445	0.00865861
2500 	 3830 	 0.857469 	 0.00414558	0.00866088
2500 	 3835 	 0.857471 	 0.00414666	0.00866314
2500 	 3840 	 0.857473 	 0.00414775	0.0086654
2500 	 3845 	 0.857475 	 0.00414882	0.00866765
2500 	 3850 	 0.857477 	 0.0041499	0.0086699
2500 	 3855 	 0.857479 	 0.00415098	0.00867215
2500 	 3860 	 0.857481 	 0.00415205	0.00867439
2500 	 3865 	 0.857483 	 0.00415312	0.00867663
2500 	 3870 	 0.857485 	 0.00415419	0.00867886
2500 	 3875 	 0.857487 	 0.00415526	0.00868109
2500 	 3880 	 0.857488 	 0.00415632	0.00868331
2500 	 3885 	 0.85749 	 0.00415739	0.00868554
2500 	 3890 	 0.857492 	 0.00415845	0.00868775
2500 	 3895 	 0.857494 	 0.00415951	0.00868997
2500 	 3900 	 0.857496 	 0.00416056	0.00869218
2500 	 3905 	 0.857498 	 0.00416162	0.00869438
2500 	 3910 	 0.8575 	 0.00416267	0.00869658
2500 	 3915 	 0.857502 	 0.00416373	0.00869878
2500 	 3920 	 0.857504 	 0.00416477	0.00870097
2500 	 3925 	 0.857506 	 0.00416582	0.00870316
2500 	 3930 	 0.857508 	 0.00416687	0.00870535
2500 	 3935 	 0.85751 	 0.00416791	0.00870753
2500 	 3940 	 0.857511 	 0.00416896	0.00870971
2500 	 3945 	 0.857513 	 0.00417	0.00871188
2500 	 3950 	 0.857515 	 0.00417103	0.00871405
2500 	 3955 	 0.857517 	 0.00417207	0.00871622
2500 	 3960 	 0.857519 	 0.00417311	0.00871838
2500 	 3965 	 0.857521 	 0.00417414	0.00872054
2500 	 3970 	 0.857523 	 0.00417517	0.00872269
2500 	 3975 	 0.857525 	 0.0041762	0.00872484
2500 	 3980 	 0.857526 	 0.00417723	0.00872699
2500 	 3985 	 0.857528 	 0.00417825	0.00872913
2500 	 3990 	 0.85753 	 0.00417928	0.00873127
2500 	 3995 	 0.857532 	 0.0041803	0.00873341
2500 	 4000 	 0.857534 	 0.00418132	0.00873554
2500 	 4005 	 0.857536 	 0.00418234	0.00873767
2500 	 4010 	 0.857537 	 0.00418336	0.00873979
2500 	 4015 	 0.857539 	 0.00418437	0.00874191
2500 	 4020 	 0.857541 	 0.00418538	0.00874403
2500 	 4025 	 0.857543 	 0.00418639	0.00874614
2500 	 4030 	 0.857545 	 0.0041874	0.00874825
2500 	 4035 	 0.857546 	 0.00418841	0.00875036
2500 	 4040 	 0.857548 	 0.00418942	0.00875246
2500 	 4045 	 0.85755 	 0.00419042	0.00875456
2500 	 4050 	 0.857552 	 0.00419142	0.00875665
2500 	 4055 	 0.857554 	 0.00419243	0.00875874
2500 	 4060 	 0.857555 	 0.00419342	0.00876083
2500 	 4065 	 0.857557 	 0.00419442	0.00876291
2500 	 4070 	 0.857559 	 0.00419542	0.00876499
2500 	 4075 	 0.857561 	 0.00419641	0.00876707
2500 	 4080 	 0.857563 	 0.0041974	0.00876914
2500 	 4085 	 0.857564 	 0.00419839	0.00877121
2500 	 4090 	 0.857566 	 0.00419938	0.00877327
2500 	 4095 	 0.857568 	 0.00420037	0.00877533
2500 	 4100 	 0.85757 	 0.00420135	0.00877739
2500 	 4105 	 0.857571 	 0.00420234	0.00877945
2500 	 4110 	 0.857573 	 0.00420332	0.0087815
2500 	 4115 	 0.857575 	 0.0042043	0.00878355
2500 	 4120 	 0.857577 	 0.00420528	0.00878559
2500 	 4125 	 0.857578 	 0.00420625	0.00878763
2500 	 4130 	 0.85758 	 0.00420723	0.00878967
2500 	 4135 	 0.857582 	 0.0042082	0.0087917
2500 	 4140 	 0.857583 	 0.00420917	0.00879373
2500 	 4145 	 0.857585 	 0.00421014	0.00879576
2500 	 4150 	 0.857587 	 0.00421111	0.00879778
2500 	 4155 	 0.857589 	 0.00421208	0.0087998
2500 	 4160 	 0.85759 	 0.00421304	0.00880181
2500 	 4165 	 0.857592 	 0.00421401	0.00880383
2500 	 4170 	 0.857594 	 0.00421497	0.00880584
2500 	 4175 	 0.857595 	 0.00421593	0.00880784
2500 	 4180 	 0.857597 	 0.00421689	0.00880984
2500 	 4185 	 0.857599 	 0.00421784	0.00881184
2500 	 4190 	 0.857601 	 0.0042188	0.00881384
2500 	 4195 	 0.857602 	 0.00421975	0.00881583
2500 	 4200 	 0.857604 	 0.0042207	0.00881782
2500 	 4205 	 0.857606 	 0.00422165	0.0088198
2500 	 4210 	 0.857607 	 0.0042226	0.00882179
2500 	 4215 	 0.857609 	 0.00422355	0.00882376
2500 	 4220 	 0.857611 	 0.00422449	0.00882574
2500 	 4225 	 0.857612 	 0.00422544	0.00882771
2500 	 4230 	 0.857614 	 0.00422638	0.00882968
2500 	 4235 	 0.857616 	 0.00422732	0.00883164
2500 	 4240 	 0.857617 	 0.00422826	0.00883361
2500 	 4245 	 0.857619 	 0.0042292	0.00883556
2500 	 4250 	 0.85762 	 0.00423013	0.00883752
2500 	 4255 	 0.857622 	 0.00423107	0.00883947
2500 	 4260 	 0.857624 	 0.004232	0.00884142
2500 	 4265 	 0.857625 	 0.00423293	0.00884337
2500 	 4270 	 0.857627 	 0.00423386	0.00884531
2500 	 4275 	 0.857629 	 0.00423479	0.00884725
2500 	 4280 	 0.85763 	 0.00423572	0.00884918
2500 	 4285 	 0.857632 	 0.00423664	0.00885111
2500 	 4290 	 0.857633 	 0.00423756	0.00885304
2500 	 4295 	 0.857635 	 0.00423849	0.00885497
2500 	 4300 	 0.857637 	 0.00423941	0.00885689
2500 	 4305 	 0.857638 	 0.00424033	0.00885881
2500 	 4310 	 0.85764 	 0.00424124	0.00886073
2500 	 4315 	 0.857641 	 0.00424216	0.00886264
2500 	 4320 	 0.857643 	 0.00424307	0.00886455
2500 	 4325 	 0.857645 	 0.00424399	0.00886646
2500 	 4330 	 0.857646 	 0.0042449	0.00886836
2500 	 4335 	 0.857648 	 0.00424581	0.00887026
2500 	 4340 	 0.857649 	 0.00424671	0.00887216
2500 	 4345 	 0.857651 	 0.00424762	0.00887405
2500 	 4350 	 0.857653 	 0.00424853	0.00887595
2500 	 4355 	 0.857654 	 0.00424943	0.00887783
2500 	 4360 	 0.857656 	 0.00425033	0.00887972
2500 	 4365 	 0.857657 	 0.00425123	0.0088816
2500 	 4370 	 0.857659 	 0.00425213	0.00888348
2500 	 4375 	 0.85766 	 0.00425303	0.00888535
2500 	 4380 	 0.857662 	 0.00425393	0.00888723
2500 	 4385 	 0.857663 	 0.00425482	0.0088891
2500 	 4390 	 0.857665 	 0.00425571	0.00889096
2500 	 4395 	 0.857667 	 0.00425661	0.00889283
2500 	 4400 	 0.857668 	 0.0042575	0.00889469
2500 	 4405 	 0.85767 	 0.00425839	0.00889654
2500 	 4410 	 0.857671 	 0.00425927	0.0088984
2500 	 4415 	 0.857673 	 0.00426016	0.00890025
2500 	 4420 	 0.857674 	 0.00426104	0.0089021
2500 	 4425 	 0.857676 	 0.00426193	0.00890394
2500 	 4430 	 0.857677 	 0.00426281	0.00890579
2500 	 4435 	 0.857679 	 0.00426369	0.00890763
2500 	 4440 	 0.85768 	 0.00426457	0.00890946
2500 	 4445 	 0.857682 	 0.00426545	0.0089113
2500 	 4450 	 0.857683 	 0.00426632	0.00891313
2500 	 4455 	 0.857685 	 0.0042672	0.00891495
2500 	 4460 	 0.857686 	 0.00426807	0.00891678
2500 	 4465 	 0.857688 	 0.00426894	0.0089186
2500 	 4470 	 0.857689 	 0.00426981	0.00892042
2500 	 4475 	 0.857691 	 0.00427068	0.00892223
2500 	 4480 	 0.857692 	 0.00427155	0.00892405
2500 	 4485 	 0.857694 	 0.00427242	0.00892586
2500 	 4490 	 0.857695 	 0.00427328	0.00892766
2500 	 4495 	 0.857697 	 0.00427414	0.00892947
2500 	 4500 	 0.857698 	 0.00427501	0.00893127
2500 	 4505 	 0.8577 	 0.00427587	0.00893307
2500 	 4510 	 0.857701 	 0.00427673	0.00893486
2500 	 4515 	 0.857703 	 0.00427759	0.00893665
2500 	 4520 	 0.857704 	 0.00427844	0.00893844
2500 	 4525 	 0.857706 	 0.0042793	0.00894023
2500 	 4530 	 0.857707 	 0.00428015	0.00894202
2500 	 4535 	 0.857708 	 0.004281	0.0089438
2500 	 4540 	 0.85771 	 0.00428185	0.00894557
2500 	 4545 	 0.857711 	 0.0042827	0.00894735
2500 	 4550 	 0.857713 	 0.00428355	0.00894912
2500 	 4555 	 0.857714 	 0.0042844	0.00895089
2500 	 4560 	 0.857716 	 0.00428525	0.00895266
2500 	 4565 	 0.857717 	 0.00428609	0.00895442
2500 	 4570 	 0.857719 	 0.00428693	0.00895619
2500 	 4575 	 0.85772 	 0.00428778	0.00895794
2500 	 4580 	 0.857721 	 0.00428862	0.0089597
2500 	 4585 	 0.857723 	 0.00428946	0.00896145
2500 	 4590 	 0.857724 	 0.00429029	0.0089632
2500 	 4595 	 0.857726 	 0.00429113	0.00896495
2500 	 4600 	 0.857727 	 0.00429197	0.0089667
2500 	 4605 	 0.857729 	 0.0042928	0.00896844
2500 	 4610 	 0.85773 	 0.00429363	0.00897018
2500 	 4615 	 0.857731 	 0.00429446	0.00897192
2500 	 4620 	 0.857733 	 0.00429529	0.00897365
2500 	 4625 	 0.857734 	 0.00429612	0.00897538
2500 	 4630 	 0.857736 	 0.00429695	0.00897711
2500 	 4635 	 0.857737 	 0.00429778	0.00897884
2500 	 4640 	 0.857738 	 0.0042986	0.00898056
2500 	 4645 	 0.85774 	 0.00429942	0.00898228
2500 	 4650 	 0.857741 	 0.00430025	0.008984
2500 	 4655 	 0.857743 	 0.00430107	0.00898571
2500 	 4660 	 0.857744 	 0.00430189	0.00898743
2500 	 4665 	 0.857745 	 0.00430271	0.00898914
2500 	 4670 	 0.857747 	 0.00430352	0.00899084
2500 	 4675 	 0.857748 	 0.00430434	0.00899255
2500 	 4680 	 0.857749 	 0.00430515	0.00899425
2500 	 4685 	 0.857751 	 0.00430597	0.00899595
2500 	 4690 	 0.857752 	 0.00430678	0.00899765
2500 	 4695 	 0.857754 	 0.00430759	0.00899934
2500 	 4700 	 0.857755 	 0.0043084	0.00900103
2500 	 4705 	 0.857756 	 0.00430921	0.00900272
2500 	 4710 	 0.857758 	 0.00431001	0.00900441
2500 	 4715 	 0.857759 	 0.00431082	0.00900609
2500 	 4720 	 0.85776 	 0.00431163	0.00900777
2500 	 4725 	 0.857762 	 0.00431243	0.00900945
2500 	 4730 	 0.857763 	 0.00431323	0.00901113
2500 	 4735 	 0.857764 	 0.00431403	0.0090128
2500 	 4740 	 0.857766 	 0.00431483	0.00901447
2500 	 4745 	 0.857767 	 0.00431563	0.00901614
2500 	 4750 	 0.857768 	 0.00431643	0.0090178
2500 	 4755 	 0.85777 	 0.00431722	0.00901947
2500 	 4760 	 0.857771 	 0.00431802	0.00902113
2500 	 4765 	 0.857772 	 0.00431881	0.00902279
2500 	 4770 	 0.857774 	 0.00431961	0.00902444
2500 	 4775 	 0.857775 	 0.0043204	0.0090261
2500 	 4780 	 0.857776 	 0.00432119	0.00902775
2500 	 4785 	 0.857778 	 0.00432198	0.00902939
2500 	 4790 	 0.857779 	 0.00432276	0.00903104
2500 	 4795 	 0.85778 	 0.00432355	0.00903268
2500 	 4800 	 0.857782 	 0.00432433	0.00903432
2500 	 4805 	 0.857783 	 0.00432512	0.00903596
2500 	 4810 	 0.857784 	 0.0043259	0.0090376
2500 	 4815 	 0.857786 	 0.00432668	0.00903923
2500 	 4820 	 0.857787 	 0.00432746	0.00904086
2500 	 4825 	 0.857788 	 0.00432824	0.00904249
2500 	 4830 	 0.857789 	 0.00432902	0.00904412
2500 	 4835 	 0.857791 	 0.0043298	0.00904574
2500 	 4840 	 0.857792 	 0.00433058	0.00904736
2500 	 4845 	 0.857793 	 0.00433135	0.00904898
2500 	 4850 	 0.857795 	 0.00433212	0.0090506
2500 	 4855 	 0.857796 	 0.0043329	0.00905221
2500 	 4860 	 0.857797 	 0.00433367	0.00905382
2500 	 4865 	 0.857798 	 0.00433444	0.00905543
2500 	 4870 	 0.8578 	 0.00433521	0.00905704
2500 	 4875 	 0.857801 	 0.00433597	0.00905864
2500 	 4880 	 0.857802 	 0.00433674	0.00906024
2500 	 4885 	 0.857803 	 0.00433751	0.00906184
2500 	 4890 	 0.857805 	 0.00433827	0.00906344
2500 	 4895 	 0.857806 	 0.00433903	0.00906503
2500 	 4900 	 0.857807 	 0.0043398	0.00906662
2500 	 4905 	 0.857809 	 0.00434056	0.00906821
2500 	 4910 	 0.85781 	 0.00434132	0.0090698
2500 	 4915 	 0.857811 	 0.00434208	0.00907139
2500 	 4920 	 0.857812 	 0.00434283	0.00907297
2500 	 4925 	 0.857814 	 0.00434359	0.00907455
2500 	 4930 	 0.857815 	 0.00434435	0.00907613
2500 	 4935 	 0.857816 	 0.0043451	0.0090777
2500 	 4940 	 0.857817 	 0.00434585	0.00907928
2500 	 4945 	 0.857819 	 0.0043466	0.00908085
2500 	 4950 	 0.85782 	 0.00434736	0.00908242
2500 	 4955 	 0.857821 	 0.00434811	0.00908398
2500 	 4960 	 0.857822 	 0.00434885	0.00908555
2500 	 4965 	 0.857823 	 0.0043496	0.00908711
2500 	 4970 	 0.857825 	 0.00435035	0.00908867
2500 	 4975 	 0.857826 	 0.00435109	0.00909023
2500 	 4980 	 0.857827 	 0.00435184	0.00909178
2500 	 4985 	 0.857828 	 0.00435258	0.00909334
2500 	 4990 	 0.85783 	 0.00435332	0.00909489
2500 	 4995 	 0.857831 	 0.00435406	0.00909643
2500 	 5000 	 0.857832 	 0.0043548	0.00909798
