4445 	 5 	 0.729475 	 0.00680878	0.0142248
4445 	 10 	 0.730077 	 0.00642096	0.0134146
4445 	 15 	 0.731215 	 0.00581898	0.0121569
4445 	 20 	 0.733328 	 0.00497829	0.0104006
4445 	 25 	 0.737124 	 0.00404267	0.00844588
4445 	 30 	 0.743554 	 0.00344717	0.00720176
4445 	 35 	 0.75343 	 0.00332522	0.00694698
4445 	 40 	 0.76653 	 0.00295874	0.00618134
4445 	 45 	 0.781911 	 0.00328429	0.00686148
4445 	 50 	 0.796104 	 0.00325557	0.00680147
4445 	 55 	 0.806808 	 0.00298922	0.00624503
4445 	 60 	 0.814031 	 0.00262613	0.00548647
4445 	 65 	 0.81866 	 0.0024216	0.00505917
4445 	 70 	 0.821642 	 0.00240614	0.00502686
4445 	 75 	 0.823659 	 0.0024708	0.00516194
4445 	 80 	 0.825133 	 0.00254128	0.00530919
4445 	 85 	 0.826301 	 0.00259643	0.00542441
4445 	 90 	 0.827291 	 0.00263693	0.00550903
4445 	 95 	 0.828175 	 0.00266745	0.00557278
4445 	 100 	 0.828988 	 0.00269133	0.00562267
4445 	 105 	 0.829751 	 0.00271022	0.00566214
4445 	 110 	 0.830475 	 0.00272471	0.00569241
4445 	 115 	 0.831166 	 0.00273496	0.00571384
4445 	 120 	 0.831829 	 0.00274106	0.00572657
4445 	 125 	 0.832465 	 0.00274313	0.0057309
4445 	 130 	 0.833076 	 0.00274142	0.00572732
4445 	 135 	 0.833664 	 0.00273623	0.00571649
4445 	 140 	 0.83423 	 0.00272797	0.00569922
4445 	 145 	 0.834775 	 0.00271701	0.00567634
4445 	 150 	 0.8353 	 0.00270379	0.00564872
4445 	 155 	 0.835806 	 0.00268871	0.00561719
4445 	 160 	 0.836294 	 0.00267213	0.00558256
4445 	 165 	 0.836764 	 0.00265441	0.00554555
4445 	 170 	 0.837218 	 0.00263588	0.00550683
4445 	 175 	 0.837656 	 0.0026168	0.00546697
4445 	 180 	 0.838078 	 0.00259744	0.00542652
4445 	 185 	 0.838486 	 0.002578	0.00538591
4445 	 190 	 0.838881 	 0.00255868	0.00534555
4445 	 195 	 0.839262 	 0.00253964	0.00530576
4445 	 200 	 0.83963 	 0.002521	0.00526683
4445 	 205 	 0.839986 	 0.00250289	0.00522898
4445 	 210 	 0.840331 	 0.00248538	0.00519241
4445 	 215 	 0.840664 	 0.00246856	0.00515728
4445 	 220 	 0.840987 	 0.00245248	0.00512369
4445 	 225 	 0.841299 	 0.00243719	0.00509173
4445 	 230 	 0.841602 	 0.00242271	0.00506149
4445 	 235 	 0.841896 	 0.00240907	0.00503299
4445 	 240 	 0.842181 	 0.00239628	0.00500627
4445 	 245 	 0.842457 	 0.00238434	0.00498133
4445 	 250 	 0.842724 	 0.00237326	0.00495817
4445 	 255 	 0.842984 	 0.00236302	0.00493678
4445 	 260 	 0.843237 	 0.00235361	0.00491712
4445 	 265 	 0.843482 	 0.00234502	0.00489917
4445 	 270 	 0.84372 	 0.00233723	0.0048829
4445 	 275 	 0.843951 	 0.00233022	0.00486825
4445 	 280 	 0.844177 	 0.00232396	0.00485518
4445 	 285 	 0.844395 	 0.00231844	0.00484364
4445 	 290 	 0.844608 	 0.00231362	0.00483358
4445 	 295 	 0.844815 	 0.00230949	0.00482494
4445 	 300 	 0.845017 	 0.00230601	0.00481768
4445 	 305 	 0.845214 	 0.00230316	0.00481173
4445 	 310 	 0.845405 	 0.00230092	0.00480704
4445 	 315 	 0.845591 	 0.00229926	0.00480357
4445 	 320 	 0.845773 	 0.00229815	0.00480125
4445 	 325 	 0.84595 	 0.00229757	0.00480003
4445 	 330 	 0.846123 	 0.00229749	0.00479987
4445 	 335 	 0.846291 	 0.00229789	0.00480071
4445 	 340 	 0.846456 	 0.00229875	0.00480251
4445 	 345 	 0.846616 	 0.00230005	0.00480522
4445 	 350 	 0.846773 	 0.00230176	0.00480879
4445 	 355 	 0.846926 	 0.00230386	0.00481318
4445 	 360 	 0.847075 	 0.00230634	0.00481835
4445 	 365 	 0.847221 	 0.00230916	0.00482426
4445 	 370 	 0.847364 	 0.00231233	0.00483088
4445 	 375 	 0.847503 	 0.00231581	0.00483815
4445 	 380 	 0.84764 	 0.00231959	0.00484605
4445 	 385 	 0.847773 	 0.00232366	0.00485455
4445 	 390 	 0.847904 	 0.00232799	0.0048636
4445 	 395 	 0.848031 	 0.00233258	0.00487319
4445 	 400 	 0.848156 	 0.00233741	0.00488328
4445 	 405 	 0.848278 	 0.00234247	0.00489384
4445 	 410 	 0.848398 	 0.00234773	0.00490484
4445 	 415 	 0.848515 	 0.0023532	0.00491627
4445 	 420 	 0.84863 	 0.00235886	0.00492809
4445 	 425 	 0.848743 	 0.0023647	0.00494028
4445 	 430 	 0.848853 	 0.0023707	0.00495283
4445 	 435 	 0.848961 	 0.00237686	0.0049657
4445 	 440 	 0.849067 	 0.00238317	0.00497888
4445 	 445 	 0.849171 	 0.00238962	0.00499235
4445 	 450 	 0.849272 	 0.0023962	0.0050061
4445 	 455 	 0.849372 	 0.0024029	0.0050201
4445 	 460 	 0.84947 	 0.00240972	0.00503433
4445 	 465 	 0.849566 	 0.00241664	0.00504879
4445 	 470 	 0.849661 	 0.00242366	0.00506346
4445 	 475 	 0.849753 	 0.00243077	0.00507832
4445 	 480 	 0.849844 	 0.00243797	0.00509336
4445 	 485 	 0.849933 	 0.00244525	0.00510857
4445 	 490 	 0.850021 	 0.00245261	0.00512394
4445 	 495 	 0.850107 	 0.00246003	0.00513945
4445 	 500 	 0.850192 	 0.00246752	0.00515509
4445 	 505 	 0.850275 	 0.00247506	0.00517086
4445 	 510 	 0.850356 	 0.00248266	0.00518674
4445 	 515 	 0.850436 	 0.00249031	0.00520272
4445 	 520 	 0.850515 	 0.00249801	0.0052188
4445 	 525 	 0.850593 	 0.00250575	0.00523496
4445 	 530 	 0.850669 	 0.00251352	0.00525121
4445 	 535 	 0.850744 	 0.00252133	0.00526752
4445 	 540 	 0.850818 	 0.00252917	0.0052839
4445 	 545 	 0.85089 	 0.00253704	0.00530034
4445 	 550 	 0.850961 	 0.00254493	0.00531682
4445 	 555 	 0.851031 	 0.00255284	0.00533335
4445 	 560 	 0.851101 	 0.00256077	0.00534992
4445 	 565 	 0.851168 	 0.00256872	0.00536652
4445 	 570 	 0.851235 	 0.00257668	0.00538315
4445 	 575 	 0.851301 	 0.00258465	0.0053998
4445 	 580 	 0.851366 	 0.00259263	0.00541647
4445 	 585 	 0.85143 	 0.00260061	0.00543315
4445 	 590 	 0.851493 	 0.0026086	0.00544984
4445 	 595 	 0.851555 	 0.00261659	0.00546654
4445 	 600 	 0.851616 	 0.00262459	0.00548324
4445 	 605 	 0.851676 	 0.00263258	0.00549993
4445 	 610 	 0.851735 	 0.00264056	0.00551662
4445 	 615 	 0.851793 	 0.00264855	0.0055333
4445 	 620 	 0.85185 	 0.00265653	0.00554997
4445 	 625 	 0.851907 	 0.0026645	0.00556662
4445 	 630 	 0.851963 	 0.00267246	0.00558325
4445 	 635 	 0.852018 	 0.00268041	0.00559986
4445 	 640 	 0.852072 	 0.00268835	0.00561645
4445 	 645 	 0.852126 	 0.00269628	0.00563301
4445 	 650 	 0.852178 	 0.00270419	0.00564955
4445 	 655 	 0.85223 	 0.00271209	0.00566605
4445 	 660 	 0.852282 	 0.00271997	0.00568252
4445 	 665 	 0.852332 	 0.00272784	0.00569896
4445 	 670 	 0.852382 	 0.00273569	0.00571536
4445 	 675 	 0.852431 	 0.00274352	0.00573172
4445 	 680 	 0.85248 	 0.00275134	0.00574804
4445 	 685 	 0.852528 	 0.00275913	0.00576433
4445 	 690 	 0.852575 	 0.0027669	0.00578057
4445 	 695 	 0.852622 	 0.00277466	0.00579676
4445 	 700 	 0.852668 	 0.00278239	0.00581292
4445 	 705 	 0.852714 	 0.0027901	0.00582902
4445 	 710 	 0.852758 	 0.00279778	0.00584508
4445 	 715 	 0.852803 	 0.00280545	0.00586109
4445 	 720 	 0.852847 	 0.00281309	0.00587705
4445 	 725 	 0.85289 	 0.0028207	0.00589296
4445 	 730 	 0.852932 	 0.00282829	0.00590882
4445 	 735 	 0.852975 	 0.00283586	0.00592462
4445 	 740 	 0.853016 	 0.0028434	0.00594037
4445 	 745 	 0.853057 	 0.00285091	0.00595607
4445 	 750 	 0.853098 	 0.0028584	0.00597172
4445 	 755 	 0.853138 	 0.00286586	0.00598731
4445 	 760 	 0.853178 	 0.0028733	0.00600285
4445 	 765 	 0.853217 	 0.00288071	0.00601832
4445 	 770 	 0.853256 	 0.00288809	0.00603375
4445 	 775 	 0.853294 	 0.00289545	0.00604911
4445 	 780 	 0.853332 	 0.00290277	0.00606442
4445 	 785 	 0.853369 	 0.00291007	0.00607967
4445 	 790 	 0.853406 	 0.00291734	0.00609486
4445 	 795 	 0.853442 	 0.00292459	0.00611
4445 	 800 	 0.853479 	 0.0029318	0.00612507
4445 	 805 	 0.853514 	 0.00293899	0.00614009
4445 	 810 	 0.853549 	 0.00294615	0.00615505
4445 	 815 	 0.853584 	 0.00295328	0.00616994
4445 	 820 	 0.853619 	 0.00296038	0.00618478
4445 	 825 	 0.853653 	 0.00296746	0.00619956
4445 	 830 	 0.853687 	 0.0029745	0.00621428
4445 	 835 	 0.85372 	 0.00298152	0.00622894
4445 	 840 	 0.853753 	 0.00298851	0.00624353
4445 	 845 	 0.853786 	 0.00299547	0.00625807
4445 	 850 	 0.853818 	 0.00300239	0.00627255
4445 	 855 	 0.85385 	 0.0030093	0.00628697
4445 	 860 	 0.853881 	 0.00301617	0.00630132
4445 	 865 	 0.853913 	 0.00302301	0.00631562
4445 	 870 	 0.853944 	 0.00302983	0.00632986
4445 	 875 	 0.853974 	 0.00303661	0.00634403
4445 	 880 	 0.854005 	 0.00304337	0.00635815
4445 	 885 	 0.854035 	 0.0030501	0.0063722
4445 	 890 	 0.854064 	 0.00305679	0.0063862
4445 	 895 	 0.854094 	 0.00306346	0.00640014
4445 	 900 	 0.854123 	 0.00307011	0.00641401
4445 	 905 	 0.854151 	 0.00307672	0.00642783
4445 	 910 	 0.85418 	 0.0030833	0.00644158
4445 	 915 	 0.854208 	 0.00308986	0.00645528
4445 	 920 	 0.854236 	 0.00309639	0.00646892
4445 	 925 	 0.854264 	 0.00310289	0.00648249
4445 	 930 	 0.854291 	 0.00310936	0.00649601
4445 	 935 	 0.854318 	 0.0031158	0.00650947
4445 	 940 	 0.854345 	 0.00312221	0.00652287
4445 	 945 	 0.854371 	 0.0031286	0.00653621
4445 	 950 	 0.854398 	 0.00313496	0.0065495
4445 	 955 	 0.854424 	 0.00314129	0.00656272
4445 	 960 	 0.85445 	 0.00314759	0.00657589
4445 	 965 	 0.854475 	 0.00315387	0.006589
4445 	 970 	 0.8545 	 0.00316011	0.00660205
4445 	 975 	 0.854525 	 0.00316633	0.00661504
4445 	 980 	 0.85455 	 0.00317252	0.00662798
4445 	 985 	 0.854575 	 0.00317869	0.00664086
4445 	 990 	 0.854599 	 0.00318483	0.00665368
4445 	 995 	 0.854623 	 0.00319094	0.00666645
4445 	 1000 	 0.854647 	 0.00319702	0.00667916
4445 	 1005 	 0.854671 	 0.00320308	0.00669181
4445 	 1010 	 0.854695 	 0.00320911	0.00670441
4445 	 1015 	 0.854718 	 0.00321511	0.00671695
4445 	 1020 	 0.854741 	 0.00322109	0.00672944
4445 	 1025 	 0.854764 	 0.00322704	0.00674187
4445 	 1030 	 0.854786 	 0.00323296	0.00675424
4445 	 1035 	 0.854809 	 0.00323886	0.00676656
4445 	 1040 	 0.854831 	 0.00324473	0.00677883
4445 	 1045 	 0.854853 	 0.00325057	0.00679104
4445 	 1050 	 0.854875 	 0.00325639	0.0068032
4445 	 1055 	 0.854897 	 0.00326219	0.00681531
4445 	 1060 	 0.854918 	 0.00326796	0.00682736
4445 	 1065 	 0.854939 	 0.0032737	0.00683936
4445 	 1070 	 0.854961 	 0.00327942	0.0068513
4445 	 1075 	 0.854982 	 0.00328511	0.00686319
4445 	 1080 	 0.855002 	 0.00329078	0.00687503
4445 	 1085 	 0.855023 	 0.00329642	0.00688682
4445 	 1090 	 0.855043 	 0.00330204	0.00689856
4445 	 1095 	 0.855063 	 0.00330763	0.00691024
4445 	 1100 	 0.855084 	 0.0033132	0.00692188
4445 	 1105 	 0.855103 	 0.00331874	0.00693346
4445 	 1110 	 0.855123 	 0.00332426	0.00694499
4445 	 1115 	 0.855143 	 0.00332976	0.00695647
4445 	 1120 	 0.855162 	 0.00333523	0.0069679
4445 	 1125 	 0.855181 	 0.00334068	0.00697928
4445 	 1130 	 0.8552 	 0.0033461	0.00699061
4445 	 1135 	 0.855219 	 0.0033515	0.0070019
4445 	 1140 	 0.855238 	 0.00335688	0.00701313
4445 	 1145 	 0.855257 	 0.00336223	0.00702431
4445 	 1150 	 0.855275 	 0.00336756	0.00703545
4445 	 1155 	 0.855294 	 0.00337287	0.00704653
4445 	 1160 	 0.855312 	 0.00337815	0.00705757
4445 	 1165 	 0.85533 	 0.00338341	0.00706856
4445 	 1170 	 0.855348 	 0.00338865	0.0070795
4445 	 1175 	 0.855366 	 0.00339386	0.0070904
4445 	 1180 	 0.855383 	 0.00339906	0.00710125
4445 	 1185 	 0.855401 	 0.00340423	0.00711205
4445 	 1190 	 0.855418 	 0.00340937	0.00712281
4445 	 1195 	 0.855435 	 0.0034145	0.00713351
4445 	 1200 	 0.855452 	 0.0034196	0.00714418
4445 	 1205 	 0.855469 	 0.00342469	0.00715479
4445 	 1210 	 0.855486 	 0.00342975	0.00716537
4445 	 1215 	 0.855503 	 0.00343479	0.00717589
4445 	 1220 	 0.855519 	 0.0034398	0.00718637
4445 	 1225 	 0.855536 	 0.0034448	0.00719681
4445 	 1230 	 0.855552 	 0.00344977	0.0072072
4445 	 1235 	 0.855568 	 0.00345473	0.00721755
4445 	 1240 	 0.855584 	 0.00345966	0.00722785
4445 	 1245 	 0.8556 	 0.00346457	0.00723811
4445 	 1250 	 0.855616 	 0.00346946	0.00724833
4445 	 1255 	 0.855632 	 0.00347433	0.00725851
4445 	 1260 	 0.855647 	 0.00347918	0.00726864
4445 	 1265 	 0.855663 	 0.00348401	0.00727872
4445 	 1270 	 0.855678 	 0.00348881	0.00728877
4445 	 1275 	 0.855694 	 0.0034936	0.00729877
4445 	 1280 	 0.855709 	 0.00349837	0.00730874
4445 	 1285 	 0.855724 	 0.00350312	0.00731866
4445 	 1290 	 0.855739 	 0.00350785	0.00732853
4445 	 1295 	 0.855753 	 0.00351256	0.00733837
4445 	 1300 	 0.855768 	 0.00351725	0.00734817
4445 	 1305 	 0.855783 	 0.00352191	0.00735792
4445 	 1310 	 0.855797 	 0.00352657	0.00736764
4445 	 1315 	 0.855812 	 0.0035312	0.00737731
4445 	 1320 	 0.855826 	 0.00353581	0.00738695
4445 	 1325 	 0.85584 	 0.0035404	0.00739654
4445 	 1330 	 0.855854 	 0.00354497	0.0074061
4445 	 1335 	 0.855868 	 0.00354953	0.00741561
4445 	 1340 	 0.855882 	 0.00355406	0.00742509
4445 	 1345 	 0.855896 	 0.00355858	0.00743453
4445 	 1350 	 0.85591 	 0.00356308	0.00744393
4445 	 1355 	 0.855924 	 0.00356756	0.00745329
4445 	 1360 	 0.855937 	 0.00357202	0.00746261
4445 	 1365 	 0.855951 	 0.00357647	0.00747189
4445 	 1370 	 0.855964 	 0.00358089	0.00748114
4445 	 1375 	 0.855977 	 0.0035853	0.00749035
4445 	 1380 	 0.85599 	 0.00358969	0.00749952
4445 	 1385 	 0.856003 	 0.00359407	0.00750866
4445 	 1390 	 0.856016 	 0.00359842	0.00751776
4445 	 1395 	 0.856029 	 0.00360276	0.00752682
4445 	 1400 	 0.856042 	 0.00360708	0.00753584
4445 	 1405 	 0.856055 	 0.00361138	0.00754483
4445 	 1410 	 0.856068 	 0.00361566	0.00755378
4445 	 1415 	 0.85608 	 0.00361993	0.0075627
4445 	 1420 	 0.856093 	 0.00362418	0.00757158
4445 	 1425 	 0.856105 	 0.00362842	0.00758043
4445 	 1430 	 0.856117 	 0.00363264	0.00758924
4445 	 1435 	 0.85613 	 0.00363684	0.00759801
4445 	 1440 	 0.856142 	 0.00364102	0.00760675
4445 	 1445 	 0.856154 	 0.00364519	0.00761546
4445 	 1450 	 0.856166 	 0.00364934	0.00762413
4445 	 1455 	 0.856178 	 0.00365347	0.00763277
4445 	 1460 	 0.85619 	 0.00365759	0.00764137
4445 	 1465 	 0.856202 	 0.00366169	0.00764994
4445 	 1470 	 0.856213 	 0.00366578	0.00765848
4445 	 1475 	 0.856225 	 0.00366985	0.00766698
4445 	 1480 	 0.856237 	 0.0036739	0.00767545
4445 	 1485 	 0.856248 	 0.00367794	0.00768389
4445 	 1490 	 0.85626 	 0.00368196	0.00769229
4445 	 1495 	 0.856271 	 0.00368597	0.00770067
4445 	 1500 	 0.856282 	 0.00368996	0.007709
4445 	 1505 	 0.856293 	 0.00369394	0.00771731
4445 	 1510 	 0.856305 	 0.0036979	0.00772559
4445 	 1515 	 0.856316 	 0.00370185	0.00773383
4445 	 1520 	 0.856327 	 0.00370578	0.00774204
4445 	 1525 	 0.856338 	 0.00370969	0.00775022
4445 	 1530 	 0.856349 	 0.00371359	0.00775837
4445 	 1535 	 0.856359 	 0.00371748	0.00776649
4445 	 1540 	 0.85637 	 0.00372135	0.00777457
4445 	 1545 	 0.856381 	 0.0037252	0.00778263
4445 	 1550 	 0.856391 	 0.00372904	0.00779065
4445 	 1555 	 0.856402 	 0.00373287	0.00779865
4445 	 1560 	 0.856413 	 0.00373668	0.00780661
4445 	 1565 	 0.856423 	 0.00374048	0.00781454
4445 	 1570 	 0.856433 	 0.00374426	0.00782245
4445 	 1575 	 0.856444 	 0.00374803	0.00783032
4445 	 1580 	 0.856454 	 0.00375179	0.00783817
4445 	 1585 	 0.856464 	 0.00375553	0.00784598
4445 	 1590 	 0.856474 	 0.00375925	0.00785377
4445 	 1595 	 0.856484 	 0.00376297	0.00786152
4445 	 1600 	 0.856494 	 0.00376667	0.00786925
4445 	 1605 	 0.856504 	 0.00377035	0.00787695
4445 	 1610 	 0.856514 	 0.00377402	0.00788462
4445 	 1615 	 0.856524 	 0.00377768	0.00789226
4445 	 1620 	 0.856534 	 0.00378133	0.00789988
4445 	 1625 	 0.856544 	 0.00378496	0.00790746
4445 	 1630 	 0.856553 	 0.00378857	0.00791502
4445 	 1635 	 0.856563 	 0.00379218	0.00792255
4445 	 1640 	 0.856573 	 0.00379577	0.00793005
4445 	 1645 	 0.856582 	 0.00379935	0.00793753
4445 	 1650 	 0.856592 	 0.00380291	0.00794498
4445 	 1655 	 0.856601 	 0.00380646	0.0079524
4445 	 1660 	 0.85661 	 0.00381	0.00795979
4445 	 1665 	 0.85662 	 0.00381353	0.00796716
4445 	 1670 	 0.856629 	 0.00381704	0.0079745
4445 	 1675 	 0.856638 	 0.00382054	0.00798181
4445 	 1680 	 0.856647 	 0.00382403	0.0079891
4445 	 1685 	 0.856656 	 0.00382751	0.00799636
4445 	 1690 	 0.856665 	 0.00383097	0.00800359
4445 	 1695 	 0.856674 	 0.00383442	0.0080108
4445 	 1700 	 0.856683 	 0.00383786	0.00801798
4445 	 1705 	 0.856692 	 0.00384128	0.00802514
4445 	 1710 	 0.856701 	 0.0038447	0.00803227
4445 	 1715 	 0.85671 	 0.0038481	0.00803938
4445 	 1720 	 0.856719 	 0.00385149	0.00804646
4445 	 1725 	 0.856727 	 0.00385486	0.00805351
4445 	 1730 	 0.856736 	 0.00385823	0.00806054
4445 	 1735 	 0.856745 	 0.00386158	0.00806755
4445 	 1740 	 0.856753 	 0.00386492	0.00807453
4445 	 1745 	 0.856762 	 0.00386825	0.00808148
4445 	 1750 	 0.85677 	 0.00387157	0.00808842
4445 	 1755 	 0.856779 	 0.00387488	0.00809532
4445 	 1760 	 0.856787 	 0.00387817	0.00810221
4445 	 1765 	 0.856795 	 0.00388145	0.00810906
4445 	 1770 	 0.856804 	 0.00388473	0.0081159
4445 	 1775 	 0.856812 	 0.00388799	0.00812271
4445 	 1780 	 0.85682 	 0.00389123	0.0081295
4445 	 1785 	 0.856828 	 0.00389447	0.00813626
4445 	 1790 	 0.856837 	 0.0038977	0.008143
4445 	 1795 	 0.856845 	 0.00390091	0.00814972
4445 	 1800 	 0.856853 	 0.00390412	0.00815641
4445 	 1805 	 0.856861 	 0.00390731	0.00816308
4445 	 1810 	 0.856869 	 0.00391049	0.00816973
4445 	 1815 	 0.856877 	 0.00391366	0.00817636
4445 	 1820 	 0.856885 	 0.00391682	0.00818296
4445 	 1825 	 0.856892 	 0.00391997	0.00818954
4445 	 1830 	 0.8569 	 0.00392311	0.0081961
4445 	 1835 	 0.856908 	 0.00392624	0.00820263
4445 	 1840 	 0.856916 	 0.00392936	0.00820914
4445 	 1845 	 0.856923 	 0.00393246	0.00821564
4445 	 1850 	 0.856931 	 0.00393556	0.0082221
4445 	 1855 	 0.856939 	 0.00393865	0.00822855
4445 	 1860 	 0.856946 	 0.00394172	0.00823498
4445 	 1865 	 0.856954 	 0.00394479	0.00824138
4445 	 1870 	 0.856961 	 0.00394784	0.00824776
4445 	 1875 	 0.856969 	 0.00395089	0.00825412
4445 	 1880 	 0.856976 	 0.00395392	0.00826046
4445 	 1885 	 0.856984 	 0.00395694	0.00826678
4445 	 1890 	 0.856991 	 0.00395996	0.00827308
4445 	 1895 	 0.856998 	 0.00396296	0.00827935
4445 	 1900 	 0.857006 	 0.00396596	0.00828561
4445 	 1905 	 0.857013 	 0.00396894	0.00829184
4445 	 1910 	 0.85702 	 0.00397192	0.00829805
4445 	 1915 	 0.857027 	 0.00397488	0.00830425
4445 	 1920 	 0.857034 	 0.00397783	0.00831042
4445 	 1925 	 0.857042 	 0.00398078	0.00831657
4445 	 1930 	 0.857049 	 0.00398371	0.0083227
4445 	 1935 	 0.857056 	 0.00398664	0.00832882
4445 	 1940 	 0.857063 	 0.00398956	0.00833491
4445 	 1945 	 0.85707 	 0.00399246	0.00834098
4445 	 1950 	 0.857077 	 0.00399536	0.00834703
4445 	 1955 	 0.857083 	 0.00399825	0.00835307
4445 	 1960 	 0.85709 	 0.00400112	0.00835908
4445 	 1965 	 0.857097 	 0.00400399	0.00836507
4445 	 1970 	 0.857104 	 0.00400685	0.00837105
4445 	 1975 	 0.857111 	 0.0040097	0.008377
4445 	 1980 	 0.857118 	 0.00401254	0.00838294
4445 	 1985 	 0.857124 	 0.00401538	0.00838885
4445 	 1990 	 0.857131 	 0.0040182	0.00839475
4445 	 1995 	 0.857138 	 0.00402101	0.00840063
4445 	 2000 	 0.857144 	 0.00402382	0.00840649
4445 	 2005 	 0.857151 	 0.00402661	0.00841233
4445 	 2010 	 0.857157 	 0.0040294	0.00841815
4445 	 2015 	 0.857164 	 0.00403218	0.00842395
4445 	 2020 	 0.85717 	 0.00403495	0.00842974
4445 	 2025 	 0.857177 	 0.00403771	0.00843551
4445 	 2030 	 0.857183 	 0.00404046	0.00844126
4445 	 2035 	 0.85719 	 0.0040432	0.00844699
4445 	 2040 	 0.857196 	 0.00404594	0.0084527
4445 	 2045 	 0.857203 	 0.00404866	0.00845839
4445 	 2050 	 0.857209 	 0.00405138	0.00846407
4445 	 2055 	 0.857215 	 0.00405409	0.00846973
4445 	 2060 	 0.857221 	 0.00405679	0.00847537
4445 	 2065 	 0.857228 	 0.00405948	0.00848099
4445 	 2070 	 0.857234 	 0.00406216	0.0084866
4445 	 2075 	 0.85724 	 0.00406484	0.00849218
4445 	 2080 	 0.857246 	 0.0040675	0.00849776
4445 	 2085 	 0.857252 	 0.00407016	0.00850331
4445 	 2090 	 0.857259 	 0.00407281	0.00850884
4445 	 2095 	 0.857265 	 0.00407545	0.00851436
4445 	 2100 	 0.857271 	 0.00407809	0.00851987
4445 	 2105 	 0.857277 	 0.00408071	0.00852535
4445 	 2110 	 0.857283 	 0.00408333	0.00853082
4445 	 2115 	 0.857289 	 0.00408594	0.00853627
4445 	 2120 	 0.857295 	 0.00408854	0.00854171
4445 	 2125 	 0.857301 	 0.00409113	0.00854712
4445 	 2130 	 0.857306 	 0.00409372	0.00855252
4445 	 2135 	 0.857312 	 0.0040963	0.00855791
4445 	 2140 	 0.857318 	 0.00409887	0.00856328
4445 	 2145 	 0.857324 	 0.00410143	0.00856863
4445 	 2150 	 0.85733 	 0.00410398	0.00857397
4445 	 2155 	 0.857336 	 0.00410653	0.00857929
4445 	 2160 	 0.857341 	 0.00410907	0.00858459
4445 	 2165 	 0.857347 	 0.0041116	0.00858988
4445 	 2170 	 0.857353 	 0.00411412	0.00859515
4445 	 2175 	 0.857358 	 0.00411664	0.00860041
4445 	 2180 	 0.857364 	 0.00411915	0.00860565
4445 	 2185 	 0.85737 	 0.00412165	0.00861087
4445 	 2190 	 0.857375 	 0.00412414	0.00861608
4445 	 2195 	 0.857381 	 0.00412663	0.00862127
4445 	 2200 	 0.857386 	 0.0041291	0.00862645
4445 	 2205 	 0.857392 	 0.00413157	0.00863161
4445 	 2210 	 0.857397 	 0.00413404	0.00863676
4445 	 2215 	 0.857403 	 0.00413649	0.00864189
4445 	 2220 	 0.857408 	 0.00413894	0.00864701
4445 	 2225 	 0.857414 	 0.00414139	0.00865211
4445 	 2230 	 0.857419 	 0.00414382	0.00865719
4445 	 2235 	 0.857425 	 0.00414625	0.00866227
4445 	 2240 	 0.85743 	 0.00414867	0.00866732
4445 	 2245 	 0.857435 	 0.00415108	0.00867236
4445 	 2250 	 0.857441 	 0.00415349	0.00867739
4445 	 2255 	 0.857446 	 0.00415589	0.0086824
4445 	 2260 	 0.857451 	 0.00415828	0.0086874
4445 	 2265 	 0.857457 	 0.00416066	0.00869238
4445 	 2270 	 0.857462 	 0.00416304	0.00869735
4445 	 2275 	 0.857467 	 0.00416541	0.0087023
4445 	 2280 	 0.857472 	 0.00416778	0.00870724
4445 	 2285 	 0.857477 	 0.00417013	0.00871217
4445 	 2290 	 0.857483 	 0.00417248	0.00871708
4445 	 2295 	 0.857488 	 0.00417483	0.00872198
4445 	 2300 	 0.857493 	 0.00417717	0.00872686
4445 	 2305 	 0.857498 	 0.0041795	0.00873173
4445 	 2310 	 0.857503 	 0.00418182	0.00873658
4445 	 2315 	 0.857508 	 0.00418414	0.00874142
4445 	 2320 	 0.857513 	 0.00418645	0.00874625
4445 	 2325 	 0.857518 	 0.00418875	0.00875106
4445 	 2330 	 0.857523 	 0.00419105	0.00875586
4445 	 2335 	 0.857528 	 0.00419334	0.00876065
4445 	 2340 	 0.857533 	 0.00419562	0.00876542
4445 	 2345 	 0.857538 	 0.0041979	0.00877018
4445 	 2350 	 0.857543 	 0.00420017	0.00877492
4445 	 2355 	 0.857548 	 0.00420244	0.00877966
4445 	 2360 	 0.857553 	 0.0042047	0.00878437
4445 	 2365 	 0.857557 	 0.00420695	0.00878908
4445 	 2370 	 0.857562 	 0.00420919	0.00879377
4445 	 2375 	 0.857567 	 0.00421143	0.00879845
4445 	 2380 	 0.857572 	 0.00421367	0.00880312
4445 	 2385 	 0.857577 	 0.00421589	0.00880777
4445 	 2390 	 0.857581 	 0.00421811	0.00881241
4445 	 2395 	 0.857586 	 0.00422033	0.00881703
4445 	 2400 	 0.857591 	 0.00422254	0.00882165
4445 	 2405 	 0.857596 	 0.00422474	0.00882625
4445 	 2410 	 0.8576 	 0.00422693	0.00883084
4445 	 2415 	 0.857605 	 0.00422912	0.00883541
4445 	 2420 	 0.85761 	 0.00423131	0.00883997
4445 	 2425 	 0.857614 	 0.00423349	0.00884452
4445 	 2430 	 0.857619 	 0.00423566	0.00884906
4445 	 2435 	 0.857623 	 0.00423782	0.00885359
4445 	 2440 	 0.857628 	 0.00423998	0.0088581
4445 	 2445 	 0.857633 	 0.00424214	0.0088626
4445 	 2450 	 0.857637 	 0.00424429	0.00886709
4445 	 2455 	 0.857642 	 0.00424643	0.00887156
4445 	 2460 	 0.857646 	 0.00424856	0.00887602
4445 	 2465 	 0.857651 	 0.00425069	0.00888047
4445 	 2470 	 0.857655 	 0.00425282	0.00888491
4445 	 2475 	 0.85766 	 0.00425494	0.00888934
4445 	 2480 	 0.857664 	 0.00425705	0.00889376
4445 	 2485 	 0.857669 	 0.00425916	0.00889816
4445 	 2490 	 0.857673 	 0.00426126	0.00890255
4445 	 2495 	 0.857677 	 0.00426336	0.00890693
4445 	 2500 	 0.857682 	 0.00426545	0.0089113
4445 	 2505 	 0.857686 	 0.00426753	0.00891565
4445 	 2510 	 0.85769 	 0.00426961	0.00891999
4445 	 2515 	 0.857695 	 0.00427168	0.00892433
4445 	 2520 	 0.857699 	 0.00427375	0.00892865
4445 	 2525 	 0.857703 	 0.00427581	0.00893296
4445 	 2530 	 0.857708 	 0.00427787	0.00893725
4445 	 2535 	 0.857712 	 0.00427992	0.00894154
4445 	 2540 	 0.857716 	 0.00428197	0.00894581
4445 	 2545 	 0.857721 	 0.00428401	0.00895008
4445 	 2550 	 0.857725 	 0.00428604	0.00895433
4445 	 2555 	 0.857729 	 0.00428807	0.00895857
4445 	 2560 	 0.857733 	 0.0042901	0.0089628
4445 	 2565 	 0.857737 	 0.00429212	0.00896702
4445 	 2570 	 0.857741 	 0.00429413	0.00897122
4445 	 2575 	 0.857746 	 0.00429614	0.00897542
4445 	 2580 	 0.85775 	 0.00429814	0.0089796
4445 	 2585 	 0.857754 	 0.00430014	0.00898378
4445 	 2590 	 0.857758 	 0.00430213	0.00898794
4445 	 2595 	 0.857762 	 0.00430412	0.00899209
4445 	 2600 	 0.857766 	 0.0043061	0.00899623
4445 	 2605 	 0.85777 	 0.00430808	0.00900037
4445 	 2610 	 0.857774 	 0.00431005	0.00900448
4445 	 2615 	 0.857778 	 0.00431202	0.00900859
4445 	 2620 	 0.857782 	 0.00431398	0.00901269
4445 	 2625 	 0.857786 	 0.00431594	0.00901678
4445 	 2630 	 0.85779 	 0.00431789	0.00902086
4445 	 2635 	 0.857794 	 0.00431984	0.00902492
4445 	 2640 	 0.857798 	 0.00432178	0.00902898
4445 	 2645 	 0.857802 	 0.00432371	0.00903302
4445 	 2650 	 0.857806 	 0.00432564	0.00903706
4445 	 2655 	 0.85781 	 0.00432757	0.00904108
4445 	 2660 	 0.857814 	 0.00432949	0.0090451
4445 	 2665 	 0.857818 	 0.00433141	0.0090491
4445 	 2670 	 0.857822 	 0.00433332	0.0090531
4445 	 2675 	 0.857826 	 0.00433523	0.00905708
4445 	 2680 	 0.857829 	 0.00433713	0.00906106
4445 	 2685 	 0.857833 	 0.00433903	0.00906502
4445 	 2690 	 0.857837 	 0.00434092	0.00906897
4445 	 2695 	 0.857841 	 0.00434281	0.00907292
4445 	 2700 	 0.857845 	 0.00434469	0.00907685
4445 	 2705 	 0.857849 	 0.00434657	0.00908077
4445 	 2710 	 0.857852 	 0.00434844	0.00908469
4445 	 2715 	 0.857856 	 0.00435031	0.00908859
4445 	 2720 	 0.85786 	 0.00435217	0.00909248
4445 	 2725 	 0.857864 	 0.00435403	0.00909637
4445 	 2730 	 0.857867 	 0.00435589	0.00910024
4445 	 2735 	 0.857871 	 0.00435774	0.00910411
4445 	 2740 	 0.857875 	 0.00435958	0.00910796
4445 	 2745 	 0.857878 	 0.00436142	0.00911181
4445 	 2750 	 0.857882 	 0.00436326	0.00911564
4445 	 2755 	 0.857886 	 0.00436509	0.00911947
4445 	 2760 	 0.857889 	 0.00436692	0.00912328
4445 	 2765 	 0.857893 	 0.00436874	0.00912709
4445 	 2770 	 0.857897 	 0.00437056	0.00913089
4445 	 2775 	 0.8579 	 0.00437237	0.00913468
4445 	 2780 	 0.857904 	 0.00437418	0.00913846
4445 	 2785 	 0.857907 	 0.00437598	0.00914223
4445 	 2790 	 0.857911 	 0.00437778	0.00914599
4445 	 2795 	 0.857915 	 0.00437958	0.00914974
4445 	 2800 	 0.857918 	 0.00438137	0.00915348
4445 	 2805 	 0.857922 	 0.00438316	0.00915721
4445 	 2810 	 0.857925 	 0.00438494	0.00916094
4445 	 2815 	 0.857929 	 0.00438672	0.00916465
4445 	 2820 	 0.857932 	 0.00438849	0.00916835
4445 	 2825 	 0.857936 	 0.00439026	0.00917205
4445 	 2830 	 0.857939 	 0.00439202	0.00917574
4445 	 2835 	 0.857943 	 0.00439378	0.00917942
4445 	 2840 	 0.857946 	 0.00439554	0.00918309
4445 	 2845 	 0.85795 	 0.00439729	0.00918675
4445 	 2850 	 0.857953 	 0.00439904	0.0091904
4445 	 2855 	 0.857956 	 0.00440078	0.00919404
4445 	 2860 	 0.85796 	 0.00440252	0.00919767
4445 	 2865 	 0.857963 	 0.00440426	0.0092013
4445 	 2870 	 0.857967 	 0.00440599	0.00920492
4445 	 2875 	 0.85797 	 0.00440772	0.00920852
4445 	 2880 	 0.857973 	 0.00440944	0.00921212
4445 	 2885 	 0.857977 	 0.00441116	0.00921571
4445 	 2890 	 0.85798 	 0.00441287	0.00921929
4445 	 2895 	 0.857983 	 0.00441458	0.00922287
4445 	 2900 	 0.857987 	 0.00441629	0.00922643
4445 	 2905 	 0.85799 	 0.00441799	0.00922999
4445 	 2910 	 0.857993 	 0.00441969	0.00923354
4445 	 2915 	 0.857997 	 0.00442138	0.00923708
4445 	 2920 	 0.858 	 0.00442307	0.00924061
4445 	 2925 	 0.858003 	 0.00442476	0.00924413
4445 	 2930 	 0.858007 	 0.00442644	0.00924764
4445 	 2935 	 0.85801 	 0.00442812	0.00925115
4445 	 2940 	 0.858013 	 0.00442979	0.00925465
4445 	 2945 	 0.858016 	 0.00443146	0.00925814
4445 	 2950 	 0.85802 	 0.00443313	0.00926162
4445 	 2955 	 0.858023 	 0.00443479	0.00926509
4445 	 2960 	 0.858026 	 0.00443645	0.00926855
4445 	 2965 	 0.858029 	 0.00443811	0.00927201
4445 	 2970 	 0.858032 	 0.00443976	0.00927546
4445 	 2975 	 0.858036 	 0.0044414	0.0092789
4445 	 2980 	 0.858039 	 0.00444305	0.00928233
4445 	 2985 	 0.858042 	 0.00444469	0.00928576
4445 	 2990 	 0.858045 	 0.00444632	0.00928917
4445 	 2995 	 0.858048 	 0.00444795	0.00929258
4445 	 3000 	 0.858051 	 0.00444958	0.00929598
4445 	 3005 	 0.858054 	 0.0044512	0.00929938
4445 	 3010 	 0.858057 	 0.00445282	0.00930276
4445 	 3015 	 0.858061 	 0.00445444	0.00930614
4445 	 3020 	 0.858064 	 0.00445605	0.00930951
4445 	 3025 	 0.858067 	 0.00445766	0.00931287
4445 	 3030 	 0.85807 	 0.00445927	0.00931622
4445 	 3035 	 0.858073 	 0.00446087	0.00931957
4445 	 3040 	 0.858076 	 0.00446247	0.00932291
4445 	 3045 	 0.858079 	 0.00446406	0.00932624
4445 	 3050 	 0.858082 	 0.00446565	0.00932956
4445 	 3055 	 0.858085 	 0.00446724	0.00933288
4445 	 3060 	 0.858088 	 0.00446882	0.00933618
4445 	 3065 	 0.858091 	 0.0044704	0.00933949
4445 	 3070 	 0.858094 	 0.00447198	0.00934278
4445 	 3075 	 0.858097 	 0.00447355	0.00934606
4445 	 3080 	 0.8581 	 0.00447512	0.00934934
4445 	 3085 	 0.858103 	 0.00447669	0.00935261
4445 	 3090 	 0.858106 	 0.00447825	0.00935588
4445 	 3095 	 0.858109 	 0.00447981	0.00935913
4445 	 3100 	 0.858112 	 0.00448136	0.00936238
4445 	 3105 	 0.858115 	 0.00448291	0.00936562
4445 	 3110 	 0.858118 	 0.00448446	0.00936885
4445 	 3115 	 0.858121 	 0.004486	0.00937208
4445 	 3120 	 0.858124 	 0.00448755	0.0093753
4445 	 3125 	 0.858126 	 0.00448908	0.00937851
4445 	 3130 	 0.858129 	 0.00449062	0.00938172
4445 	 3135 	 0.858132 	 0.00449215	0.00938491
4445 	 3140 	 0.858135 	 0.00449367	0.00938811
4445 	 3145 	 0.858138 	 0.0044952	0.00939129
4445 	 3150 	 0.858141 	 0.00449672	0.00939447
4445 	 3155 	 0.858144 	 0.00449824	0.00939763
4445 	 3160 	 0.858147 	 0.00449975	0.0094008
4445 	 3165 	 0.858149 	 0.00450126	0.00940395
4445 	 3170 	 0.858152 	 0.00450277	0.0094071
4445 	 3175 	 0.858155 	 0.00450427	0.00941024
4445 	 3180 	 0.858158 	 0.00450577	0.00941338
4445 	 3185 	 0.858161 	 0.00450727	0.0094165
4445 	 3190 	 0.858163 	 0.00450876	0.00941962
4445 	 3195 	 0.858166 	 0.00451025	0.00942274
4445 	 3200 	 0.858169 	 0.00451174	0.00942584
4445 	 3205 	 0.858172 	 0.00451322	0.00942894
4445 	 3210 	 0.858174 	 0.0045147	0.00943204
4445 	 3215 	 0.858177 	 0.00451618	0.00943512
4445 	 3220 	 0.85818 	 0.00451765	0.0094382
4445 	 3225 	 0.858183 	 0.00451913	0.00944128
4445 	 3230 	 0.858185 	 0.00452059	0.00944434
4445 	 3235 	 0.858188 	 0.00452206	0.0094474
4445 	 3240 	 0.858191 	 0.00452352	0.00945046
4445 	 3245 	 0.858194 	 0.00452498	0.0094535
4445 	 3250 	 0.858196 	 0.00452643	0.00945654
4445 	 3255 	 0.858199 	 0.00452788	0.00945958
4445 	 3260 	 0.858202 	 0.00452933	0.0094626
4445 	 3265 	 0.858204 	 0.00453078	0.00946562
4445 	 3270 	 0.858207 	 0.00453222	0.00946864
4445 	 3275 	 0.85821 	 0.00453366	0.00947164
4445 	 3280 	 0.858212 	 0.0045351	0.00947464
4445 	 3285 	 0.858215 	 0.00453653	0.00947764
4445 	 3290 	 0.858218 	 0.00453796	0.00948062
4445 	 3295 	 0.85822 	 0.00453939	0.00948361
4445 	 3300 	 0.858223 	 0.00454081	0.00948658
4445 	 3305 	 0.858225 	 0.00454223	0.00948955
4445 	 3310 	 0.858228 	 0.00454365	0.00949251
4445 	 3315 	 0.858231 	 0.00454506	0.00949547
4445 	 3320 	 0.858233 	 0.00454648	0.00949842
4445 	 3325 	 0.858236 	 0.00454789	0.00950136
4445 	 3330 	 0.858238 	 0.00454929	0.0095043
4445 	 3335 	 0.858241 	 0.00455069	0.00950723
4445 	 3340 	 0.858244 	 0.00455209	0.00951015
4445 	 3345 	 0.858246 	 0.00455349	0.00951307
4445 	 3350 	 0.858249 	 0.00455488	0.00951598
4445 	 3355 	 0.858251 	 0.00455628	0.00951889
4445 	 3360 	 0.858254 	 0.00455766	0.00952179
4445 	 3365 	 0.858256 	 0.00455905	0.00952468
4445 	 3370 	 0.858259 	 0.00456043	0.00952757
4445 	 3375 	 0.858261 	 0.00456181	0.00953045
4445 	 3380 	 0.858264 	 0.00456319	0.00953333
4445 	 3385 	 0.858266 	 0.00456456	0.0095362
4445 	 3390 	 0.858269 	 0.00456593	0.00953906
4445 	 3395 	 0.858271 	 0.0045673	0.00954192
4445 	 3400 	 0.858274 	 0.00456866	0.00954477
4445 	 3405 	 0.858276 	 0.00457003	0.00954762
4445 	 3410 	 0.858279 	 0.00457139	0.00955046
4445 	 3415 	 0.858281 	 0.00457274	0.00955329
4445 	 3420 	 0.858284 	 0.0045741	0.00955612
4445 	 3425 	 0.858286 	 0.00457545	0.00955894
4445 	 3430 	 0.858289 	 0.0045768	0.00956176
4445 	 3435 	 0.858291 	 0.00457814	0.00956457
4445 	 3440 	 0.858293 	 0.00457948	0.00956738
4445 	 3445 	 0.858296 	 0.00458082	0.00957017
4445 	 3450 	 0.858298 	 0.00458216	0.00957297
4445 	 3455 	 0.858301 	 0.00458349	0.00957576
4445 	 3460 	 0.858303 	 0.00458483	0.00957854
4445 	 3465 	 0.858305 	 0.00458616	0.00958131
4445 	 3470 	 0.858308 	 0.00458748	0.00958408
4445 	 3475 	 0.85831 	 0.0045888	0.00958685
4445 	 3480 	 0.858313 	 0.00459013	0.00958961
4445 	 3485 	 0.858315 	 0.00459144	0.00959236
4445 	 3490 	 0.858317 	 0.00459276	0.00959511
4445 	 3495 	 0.85832 	 0.00459407	0.00959785
4445 	 3500 	 0.858322 	 0.00459538	0.00960059
4445 	 3505 	 0.858324 	 0.00459669	0.00960332
4445 	 3510 	 0.858327 	 0.00459799	0.00960604
4445 	 3515 	 0.858329 	 0.00459929	0.00960876
4445 	 3520 	 0.858331 	 0.00460059	0.00961148
4445 	 3525 	 0.858334 	 0.00460189	0.00961419
4445 	 3530 	 0.858336 	 0.00460318	0.00961689
4445 	 3535 	 0.858338 	 0.00460448	0.00961959
4445 	 3540 	 0.858341 	 0.00460577	0.00962228
4445 	 3545 	 0.858343 	 0.00460705	0.00962497
4445 	 3550 	 0.858345 	 0.00460834	0.00962765
4445 	 3555 	 0.858347 	 0.00460962	0.00963033
4445 	 3560 	 0.85835 	 0.00461089	0.009633
4445 	 3565 	 0.858352 	 0.00461217	0.00963567
4445 	 3570 	 0.858354 	 0.00461344	0.00963833
4445 	 3575 	 0.858357 	 0.00461472	0.00964098
4445 	 3580 	 0.858359 	 0.00461598	0.00964363
4445 	 3585 	 0.858361 	 0.00461725	0.00964628
4445 	 3590 	 0.858363 	 0.00461851	0.00964891
4445 	 3595 	 0.858366 	 0.00461977	0.00965155
4445 	 3600 	 0.858368 	 0.00462103	0.00965418
4445 	 3605 	 0.85837 	 0.00462229	0.0096568
4445 	 3610 	 0.858372 	 0.00462354	0.00965942
4445 	 3615 	 0.858374 	 0.00462479	0.00966203
4445 	 3620 	 0.858377 	 0.00462604	0.00966464
4445 	 3625 	 0.858379 	 0.00462729	0.00966724
4445 	 3630 	 0.858381 	 0.00462853	0.00966984
4445 	 3635 	 0.858383 	 0.00462977	0.00967243
4445 	 3640 	 0.858385 	 0.00463101	0.00967502
4445 	 3645 	 0.858388 	 0.00463225	0.0096776
4445 	 3650 	 0.85839 	 0.00463348	0.00968018
4445 	 3655 	 0.858392 	 0.00463471	0.00968275
4445 	 3660 	 0.858394 	 0.00463594	0.00968532
4445 	 3665 	 0.858396 	 0.00463717	0.00968788
4445 	 3670 	 0.858398 	 0.00463839	0.00969044
4445 	 3675 	 0.858401 	 0.00463961	0.00969299
4445 	 3680 	 0.858403 	 0.00464083	0.00969554
4445 	 3685 	 0.858405 	 0.00464205	0.00969808
4445 	 3690 	 0.858407 	 0.00464326	0.00970062
4445 	 3695 	 0.858409 	 0.00464447	0.00970315
4445 	 3700 	 0.858411 	 0.00464568	0.00970568
4445 	 3705 	 0.858413 	 0.00464689	0.0097082
4445 	 3710 	 0.858416 	 0.0046481	0.00971072
4445 	 3715 	 0.858418 	 0.0046493	0.00971324
4445 	 3720 	 0.85842 	 0.0046505	0.00971574
4445 	 3725 	 0.858422 	 0.0046517	0.00971825
4445 	 3730 	 0.858424 	 0.0046529	0.00972075
4445 	 3735 	 0.858426 	 0.00465409	0.00972324
4445 	 3740 	 0.858428 	 0.00465528	0.00972573
4445 	 3745 	 0.85843 	 0.00465647	0.00972821
4445 	 3750 	 0.858432 	 0.00465766	0.00973069
4445 	 3755 	 0.858434 	 0.00465884	0.00973317
4445 	 3760 	 0.858436 	 0.00466002	0.00973564
4445 	 3765 	 0.858438 	 0.0046612	0.0097381
4445 	 3770 	 0.85844 	 0.00466238	0.00974056
4445 	 3775 	 0.858442 	 0.00466356	0.00974302
4445 	 3780 	 0.858445 	 0.00466473	0.00974547
4445 	 3785 	 0.858447 	 0.0046659	0.00974792
4445 	 3790 	 0.858449 	 0.00466707	0.00975036
4445 	 3795 	 0.858451 	 0.00466824	0.0097528
4445 	 3800 	 0.858453 	 0.0046694	0.00975523
4445 	 3805 	 0.858455 	 0.00467056	0.00975766
4445 	 3810 	 0.858457 	 0.00467172	0.00976008
4445 	 3815 	 0.858459 	 0.00467288	0.0097625
4445 	 3820 	 0.858461 	 0.00467404	0.00976491
4445 	 3825 	 0.858463 	 0.00467519	0.00976732
4445 	 3830 	 0.858465 	 0.00467634	0.00976973
4445 	 3835 	 0.858467 	 0.00467749	0.00977213
4445 	 3840 	 0.858469 	 0.00467864	0.00977453
4445 	 3845 	 0.858471 	 0.00467978	0.00977692
4445 	 3850 	 0.858473 	 0.00468092	0.0097793
4445 	 3855 	 0.858475 	 0.00468207	0.00978169
4445 	 3860 	 0.858477 	 0.0046832	0.00978407
4445 	 3865 	 0.858478 	 0.00468434	0.00978644
4445 	 3870 	 0.85848 	 0.00468547	0.00978881
4445 	 3875 	 0.858482 	 0.00468661	0.00979117
4445 	 3880 	 0.858484 	 0.00468774	0.00979354
4445 	 3885 	 0.858486 	 0.00468886	0.00979589
4445 	 3890 	 0.858488 	 0.00468999	0.00979824
4445 	 3895 	 0.85849 	 0.00469111	0.00980059
4445 	 3900 	 0.858492 	 0.00469224	0.00980293
4445 	 3905 	 0.858494 	 0.00469336	0.00980527
4445 	 3910 	 0.858496 	 0.00469447	0.00980761
4445 	 3915 	 0.858498 	 0.00469559	0.00980994
4445 	 3920 	 0.8585 	 0.0046967	0.00981226
4445 	 3925 	 0.858502 	 0.00469781	0.00981459
4445 	 3930 	 0.858504 	 0.00469892	0.0098169
4445 	 3935 	 0.858505 	 0.00470003	0.00981922
4445 	 3940 	 0.858507 	 0.00470113	0.00982153
4445 	 3945 	 0.858509 	 0.00470224	0.00982383
4445 	 3950 	 0.858511 	 0.00470334	0.00982613
4445 	 3955 	 0.858513 	 0.00470444	0.00982843
4445 	 3960 	 0.858515 	 0.00470554	0.00983072
4445 	 3965 	 0.858517 	 0.00470663	0.00983301
4445 	 3970 	 0.858519 	 0.00470772	0.00983529
4445 	 3975 	 0.85852 	 0.00470881	0.00983757
4445 	 3980 	 0.858522 	 0.0047099	0.00983985
4445 	 3985 	 0.858524 	 0.00471099	0.00984212
4445 	 3990 	 0.858526 	 0.00471208	0.00984439
4445 	 3995 	 0.858528 	 0.00471316	0.00984665
4445 	 4000 	 0.85853 	 0.00471424	0.00984891
4445 	 4005 	 0.858531 	 0.00471532	0.00985116
4445 	 4010 	 0.858533 	 0.0047164	0.00985341
4445 	 4015 	 0.858535 	 0.00471747	0.00985566
4445 	 4020 	 0.858537 	 0.00471855	0.0098579
4445 	 4025 	 0.858539 	 0.00471962	0.00986014
4445 	 4030 	 0.858541 	 0.00472069	0.00986238
4445 	 4035 	 0.858542 	 0.00472176	0.00986461
4445 	 4040 	 0.858544 	 0.00472282	0.00986683
4445 	 4045 	 0.858546 	 0.00472389	0.00986906
4445 	 4050 	 0.858548 	 0.00472495	0.00987128
4445 	 4055 	 0.85855 	 0.00472601	0.00987349
4445 	 4060 	 0.858551 	 0.00472707	0.0098757
4445 	 4065 	 0.858553 	 0.00472812	0.00987791
4445 	 4070 	 0.858555 	 0.00472918	0.00988011
4445 	 4075 	 0.858557 	 0.00473023	0.00988231
4445 	 4080 	 0.858558 	 0.00473128	0.00988451
4445 	 4085 	 0.85856 	 0.00473233	0.0098867
4445 	 4090 	 0.858562 	 0.00473338	0.00988888
4445 	 4095 	 0.858564 	 0.00473442	0.00989107
4445 	 4100 	 0.858566 	 0.00473546	0.00989325
4445 	 4105 	 0.858567 	 0.00473651	0.00989542
4445 	 4110 	 0.858569 	 0.00473755	0.0098976
4445 	 4115 	 0.858571 	 0.00473858	0.00989976
4445 	 4120 	 0.858572 	 0.00473962	0.00990193
4445 	 4125 	 0.858574 	 0.00474065	0.00990409
4445 	 4130 	 0.858576 	 0.00474169	0.00990624
4445 	 4135 	 0.858578 	 0.00474272	0.0099084
4445 	 4140 	 0.858579 	 0.00474374	0.00991055
4445 	 4145 	 0.858581 	 0.00474477	0.00991269
4445 	 4150 	 0.858583 	 0.0047458	0.00991483
4445 	 4155 	 0.858585 	 0.00474682	0.00991697
4445 	 4160 	 0.858586 	 0.00474784	0.00991911
4445 	 4165 	 0.858588 	 0.00474886	0.00992124
4445 	 4170 	 0.85859 	 0.00474988	0.00992336
4445 	 4175 	 0.858591 	 0.0047509	0.00992549
4445 	 4180 	 0.858593 	 0.00475191	0.0099276
4445 	 4185 	 0.858595 	 0.00475292	0.00992972
4445 	 4190 	 0.858596 	 0.00475393	0.00993183
4445 	 4195 	 0.858598 	 0.00475494	0.00993394
4445 	 4200 	 0.8586 	 0.00475595	0.00993605
4445 	 4205 	 0.858601 	 0.00475696	0.00993815
4445 	 4210 	 0.858603 	 0.00475796	0.00994024
4445 	 4215 	 0.858605 	 0.00475896	0.00994234
4445 	 4220 	 0.858606 	 0.00475996	0.00994443
4445 	 4225 	 0.858608 	 0.00476096	0.00994651
4445 	 4230 	 0.85861 	 0.00476196	0.0099486
4445 	 4235 	 0.858611 	 0.00476295	0.00995068
4445 	 4240 	 0.858613 	 0.00476395	0.00995275
4445 	 4245 	 0.858615 	 0.00476494	0.00995482
4445 	 4250 	 0.858616 	 0.00476593	0.00995689
4445 	 4255 	 0.858618 	 0.00476692	0.00995896
4445 	 4260 	 0.85862 	 0.0047679	0.00996102
4445 	 4265 	 0.858621 	 0.00476889	0.00996308
4445 	 4270 	 0.858623 	 0.00476987	0.00996513
4445 	 4275 	 0.858625 	 0.00477085	0.00996718
4445 	 4280 	 0.858626 	 0.00477183	0.00996923
4445 	 4285 	 0.858628 	 0.00477281	0.00997127
4445 	 4290 	 0.858629 	 0.00477379	0.00997331
4445 	 4295 	 0.858631 	 0.00477476	0.00997535
4445 	 4300 	 0.858633 	 0.00477574	0.00997739
4445 	 4305 	 0.858634 	 0.00477671	0.00997942
4445 	 4310 	 0.858636 	 0.00477768	0.00998144
4445 	 4315 	 0.858637 	 0.00477865	0.00998347
4445 	 4320 	 0.858639 	 0.00477961	0.00998549
4445 	 4325 	 0.858641 	 0.00478058	0.0099875
4445 	 4330 	 0.858642 	 0.00478154	0.00998952
4445 	 4335 	 0.858644 	 0.00478251	0.00999153
4445 	 4340 	 0.858645 	 0.00478347	0.00999353
4445 	 4345 	 0.858647 	 0.00478442	0.00999553
4445 	 4350 	 0.858649 	 0.00478538	0.00999753
4445 	 4355 	 0.85865 	 0.00478634	0.00999953
4445 	 4360 	 0.858652 	 0.00478729	0.0100015
4445 	 4365 	 0.858653 	 0.00478824	0.0100035
4445 	 4370 	 0.858655 	 0.00478919	0.0100055
4445 	 4375 	 0.858656 	 0.00479014	0.0100075
4445 	 4380 	 0.858658 	 0.00479109	0.0100095
4445 	 4385 	 0.858659 	 0.00479204	0.0100114
4445 	 4390 	 0.858661 	 0.00479298	0.0100134
4445 	 4395 	 0.858663 	 0.00479392	0.0100154
4445 	 4400 	 0.858664 	 0.00479487	0.0100173
4445 	 4405 	 0.858666 	 0.0047958	0.0100193
4445 	 4410 	 0.858667 	 0.00479674	0.0100213
4445 	 4415 	 0.858669 	 0.00479768	0.0100232
4445 	 4420 	 0.85867 	 0.00479861	0.0100252
4445 	 4425 	 0.858672 	 0.00479955	0.0100271
4445 	 4430 	 0.858673 	 0.00480048	0.0100291
4445 	 4435 	 0.858675 	 0.00480141	0.010031
4445 	 4440 	 0.858676 	 0.00480234	0.010033
4445 	 4445 	 0.858678 	 0.00480327	0.0100349
4445 	 4450 	 0.858679 	 0.00480419	0.0100368
4445 	 4455 	 0.858681 	 0.00480512	0.0100388
4445 	 4460 	 0.858682 	 0.00480604	0.0100407
4445 	 4465 	 0.858684 	 0.00480696	0.0100426
4445 	 4470 	 0.858685 	 0.00480788	0.0100445
4445 	 4475 	 0.858687 	 0.0048088	0.0100465
4445 	 4480 	 0.858688 	 0.00480972	0.0100484
4445 	 4485 	 0.85869 	 0.00481063	0.0100503
4445 	 4490 	 0.858691 	 0.00481154	0.0100522
4445 	 4495 	 0.858693 	 0.00481246	0.0100541
4445 	 4500 	 0.858694 	 0.00481337	0.010056
4445 	 4505 	 0.858696 	 0.00481428	0.0100579
4445 	 4510 	 0.858697 	 0.00481518	0.0100598
4445 	 4515 	 0.858699 	 0.00481609	0.0100617
4445 	 4520 	 0.8587 	 0.004817	0.0100636
4445 	 4525 	 0.858702 	 0.0048179	0.0100655
4445 	 4530 	 0.858703 	 0.0048188	0.0100674
4445 	 4535 	 0.858705 	 0.0048197	0.0100692
4445 	 4540 	 0.858706 	 0.0048206	0.0100711
4445 	 4545 	 0.858707 	 0.0048215	0.010073
4445 	 4550 	 0.858709 	 0.00482239	0.0100749
4445 	 4555 	 0.85871 	 0.00482329	0.0100767
4445 	 4560 	 0.858712 	 0.00482418	0.0100786
4445 	 4565 	 0.858713 	 0.00482507	0.0100805
4445 	 4570 	 0.858715 	 0.00482596	0.0100823
4445 	 4575 	 0.858716 	 0.00482685	0.0100842
4445 	 4580 	 0.858718 	 0.00482774	0.010086
4445 	 4585 	 0.858719 	 0.00482863	0.0100879
4445 	 4590 	 0.85872 	 0.00482951	0.0100897
4445 	 4595 	 0.858722 	 0.0048304	0.0100916
4445 	 4600 	 0.858723 	 0.00483128	0.0100934
4445 	 4605 	 0.858725 	 0.00483216	0.0100953
4445 	 4610 	 0.858726 	 0.00483304	0.0100971
4445 	 4615 	 0.858727 	 0.00483391	0.0100989
4445 	 4620 	 0.858729 	 0.00483479	0.0101008
4445 	 4625 	 0.85873 	 0.00483567	0.0101026
4445 	 4630 	 0.858732 	 0.00483654	0.0101044
4445 	 4635 	 0.858733 	 0.00483741	0.0101062
4445 	 4640 	 0.858734 	 0.00483828	0.0101081
4445 	 4645 	 0.858736 	 0.00483915	0.0101099
4445 	 4650 	 0.858737 	 0.00484002	0.0101117
4445 	 4655 	 0.858739 	 0.00484089	0.0101135
4445 	 4660 	 0.85874 	 0.00484175	0.0101153
4445 	 4665 	 0.858741 	 0.00484261	0.0101171
4445 	 4670 	 0.858743 	 0.00484348	0.0101189
4445 	 4675 	 0.858744 	 0.00484434	0.0101207
4445 	 4680 	 0.858746 	 0.0048452	0.0101225
4445 	 4685 	 0.858747 	 0.00484606	0.0101243
4445 	 4690 	 0.858748 	 0.00484691	0.0101261
4445 	 4695 	 0.85875 	 0.00484777	0.0101279
4445 	 4700 	 0.858751 	 0.00484862	0.0101297
4445 	 4705 	 0.858752 	 0.00484948	0.0101314
4445 	 4710 	 0.858754 	 0.00485033	0.0101332
4445 	 4715 	 0.858755 	 0.00485118	0.010135
4445 	 4720 	 0.858756 	 0.00485203	0.0101368
4445 	 4725 	 0.858758 	 0.00485288	0.0101385
4445 	 4730 	 0.858759 	 0.00485372	0.0101403
4445 	 4735 	 0.85876 	 0.00485457	0.0101421
4445 	 4740 	 0.858762 	 0.00485541	0.0101438
4445 	 4745 	 0.858763 	 0.00485625	0.0101456
4445 	 4750 	 0.858765 	 0.00485709	0.0101474
4445 	 4755 	 0.858766 	 0.00485793	0.0101491
4445 	 4760 	 0.858767 	 0.00485877	0.0101509
4445 	 4765 	 0.858769 	 0.00485961	0.0101526
4445 	 4770 	 0.85877 	 0.00486045	0.0101544
4445 	 4775 	 0.858771 	 0.00486128	0.0101561
4445 	 4780 	 0.858772 	 0.00486211	0.0101578
4445 	 4785 	 0.858774 	 0.00486295	0.0101596
4445 	 4790 	 0.858775 	 0.00486378	0.0101613
4445 	 4795 	 0.858776 	 0.00486461	0.0101631
4445 	 4800 	 0.858778 	 0.00486544	0.0101648
4445 	 4805 	 0.858779 	 0.00486626	0.0101665
4445 	 4810 	 0.85878 	 0.00486709	0.0101682
4445 	 4815 	 0.858782 	 0.00486791	0.01017
4445 	 4820 	 0.858783 	 0.00486874	0.0101717
4445 	 4825 	 0.858784 	 0.00486956	0.0101734
4445 	 4830 	 0.858786 	 0.00487038	0.0101751
4445 	 4835 	 0.858787 	 0.0048712	0.0101768
4445 	 4840 	 0.858788 	 0.00487202	0.0101785
4445 	 4845 	 0.858789 	 0.00487283	0.0101802
4445 	 4850 	 0.858791 	 0.00487365	0.0101819
4445 	 4855 	 0.858792 	 0.00487446	0.0101836
4445 	 4860 	 0.858793 	 0.00487528	0.0101853
4445 	 4865 	 0.858795 	 0.00487609	0.010187
4445 	 4870 	 0.858796 	 0.0048769	0.0101887
4445 	 4875 	 0.858797 	 0.00487771	0.0101904
4445 	 4880 	 0.858798 	 0.00487852	0.0101921
4445 	 4885 	 0.8588 	 0.00487932	0.0101938
4445 	 4890 	 0.858801 	 0.00488013	0.0101955
4445 	 4895 	 0.858802 	 0.00488094	0.0101972
4445 	 4900 	 0.858803 	 0.00488174	0.0101988
4445 	 4905 	 0.858805 	 0.00488254	0.0102005
4445 	 4910 	 0.858806 	 0.00488334	0.0102022
4445 	 4915 	 0.858807 	 0.00488414	0.0102039
4445 	 4920 	 0.858809 	 0.00488494	0.0102055
4445 	 4925 	 0.85881 	 0.00488574	0.0102072
4445 	 4930 	 0.858811 	 0.00488653	0.0102089
4445 	 4935 	 0.858812 	 0.00488733	0.0102105
4445 	 4940 	 0.858813 	 0.00488812	0.0102122
4445 	 4945 	 0.858815 	 0.00488892	0.0102138
4445 	 4950 	 0.858816 	 0.00488971	0.0102155
4445 	 4955 	 0.858817 	 0.0048905	0.0102171
4445 	 4960 	 0.858818 	 0.00489129	0.0102188
4445 	 4965 	 0.85882 	 0.00489207	0.0102204
4445 	 4970 	 0.858821 	 0.00489286	0.0102221
4445 	 4975 	 0.858822 	 0.00489365	0.0102237
4445 	 4980 	 0.858823 	 0.00489443	0.0102254
4445 	 4985 	 0.858825 	 0.00489521	0.010227
4445 	 4990 	 0.858826 	 0.004896	0.0102286
4445 	 4995 	 0.858827 	 0.00489678	0.0102303
4445 	 5000 	 0.858828 	 0.00489756	0.0102319
