1190 	 5 	 0.726705 	 0.00648424	0.0135468
1190 	 10 	 0.727305 	 0.00608031	0.0127029
1190 	 15 	 0.728439 	 0.00544807	0.011382
1190 	 20 	 0.730544 	 0.00455049	0.00950681
1190 	 25 	 0.734326 	 0.00351991	0.00735374
1190 	 30 	 0.740732 	 0.0028476	0.00594916
1190 	 35 	 0.750569 	 0.00277526	0.00579803
1190 	 40 	 0.763619 	 0.00253464	0.00529533
1190 	 45 	 0.778943 	 0.00255796	0.00534405
1190 	 50 	 0.793082 	 0.00243337	0.00508376
1190 	 55 	 0.803745 	 0.00215948	0.00451154
1190 	 60 	 0.81094 	 0.0017298	0.00361386
1190 	 65 	 0.815552 	 0.00143576	0.00299957
1190 	 70 	 0.818522 	 0.00136926	0.00286063
1190 	 75 	 0.820532 	 0.00140526	0.00293585
1190 	 80 	 0.822001 	 0.00144644	0.00302187
1190 	 85 	 0.823164 	 0.00147169	0.00307462
1190 	 90 	 0.824151 	 0.00148832	0.00310938
1190 	 95 	 0.825031 	 0.00150569	0.00314566
1190 	 100 	 0.825841 	 0.00152853	0.00319339
1190 	 105 	 0.826601 	 0.00155753	0.00325397
1190 	 110 	 0.827322 	 0.0015912	0.0033243
1190 	 115 	 0.828011 	 0.0016274	0.00339994
1190 	 120 	 0.828671 	 0.00166421	0.00347684
1190 	 125 	 0.829304 	 0.00170016	0.00355193
1190 	 130 	 0.829913 	 0.00173426	0.00362318
1190 	 135 	 0.830499 	 0.00176596	0.00368942
1190 	 140 	 0.831063 	 0.00179502	0.00375011
1190 	 145 	 0.831606 	 0.00182137	0.00380517
1190 	 150 	 0.832129 	 0.0018451	0.00385475
1190 	 155 	 0.832633 	 0.00186638	0.00389921
1190 	 160 	 0.833119 	 0.00188542	0.00393898
1190 	 165 	 0.833587 	 0.00190242	0.0039745
1190 	 170 	 0.834039 	 0.00191761	0.00400624
1190 	 175 	 0.834476 	 0.0019312	0.00403463
1190 	 180 	 0.834897 	 0.00194338	0.00406008
1190 	 185 	 0.835303 	 0.00195433	0.00408294
1190 	 190 	 0.835696 	 0.00196419	0.00410355
1190 	 195 	 0.836075 	 0.00197312	0.0041222
1190 	 200 	 0.836442 	 0.00198122	0.00413913
1190 	 205 	 0.836797 	 0.0019886	0.00415456
1190 	 210 	 0.83714 	 0.00199536	0.00416868
1190 	 215 	 0.837472 	 0.00200157	0.00418165
1190 	 220 	 0.837794 	 0.0020073	0.00419362
1190 	 225 	 0.838106 	 0.0020126	0.0042047
1190 	 230 	 0.838407 	 0.00201753	0.00421498
1190 	 235 	 0.8387 	 0.00202212	0.00422457
1190 	 240 	 0.838983 	 0.00202641	0.00423353
1190 	 245 	 0.839258 	 0.00203042	0.00424193
1190 	 250 	 0.839525 	 0.0020342	0.00424981
1190 	 255 	 0.839784 	 0.00203775	0.00425724
1190 	 260 	 0.840035 	 0.00204111	0.00426424
1190 	 265 	 0.84028 	 0.00204427	0.00427086
1190 	 270 	 0.840517 	 0.00204727	0.00427712
1190 	 275 	 0.840747 	 0.00205011	0.00428306
1190 	 280 	 0.840972 	 0.00205281	0.00428869
1190 	 285 	 0.84119 	 0.00205537	0.00429404
1190 	 290 	 0.841402 	 0.00205781	0.00429913
1190 	 295 	 0.841608 	 0.00206013	0.00430398
1190 	 300 	 0.841809 	 0.00206234	0.00430861
1190 	 305 	 0.842005 	 0.00206445	0.00431302
1190 	 310 	 0.842195 	 0.00206647	0.00431723
1190 	 315 	 0.842381 	 0.0020684	0.00432126
1190 	 320 	 0.842562 	 0.00207025	0.00432512
1190 	 325 	 0.842739 	 0.00207202	0.00432882
1190 	 330 	 0.842911 	 0.00207372	0.00433238
1190 	 335 	 0.843079 	 0.00207535	0.00433579
1190 	 340 	 0.843242 	 0.00207693	0.00433908
1190 	 345 	 0.843402 	 0.00207845	0.00434225
1190 	 350 	 0.843558 	 0.00207991	0.00434532
1190 	 355 	 0.843711 	 0.00208133	0.00434828
1190 	 360 	 0.84386 	 0.00208271	0.00435116
1190 	 365 	 0.844005 	 0.00208405	0.00435395
1190 	 370 	 0.844147 	 0.00208535	0.00435667
1190 	 375 	 0.844286 	 0.00208662	0.00435932
1190 	 380 	 0.844422 	 0.00208786	0.00436191
1190 	 385 	 0.844555 	 0.00208907	0.00436445
1190 	 390 	 0.844685 	 0.00209026	0.00436694
1190 	 395 	 0.844812 	 0.00209144	0.00436939
1190 	 400 	 0.844936 	 0.0020926	0.00437181
1190 	 405 	 0.845058 	 0.00209374	0.0043742
1190 	 410 	 0.845177 	 0.00209487	0.00437657
1190 	 415 	 0.845294 	 0.002096	0.00437892
1190 	 420 	 0.845408 	 0.00209712	0.00438126
1190 	 425 	 0.845521 	 0.00209823	0.00438359
1190 	 430 	 0.84563 	 0.00209935	0.00438592
1190 	 435 	 0.845738 	 0.00210046	0.00438825
1190 	 440 	 0.845843 	 0.00210158	0.00439059
1190 	 445 	 0.845947 	 0.0021027	0.00439293
1190 	 450 	 0.846048 	 0.00210383	0.00439529
1190 	 455 	 0.846148 	 0.00210497	0.00439766
1190 	 460 	 0.846245 	 0.00210611	0.00440005
1190 	 465 	 0.846341 	 0.00210726	0.00440246
1190 	 470 	 0.846435 	 0.00210843	0.0044049
1190 	 475 	 0.846527 	 0.00210961	0.00440736
1190 	 480 	 0.846618 	 0.0021108	0.00440985
1190 	 485 	 0.846707 	 0.00211201	0.00441238
1190 	 490 	 0.846794 	 0.00211324	0.00441494
1190 	 495 	 0.84688 	 0.00211448	0.00441753
1190 	 500 	 0.846964 	 0.00211574	0.00442016
1190 	 505 	 0.847047 	 0.00211702	0.00442283
1190 	 510 	 0.847128 	 0.00211831	0.00442554
1190 	 515 	 0.847208 	 0.00211963	0.0044283
1190 	 520 	 0.847286 	 0.00212097	0.00443109
1190 	 525 	 0.847364 	 0.00212233	0.00443393
1190 	 530 	 0.847439 	 0.00212371	0.00443682
1190 	 535 	 0.847514 	 0.00212511	0.00443975
1190 	 540 	 0.847587 	 0.00212654	0.00444273
1190 	 545 	 0.84766 	 0.00212799	0.00444575
1190 	 550 	 0.847731 	 0.00212946	0.00444882
1190 	 555 	 0.847801 	 0.00213095	0.00445194
1190 	 560 	 0.847869 	 0.00213247	0.00445511
1190 	 565 	 0.847937 	 0.00213401	0.00445833
1190 	 570 	 0.848004 	 0.00213557	0.0044616
1190 	 575 	 0.848069 	 0.00213716	0.00446492
1190 	 580 	 0.848134 	 0.00213877	0.00446828
1190 	 585 	 0.848197 	 0.00214041	0.0044717
1190 	 590 	 0.84826 	 0.00214207	0.00447516
1190 	 595 	 0.848322 	 0.00214375	0.00447868
1190 	 600 	 0.848382 	 0.00214545	0.00448224
1190 	 605 	 0.848442 	 0.00214718	0.00448586
1190 	 610 	 0.848501 	 0.00214894	0.00448952
1190 	 615 	 0.848559 	 0.00215071	0.00449323
1190 	 620 	 0.848617 	 0.00215251	0.00449699
1190 	 625 	 0.848673 	 0.00215433	0.0045008
1190 	 630 	 0.848729 	 0.00215618	0.00450465
1190 	 635 	 0.848783 	 0.00215805	0.00450855
1190 	 640 	 0.848837 	 0.00215994	0.0045125
1190 	 645 	 0.848891 	 0.00216185	0.00451649
1190 	 650 	 0.848943 	 0.00216378	0.00452053
1190 	 655 	 0.848995 	 0.00216574	0.00452462
1190 	 660 	 0.849046 	 0.00216771	0.00452875
1190 	 665 	 0.849097 	 0.00216971	0.00453292
1190 	 670 	 0.849146 	 0.00217173	0.00453713
1190 	 675 	 0.849195 	 0.00217377	0.00454139
1190 	 680 	 0.849244 	 0.00217582	0.00454569
1190 	 685 	 0.849291 	 0.0021779	0.00455004
1190 	 690 	 0.849339 	 0.00218	0.00455442
1190 	 695 	 0.849385 	 0.00218212	0.00455884
1190 	 700 	 0.849431 	 0.00218425	0.00456331
1190 	 705 	 0.849476 	 0.00218641	0.00456781
1190 	 710 	 0.849521 	 0.00218858	0.00457235
1190 	 715 	 0.849565 	 0.00219077	0.00457693
1190 	 720 	 0.849609 	 0.00219298	0.00458154
1190 	 725 	 0.849652 	 0.00219521	0.00458619
1190 	 730 	 0.849694 	 0.00219745	0.00459087
1190 	 735 	 0.849736 	 0.00219971	0.00459559
1190 	 740 	 0.849778 	 0.00220199	0.00460035
1190 	 745 	 0.849819 	 0.00220428	0.00460513
1190 	 750 	 0.849859 	 0.00220658	0.00460995
1190 	 755 	 0.849899 	 0.00220891	0.00461481
1190 	 760 	 0.849939 	 0.00221124	0.00461969
1190 	 765 	 0.849978 	 0.00221359	0.0046246
1190 	 770 	 0.850016 	 0.00221596	0.00462954
1190 	 775 	 0.850054 	 0.00221834	0.00463451
1190 	 780 	 0.850092 	 0.00222073	0.00463951
1190 	 785 	 0.850129 	 0.00222314	0.00464454
1190 	 790 	 0.850166 	 0.00222556	0.0046496
1190 	 795 	 0.850202 	 0.00222799	0.00465468
1190 	 800 	 0.850238 	 0.00223043	0.00465978
1190 	 805 	 0.850274 	 0.00223289	0.00466491
1190 	 810 	 0.850309 	 0.00223536	0.00467007
1190 	 815 	 0.850344 	 0.00223784	0.00467525
1190 	 820 	 0.850378 	 0.00224033	0.00468045
1190 	 825 	 0.850412 	 0.00224283	0.00468567
1190 	 830 	 0.850446 	 0.00224534	0.00469092
1190 	 835 	 0.850479 	 0.00224786	0.00469618
1190 	 840 	 0.850512 	 0.00225039	0.00470147
1190 	 845 	 0.850544 	 0.00225293	0.00470678
1190 	 850 	 0.850577 	 0.00225548	0.0047121
1190 	 855 	 0.850608 	 0.00225804	0.00471745
1190 	 860 	 0.85064 	 0.0022606	0.00472281
1190 	 865 	 0.850671 	 0.00226318	0.00472819
1190 	 870 	 0.850702 	 0.00226576	0.00473359
1190 	 875 	 0.850732 	 0.00226835	0.004739
1190 	 880 	 0.850762 	 0.00227095	0.00474443
1190 	 885 	 0.850792 	 0.00227355	0.00474987
1190 	 890 	 0.850822 	 0.00227617	0.00475533
1190 	 895 	 0.850851 	 0.00227879	0.0047608
1190 	 900 	 0.85088 	 0.00228141	0.00476628
1190 	 905 	 0.850909 	 0.00228404	0.00477178
1190 	 910 	 0.850937 	 0.00228668	0.00477729
1190 	 915 	 0.850965 	 0.00228932	0.00478282
1190 	 920 	 0.850993 	 0.00229197	0.00478835
1190 	 925 	 0.85102 	 0.00229463	0.0047939
1190 	 930 	 0.851048 	 0.00229729	0.00479945
1190 	 935 	 0.851075 	 0.00229995	0.00480502
1190 	 940 	 0.851101 	 0.00230262	0.00481059
1190 	 945 	 0.851128 	 0.00230529	0.00481618
1190 	 950 	 0.851154 	 0.00230797	0.00482177
1190 	 955 	 0.85118 	 0.00231065	0.00482737
1190 	 960 	 0.851206 	 0.00231333	0.00483298
1190 	 965 	 0.851231 	 0.00231602	0.00483859
1190 	 970 	 0.851256 	 0.00231871	0.00484422
1190 	 975 	 0.851281 	 0.00232141	0.00484985
1190 	 980 	 0.851306 	 0.00232411	0.00485548
1190 	 985 	 0.851331 	 0.00232681	0.00486112
1190 	 990 	 0.851355 	 0.00232951	0.00486677
1190 	 995 	 0.851379 	 0.00233221	0.00487242
1190 	 1000 	 0.851403 	 0.00233492	0.00487807
1190 	 1005 	 0.851426 	 0.00233763	0.00488373
1190 	 1010 	 0.85145 	 0.00234034	0.0048894
1190 	 1015 	 0.851473 	 0.00234305	0.00489506
1190 	 1020 	 0.851496 	 0.00234577	0.00490073
1190 	 1025 	 0.851519 	 0.00234848	0.0049064
1190 	 1030 	 0.851541 	 0.0023512	0.00491208
1190 	 1035 	 0.851564 	 0.00235391	0.00491776
1190 	 1040 	 0.851586 	 0.00235663	0.00492343
1190 	 1045 	 0.851608 	 0.00235935	0.00492911
1190 	 1050 	 0.85163 	 0.00236207	0.0049348
1190 	 1055 	 0.851651 	 0.00236479	0.00494048
1190 	 1060 	 0.851673 	 0.00236751	0.00494616
1190 	 1065 	 0.851694 	 0.00237023	0.00495184
1190 	 1070 	 0.851715 	 0.00237295	0.00495752
1190 	 1075 	 0.851736 	 0.00237567	0.00496321
1190 	 1080 	 0.851756 	 0.00237839	0.00496889
1190 	 1085 	 0.851777 	 0.00238111	0.00497457
1190 	 1090 	 0.851797 	 0.00238383	0.00498025
1190 	 1095 	 0.851817 	 0.00238654	0.00498593
1190 	 1100 	 0.851837 	 0.00238926	0.0049916
1190 	 1105 	 0.851857 	 0.00239198	0.00499728
1190 	 1110 	 0.851877 	 0.00239469	0.00500295
1190 	 1115 	 0.851896 	 0.00239741	0.00500862
1190 	 1120 	 0.851916 	 0.00240012	0.00501428
1190 	 1125 	 0.851935 	 0.00240283	0.00501995
1190 	 1130 	 0.851954 	 0.00240554	0.00502561
1190 	 1135 	 0.851973 	 0.00240825	0.00503127
1190 	 1140 	 0.851991 	 0.00241095	0.00503692
1190 	 1145 	 0.85201 	 0.00241366	0.00504257
1190 	 1150 	 0.852028 	 0.00241636	0.00504822
1190 	 1155 	 0.852047 	 0.00241906	0.00505386
1190 	 1160 	 0.852065 	 0.00242176	0.0050595
1190 	 1165 	 0.852083 	 0.00242446	0.00506513
1190 	 1170 	 0.852101 	 0.00242715	0.00507076
1190 	 1175 	 0.852118 	 0.00242984	0.00507639
1190 	 1180 	 0.852136 	 0.00243253	0.005082
1190 	 1185 	 0.852153 	 0.00243522	0.00508762
1190 	 1190 	 0.85217 	 0.0024379	0.00509323
1190 	 1195 	 0.852188 	 0.00244059	0.00509883
1190 	 1200 	 0.852205 	 0.00244327	0.00510443
1190 	 1205 	 0.852221 	 0.00244594	0.00511002
1190 	 1210 	 0.852238 	 0.00244862	0.0051156
1190 	 1215 	 0.852255 	 0.00245129	0.00512118
1190 	 1220 	 0.852271 	 0.00245395	0.00512675
1190 	 1225 	 0.852288 	 0.00245662	0.00513232
1190 	 1230 	 0.852304 	 0.00245928	0.00513788
1190 	 1235 	 0.85232 	 0.00246194	0.00514343
1190 	 1240 	 0.852336 	 0.00246459	0.00514898
1190 	 1245 	 0.852352 	 0.00246724	0.00515452
1190 	 1250 	 0.852368 	 0.00246989	0.00516005
1190 	 1255 	 0.852383 	 0.00247253	0.00516558
1190 	 1260 	 0.852399 	 0.00247518	0.00517109
1190 	 1265 	 0.852414 	 0.00247781	0.0051766
1190 	 1270 	 0.85243 	 0.00248045	0.00518211
1190 	 1275 	 0.852445 	 0.00248308	0.0051876
1190 	 1280 	 0.85246 	 0.0024857	0.00519309
1190 	 1285 	 0.852475 	 0.00248833	0.00519857
1190 	 1290 	 0.85249 	 0.00249094	0.00520404
1190 	 1295 	 0.852505 	 0.00249356	0.0052095
1190 	 1300 	 0.852519 	 0.00249617	0.00521496
1190 	 1305 	 0.852534 	 0.00249878	0.0052204
1190 	 1310 	 0.852548 	 0.00250138	0.00522584
1190 	 1315 	 0.852563 	 0.00250398	0.00523127
1190 	 1320 	 0.852577 	 0.00250657	0.00523669
1190 	 1325 	 0.852591 	 0.00250916	0.0052421
1190 	 1330 	 0.852605 	 0.00251175	0.00524751
1190 	 1335 	 0.852619 	 0.00251433	0.0052529
1190 	 1340 	 0.852633 	 0.00251691	0.00525829
1190 	 1345 	 0.852647 	 0.00251949	0.00526366
1190 	 1350 	 0.852661 	 0.00252206	0.00526903
1190 	 1355 	 0.852674 	 0.00252462	0.00527439
1190 	 1360 	 0.852688 	 0.00252718	0.00527974
1190 	 1365 	 0.852701 	 0.00252974	0.00528508
1190 	 1370 	 0.852714 	 0.00253229	0.00529041
1190 	 1375 	 0.852728 	 0.00253484	0.00529574
1190 	 1380 	 0.852741 	 0.00253738	0.00530105
1190 	 1385 	 0.852754 	 0.00253992	0.00530635
1190 	 1390 	 0.852767 	 0.00254245	0.00531165
1190 	 1395 	 0.85278 	 0.00254498	0.00531693
1190 	 1400 	 0.852792 	 0.00254751	0.0053222
1190 	 1405 	 0.852805 	 0.00255003	0.00532747
1190 	 1410 	 0.852818 	 0.00255254	0.00533273
1190 	 1415 	 0.85283 	 0.00255505	0.00533797
1190 	 1420 	 0.852843 	 0.00255756	0.00534321
1190 	 1425 	 0.852855 	 0.00256006	0.00534843
1190 	 1430 	 0.852867 	 0.00256256	0.00535365
1190 	 1435 	 0.85288 	 0.00256505	0.00535885
1190 	 1440 	 0.852892 	 0.00256754	0.00536405
1190 	 1445 	 0.852904 	 0.00257002	0.00536924
1190 	 1450 	 0.852916 	 0.0025725	0.00537441
1190 	 1455 	 0.852928 	 0.00257497	0.00537958
1190 	 1460 	 0.852939 	 0.00257744	0.00538473
1190 	 1465 	 0.852951 	 0.0025799	0.00538988
1190 	 1470 	 0.852963 	 0.00258236	0.00539502
1190 	 1475 	 0.852974 	 0.00258481	0.00540014
1190 	 1480 	 0.852986 	 0.00258726	0.00540526
1190 	 1485 	 0.852997 	 0.0025897	0.00541036
1190 	 1490 	 0.853009 	 0.00259214	0.00541546
1190 	 1495 	 0.85302 	 0.00259458	0.00542054
1190 	 1500 	 0.853031 	 0.002597	0.00542561
1190 	 1505 	 0.853043 	 0.00259943	0.00543068
1190 	 1510 	 0.853054 	 0.00260185	0.00543573
1190 	 1515 	 0.853065 	 0.00260426	0.00544077
1190 	 1520 	 0.853076 	 0.00260667	0.00544581
1190 	 1525 	 0.853087 	 0.00260907	0.00545083
1190 	 1530 	 0.853098 	 0.00261147	0.00545584
1190 	 1535 	 0.853108 	 0.00261387	0.00546084
1190 	 1540 	 0.853119 	 0.00261625	0.00546583
1190 	 1545 	 0.85313 	 0.00261864	0.00547081
1190 	 1550 	 0.85314 	 0.00262102	0.00547578
1190 	 1555 	 0.853151 	 0.00262339	0.00548074
1190 	 1560 	 0.853161 	 0.00262576	0.00548569
1190 	 1565 	 0.853172 	 0.00262812	0.00549063
1190 	 1570 	 0.853182 	 0.00263048	0.00549556
1190 	 1575 	 0.853192 	 0.00263284	0.00550048
1190 	 1580 	 0.853203 	 0.00263519	0.00550538
1190 	 1585 	 0.853213 	 0.00263753	0.00551028
1190 	 1590 	 0.853223 	 0.00263987	0.00551516
1190 	 1595 	 0.853233 	 0.0026422	0.00552004
1190 	 1600 	 0.853243 	 0.00264453	0.0055249
1190 	 1605 	 0.853253 	 0.00264685	0.00552976
1190 	 1610 	 0.853263 	 0.00264917	0.0055346
1190 	 1615 	 0.853272 	 0.00265149	0.00553944
1190 	 1620 	 0.853282 	 0.00265379	0.00554426
1190 	 1625 	 0.853292 	 0.0026561	0.00554907
1190 	 1630 	 0.853302 	 0.00265839	0.00555387
1190 	 1635 	 0.853311 	 0.00266069	0.00555866
1190 	 1640 	 0.853321 	 0.00266298	0.00556344
1190 	 1645 	 0.85333 	 0.00266526	0.00556821
1190 	 1650 	 0.85334 	 0.00266754	0.00557297
1190 	 1655 	 0.853349 	 0.00266981	0.00557772
1190 	 1660 	 0.853358 	 0.00267208	0.00558246
1190 	 1665 	 0.853368 	 0.00267434	0.00558719
1190 	 1670 	 0.853377 	 0.0026766	0.0055919
1190 	 1675 	 0.853386 	 0.00267885	0.00559661
1190 	 1680 	 0.853395 	 0.0026811	0.00560131
1190 	 1685 	 0.853404 	 0.00268334	0.00560599
1190 	 1690 	 0.853413 	 0.00268558	0.00561067
1190 	 1695 	 0.853422 	 0.00268781	0.00561533
1190 	 1700 	 0.853431 	 0.00269004	0.00561998
1190 	 1705 	 0.85344 	 0.00269226	0.00562463
1190 	 1710 	 0.853449 	 0.00269448	0.00562926
1190 	 1715 	 0.853457 	 0.00269669	0.00563388
1190 	 1720 	 0.853466 	 0.0026989	0.0056385
1190 	 1725 	 0.853475 	 0.0027011	0.0056431
1190 	 1730 	 0.853484 	 0.0027033	0.00564769
1190 	 1735 	 0.853492 	 0.00270549	0.00565227
1190 	 1740 	 0.853501 	 0.00270768	0.00565684
1190 	 1745 	 0.853509 	 0.00270986	0.0056614
1190 	 1750 	 0.853518 	 0.00271204	0.00566595
1190 	 1755 	 0.853526 	 0.00271422	0.00567049
1190 	 1760 	 0.853534 	 0.00271638	0.00567502
1190 	 1765 	 0.853543 	 0.00271855	0.00567954
1190 	 1770 	 0.853551 	 0.0027207	0.00568405
1190 	 1775 	 0.853559 	 0.00272286	0.00568855
1190 	 1780 	 0.853567 	 0.00272501	0.00569303
1190 	 1785 	 0.853576 	 0.00272715	0.00569751
1190 	 1790 	 0.853584 	 0.00272929	0.00570198
1190 	 1795 	 0.853592 	 0.00273142	0.00570644
1190 	 1800 	 0.8536 	 0.00273355	0.00571088
1190 	 1805 	 0.853608 	 0.00273567	0.00571532
1190 	 1810 	 0.853616 	 0.00273779	0.00571975
1190 	 1815 	 0.853624 	 0.00273991	0.00572416
1190 	 1820 	 0.853631 	 0.00274202	0.00572857
1190 	 1825 	 0.853639 	 0.00274412	0.00573297
1190 	 1830 	 0.853647 	 0.00274622	0.00573735
1190 	 1835 	 0.853655 	 0.00274831	0.00574173
1190 	 1840 	 0.853663 	 0.0027504	0.00574609
1190 	 1845 	 0.85367 	 0.00275249	0.00575045
1190 	 1850 	 0.853678 	 0.00275457	0.0057548
1190 	 1855 	 0.853685 	 0.00275664	0.00575913
1190 	 1860 	 0.853693 	 0.00275871	0.00576346
1190 	 1865 	 0.853701 	 0.00276078	0.00576777
1190 	 1870 	 0.853708 	 0.00276284	0.00577208
1190 	 1875 	 0.853715 	 0.0027649	0.00577637
1190 	 1880 	 0.853723 	 0.00276695	0.00578066
1190 	 1885 	 0.85373 	 0.002769	0.00578494
1190 	 1890 	 0.853738 	 0.00277104	0.0057892
1190 	 1895 	 0.853745 	 0.00277308	0.00579346
1190 	 1900 	 0.853752 	 0.00277511	0.00579771
1190 	 1905 	 0.853759 	 0.00277714	0.00580194
1190 	 1910 	 0.853766 	 0.00277916	0.00580617
1190 	 1915 	 0.853774 	 0.00278118	0.00581039
1190 	 1920 	 0.853781 	 0.00278319	0.00581459
1190 	 1925 	 0.853788 	 0.0027852	0.00581879
1190 	 1930 	 0.853795 	 0.0027872	0.00582298
1190 	 1935 	 0.853802 	 0.0027892	0.00582716
1190 	 1940 	 0.853809 	 0.0027912	0.00583133
1190 	 1945 	 0.853816 	 0.00279319	0.00583548
1190 	 1950 	 0.853823 	 0.00279518	0.00583963
1190 	 1955 	 0.85383 	 0.00279716	0.00584377
1190 	 1960 	 0.853837 	 0.00279914	0.0058479
1190 	 1965 	 0.853843 	 0.00280111	0.00585202
1190 	 1970 	 0.85385 	 0.00280308	0.00585613
1190 	 1975 	 0.853857 	 0.00280504	0.00586024
1190 	 1980 	 0.853864 	 0.002807	0.00586433
1190 	 1985 	 0.85387 	 0.00280895	0.00586841
1190 	 1990 	 0.853877 	 0.0028109	0.00587248
1190 	 1995 	 0.853884 	 0.00281285	0.00587655
1190 	 2000 	 0.85389 	 0.00281479	0.0058806
1190 	 2005 	 0.853897 	 0.00281672	0.00588465
1190 	 2010 	 0.853903 	 0.00281865	0.00588868
1190 	 2015 	 0.85391 	 0.00282058	0.00589271
1190 	 2020 	 0.853916 	 0.0028225	0.00589673
1190 	 2025 	 0.853923 	 0.00282442	0.00590073
1190 	 2030 	 0.853929 	 0.00282634	0.00590473
1190 	 2035 	 0.853936 	 0.00282825	0.00590872
1190 	 2040 	 0.853942 	 0.00283015	0.0059127
1190 	 2045 	 0.853948 	 0.00283205	0.00591667
1190 	 2050 	 0.853955 	 0.00283395	0.00592063
1190 	 2055 	 0.853961 	 0.00283584	0.00592458
1190 	 2060 	 0.853967 	 0.00283773	0.00592853
1190 	 2065 	 0.853973 	 0.00283961	0.00593246
1190 	 2070 	 0.85398 	 0.00284149	0.00593639
1190 	 2075 	 0.853986 	 0.00284336	0.0059403
1190 	 2080 	 0.853992 	 0.00284523	0.00594421
1190 	 2085 	 0.853998 	 0.0028471	0.00594811
1190 	 2090 	 0.854004 	 0.00284896	0.005952
1190 	 2095 	 0.85401 	 0.00285082	0.00595588
1190 	 2100 	 0.854016 	 0.00285267	0.00595975
1190 	 2105 	 0.854022 	 0.00285452	0.00596361
1190 	 2110 	 0.854028 	 0.00285636	0.00596746
1190 	 2115 	 0.854034 	 0.0028582	0.00597131
1190 	 2120 	 0.85404 	 0.00286004	0.00597514
1190 	 2125 	 0.854046 	 0.00286187	0.00597897
1190 	 2130 	 0.854052 	 0.0028637	0.00598279
1190 	 2135 	 0.854058 	 0.00286552	0.0059866
1190 	 2140 	 0.854063 	 0.00286734	0.0059904
1190 	 2145 	 0.854069 	 0.00286916	0.00599419
1190 	 2150 	 0.854075 	 0.00287097	0.00599797
1190 	 2155 	 0.854081 	 0.00287277	0.00600175
1190 	 2160 	 0.854086 	 0.00287458	0.00600551
1190 	 2165 	 0.854092 	 0.00287638	0.00600927
1190 	 2170 	 0.854098 	 0.00287817	0.00601302
1190 	 2175 	 0.854104 	 0.00287996	0.00601676
1190 	 2180 	 0.854109 	 0.00288175	0.00602049
1190 	 2185 	 0.854115 	 0.00288353	0.00602421
1190 	 2190 	 0.85412 	 0.00288531	0.00602793
1190 	 2195 	 0.854126 	 0.00288708	0.00603164
1190 	 2200 	 0.854131 	 0.00288885	0.00603533
1190 	 2205 	 0.854137 	 0.00289062	0.00603902
1190 	 2210 	 0.854142 	 0.00289238	0.0060427
1190 	 2215 	 0.854148 	 0.00289414	0.00604638
1190 	 2220 	 0.854153 	 0.00289589	0.00605004
1190 	 2225 	 0.854159 	 0.00289764	0.0060537
1190 	 2230 	 0.854164 	 0.00289938	0.00605734
1190 	 2235 	 0.854169 	 0.00290113	0.00606098
1190 	 2240 	 0.854175 	 0.00290286	0.00606461
1190 	 2245 	 0.85418 	 0.0029046	0.00606824
1190 	 2250 	 0.854185 	 0.00290633	0.00607185
1190 	 2255 	 0.854191 	 0.00290805	0.00607546
1190 	 2260 	 0.854196 	 0.00290978	0.00607905
1190 	 2265 	 0.854201 	 0.0029115	0.00608264
1190 	 2270 	 0.854206 	 0.00291321	0.00608623
1190 	 2275 	 0.854212 	 0.00291492	0.0060898
1190 	 2280 	 0.854217 	 0.00291663	0.00609337
1190 	 2285 	 0.854222 	 0.00291833	0.00609692
1190 	 2290 	 0.854227 	 0.00292003	0.00610047
1190 	 2295 	 0.854232 	 0.00292172	0.00610401
1190 	 2300 	 0.854237 	 0.00292342	0.00610755
1190 	 2305 	 0.854242 	 0.0029251	0.00611107
1190 	 2310 	 0.854248 	 0.00292679	0.00611459
1190 	 2315 	 0.854253 	 0.00292847	0.0061181
1190 	 2320 	 0.854258 	 0.00293014	0.0061216
1190 	 2325 	 0.854263 	 0.00293182	0.0061251
1190 	 2330 	 0.854268 	 0.00293348	0.00612858
1190 	 2335 	 0.854272 	 0.00293515	0.00613206
1190 	 2340 	 0.854277 	 0.00293681	0.00613553
1190 	 2345 	 0.854282 	 0.00293847	0.006139
1190 	 2350 	 0.854287 	 0.00294012	0.00614245
1190 	 2355 	 0.854292 	 0.00294177	0.0061459
1190 	 2360 	 0.854297 	 0.00294342	0.00614934
1190 	 2365 	 0.854302 	 0.00294506	0.00615277
1190 	 2370 	 0.854307 	 0.0029467	0.0061562
1190 	 2375 	 0.854311 	 0.00294834	0.00615961
1190 	 2380 	 0.854316 	 0.00294997	0.00616302
1190 	 2385 	 0.854321 	 0.0029516	0.00616642
1190 	 2390 	 0.854326 	 0.00295322	0.00616982
1190 	 2395 	 0.85433 	 0.00295484	0.0061732
1190 	 2400 	 0.854335 	 0.00295646	0.00617658
1190 	 2405 	 0.85434 	 0.00295807	0.00617995
1190 	 2410 	 0.854345 	 0.00295968	0.00618332
1190 	 2415 	 0.854349 	 0.00296129	0.00618667
1190 	 2420 	 0.854354 	 0.00296289	0.00619002
1190 	 2425 	 0.854358 	 0.00296449	0.00619337
1190 	 2430 	 0.854363 	 0.00296609	0.0061967
1190 	 2435 	 0.854368 	 0.00296768	0.00620003
1190 	 2440 	 0.854372 	 0.00296927	0.00620335
1190 	 2445 	 0.854377 	 0.00297086	0.00620666
1190 	 2450 	 0.854381 	 0.00297244	0.00620996
1190 	 2455 	 0.854386 	 0.00297402	0.00621326
1190 	 2460 	 0.85439 	 0.00297559	0.00621655
1190 	 2465 	 0.854395 	 0.00297716	0.00621984
1190 	 2470 	 0.854399 	 0.00297873	0.00622311
1190 	 2475 	 0.854404 	 0.0029803	0.00622638
1190 	 2480 	 0.854408 	 0.00298186	0.00622964
1190 	 2485 	 0.854413 	 0.00298342	0.0062329
1190 	 2490 	 0.854417 	 0.00298497	0.00623615
1190 	 2495 	 0.854421 	 0.00298652	0.00623939
1190 	 2500 	 0.854426 	 0.00298807	0.00624262
1190 	 2505 	 0.85443 	 0.00298961	0.00624585
1190 	 2510 	 0.854434 	 0.00299115	0.00624907
1190 	 2515 	 0.854439 	 0.00299269	0.00625228
1190 	 2520 	 0.854443 	 0.00299423	0.00625548
1190 	 2525 	 0.854447 	 0.00299576	0.00625868
1190 	 2530 	 0.854452 	 0.00299728	0.00626187
1190 	 2535 	 0.854456 	 0.00299881	0.00626506
1190 	 2540 	 0.85446 	 0.00300033	0.00626823
1190 	 2545 	 0.854464 	 0.00300185	0.00627141
1190 	 2550 	 0.854468 	 0.00300336	0.00627457
1190 	 2555 	 0.854473 	 0.00300487	0.00627773
1190 	 2560 	 0.854477 	 0.00300638	0.00628088
1190 	 2565 	 0.854481 	 0.00300788	0.00628402
1190 	 2570 	 0.854485 	 0.00300939	0.00628716
1190 	 2575 	 0.854489 	 0.00301088	0.00629029
1190 	 2580 	 0.854493 	 0.00301238	0.00629341
1190 	 2585 	 0.854498 	 0.00301387	0.00629653
1190 	 2590 	 0.854502 	 0.00301536	0.00629964
1190 	 2595 	 0.854506 	 0.00301684	0.00630274
1190 	 2600 	 0.85451 	 0.00301833	0.00630583
1190 	 2605 	 0.854514 	 0.00301981	0.00630892
1190 	 2610 	 0.854518 	 0.00302128	0.00631201
1190 	 2615 	 0.854522 	 0.00302275	0.00631508
1190 	 2620 	 0.854526 	 0.00302422	0.00631815
1190 	 2625 	 0.85453 	 0.00302569	0.00632122
1190 	 2630 	 0.854534 	 0.00302715	0.00632427
1190 	 2635 	 0.854538 	 0.00302861	0.00632732
1190 	 2640 	 0.854542 	 0.00303007	0.00633037
1190 	 2645 	 0.854546 	 0.00303152	0.00633341
1190 	 2650 	 0.85455 	 0.00303297	0.00633644
1190 	 2655 	 0.854553 	 0.00303442	0.00633946
1190 	 2660 	 0.854557 	 0.00303587	0.00634248
1190 	 2665 	 0.854561 	 0.00303731	0.00634549
1190 	 2670 	 0.854565 	 0.00303875	0.0063485
1190 	 2675 	 0.854569 	 0.00304018	0.00635149
1190 	 2680 	 0.854573 	 0.00304161	0.00635449
1190 	 2685 	 0.854577 	 0.00304304	0.00635747
1190 	 2690 	 0.85458 	 0.00304447	0.00636045
1190 	 2695 	 0.854584 	 0.00304589	0.00636343
1190 	 2700 	 0.854588 	 0.00304731	0.00636639
1190 	 2705 	 0.854592 	 0.00304873	0.00636936
1190 	 2710 	 0.854596 	 0.00305015	0.00637231
1190 	 2715 	 0.854599 	 0.00305156	0.00637526
1190 	 2720 	 0.854603 	 0.00305297	0.0063782
1190 	 2725 	 0.854607 	 0.00305437	0.00638114
1190 	 2730 	 0.85461 	 0.00305577	0.00638407
1190 	 2735 	 0.854614 	 0.00305717	0.00638699
1190 	 2740 	 0.854618 	 0.00305857	0.00638991
1190 	 2745 	 0.854622 	 0.00305996	0.00639282
1190 	 2750 	 0.854625 	 0.00306135	0.00639573
1190 	 2755 	 0.854629 	 0.00306274	0.00639863
1190 	 2760 	 0.854632 	 0.00306413	0.00640152
1190 	 2765 	 0.854636 	 0.00306551	0.00640441
1190 	 2770 	 0.85464 	 0.00306689	0.00640729
1190 	 2775 	 0.854643 	 0.00306827	0.00641017
1190 	 2780 	 0.854647 	 0.00306964	0.00641304
1190 	 2785 	 0.85465 	 0.00307101	0.0064159
1190 	 2790 	 0.854654 	 0.00307238	0.00641876
1190 	 2795 	 0.854658 	 0.00307374	0.00642161
1190 	 2800 	 0.854661 	 0.00307511	0.00642446
1190 	 2805 	 0.854665 	 0.00307646	0.0064273
1190 	 2810 	 0.854668 	 0.00307782	0.00643013
1190 	 2815 	 0.854672 	 0.00307918	0.00643296
1190 	 2820 	 0.854675 	 0.00308053	0.00643578
1190 	 2825 	 0.854679 	 0.00308187	0.0064386
1190 	 2830 	 0.854682 	 0.00308322	0.00644141
1190 	 2835 	 0.854686 	 0.00308456	0.00644421
1190 	 2840 	 0.854689 	 0.0030859	0.00644701
1190 	 2845 	 0.854692 	 0.00308724	0.00644981
1190 	 2850 	 0.854696 	 0.00308857	0.00645259
1190 	 2855 	 0.854699 	 0.00308991	0.00645538
1190 	 2860 	 0.854703 	 0.00309124	0.00645815
1190 	 2865 	 0.854706 	 0.00309256	0.00646092
1190 	 2870 	 0.854709 	 0.00309389	0.00646369
1190 	 2875 	 0.854713 	 0.00309521	0.00646645
1190 	 2880 	 0.854716 	 0.00309652	0.0064692
1190 	 2885 	 0.85472 	 0.00309784	0.00647195
1190 	 2890 	 0.854723 	 0.00309915	0.0064747
1190 	 2895 	 0.854726 	 0.00310046	0.00647743
1190 	 2900 	 0.85473 	 0.00310177	0.00648016
1190 	 2905 	 0.854733 	 0.00310308	0.00648289
1190 	 2910 	 0.854736 	 0.00310438	0.00648561
1190 	 2915 	 0.854739 	 0.00310568	0.00648833
1190 	 2920 	 0.854743 	 0.00310697	0.00649104
1190 	 2925 	 0.854746 	 0.00310827	0.00649374
1190 	 2930 	 0.854749 	 0.00310956	0.00649644
1190 	 2935 	 0.854752 	 0.00311085	0.00649913
1190 	 2940 	 0.854756 	 0.00311214	0.00650182
1190 	 2945 	 0.854759 	 0.00311342	0.0065045
1190 	 2950 	 0.854762 	 0.0031147	0.00650718
1190 	 2955 	 0.854765 	 0.00311598	0.00650985
1190 	 2960 	 0.854769 	 0.00311726	0.00651252
1190 	 2965 	 0.854772 	 0.00311853	0.00651518
1190 	 2970 	 0.854775 	 0.0031198	0.00651784
1190 	 2975 	 0.854778 	 0.00312107	0.00652049
1190 	 2980 	 0.854781 	 0.00312234	0.00652313
1190 	 2985 	 0.854784 	 0.0031236	0.00652577
1190 	 2990 	 0.854788 	 0.00312486	0.00652841
1190 	 2995 	 0.854791 	 0.00312612	0.00653104
1190 	 3000 	 0.854794 	 0.00312738	0.00653366
1190 	 3005 	 0.854797 	 0.00312863	0.00653628
1190 	 3010 	 0.8548 	 0.00312988	0.00653889
1190 	 3015 	 0.854803 	 0.00313113	0.0065415
1190 	 3020 	 0.854806 	 0.00313238	0.0065441
1190 	 3025 	 0.854809 	 0.00313362	0.0065467
1190 	 3030 	 0.854812 	 0.00313486	0.0065493
1190 	 3035 	 0.854815 	 0.0031361	0.00655188
1190 	 3040 	 0.854818 	 0.00313734	0.00655447
1190 	 3045 	 0.854821 	 0.00313857	0.00655705
1190 	 3050 	 0.854824 	 0.0031398	0.00655962
1190 	 3055 	 0.854827 	 0.00314103	0.00656219
1190 	 3060 	 0.85483 	 0.00314226	0.00656475
1190 	 3065 	 0.854833 	 0.00314348	0.00656731
1190 	 3070 	 0.854836 	 0.0031447	0.00656986
1190 	 3075 	 0.854839 	 0.00314592	0.00657241
1190 	 3080 	 0.854842 	 0.00314714	0.00657495
1190 	 3085 	 0.854845 	 0.00314835	0.00657749
1190 	 3090 	 0.854848 	 0.00314957	0.00658002
1190 	 3095 	 0.854851 	 0.00315078	0.00658255
1190 	 3100 	 0.854854 	 0.00315198	0.00658507
1190 	 3105 	 0.854857 	 0.00315319	0.00658759
1190 	 3110 	 0.85486 	 0.00315439	0.0065901
1190 	 3115 	 0.854863 	 0.00315559	0.00659261
1190 	 3120 	 0.854866 	 0.00315679	0.00659511
1190 	 3125 	 0.854869 	 0.00315799	0.00659761
1190 	 3130 	 0.854872 	 0.00315918	0.0066001
1190 	 3135 	 0.854874 	 0.00316037	0.00660259
1190 	 3140 	 0.854877 	 0.00316156	0.00660508
1190 	 3145 	 0.85488 	 0.00316275	0.00660756
1190 	 3150 	 0.854883 	 0.00316393	0.00661003
1190 	 3155 	 0.854886 	 0.00316511	0.0066125
1190 	 3160 	 0.854889 	 0.00316629	0.00661496
1190 	 3165 	 0.854891 	 0.00316747	0.00661742
1190 	 3170 	 0.854894 	 0.00316865	0.00661988
1190 	 3175 	 0.854897 	 0.00316982	0.00662233
1190 	 3180 	 0.8549 	 0.00317099	0.00662478
1190 	 3185 	 0.854903 	 0.00317216	0.00662722
1190 	 3190 	 0.854905 	 0.00317333	0.00662965
1190 	 3195 	 0.854908 	 0.00317449	0.00663209
1190 	 3200 	 0.854911 	 0.00317565	0.00663451
1190 	 3205 	 0.854914 	 0.00317681	0.00663694
1190 	 3210 	 0.854917 	 0.00317797	0.00663935
1190 	 3215 	 0.854919 	 0.00317912	0.00664177
1190 	 3220 	 0.854922 	 0.00318028	0.00664418
1190 	 3225 	 0.854925 	 0.00318143	0.00664658
1190 	 3230 	 0.854927 	 0.00318258	0.00664898
1190 	 3235 	 0.85493 	 0.00318372	0.00665138
1190 	 3240 	 0.854933 	 0.00318487	0.00665377
1190 	 3245 	 0.854936 	 0.00318601	0.00665615
1190 	 3250 	 0.854938 	 0.00318715	0.00665853
1190 	 3255 	 0.854941 	 0.00318829	0.00666091
1190 	 3260 	 0.854944 	 0.00318942	0.00666328
1190 	 3265 	 0.854946 	 0.00319056	0.00666565
1190 	 3270 	 0.854949 	 0.00319169	0.00666802
1190 	 3275 	 0.854952 	 0.00319282	0.00667037
1190 	 3280 	 0.854954 	 0.00319394	0.00667273
1190 	 3285 	 0.854957 	 0.00319507	0.00667508
1190 	 3290 	 0.854959 	 0.00319619	0.00667743
1190 	 3295 	 0.854962 	 0.00319731	0.00667977
1190 	 3300 	 0.854965 	 0.00319843	0.0066821
1190 	 3305 	 0.854967 	 0.00319955	0.00668444
1190 	 3310 	 0.85497 	 0.00320066	0.00668676
1190 	 3315 	 0.854972 	 0.00320177	0.00668909
1190 	 3320 	 0.854975 	 0.00320288	0.00669141
1190 	 3325 	 0.854978 	 0.00320399	0.00669372
1190 	 3330 	 0.85498 	 0.0032051	0.00669603
1190 	 3335 	 0.854983 	 0.0032062	0.00669834
1190 	 3340 	 0.854985 	 0.0032073	0.00670064
1190 	 3345 	 0.854988 	 0.0032084	0.00670294
1190 	 3350 	 0.85499 	 0.0032095	0.00670524
1190 	 3355 	 0.854993 	 0.0032106	0.00670753
1190 	 3360 	 0.854995 	 0.00321169	0.00670981
1190 	 3365 	 0.854998 	 0.00321278	0.00671209
1190 	 3370 	 0.855001 	 0.00321387	0.00671437
1190 	 3375 	 0.855003 	 0.00321496	0.00671664
1190 	 3380 	 0.855006 	 0.00321605	0.00671891
1190 	 3385 	 0.855008 	 0.00321713	0.00672117
1190 	 3390 	 0.85501 	 0.00321821	0.00672344
1190 	 3395 	 0.855013 	 0.00321929	0.00672569
1190 	 3400 	 0.855015 	 0.00322037	0.00672794
1190 	 3405 	 0.855018 	 0.00322145	0.00673019
1190 	 3410 	 0.85502 	 0.00322252	0.00673243
1190 	 3415 	 0.855023 	 0.00322359	0.00673467
1190 	 3420 	 0.855025 	 0.00322466	0.00673691
1190 	 3425 	 0.855028 	 0.00322573	0.00673914
1190 	 3430 	 0.85503 	 0.0032268	0.00674137
1190 	 3435 	 0.855033 	 0.00322786	0.00674359
1190 	 3440 	 0.855035 	 0.00322892	0.00674581
1190 	 3445 	 0.855037 	 0.00322998	0.00674803
1190 	 3450 	 0.85504 	 0.00323104	0.00675024
1190 	 3455 	 0.855042 	 0.0032321	0.00675244
1190 	 3460 	 0.855045 	 0.00323315	0.00675465
1190 	 3465 	 0.855047 	 0.00323421	0.00675685
1190 	 3470 	 0.855049 	 0.00323526	0.00675904
1190 	 3475 	 0.855052 	 0.00323631	0.00676123
1190 	 3480 	 0.855054 	 0.00323735	0.00676342
1190 	 3485 	 0.855056 	 0.0032384	0.0067656
1190 	 3490 	 0.855059 	 0.00323944	0.00676778
1190 	 3495 	 0.855061 	 0.00324048	0.00676996
1190 	 3500 	 0.855064 	 0.00324152	0.00677213
1190 	 3505 	 0.855066 	 0.00324256	0.0067743
1190 	 3510 	 0.855068 	 0.00324359	0.00677646
1190 	 3515 	 0.85507 	 0.00324463	0.00677862
1190 	 3520 	 0.855073 	 0.00324566	0.00678078
1190 	 3525 	 0.855075 	 0.00324669	0.00678293
1190 	 3530 	 0.855077 	 0.00324772	0.00678508
1190 	 3535 	 0.85508 	 0.00324874	0.00678722
1190 	 3540 	 0.855082 	 0.00324977	0.00678936
1190 	 3545 	 0.855084 	 0.00325079	0.0067915
1190 	 3550 	 0.855087 	 0.00325181	0.00679363
1190 	 3555 	 0.855089 	 0.00325283	0.00679576
1190 	 3560 	 0.855091 	 0.00325385	0.00679788
1190 	 3565 	 0.855093 	 0.00325486	0.00680001
1190 	 3570 	 0.855096 	 0.00325588	0.00680212
1190 	 3575 	 0.855098 	 0.00325689	0.00680424
1190 	 3580 	 0.8551 	 0.0032579	0.00680635
1190 	 3585 	 0.855102 	 0.00325891	0.00680845
1190 	 3590 	 0.855105 	 0.00325992	0.00681056
1190 	 3595 	 0.855107 	 0.00326092	0.00681266
1190 	 3600 	 0.855109 	 0.00326192	0.00681475
1190 	 3605 	 0.855111 	 0.00326292	0.00681684
1190 	 3610 	 0.855114 	 0.00326392	0.00681893
1190 	 3615 	 0.855116 	 0.00326492	0.00682101
1190 	 3620 	 0.855118 	 0.00326592	0.0068231
1190 	 3625 	 0.85512 	 0.00326691	0.00682517
1190 	 3630 	 0.855122 	 0.0032679	0.00682725
1190 	 3635 	 0.855125 	 0.00326889	0.00682932
1190 	 3640 	 0.855127 	 0.00326988	0.00683138
1190 	 3645 	 0.855129 	 0.00327087	0.00683344
1190 	 3650 	 0.855131 	 0.00327186	0.0068355
1190 	 3655 	 0.855133 	 0.00327284	0.00683756
1190 	 3660 	 0.855135 	 0.00327382	0.00683961
1190 	 3665 	 0.855138 	 0.0032748	0.00684166
1190 	 3670 	 0.85514 	 0.00327578	0.0068437
1190 	 3675 	 0.855142 	 0.00327676	0.00684574
1190 	 3680 	 0.855144 	 0.00327773	0.00684778
1190 	 3685 	 0.855146 	 0.00327871	0.00684981
1190 	 3690 	 0.855148 	 0.00327968	0.00685184
1190 	 3695 	 0.85515 	 0.00328065	0.00685387
1190 	 3700 	 0.855152 	 0.00328162	0.00685589
1190 	 3705 	 0.855155 	 0.00328258	0.00685791
1190 	 3710 	 0.855157 	 0.00328355	0.00685993
1190 	 3715 	 0.855159 	 0.00328451	0.00686194
1190 	 3720 	 0.855161 	 0.00328547	0.00686395
1190 	 3725 	 0.855163 	 0.00328643	0.00686596
1190 	 3730 	 0.855165 	 0.00328739	0.00686796
1190 	 3735 	 0.855167 	 0.00328835	0.00686996
1190 	 3740 	 0.855169 	 0.0032893	0.00687195
1190 	 3745 	 0.855171 	 0.00329026	0.00687395
1190 	 3750 	 0.855173 	 0.00329121	0.00687593
1190 	 3755 	 0.855175 	 0.00329216	0.00687792
1190 	 3760 	 0.855177 	 0.00329311	0.0068799
1190 	 3765 	 0.855179 	 0.00329405	0.00688188
1190 	 3770 	 0.855181 	 0.003295	0.00688385
1190 	 3775 	 0.855184 	 0.00329594	0.00688583
1190 	 3780 	 0.855186 	 0.00329689	0.00688779
1190 	 3785 	 0.855188 	 0.00329783	0.00688976
1190 	 3790 	 0.85519 	 0.00329877	0.00689172
1190 	 3795 	 0.855192 	 0.0032997	0.00689368
1190 	 3800 	 0.855194 	 0.00330064	0.00689563
1190 	 3805 	 0.855196 	 0.00330157	0.00689759
1190 	 3810 	 0.855198 	 0.0033025	0.00689953
1190 	 3815 	 0.8552 	 0.00330344	0.00690148
1190 	 3820 	 0.855202 	 0.00330437	0.00690342
1190 	 3825 	 0.855204 	 0.00330529	0.00690536
1190 	 3830 	 0.855206 	 0.00330622	0.00690729
1190 	 3835 	 0.855208 	 0.00330714	0.00690923
1190 	 3840 	 0.85521 	 0.00330807	0.00691115
1190 	 3845 	 0.855212 	 0.00330899	0.00691308
1190 	 3850 	 0.855213 	 0.00330991	0.006915
1190 	 3855 	 0.855215 	 0.00331083	0.00691692
1190 	 3860 	 0.855217 	 0.00331174	0.00691884
1190 	 3865 	 0.855219 	 0.00331266	0.00692075
1190 	 3870 	 0.855221 	 0.00331357	0.00692266
1190 	 3875 	 0.855223 	 0.00331449	0.00692456
1190 	 3880 	 0.855225 	 0.0033154	0.00692647
1190 	 3885 	 0.855227 	 0.00331631	0.00692837
1190 	 3890 	 0.855229 	 0.00331721	0.00693026
1190 	 3895 	 0.855231 	 0.00331812	0.00693216
1190 	 3900 	 0.855233 	 0.00331902	0.00693405
1190 	 3905 	 0.855235 	 0.00331993	0.00693593
1190 	 3910 	 0.855237 	 0.00332083	0.00693782
1190 	 3915 	 0.855239 	 0.00332173	0.0069397
1190 	 3920 	 0.855241 	 0.00332263	0.00694158
1190 	 3925 	 0.855242 	 0.00332353	0.00694345
1190 	 3930 	 0.855244 	 0.00332442	0.00694532
1190 	 3935 	 0.855246 	 0.00332532	0.00694719
1190 	 3940 	 0.855248 	 0.00332621	0.00694905
1190 	 3945 	 0.85525 	 0.0033271	0.00695092
1190 	 3950 	 0.855252 	 0.00332799	0.00695278
1190 	 3955 	 0.855254 	 0.00332888	0.00695463
1190 	 3960 	 0.855256 	 0.00332976	0.00695648
1190 	 3965 	 0.855257 	 0.00333065	0.00695833
1190 	 3970 	 0.855259 	 0.00333153	0.00696018
1190 	 3975 	 0.855261 	 0.00333242	0.00696203
1190 	 3980 	 0.855263 	 0.0033333	0.00696387
1190 	 3985 	 0.855265 	 0.00333418	0.0069657
1190 	 3990 	 0.855267 	 0.00333506	0.00696754
1190 	 3995 	 0.855268 	 0.00333593	0.00696937
1190 	 4000 	 0.85527 	 0.00333681	0.0069712
1190 	 4005 	 0.855272 	 0.00333768	0.00697302
1190 	 4010 	 0.855274 	 0.00333855	0.00697485
1190 	 4015 	 0.855276 	 0.00333942	0.00697667
1190 	 4020 	 0.855278 	 0.00334029	0.00697848
1190 	 4025 	 0.855279 	 0.00334116	0.0069803
1190 	 4030 	 0.855281 	 0.00334203	0.00698211
1190 	 4035 	 0.855283 	 0.00334289	0.00698392
1190 	 4040 	 0.855285 	 0.00334376	0.00698572
1190 	 4045 	 0.855287 	 0.00334462	0.00698752
1190 	 4050 	 0.855288 	 0.00334548	0.00698932
1190 	 4055 	 0.85529 	 0.00334634	0.00699112
1190 	 4060 	 0.855292 	 0.0033472	0.00699291
1190 	 4065 	 0.855294 	 0.00334806	0.0069947
1190 	 4070 	 0.855296 	 0.00334891	0.00699649
1190 	 4075 	 0.855297 	 0.00334977	0.00699827
1190 	 4080 	 0.855299 	 0.00335062	0.00700006
1190 	 4085 	 0.855301 	 0.00335147	0.00700183
1190 	 4090 	 0.855303 	 0.00335232	0.00700361
1190 	 4095 	 0.855304 	 0.00335317	0.00700538
1190 	 4100 	 0.855306 	 0.00335402	0.00700715
1190 	 4105 	 0.855308 	 0.00335486	0.00700892
1190 	 4110 	 0.85531 	 0.00335571	0.00701069
1190 	 4115 	 0.855311 	 0.00335655	0.00701245
1190 	 4120 	 0.855313 	 0.00335739	0.00701421
1190 	 4125 	 0.855315 	 0.00335823	0.00701596
1190 	 4130 	 0.855316 	 0.00335907	0.00701772
1190 	 4135 	 0.855318 	 0.00335991	0.00701947
1190 	 4140 	 0.85532 	 0.00336075	0.00702121
1190 	 4145 	 0.855322 	 0.00336158	0.00702296
1190 	 4150 	 0.855323 	 0.00336242	0.0070247
1190 	 4155 	 0.855325 	 0.00336325	0.00702644
1190 	 4160 	 0.855327 	 0.00336408	0.00702818
1190 	 4165 	 0.855328 	 0.00336491	0.00702991
1190 	 4170 	 0.85533 	 0.00336574	0.00703164
1190 	 4175 	 0.855332 	 0.00336657	0.00703337
1190 	 4180 	 0.855334 	 0.00336739	0.0070351
1190 	 4185 	 0.855335 	 0.00336822	0.00703682
1190 	 4190 	 0.855337 	 0.00336904	0.00703854
1190 	 4195 	 0.855339 	 0.00336986	0.00704026
1190 	 4200 	 0.85534 	 0.00337068	0.00704197
1190 	 4205 	 0.855342 	 0.0033715	0.00704368
1190 	 4210 	 0.855344 	 0.00337232	0.00704539
1190 	 4215 	 0.855345 	 0.00337314	0.0070471
1190 	 4220 	 0.855347 	 0.00337395	0.0070488
1190 	 4225 	 0.855349 	 0.00337477	0.0070505
1190 	 4230 	 0.85535 	 0.00337558	0.0070522
1190 	 4235 	 0.855352 	 0.00337639	0.0070539
1190 	 4240 	 0.855353 	 0.0033772	0.00705559
1190 	 4245 	 0.855355 	 0.00337801	0.00705728
1190 	 4250 	 0.855357 	 0.00337882	0.00705897
1190 	 4255 	 0.855358 	 0.00337963	0.00706066
1190 	 4260 	 0.85536 	 0.00338043	0.00706234
1190 	 4265 	 0.855362 	 0.00338124	0.00706402
1190 	 4270 	 0.855363 	 0.00338204	0.0070657
1190 	 4275 	 0.855365 	 0.00338284	0.00706737
1190 	 4280 	 0.855367 	 0.00338364	0.00706904
1190 	 4285 	 0.855368 	 0.00338444	0.00707071
1190 	 4290 	 0.85537 	 0.00338524	0.00707238
1190 	 4295 	 0.855371 	 0.00338603	0.00707404
1190 	 4300 	 0.855373 	 0.00338683	0.00707571
1190 	 4305 	 0.855375 	 0.00338762	0.00707736
1190 	 4310 	 0.855376 	 0.00338842	0.00707902
1190 	 4315 	 0.855378 	 0.00338921	0.00708068
1190 	 4320 	 0.855379 	 0.00339	0.00708233
1190 	 4325 	 0.855381 	 0.00339079	0.00708398
1190 	 4330 	 0.855382 	 0.00339158	0.00708562
1190 	 4335 	 0.855384 	 0.00339236	0.00708727
1190 	 4340 	 0.855386 	 0.00339315	0.00708891
1190 	 4345 	 0.855387 	 0.00339393	0.00709055
1190 	 4350 	 0.855389 	 0.00339472	0.00709218
1190 	 4355 	 0.85539 	 0.0033955	0.00709382
1190 	 4360 	 0.855392 	 0.00339628	0.00709545
1190 	 4365 	 0.855393 	 0.00339706	0.00709708
1190 	 4370 	 0.855395 	 0.00339784	0.0070987
1190 	 4375 	 0.855397 	 0.00339862	0.00710033
1190 	 4380 	 0.855398 	 0.00339939	0.00710195
1190 	 4385 	 0.8554 	 0.00340017	0.00710357
1190 	 4390 	 0.855401 	 0.00340094	0.00710519
1190 	 4395 	 0.855403 	 0.00340171	0.0071068
1190 	 4400 	 0.855404 	 0.00340248	0.00710841
1190 	 4405 	 0.855406 	 0.00340326	0.00711002
1190 	 4410 	 0.855407 	 0.00340402	0.00711163
1190 	 4415 	 0.855409 	 0.00340479	0.00711323
1190 	 4420 	 0.85541 	 0.00340556	0.00711483
1190 	 4425 	 0.855412 	 0.00340632	0.00711643
1190 	 4430 	 0.855413 	 0.00340709	0.00711803
1190 	 4435 	 0.855415 	 0.00340785	0.00711962
1190 	 4440 	 0.855416 	 0.00340861	0.00712122
1190 	 4445 	 0.855418 	 0.00340937	0.00712281
1190 	 4450 	 0.855419 	 0.00341013	0.00712439
1190 	 4455 	 0.855421 	 0.00341089	0.00712598
1190 	 4460 	 0.855422 	 0.00341165	0.00712756
1190 	 4465 	 0.855424 	 0.00341241	0.00712914
1190 	 4470 	 0.855425 	 0.00341316	0.00713072
1190 	 4475 	 0.855427 	 0.00341392	0.00713229
1190 	 4480 	 0.855428 	 0.00341467	0.00713387
1190 	 4485 	 0.85543 	 0.00341542	0.00713544
1190 	 4490 	 0.855431 	 0.00341617	0.00713701
1190 	 4495 	 0.855433 	 0.00341692	0.00713857
1190 	 4500 	 0.855434 	 0.00341767	0.00714013
1190 	 4505 	 0.855436 	 0.00341842	0.0071417
1190 	 4510 	 0.855437 	 0.00341916	0.00714325
1190 	 4515 	 0.855439 	 0.00341991	0.00714481
1190 	 4520 	 0.85544 	 0.00342065	0.00714637
1190 	 4525 	 0.855442 	 0.0034214	0.00714792
1190 	 4530 	 0.855443 	 0.00342214	0.00714947
1190 	 4535 	 0.855445 	 0.00342288	0.00715101
1190 	 4540 	 0.855446 	 0.00342362	0.00715256
1190 	 4545 	 0.855447 	 0.00342436	0.0071541
1190 	 4550 	 0.855449 	 0.00342509	0.00715564
1190 	 4555 	 0.85545 	 0.00342583	0.00715718
1190 	 4560 	 0.855452 	 0.00342656	0.00715872
1190 	 4565 	 0.855453 	 0.0034273	0.00716025
1190 	 4570 	 0.855455 	 0.00342803	0.00716178
1190 	 4575 	 0.855456 	 0.00342876	0.00716331
1190 	 4580 	 0.855457 	 0.00342949	0.00716484
1190 	 4585 	 0.855459 	 0.00343022	0.00716636
1190 	 4590 	 0.85546 	 0.00343095	0.00716789
1190 	 4595 	 0.855462 	 0.00343168	0.00716941
1190 	 4600 	 0.855463 	 0.00343241	0.00717092
1190 	 4605 	 0.855465 	 0.00343313	0.00717244
1190 	 4610 	 0.855466 	 0.00343386	0.00717395
1190 	 4615 	 0.855467 	 0.00343458	0.00717546
1190 	 4620 	 0.855469 	 0.0034353	0.00717697
1190 	 4625 	 0.85547 	 0.00343602	0.00717848
1190 	 4630 	 0.855472 	 0.00343674	0.00717998
1190 	 4635 	 0.855473 	 0.00343746	0.00718149
1190 	 4640 	 0.855474 	 0.00343818	0.00718299
1190 	 4645 	 0.855476 	 0.0034389	0.00718448
1190 	 4650 	 0.855477 	 0.00343961	0.00718598
1190 	 4655 	 0.855479 	 0.00344033	0.00718747
1190 	 4660 	 0.85548 	 0.00344104	0.00718897
1190 	 4665 	 0.855481 	 0.00344176	0.00719045
1190 	 4670 	 0.855483 	 0.00344247	0.00719194
1190 	 4675 	 0.855484 	 0.00344318	0.00719343
1190 	 4680 	 0.855485 	 0.00344389	0.00719491
1190 	 4685 	 0.855487 	 0.0034446	0.00719639
1190 	 4690 	 0.855488 	 0.0034453	0.00719787
1190 	 4695 	 0.855489 	 0.00344601	0.00719934
1190 	 4700 	 0.855491 	 0.00344672	0.00720082
1190 	 4705 	 0.855492 	 0.00344742	0.00720229
1190 	 4710 	 0.855494 	 0.00344812	0.00720376
1190 	 4715 	 0.855495 	 0.00344883	0.00720523
1190 	 4720 	 0.855496 	 0.00344953	0.00720669
1190 	 4725 	 0.855498 	 0.00345023	0.00720816
1190 	 4730 	 0.855499 	 0.00345093	0.00720962
1190 	 4735 	 0.8555 	 0.00345163	0.00721108
1190 	 4740 	 0.855502 	 0.00345233	0.00721254
1190 	 4745 	 0.855503 	 0.00345302	0.00721399
1190 	 4750 	 0.855504 	 0.00345372	0.00721544
1190 	 4755 	 0.855506 	 0.00345441	0.0072169
1190 	 4760 	 0.855507 	 0.00345511	0.00721834
1190 	 4765 	 0.855508 	 0.0034558	0.00721979
1190 	 4770 	 0.85551 	 0.00345649	0.00722124
1190 	 4775 	 0.855511 	 0.00345718	0.00722268
1190 	 4780 	 0.855512 	 0.00345787	0.00722412
1190 	 4785 	 0.855514 	 0.00345856	0.00722556
1190 	 4790 	 0.855515 	 0.00345925	0.007227
1190 	 4795 	 0.855516 	 0.00345993	0.00722843
1190 	 4800 	 0.855517 	 0.00346062	0.00722986
1190 	 4805 	 0.855519 	 0.0034613	0.00723129
1190 	 4810 	 0.85552 	 0.00346199	0.00723272
1190 	 4815 	 0.855521 	 0.00346267	0.00723415
1190 	 4820 	 0.855523 	 0.00346335	0.00723557
1190 	 4825 	 0.855524 	 0.00346403	0.00723699
1190 	 4830 	 0.855525 	 0.00346471	0.00723841
1190 	 4835 	 0.855527 	 0.00346539	0.00723983
1190 	 4840 	 0.855528 	 0.00346607	0.00724125
1190 	 4845 	 0.855529 	 0.00346675	0.00724266
1190 	 4850 	 0.85553 	 0.00346742	0.00724408
1190 	 4855 	 0.855532 	 0.0034681	0.00724549
1190 	 4860 	 0.855533 	 0.00346877	0.0072469
1190 	 4865 	 0.855534 	 0.00346944	0.0072483
1190 	 4870 	 0.855536 	 0.00347012	0.00724971
1190 	 4875 	 0.855537 	 0.00347079	0.00725111
1190 	 4880 	 0.855538 	 0.00347146	0.00725251
1190 	 4885 	 0.855539 	 0.00347213	0.00725391
1190 	 4890 	 0.855541 	 0.0034728	0.0072553
1190 	 4895 	 0.855542 	 0.00347346	0.0072567
1190 	 4900 	 0.855543 	 0.00347413	0.00725809
1190 	 4905 	 0.855544 	 0.0034748	0.00725948
1190 	 4910 	 0.855546 	 0.00347546	0.00726087
1190 	 4915 	 0.855547 	 0.00347612	0.00726226
1190 	 4920 	 0.855548 	 0.00347679	0.00726364
1190 	 4925 	 0.855549 	 0.00347745	0.00726503
1190 	 4930 	 0.855551 	 0.00347811	0.00726641
1190 	 4935 	 0.855552 	 0.00347877	0.00726779
1190 	 4940 	 0.855553 	 0.00347943	0.00726916
1190 	 4945 	 0.855554 	 0.00348009	0.00727054
1190 	 4950 	 0.855556 	 0.00348075	0.00727191
1190 	 4955 	 0.855557 	 0.0034814	0.00727328
1190 	 4960 	 0.855558 	 0.00348206	0.00727465
1190 	 4965 	 0.855559 	 0.00348271	0.00727602
1190 	 4970 	 0.85556 	 0.00348337	0.00727739
1190 	 4975 	 0.855562 	 0.00348402	0.00727875
1190 	 4980 	 0.855563 	 0.00348467	0.00728011
1190 	 4985 	 0.855564 	 0.00348532	0.00728147
1190 	 4990 	 0.855565 	 0.00348597	0.00728283
1190 	 4995 	 0.855567 	 0.00348662	0.00728419
1190 	 5000 	 0.855568 	 0.00348727	0.00728554
