1860 	 5 	 0.734594 	 0.00295574 	 0.00615511
1860 	 10 	 0.734594 	 0.00295562 	 0.00615487
1860 	 15 	 0.734595 	 0.00295466 	 0.00615286
1860 	 20 	 0.7346 	 0.0029472 	 0.00613733
1860 	 25 	 0.734647 	 0.00289614 	 0.00603102
1860 	 30 	 0.735108 	 0.0027326 	 0.00569045
1860 	 35 	 0.739306 	 0.00459328 	 0.00956518
1860 	 40 	 0.76469 	 0.00252288 	 0.00525371
1860 	 45 	 0.803052 	 0.0098783 	 0.0205709
1860 	 50 	 0.81399 	 0.00241683 	 0.00503288
1860 	 55 	 0.816085 	 0.00180564 	 0.00376012
1860 	 60 	 0.817079 	 0.00184041 	 0.00383253
1860 	 65 	 0.817937 	 0.00172771 	 0.00359784
1860 	 70 	 0.818763 	 0.00160287 	 0.00333786
1860 	 75 	 0.819567 	 0.00148937 	 0.0031015
1860 	 80 	 0.820351 	 0.00139064 	 0.0028959
1860 	 85 	 0.821116 	 0.00130742 	 0.00272261
1860 	 90 	 0.821862 	 0.00123996 	 0.00258214
1860 	 95 	 0.822589 	 0.0011882 	 0.00247435
1860 	 100 	 0.823298 	 0.00115168 	 0.00239829
1860 	 105 	 0.823989 	 0.0011295 	 0.00235211
1860 	 110 	 0.824663 	 0.00112038 	 0.0023331
1860 	 115 	 0.825321 	 0.00112268 	 0.00233791
1860 	 120 	 0.825962 	 0.00113464 	 0.00236281
1860 	 125 	 0.826587 	 0.00115444 	 0.00240404
1860 	 130 	 0.827197 	 0.00118037 	 0.00245804
1860 	 135 	 0.827791 	 0.00121089 	 0.00252159
1860 	 140 	 0.828371 	 0.00124467 	 0.00259194
1860 	 145 	 0.828936 	 0.00128061 	 0.00266677
1860 	 150 	 0.829487 	 0.00131778 	 0.00274419
1860 	 155 	 0.830025 	 0.00135548 	 0.00282268
1860 	 160 	 0.830549 	 0.00139311 	 0.00290105
1860 	 165 	 0.83106 	 0.00143024 	 0.00297837
1860 	 170 	 0.831559 	 0.00146651 	 0.00305391
1860 	 175 	 0.832045 	 0.00150168 	 0.00312715
1860 	 180 	 0.832519 	 0.00153555 	 0.00319768
1860 	 185 	 0.832981 	 0.00156798 	 0.00326521
1860 	 190 	 0.833432 	 0.00159888 	 0.00332956
1860 	 195 	 0.833871 	 0.00162819 	 0.00339059
1860 	 200 	 0.8343 	 0.00165588 	 0.00344825
1860 	 205 	 0.834718 	 0.00168193 	 0.0035025
1860 	 210 	 0.835125 	 0.00170635 	 0.00355336
1860 	 215 	 0.835523 	 0.00172917 	 0.00360088
1860 	 220 	 0.83591 	 0.00175042 	 0.00364513
1860 	 225 	 0.836288 	 0.00177013 	 0.00368617
1860 	 230 	 0.836657 	 0.00178835 	 0.00372411
1860 	 235 	 0.837016 	 0.00180513 	 0.00375906
1860 	 240 	 0.837367 	 0.00182053 	 0.00379112
1860 	 245 	 0.837708 	 0.0018346 	 0.00382043
1860 	 250 	 0.838041 	 0.0018474 	 0.00384709
1860 	 255 	 0.838366 	 0.001859 	 0.00387124
1860 	 260 	 0.838683 	 0.00186945 	 0.003893
1860 	 265 	 0.838992 	 0.00187881 	 0.0039125
1860 	 270 	 0.839294 	 0.00188715 	 0.00392987
1860 	 275 	 0.839587 	 0.00189453 	 0.00394523
1860 	 280 	 0.839874 	 0.001901 	 0.0039587
1860 	 285 	 0.840153 	 0.00190662 	 0.00397041
1860 	 290 	 0.840426 	 0.00191146 	 0.00398047
1860 	 295 	 0.840691 	 0.00191556 	 0.00398901
1860 	 300 	 0.840951 	 0.00191898 	 0.00399614
1860 	 305 	 0.841203 	 0.00192177 	 0.00400196
1860 	 310 	 0.84145 	 0.00192399 	 0.00400658
1860 	 315 	 0.84169 	 0.00192569 	 0.00401011
1860 	 320 	 0.841924 	 0.00192691 	 0.00401265
1860 	 325 	 0.842153 	 0.0019277 	 0.00401429
1860 	 330 	 0.842375 	 0.0019281 	 0.00401513
1860 	 335 	 0.842593 	 0.00192816 	 0.00401526
1860 	 340 	 0.842804 	 0.00192792 	 0.00401476
1860 	 345 	 0.843011 	 0.00192742 	 0.00401372
1860 	 350 	 0.843212 	 0.0019267 	 0.00401221
1860 	 355 	 0.843409 	 0.00192578 	 0.00401031
1860 	 360 	 0.8436 	 0.00192472 	 0.00400809
1860 	 365 	 0.843787 	 0.00192353 	 0.00400562
1860 	 370 	 0.843969 	 0.00192225 	 0.00400296
1860 	 375 	 0.844147 	 0.00192091 	 0.00400017
1860 	 380 	 0.84432 	 0.00191954 	 0.00399731
1860 	 385 	 0.844489 	 0.00191816 	 0.00399444
1860 	 390 	 0.844654 	 0.0019168 	 0.0039916
1860 	 395 	 0.844814 	 0.00191548 	 0.00398885
1860 	 400 	 0.844971 	 0.00191421 	 0.00398622
1860 	 405 	 0.845124 	 0.00191303 	 0.00398375
1860 	 410 	 0.845273 	 0.00191194 	 0.00398149
1860 	 415 	 0.845418 	 0.00191097 	 0.00397947
1860 	 420 	 0.845559 	 0.00191013 	 0.00397771
1860 	 425 	 0.845697 	 0.00190943 	 0.00397626
1860 	 430 	 0.845832 	 0.00190889 	 0.00397512
1860 	 435 	 0.845963 	 0.00190851 	 0.00397434
1860 	 440 	 0.846091 	 0.00190831 	 0.00397392
1860 	 445 	 0.846216 	 0.0019083 	 0.00397389
1860 	 450 	 0.846338 	 0.00190847 	 0.00397426
1860 	 455 	 0.846457 	 0.00190885 	 0.00397505
1860 	 460 	 0.846573 	 0.00190943 	 0.00397625
1860 	 465 	 0.846686 	 0.00191022 	 0.0039779
1860 	 470 	 0.846796 	 0.00191122 	 0.00397998
1860 	 475 	 0.846903 	 0.00191244 	 0.00398252
1860 	 480 	 0.847008 	 0.00191387 	 0.0039855
1860 	 485 	 0.84711 	 0.00191552 	 0.00398893
1860 	 490 	 0.847209 	 0.00191738 	 0.00399281
1860 	 495 	 0.847306 	 0.00191946 	 0.00399714
1860 	 500 	 0.847401 	 0.00192175 	 0.00400192
1860 	 505 	 0.847493 	 0.00192426 	 0.00400714
1860 	 510 	 0.847583 	 0.00192698 	 0.00401279
1860 	 515 	 0.847671 	 0.0019299 	 0.00401887
1860 	 520 	 0.847757 	 0.00193302 	 0.00402538
1860 	 525 	 0.84784 	 0.00193634 	 0.0040323
1860 	 530 	 0.847922 	 0.00193986 	 0.00403962
1860 	 535 	 0.848001 	 0.00194356 	 0.00404733
1860 	 540 	 0.848079 	 0.00194745 	 0.00405542
1860 	 545 	 0.848154 	 0.00195151 	 0.00406389
1860 	 550 	 0.848228 	 0.00195575 	 0.00407271
1860 	 555 	 0.848299 	 0.00196015 	 0.00408188
1860 	 560 	 0.848369 	 0.00196472 	 0.00409139
1860 	 565 	 0.848438 	 0.00196944 	 0.00410121
1860 	 570 	 0.848504 	 0.0019743 	 0.00411134
1860 	 575 	 0.848569 	 0.00197931 	 0.00412177
1860 	 580 	 0.848632 	 0.00198445 	 0.00413247
1860 	 585 	 0.848694 	 0.00198971 	 0.00414344
1860 	 590 	 0.848754 	 0.0019951 	 0.00415466
1860 	 595 	 0.848813 	 0.00200061 	 0.00416612
1860 	 600 	 0.84887 	 0.00200622 	 0.00417781
1860 	 605 	 0.848926 	 0.00201193 	 0.00418971
1860 	 610 	 0.84898 	 0.00201774 	 0.0042018
1860 	 615 	 0.849034 	 0.00202363 	 0.00421408
1860 	 620 	 0.849085 	 0.00202961 	 0.00422652
1860 	 625 	 0.849136 	 0.00203567 	 0.00423913
1860 	 630 	 0.849185 	 0.00204179 	 0.00425188
1860 	 635 	 0.849233 	 0.00204798 	 0.00426477
1860 	 640 	 0.84928 	 0.00205422 	 0.00427777
1860 	 645 	 0.849325 	 0.00206052 	 0.00429089
1860 	 650 	 0.84937 	 0.00206686 	 0.0043041
1860 	 655 	 0.849413 	 0.00207325 	 0.00431739
1860 	 660 	 0.849456 	 0.00207967 	 0.00433076
1860 	 665 	 0.849497 	 0.00208612 	 0.00434419
1860 	 670 	 0.849537 	 0.00209259 	 0.00435768
1860 	 675 	 0.849576 	 0.00209909 	 0.00437121
1860 	 680 	 0.849615 	 0.0021056 	 0.00438477
1860 	 685 	 0.849652 	 0.00211213 	 0.00439836
1860 	 690 	 0.849688 	 0.00211866 	 0.00441196
1860 	 695 	 0.849724 	 0.00212519 	 0.00442557
1860 	 700 	 0.849758 	 0.00213173 	 0.00443917
1860 	 705 	 0.849792 	 0.00213825 	 0.00445276
1860 	 710 	 0.849825 	 0.00214477 	 0.00446634
1860 	 715 	 0.849857 	 0.00215128 	 0.00447989
1860 	 720 	 0.849888 	 0.00215777 	 0.00449341
1860 	 725 	 0.849919 	 0.00216424 	 0.00450688
1860 	 730 	 0.849949 	 0.00217069 	 0.00452032
1860 	 735 	 0.849978 	 0.00217712 	 0.00453369
1860 	 740 	 0.850006 	 0.00218351 	 0.00454701
1860 	 745 	 0.850033 	 0.00218988 	 0.00456027
1860 	 750 	 0.85006 	 0.00219621 	 0.00457346
1860 	 755 	 0.850087 	 0.00220251 	 0.00458657
1860 	 760 	 0.850112 	 0.00220877 	 0.0045996
1860 	 765 	 0.850137 	 0.00221499 	 0.00461255
1860 	 770 	 0.850161 	 0.00222116 	 0.00462542
1860 	 775 	 0.850185 	 0.0022273 	 0.00463819
1860 	 780 	 0.850208 	 0.00223338 	 0.00465086
1860 	 785 	 0.850231 	 0.00223942 	 0.00466344
1860 	 790 	 0.850253 	 0.00224541 	 0.00467591
1860 	 795 	 0.850274 	 0.00225135 	 0.00468828
1860 	 800 	 0.850295 	 0.00225724 	 0.00470054
1860 	 805 	 0.850315 	 0.00226307 	 0.00471269
1860 	 810 	 0.850335 	 0.00226885 	 0.00472472
1860 	 815 	 0.850355 	 0.00227458 	 0.00473664
1860 	 820 	 0.850374 	 0.00228024 	 0.00474845
1860 	 825 	 0.850392 	 0.00228585 	 0.00476013
1860 	 830 	 0.85041 	 0.0022914 	 0.00477169
1860 	 835 	 0.850428 	 0.0022969 	 0.00478312
1860 	 840 	 0.850445 	 0.00230233 	 0.00479444
1860 	 845 	 0.850461 	 0.0023077 	 0.00480563
1860 	 850 	 0.850478 	 0.00231301 	 0.00481669
1860 	 855 	 0.850494 	 0.00231826 	 0.00482762
1860 	 860 	 0.850509 	 0.00232345 	 0.00483842
1860 	 865 	 0.850524 	 0.00232858 	 0.0048491
1860 	 870 	 0.850539 	 0.00233364 	 0.00485964
1860 	 875 	 0.850553 	 0.00233864 	 0.00487006
1860 	 880 	 0.850567 	 0.00234358 	 0.00488034
1860 	 885 	 0.850581 	 0.00234845 	 0.00489049
1860 	 890 	 0.850594 	 0.00235327 	 0.00490051
1860 	 895 	 0.850607 	 0.00235802 	 0.0049104
1860 	 900 	 0.85062 	 0.0023627 	 0.00492016
1860 	 905 	 0.850632 	 0.00236732 	 0.00492979
1860 	 910 	 0.850644 	 0.00237188 	 0.00493928
1860 	 915 	 0.850656 	 0.00237638 	 0.00494865
1860 	 920 	 0.850667 	 0.00238082 	 0.00495788
1860 	 925 	 0.850678 	 0.00238519 	 0.00496699
1860 	 930 	 0.850689 	 0.0023895 	 0.00497597
1860 	 935 	 0.8507 	 0.00239375 	 0.00498481
1860 	 940 	 0.85071 	 0.00239794 	 0.00499353
1860 	 945 	 0.85072 	 0.00240206 	 0.00500212
1860 	 950 	 0.85073 	 0.00240613 	 0.00501059
1860 	 955 	 0.85074 	 0.00241013 	 0.00501893
1860 	 960 	 0.850749 	 0.00241407 	 0.00502714
1860 	 965 	 0.850758 	 0.00241796 	 0.00503523
1860 	 970 	 0.850767 	 0.00242178 	 0.00504319
1860 	 975 	 0.850776 	 0.00242555 	 0.00505104
1860 	 980 	 0.850784 	 0.00242926 	 0.00505876
1860 	 985 	 0.850792 	 0.00243291 	 0.00506636
1860 	 990 	 0.8508 	 0.0024365 	 0.00507384
1860 	 995 	 0.850808 	 0.00244003 	 0.0050812
1860 	 1000 	 0.850816 	 0.00244351 	 0.00508845
1860 	 1005 	 0.850823 	 0.00244694 	 0.00509557
1860 	 1010 	 0.85083 	 0.0024503 	 0.00510259
1860 	 1015 	 0.850838 	 0.00245362 	 0.00510949
1860 	 1020 	 0.850844 	 0.00245688 	 0.00511627
1860 	 1025 	 0.850851 	 0.00246008 	 0.00512295
1860 	 1030 	 0.850858 	 0.00246324 	 0.00512951
1860 	 1035 	 0.850864 	 0.00246634 	 0.00513597
1860 	 1040 	 0.85087 	 0.00246938 	 0.00514232
1860 	 1045 	 0.850877 	 0.00247238 	 0.00514856
1860 	 1050 	 0.850882 	 0.00247533 	 0.0051547
1860 	 1055 	 0.850888 	 0.00247822 	 0.00516073
1860 	 1060 	 0.850894 	 0.00248107 	 0.00516666
1860 	 1065 	 0.850899 	 0.00248387 	 0.00517248
1860 	 1070 	 0.850905 	 0.00248662 	 0.00517821
1860 	 1075 	 0.85091 	 0.00248932 	 0.00518384
1860 	 1080 	 0.850915 	 0.00249198 	 0.00518937
1860 	 1085 	 0.85092 	 0.00249459 	 0.0051948
1860 	 1090 	 0.850925 	 0.00249715 	 0.00520014
1860 	 1095 	 0.85093 	 0.00249967 	 0.00520538
1860 	 1100 	 0.850934 	 0.00250214 	 0.00521053
1860 	 1105 	 0.850939 	 0.00250457 	 0.0052156
1860 	 1110 	 0.850943 	 0.00250696 	 0.00522057
1860 	 1115 	 0.850948 	 0.0025093 	 0.00522545
1860 	 1120 	 0.850952 	 0.0025116 	 0.00523024
1860 	 1125 	 0.850956 	 0.00251387 	 0.00523495
1860 	 1130 	 0.85096 	 0.00251609 	 0.00523957
1860 	 1135 	 0.850964 	 0.00251827 	 0.00524411
1860 	 1140 	 0.850967 	 0.00252041 	 0.00524857
1860 	 1145 	 0.850971 	 0.00252251 	 0.00525294
1860 	 1150 	 0.850975 	 0.00252457 	 0.00525724
1860 	 1155 	 0.850978 	 0.00252659 	 0.00526145
1860 	 1160 	 0.850982 	 0.00252858 	 0.00526559
1860 	 1165 	 0.850985 	 0.00253053 	 0.00526965
1860 	 1170 	 0.850988 	 0.00253245 	 0.00527364
1860 	 1175 	 0.850991 	 0.00253432 	 0.00527755
1860 	 1180 	 0.850994 	 0.00253617 	 0.00528139
1860 	 1185 	 0.850997 	 0.00253798 	 0.00528516
1860 	 1190 	 0.851 	 0.00253975 	 0.00528886
1860 	 1195 	 0.851003 	 0.0025415 	 0.00529249
1860 	 1200 	 0.851006 	 0.0025432 	 0.00529604
1860 	 1205 	 0.851009 	 0.00254488 	 0.00529954
1860 	 1210 	 0.851011 	 0.00254653 	 0.00530296
1860 	 1215 	 0.851014 	 0.00254814 	 0.00530632
1860 	 1220 	 0.851017 	 0.00254972 	 0.00530962
1860 	 1225 	 0.851019 	 0.00255128 	 0.00531285
1860 	 1230 	 0.851021 	 0.0025528 	 0.00531603
1860 	 1235 	 0.851024 	 0.00255429 	 0.00531914
1860 	 1240 	 0.851026 	 0.00255576 	 0.00532219
1860 	 1245 	 0.851028 	 0.0025572 	 0.00532518
1860 	 1250 	 0.85103 	 0.00255861 	 0.00532812
1860 	 1255 	 0.851033 	 0.00255999 	 0.005331
1860 	 1260 	 0.851035 	 0.00256134 	 0.00533382
1860 	 1265 	 0.851037 	 0.00256267 	 0.00533659
1860 	 1270 	 0.851039 	 0.00256398 	 0.0053393
1860 	 1275 	 0.85104 	 0.00256525 	 0.00534196
1860 	 1280 	 0.851042 	 0.00256651 	 0.00534457
1860 	 1285 	 0.851044 	 0.00256774 	 0.00534713
1860 	 1290 	 0.851046 	 0.00256894 	 0.00534964
1860 	 1295 	 0.851048 	 0.00257012 	 0.00535209
1860 	 1300 	 0.851049 	 0.00257128 	 0.0053545
1860 	 1305 	 0.851051 	 0.00257241 	 0.00535687
1860 	 1310 	 0.851053 	 0.00257352 	 0.00535918
1860 	 1315 	 0.851054 	 0.00257461 	 0.00536145
1860 	 1320 	 0.851056 	 0.00257568 	 0.00536368
1860 	 1325 	 0.851057 	 0.00257673 	 0.00536586
1860 	 1330 	 0.851059 	 0.00257776 	 0.005368
1860 	 1335 	 0.85106 	 0.00257876 	 0.00537009
1860 	 1340 	 0.851061 	 0.00257975 	 0.00537214
1860 	 1345 	 0.851063 	 0.00258071 	 0.00537415
1860 	 1350 	 0.851064 	 0.00258166 	 0.00537613
1860 	 1355 	 0.851065 	 0.00258259 	 0.00537806
1860 	 1360 	 0.851067 	 0.0025835 	 0.00537995
1860 	 1365 	 0.851068 	 0.00258439 	 0.00538181
1860 	 1370 	 0.851069 	 0.00258526 	 0.00538362
1860 	 1375 	 0.85107 	 0.00258612 	 0.0053854
1860 	 1380 	 0.851071 	 0.00258695 	 0.00538715
1860 	 1385 	 0.851072 	 0.00258777 	 0.00538886
1860 	 1390 	 0.851073 	 0.00258858 	 0.00539053
1860 	 1395 	 0.851075 	 0.00258937 	 0.00539218
1860 	 1400 	 0.851076 	 0.00259014 	 0.00539378
1860 	 1405 	 0.851077 	 0.0025909 	 0.00539536
1860 	 1410 	 0.851078 	 0.00259164 	 0.0053969
1860 	 1415 	 0.851078 	 0.00259236 	 0.00539841
1860 	 1420 	 0.851079 	 0.00259307 	 0.00539989
1860 	 1425 	 0.85108 	 0.00259377 	 0.00540134
1860 	 1430 	 0.851081 	 0.00259445 	 0.00540276
1860 	 1435 	 0.851082 	 0.00259512 	 0.00540415
1860 	 1440 	 0.851083 	 0.00259577 	 0.00540552
1860 	 1445 	 0.851084 	 0.00259641 	 0.00540685
1860 	 1450 	 0.851084 	 0.00259704 	 0.00540816
1860 	 1455 	 0.851085 	 0.00259766 	 0.00540944
1860 	 1460 	 0.851086 	 0.00259826 	 0.00541069
1860 	 1465 	 0.851087 	 0.00259885 	 0.00541192
1860 	 1470 	 0.851087 	 0.00259943 	 0.00541312
1860 	 1475 	 0.851088 	 0.00259999 	 0.0054143
1860 	 1480 	 0.851089 	 0.00260054 	 0.00541545
1860 	 1485 	 0.851089 	 0.00260109 	 0.00541658
1860 	 1490 	 0.85109 	 0.00260162 	 0.00541769
1860 	 1495 	 0.851091 	 0.00260214 	 0.00541877
1860 	 1500 	 0.851091 	 0.00260265 	 0.00541983
1860 	 1505 	 0.851092 	 0.00260315 	 0.00542087
1860 	 1510 	 0.851093 	 0.00260363 	 0.00542188
1860 	 1515 	 0.851093 	 0.00260411 	 0.00542288
1860 	 1520 	 0.851094 	 0.00260458 	 0.00542385
1860 	 1525 	 0.851094 	 0.00260504 	 0.00542481
1860 	 1530 	 0.851095 	 0.00260549 	 0.00542574
1860 	 1535 	 0.851095 	 0.00260592 	 0.00542666
1860 	 1540 	 0.851096 	 0.00260635 	 0.00542755
1860 	 1545 	 0.851096 	 0.00260678 	 0.00542843
1860 	 1550 	 0.851097 	 0.00260719 	 0.00542928
1860 	 1555 	 0.851097 	 0.00260759 	 0.00543012
1860 	 1560 	 0.851098 	 0.00260799 	 0.00543095
1860 	 1565 	 0.851098 	 0.00260837 	 0.00543175
1860 	 1570 	 0.851099 	 0.00260875 	 0.00543254
1860 	 1575 	 0.851099 	 0.00260912 	 0.00543331
1860 	 1580 	 0.851099 	 0.00260948 	 0.00543407
1860 	 1585 	 0.8511 	 0.00260984 	 0.0054348
1860 	 1590 	 0.8511 	 0.00261019 	 0.00543553
1860 	 1595 	 0.851101 	 0.00261052 	 0.00543623
1860 	 1600 	 0.851101 	 0.00261086 	 0.00543693
1860 	 1605 	 0.851101 	 0.00261118 	 0.00543761
1860 	 1610 	 0.851102 	 0.0026115 	 0.00543827
1860 	 1615 	 0.851102 	 0.00261181 	 0.00543892
1860 	 1620 	 0.851102 	 0.00261212 	 0.00543955
1860 	 1625 	 0.851103 	 0.00261242 	 0.00544018
1860 	 1630 	 0.851103 	 0.00261271 	 0.00544079
1860 	 1635 	 0.851103 	 0.002613 	 0.00544138
1860 	 1640 	 0.851104 	 0.00261328 	 0.00544196
1860 	 1645 	 0.851104 	 0.00261355 	 0.00544254
1860 	 1650 	 0.851104 	 0.00261382 	 0.00544309
1860 	 1655 	 0.851105 	 0.00261408 	 0.00544364
1860 	 1660 	 0.851105 	 0.00261434 	 0.00544418
1860 	 1665 	 0.851105 	 0.00261459 	 0.0054447
1860 	 1670 	 0.851105 	 0.00261484 	 0.00544521
1860 	 1675 	 0.851106 	 0.00261508 	 0.00544571
1860 	 1680 	 0.851106 	 0.00261531 	 0.0054462
1860 	 1685 	 0.851106 	 0.00261554 	 0.00544668
1860 	 1690 	 0.851106 	 0.00261577 	 0.00544715
1860 	 1695 	 0.851107 	 0.00261599 	 0.00544761
1860 	 1700 	 0.851107 	 0.0026162 	 0.00544806
1860 	 1705 	 0.851107 	 0.00261641 	 0.0054485
1860 	 1710 	 0.851107 	 0.00261662 	 0.00544893
1860 	 1715 	 0.851107 	 0.00261682 	 0.00544935
1860 	 1720 	 0.851108 	 0.00261702 	 0.00544976
1860 	 1725 	 0.851108 	 0.00261721 	 0.00545017
1860 	 1730 	 0.851108 	 0.0026174 	 0.00545056
1860 	 1735 	 0.851108 	 0.00261759 	 0.00545095
1860 	 1740 	 0.851108 	 0.00261777 	 0.00545132
1860 	 1745 	 0.851109 	 0.00261795 	 0.00545169
1860 	 1750 	 0.851109 	 0.00261812 	 0.00545205
1860 	 1755 	 0.851109 	 0.00261829 	 0.00545241
1860 	 1760 	 0.851109 	 0.00261846 	 0.00545275
1860 	 1765 	 0.851109 	 0.00261862 	 0.00545309
1860 	 1770 	 0.851109 	 0.00261878 	 0.00545342
1860 	 1775 	 0.85111 	 0.00261893 	 0.00545374
1860 	 1780 	 0.85111 	 0.00261909 	 0.00545406
1860 	 1785 	 0.85111 	 0.00261923 	 0.00545437
1860 	 1790 	 0.85111 	 0.00261938 	 0.00545467
1860 	 1795 	 0.85111 	 0.00261952 	 0.00545497
1860 	 1800 	 0.85111 	 0.00261966 	 0.00545526
1860 	 1805 	 0.85111 	 0.0026198 	 0.00545554
1860 	 1810 	 0.851111 	 0.00261993 	 0.00545582
1860 	 1815 	 0.851111 	 0.00262006 	 0.00545609
1860 	 1820 	 0.851111 	 0.00262019 	 0.00545636
1860 	 1825 	 0.851111 	 0.00262031 	 0.00545662
1860 	 1830 	 0.851111 	 0.00262043 	 0.00545687
1860 	 1835 	 0.851111 	 0.00262055 	 0.00545712
1860 	 1840 	 0.851111 	 0.00262067 	 0.00545736
1860 	 1845 	 0.851111 	 0.00262078 	 0.0054576
1860 	 1850 	 0.851111 	 0.0026209 	 0.00545783
1860 	 1855 	 0.851112 	 0.002621 	 0.00545806
1860 	 1860 	 0.851112 	 0.00262111 	 0.00545828
1860 	 1865 	 0.851112 	 0.00262122 	 0.0054585
1860 	 1870 	 0.851112 	 0.00262132 	 0.00545871
1860 	 1875 	 0.851112 	 0.00262142 	 0.00545892
1860 	 1880 	 0.851112 	 0.00262151 	 0.00545912
1860 	 1885 	 0.851112 	 0.00262161 	 0.00545932
1860 	 1890 	 0.851112 	 0.0026217 	 0.00545951
1860 	 1895 	 0.851112 	 0.00262179 	 0.0054597
1860 	 1900 	 0.851112 	 0.00262188 	 0.00545989
1860 	 1905 	 0.851112 	 0.00262197 	 0.00546007
1860 	 1910 	 0.851113 	 0.00262206 	 0.00546025
1860 	 1915 	 0.851113 	 0.00262214 	 0.00546042
1860 	 1920 	 0.851113 	 0.00262222 	 0.00546059
1860 	 1925 	 0.851113 	 0.0026223 	 0.00546076
1860 	 1930 	 0.851113 	 0.00262238 	 0.00546092
1860 	 1935 	 0.851113 	 0.00262246 	 0.00546108
1860 	 1940 	 0.851113 	 0.00262253 	 0.00546123
1860 	 1945 	 0.851113 	 0.0026226 	 0.00546139
1860 	 1950 	 0.851113 	 0.00262267 	 0.00546154
1860 	 1955 	 0.851113 	 0.00262274 	 0.00546168
1860 	 1960 	 0.851113 	 0.00262281 	 0.00546182
1860 	 1965 	 0.851113 	 0.00262288 	 0.00546196
1860 	 1970 	 0.851113 	 0.00262294 	 0.0054621
1860 	 1975 	 0.851113 	 0.00262301 	 0.00546223
1860 	 1980 	 0.851113 	 0.00262307 	 0.00546236
1860 	 1985 	 0.851113 	 0.00262313 	 0.00546249
1860 	 1990 	 0.851114 	 0.00262319 	 0.00546261
1860 	 1995 	 0.851114 	 0.00262325 	 0.00546273
1860 	 2000 	 0.851114 	 0.00262331 	 0.00546285
1860 	 2005 	 0.851114 	 0.00262336 	 0.00546297
1860 	 2010 	 0.851114 	 0.00262342 	 0.00546308
1860 	 2015 	 0.851114 	 0.00262347 	 0.00546319
1860 	 2020 	 0.851114 	 0.00262352 	 0.0054633
1860 	 2025 	 0.851114 	 0.00262357 	 0.0054634
1860 	 2030 	 0.851114 	 0.00262362 	 0.00546351
1860 	 2035 	 0.851114 	 0.00262367 	 0.00546361
1860 	 2040 	 0.851114 	 0.00262372 	 0.00546371
1860 	 2045 	 0.851114 	 0.00262376 	 0.0054638
1860 	 2050 	 0.851114 	 0.00262381 	 0.0054639
1860 	 2055 	 0.851114 	 0.00262385 	 0.00546399
1860 	 2060 	 0.851114 	 0.0026239 	 0.00546408
1860 	 2065 	 0.851114 	 0.00262394 	 0.00546417
1860 	 2070 	 0.851114 	 0.00262398 	 0.00546426
1860 	 2075 	 0.851114 	 0.00262402 	 0.00546434
1860 	 2080 	 0.851114 	 0.00262406 	 0.00546442
1860 	 2085 	 0.851114 	 0.0026241 	 0.0054645
1860 	 2090 	 0.851114 	 0.00262414 	 0.00546458
1860 	 2095 	 0.851114 	 0.00262418 	 0.00546466
1860 	 2100 	 0.851114 	 0.00262421 	 0.00546474
1860 	 2105 	 0.851114 	 0.00262425 	 0.00546481
1860 	 2110 	 0.851114 	 0.00262428 	 0.00546488
1860 	 2115 	 0.851114 	 0.00262432 	 0.00546495
1860 	 2120 	 0.851115 	 0.00262435 	 0.00546502
1860 	 2125 	 0.851115 	 0.00262438 	 0.00546509
1860 	 2130 	 0.851115 	 0.00262441 	 0.00546515
1860 	 2135 	 0.851115 	 0.00262444 	 0.00546522
1860 	 2140 	 0.851115 	 0.00262447 	 0.00546528
1860 	 2145 	 0.851115 	 0.0026245 	 0.00546534
1860 	 2150 	 0.851115 	 0.00262453 	 0.0054654
1860 	 2155 	 0.851115 	 0.00262456 	 0.00546546
1860 	 2160 	 0.851115 	 0.00262459 	 0.00546552
1860 	 2165 	 0.851115 	 0.00262461 	 0.00546557
1860 	 2170 	 0.851115 	 0.00262464 	 0.00546563
1860 	 2175 	 0.851115 	 0.00262467 	 0.00546568
1860 	 2180 	 0.851115 	 0.00262469 	 0.00546573
1860 	 2185 	 0.851115 	 0.00262472 	 0.00546579
1860 	 2190 	 0.851115 	 0.00262474 	 0.00546584
1860 	 2195 	 0.851115 	 0.00262476 	 0.00546588
1860 	 2200 	 0.851115 	 0.00262479 	 0.00546593
1860 	 2205 	 0.851115 	 0.00262481 	 0.00546598
1860 	 2210 	 0.851115 	 0.00262483 	 0.00546602
1860 	 2215 	 0.851115 	 0.00262485 	 0.00546607
1860 	 2220 	 0.851115 	 0.00262487 	 0.00546611
1860 	 2225 	 0.851115 	 0.00262489 	 0.00546615
1860 	 2230 	 0.851115 	 0.00262491 	 0.0054662
1860 	 2235 	 0.851115 	 0.00262493 	 0.00546624
1860 	 2240 	 0.851115 	 0.00262495 	 0.00546628
1860 	 2245 	 0.851115 	 0.00262497 	 0.00546631
1860 	 2250 	 0.851115 	 0.00262499 	 0.00546635
1860 	 2255 	 0.851115 	 0.00262501 	 0.00546639
1860 	 2260 	 0.851115 	 0.00262502 	 0.00546643
1860 	 2265 	 0.851115 	 0.00262504 	 0.00546646
1860 	 2270 	 0.851115 	 0.00262506 	 0.0054665
1860 	 2275 	 0.851115 	 0.00262507 	 0.00546653
1860 	 2280 	 0.851115 	 0.00262509 	 0.00546656
1860 	 2285 	 0.851115 	 0.0026251 	 0.00546659
1860 	 2290 	 0.851115 	 0.00262512 	 0.00546663
1860 	 2295 	 0.851115 	 0.00262513 	 0.00546666
1860 	 2300 	 0.851115 	 0.00262515 	 0.00546669
1860 	 2305 	 0.851115 	 0.00262516 	 0.00546672
1860 	 2310 	 0.851115 	 0.00262518 	 0.00546674
1860 	 2315 	 0.851115 	 0.00262519 	 0.00546677
1860 	 2320 	 0.851115 	 0.0026252 	 0.0054668
1860 	 2325 	 0.851115 	 0.00262522 	 0.00546683
1860 	 2330 	 0.851115 	 0.00262523 	 0.00546685
1860 	 2335 	 0.851115 	 0.00262524 	 0.00546688
1860 	 2340 	 0.851115 	 0.00262525 	 0.0054669
1860 	 2345 	 0.851115 	 0.00262526 	 0.00546693
1860 	 2350 	 0.851115 	 0.00262528 	 0.00546695
1860 	 2355 	 0.851115 	 0.00262529 	 0.00546698
1860 	 2360 	 0.851115 	 0.0026253 	 0.005467
1860 	 2365 	 0.851115 	 0.00262531 	 0.00546702
1860 	 2370 	 0.851115 	 0.00262532 	 0.00546704
1860 	 2375 	 0.851115 	 0.00262533 	 0.00546706
1860 	 2380 	 0.851115 	 0.00262534 	 0.00546708
1860 	 2385 	 0.851115 	 0.00262535 	 0.0054671
1860 	 2390 	 0.851115 	 0.00262536 	 0.00546712
1860 	 2395 	 0.851115 	 0.00262537 	 0.00546714
1860 	 2400 	 0.851115 	 0.00262538 	 0.00546716
1860 	 2405 	 0.851115 	 0.00262539 	 0.00546718
1860 	 2410 	 0.851115 	 0.00262539 	 0.0054672
1860 	 2415 	 0.851115 	 0.0026254 	 0.00546722
1860 	 2420 	 0.851115 	 0.00262541 	 0.00546723
1860 	 2425 	 0.851115 	 0.00262542 	 0.00546725
1860 	 2430 	 0.851115 	 0.00262543 	 0.00546727
1860 	 2435 	 0.851115 	 0.00262543 	 0.00546728
1860 	 2440 	 0.851115 	 0.00262544 	 0.0054673
1860 	 2445 	 0.851115 	 0.00262545 	 0.00546731
1860 	 2450 	 0.851115 	 0.00262546 	 0.00546733
1860 	 2455 	 0.851115 	 0.00262546 	 0.00546734
1860 	 2460 	 0.851115 	 0.00262547 	 0.00546736
1860 	 2465 	 0.851115 	 0.00262548 	 0.00546737
1860 	 2470 	 0.851115 	 0.00262548 	 0.00546738
1860 	 2475 	 0.851115 	 0.00262549 	 0.0054674
1860 	 2480 	 0.851115 	 0.0026255 	 0.00546741
1860 	 2485 	 0.851115 	 0.0026255 	 0.00546742
1860 	 2490 	 0.851115 	 0.00262551 	 0.00546744
1860 	 2495 	 0.851115 	 0.00262551 	 0.00546745
1860 	 2500 	 0.851115 	 0.00262552 	 0.00546746
1860 	 2505 	 0.851115 	 0.00262552 	 0.00546747
1860 	 2510 	 0.851115 	 0.00262553 	 0.00546748
1860 	 2515 	 0.851115 	 0.00262554 	 0.00546749
1860 	 2520 	 0.851115 	 0.00262554 	 0.0054675
1860 	 2525 	 0.851115 	 0.00262555 	 0.00546751
1860 	 2530 	 0.851115 	 0.00262555 	 0.00546752
1860 	 2535 	 0.851115 	 0.00262556 	 0.00546753
1860 	 2540 	 0.851115 	 0.00262556 	 0.00546754
1860 	 2545 	 0.851115 	 0.00262556 	 0.00546755
1860 	 2550 	 0.851115 	 0.00262557 	 0.00546756
1860 	 2555 	 0.851115 	 0.00262557 	 0.00546757
1860 	 2560 	 0.851115 	 0.00262558 	 0.00546758
1860 	 2565 	 0.851115 	 0.00262558 	 0.00546759
1860 	 2570 	 0.851115 	 0.00262559 	 0.0054676
1860 	 2575 	 0.851115 	 0.00262559 	 0.00546761
1860 	 2580 	 0.851115 	 0.00262559 	 0.00546761
1860 	 2585 	 0.851115 	 0.0026256 	 0.00546762
1860 	 2590 	 0.851115 	 0.0026256 	 0.00546763
1860 	 2595 	 0.851115 	 0.0026256 	 0.00546764
1860 	 2600 	 0.851115 	 0.00262561 	 0.00546765
1860 	 2605 	 0.851116 	 0.00262561 	 0.00546765
1860 	 2610 	 0.851116 	 0.00262562 	 0.00546766
1860 	 2615 	 0.851116 	 0.00262562 	 0.00546767
1860 	 2620 	 0.851116 	 0.00262562 	 0.00546767
1860 	 2625 	 0.851116 	 0.00262562 	 0.00546768
1860 	 2630 	 0.851116 	 0.00262563 	 0.00546769
1860 	 2635 	 0.851116 	 0.00262563 	 0.00546769
1860 	 2640 	 0.851116 	 0.00262563 	 0.0054677
1860 	 2645 	 0.851116 	 0.00262564 	 0.0054677
1860 	 2650 	 0.851116 	 0.00262564 	 0.00546771
1860 	 2655 	 0.851116 	 0.00262564 	 0.00546772
1860 	 2660 	 0.851116 	 0.00262564 	 0.00546772
1860 	 2665 	 0.851116 	 0.00262565 	 0.00546773
1860 	 2670 	 0.851116 	 0.00262565 	 0.00546773
1860 	 2675 	 0.851116 	 0.00262565 	 0.00546774
1860 	 2680 	 0.851116 	 0.00262565 	 0.00546774
1860 	 2685 	 0.851116 	 0.00262566 	 0.00546775
1860 	 2690 	 0.851116 	 0.00262566 	 0.00546775
1860 	 2695 	 0.851116 	 0.00262566 	 0.00546776
1860 	 2700 	 0.851116 	 0.00262566 	 0.00546776
1860 	 2705 	 0.851116 	 0.00262567 	 0.00546777
1860 	 2710 	 0.851116 	 0.00262567 	 0.00546777
1860 	 2715 	 0.851116 	 0.00262567 	 0.00546777
1860 	 2720 	 0.851116 	 0.00262567 	 0.00546778
1860 	 2725 	 0.851116 	 0.00262567 	 0.00546778
1860 	 2730 	 0.851116 	 0.00262568 	 0.00546779
1860 	 2735 	 0.851116 	 0.00262568 	 0.00546779
1860 	 2740 	 0.851116 	 0.00262568 	 0.00546779
1860 	 2745 	 0.851116 	 0.00262568 	 0.0054678
1860 	 2750 	 0.851116 	 0.00262568 	 0.0054678
1860 	 2755 	 0.851116 	 0.00262568 	 0.0054678
1860 	 2760 	 0.851116 	 0.00262569 	 0.00546781
1860 	 2765 	 0.851116 	 0.00262569 	 0.00546781
1860 	 2770 	 0.851116 	 0.00262569 	 0.00546781
1860 	 2775 	 0.851116 	 0.00262569 	 0.00546782
1860 	 2780 	 0.851116 	 0.00262569 	 0.00546782
1860 	 2785 	 0.851116 	 0.00262569 	 0.00546782
1860 	 2790 	 0.851116 	 0.0026257 	 0.00546783
1860 	 2795 	 0.851116 	 0.0026257 	 0.00546783
1860 	 2800 	 0.851116 	 0.0026257 	 0.00546783
1860 	 2805 	 0.851116 	 0.0026257 	 0.00546784
1860 	 2810 	 0.851116 	 0.0026257 	 0.00546784
1860 	 2815 	 0.851116 	 0.0026257 	 0.00546784
1860 	 2820 	 0.851116 	 0.0026257 	 0.00546784
1860 	 2825 	 0.851116 	 0.0026257 	 0.00546785
1860 	 2830 	 0.851116 	 0.00262571 	 0.00546785
1860 	 2835 	 0.851116 	 0.00262571 	 0.00546785
1860 	 2840 	 0.851116 	 0.00262571 	 0.00546785
1860 	 2845 	 0.851116 	 0.00262571 	 0.00546785
1860 	 2850 	 0.851116 	 0.00262571 	 0.00546786
1860 	 2855 	 0.851116 	 0.00262571 	 0.00546786
1860 	 2860 	 0.851116 	 0.00262571 	 0.00546786
1860 	 2865 	 0.851116 	 0.00262571 	 0.00546786
1860 	 2870 	 0.851116 	 0.00262571 	 0.00546787
1860 	 2875 	 0.851116 	 0.00262572 	 0.00546787
1860 	 2880 	 0.851116 	 0.00262572 	 0.00546787
1860 	 2885 	 0.851116 	 0.00262572 	 0.00546787
1860 	 2890 	 0.851116 	 0.00262572 	 0.00546787
1860 	 2895 	 0.851116 	 0.00262572 	 0.00546787
1860 	 2900 	 0.851116 	 0.00262572 	 0.00546788
1860 	 2905 	 0.851116 	 0.00262572 	 0.00546788
1860 	 2910 	 0.851116 	 0.00262572 	 0.00546788
1860 	 2915 	 0.851116 	 0.00262572 	 0.00546788
1860 	 2920 	 0.851116 	 0.00262572 	 0.00546788
1860 	 2925 	 0.851116 	 0.00262572 	 0.00546788
1860 	 2930 	 0.851116 	 0.00262572 	 0.00546789
1860 	 2935 	 0.851116 	 0.00262572 	 0.00546789
1860 	 2940 	 0.851116 	 0.00262573 	 0.00546789
1860 	 2945 	 0.851116 	 0.00262573 	 0.00546789
1860 	 2950 	 0.851116 	 0.00262573 	 0.00546789
1860 	 2955 	 0.851116 	 0.00262573 	 0.00546789
1860 	 2960 	 0.851116 	 0.00262573 	 0.00546789
1860 	 2965 	 0.851116 	 0.00262573 	 0.0054679
1860 	 2970 	 0.851116 	 0.00262573 	 0.0054679
1860 	 2975 	 0.851116 	 0.00262573 	 0.0054679
1860 	 2980 	 0.851116 	 0.00262573 	 0.0054679
1860 	 2985 	 0.851116 	 0.00262573 	 0.0054679
1860 	 2990 	 0.851116 	 0.00262573 	 0.0054679
1860 	 2995 	 0.851116 	 0.00262573 	 0.0054679
1860 	 3000 	 0.851116 	 0.00262573 	 0.0054679
1860 	 3005 	 0.851116 	 0.00262573 	 0.0054679
1860 	 3010 	 0.851116 	 0.00262573 	 0.00546791
1860 	 3015 	 0.851116 	 0.00262573 	 0.00546791
1860 	 3020 	 0.851116 	 0.00262573 	 0.00546791
1860 	 3025 	 0.851116 	 0.00262573 	 0.00546791
1860 	 3030 	 0.851116 	 0.00262574 	 0.00546791
1860 	 3035 	 0.851116 	 0.00262574 	 0.00546791
1860 	 3040 	 0.851116 	 0.00262574 	 0.00546791
1860 	 3045 	 0.851116 	 0.00262574 	 0.00546791
1860 	 3050 	 0.851116 	 0.00262574 	 0.00546791
1860 	 3055 	 0.851116 	 0.00262574 	 0.00546791
1860 	 3060 	 0.851116 	 0.00262574 	 0.00546791
1860 	 3065 	 0.851116 	 0.00262574 	 0.00546792
1860 	 3070 	 0.851116 	 0.00262574 	 0.00546792
1860 	 3075 	 0.851116 	 0.00262574 	 0.00546792
1860 	 3080 	 0.851116 	 0.00262574 	 0.00546792
1860 	 3085 	 0.851116 	 0.00262574 	 0.00546792
1860 	 3090 	 0.851116 	 0.00262574 	 0.00546792
1860 	 3095 	 0.851116 	 0.00262574 	 0.00546792
1860 	 3100 	 0.851116 	 0.00262574 	 0.00546792
1860 	 3105 	 0.851116 	 0.00262574 	 0.00546792
1860 	 3110 	 0.851116 	 0.00262574 	 0.00546792
1860 	 3115 	 0.851116 	 0.00262574 	 0.00546792
1860 	 3120 	 0.851116 	 0.00262574 	 0.00546792
1860 	 3125 	 0.851116 	 0.00262574 	 0.00546792
1860 	 3130 	 0.851116 	 0.00262574 	 0.00546792
1860 	 3135 	 0.851116 	 0.00262574 	 0.00546792
1860 	 3140 	 0.851116 	 0.00262574 	 0.00546792
1860 	 3145 	 0.851116 	 0.00262574 	 0.00546793
1860 	 3150 	 0.851116 	 0.00262574 	 0.00546793
1860 	 3155 	 0.851116 	 0.00262574 	 0.00546793
1860 	 3160 	 0.851116 	 0.00262574 	 0.00546793
1860 	 3165 	 0.851116 	 0.00262574 	 0.00546793
1860 	 3170 	 0.851116 	 0.00262574 	 0.00546793
1860 	 3175 	 0.851116 	 0.00262574 	 0.00546793
1860 	 3180 	 0.851116 	 0.00262574 	 0.00546793
1860 	 3185 	 0.851116 	 0.00262574 	 0.00546793
1860 	 3190 	 0.851116 	 0.00262574 	 0.00546793
1860 	 3195 	 0.851116 	 0.00262574 	 0.00546793
1860 	 3200 	 0.851116 	 0.00262575 	 0.00546793
1860 	 3205 	 0.851116 	 0.00262575 	 0.00546793
1860 	 3210 	 0.851116 	 0.00262575 	 0.00546793
1860 	 3215 	 0.851116 	 0.00262575 	 0.00546793
1860 	 3220 	 0.851116 	 0.00262575 	 0.00546793
1860 	 3225 	 0.851116 	 0.00262575 	 0.00546793
1860 	 3230 	 0.851116 	 0.00262575 	 0.00546793
1860 	 3235 	 0.851116 	 0.00262575 	 0.00546793
1860 	 3240 	 0.851116 	 0.00262575 	 0.00546793
1860 	 3245 	 0.851116 	 0.00262575 	 0.00546793
1860 	 3250 	 0.851116 	 0.00262575 	 0.00546793
1860 	 3255 	 0.851116 	 0.00262575 	 0.00546793
1860 	 3260 	 0.851116 	 0.00262575 	 0.00546793
1860 	 3265 	 0.851116 	 0.00262575 	 0.00546793
1860 	 3270 	 0.851116 	 0.00262575 	 0.00546793
1860 	 3275 	 0.851116 	 0.00262575 	 0.00546793
1860 	 3280 	 0.851116 	 0.00262575 	 0.00546794
1860 	 3285 	 0.851116 	 0.00262575 	 0.00546794
1860 	 3290 	 0.851116 	 0.00262575 	 0.00546794
1860 	 3295 	 0.851116 	 0.00262575 	 0.00546794
1860 	 3300 	 0.851116 	 0.00262575 	 0.00546794
1860 	 3305 	 0.851116 	 0.00262575 	 0.00546794
1860 	 3310 	 0.851116 	 0.00262575 	 0.00546794
1860 	 3315 	 0.851116 	 0.00262575 	 0.00546794
1860 	 3320 	 0.851116 	 0.00262575 	 0.00546794
1860 	 3325 	 0.851116 	 0.00262575 	 0.00546794
1860 	 3330 	 0.851116 	 0.00262575 	 0.00546794
1860 	 3335 	 0.851116 	 0.00262575 	 0.00546794
1860 	 3340 	 0.851116 	 0.00262575 	 0.00546794
1860 	 3345 	 0.851116 	 0.00262575 	 0.00546794
1860 	 3350 	 0.851116 	 0.00262575 	 0.00546794
1860 	 3355 	 0.851116 	 0.00262575 	 0.00546794
1860 	 3360 	 0.851116 	 0.00262575 	 0.00546794
1860 	 3365 	 0.851116 	 0.00262575 	 0.00546794
1860 	 3370 	 0.851116 	 0.00262575 	 0.00546794
1860 	 3375 	 0.851116 	 0.00262575 	 0.00546794
1860 	 3380 	 0.851116 	 0.00262575 	 0.00546794
1860 	 3385 	 0.851116 	 0.00262575 	 0.00546794
1860 	 3390 	 0.851116 	 0.00262575 	 0.00546794
1860 	 3395 	 0.851116 	 0.00262575 	 0.00546794
1860 	 3400 	 0.851116 	 0.00262575 	 0.00546794
1860 	 3405 	 0.851116 	 0.00262575 	 0.00546794
1860 	 3410 	 0.851116 	 0.00262575 	 0.00546794
1860 	 3415 	 0.851116 	 0.00262575 	 0.00546794
1860 	 3420 	 0.851116 	 0.00262575 	 0.00546794
1860 	 3425 	 0.851116 	 0.00262575 	 0.00546794
1860 	 3430 	 0.851116 	 0.00262575 	 0.00546794
1860 	 3435 	 0.851116 	 0.00262575 	 0.00546794
1860 	 3440 	 0.851116 	 0.00262575 	 0.00546794
1860 	 3445 	 0.851116 	 0.00262575 	 0.00546794
1860 	 3450 	 0.851116 	 0.00262575 	 0.00546794
1860 	 3455 	 0.851116 	 0.00262575 	 0.00546794
1860 	 3460 	 0.851116 	 0.00262575 	 0.00546794
1860 	 3465 	 0.851116 	 0.00262575 	 0.00546794
1860 	 3470 	 0.851116 	 0.00262575 	 0.00546794
1860 	 3475 	 0.851116 	 0.00262575 	 0.00546794
1860 	 3480 	 0.851116 	 0.00262575 	 0.00546794
1860 	 3485 	 0.851116 	 0.00262575 	 0.00546794
1860 	 3490 	 0.851116 	 0.00262575 	 0.00546794
1860 	 3495 	 0.851116 	 0.00262575 	 0.00546794
1860 	 3500 	 0.851116 	 0.00262575 	 0.00546794
1860 	 3505 	 0.851116 	 0.00262575 	 0.00546794
1860 	 3510 	 0.851116 	 0.00262575 	 0.00546794
1860 	 3515 	 0.851116 	 0.00262575 	 0.00546794
1860 	 3520 	 0.851116 	 0.00262575 	 0.00546794
1860 	 3525 	 0.851116 	 0.00262575 	 0.00546794
1860 	 3530 	 0.851116 	 0.00262575 	 0.00546794
1860 	 3535 	 0.851116 	 0.00262575 	 0.00546794
1860 	 3540 	 0.851116 	 0.00262575 	 0.00546794
1860 	 3545 	 0.851116 	 0.00262575 	 0.00546794
1860 	 3550 	 0.851116 	 0.00262575 	 0.00546794
1860 	 3555 	 0.851116 	 0.00262575 	 0.00546794
1860 	 3560 	 0.851116 	 0.00262575 	 0.00546794
1860 	 3565 	 0.851116 	 0.00262575 	 0.00546794
1860 	 3570 	 0.851116 	 0.00262575 	 0.00546794
1860 	 3575 	 0.851116 	 0.00262575 	 0.00546794
1860 	 3580 	 0.851116 	 0.00262575 	 0.00546794
1860 	 3585 	 0.851116 	 0.00262575 	 0.00546794
1860 	 3590 	 0.851116 	 0.00262575 	 0.00546794
1860 	 3595 	 0.851116 	 0.00262575 	 0.00546794
1860 	 3600 	 0.851116 	 0.00262575 	 0.00546794
1860 	 3605 	 0.851116 	 0.00262575 	 0.00546794
1860 	 3610 	 0.851116 	 0.00262575 	 0.00546794
1860 	 3615 	 0.851116 	 0.00262575 	 0.00546794
1860 	 3620 	 0.851116 	 0.00262575 	 0.00546794
1860 	 3625 	 0.851116 	 0.00262575 	 0.00546794
1860 	 3630 	 0.851116 	 0.00262575 	 0.00546794
1860 	 3635 	 0.851116 	 0.00262575 	 0.00546794
1860 	 3640 	 0.851116 	 0.00262575 	 0.00546794
1860 	 3645 	 0.851116 	 0.00262575 	 0.00546794
1860 	 3650 	 0.851116 	 0.00262575 	 0.00546794
1860 	 3655 	 0.851116 	 0.00262575 	 0.00546794
1860 	 3660 	 0.851116 	 0.00262575 	 0.00546794
1860 	 3665 	 0.851116 	 0.00262575 	 0.00546794
1860 	 3670 	 0.851116 	 0.00262575 	 0.00546794
1860 	 3675 	 0.851116 	 0.00262575 	 0.00546794
1860 	 3680 	 0.851116 	 0.00262575 	 0.00546794
1860 	 3685 	 0.851116 	 0.00262575 	 0.00546794
1860 	 3690 	 0.851116 	 0.00262575 	 0.00546794
1860 	 3695 	 0.851116 	 0.00262575 	 0.00546794
1860 	 3700 	 0.851116 	 0.00262575 	 0.00546794
1860 	 3705 	 0.851116 	 0.00262575 	 0.00546794
1860 	 3710 	 0.851116 	 0.00262575 	 0.00546794
1860 	 3715 	 0.851116 	 0.00262575 	 0.00546794
1860 	 3720 	 0.851116 	 0.00262575 	 0.00546794
1860 	 3725 	 0.851116 	 0.00262575 	 0.00546794
1860 	 3730 	 0.851116 	 0.00262575 	 0.00546794
1860 	 3735 	 0.851116 	 0.00262575 	 0.00546794
1860 	 3740 	 0.851116 	 0.00262575 	 0.00546794
1860 	 3745 	 0.851116 	 0.00262575 	 0.00546794
1860 	 3750 	 0.851116 	 0.00262575 	 0.00546794
1860 	 3755 	 0.851116 	 0.00262575 	 0.00546794
1860 	 3760 	 0.851116 	 0.00262575 	 0.00546794
1860 	 3765 	 0.851116 	 0.00262575 	 0.00546794
1860 	 3770 	 0.851116 	 0.00262575 	 0.00546794
1860 	 3775 	 0.851116 	 0.00262575 	 0.00546794
1860 	 3780 	 0.851116 	 0.00262575 	 0.00546794
1860 	 3785 	 0.851116 	 0.00262575 	 0.00546794
1860 	 3790 	 0.851116 	 0.00262575 	 0.00546794
1860 	 3795 	 0.851116 	 0.00262575 	 0.00546794
1860 	 3800 	 0.851116 	 0.00262575 	 0.00546794
1860 	 3805 	 0.851116 	 0.00262575 	 0.00546794
1860 	 3810 	 0.851116 	 0.00262575 	 0.00546794
1860 	 3815 	 0.851116 	 0.00262575 	 0.00546794
1860 	 3820 	 0.851116 	 0.00262575 	 0.00546794
1860 	 3825 	 0.851116 	 0.00262575 	 0.00546794
1860 	 3830 	 0.851116 	 0.00262575 	 0.00546794
1860 	 3835 	 0.851116 	 0.00262575 	 0.00546794
1860 	 3840 	 0.851116 	 0.00262575 	 0.00546794
1860 	 3845 	 0.851116 	 0.00262575 	 0.00546794
1860 	 3850 	 0.851116 	 0.00262575 	 0.00546794
1860 	 3855 	 0.851116 	 0.00262575 	 0.00546794
1860 	 3860 	 0.851116 	 0.00262575 	 0.00546794
1860 	 3865 	 0.851116 	 0.00262575 	 0.00546794
1860 	 3870 	 0.851116 	 0.00262575 	 0.00546794
1860 	 3875 	 0.851116 	 0.00262575 	 0.00546794
1860 	 3880 	 0.851116 	 0.00262575 	 0.00546794
1860 	 3885 	 0.851116 	 0.00262575 	 0.00546794
1860 	 3890 	 0.851116 	 0.00262575 	 0.00546794
1860 	 3895 	 0.851116 	 0.00262575 	 0.00546794
1860 	 3900 	 0.851116 	 0.00262575 	 0.00546794
1860 	 3905 	 0.851116 	 0.00262575 	 0.00546794
1860 	 3910 	 0.851116 	 0.00262575 	 0.00546794
1860 	 3915 	 0.851116 	 0.00262575 	 0.00546794
1860 	 3920 	 0.851116 	 0.00262575 	 0.00546794
1860 	 3925 	 0.851116 	 0.00262575 	 0.00546794
1860 	 3930 	 0.851116 	 0.00262575 	 0.00546794
1860 	 3935 	 0.851116 	 0.00262575 	 0.00546794
1860 	 3940 	 0.851116 	 0.00262575 	 0.00546794
1860 	 3945 	 0.851116 	 0.00262575 	 0.00546794
1860 	 3950 	 0.851116 	 0.00262575 	 0.00546794
1860 	 3955 	 0.851116 	 0.00262575 	 0.00546794
1860 	 3960 	 0.851116 	 0.00262575 	 0.00546794
1860 	 3965 	 0.851116 	 0.00262575 	 0.00546794
1860 	 3970 	 0.851116 	 0.00262575 	 0.00546794
1860 	 3975 	 0.851116 	 0.00262575 	 0.00546794
1860 	 3980 	 0.851116 	 0.00262575 	 0.00546794
1860 	 3985 	 0.851116 	 0.00262575 	 0.00546794
1860 	 3990 	 0.851116 	 0.00262575 	 0.00546794
1860 	 3995 	 0.851116 	 0.00262575 	 0.00546794
1860 	 4000 	 0.851116 	 0.00262575 	 0.00546794
1860 	 4005 	 0.851116 	 0.00262575 	 0.00546794
1860 	 4010 	 0.851116 	 0.00262575 	 0.00546794
1860 	 4015 	 0.851116 	 0.00262575 	 0.00546794
1860 	 4020 	 0.851116 	 0.00262575 	 0.00546794
1860 	 4025 	 0.851116 	 0.00262575 	 0.00546794
1860 	 4030 	 0.851116 	 0.00262575 	 0.00546794
1860 	 4035 	 0.851116 	 0.00262575 	 0.00546794
1860 	 4040 	 0.851116 	 0.00262575 	 0.00546794
1860 	 4045 	 0.851116 	 0.00262575 	 0.00546794
1860 	 4050 	 0.851116 	 0.00262575 	 0.00546794
1860 	 4055 	 0.851116 	 0.00262575 	 0.00546794
1860 	 4060 	 0.851116 	 0.00262575 	 0.00546794
1860 	 4065 	 0.851116 	 0.00262575 	 0.00546794
1860 	 4070 	 0.851116 	 0.00262575 	 0.00546794
1860 	 4075 	 0.851116 	 0.00262575 	 0.00546794
1860 	 4080 	 0.851116 	 0.00262575 	 0.00546794
1860 	 4085 	 0.851116 	 0.00262575 	 0.00546794
1860 	 4090 	 0.851116 	 0.00262575 	 0.00546794
1860 	 4095 	 0.851116 	 0.00262575 	 0.00546794
1860 	 4100 	 0.851116 	 0.00262575 	 0.00546794
1860 	 4105 	 0.851116 	 0.00262575 	 0.00546794
1860 	 4110 	 0.851116 	 0.00262575 	 0.00546794
1860 	 4115 	 0.851116 	 0.00262575 	 0.00546794
1860 	 4120 	 0.851116 	 0.00262575 	 0.00546794
1860 	 4125 	 0.851116 	 0.00262575 	 0.00546794
1860 	 4130 	 0.851116 	 0.00262575 	 0.00546794
1860 	 4135 	 0.851116 	 0.00262575 	 0.00546794
1860 	 4140 	 0.851116 	 0.00262575 	 0.00546794
1860 	 4145 	 0.851116 	 0.00262575 	 0.00546794
1860 	 4150 	 0.851116 	 0.00262575 	 0.00546794
1860 	 4155 	 0.851116 	 0.00262575 	 0.00546794
1860 	 4160 	 0.851116 	 0.00262575 	 0.00546794
1860 	 4165 	 0.851116 	 0.00262575 	 0.00546794
1860 	 4170 	 0.851116 	 0.00262575 	 0.00546794
1860 	 4175 	 0.851116 	 0.00262575 	 0.00546794
1860 	 4180 	 0.851116 	 0.00262575 	 0.00546794
1860 	 4185 	 0.851116 	 0.00262575 	 0.00546794
1860 	 4190 	 0.851116 	 0.00262575 	 0.00546794
1860 	 4195 	 0.851116 	 0.00262575 	 0.00546794
1860 	 4200 	 0.851116 	 0.00262575 	 0.00546794
1860 	 4205 	 0.851116 	 0.00262575 	 0.00546794
1860 	 4210 	 0.851116 	 0.00262575 	 0.00546794
1860 	 4215 	 0.851116 	 0.00262575 	 0.00546794
1860 	 4220 	 0.851116 	 0.00262575 	 0.00546794
1860 	 4225 	 0.851116 	 0.00262575 	 0.00546794
1860 	 4230 	 0.851116 	 0.00262575 	 0.00546794
1860 	 4235 	 0.851116 	 0.00262575 	 0.00546794
1860 	 4240 	 0.851116 	 0.00262575 	 0.00546794
1860 	 4245 	 0.851116 	 0.00262575 	 0.00546794
1860 	 4250 	 0.851116 	 0.00262575 	 0.00546794
1860 	 4255 	 0.851116 	 0.00262575 	 0.00546794
1860 	 4260 	 0.851116 	 0.00262575 	 0.00546794
1860 	 4265 	 0.851116 	 0.00262575 	 0.00546794
1860 	 4270 	 0.851116 	 0.00262575 	 0.00546794
1860 	 4275 	 0.851116 	 0.00262575 	 0.00546794
1860 	 4280 	 0.851116 	 0.00262575 	 0.00546794
1860 	 4285 	 0.851116 	 0.00262575 	 0.00546794
1860 	 4290 	 0.851116 	 0.00262575 	 0.00546794
1860 	 4295 	 0.851116 	 0.00262575 	 0.00546794
1860 	 4300 	 0.851116 	 0.00262575 	 0.00546794
1860 	 4305 	 0.851116 	 0.00262575 	 0.00546794
1860 	 4310 	 0.851116 	 0.00262575 	 0.00546794
1860 	 4315 	 0.851116 	 0.00262575 	 0.00546794
1860 	 4320 	 0.851116 	 0.00262575 	 0.00546794
1860 	 4325 	 0.851116 	 0.00262575 	 0.00546794
1860 	 4330 	 0.851116 	 0.00262575 	 0.00546794
1860 	 4335 	 0.851116 	 0.00262575 	 0.00546794
1860 	 4340 	 0.851116 	 0.00262575 	 0.00546794
1860 	 4345 	 0.851116 	 0.00262575 	 0.00546794
1860 	 4350 	 0.851116 	 0.00262575 	 0.00546794
1860 	 4355 	 0.851116 	 0.00262575 	 0.00546794
1860 	 4360 	 0.851116 	 0.00262575 	 0.00546794
1860 	 4365 	 0.851116 	 0.00262575 	 0.00546794
1860 	 4370 	 0.851116 	 0.00262575 	 0.00546794
1860 	 4375 	 0.851116 	 0.00262575 	 0.00546794
1860 	 4380 	 0.851116 	 0.00262575 	 0.00546794
1860 	 4385 	 0.851116 	 0.00262575 	 0.00546794
1860 	 4390 	 0.851116 	 0.00262575 	 0.00546794
1860 	 4395 	 0.851116 	 0.00262575 	 0.00546794
1860 	 4400 	 0.851116 	 0.00262575 	 0.00546794
1860 	 4405 	 0.851116 	 0.00262575 	 0.00546794
1860 	 4410 	 0.851116 	 0.00262575 	 0.00546794
1860 	 4415 	 0.851116 	 0.00262575 	 0.00546794
1860 	 4420 	 0.851116 	 0.00262575 	 0.00546794
1860 	 4425 	 0.851116 	 0.00262575 	 0.00546794
1860 	 4430 	 0.851116 	 0.00262575 	 0.00546794
1860 	 4435 	 0.851116 	 0.00262575 	 0.00546794
1860 	 4440 	 0.851116 	 0.00262575 	 0.00546794
1860 	 4445 	 0.851116 	 0.00262575 	 0.00546794
1860 	 4450 	 0.851116 	 0.00262575 	 0.00546794
1860 	 4455 	 0.851116 	 0.00262575 	 0.00546794
1860 	 4460 	 0.851116 	 0.00262575 	 0.00546794
1860 	 4465 	 0.851116 	 0.00262575 	 0.00546794
1860 	 4470 	 0.851116 	 0.00262575 	 0.00546794
1860 	 4475 	 0.851116 	 0.00262575 	 0.00546794
1860 	 4480 	 0.851116 	 0.00262575 	 0.00546794
1860 	 4485 	 0.851116 	 0.00262575 	 0.00546794
1860 	 4490 	 0.851116 	 0.00262575 	 0.00546794
1860 	 4495 	 0.851116 	 0.00262575 	 0.00546794
1860 	 4500 	 0.851116 	 0.00262575 	 0.00546794
1860 	 4505 	 0.851116 	 0.00262575 	 0.00546794
1860 	 4510 	 0.851116 	 0.00262575 	 0.00546794
1860 	 4515 	 0.851116 	 0.00262575 	 0.00546794
1860 	 4520 	 0.851116 	 0.00262575 	 0.00546794
1860 	 4525 	 0.851116 	 0.00262575 	 0.00546794
1860 	 4530 	 0.851116 	 0.00262575 	 0.00546794
1860 	 4535 	 0.851116 	 0.00262575 	 0.00546794
1860 	 4540 	 0.851116 	 0.00262575 	 0.00546794
1860 	 4545 	 0.851116 	 0.00262575 	 0.00546794
1860 	 4550 	 0.851116 	 0.00262575 	 0.00546794
1860 	 4555 	 0.851116 	 0.00262575 	 0.00546794
1860 	 4560 	 0.851116 	 0.00262575 	 0.00546794
1860 	 4565 	 0.851116 	 0.00262575 	 0.00546794
1860 	 4570 	 0.851116 	 0.00262575 	 0.00546794
1860 	 4575 	 0.851116 	 0.00262575 	 0.00546794
1860 	 4580 	 0.851116 	 0.00262575 	 0.00546794
1860 	 4585 	 0.851116 	 0.00262575 	 0.00546794
1860 	 4590 	 0.851116 	 0.00262575 	 0.00546794
1860 	 4595 	 0.851116 	 0.00262575 	 0.00546794
1860 	 4600 	 0.851116 	 0.00262575 	 0.00546794
1860 	 4605 	 0.851116 	 0.00262575 	 0.00546794
1860 	 4610 	 0.851116 	 0.00262575 	 0.00546794
1860 	 4615 	 0.851116 	 0.00262575 	 0.00546794
1860 	 4620 	 0.851116 	 0.00262575 	 0.00546794
1860 	 4625 	 0.851116 	 0.00262575 	 0.00546794
1860 	 4630 	 0.851116 	 0.00262575 	 0.00546794
1860 	 4635 	 0.851116 	 0.00262575 	 0.00546794
1860 	 4640 	 0.851116 	 0.00262575 	 0.00546794
1860 	 4645 	 0.851116 	 0.00262575 	 0.00546794
1860 	 4650 	 0.851116 	 0.00262575 	 0.00546794
1860 	 4655 	 0.851116 	 0.00262575 	 0.00546794
1860 	 4660 	 0.851116 	 0.00262575 	 0.00546794
1860 	 4665 	 0.851116 	 0.00262575 	 0.00546794
1860 	 4670 	 0.851116 	 0.00262575 	 0.00546794
1860 	 4675 	 0.851116 	 0.00262575 	 0.00546794
1860 	 4680 	 0.851116 	 0.00262575 	 0.00546794
1860 	 4685 	 0.851116 	 0.00262575 	 0.00546794
1860 	 4690 	 0.851116 	 0.00262575 	 0.00546794
1860 	 4695 	 0.851116 	 0.00262575 	 0.00546794
1860 	 4700 	 0.851116 	 0.00262575 	 0.00546794
1860 	 4705 	 0.851116 	 0.00262575 	 0.00546794
1860 	 4710 	 0.851116 	 0.00262575 	 0.00546794
1860 	 4715 	 0.851116 	 0.00262575 	 0.00546794
1860 	 4720 	 0.851116 	 0.00262575 	 0.00546794
1860 	 4725 	 0.851116 	 0.00262575 	 0.00546794
1860 	 4730 	 0.851116 	 0.00262575 	 0.00546794
1860 	 4735 	 0.851116 	 0.00262575 	 0.00546794
1860 	 4740 	 0.851116 	 0.00262575 	 0.00546794
1860 	 4745 	 0.851116 	 0.00262575 	 0.00546794
1860 	 4750 	 0.851116 	 0.00262575 	 0.00546794
1860 	 4755 	 0.851116 	 0.00262575 	 0.00546794
1860 	 4760 	 0.851116 	 0.00262575 	 0.00546794
1860 	 4765 	 0.851116 	 0.00262575 	 0.00546794
1860 	 4770 	 0.851116 	 0.00262575 	 0.00546794
1860 	 4775 	 0.851116 	 0.00262575 	 0.00546794
1860 	 4780 	 0.851116 	 0.00262575 	 0.00546794
1860 	 4785 	 0.851116 	 0.00262575 	 0.00546794
1860 	 4790 	 0.851116 	 0.00262575 	 0.00546794
1860 	 4795 	 0.851116 	 0.00262575 	 0.00546794
1860 	 4800 	 0.851116 	 0.00262575 	 0.00546794
1860 	 4805 	 0.851116 	 0.00262575 	 0.00546794
1860 	 4810 	 0.851116 	 0.00262575 	 0.00546794
1860 	 4815 	 0.851116 	 0.00262575 	 0.00546794
1860 	 4820 	 0.851116 	 0.00262575 	 0.00546794
1860 	 4825 	 0.851116 	 0.00262575 	 0.00546794
1860 	 4830 	 0.851116 	 0.00262575 	 0.00546794
1860 	 4835 	 0.851116 	 0.00262575 	 0.00546794
1860 	 4840 	 0.851116 	 0.00262575 	 0.00546794
1860 	 4845 	 0.851116 	 0.00262575 	 0.00546794
1860 	 4850 	 0.851116 	 0.00262575 	 0.00546794
1860 	 4855 	 0.851116 	 0.00262575 	 0.00546794
1860 	 4860 	 0.851116 	 0.00262575 	 0.00546794
1860 	 4865 	 0.851116 	 0.00262575 	 0.00546794
1860 	 4870 	 0.851116 	 0.00262575 	 0.00546794
1860 	 4875 	 0.851116 	 0.00262575 	 0.00546794
1860 	 4880 	 0.851116 	 0.00262575 	 0.00546794
1860 	 4885 	 0.851116 	 0.00262575 	 0.00546794
1860 	 4890 	 0.851116 	 0.00262575 	 0.00546794
1860 	 4895 	 0.851116 	 0.00262575 	 0.00546794
1860 	 4900 	 0.851116 	 0.00262575 	 0.00546794
1860 	 4905 	 0.851116 	 0.00262575 	 0.00546794
1860 	 4910 	 0.851116 	 0.00262575 	 0.00546794
1860 	 4915 	 0.851116 	 0.00262575 	 0.00546794
1860 	 4920 	 0.851116 	 0.00262575 	 0.00546794
1860 	 4925 	 0.851116 	 0.00262575 	 0.00546794
1860 	 4930 	 0.851116 	 0.00262575 	 0.00546794
1860 	 4935 	 0.851116 	 0.00262575 	 0.00546794
1860 	 4940 	 0.851116 	 0.00262575 	 0.00546794
1860 	 4945 	 0.851116 	 0.00262575 	 0.00546794
1860 	 4950 	 0.851116 	 0.00262575 	 0.00546794
1860 	 4955 	 0.851116 	 0.00262575 	 0.00546794
1860 	 4960 	 0.851116 	 0.00262575 	 0.00546794
1860 	 4965 	 0.851116 	 0.00262575 	 0.00546794
1860 	 4970 	 0.851116 	 0.00262575 	 0.00546794
1860 	 4975 	 0.851116 	 0.00262575 	 0.00546794
1860 	 4980 	 0.851116 	 0.00262575 	 0.00546794
1860 	 4985 	 0.851116 	 0.00262575 	 0.00546794
1860 	 4990 	 0.851116 	 0.00262575 	 0.00546794
1860 	 4995 	 0.851116 	 0.00262575 	 0.00546794
1860 	 5000 	 0.851116 	 0.00262575 	 0.00546794
