4480 	 5 	 0.729484 	 0.00681094	0.0142293
4480 	 10 	 0.730086 	 0.00642323	0.0134193
4480 	 15 	 0.731224 	 0.00582144	0.012162
4480 	 20 	 0.733337 	 0.0049811	0.0104064
4480 	 25 	 0.737133 	 0.00404605	0.00845293
4480 	 30 	 0.743563 	 0.00345099	0.00720975
4480 	 35 	 0.753439 	 0.00332891	0.00695469
4480 	 40 	 0.766539 	 0.00296213	0.00618842
4480 	 45 	 0.781921 	 0.00328889	0.0068711
4480 	 50 	 0.796114 	 0.00326056	0.00681191
4480 	 55 	 0.806818 	 0.00299426	0.00625555
4480 	 60 	 0.814041 	 0.00263142	0.00549751
4480 	 65 	 0.81867 	 0.00242715	0.00507075
4480 	 70 	 0.821652 	 0.0024118	0.00503869
4480 	 75 	 0.823669 	 0.00247654	0.00517394
4480 	 80 	 0.825143 	 0.00254713	0.00532141
4480 	 85 	 0.826311 	 0.0026024	0.0054369
4480 	 90 	 0.827301 	 0.00264303	0.00552177
4480 	 95 	 0.828185 	 0.00267364	0.00558572
4480 	 100 	 0.828998 	 0.00269758	0.00563574
4480 	 105 	 0.829761 	 0.0027165	0.00567526
4480 	 110 	 0.830485 	 0.00273099	0.00570553
4480 	 115 	 0.831177 	 0.00274122	0.0057269
4480 	 120 	 0.831839 	 0.00274727	0.00573954
4480 	 125 	 0.832475 	 0.00274928	0.00574375
4480 	 130 	 0.833086 	 0.0027475	0.00574002
4480 	 135 	 0.833674 	 0.00274224	0.00572904
4480 	 140 	 0.83424 	 0.00273389	0.00571159
4480 	 145 	 0.834785 	 0.00272285	0.00568853
4480 	 150 	 0.83531 	 0.00270954	0.00566073
4480 	 155 	 0.835816 	 0.00269437	0.00562902
4480 	 160 	 0.836304 	 0.0026777	0.0055942
4480 	 165 	 0.836774 	 0.00265989	0.005557
4480 	 170 	 0.837228 	 0.00264127	0.00551809
4480 	 175 	 0.837666 	 0.0026221	0.00547805
4480 	 180 	 0.838088 	 0.00260265	0.00543742
4480 	 185 	 0.838497 	 0.00258313	0.00539664
4480 	 190 	 0.838891 	 0.00256373	0.0053561
4480 	 195 	 0.839272 	 0.0025446	0.00531614
4480 	 200 	 0.83964 	 0.00252589	0.00527704
4480 	 205 	 0.839996 	 0.0025077	0.00523904
4480 	 210 	 0.840341 	 0.00249012	0.00520231
4480 	 215 	 0.840674 	 0.00247323	0.00516702
4480 	 220 	 0.840997 	 0.00245708	0.00513329
4480 	 225 	 0.84131 	 0.00244172	0.0051012
4480 	 230 	 0.841613 	 0.00242718	0.00507082
4480 	 235 	 0.841906 	 0.00241348	0.0050422
4480 	 240 	 0.842191 	 0.00240063	0.00501535
4480 	 245 	 0.842467 	 0.00238864	0.0049903
4480 	 250 	 0.842735 	 0.0023775	0.00496703
4480 	 255 	 0.842995 	 0.00236721	0.00494552
4480 	 260 	 0.843247 	 0.00235775	0.00492577
4480 	 265 	 0.843492 	 0.00234912	0.00490773
4480 	 270 	 0.84373 	 0.00234128	0.00489136
4480 	 275 	 0.843962 	 0.00233423	0.00487663
4480 	 280 	 0.844187 	 0.00232794	0.00486348
4480 	 285 	 0.844406 	 0.00232238	0.00485187
4480 	 290 	 0.844619 	 0.00231753	0.00484174
4480 	 295 	 0.844826 	 0.00231336	0.00483304
4480 	 300 	 0.845028 	 0.00230986	0.00482572
4480 	 305 	 0.845224 	 0.00230699	0.00481972
4480 	 310 	 0.845415 	 0.00230472	0.00481498
4480 	 315 	 0.845602 	 0.00230304	0.00481146
4480 	 320 	 0.845783 	 0.00230191	0.0048091
4480 	 325 	 0.84596 	 0.00230131	0.00480785
4480 	 330 	 0.846133 	 0.00230121	0.00480765
4480 	 335 	 0.846302 	 0.0023016	0.00480847
4480 	 340 	 0.846466 	 0.00230245	0.00481024
4480 	 345 	 0.846627 	 0.00230373	0.00481292
4480 	 350 	 0.846783 	 0.00230544	0.00481647
4480 	 355 	 0.846936 	 0.00230753	0.00482085
4480 	 360 	 0.847086 	 0.00231	0.00482601
4480 	 365 	 0.847232 	 0.00231282	0.00483191
4480 	 370 	 0.847374 	 0.00231598	0.00483851
4480 	 375 	 0.847514 	 0.00231946	0.00484578
4480 	 380 	 0.84765 	 0.00232324	0.00485368
4480 	 385 	 0.847784 	 0.00232731	0.00486217
4480 	 390 	 0.847914 	 0.00233165	0.00487123
4480 	 395 	 0.848042 	 0.00233624	0.00488082
4480 	 400 	 0.848167 	 0.00234107	0.00489091
4480 	 405 	 0.848289 	 0.00234612	0.00490148
4480 	 410 	 0.848409 	 0.0023514	0.0049125
4480 	 415 	 0.848526 	 0.00235687	0.00492393
4480 	 420 	 0.848641 	 0.00236254	0.00493577
4480 	 425 	 0.848753 	 0.00236838	0.00494797
4480 	 430 	 0.848863 	 0.00237439	0.00496053
4480 	 435 	 0.848971 	 0.00238056	0.00497342
4480 	 440 	 0.849077 	 0.00238688	0.00498662
4480 	 445 	 0.849181 	 0.00239333	0.00500011
4480 	 450 	 0.849283 	 0.00239992	0.00501388
4480 	 455 	 0.849383 	 0.00240663	0.0050279
4480 	 460 	 0.849481 	 0.00241346	0.00504215
4480 	 465 	 0.849577 	 0.00242039	0.00505664
4480 	 470 	 0.849671 	 0.00242742	0.00507133
4480 	 475 	 0.849764 	 0.00243455	0.00508621
4480 	 480 	 0.849854 	 0.00244176	0.00510128
4480 	 485 	 0.849944 	 0.00244905	0.00511651
4480 	 490 	 0.850031 	 0.00245642	0.0051319
4480 	 495 	 0.850117 	 0.00246385	0.00514744
4480 	 500 	 0.850202 	 0.00247135	0.00516311
4480 	 505 	 0.850285 	 0.00247891	0.0051789
4480 	 510 	 0.850367 	 0.00248653	0.00519481
4480 	 515 	 0.850447 	 0.00249419	0.00521082
4480 	 520 	 0.850526 	 0.0025019	0.00522693
4480 	 525 	 0.850603 	 0.00250965	0.00524312
4480 	 530 	 0.850679 	 0.00251744	0.00525939
4480 	 535 	 0.850754 	 0.00252526	0.00527573
4480 	 540 	 0.850828 	 0.00253312	0.00529214
4480 	 545 	 0.8509 	 0.002541	0.00530861
4480 	 550 	 0.850972 	 0.0025489	0.00532512
4480 	 555 	 0.851042 	 0.00255683	0.00534168
4480 	 560 	 0.851111 	 0.00256477	0.00535828
4480 	 565 	 0.851179 	 0.00257273	0.00537491
4480 	 570 	 0.851246 	 0.00258071	0.00539157
4480 	 575 	 0.851312 	 0.00258869	0.00540825
4480 	 580 	 0.851376 	 0.00259669	0.00542495
4480 	 585 	 0.85144 	 0.00260468	0.00544166
4480 	 590 	 0.851503 	 0.00261269	0.00545838
4480 	 595 	 0.851565 	 0.00262069	0.00547511
4480 	 600 	 0.851626 	 0.0026287	0.00549184
4480 	 605 	 0.851686 	 0.00263671	0.00550856
4480 	 610 	 0.851745 	 0.00264471	0.00552528
4480 	 615 	 0.851803 	 0.00265271	0.00554199
4480 	 620 	 0.851861 	 0.0026607	0.00555868
4480 	 625 	 0.851918 	 0.00266868	0.00557536
4480 	 630 	 0.851973 	 0.00267666	0.00559202
4480 	 635 	 0.852028 	 0.00268462	0.00560867
4480 	 640 	 0.852083 	 0.00269258	0.00562528
4480 	 645 	 0.852136 	 0.00270052	0.00564187
4480 	 650 	 0.852189 	 0.00270845	0.00565844
4480 	 655 	 0.852241 	 0.00271636	0.00567497
4480 	 660 	 0.852292 	 0.00272426	0.00569147
4480 	 665 	 0.852343 	 0.00273214	0.00570793
4480 	 670 	 0.852393 	 0.00274	0.00572436
4480 	 675 	 0.852442 	 0.00274785	0.00574076
4480 	 680 	 0.85249 	 0.00275567	0.00575711
4480 	 685 	 0.852538 	 0.00276348	0.00577342
4480 	 690 	 0.852586 	 0.00277127	0.00578969
4480 	 695 	 0.852632 	 0.00277903	0.00580591
4480 	 700 	 0.852678 	 0.00278678	0.00582209
4480 	 705 	 0.852724 	 0.0027945	0.00583822
4480 	 710 	 0.852769 	 0.0028022	0.00585431
4480 	 715 	 0.852813 	 0.00280988	0.00587034
4480 	 720 	 0.852857 	 0.00281753	0.00588633
4480 	 725 	 0.8529 	 0.00282516	0.00590226
4480 	 730 	 0.852943 	 0.00283276	0.00591815
4480 	 735 	 0.852985 	 0.00284034	0.00593398
4480 	 740 	 0.853027 	 0.00284789	0.00594976
4480 	 745 	 0.853068 	 0.00285542	0.00596549
4480 	 750 	 0.853108 	 0.00286292	0.00598116
4480 	 755 	 0.853148 	 0.00287039	0.00599677
4480 	 760 	 0.853188 	 0.00287784	0.00601233
4480 	 765 	 0.853227 	 0.00288526	0.00602784
4480 	 770 	 0.853266 	 0.00289266	0.00604329
4480 	 775 	 0.853304 	 0.00290002	0.00605868
4480 	 780 	 0.853342 	 0.00290736	0.00607401
4480 	 785 	 0.853379 	 0.00291467	0.00608928
4480 	 790 	 0.853416 	 0.00292196	0.0061045
4480 	 795 	 0.853453 	 0.00292921	0.00611966
4480 	 800 	 0.853489 	 0.00293644	0.00613476
4480 	 805 	 0.853525 	 0.00294364	0.0061498
4480 	 810 	 0.85356 	 0.00295081	0.00616478
4480 	 815 	 0.853595 	 0.00295795	0.0061797
4480 	 820 	 0.853629 	 0.00296506	0.00619456
4480 	 825 	 0.853663 	 0.00297215	0.00620936
4480 	 830 	 0.853697 	 0.0029792	0.0062241
4480 	 835 	 0.85373 	 0.00298623	0.00623878
4480 	 840 	 0.853763 	 0.00299323	0.0062534
4480 	 845 	 0.853796 	 0.0030002	0.00626796
4480 	 850 	 0.853828 	 0.00300714	0.00628246
4480 	 855 	 0.85386 	 0.00301405	0.0062969
4480 	 860 	 0.853892 	 0.00302093	0.00631128
4480 	 865 	 0.853923 	 0.00302779	0.0063256
4480 	 870 	 0.853954 	 0.00303461	0.00633986
4480 	 875 	 0.853985 	 0.00304141	0.00635405
4480 	 880 	 0.854015 	 0.00304817	0.00636819
4480 	 885 	 0.854045 	 0.00305491	0.00638227
4480 	 890 	 0.854075 	 0.00306162	0.00639628
4480 	 895 	 0.854104 	 0.0030683	0.00641024
4480 	 900 	 0.854133 	 0.00307495	0.00642413
4480 	 905 	 0.854162 	 0.00308157	0.00643797
4480 	 910 	 0.85419 	 0.00308817	0.00645175
4480 	 915 	 0.854218 	 0.00309473	0.00646546
4480 	 920 	 0.854246 	 0.00310127	0.00647912
4480 	 925 	 0.854274 	 0.00310778	0.00649272
4480 	 930 	 0.854301 	 0.00311426	0.00650625
4480 	 935 	 0.854328 	 0.00312071	0.00651973
4480 	 940 	 0.854355 	 0.00312713	0.00653315
4480 	 945 	 0.854382 	 0.00313353	0.00654651
4480 	 950 	 0.854408 	 0.0031399	0.00655981
4480 	 955 	 0.854434 	 0.00314623	0.00657306
4480 	 960 	 0.85446 	 0.00315255	0.00658624
4480 	 965 	 0.854486 	 0.00315883	0.00659937
4480 	 970 	 0.854511 	 0.00316509	0.00661244
4480 	 975 	 0.854536 	 0.00317131	0.00662545
4480 	 980 	 0.854561 	 0.00317751	0.00663841
4480 	 985 	 0.854585 	 0.00318369	0.0066513
4480 	 990 	 0.85461 	 0.00318983	0.00666414
4480 	 995 	 0.854634 	 0.00319595	0.00667693
4480 	 1000 	 0.854658 	 0.00320204	0.00668965
4480 	 1005 	 0.854682 	 0.00320811	0.00670232
4480 	 1010 	 0.854705 	 0.00321415	0.00671494
4480 	 1015 	 0.854728 	 0.00322016	0.0067275
4480 	 1020 	 0.854751 	 0.00322614	0.00674
4480 	 1025 	 0.854774 	 0.0032321	0.00675245
4480 	 1030 	 0.854797 	 0.00323803	0.00676484
4480 	 1035 	 0.854819 	 0.00324394	0.00677718
4480 	 1040 	 0.854842 	 0.00324982	0.00678946
4480 	 1045 	 0.854864 	 0.00325567	0.00680169
4480 	 1050 	 0.854885 	 0.0032615	0.00681386
4480 	 1055 	 0.854907 	 0.0032673	0.00682598
4480 	 1060 	 0.854929 	 0.00327307	0.00683805
4480 	 1065 	 0.85495 	 0.00327883	0.00685006
4480 	 1070 	 0.854971 	 0.00328455	0.00686202
4480 	 1075 	 0.854992 	 0.00329025	0.00687393
4480 	 1080 	 0.855013 	 0.00329593	0.00688579
4480 	 1085 	 0.855033 	 0.00330157	0.00689759
4480 	 1090 	 0.855054 	 0.0033072	0.00690934
4480 	 1095 	 0.855074 	 0.0033128	0.00692104
4480 	 1100 	 0.855094 	 0.00331838	0.00693269
4480 	 1105 	 0.855114 	 0.00332393	0.00694429
4480 	 1110 	 0.855134 	 0.00332945	0.00695583
4480 	 1115 	 0.855153 	 0.00333496	0.00696733
4480 	 1120 	 0.855173 	 0.00334043	0.00697877
4480 	 1125 	 0.855192 	 0.00334589	0.00699017
4480 	 1130 	 0.855211 	 0.00335132	0.00700151
4480 	 1135 	 0.85523 	 0.00335672	0.00701281
4480 	 1140 	 0.855249 	 0.00336211	0.00702406
4480 	 1145 	 0.855267 	 0.00336747	0.00703525
4480 	 1150 	 0.855286 	 0.0033728	0.0070464
4480 	 1155 	 0.855304 	 0.00337812	0.0070575
4480 	 1160 	 0.855322 	 0.00338341	0.00706855
4480 	 1165 	 0.85534 	 0.00338867	0.00707956
4480 	 1170 	 0.855358 	 0.00339392	0.00709051
4480 	 1175 	 0.855376 	 0.00339914	0.00710142
4480 	 1180 	 0.855394 	 0.00340434	0.00711228
4480 	 1185 	 0.855411 	 0.00340952	0.0071231
4480 	 1190 	 0.855428 	 0.00341467	0.00713387
4480 	 1195 	 0.855446 	 0.0034198	0.00714459
4480 	 1200 	 0.855463 	 0.00342491	0.00715526
4480 	 1205 	 0.85548 	 0.00343	0.00716589
4480 	 1210 	 0.855496 	 0.00343507	0.00717648
4480 	 1215 	 0.855513 	 0.00344011	0.00718702
4480 	 1220 	 0.85553 	 0.00344513	0.00719751
4480 	 1225 	 0.855546 	 0.00345013	0.00720796
4480 	 1230 	 0.855562 	 0.00345511	0.00721836
4480 	 1235 	 0.855579 	 0.00346007	0.00722872
4480 	 1240 	 0.855595 	 0.00346501	0.00723904
4480 	 1245 	 0.855611 	 0.00346993	0.00724931
4480 	 1250 	 0.855627 	 0.00347482	0.00725954
4480 	 1255 	 0.855642 	 0.0034797	0.00726973
4480 	 1260 	 0.855658 	 0.00348455	0.00727987
4480 	 1265 	 0.855673 	 0.00348939	0.00728997
4480 	 1270 	 0.855689 	 0.0034942	0.00730003
4480 	 1275 	 0.855704 	 0.003499	0.00731004
4480 	 1280 	 0.855719 	 0.00350377	0.00732001
4480 	 1285 	 0.855734 	 0.00350852	0.00732994
4480 	 1290 	 0.855749 	 0.00351326	0.00733983
4480 	 1295 	 0.855764 	 0.00351797	0.00734968
4480 	 1300 	 0.855779 	 0.00352267	0.00735949
4480 	 1305 	 0.855793 	 0.00352734	0.00736926
4480 	 1310 	 0.855808 	 0.003532	0.00737898
4480 	 1315 	 0.855822 	 0.00353663	0.00738867
4480 	 1320 	 0.855837 	 0.00354125	0.00739831
4480 	 1325 	 0.855851 	 0.00354585	0.00740792
4480 	 1330 	 0.855865 	 0.00355042	0.00741748
4480 	 1335 	 0.855879 	 0.00355498	0.00742701
4480 	 1340 	 0.855893 	 0.00355953	0.0074365
4480 	 1345 	 0.855907 	 0.00356405	0.00744594
4480 	 1350 	 0.85592 	 0.00356855	0.00745535
4480 	 1355 	 0.855934 	 0.00357304	0.00746473
4480 	 1360 	 0.855948 	 0.0035775	0.00747406
4480 	 1365 	 0.855961 	 0.00358195	0.00748335
4480 	 1370 	 0.855974 	 0.00358638	0.00749261
4480 	 1375 	 0.855988 	 0.0035908	0.00750183
4480 	 1380 	 0.856001 	 0.00359519	0.00751101
4480 	 1385 	 0.856014 	 0.00359957	0.00752016
4480 	 1390 	 0.856027 	 0.00360393	0.00752926
4480 	 1395 	 0.85604 	 0.00360827	0.00753833
4480 	 1400 	 0.856053 	 0.0036126	0.00754737
4480 	 1405 	 0.856065 	 0.0036169	0.00755637
4480 	 1410 	 0.856078 	 0.00362119	0.00756533
4480 	 1415 	 0.856091 	 0.00362546	0.00757426
4480 	 1420 	 0.856103 	 0.00362972	0.00758315
4480 	 1425 	 0.856116 	 0.00363396	0.007592
4480 	 1430 	 0.856128 	 0.00363818	0.00760082
4480 	 1435 	 0.85614 	 0.00364239	0.00760961
4480 	 1440 	 0.856152 	 0.00364657	0.00761836
4480 	 1445 	 0.856164 	 0.00365075	0.00762707
4480 	 1450 	 0.856177 	 0.0036549	0.00763575
4480 	 1455 	 0.856188 	 0.00365904	0.0076444
4480 	 1460 	 0.8562 	 0.00366316	0.00765301
4480 	 1465 	 0.856212 	 0.00366727	0.00766159
4480 	 1470 	 0.856224 	 0.00367136	0.00767014
4480 	 1475 	 0.856236 	 0.00367543	0.00767865
4480 	 1480 	 0.856247 	 0.00367949	0.00768713
4480 	 1485 	 0.856259 	 0.00368353	0.00769557
4480 	 1490 	 0.85627 	 0.00368756	0.00770399
4480 	 1495 	 0.856281 	 0.00369157	0.00771237
4480 	 1500 	 0.856293 	 0.00369557	0.00772071
4480 	 1505 	 0.856304 	 0.00369955	0.00772903
4480 	 1510 	 0.856315 	 0.00370351	0.00773731
4480 	 1515 	 0.856326 	 0.00370746	0.00774556
4480 	 1520 	 0.856337 	 0.0037114	0.00775378
4480 	 1525 	 0.856348 	 0.00371531	0.00776197
4480 	 1530 	 0.856359 	 0.00371922	0.00777013
4480 	 1535 	 0.85637 	 0.00372311	0.00777825
4480 	 1540 	 0.856381 	 0.00372698	0.00778635
4480 	 1545 	 0.856391 	 0.00373084	0.00779441
4480 	 1550 	 0.856402 	 0.00373469	0.00780244
4480 	 1555 	 0.856413 	 0.00373852	0.00781044
4480 	 1560 	 0.856423 	 0.00374233	0.00781842
4480 	 1565 	 0.856433 	 0.00374613	0.00782636
4480 	 1570 	 0.856444 	 0.00374992	0.00783427
4480 	 1575 	 0.856454 	 0.00375369	0.00784215
4480 	 1580 	 0.856464 	 0.00375745	0.00785
4480 	 1585 	 0.856475 	 0.0037612	0.00785783
4480 	 1590 	 0.856485 	 0.00376493	0.00786562
4480 	 1595 	 0.856495 	 0.00376864	0.00787338
4480 	 1600 	 0.856505 	 0.00377235	0.00788112
4480 	 1605 	 0.856515 	 0.00377604	0.00788883
4480 	 1610 	 0.856525 	 0.00377971	0.0078965
4480 	 1615 	 0.856535 	 0.00378337	0.00790415
4480 	 1620 	 0.856544 	 0.00378702	0.00791178
4480 	 1625 	 0.856554 	 0.00379065	0.00791937
4480 	 1630 	 0.856564 	 0.00379428	0.00792693
4480 	 1635 	 0.856573 	 0.00379788	0.00793447
4480 	 1640 	 0.856583 	 0.00380148	0.00794198
4480 	 1645 	 0.856593 	 0.00380506	0.00794946
4480 	 1650 	 0.856602 	 0.00380863	0.00795692
4480 	 1655 	 0.856611 	 0.00381218	0.00796435
4480 	 1660 	 0.856621 	 0.00381573	0.00797175
4480 	 1665 	 0.85663 	 0.00381925	0.00797912
4480 	 1670 	 0.856639 	 0.00382277	0.00798647
4480 	 1675 	 0.856649 	 0.00382628	0.00799379
4480 	 1680 	 0.856658 	 0.00382977	0.00800108
4480 	 1685 	 0.856667 	 0.00383324	0.00800835
4480 	 1690 	 0.856676 	 0.00383671	0.00801559
4480 	 1695 	 0.856685 	 0.00384016	0.0080228
4480 	 1700 	 0.856694 	 0.00384361	0.00802999
4480 	 1705 	 0.856703 	 0.00384703	0.00803716
4480 	 1710 	 0.856712 	 0.00385045	0.00804429
4480 	 1715 	 0.85672 	 0.00385386	0.00805141
4480 	 1720 	 0.856729 	 0.00385725	0.00805849
4480 	 1725 	 0.856738 	 0.00386063	0.00806555
4480 	 1730 	 0.856747 	 0.003864	0.00807259
4480 	 1735 	 0.856755 	 0.00386735	0.0080796
4480 	 1740 	 0.856764 	 0.0038707	0.00808659
4480 	 1745 	 0.856772 	 0.00387403	0.00809355
4480 	 1750 	 0.856781 	 0.00387735	0.00810049
4480 	 1755 	 0.856789 	 0.00388066	0.0081074
4480 	 1760 	 0.856798 	 0.00388396	0.00811429
4480 	 1765 	 0.856806 	 0.00388724	0.00812116
4480 	 1770 	 0.856814 	 0.00389052	0.008128
4480 	 1775 	 0.856823 	 0.00389378	0.00813482
4480 	 1780 	 0.856831 	 0.00389703	0.00814161
4480 	 1785 	 0.856839 	 0.00390027	0.00814838
4480 	 1790 	 0.856847 	 0.0039035	0.00815513
4480 	 1795 	 0.856855 	 0.00390672	0.00816185
4480 	 1800 	 0.856863 	 0.00390993	0.00816855
4480 	 1805 	 0.856871 	 0.00391312	0.00817523
4480 	 1810 	 0.856879 	 0.00391631	0.00818188
4480 	 1815 	 0.856887 	 0.00391948	0.00818851
4480 	 1820 	 0.856895 	 0.00392264	0.00819512
4480 	 1825 	 0.856903 	 0.0039258	0.0082017
4480 	 1830 	 0.856911 	 0.00392894	0.00820827
4480 	 1835 	 0.856918 	 0.00393207	0.00821481
4480 	 1840 	 0.856926 	 0.00393519	0.00822133
4480 	 1845 	 0.856934 	 0.0039383	0.00822782
4480 	 1850 	 0.856942 	 0.0039414	0.0082343
4480 	 1855 	 0.856949 	 0.00394449	0.00824075
4480 	 1860 	 0.856957 	 0.00394756	0.00824718
4480 	 1865 	 0.856964 	 0.00395063	0.00825359
4480 	 1870 	 0.856972 	 0.00395369	0.00825998
4480 	 1875 	 0.856979 	 0.00395674	0.00826634
4480 	 1880 	 0.856987 	 0.00395977	0.00827269
4480 	 1885 	 0.856994 	 0.0039628	0.00827901
4480 	 1890 	 0.857001 	 0.00396582	0.00828531
4480 	 1895 	 0.857009 	 0.00396882	0.0082916
4480 	 1900 	 0.857016 	 0.00397182	0.00829786
4480 	 1905 	 0.857023 	 0.00397481	0.0083041
4480 	 1910 	 0.857031 	 0.00397778	0.00831032
4480 	 1915 	 0.857038 	 0.00398075	0.00831651
4480 	 1920 	 0.857045 	 0.00398371	0.00832269
4480 	 1925 	 0.857052 	 0.00398666	0.00832885
4480 	 1930 	 0.857059 	 0.00398959	0.00833499
4480 	 1935 	 0.857066 	 0.00399252	0.0083411
4480 	 1940 	 0.857073 	 0.00399544	0.0083472
4480 	 1945 	 0.85708 	 0.00399835	0.00835328
4480 	 1950 	 0.857087 	 0.00400125	0.00835934
4480 	 1955 	 0.857094 	 0.00400414	0.00836537
4480 	 1960 	 0.857101 	 0.00400702	0.00837139
4480 	 1965 	 0.857108 	 0.00400989	0.00837739
4480 	 1970 	 0.857115 	 0.00401275	0.00838337
4480 	 1975 	 0.857121 	 0.0040156	0.00838933
4480 	 1980 	 0.857128 	 0.00401845	0.00839527
4480 	 1985 	 0.857135 	 0.00402128	0.00840119
4480 	 1990 	 0.857141 	 0.00402411	0.00840709
4480 	 1995 	 0.857148 	 0.00402692	0.00841298
4480 	 2000 	 0.857155 	 0.00402973	0.00841884
4480 	 2005 	 0.857161 	 0.00403253	0.00842469
4480 	 2010 	 0.857168 	 0.00403532	0.00843051
4480 	 2015 	 0.857174 	 0.0040381	0.00843632
4480 	 2020 	 0.857181 	 0.00404087	0.00844211
4480 	 2025 	 0.857187 	 0.00404363	0.00844788
4480 	 2030 	 0.857194 	 0.00404639	0.00845364
4480 	 2035 	 0.8572 	 0.00404913	0.00845937
4480 	 2040 	 0.857207 	 0.00405187	0.00846509
4480 	 2045 	 0.857213 	 0.0040546	0.00847079
4480 	 2050 	 0.857219 	 0.00405731	0.00847647
4480 	 2055 	 0.857226 	 0.00406003	0.00848213
4480 	 2060 	 0.857232 	 0.00406273	0.00848778
4480 	 2065 	 0.857238 	 0.00406542	0.00849341
4480 	 2070 	 0.857244 	 0.00406811	0.00849902
4480 	 2075 	 0.857251 	 0.00407078	0.00850461
4480 	 2080 	 0.857257 	 0.00407345	0.00851018
4480 	 2085 	 0.857263 	 0.00407611	0.00851574
4480 	 2090 	 0.857269 	 0.00407877	0.00852128
4480 	 2095 	 0.857275 	 0.00408141	0.00852681
4480 	 2100 	 0.857281 	 0.00408404	0.00853231
4480 	 2105 	 0.857287 	 0.00408667	0.0085378
4480 	 2110 	 0.857293 	 0.00408929	0.00854328
4480 	 2115 	 0.857299 	 0.0040919	0.00854873
4480 	 2120 	 0.857305 	 0.00409451	0.00855417
4480 	 2125 	 0.857311 	 0.0040971	0.00855959
4480 	 2130 	 0.857317 	 0.00409969	0.008565
4480 	 2135 	 0.857323 	 0.00410227	0.00857039
4480 	 2140 	 0.857329 	 0.00410484	0.00857576
4480 	 2145 	 0.857334 	 0.0041074	0.00858112
4480 	 2150 	 0.85734 	 0.00410996	0.00858646
4480 	 2155 	 0.857346 	 0.00411251	0.00859178
4480 	 2160 	 0.857352 	 0.00411505	0.00859709
4480 	 2165 	 0.857357 	 0.00411758	0.00860238
4480 	 2170 	 0.857363 	 0.00412011	0.00860766
4480 	 2175 	 0.857369 	 0.00412263	0.00861292
4480 	 2180 	 0.857375 	 0.00412514	0.00861816
4480 	 2185 	 0.85738 	 0.00412764	0.00862339
4480 	 2190 	 0.857386 	 0.00413013	0.0086286
4480 	 2195 	 0.857391 	 0.00413262	0.0086338
4480 	 2200 	 0.857397 	 0.0041351	0.00863898
4480 	 2205 	 0.857402 	 0.00413758	0.00864415
4480 	 2210 	 0.857408 	 0.00414004	0.0086493
4480 	 2215 	 0.857413 	 0.0041425	0.00865444
4480 	 2220 	 0.857419 	 0.00414495	0.00865956
4480 	 2225 	 0.857424 	 0.00414739	0.00866466
4480 	 2230 	 0.85743 	 0.00414983	0.00866975
4480 	 2235 	 0.857435 	 0.00415226	0.00867483
4480 	 2240 	 0.85744 	 0.00415468	0.00867989
4480 	 2245 	 0.857446 	 0.0041571	0.00868493
4480 	 2250 	 0.857451 	 0.0041595	0.00868996
4480 	 2255 	 0.857456 	 0.00416191	0.00869498
4480 	 2260 	 0.857462 	 0.0041643	0.00869998
4480 	 2265 	 0.857467 	 0.00416669	0.00870497
4480 	 2270 	 0.857472 	 0.00416907	0.00870994
4480 	 2275 	 0.857477 	 0.00417144	0.0087149
4480 	 2280 	 0.857483 	 0.00417381	0.00871984
4480 	 2285 	 0.857488 	 0.00417617	0.00872477
4480 	 2290 	 0.857493 	 0.00417852	0.00872968
4480 	 2295 	 0.857498 	 0.00418086	0.00873459
4480 	 2300 	 0.857503 	 0.0041832	0.00873947
4480 	 2305 	 0.857508 	 0.00418553	0.00874434
4480 	 2310 	 0.857513 	 0.00418786	0.0087492
4480 	 2315 	 0.857518 	 0.00419018	0.00875405
4480 	 2320 	 0.857523 	 0.00419249	0.00875888
4480 	 2325 	 0.857529 	 0.0041948	0.00876369
4480 	 2330 	 0.857534 	 0.0041971	0.0087685
4480 	 2335 	 0.857538 	 0.00419939	0.00877329
4480 	 2340 	 0.857543 	 0.00420167	0.00877806
4480 	 2345 	 0.857548 	 0.00420395	0.00878282
4480 	 2350 	 0.857553 	 0.00420623	0.00878757
4480 	 2355 	 0.857558 	 0.00420849	0.00879231
4480 	 2360 	 0.857563 	 0.00421075	0.00879703
4480 	 2365 	 0.857568 	 0.00421301	0.00880174
4480 	 2370 	 0.857573 	 0.00421525	0.00880643
4480 	 2375 	 0.857578 	 0.0042175	0.00881112
4480 	 2380 	 0.857582 	 0.00421973	0.00881579
4480 	 2385 	 0.857587 	 0.00422196	0.00882044
4480 	 2390 	 0.857592 	 0.00422418	0.00882508
4480 	 2395 	 0.857597 	 0.0042264	0.00882971
4480 	 2400 	 0.857601 	 0.00422861	0.00883433
4480 	 2405 	 0.857606 	 0.00423081	0.00883894
4480 	 2410 	 0.857611 	 0.00423301	0.00884353
4480 	 2415 	 0.857615 	 0.0042352	0.00884811
4480 	 2420 	 0.85762 	 0.00423739	0.00885267
4480 	 2425 	 0.857625 	 0.00423957	0.00885722
4480 	 2430 	 0.857629 	 0.00424174	0.00886177
4480 	 2435 	 0.857634 	 0.00424391	0.00886629
4480 	 2440 	 0.857639 	 0.00424607	0.00887081
4480 	 2445 	 0.857643 	 0.00424822	0.00887531
4480 	 2450 	 0.857648 	 0.00425037	0.0088798
4480 	 2455 	 0.857652 	 0.00425252	0.00888428
4480 	 2460 	 0.857657 	 0.00425465	0.00888875
4480 	 2465 	 0.857661 	 0.00425679	0.0088932
4480 	 2470 	 0.857666 	 0.00425891	0.00889765
4480 	 2475 	 0.85767 	 0.00426103	0.00890208
4480 	 2480 	 0.857675 	 0.00426315	0.00890649
4480 	 2485 	 0.857679 	 0.00426526	0.0089109
4480 	 2490 	 0.857683 	 0.00426736	0.00891529
4480 	 2495 	 0.857688 	 0.00426946	0.00891968
4480 	 2500 	 0.857692 	 0.00427155	0.00892405
4480 	 2505 	 0.857697 	 0.00427364	0.0089284
4480 	 2510 	 0.857701 	 0.00427572	0.00893275
4480 	 2515 	 0.857705 	 0.00427779	0.00893709
4480 	 2520 	 0.85771 	 0.00427986	0.00894141
4480 	 2525 	 0.857714 	 0.00428193	0.00894572
4480 	 2530 	 0.857718 	 0.00428398	0.00895002
4480 	 2535 	 0.857722 	 0.00428604	0.00895431
4480 	 2540 	 0.857727 	 0.00428808	0.00895859
4480 	 2545 	 0.857731 	 0.00429013	0.00896286
4480 	 2550 	 0.857735 	 0.00429216	0.00896711
4480 	 2555 	 0.857739 	 0.00429419	0.00897135
4480 	 2560 	 0.857744 	 0.00429622	0.00897559
4480 	 2565 	 0.857748 	 0.00429824	0.00897981
4480 	 2570 	 0.857752 	 0.00430026	0.00898402
4480 	 2575 	 0.857756 	 0.00430227	0.00898822
4480 	 2580 	 0.85776 	 0.00430427	0.00899241
4480 	 2585 	 0.857764 	 0.00430627	0.00899658
4480 	 2590 	 0.857768 	 0.00430826	0.00900075
4480 	 2595 	 0.857773 	 0.00431025	0.0090049
4480 	 2600 	 0.857777 	 0.00431224	0.00900905
4480 	 2605 	 0.857781 	 0.00431421	0.00901318
4480 	 2610 	 0.857785 	 0.00431619	0.0090173
4480 	 2615 	 0.857789 	 0.00431816	0.00902142
4480 	 2620 	 0.857793 	 0.00432012	0.00902552
4480 	 2625 	 0.857797 	 0.00432208	0.00902961
4480 	 2630 	 0.857801 	 0.00432403	0.00903369
4480 	 2635 	 0.857805 	 0.00432598	0.00903776
4480 	 2640 	 0.857809 	 0.00432792	0.00904182
4480 	 2645 	 0.857813 	 0.00432986	0.00904586
4480 	 2650 	 0.857817 	 0.00433179	0.0090499
4480 	 2655 	 0.857821 	 0.00433372	0.00905393
4480 	 2660 	 0.857824 	 0.00433564	0.00905795
4480 	 2665 	 0.857828 	 0.00433756	0.00906195
4480 	 2670 	 0.857832 	 0.00433947	0.00906595
4480 	 2675 	 0.857836 	 0.00434138	0.00906994
4480 	 2680 	 0.85784 	 0.00434329	0.00907391
4480 	 2685 	 0.857844 	 0.00434518	0.00907788
4480 	 2690 	 0.857848 	 0.00434708	0.00908184
4480 	 2695 	 0.857851 	 0.00434897	0.00908578
4480 	 2700 	 0.857855 	 0.00435085	0.00908972
4480 	 2705 	 0.857859 	 0.00435273	0.00909365
4480 	 2710 	 0.857863 	 0.0043546	0.00909756
4480 	 2715 	 0.857867 	 0.00435647	0.00910147
4480 	 2720 	 0.85787 	 0.00435834	0.00910536
4480 	 2725 	 0.857874 	 0.0043602	0.00910925
4480 	 2730 	 0.857878 	 0.00436206	0.00911313
4480 	 2735 	 0.857881 	 0.00436391	0.009117
4480 	 2740 	 0.857885 	 0.00436575	0.00912085
4480 	 2745 	 0.857889 	 0.00436759	0.0091247
4480 	 2750 	 0.857893 	 0.00436943	0.00912854
4480 	 2755 	 0.857896 	 0.00437126	0.00913237
4480 	 2760 	 0.8579 	 0.00437309	0.00913619
4480 	 2765 	 0.857903 	 0.00437492	0.00914
4480 	 2770 	 0.857907 	 0.00437674	0.0091438
4480 	 2775 	 0.857911 	 0.00437855	0.00914759
4480 	 2780 	 0.857914 	 0.00438036	0.00915137
4480 	 2785 	 0.857918 	 0.00438217	0.00915514
4480 	 2790 	 0.857921 	 0.00438397	0.00915891
4480 	 2795 	 0.857925 	 0.00438576	0.00916266
4480 	 2800 	 0.857929 	 0.00438756	0.0091664
4480 	 2805 	 0.857932 	 0.00438934	0.00917014
4480 	 2810 	 0.857936 	 0.00439113	0.00917386
4480 	 2815 	 0.857939 	 0.00439291	0.00917758
4480 	 2820 	 0.857943 	 0.00439468	0.00918129
4480 	 2825 	 0.857946 	 0.00439645	0.00918499
4480 	 2830 	 0.85795 	 0.00439822	0.00918868
4480 	 2835 	 0.857953 	 0.00439998	0.00919236
4480 	 2840 	 0.857957 	 0.00440174	0.00919603
4480 	 2845 	 0.85796 	 0.00440349	0.00919969
4480 	 2850 	 0.857964 	 0.00440524	0.00920335
4480 	 2855 	 0.857967 	 0.00440698	0.00920699
4480 	 2860 	 0.85797 	 0.00440872	0.00921063
4480 	 2865 	 0.857974 	 0.00441046	0.00921426
4480 	 2870 	 0.857977 	 0.00441219	0.00921788
4480 	 2875 	 0.857981 	 0.00441392	0.00922149
4480 	 2880 	 0.857984 	 0.00441565	0.00922509
4480 	 2885 	 0.857987 	 0.00441736	0.00922868
4480 	 2890 	 0.857991 	 0.00441908	0.00923226
4480 	 2895 	 0.857994 	 0.00442079	0.00923584
4480 	 2900 	 0.857997 	 0.0044225	0.00923941
4480 	 2905 	 0.858001 	 0.0044242	0.00924297
4480 	 2910 	 0.858004 	 0.0044259	0.00924652
4480 	 2915 	 0.858007 	 0.0044276	0.00925006
4480 	 2920 	 0.858011 	 0.00442929	0.00925359
4480 	 2925 	 0.858014 	 0.00443098	0.00925712
4480 	 2930 	 0.858017 	 0.00443266	0.00926063
4480 	 2935 	 0.85802 	 0.00443434	0.00926414
4480 	 2940 	 0.858024 	 0.00443601	0.00926764
4480 	 2945 	 0.858027 	 0.00443768	0.00927113
4480 	 2950 	 0.85803 	 0.00443935	0.00927462
4480 	 2955 	 0.858033 	 0.00444102	0.00927809
4480 	 2960 	 0.858036 	 0.00444268	0.00928156
4480 	 2965 	 0.85804 	 0.00444433	0.00928502
4480 	 2970 	 0.858043 	 0.00444598	0.00928847
4480 	 2975 	 0.858046 	 0.00444763	0.00929191
4480 	 2980 	 0.858049 	 0.00444927	0.00929535
4480 	 2985 	 0.858052 	 0.00445091	0.00929877
4480 	 2990 	 0.858055 	 0.00445255	0.00930219
4480 	 2995 	 0.858059 	 0.00445418	0.0093056
4480 	 3000 	 0.858062 	 0.00445581	0.009309
4480 	 3005 	 0.858065 	 0.00445744	0.0093124
4480 	 3010 	 0.858068 	 0.00445906	0.00931579
4480 	 3015 	 0.858071 	 0.00446068	0.00931917
4480 	 3020 	 0.858074 	 0.00446229	0.00932254
4480 	 3025 	 0.858077 	 0.0044639	0.0093259
4480 	 3030 	 0.85808 	 0.00446551	0.00932926
4480 	 3035 	 0.858083 	 0.00446711	0.00933261
4480 	 3040 	 0.858086 	 0.00446871	0.00933595
4480 	 3045 	 0.858089 	 0.0044703	0.00933928
4480 	 3050 	 0.858093 	 0.0044719	0.0093426
4480 	 3055 	 0.858096 	 0.00447348	0.00934592
4480 	 3060 	 0.858099 	 0.00447507	0.00934923
4480 	 3065 	 0.858102 	 0.00447665	0.00935254
4480 	 3070 	 0.858105 	 0.00447823	0.00935583
4480 	 3075 	 0.858108 	 0.0044798	0.00935912
4480 	 3080 	 0.858111 	 0.00448137	0.0093624
4480 	 3085 	 0.858113 	 0.00448294	0.00936567
4480 	 3090 	 0.858116 	 0.0044845	0.00936894
4480 	 3095 	 0.858119 	 0.00448606	0.00937219
4480 	 3100 	 0.858122 	 0.00448761	0.00937544
4480 	 3105 	 0.858125 	 0.00448917	0.00937869
4480 	 3110 	 0.858128 	 0.00449072	0.00938192
4480 	 3115 	 0.858131 	 0.00449226	0.00938515
4480 	 3120 	 0.858134 	 0.0044938	0.00938837
4480 	 3125 	 0.858137 	 0.00449534	0.00939159
4480 	 3130 	 0.85814 	 0.00449688	0.0093948
4480 	 3135 	 0.858143 	 0.00449841	0.00939799
4480 	 3140 	 0.858146 	 0.00449994	0.00940119
4480 	 3145 	 0.858148 	 0.00450146	0.00940437
4480 	 3150 	 0.858151 	 0.00450298	0.00940755
4480 	 3155 	 0.858154 	 0.0045045	0.00941072
4480 	 3160 	 0.858157 	 0.00450602	0.00941389
4480 	 3165 	 0.85816 	 0.00450753	0.00941704
4480 	 3170 	 0.858163 	 0.00450903	0.00942019
4480 	 3175 	 0.858165 	 0.00451054	0.00942334
4480 	 3180 	 0.858168 	 0.00451204	0.00942647
4480 	 3185 	 0.858171 	 0.00451354	0.0094296
4480 	 3190 	 0.858174 	 0.00451503	0.00943273
4480 	 3195 	 0.858177 	 0.00451652	0.00943584
4480 	 3200 	 0.858179 	 0.00451801	0.00943895
4480 	 3205 	 0.858182 	 0.0045195	0.00944205
4480 	 3210 	 0.858185 	 0.00452098	0.00944515
4480 	 3215 	 0.858188 	 0.00452246	0.00944824
4480 	 3220 	 0.85819 	 0.00452393	0.00945132
4480 	 3225 	 0.858193 	 0.0045254	0.00945439
4480 	 3230 	 0.858196 	 0.00452687	0.00945746
4480 	 3235 	 0.858199 	 0.00452834	0.00946052
4480 	 3240 	 0.858201 	 0.0045298	0.00946358
4480 	 3245 	 0.858204 	 0.00453126	0.00946663
4480 	 3250 	 0.858207 	 0.00453272	0.00946967
4480 	 3255 	 0.858209 	 0.00453417	0.0094727
4480 	 3260 	 0.858212 	 0.00453562	0.00947573
4480 	 3265 	 0.858215 	 0.00453706	0.00947875
4480 	 3270 	 0.858217 	 0.00453851	0.00948177
4480 	 3275 	 0.85822 	 0.00453995	0.00948478
4480 	 3280 	 0.858223 	 0.00454139	0.00948778
4480 	 3285 	 0.858225 	 0.00454282	0.00949078
4480 	 3290 	 0.858228 	 0.00454425	0.00949377
4480 	 3295 	 0.858231 	 0.00454568	0.00949675
4480 	 3300 	 0.858233 	 0.0045471	0.00949973
4480 	 3305 	 0.858236 	 0.00454852	0.0095027
4480 	 3310 	 0.858239 	 0.00454994	0.00950566
4480 	 3315 	 0.858241 	 0.00455136	0.00950862
4480 	 3320 	 0.858244 	 0.00455277	0.00951157
4480 	 3325 	 0.858246 	 0.00455418	0.00951452
4480 	 3330 	 0.858249 	 0.00455559	0.00951746
4480 	 3335 	 0.858251 	 0.00455699	0.00952039
4480 	 3340 	 0.858254 	 0.00455839	0.00952331
4480 	 3345 	 0.858257 	 0.00455979	0.00952623
4480 	 3350 	 0.858259 	 0.00456119	0.00952915
4480 	 3355 	 0.858262 	 0.00456258	0.00953206
4480 	 3360 	 0.858264 	 0.00456397	0.00953496
4480 	 3365 	 0.858267 	 0.00456535	0.00953785
4480 	 3370 	 0.858269 	 0.00456674	0.00954074
4480 	 3375 	 0.858272 	 0.00456812	0.00954363
4480 	 3380 	 0.858274 	 0.00456949	0.00954651
4480 	 3385 	 0.858277 	 0.00457087	0.00954938
4480 	 3390 	 0.858279 	 0.00457224	0.00955224
4480 	 3395 	 0.858282 	 0.00457361	0.0095551
4480 	 3400 	 0.858284 	 0.00457497	0.00955796
4480 	 3405 	 0.858287 	 0.00457634	0.0095608
4480 	 3410 	 0.858289 	 0.0045777	0.00956365
4480 	 3415 	 0.858292 	 0.00457906	0.00956648
4480 	 3420 	 0.858294 	 0.00458041	0.00956931
4480 	 3425 	 0.858297 	 0.00458176	0.00957213
4480 	 3430 	 0.858299 	 0.00458311	0.00957495
4480 	 3435 	 0.858301 	 0.00458446	0.00957777
4480 	 3440 	 0.858304 	 0.0045858	0.00958057
4480 	 3445 	 0.858306 	 0.00458714	0.00958337
4480 	 3450 	 0.858309 	 0.00458848	0.00958617
4480 	 3455 	 0.858311 	 0.00458981	0.00958896
4480 	 3460 	 0.858314 	 0.00459115	0.00959174
4480 	 3465 	 0.858316 	 0.00459248	0.00959452
4480 	 3470 	 0.858318 	 0.0045938	0.00959729
4480 	 3475 	 0.858321 	 0.00459513	0.00960006
4480 	 3480 	 0.858323 	 0.00459645	0.00960282
4480 	 3485 	 0.858325 	 0.00459777	0.00960557
4480 	 3490 	 0.858328 	 0.00459908	0.00960832
4480 	 3495 	 0.85833 	 0.0046004	0.00961107
4480 	 3500 	 0.858333 	 0.00460171	0.00961381
4480 	 3505 	 0.858335 	 0.00460302	0.00961654
4480 	 3510 	 0.858337 	 0.00460432	0.00961927
4480 	 3515 	 0.85834 	 0.00460562	0.00962199
4480 	 3520 	 0.858342 	 0.00460692	0.0096247
4480 	 3525 	 0.858344 	 0.00460822	0.00962741
4480 	 3530 	 0.858347 	 0.00460952	0.00963012
4480 	 3535 	 0.858349 	 0.00461081	0.00963282
4480 	 3540 	 0.858351 	 0.0046121	0.00963551
4480 	 3545 	 0.858353 	 0.00461339	0.0096382
4480 	 3550 	 0.858356 	 0.00461467	0.00964089
4480 	 3555 	 0.858358 	 0.00461595	0.00964356
4480 	 3560 	 0.85836 	 0.00461723	0.00964624
4480 	 3565 	 0.858363 	 0.00461851	0.0096489
4480 	 3570 	 0.858365 	 0.00461978	0.00965157
4480 	 3575 	 0.858367 	 0.00462105	0.00965422
4480 	 3580 	 0.858369 	 0.00462232	0.00965687
4480 	 3585 	 0.858372 	 0.00462359	0.00965952
4480 	 3590 	 0.858374 	 0.00462485	0.00966216
4480 	 3595 	 0.858376 	 0.00462612	0.0096648
4480 	 3600 	 0.858378 	 0.00462737	0.00966743
4480 	 3605 	 0.858381 	 0.00462863	0.00967005
4480 	 3610 	 0.858383 	 0.00462989	0.00967267
4480 	 3615 	 0.858385 	 0.00463114	0.00967529
4480 	 3620 	 0.858387 	 0.00463239	0.0096779
4480 	 3625 	 0.858389 	 0.00463363	0.0096805
4480 	 3630 	 0.858392 	 0.00463488	0.0096831
4480 	 3635 	 0.858394 	 0.00463612	0.0096857
4480 	 3640 	 0.858396 	 0.00463736	0.00968829
4480 	 3645 	 0.858398 	 0.00463859	0.00969087
4480 	 3650 	 0.8584 	 0.00463983	0.00969345
4480 	 3655 	 0.858402 	 0.00464106	0.00969602
4480 	 3660 	 0.858405 	 0.00464229	0.00969859
4480 	 3665 	 0.858407 	 0.00464352	0.00970116
4480 	 3670 	 0.858409 	 0.00464474	0.00970371
4480 	 3675 	 0.858411 	 0.00464597	0.00970627
4480 	 3680 	 0.858413 	 0.00464719	0.00970882
4480 	 3685 	 0.858415 	 0.0046484	0.00971136
4480 	 3690 	 0.858418 	 0.00464962	0.0097139
4480 	 3695 	 0.85842 	 0.00465083	0.00971643
4480 	 3700 	 0.858422 	 0.00465204	0.00971896
4480 	 3705 	 0.858424 	 0.00465325	0.00972149
4480 	 3710 	 0.858426 	 0.00465446	0.00972401
4480 	 3715 	 0.858428 	 0.00465566	0.00972652
4480 	 3720 	 0.85843 	 0.00465686	0.00972903
4480 	 3725 	 0.858432 	 0.00465806	0.00973154
4480 	 3730 	 0.858434 	 0.00465926	0.00973404
4480 	 3735 	 0.858436 	 0.00466045	0.00973653
4480 	 3740 	 0.858439 	 0.00466164	0.00973902
4480 	 3745 	 0.858441 	 0.00466283	0.00974151
4480 	 3750 	 0.858443 	 0.00466402	0.00974399
4480 	 3755 	 0.858445 	 0.00466521	0.00974647
4480 	 3760 	 0.858447 	 0.00466639	0.00974894
4480 	 3765 	 0.858449 	 0.00466757	0.0097514
4480 	 3770 	 0.858451 	 0.00466875	0.00975387
4480 	 3775 	 0.858453 	 0.00466992	0.00975632
4480 	 3780 	 0.858455 	 0.0046711	0.00975878
4480 	 3785 	 0.858457 	 0.00467227	0.00976122
4480 	 3790 	 0.858459 	 0.00467344	0.00976367
4480 	 3795 	 0.858461 	 0.00467461	0.00976611
4480 	 3800 	 0.858463 	 0.00467577	0.00976854
4480 	 3805 	 0.858465 	 0.00467694	0.00977097
4480 	 3810 	 0.858467 	 0.0046781	0.00977339
4480 	 3815 	 0.858469 	 0.00467925	0.00977582
4480 	 3820 	 0.858471 	 0.00468041	0.00977823
4480 	 3825 	 0.858473 	 0.00468156	0.00978064
4480 	 3830 	 0.858475 	 0.00468272	0.00978305
4480 	 3835 	 0.858477 	 0.00468387	0.00978545
4480 	 3840 	 0.858479 	 0.00468501	0.00978785
4480 	 3845 	 0.858481 	 0.00468616	0.00979024
4480 	 3850 	 0.858483 	 0.0046873	0.00979263
4480 	 3855 	 0.858485 	 0.00468844	0.00979501
4480 	 3860 	 0.858487 	 0.00468958	0.00979739
4480 	 3865 	 0.858489 	 0.00469072	0.00979977
4480 	 3870 	 0.858491 	 0.00469186	0.00980214
4480 	 3875 	 0.858493 	 0.00469299	0.00980451
4480 	 3880 	 0.858495 	 0.00469412	0.00980687
4480 	 3885 	 0.858497 	 0.00469525	0.00980923
4480 	 3890 	 0.858499 	 0.00469637	0.00981158
4480 	 3895 	 0.858501 	 0.0046975	0.00981393
4480 	 3900 	 0.858503 	 0.00469862	0.00981627
4480 	 3905 	 0.858504 	 0.00469974	0.00981861
4480 	 3910 	 0.858506 	 0.00470086	0.00982095
4480 	 3915 	 0.858508 	 0.00470198	0.00982328
4480 	 3920 	 0.85851 	 0.00470309	0.00982561
4480 	 3925 	 0.858512 	 0.0047042	0.00982793
4480 	 3930 	 0.858514 	 0.00470531	0.00983025
4480 	 3935 	 0.858516 	 0.00470642	0.00983257
4480 	 3940 	 0.858518 	 0.00470752	0.00983488
4480 	 3945 	 0.85852 	 0.00470863	0.00983718
4480 	 3950 	 0.858522 	 0.00470973	0.00983949
4480 	 3955 	 0.858523 	 0.00471083	0.00984178
4480 	 3960 	 0.858525 	 0.00471193	0.00984408
4480 	 3965 	 0.858527 	 0.00471302	0.00984637
4480 	 3970 	 0.858529 	 0.00471412	0.00984865
4480 	 3975 	 0.858531 	 0.00471521	0.00985093
4480 	 3980 	 0.858533 	 0.0047163	0.00985321
4480 	 3985 	 0.858535 	 0.00471739	0.00985548
4480 	 3990 	 0.858536 	 0.00471847	0.00985775
4480 	 3995 	 0.858538 	 0.00471956	0.00986001
4480 	 4000 	 0.85854 	 0.00472064	0.00986227
4480 	 4005 	 0.858542 	 0.00472172	0.00986453
4480 	 4010 	 0.858544 	 0.0047228	0.00986678
4480 	 4015 	 0.858546 	 0.00472387	0.00986903
4480 	 4020 	 0.858547 	 0.00472495	0.00987128
4480 	 4025 	 0.858549 	 0.00472602	0.00987352
4480 	 4030 	 0.858551 	 0.00472709	0.00987575
4480 	 4035 	 0.858553 	 0.00472816	0.00987798
4480 	 4040 	 0.858555 	 0.00472922	0.00988021
4480 	 4045 	 0.858556 	 0.00473029	0.00988244
4480 	 4050 	 0.858558 	 0.00473135	0.00988466
4480 	 4055 	 0.85856 	 0.00473241	0.00988687
4480 	 4060 	 0.858562 	 0.00473347	0.00988908
4480 	 4065 	 0.858564 	 0.00473453	0.00989129
4480 	 4070 	 0.858565 	 0.00473558	0.0098935
4480 	 4075 	 0.858567 	 0.00473664	0.0098957
4480 	 4080 	 0.858569 	 0.00473769	0.00989789
4480 	 4085 	 0.858571 	 0.00473874	0.00990009
4480 	 4090 	 0.858572 	 0.00473979	0.00990227
4480 	 4095 	 0.858574 	 0.00474083	0.00990446
4480 	 4100 	 0.858576 	 0.00474187	0.00990664
4480 	 4105 	 0.858578 	 0.00474292	0.00990882
4480 	 4110 	 0.85858 	 0.00474396	0.00991099
4480 	 4115 	 0.858581 	 0.004745	0.00991316
4480 	 4120 	 0.858583 	 0.00474603	0.00991533
4480 	 4125 	 0.858585 	 0.00474707	0.00991749
4480 	 4130 	 0.858586 	 0.0047481	0.00991964
4480 	 4135 	 0.858588 	 0.00474913	0.0099218
4480 	 4140 	 0.85859 	 0.00475016	0.00992395
4480 	 4145 	 0.858592 	 0.00475119	0.0099261
4480 	 4150 	 0.858593 	 0.00475221	0.00992824
4480 	 4155 	 0.858595 	 0.00475324	0.00993038
4480 	 4160 	 0.858597 	 0.00475426	0.00993251
4480 	 4165 	 0.858598 	 0.00475528	0.00993464
4480 	 4170 	 0.8586 	 0.0047563	0.00993677
4480 	 4175 	 0.858602 	 0.00475731	0.0099389
4480 	 4180 	 0.858604 	 0.00475833	0.00994102
4480 	 4185 	 0.858605 	 0.00475934	0.00994313
4480 	 4190 	 0.858607 	 0.00476035	0.00994525
4480 	 4195 	 0.858609 	 0.00476136	0.00994736
4480 	 4200 	 0.85861 	 0.00476237	0.00994946
4480 	 4205 	 0.858612 	 0.00476338	0.00995156
4480 	 4210 	 0.858614 	 0.00476438	0.00995366
4480 	 4215 	 0.858615 	 0.00476539	0.00995576
4480 	 4220 	 0.858617 	 0.00476639	0.00995785
4480 	 4225 	 0.858619 	 0.00476739	0.00995994
4480 	 4230 	 0.85862 	 0.00476838	0.00996202
4480 	 4235 	 0.858622 	 0.00476938	0.0099641
4480 	 4240 	 0.858624 	 0.00477037	0.00996618
4480 	 4245 	 0.858625 	 0.00477137	0.00996825
4480 	 4250 	 0.858627 	 0.00477236	0.00997032
4480 	 4255 	 0.858629 	 0.00477335	0.00997239
4480 	 4260 	 0.85863 	 0.00477433	0.00997445
4480 	 4265 	 0.858632 	 0.00477532	0.00997651
4480 	 4270 	 0.858633 	 0.0047763	0.00997857
4480 	 4275 	 0.858635 	 0.00477728	0.00998062
4480 	 4280 	 0.858637 	 0.00477827	0.00998267
4480 	 4285 	 0.858638 	 0.00477924	0.00998471
4480 	 4290 	 0.85864 	 0.00478022	0.00998675
4480 	 4295 	 0.858642 	 0.0047812	0.00998879
4480 	 4300 	 0.858643 	 0.00478217	0.00999083
4480 	 4305 	 0.858645 	 0.00478314	0.00999286
4480 	 4310 	 0.858646 	 0.00478411	0.00999489
4480 	 4315 	 0.858648 	 0.00478508	0.00999691
4480 	 4320 	 0.85865 	 0.00478605	0.00999893
4480 	 4325 	 0.858651 	 0.00478702	0.0100009
4480 	 4330 	 0.858653 	 0.00478798	0.010003
4480 	 4335 	 0.858654 	 0.00478894	0.010005
4480 	 4340 	 0.858656 	 0.0047899	0.010007
4480 	 4345 	 0.858657 	 0.00479086	0.010009
4480 	 4350 	 0.858659 	 0.00479182	0.010011
4480 	 4355 	 0.858661 	 0.00479278	0.010013
4480 	 4360 	 0.858662 	 0.00479373	0.010015
4480 	 4365 	 0.858664 	 0.00479468	0.010017
4480 	 4370 	 0.858665 	 0.00479564	0.010019
4480 	 4375 	 0.858667 	 0.00479658	0.0100209
4480 	 4380 	 0.858668 	 0.00479753	0.0100229
4480 	 4385 	 0.85867 	 0.00479848	0.0100249
4480 	 4390 	 0.858672 	 0.00479942	0.0100269
4480 	 4395 	 0.858673 	 0.00480037	0.0100288
4480 	 4400 	 0.858675 	 0.00480131	0.0100308
4480 	 4405 	 0.858676 	 0.00480225	0.0100328
4480 	 4410 	 0.858678 	 0.00480319	0.0100347
4480 	 4415 	 0.858679 	 0.00480413	0.0100367
4480 	 4420 	 0.858681 	 0.00480506	0.0100386
4480 	 4425 	 0.858682 	 0.00480599	0.0100406
4480 	 4430 	 0.858684 	 0.00480693	0.0100425
4480 	 4435 	 0.858685 	 0.00480786	0.0100445
4480 	 4440 	 0.858687 	 0.00480879	0.0100464
4480 	 4445 	 0.858688 	 0.00480972	0.0100484
4480 	 4450 	 0.85869 	 0.00481064	0.0100503
4480 	 4455 	 0.858691 	 0.00481157	0.0100522
4480 	 4460 	 0.858693 	 0.00481249	0.0100542
4480 	 4465 	 0.858694 	 0.00481341	0.0100561
4480 	 4470 	 0.858696 	 0.00481433	0.010058
4480 	 4475 	 0.858697 	 0.00481525	0.0100599
4480 	 4480 	 0.858699 	 0.00481617	0.0100619
4480 	 4485 	 0.8587 	 0.00481708	0.0100638
4480 	 4490 	 0.858702 	 0.004818	0.0100657
4480 	 4495 	 0.858703 	 0.00481891	0.0100676
4480 	 4500 	 0.858705 	 0.00481982	0.0100695
4480 	 4505 	 0.858706 	 0.00482073	0.0100714
4480 	 4510 	 0.858708 	 0.00482164	0.0100733
4480 	 4515 	 0.858709 	 0.00482255	0.0100752
4480 	 4520 	 0.858711 	 0.00482345	0.0100771
4480 	 4525 	 0.858712 	 0.00482436	0.010079
4480 	 4530 	 0.858714 	 0.00482526	0.0100808
4480 	 4535 	 0.858715 	 0.00482616	0.0100827
4480 	 4540 	 0.858716 	 0.00482706	0.0100846
4480 	 4545 	 0.858718 	 0.00482796	0.0100865
4480 	 4550 	 0.858719 	 0.00482885	0.0100884
4480 	 4555 	 0.858721 	 0.00482975	0.0100902
4480 	 4560 	 0.858722 	 0.00483064	0.0100921
4480 	 4565 	 0.858724 	 0.00483154	0.010094
4480 	 4570 	 0.858725 	 0.00483243	0.0100958
4480 	 4575 	 0.858727 	 0.00483332	0.0100977
4480 	 4580 	 0.858728 	 0.0048342	0.0100995
4480 	 4585 	 0.858729 	 0.00483509	0.0101014
4480 	 4590 	 0.858731 	 0.00483598	0.0101032
4480 	 4595 	 0.858732 	 0.00483686	0.0101051
4480 	 4600 	 0.858734 	 0.00483774	0.0101069
4480 	 4605 	 0.858735 	 0.00483862	0.0101088
4480 	 4610 	 0.858737 	 0.0048395	0.0101106
4480 	 4615 	 0.858738 	 0.00484038	0.0101124
4480 	 4620 	 0.858739 	 0.00484126	0.0101143
4480 	 4625 	 0.858741 	 0.00484213	0.0101161
4480 	 4630 	 0.858742 	 0.00484301	0.0101179
4480 	 4635 	 0.858744 	 0.00484388	0.0101197
4480 	 4640 	 0.858745 	 0.00484475	0.0101216
4480 	 4645 	 0.858746 	 0.00484562	0.0101234
4480 	 4650 	 0.858748 	 0.00484649	0.0101252
4480 	 4655 	 0.858749 	 0.00484736	0.010127
4480 	 4660 	 0.858751 	 0.00484822	0.0101288
4480 	 4665 	 0.858752 	 0.00484909	0.0101306
4480 	 4670 	 0.858753 	 0.00484995	0.0101324
4480 	 4675 	 0.858755 	 0.00485081	0.0101342
4480 	 4680 	 0.858756 	 0.00485167	0.010136
4480 	 4685 	 0.858757 	 0.00485253	0.0101378
4480 	 4690 	 0.858759 	 0.00485339	0.0101396
4480 	 4695 	 0.85876 	 0.00485424	0.0101414
4480 	 4700 	 0.858762 	 0.0048551	0.0101432
4480 	 4705 	 0.858763 	 0.00485595	0.010145
4480 	 4710 	 0.858764 	 0.0048568	0.0101467
4480 	 4715 	 0.858766 	 0.00485765	0.0101485
4480 	 4720 	 0.858767 	 0.0048585	0.0101503
4480 	 4725 	 0.858768 	 0.00485935	0.0101521
4480 	 4730 	 0.85877 	 0.0048602	0.0101538
4480 	 4735 	 0.858771 	 0.00486104	0.0101556
4480 	 4740 	 0.858772 	 0.00486189	0.0101574
4480 	 4745 	 0.858774 	 0.00486273	0.0101591
4480 	 4750 	 0.858775 	 0.00486357	0.0101609
4480 	 4755 	 0.858776 	 0.00486441	0.0101626
4480 	 4760 	 0.858778 	 0.00486525	0.0101644
4480 	 4765 	 0.858779 	 0.00486609	0.0101661
4480 	 4770 	 0.85878 	 0.00486693	0.0101679
4480 	 4775 	 0.858782 	 0.00486776	0.0101696
4480 	 4780 	 0.858783 	 0.0048686	0.0101714
4480 	 4785 	 0.858784 	 0.00486943	0.0101731
4480 	 4790 	 0.858786 	 0.00487026	0.0101749
4480 	 4795 	 0.858787 	 0.00487109	0.0101766
4480 	 4800 	 0.858788 	 0.00487192	0.0101783
4480 	 4805 	 0.85879 	 0.00487275	0.0101801
4480 	 4810 	 0.858791 	 0.00487357	0.0101818
4480 	 4815 	 0.858792 	 0.0048744	0.0101835
4480 	 4820 	 0.858793 	 0.00487522	0.0101852
4480 	 4825 	 0.858795 	 0.00487604	0.0101869
4480 	 4830 	 0.858796 	 0.00487686	0.0101887
4480 	 4835 	 0.858797 	 0.00487768	0.0101904
4480 	 4840 	 0.858799 	 0.0048785	0.0101921
4480 	 4845 	 0.8588 	 0.00487932	0.0101938
4480 	 4850 	 0.858801 	 0.00488014	0.0101955
4480 	 4855 	 0.858803 	 0.00488095	0.0101972
4480 	 4860 	 0.858804 	 0.00488177	0.0101989
4480 	 4865 	 0.858805 	 0.00488258	0.0102006
4480 	 4870 	 0.858806 	 0.00488339	0.0102023
4480 	 4875 	 0.858808 	 0.0048842	0.010204
4480 	 4880 	 0.858809 	 0.00488501	0.0102057
4480 	 4885 	 0.85881 	 0.00488582	0.0102074
4480 	 4890 	 0.858811 	 0.00488662	0.010209
4480 	 4895 	 0.858813 	 0.00488743	0.0102107
4480 	 4900 	 0.858814 	 0.00488823	0.0102124
4480 	 4905 	 0.858815 	 0.00488903	0.0102141
4480 	 4910 	 0.858816 	 0.00488983	0.0102158
4480 	 4915 	 0.858818 	 0.00489063	0.0102174
4480 	 4920 	 0.858819 	 0.00489143	0.0102191
4480 	 4925 	 0.85882 	 0.00489223	0.0102208
4480 	 4930 	 0.858822 	 0.00489303	0.0102224
4480 	 4935 	 0.858823 	 0.00489382	0.0102241
4480 	 4940 	 0.858824 	 0.00489462	0.0102257
4480 	 4945 	 0.858825 	 0.00489541	0.0102274
4480 	 4950 	 0.858826 	 0.0048962	0.0102291
4480 	 4955 	 0.858828 	 0.00489699	0.0102307
4480 	 4960 	 0.858829 	 0.00489778	0.0102324
4480 	 4965 	 0.85883 	 0.00489857	0.010234
4480 	 4970 	 0.858831 	 0.00489936	0.0102357
4480 	 4975 	 0.858833 	 0.00490014	0.0102373
4480 	 4980 	 0.858834 	 0.00490093	0.0102389
4480 	 4985 	 0.858835 	 0.00490171	0.0102406
4480 	 4990 	 0.858836 	 0.0049025	0.0102422
4480 	 4995 	 0.858838 	 0.00490328	0.0102438
4480 	 5000 	 0.858839 	 0.00490406	0.0102455
