1435 	 5 	 0.72731 	 0.00651552	0.0136121
1435 	 10 	 0.72791 	 0.00611316	0.0127715
1435 	 15 	 0.729045 	 0.0054839	0.0114569
1435 	 20 	 0.731152 	 0.00459211	0.00959375
1435 	 25 	 0.734937 	 0.00357156	0.00746165
1435 	 30 	 0.741348 	 0.00290676	0.00607275
1435 	 35 	 0.751194 	 0.0028233	0.00589838
1435 	 40 	 0.764255 	 0.00255355	0.00533483
1435 	 45 	 0.779591 	 0.00262715	0.0054886
1435 	 50 	 0.793742 	 0.00251851	0.00526163
1435 	 55 	 0.804414 	 0.00224523	0.0046907
1435 	 60 	 0.811615 	 0.00182661	0.00381613
1435 	 65 	 0.816231 	 0.00155115	0.00324064
1435 	 70 	 0.819203 	 0.00149752	0.00312859
1435 	 75 	 0.821215 	 0.00154045	0.00321829
1435 	 80 	 0.822685 	 0.00158699	0.00331552
1435 	 85 	 0.823849 	 0.00161655	0.00337727
1435 	 90 	 0.824836 	 0.0016355	0.00341686
1435 	 95 	 0.825717 	 0.00165251	0.00345239
1435 	 100 	 0.826528 	 0.00167225	0.00349365
1435 	 105 	 0.827289 	 0.00169581	0.00354287
1435 	 110 	 0.828011 	 0.0017223	0.0035982
1435 	 115 	 0.8287 	 0.00175017	0.00365643
1435 	 120 	 0.82936 	 0.00177798	0.00371452
1435 	 125 	 0.829994 	 0.0018046	0.00377013
1435 	 130 	 0.830604 	 0.0018293	0.00382174
1435 	 135 	 0.83119 	 0.00185169	0.00386852
1435 	 140 	 0.831754 	 0.00187161	0.00391014
1435 	 145 	 0.832298 	 0.00188909	0.00394666
1435 	 150 	 0.832821 	 0.00190425	0.00397833
1435 	 155 	 0.833326 	 0.00191729	0.00400556
1435 	 160 	 0.833812 	 0.00192841	0.0040288
1435 	 165 	 0.834281 	 0.00193785	0.00404852
1435 	 170 	 0.834733 	 0.00194583	0.0040652
1435 	 175 	 0.83517 	 0.00195256	0.00407926
1435 	 180 	 0.835591 	 0.00195824	0.00409111
1435 	 185 	 0.835998 	 0.00196302	0.00410111
1435 	 190 	 0.836391 	 0.00196707	0.00410957
1435 	 195 	 0.836771 	 0.00197052	0.00411677
1435 	 200 	 0.837138 	 0.00197347	0.00412294
1435 	 205 	 0.837493 	 0.00197603	0.00412828
1435 	 210 	 0.837837 	 0.00197827	0.00413297
1435 	 215 	 0.838169 	 0.00198027	0.00413715
1435 	 220 	 0.838491 	 0.00198208	0.00414093
1435 	 225 	 0.838803 	 0.00198375	0.00414442
1435 	 230 	 0.839105 	 0.00198532	0.00414769
1435 	 235 	 0.839398 	 0.00198681	0.00415081
1435 	 240 	 0.839681 	 0.00198826	0.00415384
1435 	 245 	 0.839957 	 0.00198968	0.00415681
1435 	 250 	 0.840224 	 0.00199109	0.00415975
1435 	 255 	 0.840483 	 0.0019925	0.0041627
1435 	 260 	 0.840734 	 0.00199393	0.00416567
1435 	 265 	 0.840979 	 0.00199536	0.00416868
1435 	 270 	 0.841216 	 0.00199683	0.00417174
1435 	 275 	 0.841447 	 0.00199832	0.00417485
1435 	 280 	 0.841671 	 0.00199983	0.00417802
1435 	 285 	 0.84189 	 0.00200138	0.00418126
1435 	 290 	 0.842102 	 0.00200297	0.00418456
1435 	 295 	 0.842309 	 0.00200458	0.00418793
1435 	 300 	 0.84251 	 0.00200623	0.00419137
1435 	 305 	 0.842705 	 0.00200791	0.00419488
1435 	 310 	 0.842896 	 0.00200962	0.00419846
1435 	 315 	 0.843082 	 0.00201136	0.0042021
1435 	 320 	 0.843263 	 0.00201313	0.0042058
1435 	 325 	 0.84344 	 0.00201494	0.00420957
1435 	 330 	 0.843612 	 0.00201677	0.0042134
1435 	 335 	 0.84378 	 0.00201863	0.00421729
1435 	 340 	 0.843944 	 0.00202053	0.00422125
1435 	 345 	 0.844104 	 0.00202245	0.00422526
1435 	 350 	 0.84426 	 0.00202439	0.00422933
1435 	 355 	 0.844413 	 0.00202637	0.00423345
1435 	 360 	 0.844562 	 0.00202837	0.00423763
1435 	 365 	 0.844707 	 0.0020304	0.00424187
1435 	 370 	 0.84485 	 0.00203246	0.00424617
1435 	 375 	 0.844989 	 0.00203454	0.00425052
1435 	 380 	 0.845125 	 0.00203665	0.00425492
1435 	 385 	 0.845257 	 0.00203878	0.00425938
1435 	 390 	 0.845388 	 0.00204094	0.0042639
1435 	 395 	 0.845515 	 0.00204313	0.00426847
1435 	 400 	 0.845639 	 0.00204534	0.00427309
1435 	 405 	 0.845761 	 0.00204758	0.00427777
1435 	 410 	 0.845881 	 0.00204985	0.00428251
1435 	 415 	 0.845997 	 0.00205214	0.0042873
1435 	 420 	 0.846112 	 0.00205446	0.00429214
1435 	 425 	 0.846224 	 0.0020568	0.00429704
1435 	 430 	 0.846334 	 0.00205917	0.00430199
1435 	 435 	 0.846442 	 0.00206157	0.004307
1435 	 440 	 0.846547 	 0.002064	0.00431206
1435 	 445 	 0.846651 	 0.00206645	0.00431718
1435 	 450 	 0.846752 	 0.00206892	0.00432235
1435 	 455 	 0.846852 	 0.00207142	0.00432758
1435 	 460 	 0.846949 	 0.00207395	0.00433286
1435 	 465 	 0.847045 	 0.00207651	0.0043382
1435 	 470 	 0.847139 	 0.00207909	0.00434359
1435 	 475 	 0.847232 	 0.00208169	0.00434904
1435 	 480 	 0.847322 	 0.00208433	0.00435454
1435 	 485 	 0.847411 	 0.00208698	0.00436009
1435 	 490 	 0.847499 	 0.00208967	0.0043657
1435 	 495 	 0.847584 	 0.00209238	0.00437136
1435 	 500 	 0.847669 	 0.00209511	0.00437707
1435 	 505 	 0.847751 	 0.00209787	0.00438283
1435 	 510 	 0.847833 	 0.00210065	0.00438865
1435 	 515 	 0.847913 	 0.00210346	0.00439452
1435 	 520 	 0.847991 	 0.00210629	0.00440043
1435 	 525 	 0.848069 	 0.00210915	0.0044064
1435 	 530 	 0.848145 	 0.00211203	0.00441242
1435 	 535 	 0.848219 	 0.00211493	0.00441848
1435 	 540 	 0.848293 	 0.00211786	0.0044246
1435 	 545 	 0.848365 	 0.00212081	0.00443076
1435 	 550 	 0.848436 	 0.00212378	0.00443696
1435 	 555 	 0.848506 	 0.00212677	0.00444322
1435 	 560 	 0.848575 	 0.00212979	0.00444952
1435 	 565 	 0.848643 	 0.00213283	0.00445586
1435 	 570 	 0.848709 	 0.00213588	0.00446225
1435 	 575 	 0.848775 	 0.00213896	0.00446868
1435 	 580 	 0.84884 	 0.00214206	0.00447515
1435 	 585 	 0.848903 	 0.00214518	0.00448167
1435 	 590 	 0.848966 	 0.00214831	0.00448822
1435 	 595 	 0.849028 	 0.00215147	0.00449481
1435 	 600 	 0.849088 	 0.00215465	0.00450145
1435 	 605 	 0.849148 	 0.00215784	0.00450812
1435 	 610 	 0.849207 	 0.00216105	0.00451482
1435 	 615 	 0.849265 	 0.00216428	0.00452157
1435 	 620 	 0.849323 	 0.00216752	0.00452835
1435 	 625 	 0.849379 	 0.00217078	0.00453516
1435 	 630 	 0.849435 	 0.00217406	0.00454201
1435 	 635 	 0.84949 	 0.00217735	0.00454889
1435 	 640 	 0.849544 	 0.00218066	0.0045558
1435 	 645 	 0.849597 	 0.00218398	0.00456274
1435 	 650 	 0.84965 	 0.00218732	0.00456971
1435 	 655 	 0.849701 	 0.00219067	0.00457671
1435 	 660 	 0.849753 	 0.00219404	0.00458374
1435 	 665 	 0.849803 	 0.00219741	0.0045908
1435 	 670 	 0.849853 	 0.0022008	0.00459788
1435 	 675 	 0.849902 	 0.00220421	0.00460499
1435 	 680 	 0.84995 	 0.00220762	0.00461212
1435 	 685 	 0.849998 	 0.00221105	0.00461928
1435 	 690 	 0.850045 	 0.00221448	0.00462646
1435 	 695 	 0.850092 	 0.00221793	0.00463366
1435 	 700 	 0.850138 	 0.00222139	0.00464089
1435 	 705 	 0.850183 	 0.00222486	0.00464813
1435 	 710 	 0.850228 	 0.00222833	0.0046554
1435 	 715 	 0.850272 	 0.00223182	0.00466268
1435 	 720 	 0.850316 	 0.00223532	0.00466998
1435 	 725 	 0.850359 	 0.00223882	0.0046773
1435 	 730 	 0.850401 	 0.00224233	0.00468463
1435 	 735 	 0.850443 	 0.00224585	0.00469198
1435 	 740 	 0.850485 	 0.00224937	0.00469935
1435 	 745 	 0.850526 	 0.00225291	0.00470673
1435 	 750 	 0.850566 	 0.00225644	0.00471412
1435 	 755 	 0.850606 	 0.00225999	0.00472153
1435 	 760 	 0.850646 	 0.00226354	0.00472895
1435 	 765 	 0.850685 	 0.0022671	0.00473638
1435 	 770 	 0.850724 	 0.00227066	0.00474382
1435 	 775 	 0.850762 	 0.00227422	0.00475127
1435 	 780 	 0.850799 	 0.0022778	0.00475873
1435 	 785 	 0.850837 	 0.00228137	0.0047662
1435 	 790 	 0.850873 	 0.00228495	0.00477367
1435 	 795 	 0.85091 	 0.00228853	0.00478116
1435 	 800 	 0.850946 	 0.00229212	0.00478865
1435 	 805 	 0.850981 	 0.00229571	0.00479615
1435 	 810 	 0.851017 	 0.0022993	0.00480365
1435 	 815 	 0.851051 	 0.00230289	0.00481116
1435 	 820 	 0.851086 	 0.00230649	0.00481867
1435 	 825 	 0.85112 	 0.00231008	0.00482618
1435 	 830 	 0.851153 	 0.00231368	0.0048337
1435 	 835 	 0.851187 	 0.00231728	0.00484123
1435 	 840 	 0.85122 	 0.00232088	0.00484875
1435 	 845 	 0.851252 	 0.00232449	0.00485628
1435 	 850 	 0.851284 	 0.00232809	0.0048638
1435 	 855 	 0.851316 	 0.00233169	0.00487133
1435 	 860 	 0.851348 	 0.0023353	0.00487886
1435 	 865 	 0.851379 	 0.0023389	0.00488638
1435 	 870 	 0.85141 	 0.0023425	0.00489391
1435 	 875 	 0.85144 	 0.0023461	0.00490144
1435 	 880 	 0.85147 	 0.0023497	0.00490896
1435 	 885 	 0.8515 	 0.0023533	0.00491648
1435 	 890 	 0.85153 	 0.0023569	0.004924
1435 	 895 	 0.851559 	 0.0023605	0.00493151
1435 	 900 	 0.851588 	 0.0023641	0.00493903
1435 	 905 	 0.851617 	 0.00236769	0.00494654
1435 	 910 	 0.851645 	 0.00237128	0.00495404
1435 	 915 	 0.851673 	 0.00237487	0.00496154
1435 	 920 	 0.851701 	 0.00237846	0.00496903
1435 	 925 	 0.851729 	 0.00238204	0.00497652
1435 	 930 	 0.851756 	 0.00238563	0.00498401
1435 	 935 	 0.851783 	 0.0023892	0.00499148
1435 	 940 	 0.85181 	 0.00239278	0.00499895
1435 	 945 	 0.851836 	 0.00239635	0.00500642
1435 	 950 	 0.851862 	 0.00239992	0.00501388
1435 	 955 	 0.851888 	 0.00240349	0.00502133
1435 	 960 	 0.851914 	 0.00240705	0.00502877
1435 	 965 	 0.851939 	 0.00241061	0.0050362
1435 	 970 	 0.851965 	 0.00241416	0.00504363
1435 	 975 	 0.85199 	 0.00241771	0.00505105
1435 	 980 	 0.852014 	 0.00242126	0.00505845
1435 	 985 	 0.852039 	 0.0024248	0.00506585
1435 	 990 	 0.852063 	 0.00242834	0.00507324
1435 	 995 	 0.852087 	 0.00243187	0.00508062
1435 	 1000 	 0.852111 	 0.0024354	0.00508799
1435 	 1005 	 0.852135 	 0.00243892	0.00509535
1435 	 1010 	 0.852158 	 0.00244244	0.0051027
1435 	 1015 	 0.852181 	 0.00244595	0.00511004
1435 	 1020 	 0.852204 	 0.00244946	0.00511737
1435 	 1025 	 0.852227 	 0.00245296	0.00512469
1435 	 1030 	 0.85225 	 0.00245646	0.00513199
1435 	 1035 	 0.852272 	 0.00245995	0.00513929
1435 	 1040 	 0.852294 	 0.00246344	0.00514657
1435 	 1045 	 0.852316 	 0.00246692	0.00515384
1435 	 1050 	 0.852338 	 0.00247039	0.0051611
1435 	 1055 	 0.85236 	 0.00247386	0.00516835
1435 	 1060 	 0.852381 	 0.00247732	0.00517558
1435 	 1065 	 0.852402 	 0.00248078	0.0051828
1435 	 1070 	 0.852424 	 0.00248423	0.00519001
1435 	 1075 	 0.852444 	 0.00248768	0.00519721
1435 	 1080 	 0.852465 	 0.00249111	0.00520439
1435 	 1085 	 0.852486 	 0.00249455	0.00521156
1435 	 1090 	 0.852506 	 0.00249797	0.00521872
1435 	 1095 	 0.852526 	 0.00250139	0.00522586
1435 	 1100 	 0.852546 	 0.0025048	0.00523299
1435 	 1105 	 0.852566 	 0.00250821	0.00524011
1435 	 1110 	 0.852586 	 0.00251161	0.00524721
1435 	 1115 	 0.852605 	 0.002515	0.00525429
1435 	 1120 	 0.852624 	 0.00251839	0.00526137
1435 	 1125 	 0.852644 	 0.00252177	0.00526843
1435 	 1130 	 0.852663 	 0.00252514	0.00527547
1435 	 1135 	 0.852682 	 0.0025285	0.0052825
1435 	 1140 	 0.8527 	 0.00253186	0.00528952
1435 	 1145 	 0.852719 	 0.00253521	0.00529652
1435 	 1150 	 0.852737 	 0.00253856	0.00530351
1435 	 1155 	 0.852756 	 0.00254189	0.00531048
1435 	 1160 	 0.852774 	 0.00254522	0.00531743
1435 	 1165 	 0.852792 	 0.00254855	0.00532437
1435 	 1170 	 0.85281 	 0.00255186	0.0053313
1435 	 1175 	 0.852827 	 0.00255517	0.00533821
1435 	 1180 	 0.852845 	 0.00255847	0.00534511
1435 	 1185 	 0.852862 	 0.00256176	0.00535199
1435 	 1190 	 0.85288 	 0.00256505	0.00535885
1435 	 1195 	 0.852897 	 0.00256833	0.0053657
1435 	 1200 	 0.852914 	 0.0025716	0.00537254
1435 	 1205 	 0.852931 	 0.00257486	0.00537936
1435 	 1210 	 0.852947 	 0.00257812	0.00538616
1435 	 1215 	 0.852964 	 0.00258137	0.00539295
1435 	 1220 	 0.852981 	 0.00258461	0.00539972
1435 	 1225 	 0.852997 	 0.00258784	0.00540647
1435 	 1230 	 0.853013 	 0.00259107	0.00541321
1435 	 1235 	 0.853029 	 0.00259429	0.00541994
1435 	 1240 	 0.853045 	 0.0025975	0.00542665
1435 	 1245 	 0.853061 	 0.0026007	0.00543334
1435 	 1250 	 0.853077 	 0.0026039	0.00544001
1435 	 1255 	 0.853093 	 0.00260708	0.00544667
1435 	 1260 	 0.853108 	 0.00261026	0.00545332
1435 	 1265 	 0.853124 	 0.00261344	0.00545994
1435 	 1270 	 0.853139 	 0.0026166	0.00546656
1435 	 1275 	 0.853154 	 0.00261976	0.00547315
1435 	 1280 	 0.853169 	 0.00262291	0.00547973
1435 	 1285 	 0.853184 	 0.00262605	0.00548629
1435 	 1290 	 0.853199 	 0.00262918	0.00549284
1435 	 1295 	 0.853214 	 0.00263231	0.00549937
1435 	 1300 	 0.853229 	 0.00263543	0.00550589
1435 	 1305 	 0.853243 	 0.00263854	0.00551238
1435 	 1310 	 0.853258 	 0.00264164	0.00551886
1435 	 1315 	 0.853272 	 0.00264473	0.00552533
1435 	 1320 	 0.853286 	 0.00264782	0.00553178
1435 	 1325 	 0.853301 	 0.0026509	0.00553821
1435 	 1330 	 0.853315 	 0.00265397	0.00554463
1435 	 1335 	 0.853329 	 0.00265703	0.00555103
1435 	 1340 	 0.853343 	 0.00266009	0.00555741
1435 	 1345 	 0.853356 	 0.00266314	0.00556378
1435 	 1350 	 0.85337 	 0.00266618	0.00557013
1435 	 1355 	 0.853384 	 0.00266921	0.00557647
1435 	 1360 	 0.853397 	 0.00267223	0.00558278
1435 	 1365 	 0.853411 	 0.00267525	0.00558909
1435 	 1370 	 0.853424 	 0.00267826	0.00559537
1435 	 1375 	 0.853437 	 0.00268126	0.00560164
1435 	 1380 	 0.85345 	 0.00268425	0.0056079
1435 	 1385 	 0.853463 	 0.00268724	0.00561413
1435 	 1390 	 0.853476 	 0.00269022	0.00562035
1435 	 1395 	 0.853489 	 0.00269319	0.00562656
1435 	 1400 	 0.853502 	 0.00269615	0.00563275
1435 	 1405 	 0.853515 	 0.0026991	0.00563892
1435 	 1410 	 0.853527 	 0.00270205	0.00564507
1435 	 1415 	 0.85354 	 0.00270499	0.00565121
1435 	 1420 	 0.853552 	 0.00270792	0.00565734
1435 	 1425 	 0.853565 	 0.00271084	0.00566344
1435 	 1430 	 0.853577 	 0.00271376	0.00566954
1435 	 1435 	 0.853589 	 0.00271667	0.00567561
1435 	 1440 	 0.853601 	 0.00271957	0.00568167
1435 	 1445 	 0.853613 	 0.00272246	0.00568771
1435 	 1450 	 0.853625 	 0.00272534	0.00569374
1435 	 1455 	 0.853637 	 0.00272822	0.00569975
1435 	 1460 	 0.853649 	 0.00273109	0.00570574
1435 	 1465 	 0.853661 	 0.00273395	0.00571172
1435 	 1470 	 0.853673 	 0.00273681	0.00571769
1435 	 1475 	 0.853684 	 0.00273965	0.00572363
1435 	 1480 	 0.853696 	 0.00274249	0.00572956
1435 	 1485 	 0.853707 	 0.00274532	0.00573548
1435 	 1490 	 0.853719 	 0.00274815	0.00574138
1435 	 1495 	 0.85373 	 0.00275096	0.00574726
1435 	 1500 	 0.853741 	 0.00275377	0.00575313
1435 	 1505 	 0.853752 	 0.00275657	0.00575898
1435 	 1510 	 0.853764 	 0.00275936	0.00576482
1435 	 1515 	 0.853775 	 0.00276215	0.00577064
1435 	 1520 	 0.853786 	 0.00276493	0.00577644
1435 	 1525 	 0.853797 	 0.0027677	0.00578223
1435 	 1530 	 0.853807 	 0.00277046	0.005788
1435 	 1535 	 0.853818 	 0.00277322	0.00579376
1435 	 1540 	 0.853829 	 0.00277597	0.0057995
1435 	 1545 	 0.85384 	 0.00277871	0.00580523
1435 	 1550 	 0.85385 	 0.00278144	0.00581094
1435 	 1555 	 0.853861 	 0.00278417	0.00581664
1435 	 1560 	 0.853871 	 0.00278689	0.00582232
1435 	 1565 	 0.853882 	 0.0027896	0.00582798
1435 	 1570 	 0.853892 	 0.0027923	0.00583363
1435 	 1575 	 0.853902 	 0.002795	0.00583926
1435 	 1580 	 0.853912 	 0.00279769	0.00584488
1435 	 1585 	 0.853923 	 0.00280037	0.00585049
1435 	 1590 	 0.853933 	 0.00280305	0.00585608
1435 	 1595 	 0.853943 	 0.00280571	0.00586165
1435 	 1600 	 0.853953 	 0.00280837	0.00586721
1435 	 1605 	 0.853963 	 0.00281103	0.00587275
1435 	 1610 	 0.853973 	 0.00281367	0.00587828
1435 	 1615 	 0.853982 	 0.00281631	0.00588379
1435 	 1620 	 0.853992 	 0.00281894	0.00588929
1435 	 1625 	 0.854002 	 0.00282157	0.00589477
1435 	 1630 	 0.854012 	 0.00282419	0.00590024
1435 	 1635 	 0.854021 	 0.0028268	0.00590569
1435 	 1640 	 0.854031 	 0.0028294	0.00591113
1435 	 1645 	 0.85404 	 0.002832	0.00591656
1435 	 1650 	 0.85405 	 0.00283459	0.00592197
1435 	 1655 	 0.854059 	 0.00283717	0.00592736
1435 	 1660 	 0.854068 	 0.00283974	0.00593274
1435 	 1665 	 0.854078 	 0.00284231	0.00593811
1435 	 1670 	 0.854087 	 0.00284487	0.00594346
1435 	 1675 	 0.854096 	 0.00284743	0.00594879
1435 	 1680 	 0.854105 	 0.00284997	0.00595411
1435 	 1685 	 0.854114 	 0.00285251	0.00595942
1435 	 1690 	 0.854123 	 0.00285505	0.00596472
1435 	 1695 	 0.854132 	 0.00285757	0.00596999
1435 	 1700 	 0.854141 	 0.00286009	0.00597526
1435 	 1705 	 0.85415 	 0.00286261	0.00598051
1435 	 1710 	 0.854159 	 0.00286511	0.00598574
1435 	 1715 	 0.854168 	 0.00286761	0.00599097
1435 	 1720 	 0.854176 	 0.00287011	0.00599617
1435 	 1725 	 0.854185 	 0.00287259	0.00600137
1435 	 1730 	 0.854194 	 0.00287507	0.00600655
1435 	 1735 	 0.854202 	 0.00287754	0.00601171
1435 	 1740 	 0.854211 	 0.00288001	0.00601686
1435 	 1745 	 0.854219 	 0.00288247	0.006022
1435 	 1750 	 0.854228 	 0.00288492	0.00602712
1435 	 1755 	 0.854236 	 0.00288737	0.00603223
1435 	 1760 	 0.854245 	 0.00288981	0.00603733
1435 	 1765 	 0.854253 	 0.00289224	0.00604241
1435 	 1770 	 0.854261 	 0.00289466	0.00604748
1435 	 1775 	 0.85427 	 0.00289708	0.00605254
1435 	 1780 	 0.854278 	 0.0028995	0.00605758
1435 	 1785 	 0.854286 	 0.0029019	0.0060626
1435 	 1790 	 0.854294 	 0.0029043	0.00606762
1435 	 1795 	 0.854302 	 0.0029067	0.00607262
1435 	 1800 	 0.85431 	 0.00290908	0.00607761
1435 	 1805 	 0.854318 	 0.00291146	0.00608258
1435 	 1810 	 0.854326 	 0.00291384	0.00608754
1435 	 1815 	 0.854334 	 0.00291621	0.00609249
1435 	 1820 	 0.854342 	 0.00291857	0.00609742
1435 	 1825 	 0.85435 	 0.00292092	0.00610234
1435 	 1830 	 0.854357 	 0.00292327	0.00610725
1435 	 1835 	 0.854365 	 0.00292562	0.00611214
1435 	 1840 	 0.854373 	 0.00292795	0.00611703
1435 	 1845 	 0.854381 	 0.00293028	0.00612189
1435 	 1850 	 0.854388 	 0.00293261	0.00612675
1435 	 1855 	 0.854396 	 0.00293492	0.00613159
1435 	 1860 	 0.854403 	 0.00293724	0.00613642
1435 	 1865 	 0.854411 	 0.00293954	0.00614124
1435 	 1870 	 0.854418 	 0.00294184	0.00614604
1435 	 1875 	 0.854426 	 0.00294413	0.00615083
1435 	 1880 	 0.854433 	 0.00294642	0.00615561
1435 	 1885 	 0.854441 	 0.0029487	0.00616038
1435 	 1890 	 0.854448 	 0.00295098	0.00616513
1435 	 1895 	 0.854455 	 0.00295325	0.00616987
1435 	 1900 	 0.854462 	 0.00295551	0.0061746
1435 	 1905 	 0.85447 	 0.00295777	0.00617931
1435 	 1910 	 0.854477 	 0.00296002	0.00618401
1435 	 1915 	 0.854484 	 0.00296226	0.0061887
1435 	 1920 	 0.854491 	 0.0029645	0.00619338
1435 	 1925 	 0.854498 	 0.00296673	0.00619805
1435 	 1930 	 0.854505 	 0.00296896	0.0062027
1435 	 1935 	 0.854512 	 0.00297118	0.00620734
1435 	 1940 	 0.854519 	 0.0029734	0.00621197
1435 	 1945 	 0.854526 	 0.00297561	0.00621658
1435 	 1950 	 0.854533 	 0.00297781	0.00622119
1435 	 1955 	 0.85454 	 0.00298001	0.00622578
1435 	 1960 	 0.854547 	 0.0029822	0.00623036
1435 	 1965 	 0.854554 	 0.00298439	0.00623493
1435 	 1970 	 0.854561 	 0.00298657	0.00623948
1435 	 1975 	 0.854567 	 0.00298874	0.00624403
1435 	 1980 	 0.854574 	 0.00299091	0.00624856
1435 	 1985 	 0.854581 	 0.00299308	0.00625308
1435 	 1990 	 0.854587 	 0.00299523	0.00625759
1435 	 1995 	 0.854594 	 0.00299739	0.00626209
1435 	 2000 	 0.854601 	 0.00299953	0.00626657
1435 	 2005 	 0.854607 	 0.00300167	0.00627104
1435 	 2010 	 0.854614 	 0.00300381	0.0062755
1435 	 2015 	 0.85462 	 0.00300594	0.00627995
1435 	 2020 	 0.854627 	 0.00300806	0.00628439
1435 	 2025 	 0.854633 	 0.00301018	0.00628882
1435 	 2030 	 0.85464 	 0.0030123	0.00629323
1435 	 2035 	 0.854646 	 0.0030144	0.00629764
1435 	 2040 	 0.854653 	 0.00301651	0.00630203
1435 	 2045 	 0.854659 	 0.0030186	0.00630641
1435 	 2050 	 0.854665 	 0.00302069	0.00631078
1435 	 2055 	 0.854671 	 0.00302278	0.00631514
1435 	 2060 	 0.854678 	 0.00302486	0.00631949
1435 	 2065 	 0.854684 	 0.00302694	0.00632382
1435 	 2070 	 0.85469 	 0.00302901	0.00632815
1435 	 2075 	 0.854696 	 0.00303107	0.00633246
1435 	 2080 	 0.854702 	 0.00303313	0.00633676
1435 	 2085 	 0.854709 	 0.00303519	0.00634106
1435 	 2090 	 0.854715 	 0.00303723	0.00634534
1435 	 2095 	 0.854721 	 0.00303928	0.00634961
1435 	 2100 	 0.854727 	 0.00304132	0.00635386
1435 	 2105 	 0.854733 	 0.00304335	0.00635811
1435 	 2110 	 0.854739 	 0.00304538	0.00636235
1435 	 2115 	 0.854745 	 0.0030474	0.00636658
1435 	 2120 	 0.854751 	 0.00304942	0.00637079
1435 	 2125 	 0.854757 	 0.00305143	0.00637499
1435 	 2130 	 0.854762 	 0.00305344	0.00637919
1435 	 2135 	 0.854768 	 0.00305544	0.00638337
1435 	 2140 	 0.854774 	 0.00305744	0.00638754
1435 	 2145 	 0.85478 	 0.00305943	0.00639171
1435 	 2150 	 0.854786 	 0.00306142	0.00639586
1435 	 2155 	 0.854791 	 0.0030634	0.0064
1435 	 2160 	 0.854797 	 0.00306538	0.00640413
1435 	 2165 	 0.854803 	 0.00306735	0.00640825
1435 	 2170 	 0.854809 	 0.00306931	0.00641236
1435 	 2175 	 0.854814 	 0.00307128	0.00641646
1435 	 2180 	 0.85482 	 0.00307323	0.00642055
1435 	 2185 	 0.854825 	 0.00307519	0.00642462
1435 	 2190 	 0.854831 	 0.00307713	0.00642869
1435 	 2195 	 0.854837 	 0.00307908	0.00643275
1435 	 2200 	 0.854842 	 0.00308101	0.0064368
1435 	 2205 	 0.854848 	 0.00308295	0.00644084
1435 	 2210 	 0.854853 	 0.00308487	0.00644486
1435 	 2215 	 0.854859 	 0.0030868	0.00644888
1435 	 2220 	 0.854864 	 0.00308872	0.00645289
1435 	 2225 	 0.854869 	 0.00309063	0.00645689
1435 	 2230 	 0.854875 	 0.00309254	0.00646087
1435 	 2235 	 0.85488 	 0.00309444	0.00646485
1435 	 2240 	 0.854886 	 0.00309634	0.00646882
1435 	 2245 	 0.854891 	 0.00309823	0.00647278
1435 	 2250 	 0.854896 	 0.00310012	0.00647672
1435 	 2255 	 0.854902 	 0.00310201	0.00648066
1435 	 2260 	 0.854907 	 0.00310389	0.00648459
1435 	 2265 	 0.854912 	 0.00310577	0.00648851
1435 	 2270 	 0.854917 	 0.00310764	0.00649242
1435 	 2275 	 0.854922 	 0.0031095	0.00649632
1435 	 2280 	 0.854928 	 0.00311136	0.00650021
1435 	 2285 	 0.854933 	 0.00311322	0.00650409
1435 	 2290 	 0.854938 	 0.00311507	0.00650796
1435 	 2295 	 0.854943 	 0.00311692	0.00651182
1435 	 2300 	 0.854948 	 0.00311877	0.00651567
1435 	 2305 	 0.854953 	 0.00312061	0.00651951
1435 	 2310 	 0.854958 	 0.00312244	0.00652335
1435 	 2315 	 0.854963 	 0.00312427	0.00652717
1435 	 2320 	 0.854968 	 0.0031261	0.00653098
1435 	 2325 	 0.854973 	 0.00312792	0.00653479
1435 	 2330 	 0.854978 	 0.00312973	0.00653858
1435 	 2335 	 0.854983 	 0.00313155	0.00654237
1435 	 2340 	 0.854988 	 0.00313335	0.00654615
1435 	 2345 	 0.854993 	 0.00313516	0.00654991
1435 	 2350 	 0.854998 	 0.00313696	0.00655367
1435 	 2355 	 0.855003 	 0.00313875	0.00655742
1435 	 2360 	 0.855008 	 0.00314054	0.00656116
1435 	 2365 	 0.855013 	 0.00314233	0.00656489
1435 	 2370 	 0.855017 	 0.00314411	0.00656862
1435 	 2375 	 0.855022 	 0.00314589	0.00657233
1435 	 2380 	 0.855027 	 0.00314766	0.00657603
1435 	 2385 	 0.855032 	 0.00314943	0.00657973
1435 	 2390 	 0.855037 	 0.00315119	0.00658342
1435 	 2395 	 0.855041 	 0.00315295	0.00658709
1435 	 2400 	 0.855046 	 0.00315471	0.00659076
1435 	 2405 	 0.855051 	 0.00315646	0.00659442
1435 	 2410 	 0.855055 	 0.00315821	0.00659807
1435 	 2415 	 0.85506 	 0.00315995	0.00660172
1435 	 2420 	 0.855065 	 0.00316169	0.00660535
1435 	 2425 	 0.855069 	 0.00316343	0.00660898
1435 	 2430 	 0.855074 	 0.00316516	0.00661259
1435 	 2435 	 0.855079 	 0.00316689	0.0066162
1435 	 2440 	 0.855083 	 0.00316861	0.0066198
1435 	 2445 	 0.855088 	 0.00317033	0.00662339
1435 	 2450 	 0.855092 	 0.00317204	0.00662697
1435 	 2455 	 0.855097 	 0.00317375	0.00663055
1435 	 2460 	 0.855101 	 0.00317546	0.00663411
1435 	 2465 	 0.855106 	 0.00317716	0.00663767
1435 	 2470 	 0.85511 	 0.00317886	0.00664122
1435 	 2475 	 0.855115 	 0.00318055	0.00664476
1435 	 2480 	 0.855119 	 0.00318224	0.00664829
1435 	 2485 	 0.855123 	 0.00318393	0.00665181
1435 	 2490 	 0.855128 	 0.00318561	0.00665533
1435 	 2495 	 0.855132 	 0.00318729	0.00665883
1435 	 2500 	 0.855137 	 0.00318897	0.00666233
1435 	 2505 	 0.855141 	 0.00319064	0.00666582
1435 	 2510 	 0.855145 	 0.0031923	0.0066693
1435 	 2515 	 0.85515 	 0.00319397	0.00667278
1435 	 2520 	 0.855154 	 0.00319563	0.00667624
1435 	 2525 	 0.855158 	 0.00319728	0.0066797
1435 	 2530 	 0.855163 	 0.00319893	0.00668315
1435 	 2535 	 0.855167 	 0.00320058	0.00668659
1435 	 2540 	 0.855171 	 0.00320222	0.00669003
1435 	 2545 	 0.855175 	 0.00320386	0.00669345
1435 	 2550 	 0.855179 	 0.0032055	0.00669687
1435 	 2555 	 0.855184 	 0.00320713	0.00670028
1435 	 2560 	 0.855188 	 0.00320876	0.00670368
1435 	 2565 	 0.855192 	 0.00321038	0.00670708
1435 	 2570 	 0.855196 	 0.003212	0.00671046
1435 	 2575 	 0.8552 	 0.00321362	0.00671384
1435 	 2580 	 0.855204 	 0.00321524	0.00671721
1435 	 2585 	 0.855209 	 0.00321684	0.00672057
1435 	 2590 	 0.855213 	 0.00321845	0.00672393
1435 	 2595 	 0.855217 	 0.00322005	0.00672728
1435 	 2600 	 0.855221 	 0.00322165	0.00673062
1435 	 2605 	 0.855225 	 0.00322325	0.00673395
1435 	 2610 	 0.855229 	 0.00322484	0.00673727
1435 	 2615 	 0.855233 	 0.00322643	0.00674059
1435 	 2620 	 0.855237 	 0.00322801	0.0067439
1435 	 2625 	 0.855241 	 0.00322959	0.0067472
1435 	 2630 	 0.855245 	 0.00323117	0.0067505
1435 	 2635 	 0.855249 	 0.00323274	0.00675378
1435 	 2640 	 0.855253 	 0.00323431	0.00675706
1435 	 2645 	 0.855257 	 0.00323588	0.00676033
1435 	 2650 	 0.855261 	 0.00323744	0.0067636
1435 	 2655 	 0.855265 	 0.003239	0.00676686
1435 	 2660 	 0.855268 	 0.00324055	0.00677011
1435 	 2665 	 0.855272 	 0.0032421	0.00677335
1435 	 2670 	 0.855276 	 0.00324365	0.00677658
1435 	 2675 	 0.85528 	 0.0032452	0.00677981
1435 	 2680 	 0.855284 	 0.00324674	0.00678303
1435 	 2685 	 0.855288 	 0.00324828	0.00678624
1435 	 2690 	 0.855292 	 0.00324981	0.00678945
1435 	 2695 	 0.855295 	 0.00325134	0.00679265
1435 	 2700 	 0.855299 	 0.00325287	0.00679584
1435 	 2705 	 0.855303 	 0.0032544	0.00679903
1435 	 2710 	 0.855307 	 0.00325592	0.0068022
1435 	 2715 	 0.85531 	 0.00325743	0.00680537
1435 	 2720 	 0.855314 	 0.00325895	0.00680854
1435 	 2725 	 0.855318 	 0.00326046	0.00681169
1435 	 2730 	 0.855322 	 0.00326197	0.00681484
1435 	 2735 	 0.855325 	 0.00326347	0.00681798
1435 	 2740 	 0.855329 	 0.00326497	0.00682112
1435 	 2745 	 0.855333 	 0.00326647	0.00682425
1435 	 2750 	 0.855336 	 0.00326796	0.00682737
1435 	 2755 	 0.85534 	 0.00326945	0.00683048
1435 	 2760 	 0.855344 	 0.00327094	0.00683359
1435 	 2765 	 0.855347 	 0.00327242	0.00683669
1435 	 2770 	 0.855351 	 0.0032739	0.00683978
1435 	 2775 	 0.855354 	 0.00327538	0.00684287
1435 	 2780 	 0.855358 	 0.00327686	0.00684595
1435 	 2785 	 0.855362 	 0.00327833	0.00684902
1435 	 2790 	 0.855365 	 0.0032798	0.00685209
1435 	 2795 	 0.855369 	 0.00328126	0.00685515
1435 	 2800 	 0.855372 	 0.00328272	0.0068582
1435 	 2805 	 0.855376 	 0.00328418	0.00686125
1435 	 2810 	 0.855379 	 0.00328564	0.00686429
1435 	 2815 	 0.855383 	 0.00328709	0.00686732
1435 	 2820 	 0.855386 	 0.00328854	0.00687035
1435 	 2825 	 0.85539 	 0.00328998	0.00687337
1435 	 2830 	 0.855393 	 0.00329142	0.00687638
1435 	 2835 	 0.855397 	 0.00329286	0.00687939
1435 	 2840 	 0.8554 	 0.0032943	0.00688239
1435 	 2845 	 0.855404 	 0.00329573	0.00688539
1435 	 2850 	 0.855407 	 0.00329716	0.00688837
1435 	 2855 	 0.855411 	 0.00329859	0.00689135
1435 	 2860 	 0.855414 	 0.00330001	0.00689433
1435 	 2865 	 0.855417 	 0.00330143	0.0068973
1435 	 2870 	 0.855421 	 0.00330285	0.00690026
1435 	 2875 	 0.855424 	 0.00330427	0.00690321
1435 	 2880 	 0.855427 	 0.00330568	0.00690616
1435 	 2885 	 0.855431 	 0.00330709	0.00690911
1435 	 2890 	 0.855434 	 0.00330849	0.00691204
1435 	 2895 	 0.855437 	 0.00330989	0.00691497
1435 	 2900 	 0.855441 	 0.00331129	0.0069179
1435 	 2905 	 0.855444 	 0.00331269	0.00692081
1435 	 2910 	 0.855447 	 0.00331408	0.00692372
1435 	 2915 	 0.855451 	 0.00331547	0.00692663
1435 	 2920 	 0.855454 	 0.00331686	0.00692953
1435 	 2925 	 0.855457 	 0.00331825	0.00693242
1435 	 2930 	 0.85546 	 0.00331963	0.00693531
1435 	 2935 	 0.855464 	 0.00332101	0.00693819
1435 	 2940 	 0.855467 	 0.00332238	0.00694106
1435 	 2945 	 0.85547 	 0.00332376	0.00694393
1435 	 2950 	 0.855473 	 0.00332513	0.00694679
1435 	 2955 	 0.855477 	 0.00332649	0.00694965
1435 	 2960 	 0.85548 	 0.00332786	0.0069525
1435 	 2965 	 0.855483 	 0.00332922	0.00695534
1435 	 2970 	 0.855486 	 0.00333058	0.00695818
1435 	 2975 	 0.855489 	 0.00333193	0.00696101
1435 	 2980 	 0.855493 	 0.00333328	0.00696384
1435 	 2985 	 0.855496 	 0.00333463	0.00696666
1435 	 2990 	 0.855499 	 0.00333598	0.00696947
1435 	 2995 	 0.855502 	 0.00333733	0.00697228
1435 	 3000 	 0.855505 	 0.00333867	0.00697509
1435 	 3005 	 0.855508 	 0.00334001	0.00697788
1435 	 3010 	 0.855511 	 0.00334134	0.00698067
1435 	 3015 	 0.855514 	 0.00334268	0.00698346
1435 	 3020 	 0.855517 	 0.00334401	0.00698624
1435 	 3025 	 0.85552 	 0.00334533	0.00698901
1435 	 3030 	 0.855524 	 0.00334666	0.00699178
1435 	 3035 	 0.855527 	 0.00334798	0.00699454
1435 	 3040 	 0.85553 	 0.0033493	0.0069973
1435 	 3045 	 0.855533 	 0.00335062	0.00700005
1435 	 3050 	 0.855536 	 0.00335193	0.00700279
1435 	 3055 	 0.855539 	 0.00335324	0.00700553
1435 	 3060 	 0.855542 	 0.00335455	0.00700826
1435 	 3065 	 0.855545 	 0.00335586	0.00701099
1435 	 3070 	 0.855548 	 0.00335716	0.00701372
1435 	 3075 	 0.855551 	 0.00335846	0.00701643
1435 	 3080 	 0.855554 	 0.00335976	0.00701914
1435 	 3085 	 0.855557 	 0.00336105	0.00702185
1435 	 3090 	 0.85556 	 0.00336234	0.00702455
1435 	 3095 	 0.855563 	 0.00336363	0.00702724
1435 	 3100 	 0.855565 	 0.00336492	0.00702993
1435 	 3105 	 0.855568 	 0.00336621	0.00703262
1435 	 3110 	 0.855571 	 0.00336749	0.00703529
1435 	 3115 	 0.855574 	 0.00336877	0.00703797
1435 	 3120 	 0.855577 	 0.00337004	0.00704063
1435 	 3125 	 0.85558 	 0.00337132	0.0070433
1435 	 3130 	 0.855583 	 0.00337259	0.00704595
1435 	 3135 	 0.855586 	 0.00337386	0.0070486
1435 	 3140 	 0.855589 	 0.00337512	0.00705125
1435 	 3145 	 0.855591 	 0.00337639	0.00705389
1435 	 3150 	 0.855594 	 0.00337765	0.00705652
1435 	 3155 	 0.855597 	 0.00337891	0.00705915
1435 	 3160 	 0.8556 	 0.00338016	0.00706178
1435 	 3165 	 0.855603 	 0.00338142	0.0070644
1435 	 3170 	 0.855606 	 0.00338267	0.00706701
1435 	 3175 	 0.855608 	 0.00338392	0.00706962
1435 	 3180 	 0.855611 	 0.00338516	0.00707222
1435 	 3185 	 0.855614 	 0.00338641	0.00707482
1435 	 3190 	 0.855617 	 0.00338765	0.00707741
1435 	 3195 	 0.85562 	 0.00338889	0.00708
1435 	 3200 	 0.855622 	 0.00339012	0.00708258
1435 	 3205 	 0.855625 	 0.00339136	0.00708516
1435 	 3210 	 0.855628 	 0.00339259	0.00708773
1435 	 3215 	 0.855631 	 0.00339382	0.0070903
1435 	 3220 	 0.855633 	 0.00339504	0.00709286
1435 	 3225 	 0.855636 	 0.00339627	0.00709542
1435 	 3230 	 0.855639 	 0.00339749	0.00709797
1435 	 3235 	 0.855642 	 0.00339871	0.00710051
1435 	 3240 	 0.855644 	 0.00339992	0.00710306
1435 	 3245 	 0.855647 	 0.00340114	0.00710559
1435 	 3250 	 0.85565 	 0.00340235	0.00710812
1435 	 3255 	 0.855652 	 0.00340356	0.00711065
1435 	 3260 	 0.855655 	 0.00340476	0.00711317
1435 	 3265 	 0.855658 	 0.00340597	0.00711569
1435 	 3270 	 0.85566 	 0.00340717	0.0071182
1435 	 3275 	 0.855663 	 0.00340837	0.00712071
1435 	 3280 	 0.855666 	 0.00340957	0.00712321
1435 	 3285 	 0.855668 	 0.00341076	0.00712571
1435 	 3290 	 0.855671 	 0.00341196	0.0071282
1435 	 3295 	 0.855673 	 0.00341315	0.00713069
1435 	 3300 	 0.855676 	 0.00341433	0.00713317
1435 	 3305 	 0.855679 	 0.00341552	0.00713564
1435 	 3310 	 0.855681 	 0.0034167	0.00713812
1435 	 3315 	 0.855684 	 0.00341789	0.00714059
1435 	 3320 	 0.855686 	 0.00341906	0.00714305
1435 	 3325 	 0.855689 	 0.00342024	0.00714551
1435 	 3330 	 0.855692 	 0.00342142	0.00714796
1435 	 3335 	 0.855694 	 0.00342259	0.00715041
1435 	 3340 	 0.855697 	 0.00342376	0.00715285
1435 	 3345 	 0.855699 	 0.00342492	0.00715529
1435 	 3350 	 0.855702 	 0.00342609	0.00715773
1435 	 3355 	 0.855704 	 0.00342725	0.00716016
1435 	 3360 	 0.855707 	 0.00342841	0.00716258
1435 	 3365 	 0.855709 	 0.00342957	0.007165
1435 	 3370 	 0.855712 	 0.00343073	0.00716742
1435 	 3375 	 0.855714 	 0.00343188	0.00716983
1435 	 3380 	 0.855717 	 0.00343303	0.00717223
1435 	 3385 	 0.855719 	 0.00343418	0.00717464
1435 	 3390 	 0.855722 	 0.00343533	0.00717703
1435 	 3395 	 0.855724 	 0.00343648	0.00717943
1435 	 3400 	 0.855727 	 0.00343762	0.00718181
1435 	 3405 	 0.855729 	 0.00343876	0.0071842
1435 	 3410 	 0.855732 	 0.0034399	0.00718658
1435 	 3415 	 0.855734 	 0.00344104	0.00718895
1435 	 3420 	 0.855737 	 0.00344217	0.00719132
1435 	 3425 	 0.855739 	 0.0034433	0.00719369
1435 	 3430 	 0.855742 	 0.00344443	0.00719605
1435 	 3435 	 0.855744 	 0.00344556	0.0071984
1435 	 3440 	 0.855746 	 0.00344669	0.00720075
1435 	 3445 	 0.855749 	 0.00344781	0.0072031
1435 	 3450 	 0.855751 	 0.00344893	0.00720545
1435 	 3455 	 0.855754 	 0.00345005	0.00720778
1435 	 3460 	 0.855756 	 0.00345117	0.00721012
1435 	 3465 	 0.855758 	 0.00345228	0.00721245
1435 	 3470 	 0.855761 	 0.0034534	0.00721477
1435 	 3475 	 0.855763 	 0.00345451	0.00721709
1435 	 3480 	 0.855766 	 0.00345562	0.00721941
1435 	 3485 	 0.855768 	 0.00345672	0.00722172
1435 	 3490 	 0.85577 	 0.00345783	0.00722403
1435 	 3495 	 0.855773 	 0.00345893	0.00722633
1435 	 3500 	 0.855775 	 0.00346003	0.00722863
1435 	 3505 	 0.855777 	 0.00346113	0.00723093
1435 	 3510 	 0.85578 	 0.00346223	0.00723322
1435 	 3515 	 0.855782 	 0.00346332	0.00723551
1435 	 3520 	 0.855784 	 0.00346441	0.00723779
1435 	 3525 	 0.855787 	 0.0034655	0.00724007
1435 	 3530 	 0.855789 	 0.00346659	0.00724234
1435 	 3535 	 0.855791 	 0.00346768	0.00724461
1435 	 3540 	 0.855794 	 0.00346876	0.00724687
1435 	 3545 	 0.855796 	 0.00346984	0.00724914
1435 	 3550 	 0.855798 	 0.00347092	0.00725139
1435 	 3555 	 0.8558 	 0.003472	0.00725364
1435 	 3560 	 0.855803 	 0.00347308	0.00725589
1435 	 3565 	 0.855805 	 0.00347415	0.00725814
1435 	 3570 	 0.855807 	 0.00347522	0.00726038
1435 	 3575 	 0.855809 	 0.0034763	0.00726261
1435 	 3580 	 0.855812 	 0.00347736	0.00726485
1435 	 3585 	 0.855814 	 0.00347843	0.00726707
1435 	 3590 	 0.855816 	 0.00347949	0.0072693
1435 	 3595 	 0.855818 	 0.00348056	0.00727152
1435 	 3600 	 0.855821 	 0.00348162	0.00727373
1435 	 3605 	 0.855823 	 0.00348268	0.00727594
1435 	 3610 	 0.855825 	 0.00348373	0.00727815
1435 	 3615 	 0.855827 	 0.00348479	0.00728036
1435 	 3620 	 0.855829 	 0.00348584	0.00728256
1435 	 3625 	 0.855832 	 0.00348689	0.00728475
1435 	 3630 	 0.855834 	 0.00348794	0.00728694
1435 	 3635 	 0.855836 	 0.00348899	0.00728913
1435 	 3640 	 0.855838 	 0.00349003	0.00729131
1435 	 3645 	 0.85584 	 0.00349108	0.00729349
1435 	 3650 	 0.855843 	 0.00349212	0.00729567
1435 	 3655 	 0.855845 	 0.00349316	0.00729784
1435 	 3660 	 0.855847 	 0.00349419	0.00730001
1435 	 3665 	 0.855849 	 0.00349523	0.00730217
1435 	 3670 	 0.855851 	 0.00349626	0.00730433
1435 	 3675 	 0.855853 	 0.0034973	0.00730649
1435 	 3680 	 0.855855 	 0.00349833	0.00730864
1435 	 3685 	 0.855858 	 0.00349935	0.00731079
1435 	 3690 	 0.85586 	 0.00350038	0.00731293
1435 	 3695 	 0.855862 	 0.00350141	0.00731507
1435 	 3700 	 0.855864 	 0.00350243	0.00731721
1435 	 3705 	 0.855866 	 0.00350345	0.00731934
1435 	 3710 	 0.855868 	 0.00350447	0.00732147
1435 	 3715 	 0.85587 	 0.00350549	0.0073236
1435 	 3720 	 0.855872 	 0.0035065	0.00732572
1435 	 3725 	 0.855874 	 0.00350751	0.00732784
1435 	 3730 	 0.855877 	 0.00350853	0.00732995
1435 	 3735 	 0.855879 	 0.00350954	0.00733206
1435 	 3740 	 0.855881 	 0.00351054	0.00733417
1435 	 3745 	 0.855883 	 0.00351155	0.00733627
1435 	 3750 	 0.855885 	 0.00351256	0.00733837
1435 	 3755 	 0.855887 	 0.00351356	0.00734046
1435 	 3760 	 0.855889 	 0.00351456	0.00734255
1435 	 3765 	 0.855891 	 0.00351556	0.00734464
1435 	 3770 	 0.855893 	 0.00351656	0.00734673
1435 	 3775 	 0.855895 	 0.00351755	0.00734881
1435 	 3780 	 0.855897 	 0.00351855	0.00735088
1435 	 3785 	 0.855899 	 0.00351954	0.00735296
1435 	 3790 	 0.855901 	 0.00352053	0.00735503
1435 	 3795 	 0.855903 	 0.00352152	0.00735709
1435 	 3800 	 0.855905 	 0.0035225	0.00735915
1435 	 3805 	 0.855907 	 0.00352349	0.00736121
1435 	 3810 	 0.855909 	 0.00352447	0.00736327
1435 	 3815 	 0.855911 	 0.00352546	0.00736532
1435 	 3820 	 0.855913 	 0.00352644	0.00736737
1435 	 3825 	 0.855915 	 0.00352741	0.00736941
1435 	 3830 	 0.855917 	 0.00352839	0.00737145
1435 	 3835 	 0.855919 	 0.00352937	0.00737349
1435 	 3840 	 0.855921 	 0.00353034	0.00737552
1435 	 3845 	 0.855923 	 0.00353131	0.00737755
1435 	 3850 	 0.855925 	 0.00353228	0.00737958
1435 	 3855 	 0.855927 	 0.00353325	0.0073816
1435 	 3860 	 0.855929 	 0.00353421	0.00738362
1435 	 3865 	 0.855931 	 0.00353518	0.00738563
1435 	 3870 	 0.855933 	 0.00353614	0.00738765
1435 	 3875 	 0.855935 	 0.0035371	0.00738966
1435 	 3880 	 0.855937 	 0.00353806	0.00739166
1435 	 3885 	 0.855939 	 0.00353902	0.00739366
1435 	 3890 	 0.855941 	 0.00353998	0.00739566
1435 	 3895 	 0.855943 	 0.00354093	0.00739766
1435 	 3900 	 0.855945 	 0.00354189	0.00739965
1435 	 3905 	 0.855946 	 0.00354284	0.00740164
1435 	 3910 	 0.855948 	 0.00354379	0.00740362
1435 	 3915 	 0.85595 	 0.00354474	0.0074056
1435 	 3920 	 0.855952 	 0.00354568	0.00740758
1435 	 3925 	 0.855954 	 0.00354663	0.00740955
1435 	 3930 	 0.855956 	 0.00354757	0.00741153
1435 	 3935 	 0.855958 	 0.00354851	0.00741349
1435 	 3940 	 0.85596 	 0.00354945	0.00741546
1435 	 3945 	 0.855962 	 0.00355039	0.00741742
1435 	 3950 	 0.855963 	 0.00355133	0.00741938
1435 	 3955 	 0.855965 	 0.00355227	0.00742133
1435 	 3960 	 0.855967 	 0.0035532	0.00742328
1435 	 3965 	 0.855969 	 0.00355413	0.00742523
1435 	 3970 	 0.855971 	 0.00355506	0.00742717
1435 	 3975 	 0.855973 	 0.00355599	0.00742912
1435 	 3980 	 0.855975 	 0.00355692	0.00743105
1435 	 3985 	 0.855976 	 0.00355785	0.00743299
1435 	 3990 	 0.855978 	 0.00355877	0.00743492
1435 	 3995 	 0.85598 	 0.00355969	0.00743685
1435 	 4000 	 0.855982 	 0.00356061	0.00743877
1435 	 4005 	 0.855984 	 0.00356153	0.00744069
1435 	 4010 	 0.855986 	 0.00356245	0.00744261
1435 	 4015 	 0.855987 	 0.00356337	0.00744453
1435 	 4020 	 0.855989 	 0.00356428	0.00744644
1435 	 4025 	 0.855991 	 0.0035652	0.00744835
1435 	 4030 	 0.855993 	 0.00356611	0.00745025
1435 	 4035 	 0.855995 	 0.00356702	0.00745215
1435 	 4040 	 0.855996 	 0.00356793	0.00745405
1435 	 4045 	 0.855998 	 0.00356884	0.00745595
1435 	 4050 	 0.856 	 0.00356974	0.00745784
1435 	 4055 	 0.856002 	 0.00357065	0.00745973
1435 	 4060 	 0.856004 	 0.00357155	0.00746162
1435 	 4065 	 0.856005 	 0.00357245	0.0074635
1435 	 4070 	 0.856007 	 0.00357335	0.00746538
1435 	 4075 	 0.856009 	 0.00357425	0.00746726
1435 	 4080 	 0.856011 	 0.00357515	0.00746913
1435 	 4085 	 0.856012 	 0.00357604	0.007471
1435 	 4090 	 0.856014 	 0.00357694	0.00747287
1435 	 4095 	 0.856016 	 0.00357783	0.00747473
1435 	 4100 	 0.856018 	 0.00357872	0.0074766
1435 	 4105 	 0.85602 	 0.00357961	0.00747845
1435 	 4110 	 0.856021 	 0.0035805	0.00748031
1435 	 4115 	 0.856023 	 0.00358138	0.00748216
1435 	 4120 	 0.856025 	 0.00358227	0.00748401
1435 	 4125 	 0.856026 	 0.00358315	0.00748586
1435 	 4130 	 0.856028 	 0.00358403	0.0074877
1435 	 4135 	 0.85603 	 0.00358491	0.00748954
1435 	 4140 	 0.856032 	 0.00358579	0.00749138
1435 	 4145 	 0.856033 	 0.00358667	0.00749321
1435 	 4150 	 0.856035 	 0.00358755	0.00749504
1435 	 4155 	 0.856037 	 0.00358842	0.00749687
1435 	 4160 	 0.856038 	 0.0035893	0.00749869
1435 	 4165 	 0.85604 	 0.00359017	0.00750052
1435 	 4170 	 0.856042 	 0.00359104	0.00750234
1435 	 4175 	 0.856044 	 0.00359191	0.00750415
1435 	 4180 	 0.856045 	 0.00359278	0.00750596
1435 	 4185 	 0.856047 	 0.00359364	0.00750777
1435 	 4190 	 0.856049 	 0.00359451	0.00750958
1435 	 4195 	 0.85605 	 0.00359537	0.00751139
1435 	 4200 	 0.856052 	 0.00359623	0.00751319
1435 	 4205 	 0.856054 	 0.00359709	0.00751499
1435 	 4210 	 0.856055 	 0.00359795	0.00751678
1435 	 4215 	 0.856057 	 0.00359881	0.00751857
1435 	 4220 	 0.856059 	 0.00359967	0.00752036
1435 	 4225 	 0.85606 	 0.00360052	0.00752215
1435 	 4230 	 0.856062 	 0.00360138	0.00752393
1435 	 4235 	 0.856064 	 0.00360223	0.00752571
1435 	 4240 	 0.856065 	 0.00360308	0.00752749
1435 	 4245 	 0.856067 	 0.00360393	0.00752927
1435 	 4250 	 0.856069 	 0.00360478	0.00753104
1435 	 4255 	 0.85607 	 0.00360563	0.00753281
1435 	 4260 	 0.856072 	 0.00360647	0.00753458
1435 	 4265 	 0.856073 	 0.00360732	0.00753634
1435 	 4270 	 0.856075 	 0.00360816	0.0075381
1435 	 4275 	 0.856077 	 0.003609	0.00753986
1435 	 4280 	 0.856078 	 0.00360984	0.00754162
1435 	 4285 	 0.85608 	 0.00361068	0.00754337
1435 	 4290 	 0.856081 	 0.00361152	0.00754512
1435 	 4295 	 0.856083 	 0.00361235	0.00754687
1435 	 4300 	 0.856085 	 0.00361319	0.00754861
1435 	 4305 	 0.856086 	 0.00361402	0.00755035
1435 	 4310 	 0.856088 	 0.00361485	0.00755209
1435 	 4315 	 0.856089 	 0.00361569	0.00755383
1435 	 4320 	 0.856091 	 0.00361652	0.00755556
1435 	 4325 	 0.856093 	 0.00361734	0.00755729
1435 	 4330 	 0.856094 	 0.00361817	0.00755902
1435 	 4335 	 0.856096 	 0.003619	0.00756074
1435 	 4340 	 0.856097 	 0.00361982	0.00756246
1435 	 4345 	 0.856099 	 0.00362064	0.00756418
1435 	 4350 	 0.856101 	 0.00362147	0.0075659
1435 	 4355 	 0.856102 	 0.00362229	0.00756761
1435 	 4360 	 0.856104 	 0.0036231	0.00756933
1435 	 4365 	 0.856105 	 0.00362392	0.00757103
1435 	 4370 	 0.856107 	 0.00362474	0.00757274
1435 	 4375 	 0.856108 	 0.00362555	0.00757444
1435 	 4380 	 0.85611 	 0.00362637	0.00757614
1435 	 4385 	 0.856111 	 0.00362718	0.00757784
1435 	 4390 	 0.856113 	 0.00362799	0.00757954
1435 	 4395 	 0.856115 	 0.0036288	0.00758123
1435 	 4400 	 0.856116 	 0.00362961	0.00758292
1435 	 4405 	 0.856118 	 0.00363042	0.00758461
1435 	 4410 	 0.856119 	 0.00363123	0.00758629
1435 	 4415 	 0.856121 	 0.00363203	0.00758798
1435 	 4420 	 0.856122 	 0.00363284	0.00758965
1435 	 4425 	 0.856124 	 0.00363364	0.00759133
1435 	 4430 	 0.856125 	 0.00363444	0.00759301
1435 	 4435 	 0.856127 	 0.00363524	0.00759468
1435 	 4440 	 0.856128 	 0.00363604	0.00759635
1435 	 4445 	 0.85613 	 0.00363684	0.00759801
1435 	 4450 	 0.856131 	 0.00363763	0.00759968
1435 	 4455 	 0.856133 	 0.00363843	0.00760134
1435 	 4460 	 0.856134 	 0.00363922	0.007603
1435 	 4465 	 0.856136 	 0.00364001	0.00760465
1435 	 4470 	 0.856137 	 0.00364081	0.00760631
1435 	 4475 	 0.856139 	 0.0036416	0.00760796
1435 	 4480 	 0.85614 	 0.00364239	0.00760961
1435 	 4485 	 0.856142 	 0.00364317	0.00761125
1435 	 4490 	 0.856143 	 0.00364396	0.0076129
1435 	 4495 	 0.856145 	 0.00364475	0.00761454
1435 	 4500 	 0.856146 	 0.00364553	0.00761618
1435 	 4505 	 0.856148 	 0.00364631	0.00761781
1435 	 4510 	 0.856149 	 0.00364709	0.00761945
1435 	 4515 	 0.856151 	 0.00364788	0.00762108
1435 	 4520 	 0.856152 	 0.00364865	0.0076227
1435 	 4525 	 0.856153 	 0.00364943	0.00762433
1435 	 4530 	 0.856155 	 0.00365021	0.00762595
1435 	 4535 	 0.856156 	 0.00365099	0.00762757
1435 	 4540 	 0.856158 	 0.00365176	0.00762919
1435 	 4545 	 0.856159 	 0.00365253	0.00763081
1435 	 4550 	 0.856161 	 0.00365331	0.00763242
1435 	 4555 	 0.856162 	 0.00365408	0.00763403
1435 	 4560 	 0.856164 	 0.00365485	0.00763564
1435 	 4565 	 0.856165 	 0.00365562	0.00763725
1435 	 4570 	 0.856166 	 0.00365638	0.00763885
1435 	 4575 	 0.856168 	 0.00365715	0.00764045
1435 	 4580 	 0.856169 	 0.00365792	0.00764205
1435 	 4585 	 0.856171 	 0.00365868	0.00764365
1435 	 4590 	 0.856172 	 0.00365944	0.00764524
1435 	 4595 	 0.856174 	 0.00366021	0.00764684
1435 	 4600 	 0.856175 	 0.00366097	0.00764842
1435 	 4605 	 0.856176 	 0.00366173	0.00765001
1435 	 4610 	 0.856178 	 0.00366248	0.0076516
1435 	 4615 	 0.856179 	 0.00366324	0.00765318
1435 	 4620 	 0.856181 	 0.003664	0.00765476
1435 	 4625 	 0.856182 	 0.00366475	0.00765634
1435 	 4630 	 0.856183 	 0.00366551	0.00765791
1435 	 4635 	 0.856185 	 0.00366626	0.00765948
1435 	 4640 	 0.856186 	 0.00366701	0.00766105
1435 	 4645 	 0.856188 	 0.00366776	0.00766262
1435 	 4650 	 0.856189 	 0.00366851	0.00766419
1435 	 4655 	 0.85619 	 0.00366926	0.00766575
1435 	 4660 	 0.856192 	 0.00367001	0.00766731
1435 	 4665 	 0.856193 	 0.00367075	0.00766887
1435 	 4670 	 0.856195 	 0.0036715	0.00767043
1435 	 4675 	 0.856196 	 0.00367224	0.00767198
1435 	 4680 	 0.856197 	 0.00367298	0.00767353
1435 	 4685 	 0.856199 	 0.00367373	0.00767508
1435 	 4690 	 0.8562 	 0.00367447	0.00767663
1435 	 4695 	 0.856201 	 0.00367521	0.00767817
1435 	 4700 	 0.856203 	 0.00367594	0.00767972
1435 	 4705 	 0.856204 	 0.00367668	0.00768126
1435 	 4710 	 0.856205 	 0.00367742	0.00768279
1435 	 4715 	 0.856207 	 0.00367815	0.00768433
1435 	 4720 	 0.856208 	 0.00367889	0.00768586
1435 	 4725 	 0.856209 	 0.00367962	0.00768739
1435 	 4730 	 0.856211 	 0.00368035	0.00768892
1435 	 4735 	 0.856212 	 0.00368108	0.00769045
1435 	 4740 	 0.856213 	 0.00368181	0.00769197
1435 	 4745 	 0.856215 	 0.00368254	0.0076935
1435 	 4750 	 0.856216 	 0.00368327	0.00769502
1435 	 4755 	 0.856217 	 0.00368399	0.00769653
1435 	 4760 	 0.856219 	 0.00368472	0.00769805
1435 	 4765 	 0.85622 	 0.00368544	0.00769956
1435 	 4770 	 0.856221 	 0.00368617	0.00770107
1435 	 4775 	 0.856223 	 0.00368689	0.00770258
1435 	 4780 	 0.856224 	 0.00368761	0.00770409
1435 	 4785 	 0.856225 	 0.00368833	0.00770559
1435 	 4790 	 0.856227 	 0.00368905	0.0077071
1435 	 4795 	 0.856228 	 0.00368977	0.0077086
1435 	 4800 	 0.856229 	 0.00369048	0.00771009
1435 	 4805 	 0.856231 	 0.0036912	0.00771159
1435 	 4810 	 0.856232 	 0.00369191	0.00771308
1435 	 4815 	 0.856233 	 0.00369263	0.00771457
1435 	 4820 	 0.856235 	 0.00369334	0.00771606
1435 	 4825 	 0.856236 	 0.00369405	0.00771755
1435 	 4830 	 0.856237 	 0.00369476	0.00771903
1435 	 4835 	 0.856238 	 0.00369547	0.00772052
1435 	 4840 	 0.85624 	 0.00369618	0.007722
1435 	 4845 	 0.856241 	 0.00369689	0.00772348
1435 	 4850 	 0.856242 	 0.0036976	0.00772495
1435 	 4855 	 0.856244 	 0.0036983	0.00772643
1435 	 4860 	 0.856245 	 0.00369901	0.0077279
1435 	 4865 	 0.856246 	 0.00369971	0.00772937
1435 	 4870 	 0.856247 	 0.00370041	0.00773084
1435 	 4875 	 0.856249 	 0.00370111	0.0077323
1435 	 4880 	 0.85625 	 0.00370181	0.00773377
1435 	 4885 	 0.856251 	 0.00370251	0.00773523
1435 	 4890 	 0.856252 	 0.00370321	0.00773669
1435 	 4895 	 0.856254 	 0.00370391	0.00773814
1435 	 4900 	 0.856255 	 0.00370461	0.0077396
1435 	 4905 	 0.856256 	 0.0037053	0.00774105
1435 	 4910 	 0.856258 	 0.003706	0.0077425
1435 	 4915 	 0.856259 	 0.00370669	0.00774395
1435 	 4920 	 0.85626 	 0.00370738	0.0077454
1435 	 4925 	 0.856261 	 0.00370807	0.00774684
1435 	 4930 	 0.856263 	 0.00370877	0.00774829
1435 	 4935 	 0.856264 	 0.00370946	0.00774973
1435 	 4940 	 0.856265 	 0.00371014	0.00775117
1435 	 4945 	 0.856266 	 0.00371083	0.0077526
1435 	 4950 	 0.856267 	 0.00371152	0.00775404
1435 	 4955 	 0.856269 	 0.0037122	0.00775547
1435 	 4960 	 0.85627 	 0.00371289	0.0077569
1435 	 4965 	 0.856271 	 0.00371357	0.00775833
1435 	 4970 	 0.856272 	 0.00371426	0.00775976
1435 	 4975 	 0.856274 	 0.00371494	0.00776118
1435 	 4980 	 0.856275 	 0.00371562	0.0077626
1435 	 4985 	 0.856276 	 0.0037163	0.00776402
1435 	 4990 	 0.856277 	 0.00371698	0.00776544
1435 	 4995 	 0.856279 	 0.00371765	0.00776686
1435 	 5000 	 0.85628 	 0.00371833	0.00776827
