1785 	 5 	 0.734593 	 0.00295592 	 0.00615549
1785 	 10 	 0.734593 	 0.0029558 	 0.00615524
1785 	 15 	 0.734593 	 0.00295484 	 0.00615324
1785 	 20 	 0.734598 	 0.00294737 	 0.00613769
1785 	 25 	 0.734646 	 0.00289624 	 0.00603121
1785 	 30 	 0.735106 	 0.00273218 	 0.00568956
1785 	 35 	 0.739305 	 0.00459177 	 0.00956204
1785 	 40 	 0.764688 	 0.00252277 	 0.00525349
1785 	 45 	 0.80305 	 0.00987966 	 0.0205737
1785 	 50 	 0.813988 	 0.00241657 	 0.00503234
1785 	 55 	 0.816083 	 0.00180317 	 0.00375497
1785 	 60 	 0.817077 	 0.00183788 	 0.00382726
1785 	 65 	 0.817935 	 0.00172525 	 0.00359271
1785 	 70 	 0.818761 	 0.0016005 	 0.00333293
1785 	 75 	 0.819566 	 0.00148712 	 0.00309681
1785 	 80 	 0.82035 	 0.00138853 	 0.00289152
1785 	 85 	 0.821114 	 0.00130549 	 0.00271858
1785 	 90 	 0.82186 	 0.00123824 	 0.00257854
1785 	 95 	 0.822587 	 0.00118671 	 0.00247123
1785 	 100 	 0.823296 	 0.00115043 	 0.0023957
1785 	 105 	 0.823987 	 0.00112852 	 0.00235007
1785 	 110 	 0.824662 	 0.00111966 	 0.00233161
1785 	 115 	 0.825319 	 0.00112223 	 0.00233696
1785 	 120 	 0.82596 	 0.00113443 	 0.00236237
1785 	 125 	 0.826585 	 0.00115446 	 0.00240407
1785 	 130 	 0.827195 	 0.00118059 	 0.0024585
1785 	 135 	 0.827789 	 0.00121129 	 0.00252243
1785 	 140 	 0.828369 	 0.00124524 	 0.00259312
1785 	 145 	 0.828934 	 0.00128131 	 0.00266824
1785 	 150 	 0.829486 	 0.00131861 	 0.00274591
1785 	 155 	 0.830023 	 0.00135641 	 0.00282463
1785 	 160 	 0.830547 	 0.00139413 	 0.00290318
1785 	 165 	 0.831059 	 0.00143134 	 0.00298066
1785 	 170 	 0.831557 	 0.00146768 	 0.00305635
1785 	 175 	 0.832043 	 0.00150291 	 0.00312971
1785 	 180 	 0.832517 	 0.00153683 	 0.00320034
1785 	 185 	 0.832979 	 0.0015693 	 0.00326797
1785 	 190 	 0.83343 	 0.00160024 	 0.00333239
1785 	 195 	 0.833869 	 0.00162958 	 0.00339349
1785 	 200 	 0.834298 	 0.00165729 	 0.00345119
1785 	 205 	 0.834716 	 0.00168337 	 0.00350549
1785 	 210 	 0.835124 	 0.00170781 	 0.00355639
1785 	 215 	 0.835521 	 0.00173064 	 0.00360394
1785 	 220 	 0.835909 	 0.0017519 	 0.0036482
1785 	 225 	 0.836286 	 0.00177162 	 0.00368926
1785 	 230 	 0.836655 	 0.00178984 	 0.00372722
1785 	 235 	 0.837014 	 0.00180663 	 0.00376217
1785 	 240 	 0.837365 	 0.00182202 	 0.00379424
1785 	 245 	 0.837706 	 0.00183609 	 0.00382354
1785 	 250 	 0.83804 	 0.00184889 	 0.00385019
1785 	 255 	 0.838365 	 0.00186048 	 0.00387433
1785 	 260 	 0.838681 	 0.00187093 	 0.00389608
1785 	 265 	 0.83899 	 0.00188028 	 0.00391556
1785 	 270 	 0.839292 	 0.00188861 	 0.00393291
1785 	 275 	 0.839586 	 0.00189598 	 0.00394824
1785 	 280 	 0.839872 	 0.00190243 	 0.00396169
1785 	 285 	 0.840152 	 0.00190804 	 0.00397337
1785 	 290 	 0.840424 	 0.00191286 	 0.0039834
1785 	 295 	 0.84069 	 0.00191694 	 0.0039919
1785 	 300 	 0.840949 	 0.00192035 	 0.00399899
1785 	 305 	 0.841201 	 0.00192312 	 0.00400477
1785 	 310 	 0.841448 	 0.00192532 	 0.00400935
1785 	 315 	 0.841688 	 0.001927 	 0.00401284
1785 	 320 	 0.841922 	 0.00192819 	 0.00401533
1785 	 325 	 0.842151 	 0.00192896 	 0.00401692
1785 	 330 	 0.842373 	 0.00192934 	 0.00401771
1785 	 335 	 0.842591 	 0.00192937 	 0.00401779
1785 	 340 	 0.842803 	 0.00192911 	 0.00401723
1785 	 345 	 0.843009 	 0.00192858 	 0.00401613
1785 	 350 	 0.843211 	 0.00192783 	 0.00401457
1785 	 355 	 0.843407 	 0.00192689 	 0.00401261
1785 	 360 	 0.843599 	 0.00192579 	 0.00401033
1785 	 365 	 0.843785 	 0.00192457 	 0.00400779
1785 	 370 	 0.843967 	 0.00192327 	 0.00400507
1785 	 375 	 0.844145 	 0.0019219 	 0.00400221
1785 	 380 	 0.844318 	 0.00192049 	 0.00399929
1785 	 385 	 0.844487 	 0.00191908 	 0.00399635
1785 	 390 	 0.844652 	 0.00191768 	 0.00399344
1785 	 395 	 0.844812 	 0.00191633 	 0.00399062
1785 	 400 	 0.844969 	 0.00191503 	 0.00398791
1785 	 405 	 0.845122 	 0.00191381 	 0.00398538
1785 	 410 	 0.845271 	 0.00191269 	 0.00398304
1785 	 415 	 0.845416 	 0.00191168 	 0.00398094
1785 	 420 	 0.845558 	 0.0019108 	 0.00397911
1785 	 425 	 0.845696 	 0.00191007 	 0.00397758
1785 	 430 	 0.84583 	 0.00190949 	 0.00397637
1785 	 435 	 0.845962 	 0.00190907 	 0.00397551
1785 	 440 	 0.84609 	 0.00190884 	 0.00397502
1785 	 445 	 0.846215 	 0.00190878 	 0.00397491
1785 	 450 	 0.846336 	 0.00190893 	 0.0039752
1785 	 455 	 0.846455 	 0.00190926 	 0.00397591
1785 	 460 	 0.846571 	 0.00190981 	 0.00397704
1785 	 465 	 0.846684 	 0.00191056 	 0.00397861
1785 	 470 	 0.846794 	 0.00191152 	 0.00398062
1785 	 475 	 0.846901 	 0.0019127 	 0.00398307
1785 	 480 	 0.847006 	 0.0019141 	 0.00398597
1785 	 485 	 0.847108 	 0.00191571 	 0.00398933
1785 	 490 	 0.847208 	 0.00191753 	 0.00399313
1785 	 495 	 0.847305 	 0.00191958 	 0.00399739
1785 	 500 	 0.847399 	 0.00192184 	 0.00400209
1785 	 505 	 0.847492 	 0.0019243 	 0.00400723
1785 	 510 	 0.847582 	 0.00192698 	 0.00401281
1785 	 515 	 0.847669 	 0.00192987 	 0.00401882
1785 	 520 	 0.847755 	 0.00193296 	 0.00402525
1785 	 525 	 0.847839 	 0.00193624 	 0.00403209
1785 	 530 	 0.84792 	 0.00193972 	 0.00403934
1785 	 535 	 0.847999 	 0.00194339 	 0.00404698
1785 	 540 	 0.848077 	 0.00194725 	 0.004055
1785 	 545 	 0.848152 	 0.00195128 	 0.0040634
1785 	 550 	 0.848226 	 0.00195548 	 0.00407215
1785 	 555 	 0.848298 	 0.00195985 	 0.00408126
1785 	 560 	 0.848368 	 0.00196438 	 0.00409069
1785 	 565 	 0.848436 	 0.00196907 	 0.00410045
1785 	 570 	 0.848502 	 0.0019739 	 0.00411052
1785 	 575 	 0.848567 	 0.00197888 	 0.00412088
1785 	 580 	 0.848631 	 0.00198399 	 0.00413152
1785 	 585 	 0.848692 	 0.00198923 	 0.00414242
1785 	 590 	 0.848753 	 0.00199459 	 0.00415358
1785 	 595 	 0.848811 	 0.00200006 	 0.00416498
1785 	 600 	 0.848868 	 0.00200564 	 0.00417661
1785 	 605 	 0.848924 	 0.00201133 	 0.00418845
1785 	 610 	 0.848979 	 0.00201711 	 0.00420048
1785 	 615 	 0.849032 	 0.00202298 	 0.0042127
1785 	 620 	 0.849083 	 0.00202893 	 0.0042251
1785 	 625 	 0.849134 	 0.00203495 	 0.00423765
1785 	 630 	 0.849183 	 0.00204105 	 0.00425035
1785 	 635 	 0.849231 	 0.00204721 	 0.00426318
1785 	 640 	 0.849278 	 0.00205343 	 0.00427613
1785 	 645 	 0.849324 	 0.00205971 	 0.0042892
1785 	 650 	 0.849368 	 0.00206603 	 0.00430236
1785 	 655 	 0.849411 	 0.00207239 	 0.0043156
1785 	 660 	 0.849454 	 0.00207879 	 0.00432893
1785 	 665 	 0.849495 	 0.00208522 	 0.00434231
1785 	 670 	 0.849535 	 0.00209167 	 0.00435576
1785 	 675 	 0.849574 	 0.00209815 	 0.00436924
1785 	 680 	 0.849613 	 0.00210464 	 0.00438276
1785 	 685 	 0.84965 	 0.00211114 	 0.0043963
1785 	 690 	 0.849686 	 0.00211765 	 0.00440986
1785 	 695 	 0.849722 	 0.00212417 	 0.00442343
1785 	 700 	 0.849756 	 0.00213068 	 0.00443699
1785 	 705 	 0.84979 	 0.00213719 	 0.00445055
1785 	 710 	 0.849823 	 0.00214369 	 0.00446409
1785 	 715 	 0.849855 	 0.00215018 	 0.0044776
1785 	 720 	 0.849886 	 0.00215665 	 0.00449108
1785 	 725 	 0.849917 	 0.00216311 	 0.00450452
1785 	 730 	 0.849947 	 0.00216954 	 0.00451792
1785 	 735 	 0.849976 	 0.00217595 	 0.00453126
1785 	 740 	 0.850004 	 0.00218233 	 0.00454455
1785 	 745 	 0.850032 	 0.00218868 	 0.00455777
1785 	 750 	 0.850058 	 0.002195 	 0.00457093
1785 	 755 	 0.850085 	 0.00220128 	 0.00458401
1785 	 760 	 0.85011 	 0.00220752 	 0.00459701
1785 	 765 	 0.850135 	 0.00221373 	 0.00460994
1785 	 770 	 0.85016 	 0.00221989 	 0.00462277
1785 	 775 	 0.850183 	 0.00222601 	 0.00463551
1785 	 780 	 0.850206 	 0.00223208 	 0.00464816
1785 	 785 	 0.850229 	 0.00223811 	 0.00466071
1785 	 790 	 0.850251 	 0.00224409 	 0.00467315
1785 	 795 	 0.850272 	 0.00225001 	 0.0046855
1785 	 800 	 0.850293 	 0.00225589 	 0.00469773
1785 	 805 	 0.850314 	 0.00226171 	 0.00470986
1785 	 810 	 0.850334 	 0.00226748 	 0.00472187
1785 	 815 	 0.850353 	 0.00227319 	 0.00473376
1785 	 820 	 0.850372 	 0.00227885 	 0.00474554
1785 	 825 	 0.85039 	 0.00228445 	 0.0047572
1785 	 830 	 0.850408 	 0.00228999 	 0.00476874
1785 	 835 	 0.850426 	 0.00229547 	 0.00478016
1785 	 840 	 0.850443 	 0.00230089 	 0.00479145
1785 	 845 	 0.85046 	 0.00230625 	 0.00480261
1785 	 850 	 0.850476 	 0.00231156 	 0.00481365
1785 	 855 	 0.850492 	 0.0023168 	 0.00482457
1785 	 860 	 0.850507 	 0.00232198 	 0.00483535
1785 	 865 	 0.850522 	 0.00232709 	 0.00484601
1785 	 870 	 0.850537 	 0.00233215 	 0.00485653
1785 	 875 	 0.850551 	 0.00233714 	 0.00486693
1785 	 880 	 0.850565 	 0.00234207 	 0.0048772
1785 	 885 	 0.850579 	 0.00234694 	 0.00488733
1785 	 890 	 0.850592 	 0.00235174 	 0.00489734
1785 	 895 	 0.850605 	 0.00235648 	 0.00490721
1785 	 900 	 0.850618 	 0.00236116 	 0.00491695
1785 	 905 	 0.85063 	 0.00236578 	 0.00492656
1785 	 910 	 0.850642 	 0.00237033 	 0.00493604
1785 	 915 	 0.850654 	 0.00237482 	 0.0049454
1785 	 920 	 0.850665 	 0.00237925 	 0.00495462
1785 	 925 	 0.850676 	 0.00238361 	 0.00496371
1785 	 930 	 0.850687 	 0.00238792 	 0.00497267
1785 	 935 	 0.850698 	 0.00239216 	 0.0049815
1785 	 940 	 0.850708 	 0.00239634 	 0.00499021
1785 	 945 	 0.850718 	 0.00240046 	 0.00499879
1785 	 950 	 0.850728 	 0.00240452 	 0.00500724
1785 	 955 	 0.850738 	 0.00240852 	 0.00501557
1785 	 960 	 0.850747 	 0.00241245 	 0.00502377
1785 	 965 	 0.850756 	 0.00241633 	 0.00503184
1785 	 970 	 0.850765 	 0.00242015 	 0.0050398
1785 	 975 	 0.850774 	 0.00242391 	 0.00504763
1785 	 980 	 0.850782 	 0.00242761 	 0.00505534
1785 	 985 	 0.85079 	 0.00243126 	 0.00506293
1785 	 990 	 0.850798 	 0.00243485 	 0.0050704
1785 	 995 	 0.850806 	 0.00243838 	 0.00507775
1785 	 1000 	 0.850814 	 0.00244185 	 0.00508498
1785 	 1005 	 0.850821 	 0.00244527 	 0.0050921
1785 	 1010 	 0.850829 	 0.00244863 	 0.00509911
1785 	 1015 	 0.850836 	 0.00245194 	 0.005106
1785 	 1020 	 0.850843 	 0.0024552 	 0.00511277
1785 	 1025 	 0.850849 	 0.0024584 	 0.00511944
1785 	 1030 	 0.850856 	 0.00246155 	 0.005126
1785 	 1035 	 0.850862 	 0.00246464 	 0.00513244
1785 	 1040 	 0.850869 	 0.00246769 	 0.00513878
1785 	 1045 	 0.850875 	 0.00247068 	 0.00514502
1785 	 1050 	 0.850881 	 0.00247362 	 0.00515114
1785 	 1055 	 0.850886 	 0.00247651 	 0.00515717
1785 	 1060 	 0.850892 	 0.00247936 	 0.00516309
1785 	 1065 	 0.850898 	 0.00248215 	 0.00516891
1785 	 1070 	 0.850903 	 0.0024849 	 0.00517463
1785 	 1075 	 0.850908 	 0.0024876 	 0.00518025
1785 	 1080 	 0.850913 	 0.00249025 	 0.00518577
1785 	 1085 	 0.850918 	 0.00249286 	 0.0051912
1785 	 1090 	 0.850923 	 0.00249542 	 0.00519653
1785 	 1095 	 0.850928 	 0.00249793 	 0.00520177
1785 	 1100 	 0.850933 	 0.0025004 	 0.00520691
1785 	 1105 	 0.850937 	 0.00250283 	 0.00521197
1785 	 1110 	 0.850941 	 0.00250521 	 0.00521693
1785 	 1115 	 0.850946 	 0.00250755 	 0.00522181
1785 	 1120 	 0.85095 	 0.00250985 	 0.00522659
1785 	 1125 	 0.850954 	 0.00251211 	 0.0052313
1785 	 1130 	 0.850958 	 0.00251433 	 0.00523591
1785 	 1135 	 0.850962 	 0.00251651 	 0.00524045
1785 	 1140 	 0.850966 	 0.00251864 	 0.0052449
1785 	 1145 	 0.850969 	 0.00252074 	 0.00524927
1785 	 1150 	 0.850973 	 0.0025228 	 0.00525356
1785 	 1155 	 0.850976 	 0.00252482 	 0.00525777
1785 	 1160 	 0.85098 	 0.00252681 	 0.0052619
1785 	 1165 	 0.850983 	 0.00252876 	 0.00526596
1785 	 1170 	 0.850986 	 0.00253067 	 0.00526994
1785 	 1175 	 0.85099 	 0.00253254 	 0.00527385
1785 	 1180 	 0.850993 	 0.00253439 	 0.00527768
1785 	 1185 	 0.850996 	 0.00253619 	 0.00528145
1785 	 1190 	 0.850999 	 0.00253797 	 0.00528514
1785 	 1195 	 0.851001 	 0.00253971 	 0.00528876
1785 	 1200 	 0.851004 	 0.00254141 	 0.00529232
1785 	 1205 	 0.851007 	 0.00254309 	 0.00529581
1785 	 1210 	 0.85101 	 0.00254473 	 0.00529923
1785 	 1215 	 0.851012 	 0.00254634 	 0.00530258
1785 	 1220 	 0.851015 	 0.00254793 	 0.00530588
1785 	 1225 	 0.851017 	 0.00254948 	 0.00530911
1785 	 1230 	 0.85102 	 0.002551 	 0.00531228
1785 	 1235 	 0.851022 	 0.00255249 	 0.00531538
1785 	 1240 	 0.851024 	 0.00255396 	 0.00531843
1785 	 1245 	 0.851026 	 0.00255539 	 0.00532142
1785 	 1250 	 0.851029 	 0.0025568 	 0.00532435
1785 	 1255 	 0.851031 	 0.00255818 	 0.00532723
1785 	 1260 	 0.851033 	 0.00255953 	 0.00533005
1785 	 1265 	 0.851035 	 0.00256086 	 0.00533281
1785 	 1270 	 0.851037 	 0.00256216 	 0.00533552
1785 	 1275 	 0.851039 	 0.00256344 	 0.00533818
1785 	 1280 	 0.851041 	 0.00256469 	 0.00534079
1785 	 1285 	 0.851042 	 0.00256592 	 0.00534334
1785 	 1290 	 0.851044 	 0.00256712 	 0.00534585
1785 	 1295 	 0.851046 	 0.0025683 	 0.0053483
1785 	 1300 	 0.851048 	 0.00256946 	 0.00535071
1785 	 1305 	 0.851049 	 0.00257059 	 0.00535307
1785 	 1310 	 0.851051 	 0.0025717 	 0.00535538
1785 	 1315 	 0.851052 	 0.00257279 	 0.00535765
1785 	 1320 	 0.851054 	 0.00257385 	 0.00535987
1785 	 1325 	 0.851055 	 0.0025749 	 0.00536205
1785 	 1330 	 0.851057 	 0.00257593 	 0.00536419
1785 	 1335 	 0.851058 	 0.00257693 	 0.00536628
1785 	 1340 	 0.85106 	 0.00257792 	 0.00536833
1785 	 1345 	 0.851061 	 0.00257888 	 0.00537034
1785 	 1350 	 0.851062 	 0.00257983 	 0.00537231
1785 	 1355 	 0.851064 	 0.00258075 	 0.00537424
1785 	 1360 	 0.851065 	 0.00258166 	 0.00537613
1785 	 1365 	 0.851066 	 0.00258255 	 0.00537798
1785 	 1370 	 0.851067 	 0.00258342 	 0.0053798
1785 	 1375 	 0.851068 	 0.00258428 	 0.00538158
1785 	 1380 	 0.85107 	 0.00258511 	 0.00538332
1785 	 1385 	 0.851071 	 0.00258593 	 0.00538503
1785 	 1390 	 0.851072 	 0.00258674 	 0.0053867
1785 	 1395 	 0.851073 	 0.00258752 	 0.00538834
1785 	 1400 	 0.851074 	 0.0025883 	 0.00538994
1785 	 1405 	 0.851075 	 0.00258905 	 0.00539152
1785 	 1410 	 0.851076 	 0.00258979 	 0.00539306
1785 	 1415 	 0.851077 	 0.00259052 	 0.00539457
1785 	 1420 	 0.851078 	 0.00259123 	 0.00539605
1785 	 1425 	 0.851078 	 0.00259192 	 0.00539749
1785 	 1430 	 0.851079 	 0.0025926 	 0.00539891
1785 	 1435 	 0.85108 	 0.00259327 	 0.0054003
1785 	 1440 	 0.851081 	 0.00259392 	 0.00540166
1785 	 1445 	 0.851082 	 0.00259456 	 0.005403
1785 	 1450 	 0.851083 	 0.00259519 	 0.0054043
1785 	 1455 	 0.851083 	 0.0025958 	 0.00540558
1785 	 1460 	 0.851084 	 0.00259641 	 0.00540683
1785 	 1465 	 0.851085 	 0.002597 	 0.00540806
1785 	 1470 	 0.851086 	 0.00259757 	 0.00540926
1785 	 1475 	 0.851086 	 0.00259814 	 0.00541044
1785 	 1480 	 0.851087 	 0.00259869 	 0.00541159
1785 	 1485 	 0.851088 	 0.00259923 	 0.00541272
1785 	 1490 	 0.851088 	 0.00259976 	 0.00541382
1785 	 1495 	 0.851089 	 0.00260028 	 0.0054149
1785 	 1500 	 0.85109 	 0.00260079 	 0.00541596
1785 	 1505 	 0.85109 	 0.00260129 	 0.005417
1785 	 1510 	 0.851091 	 0.00260178 	 0.00541801
1785 	 1515 	 0.851091 	 0.00260225 	 0.00541901
1785 	 1520 	 0.851092 	 0.00260272 	 0.00541998
1785 	 1525 	 0.851092 	 0.00260318 	 0.00542093
1785 	 1530 	 0.851093 	 0.00260363 	 0.00542187
1785 	 1535 	 0.851093 	 0.00260406 	 0.00542278
1785 	 1540 	 0.851094 	 0.00260449 	 0.00542367
1785 	 1545 	 0.851094 	 0.00260491 	 0.00542455
1785 	 1550 	 0.851095 	 0.00260533 	 0.00542541
1785 	 1555 	 0.851095 	 0.00260573 	 0.00542625
1785 	 1560 	 0.851096 	 0.00260612 	 0.00542707
1785 	 1565 	 0.851096 	 0.00260651 	 0.00542787
1785 	 1570 	 0.851097 	 0.00260689 	 0.00542866
1785 	 1575 	 0.851097 	 0.00260726 	 0.00542943
1785 	 1580 	 0.851098 	 0.00260762 	 0.00543018
1785 	 1585 	 0.851098 	 0.00260797 	 0.00543092
1785 	 1590 	 0.851098 	 0.00260832 	 0.00543164
1785 	 1595 	 0.851099 	 0.00260866 	 0.00543235
1785 	 1600 	 0.851099 	 0.00260899 	 0.00543304
1785 	 1605 	 0.8511 	 0.00260932 	 0.00543372
1785 	 1610 	 0.8511 	 0.00260964 	 0.00543438
1785 	 1615 	 0.8511 	 0.00260995 	 0.00543503
1785 	 1620 	 0.851101 	 0.00261025 	 0.00543567
1785 	 1625 	 0.851101 	 0.00261055 	 0.00543629
1785 	 1630 	 0.851101 	 0.00261084 	 0.0054369
1785 	 1635 	 0.851102 	 0.00261113 	 0.00543749
1785 	 1640 	 0.851102 	 0.00261141 	 0.00543807
1785 	 1645 	 0.851102 	 0.00261168 	 0.00543864
1785 	 1650 	 0.851102 	 0.00261195 	 0.0054392
1785 	 1655 	 0.851103 	 0.00261221 	 0.00543975
1785 	 1660 	 0.851103 	 0.00261247 	 0.00544028
1785 	 1665 	 0.851103 	 0.00261272 	 0.0054408
1785 	 1670 	 0.851103 	 0.00261296 	 0.00544132
1785 	 1675 	 0.851104 	 0.00261321 	 0.00544182
1785 	 1680 	 0.851104 	 0.00261344 	 0.00544231
1785 	 1685 	 0.851104 	 0.00261367 	 0.00544279
1785 	 1690 	 0.851104 	 0.0026139 	 0.00544325
1785 	 1695 	 0.851105 	 0.00261412 	 0.00544371
1785 	 1700 	 0.851105 	 0.00261433 	 0.00544416
1785 	 1705 	 0.851105 	 0.00261454 	 0.0054446
1785 	 1710 	 0.851105 	 0.00261475 	 0.00544503
1785 	 1715 	 0.851106 	 0.00261495 	 0.00544545
1785 	 1720 	 0.851106 	 0.00261515 	 0.00544586
1785 	 1725 	 0.851106 	 0.00261534 	 0.00544627
1785 	 1730 	 0.851106 	 0.00261553 	 0.00544666
1785 	 1735 	 0.851106 	 0.00261572 	 0.00544705
1785 	 1740 	 0.851107 	 0.0026159 	 0.00544742
1785 	 1745 	 0.851107 	 0.00261607 	 0.00544779
1785 	 1750 	 0.851107 	 0.00261625 	 0.00544815
1785 	 1755 	 0.851107 	 0.00261642 	 0.0054485
1785 	 1760 	 0.851107 	 0.00261658 	 0.00544885
1785 	 1765 	 0.851107 	 0.00261674 	 0.00544919
1785 	 1770 	 0.851108 	 0.0026169 	 0.00544952
1785 	 1775 	 0.851108 	 0.00261706 	 0.00544984
1785 	 1780 	 0.851108 	 0.00261721 	 0.00545016
1785 	 1785 	 0.851108 	 0.00261736 	 0.00545047
1785 	 1790 	 0.851108 	 0.0026175 	 0.00545077
1785 	 1795 	 0.851108 	 0.00261765 	 0.00545106
1785 	 1800 	 0.851108 	 0.00261779 	 0.00545135
1785 	 1805 	 0.851109 	 0.00261792 	 0.00545164
1785 	 1810 	 0.851109 	 0.00261805 	 0.00545191
1785 	 1815 	 0.851109 	 0.00261818 	 0.00545219
1785 	 1820 	 0.851109 	 0.00261831 	 0.00545245
1785 	 1825 	 0.851109 	 0.00261844 	 0.00545271
1785 	 1830 	 0.851109 	 0.00261856 	 0.00545296
1785 	 1835 	 0.851109 	 0.00261868 	 0.00545321
1785 	 1840 	 0.851109 	 0.00261879 	 0.00545345
1785 	 1845 	 0.85111 	 0.00261891 	 0.00545369
1785 	 1850 	 0.85111 	 0.00261902 	 0.00545392
1785 	 1855 	 0.85111 	 0.00261913 	 0.00545415
1785 	 1860 	 0.85111 	 0.00261923 	 0.00545437
1785 	 1865 	 0.85111 	 0.00261934 	 0.00545459
1785 	 1870 	 0.85111 	 0.00261944 	 0.0054548
1785 	 1875 	 0.85111 	 0.00261954 	 0.00545501
1785 	 1880 	 0.85111 	 0.00261964 	 0.00545521
1785 	 1885 	 0.85111 	 0.00261973 	 0.00545541
1785 	 1890 	 0.85111 	 0.00261983 	 0.0054556
1785 	 1895 	 0.85111 	 0.00261992 	 0.00545579
1785 	 1900 	 0.851111 	 0.00262001 	 0.00545598
1785 	 1905 	 0.851111 	 0.00262009 	 0.00545616
1785 	 1910 	 0.851111 	 0.00262018 	 0.00545634
1785 	 1915 	 0.851111 	 0.00262026 	 0.00545651
1785 	 1920 	 0.851111 	 0.00262034 	 0.00545668
1785 	 1925 	 0.851111 	 0.00262042 	 0.00545685
1785 	 1930 	 0.851111 	 0.0026205 	 0.00545701
1785 	 1935 	 0.851111 	 0.00262058 	 0.00545717
1785 	 1940 	 0.851111 	 0.00262065 	 0.00545732
1785 	 1945 	 0.851111 	 0.00262072 	 0.00545747
1785 	 1950 	 0.851111 	 0.0026208 	 0.00545762
1785 	 1955 	 0.851111 	 0.00262087 	 0.00545777
1785 	 1960 	 0.851111 	 0.00262093 	 0.00545791
1785 	 1965 	 0.851111 	 0.002621 	 0.00545805
1785 	 1970 	 0.851112 	 0.00262107 	 0.00545818
1785 	 1975 	 0.851112 	 0.00262113 	 0.00545832
1785 	 1980 	 0.851112 	 0.00262119 	 0.00545845
1785 	 1985 	 0.851112 	 0.00262125 	 0.00545857
1785 	 1990 	 0.851112 	 0.00262131 	 0.0054587
1785 	 1995 	 0.851112 	 0.00262137 	 0.00545882
1785 	 2000 	 0.851112 	 0.00262143 	 0.00545894
1785 	 2005 	 0.851112 	 0.00262148 	 0.00545905
1785 	 2010 	 0.851112 	 0.00262154 	 0.00545917
1785 	 2015 	 0.851112 	 0.00262159 	 0.00545928
1785 	 2020 	 0.851112 	 0.00262164 	 0.00545938
1785 	 2025 	 0.851112 	 0.00262169 	 0.00545949
1785 	 2030 	 0.851112 	 0.00262174 	 0.00545959
1785 	 2035 	 0.851112 	 0.00262179 	 0.00545969
1785 	 2040 	 0.851112 	 0.00262184 	 0.00545979
1785 	 2045 	 0.851112 	 0.00262188 	 0.00545989
1785 	 2050 	 0.851112 	 0.00262193 	 0.00545998
1785 	 2055 	 0.851112 	 0.00262197 	 0.00546008
1785 	 2060 	 0.851112 	 0.00262202 	 0.00546017
1785 	 2065 	 0.851112 	 0.00262206 	 0.00546026
1785 	 2070 	 0.851112 	 0.0026221 	 0.00546034
1785 	 2075 	 0.851112 	 0.00262214 	 0.00546043
1785 	 2080 	 0.851112 	 0.00262218 	 0.00546051
1785 	 2085 	 0.851113 	 0.00262222 	 0.00546059
1785 	 2090 	 0.851113 	 0.00262226 	 0.00546067
1785 	 2095 	 0.851113 	 0.00262229 	 0.00546075
1785 	 2100 	 0.851113 	 0.00262233 	 0.00546082
1785 	 2105 	 0.851113 	 0.00262237 	 0.00546089
1785 	 2110 	 0.851113 	 0.0026224 	 0.00546097
1785 	 2115 	 0.851113 	 0.00262243 	 0.00546104
1785 	 2120 	 0.851113 	 0.00262247 	 0.0054611
1785 	 2125 	 0.851113 	 0.0026225 	 0.00546117
1785 	 2130 	 0.851113 	 0.00262253 	 0.00546124
1785 	 2135 	 0.851113 	 0.00262256 	 0.0054613
1785 	 2140 	 0.851113 	 0.00262259 	 0.00546136
1785 	 2145 	 0.851113 	 0.00262262 	 0.00546143
1785 	 2150 	 0.851113 	 0.00262265 	 0.00546149
1785 	 2155 	 0.851113 	 0.00262268 	 0.00546154
1785 	 2160 	 0.851113 	 0.00262271 	 0.0054616
1785 	 2165 	 0.851113 	 0.00262273 	 0.00546166
1785 	 2170 	 0.851113 	 0.00262276 	 0.00546171
1785 	 2175 	 0.851113 	 0.00262278 	 0.00546177
1785 	 2180 	 0.851113 	 0.00262281 	 0.00546182
1785 	 2185 	 0.851113 	 0.00262283 	 0.00546187
1785 	 2190 	 0.851113 	 0.00262286 	 0.00546192
1785 	 2195 	 0.851113 	 0.00262288 	 0.00546197
1785 	 2200 	 0.851113 	 0.0026229 	 0.00546201
1785 	 2205 	 0.851113 	 0.00262293 	 0.00546206
1785 	 2210 	 0.851113 	 0.00262295 	 0.00546211
1785 	 2215 	 0.851113 	 0.00262297 	 0.00546215
1785 	 2220 	 0.851113 	 0.00262299 	 0.00546219
1785 	 2225 	 0.851113 	 0.00262301 	 0.00546224
1785 	 2230 	 0.851113 	 0.00262303 	 0.00546228
1785 	 2235 	 0.851113 	 0.00262305 	 0.00546232
1785 	 2240 	 0.851113 	 0.00262307 	 0.00546236
1785 	 2245 	 0.851113 	 0.00262309 	 0.0054624
1785 	 2250 	 0.851113 	 0.00262311 	 0.00546244
1785 	 2255 	 0.851113 	 0.00262312 	 0.00546247
1785 	 2260 	 0.851113 	 0.00262314 	 0.00546251
1785 	 2265 	 0.851113 	 0.00262316 	 0.00546254
1785 	 2270 	 0.851113 	 0.00262318 	 0.00546258
1785 	 2275 	 0.851113 	 0.00262319 	 0.00546261
1785 	 2280 	 0.851113 	 0.00262321 	 0.00546264
1785 	 2285 	 0.851113 	 0.00262322 	 0.00546268
1785 	 2290 	 0.851113 	 0.00262324 	 0.00546271
1785 	 2295 	 0.851113 	 0.00262325 	 0.00546274
1785 	 2300 	 0.851113 	 0.00262327 	 0.00546277
1785 	 2305 	 0.851113 	 0.00262328 	 0.0054628
1785 	 2310 	 0.851113 	 0.00262329 	 0.00546283
1785 	 2315 	 0.851113 	 0.00262331 	 0.00546286
1785 	 2320 	 0.851113 	 0.00262332 	 0.00546288
1785 	 2325 	 0.851113 	 0.00262333 	 0.00546291
1785 	 2330 	 0.851113 	 0.00262335 	 0.00546294
1785 	 2335 	 0.851113 	 0.00262336 	 0.00546296
1785 	 2340 	 0.851113 	 0.00262337 	 0.00546299
1785 	 2345 	 0.851113 	 0.00262338 	 0.00546301
1785 	 2350 	 0.851113 	 0.00262339 	 0.00546303
1785 	 2355 	 0.851113 	 0.00262341 	 0.00546306
1785 	 2360 	 0.851113 	 0.00262342 	 0.00546308
1785 	 2365 	 0.851113 	 0.00262343 	 0.0054631
1785 	 2370 	 0.851113 	 0.00262344 	 0.00546312
1785 	 2375 	 0.851113 	 0.00262345 	 0.00546314
1785 	 2380 	 0.851113 	 0.00262346 	 0.00546317
1785 	 2385 	 0.851113 	 0.00262347 	 0.00546319
1785 	 2390 	 0.851114 	 0.00262348 	 0.00546321
1785 	 2395 	 0.851114 	 0.00262349 	 0.00546322
1785 	 2400 	 0.851114 	 0.00262349 	 0.00546324
1785 	 2405 	 0.851114 	 0.0026235 	 0.00546326
1785 	 2410 	 0.851114 	 0.00262351 	 0.00546328
1785 	 2415 	 0.851114 	 0.00262352 	 0.0054633
1785 	 2420 	 0.851114 	 0.00262353 	 0.00546331
1785 	 2425 	 0.851114 	 0.00262354 	 0.00546333
1785 	 2430 	 0.851114 	 0.00262354 	 0.00546335
1785 	 2435 	 0.851114 	 0.00262355 	 0.00546336
1785 	 2440 	 0.851114 	 0.00262356 	 0.00546338
1785 	 2445 	 0.851114 	 0.00262357 	 0.00546339
1785 	 2450 	 0.851114 	 0.00262357 	 0.00546341
1785 	 2455 	 0.851114 	 0.00262358 	 0.00546342
1785 	 2460 	 0.851114 	 0.00262359 	 0.00546344
1785 	 2465 	 0.851114 	 0.0026236 	 0.00546345
1785 	 2470 	 0.851114 	 0.0026236 	 0.00546347
1785 	 2475 	 0.851114 	 0.00262361 	 0.00546348
1785 	 2480 	 0.851114 	 0.00262361 	 0.00546349
1785 	 2485 	 0.851114 	 0.00262362 	 0.0054635
1785 	 2490 	 0.851114 	 0.00262363 	 0.00546352
1785 	 2495 	 0.851114 	 0.00262363 	 0.00546353
1785 	 2500 	 0.851114 	 0.00262364 	 0.00546354
1785 	 2505 	 0.851114 	 0.00262364 	 0.00546355
1785 	 2510 	 0.851114 	 0.00262365 	 0.00546356
1785 	 2515 	 0.851114 	 0.00262365 	 0.00546357
1785 	 2520 	 0.851114 	 0.00262366 	 0.00546359
1785 	 2525 	 0.851114 	 0.00262366 	 0.0054636
1785 	 2530 	 0.851114 	 0.00262367 	 0.00546361
1785 	 2535 	 0.851114 	 0.00262367 	 0.00546362
1785 	 2540 	 0.851114 	 0.00262368 	 0.00546363
1785 	 2545 	 0.851114 	 0.00262368 	 0.00546364
1785 	 2550 	 0.851114 	 0.00262369 	 0.00546364
1785 	 2555 	 0.851114 	 0.00262369 	 0.00546365
1785 	 2560 	 0.851114 	 0.0026237 	 0.00546366
1785 	 2565 	 0.851114 	 0.0026237 	 0.00546367
1785 	 2570 	 0.851114 	 0.0026237 	 0.00546368
1785 	 2575 	 0.851114 	 0.00262371 	 0.00546369
1785 	 2580 	 0.851114 	 0.00262371 	 0.0054637
1785 	 2585 	 0.851114 	 0.00262372 	 0.0054637
1785 	 2590 	 0.851114 	 0.00262372 	 0.00546371
1785 	 2595 	 0.851114 	 0.00262372 	 0.00546372
1785 	 2600 	 0.851114 	 0.00262373 	 0.00546373
1785 	 2605 	 0.851114 	 0.00262373 	 0.00546373
1785 	 2610 	 0.851114 	 0.00262373 	 0.00546374
1785 	 2615 	 0.851114 	 0.00262374 	 0.00546375
1785 	 2620 	 0.851114 	 0.00262374 	 0.00546375
1785 	 2625 	 0.851114 	 0.00262374 	 0.00546376
1785 	 2630 	 0.851114 	 0.00262375 	 0.00546377
1785 	 2635 	 0.851114 	 0.00262375 	 0.00546377
1785 	 2640 	 0.851114 	 0.00262375 	 0.00546378
1785 	 2645 	 0.851114 	 0.00262375 	 0.00546379
1785 	 2650 	 0.851114 	 0.00262376 	 0.00546379
1785 	 2655 	 0.851114 	 0.00262376 	 0.0054638
1785 	 2660 	 0.851114 	 0.00262376 	 0.0054638
1785 	 2665 	 0.851114 	 0.00262377 	 0.00546381
1785 	 2670 	 0.851114 	 0.00262377 	 0.00546381
1785 	 2675 	 0.851114 	 0.00262377 	 0.00546382
1785 	 2680 	 0.851114 	 0.00262377 	 0.00546382
1785 	 2685 	 0.851114 	 0.00262378 	 0.00546383
1785 	 2690 	 0.851114 	 0.00262378 	 0.00546383
1785 	 2695 	 0.851114 	 0.00262378 	 0.00546384
1785 	 2700 	 0.851114 	 0.00262378 	 0.00546384
1785 	 2705 	 0.851114 	 0.00262378 	 0.00546385
1785 	 2710 	 0.851114 	 0.00262379 	 0.00546385
1785 	 2715 	 0.851114 	 0.00262379 	 0.00546386
1785 	 2720 	 0.851114 	 0.00262379 	 0.00546386
1785 	 2725 	 0.851114 	 0.00262379 	 0.00546386
1785 	 2730 	 0.851114 	 0.00262379 	 0.00546387
1785 	 2735 	 0.851114 	 0.0026238 	 0.00546387
1785 	 2740 	 0.851114 	 0.0026238 	 0.00546387
1785 	 2745 	 0.851114 	 0.0026238 	 0.00546388
1785 	 2750 	 0.851114 	 0.0026238 	 0.00546388
1785 	 2755 	 0.851114 	 0.0026238 	 0.00546389
1785 	 2760 	 0.851114 	 0.0026238 	 0.00546389
1785 	 2765 	 0.851114 	 0.00262381 	 0.00546389
1785 	 2770 	 0.851114 	 0.00262381 	 0.0054639
1785 	 2775 	 0.851114 	 0.00262381 	 0.0054639
1785 	 2780 	 0.851114 	 0.00262381 	 0.0054639
1785 	 2785 	 0.851114 	 0.00262381 	 0.0054639
1785 	 2790 	 0.851114 	 0.00262381 	 0.00546391
1785 	 2795 	 0.851114 	 0.00262382 	 0.00546391
1785 	 2800 	 0.851114 	 0.00262382 	 0.00546391
1785 	 2805 	 0.851114 	 0.00262382 	 0.00546392
1785 	 2810 	 0.851114 	 0.00262382 	 0.00546392
1785 	 2815 	 0.851114 	 0.00262382 	 0.00546392
1785 	 2820 	 0.851114 	 0.00262382 	 0.00546392
1785 	 2825 	 0.851114 	 0.00262382 	 0.00546393
1785 	 2830 	 0.851114 	 0.00262382 	 0.00546393
1785 	 2835 	 0.851114 	 0.00262383 	 0.00546393
1785 	 2840 	 0.851114 	 0.00262383 	 0.00546393
1785 	 2845 	 0.851114 	 0.00262383 	 0.00546394
1785 	 2850 	 0.851114 	 0.00262383 	 0.00546394
1785 	 2855 	 0.851114 	 0.00262383 	 0.00546394
1785 	 2860 	 0.851114 	 0.00262383 	 0.00546394
1785 	 2865 	 0.851114 	 0.00262383 	 0.00546394
1785 	 2870 	 0.851114 	 0.00262383 	 0.00546395
1785 	 2875 	 0.851114 	 0.00262383 	 0.00546395
1785 	 2880 	 0.851114 	 0.00262383 	 0.00546395
1785 	 2885 	 0.851114 	 0.00262384 	 0.00546395
1785 	 2890 	 0.851114 	 0.00262384 	 0.00546395
1785 	 2895 	 0.851114 	 0.00262384 	 0.00546396
1785 	 2900 	 0.851114 	 0.00262384 	 0.00546396
1785 	 2905 	 0.851114 	 0.00262384 	 0.00546396
1785 	 2910 	 0.851114 	 0.00262384 	 0.00546396
1785 	 2915 	 0.851114 	 0.00262384 	 0.00546396
1785 	 2920 	 0.851114 	 0.00262384 	 0.00546396
1785 	 2925 	 0.851114 	 0.00262384 	 0.00546397
1785 	 2930 	 0.851114 	 0.00262384 	 0.00546397
1785 	 2935 	 0.851114 	 0.00262384 	 0.00546397
1785 	 2940 	 0.851114 	 0.00262384 	 0.00546397
1785 	 2945 	 0.851114 	 0.00262384 	 0.00546397
1785 	 2950 	 0.851114 	 0.00262384 	 0.00546397
1785 	 2955 	 0.851114 	 0.00262385 	 0.00546397
1785 	 2960 	 0.851114 	 0.00262385 	 0.00546398
1785 	 2965 	 0.851114 	 0.00262385 	 0.00546398
1785 	 2970 	 0.851114 	 0.00262385 	 0.00546398
1785 	 2975 	 0.851114 	 0.00262385 	 0.00546398
1785 	 2980 	 0.851114 	 0.00262385 	 0.00546398
1785 	 2985 	 0.851114 	 0.00262385 	 0.00546398
1785 	 2990 	 0.851114 	 0.00262385 	 0.00546398
1785 	 2995 	 0.851114 	 0.00262385 	 0.00546398
1785 	 3000 	 0.851114 	 0.00262385 	 0.00546398
1785 	 3005 	 0.851114 	 0.00262385 	 0.00546399
1785 	 3010 	 0.851114 	 0.00262385 	 0.00546399
1785 	 3015 	 0.851114 	 0.00262385 	 0.00546399
1785 	 3020 	 0.851114 	 0.00262385 	 0.00546399
1785 	 3025 	 0.851114 	 0.00262385 	 0.00546399
1785 	 3030 	 0.851114 	 0.00262385 	 0.00546399
1785 	 3035 	 0.851114 	 0.00262385 	 0.00546399
1785 	 3040 	 0.851114 	 0.00262385 	 0.00546399
1785 	 3045 	 0.851114 	 0.00262385 	 0.00546399
1785 	 3050 	 0.851114 	 0.00262386 	 0.00546399
1785 	 3055 	 0.851114 	 0.00262386 	 0.00546399
1785 	 3060 	 0.851114 	 0.00262386 	 0.005464
1785 	 3065 	 0.851114 	 0.00262386 	 0.005464
1785 	 3070 	 0.851114 	 0.00262386 	 0.005464
1785 	 3075 	 0.851114 	 0.00262386 	 0.005464
1785 	 3080 	 0.851114 	 0.00262386 	 0.005464
1785 	 3085 	 0.851114 	 0.00262386 	 0.005464
1785 	 3090 	 0.851114 	 0.00262386 	 0.005464
1785 	 3095 	 0.851114 	 0.00262386 	 0.005464
1785 	 3100 	 0.851114 	 0.00262386 	 0.005464
1785 	 3105 	 0.851114 	 0.00262386 	 0.005464
1785 	 3110 	 0.851114 	 0.00262386 	 0.005464
1785 	 3115 	 0.851114 	 0.00262386 	 0.005464
1785 	 3120 	 0.851114 	 0.00262386 	 0.005464
1785 	 3125 	 0.851114 	 0.00262386 	 0.005464
1785 	 3130 	 0.851114 	 0.00262386 	 0.005464
1785 	 3135 	 0.851114 	 0.00262386 	 0.00546401
1785 	 3140 	 0.851114 	 0.00262386 	 0.00546401
1785 	 3145 	 0.851114 	 0.00262386 	 0.00546401
1785 	 3150 	 0.851114 	 0.00262386 	 0.00546401
1785 	 3155 	 0.851114 	 0.00262386 	 0.00546401
1785 	 3160 	 0.851114 	 0.00262386 	 0.00546401
1785 	 3165 	 0.851114 	 0.00262386 	 0.00546401
1785 	 3170 	 0.851114 	 0.00262386 	 0.00546401
1785 	 3175 	 0.851114 	 0.00262386 	 0.00546401
1785 	 3180 	 0.851114 	 0.00262386 	 0.00546401
1785 	 3185 	 0.851114 	 0.00262386 	 0.00546401
1785 	 3190 	 0.851114 	 0.00262386 	 0.00546401
1785 	 3195 	 0.851114 	 0.00262386 	 0.00546401
1785 	 3200 	 0.851114 	 0.00262386 	 0.00546401
1785 	 3205 	 0.851114 	 0.00262386 	 0.00546401
1785 	 3210 	 0.851114 	 0.00262386 	 0.00546401
1785 	 3215 	 0.851114 	 0.00262386 	 0.00546401
1785 	 3220 	 0.851114 	 0.00262386 	 0.00546401
1785 	 3225 	 0.851114 	 0.00262386 	 0.00546401
1785 	 3230 	 0.851114 	 0.00262386 	 0.00546401
1785 	 3235 	 0.851114 	 0.00262386 	 0.00546401
1785 	 3240 	 0.851114 	 0.00262386 	 0.00546401
1785 	 3245 	 0.851114 	 0.00262386 	 0.00546401
1785 	 3250 	 0.851114 	 0.00262386 	 0.00546401
1785 	 3255 	 0.851114 	 0.00262387 	 0.00546401
1785 	 3260 	 0.851114 	 0.00262387 	 0.00546402
1785 	 3265 	 0.851114 	 0.00262387 	 0.00546402
1785 	 3270 	 0.851114 	 0.00262387 	 0.00546402
1785 	 3275 	 0.851114 	 0.00262387 	 0.00546402
1785 	 3280 	 0.851114 	 0.00262387 	 0.00546402
1785 	 3285 	 0.851114 	 0.00262387 	 0.00546402
1785 	 3290 	 0.851114 	 0.00262387 	 0.00546402
1785 	 3295 	 0.851114 	 0.00262387 	 0.00546402
1785 	 3300 	 0.851114 	 0.00262387 	 0.00546402
1785 	 3305 	 0.851114 	 0.00262387 	 0.00546402
1785 	 3310 	 0.851114 	 0.00262387 	 0.00546402
1785 	 3315 	 0.851114 	 0.00262387 	 0.00546402
1785 	 3320 	 0.851114 	 0.00262387 	 0.00546402
1785 	 3325 	 0.851114 	 0.00262387 	 0.00546402
1785 	 3330 	 0.851114 	 0.00262387 	 0.00546402
1785 	 3335 	 0.851114 	 0.00262387 	 0.00546402
1785 	 3340 	 0.851114 	 0.00262387 	 0.00546402
1785 	 3345 	 0.851114 	 0.00262387 	 0.00546402
1785 	 3350 	 0.851114 	 0.00262387 	 0.00546402
1785 	 3355 	 0.851114 	 0.00262387 	 0.00546402
1785 	 3360 	 0.851114 	 0.00262387 	 0.00546402
1785 	 3365 	 0.851114 	 0.00262387 	 0.00546402
1785 	 3370 	 0.851114 	 0.00262387 	 0.00546402
1785 	 3375 	 0.851114 	 0.00262387 	 0.00546402
1785 	 3380 	 0.851114 	 0.00262387 	 0.00546402
1785 	 3385 	 0.851114 	 0.00262387 	 0.00546402
1785 	 3390 	 0.851114 	 0.00262387 	 0.00546402
1785 	 3395 	 0.851114 	 0.00262387 	 0.00546402
1785 	 3400 	 0.851114 	 0.00262387 	 0.00546402
1785 	 3405 	 0.851114 	 0.00262387 	 0.00546402
1785 	 3410 	 0.851114 	 0.00262387 	 0.00546402
1785 	 3415 	 0.851114 	 0.00262387 	 0.00546402
1785 	 3420 	 0.851114 	 0.00262387 	 0.00546402
1785 	 3425 	 0.851114 	 0.00262387 	 0.00546402
1785 	 3430 	 0.851114 	 0.00262387 	 0.00546402
1785 	 3435 	 0.851114 	 0.00262387 	 0.00546402
1785 	 3440 	 0.851114 	 0.00262387 	 0.00546402
1785 	 3445 	 0.851114 	 0.00262387 	 0.00546402
1785 	 3450 	 0.851114 	 0.00262387 	 0.00546402
1785 	 3455 	 0.851114 	 0.00262387 	 0.00546402
1785 	 3460 	 0.851114 	 0.00262387 	 0.00546402
1785 	 3465 	 0.851114 	 0.00262387 	 0.00546402
1785 	 3470 	 0.851114 	 0.00262387 	 0.00546402
1785 	 3475 	 0.851114 	 0.00262387 	 0.00546402
1785 	 3480 	 0.851114 	 0.00262387 	 0.00546402
1785 	 3485 	 0.851114 	 0.00262387 	 0.00546402
1785 	 3490 	 0.851114 	 0.00262387 	 0.00546402
1785 	 3495 	 0.851114 	 0.00262387 	 0.00546402
1785 	 3500 	 0.851114 	 0.00262387 	 0.00546402
1785 	 3505 	 0.851114 	 0.00262387 	 0.00546402
1785 	 3510 	 0.851114 	 0.00262387 	 0.00546402
1785 	 3515 	 0.851114 	 0.00262387 	 0.00546402
1785 	 3520 	 0.851114 	 0.00262387 	 0.00546402
1785 	 3525 	 0.851114 	 0.00262387 	 0.00546402
1785 	 3530 	 0.851114 	 0.00262387 	 0.00546402
1785 	 3535 	 0.851114 	 0.00262387 	 0.00546402
1785 	 3540 	 0.851114 	 0.00262387 	 0.00546402
1785 	 3545 	 0.851114 	 0.00262387 	 0.00546402
1785 	 3550 	 0.851114 	 0.00262387 	 0.00546402
1785 	 3555 	 0.851114 	 0.00262387 	 0.00546402
1785 	 3560 	 0.851114 	 0.00262387 	 0.00546402
1785 	 3565 	 0.851114 	 0.00262387 	 0.00546402
1785 	 3570 	 0.851114 	 0.00262387 	 0.00546402
1785 	 3575 	 0.851114 	 0.00262387 	 0.00546402
1785 	 3580 	 0.851114 	 0.00262387 	 0.00546402
1785 	 3585 	 0.851114 	 0.00262387 	 0.00546402
1785 	 3590 	 0.851114 	 0.00262387 	 0.00546402
1785 	 3595 	 0.851114 	 0.00262387 	 0.00546402
1785 	 3600 	 0.851114 	 0.00262387 	 0.00546402
1785 	 3605 	 0.851114 	 0.00262387 	 0.00546402
1785 	 3610 	 0.851114 	 0.00262387 	 0.00546402
1785 	 3615 	 0.851114 	 0.00262387 	 0.00546402
1785 	 3620 	 0.851114 	 0.00262387 	 0.00546402
1785 	 3625 	 0.851114 	 0.00262387 	 0.00546402
1785 	 3630 	 0.851114 	 0.00262387 	 0.00546402
1785 	 3635 	 0.851114 	 0.00262387 	 0.00546402
1785 	 3640 	 0.851114 	 0.00262387 	 0.00546402
1785 	 3645 	 0.851114 	 0.00262387 	 0.00546402
1785 	 3650 	 0.851114 	 0.00262387 	 0.00546402
1785 	 3655 	 0.851114 	 0.00262387 	 0.00546402
1785 	 3660 	 0.851114 	 0.00262387 	 0.00546402
1785 	 3665 	 0.851114 	 0.00262387 	 0.00546402
1785 	 3670 	 0.851114 	 0.00262387 	 0.00546402
1785 	 3675 	 0.851114 	 0.00262387 	 0.00546402
1785 	 3680 	 0.851114 	 0.00262387 	 0.00546402
1785 	 3685 	 0.851114 	 0.00262387 	 0.00546402
1785 	 3690 	 0.851114 	 0.00262387 	 0.00546402
1785 	 3695 	 0.851114 	 0.00262387 	 0.00546402
1785 	 3700 	 0.851114 	 0.00262387 	 0.00546402
1785 	 3705 	 0.851114 	 0.00262387 	 0.00546402
1785 	 3710 	 0.851114 	 0.00262387 	 0.00546402
1785 	 3715 	 0.851114 	 0.00262387 	 0.00546402
1785 	 3720 	 0.851114 	 0.00262387 	 0.00546402
1785 	 3725 	 0.851114 	 0.00262387 	 0.00546402
1785 	 3730 	 0.851114 	 0.00262387 	 0.00546402
1785 	 3735 	 0.851114 	 0.00262387 	 0.00546402
1785 	 3740 	 0.851114 	 0.00262387 	 0.00546403
1785 	 3745 	 0.851114 	 0.00262387 	 0.00546403
1785 	 3750 	 0.851114 	 0.00262387 	 0.00546403
1785 	 3755 	 0.851114 	 0.00262387 	 0.00546403
1785 	 3760 	 0.851114 	 0.00262387 	 0.00546403
1785 	 3765 	 0.851114 	 0.00262387 	 0.00546403
1785 	 3770 	 0.851114 	 0.00262387 	 0.00546403
1785 	 3775 	 0.851114 	 0.00262387 	 0.00546403
1785 	 3780 	 0.851114 	 0.00262387 	 0.00546403
1785 	 3785 	 0.851114 	 0.00262387 	 0.00546403
1785 	 3790 	 0.851114 	 0.00262387 	 0.00546403
1785 	 3795 	 0.851114 	 0.00262387 	 0.00546403
1785 	 3800 	 0.851114 	 0.00262387 	 0.00546403
1785 	 3805 	 0.851114 	 0.00262387 	 0.00546403
1785 	 3810 	 0.851114 	 0.00262387 	 0.00546403
1785 	 3815 	 0.851114 	 0.00262387 	 0.00546403
1785 	 3820 	 0.851114 	 0.00262387 	 0.00546403
1785 	 3825 	 0.851114 	 0.00262387 	 0.00546403
1785 	 3830 	 0.851114 	 0.00262387 	 0.00546403
1785 	 3835 	 0.851114 	 0.00262387 	 0.00546403
1785 	 3840 	 0.851114 	 0.00262387 	 0.00546403
1785 	 3845 	 0.851114 	 0.00262387 	 0.00546403
1785 	 3850 	 0.851114 	 0.00262387 	 0.00546403
1785 	 3855 	 0.851114 	 0.00262387 	 0.00546403
1785 	 3860 	 0.851114 	 0.00262387 	 0.00546403
1785 	 3865 	 0.851114 	 0.00262387 	 0.00546403
1785 	 3870 	 0.851114 	 0.00262387 	 0.00546403
1785 	 3875 	 0.851114 	 0.00262387 	 0.00546403
1785 	 3880 	 0.851114 	 0.00262387 	 0.00546403
1785 	 3885 	 0.851114 	 0.00262387 	 0.00546403
1785 	 3890 	 0.851114 	 0.00262387 	 0.00546403
1785 	 3895 	 0.851114 	 0.00262387 	 0.00546403
1785 	 3900 	 0.851114 	 0.00262387 	 0.00546403
1785 	 3905 	 0.851114 	 0.00262387 	 0.00546403
1785 	 3910 	 0.851114 	 0.00262387 	 0.00546403
1785 	 3915 	 0.851114 	 0.00262387 	 0.00546403
1785 	 3920 	 0.851114 	 0.00262387 	 0.00546403
1785 	 3925 	 0.851114 	 0.00262387 	 0.00546403
1785 	 3930 	 0.851114 	 0.00262387 	 0.00546403
1785 	 3935 	 0.851114 	 0.00262387 	 0.00546403
1785 	 3940 	 0.851114 	 0.00262387 	 0.00546403
1785 	 3945 	 0.851114 	 0.00262387 	 0.00546403
1785 	 3950 	 0.851114 	 0.00262387 	 0.00546403
1785 	 3955 	 0.851114 	 0.00262387 	 0.00546403
1785 	 3960 	 0.851114 	 0.00262387 	 0.00546403
1785 	 3965 	 0.851114 	 0.00262387 	 0.00546403
1785 	 3970 	 0.851114 	 0.00262387 	 0.00546403
1785 	 3975 	 0.851114 	 0.00262387 	 0.00546403
1785 	 3980 	 0.851114 	 0.00262387 	 0.00546403
1785 	 3985 	 0.851114 	 0.00262387 	 0.00546403
1785 	 3990 	 0.851114 	 0.00262387 	 0.00546403
1785 	 3995 	 0.851114 	 0.00262387 	 0.00546403
1785 	 4000 	 0.851114 	 0.00262387 	 0.00546403
1785 	 4005 	 0.851114 	 0.00262387 	 0.00546403
1785 	 4010 	 0.851114 	 0.00262387 	 0.00546403
1785 	 4015 	 0.851114 	 0.00262387 	 0.00546403
1785 	 4020 	 0.851114 	 0.00262387 	 0.00546403
1785 	 4025 	 0.851114 	 0.00262387 	 0.00546403
1785 	 4030 	 0.851114 	 0.00262387 	 0.00546403
1785 	 4035 	 0.851114 	 0.00262387 	 0.00546403
1785 	 4040 	 0.851114 	 0.00262387 	 0.00546403
1785 	 4045 	 0.851114 	 0.00262387 	 0.00546403
1785 	 4050 	 0.851114 	 0.00262387 	 0.00546403
1785 	 4055 	 0.851114 	 0.00262387 	 0.00546403
1785 	 4060 	 0.851114 	 0.00262387 	 0.00546403
1785 	 4065 	 0.851114 	 0.00262387 	 0.00546403
1785 	 4070 	 0.851114 	 0.00262387 	 0.00546403
1785 	 4075 	 0.851114 	 0.00262387 	 0.00546403
1785 	 4080 	 0.851114 	 0.00262387 	 0.00546403
1785 	 4085 	 0.851114 	 0.00262387 	 0.00546403
1785 	 4090 	 0.851114 	 0.00262387 	 0.00546403
1785 	 4095 	 0.851114 	 0.00262387 	 0.00546403
1785 	 4100 	 0.851114 	 0.00262387 	 0.00546403
1785 	 4105 	 0.851114 	 0.00262387 	 0.00546403
1785 	 4110 	 0.851114 	 0.00262387 	 0.00546403
1785 	 4115 	 0.851114 	 0.00262387 	 0.00546403
1785 	 4120 	 0.851114 	 0.00262387 	 0.00546403
1785 	 4125 	 0.851114 	 0.00262387 	 0.00546403
1785 	 4130 	 0.851114 	 0.00262387 	 0.00546403
1785 	 4135 	 0.851114 	 0.00262387 	 0.00546403
1785 	 4140 	 0.851114 	 0.00262387 	 0.00546403
1785 	 4145 	 0.851114 	 0.00262387 	 0.00546403
1785 	 4150 	 0.851114 	 0.00262387 	 0.00546403
1785 	 4155 	 0.851114 	 0.00262387 	 0.00546403
1785 	 4160 	 0.851114 	 0.00262387 	 0.00546403
1785 	 4165 	 0.851114 	 0.00262387 	 0.00546403
1785 	 4170 	 0.851114 	 0.00262387 	 0.00546403
1785 	 4175 	 0.851114 	 0.00262387 	 0.00546403
1785 	 4180 	 0.851114 	 0.00262387 	 0.00546403
1785 	 4185 	 0.851114 	 0.00262387 	 0.00546403
1785 	 4190 	 0.851114 	 0.00262387 	 0.00546403
1785 	 4195 	 0.851114 	 0.00262387 	 0.00546403
1785 	 4200 	 0.851114 	 0.00262387 	 0.00546403
1785 	 4205 	 0.851114 	 0.00262387 	 0.00546403
1785 	 4210 	 0.851114 	 0.00262387 	 0.00546403
1785 	 4215 	 0.851114 	 0.00262387 	 0.00546403
1785 	 4220 	 0.851114 	 0.00262387 	 0.00546403
1785 	 4225 	 0.851114 	 0.00262387 	 0.00546403
1785 	 4230 	 0.851114 	 0.00262387 	 0.00546403
1785 	 4235 	 0.851114 	 0.00262387 	 0.00546403
1785 	 4240 	 0.851114 	 0.00262387 	 0.00546403
1785 	 4245 	 0.851114 	 0.00262387 	 0.00546403
1785 	 4250 	 0.851114 	 0.00262387 	 0.00546403
1785 	 4255 	 0.851114 	 0.00262387 	 0.00546403
1785 	 4260 	 0.851114 	 0.00262387 	 0.00546403
1785 	 4265 	 0.851114 	 0.00262387 	 0.00546403
1785 	 4270 	 0.851114 	 0.00262387 	 0.00546403
1785 	 4275 	 0.851114 	 0.00262387 	 0.00546403
1785 	 4280 	 0.851114 	 0.00262387 	 0.00546403
1785 	 4285 	 0.851114 	 0.00262387 	 0.00546403
1785 	 4290 	 0.851114 	 0.00262387 	 0.00546403
1785 	 4295 	 0.851114 	 0.00262387 	 0.00546403
1785 	 4300 	 0.851114 	 0.00262387 	 0.00546403
1785 	 4305 	 0.851114 	 0.00262387 	 0.00546403
1785 	 4310 	 0.851114 	 0.00262387 	 0.00546403
1785 	 4315 	 0.851114 	 0.00262387 	 0.00546403
1785 	 4320 	 0.851114 	 0.00262387 	 0.00546403
1785 	 4325 	 0.851114 	 0.00262387 	 0.00546403
1785 	 4330 	 0.851114 	 0.00262387 	 0.00546403
1785 	 4335 	 0.851114 	 0.00262387 	 0.00546403
1785 	 4340 	 0.851114 	 0.00262387 	 0.00546403
1785 	 4345 	 0.851114 	 0.00262387 	 0.00546403
1785 	 4350 	 0.851114 	 0.00262387 	 0.00546403
1785 	 4355 	 0.851114 	 0.00262387 	 0.00546403
1785 	 4360 	 0.851114 	 0.00262387 	 0.00546403
1785 	 4365 	 0.851114 	 0.00262387 	 0.00546403
1785 	 4370 	 0.851114 	 0.00262387 	 0.00546403
1785 	 4375 	 0.851114 	 0.00262387 	 0.00546403
1785 	 4380 	 0.851114 	 0.00262387 	 0.00546403
1785 	 4385 	 0.851114 	 0.00262387 	 0.00546403
1785 	 4390 	 0.851114 	 0.00262387 	 0.00546403
1785 	 4395 	 0.851114 	 0.00262387 	 0.00546403
1785 	 4400 	 0.851114 	 0.00262387 	 0.00546403
1785 	 4405 	 0.851114 	 0.00262387 	 0.00546403
1785 	 4410 	 0.851114 	 0.00262387 	 0.00546403
1785 	 4415 	 0.851114 	 0.00262387 	 0.00546403
1785 	 4420 	 0.851114 	 0.00262387 	 0.00546403
1785 	 4425 	 0.851114 	 0.00262387 	 0.00546403
1785 	 4430 	 0.851114 	 0.00262387 	 0.00546403
1785 	 4435 	 0.851114 	 0.00262387 	 0.00546403
1785 	 4440 	 0.851114 	 0.00262387 	 0.00546403
1785 	 4445 	 0.851114 	 0.00262387 	 0.00546403
1785 	 4450 	 0.851114 	 0.00262387 	 0.00546403
1785 	 4455 	 0.851114 	 0.00262387 	 0.00546403
1785 	 4460 	 0.851114 	 0.00262387 	 0.00546403
1785 	 4465 	 0.851114 	 0.00262387 	 0.00546403
1785 	 4470 	 0.851114 	 0.00262387 	 0.00546403
1785 	 4475 	 0.851114 	 0.00262387 	 0.00546403
1785 	 4480 	 0.851114 	 0.00262387 	 0.00546403
1785 	 4485 	 0.851114 	 0.00262387 	 0.00546403
1785 	 4490 	 0.851114 	 0.00262387 	 0.00546403
1785 	 4495 	 0.851114 	 0.00262387 	 0.00546403
1785 	 4500 	 0.851114 	 0.00262387 	 0.00546403
1785 	 4505 	 0.851114 	 0.00262387 	 0.00546403
1785 	 4510 	 0.851114 	 0.00262387 	 0.00546403
1785 	 4515 	 0.851114 	 0.00262387 	 0.00546403
1785 	 4520 	 0.851114 	 0.00262387 	 0.00546403
1785 	 4525 	 0.851114 	 0.00262387 	 0.00546403
1785 	 4530 	 0.851114 	 0.00262387 	 0.00546403
1785 	 4535 	 0.851114 	 0.00262387 	 0.00546403
1785 	 4540 	 0.851114 	 0.00262387 	 0.00546403
1785 	 4545 	 0.851114 	 0.00262387 	 0.00546403
1785 	 4550 	 0.851114 	 0.00262387 	 0.00546403
1785 	 4555 	 0.851114 	 0.00262387 	 0.00546403
1785 	 4560 	 0.851114 	 0.00262387 	 0.00546403
1785 	 4565 	 0.851114 	 0.00262387 	 0.00546403
1785 	 4570 	 0.851114 	 0.00262387 	 0.00546403
1785 	 4575 	 0.851114 	 0.00262387 	 0.00546403
1785 	 4580 	 0.851114 	 0.00262387 	 0.00546403
1785 	 4585 	 0.851114 	 0.00262387 	 0.00546403
1785 	 4590 	 0.851114 	 0.00262387 	 0.00546403
1785 	 4595 	 0.851114 	 0.00262387 	 0.00546403
1785 	 4600 	 0.851114 	 0.00262387 	 0.00546403
1785 	 4605 	 0.851114 	 0.00262387 	 0.00546403
1785 	 4610 	 0.851114 	 0.00262387 	 0.00546403
1785 	 4615 	 0.851114 	 0.00262387 	 0.00546403
1785 	 4620 	 0.851114 	 0.00262387 	 0.00546403
1785 	 4625 	 0.851114 	 0.00262387 	 0.00546403
1785 	 4630 	 0.851114 	 0.00262387 	 0.00546403
1785 	 4635 	 0.851114 	 0.00262387 	 0.00546403
1785 	 4640 	 0.851114 	 0.00262387 	 0.00546403
1785 	 4645 	 0.851114 	 0.00262387 	 0.00546403
1785 	 4650 	 0.851114 	 0.00262387 	 0.00546403
1785 	 4655 	 0.851114 	 0.00262387 	 0.00546403
1785 	 4660 	 0.851114 	 0.00262387 	 0.00546403
1785 	 4665 	 0.851114 	 0.00262387 	 0.00546403
1785 	 4670 	 0.851114 	 0.00262387 	 0.00546403
1785 	 4675 	 0.851114 	 0.00262387 	 0.00546403
1785 	 4680 	 0.851114 	 0.00262387 	 0.00546403
1785 	 4685 	 0.851114 	 0.00262387 	 0.00546403
1785 	 4690 	 0.851114 	 0.00262387 	 0.00546403
1785 	 4695 	 0.851114 	 0.00262387 	 0.00546403
1785 	 4700 	 0.851114 	 0.00262387 	 0.00546403
1785 	 4705 	 0.851114 	 0.00262387 	 0.00546403
1785 	 4710 	 0.851114 	 0.00262387 	 0.00546403
1785 	 4715 	 0.851114 	 0.00262387 	 0.00546403
1785 	 4720 	 0.851114 	 0.00262387 	 0.00546403
1785 	 4725 	 0.851114 	 0.00262387 	 0.00546403
1785 	 4730 	 0.851114 	 0.00262387 	 0.00546403
1785 	 4735 	 0.851114 	 0.00262387 	 0.00546403
1785 	 4740 	 0.851114 	 0.00262387 	 0.00546403
1785 	 4745 	 0.851114 	 0.00262387 	 0.00546403
1785 	 4750 	 0.851114 	 0.00262387 	 0.00546403
1785 	 4755 	 0.851114 	 0.00262387 	 0.00546403
1785 	 4760 	 0.851114 	 0.00262387 	 0.00546403
1785 	 4765 	 0.851114 	 0.00262387 	 0.00546403
1785 	 4770 	 0.851114 	 0.00262387 	 0.00546403
1785 	 4775 	 0.851114 	 0.00262387 	 0.00546403
1785 	 4780 	 0.851114 	 0.00262387 	 0.00546403
1785 	 4785 	 0.851114 	 0.00262387 	 0.00546403
1785 	 4790 	 0.851114 	 0.00262387 	 0.00546403
1785 	 4795 	 0.851114 	 0.00262387 	 0.00546403
1785 	 4800 	 0.851114 	 0.00262387 	 0.00546403
1785 	 4805 	 0.851114 	 0.00262387 	 0.00546403
1785 	 4810 	 0.851114 	 0.00262387 	 0.00546403
1785 	 4815 	 0.851114 	 0.00262387 	 0.00546403
1785 	 4820 	 0.851114 	 0.00262387 	 0.00546403
1785 	 4825 	 0.851114 	 0.00262387 	 0.00546403
1785 	 4830 	 0.851114 	 0.00262387 	 0.00546403
1785 	 4835 	 0.851114 	 0.00262387 	 0.00546403
1785 	 4840 	 0.851114 	 0.00262387 	 0.00546403
1785 	 4845 	 0.851114 	 0.00262387 	 0.00546403
1785 	 4850 	 0.851114 	 0.00262387 	 0.00546403
1785 	 4855 	 0.851114 	 0.00262387 	 0.00546403
1785 	 4860 	 0.851114 	 0.00262387 	 0.00546403
1785 	 4865 	 0.851114 	 0.00262387 	 0.00546403
1785 	 4870 	 0.851114 	 0.00262387 	 0.00546403
1785 	 4875 	 0.851114 	 0.00262387 	 0.00546403
1785 	 4880 	 0.851114 	 0.00262387 	 0.00546403
1785 	 4885 	 0.851114 	 0.00262387 	 0.00546403
1785 	 4890 	 0.851114 	 0.00262387 	 0.00546403
1785 	 4895 	 0.851114 	 0.00262387 	 0.00546403
1785 	 4900 	 0.851114 	 0.00262387 	 0.00546403
1785 	 4905 	 0.851114 	 0.00262387 	 0.00546403
1785 	 4910 	 0.851114 	 0.00262387 	 0.00546403
1785 	 4915 	 0.851114 	 0.00262387 	 0.00546403
1785 	 4920 	 0.851114 	 0.00262387 	 0.00546403
1785 	 4925 	 0.851114 	 0.00262387 	 0.00546403
1785 	 4930 	 0.851114 	 0.00262387 	 0.00546403
1785 	 4935 	 0.851114 	 0.00262387 	 0.00546403
1785 	 4940 	 0.851114 	 0.00262387 	 0.00546403
1785 	 4945 	 0.851114 	 0.00262387 	 0.00546403
1785 	 4950 	 0.851114 	 0.00262387 	 0.00546403
1785 	 4955 	 0.851114 	 0.00262387 	 0.00546403
1785 	 4960 	 0.851114 	 0.00262387 	 0.00546403
1785 	 4965 	 0.851114 	 0.00262387 	 0.00546403
1785 	 4970 	 0.851114 	 0.00262387 	 0.00546403
1785 	 4975 	 0.851114 	 0.00262387 	 0.00546403
1785 	 4980 	 0.851114 	 0.00262387 	 0.00546403
1785 	 4985 	 0.851114 	 0.00262387 	 0.00546403
1785 	 4990 	 0.851114 	 0.00262387 	 0.00546403
1785 	 4995 	 0.851114 	 0.00262387 	 0.00546403
1785 	 5000 	 0.851114 	 0.00262387 	 0.00546403
