3480 	 5 	 0.729165 	 0.00674038	0.0140819
3480 	 10 	 0.729766 	 0.00634924	0.0132647
3480 	 15 	 0.730904 	 0.0057411	0.0119942
3480 	 20 	 0.733016 	 0.00488908	0.0102142
3480 	 25 	 0.736811 	 0.00393527	0.00822149
3480 	 30 	 0.743238 	 0.00332503	0.00694658
3480 	 35 	 0.753109 	 0.00320789	0.00670186
3480 	 40 	 0.766203 	 0.0028527	0.0059598
3480 	 45 	 0.781578 	 0.00313671	0.00655316
3480 	 50 	 0.795765 	 0.00309464	0.00646527
3480 	 55 	 0.806465 	 0.0028268	0.00590571
3480 	 60 	 0.813685 	 0.0024551	0.00512915
3480 	 65 	 0.818312 	 0.00224124	0.00468236
3480 	 70 	 0.821292 	 0.00222148	0.00464108
3480 	 75 	 0.823309 	 0.0022834	0.00477044
3480 	 80 	 0.824782 	 0.00235017	0.00490993
3480 	 85 	 0.825949 	 0.00240095	0.00501601
3480 	 90 	 0.826939 	 0.00243738	0.00509214
3480 	 95 	 0.827822 	 0.00246479	0.00514939
3480 	 100 	 0.828635 	 0.00248677	0.00519531
3480 	 105 	 0.829398 	 0.00250494	0.00523327
3480 	 110 	 0.830122 	 0.00251974	0.00526419
3480 	 115 	 0.830813 	 0.00253114	0.005288
3480 	 120 	 0.831475 	 0.00253902	0.00530447
3480 	 125 	 0.832111 	 0.00254336	0.00531354
3480 	 130 	 0.832722 	 0.00254427	0.00531544
3480 	 135 	 0.833309 	 0.00254197	0.00531063
3480 	 140 	 0.833875 	 0.00253675	0.00529973
3480 	 145 	 0.83442 	 0.00252897	0.00528348
3480 	 150 	 0.834945 	 0.00251899	0.00526263
3480 	 155 	 0.83545 	 0.00250718	0.00523796
3480 	 160 	 0.835938 	 0.0024939	0.00521021
3480 	 165 	 0.836408 	 0.00247946	0.00518004
3480 	 170 	 0.836862 	 0.00246417	0.0051481
3480 	 175 	 0.837299 	 0.0024483	0.00511495
3480 	 180 	 0.837722 	 0.00243209	0.00508108
3480 	 185 	 0.83813 	 0.00241574	0.00504692
3480 	 190 	 0.838524 	 0.00239944	0.00501286
3480 	 195 	 0.838905 	 0.00238333	0.00497921
3480 	 200 	 0.839273 	 0.00236755	0.00494624
3480 	 205 	 0.839629 	 0.0023522	0.00491418
3480 	 210 	 0.839973 	 0.00233737	0.0048832
3480 	 215 	 0.840306 	 0.00232313	0.00485345
3480 	 220 	 0.840629 	 0.00230954	0.00482505
3480 	 225 	 0.840942 	 0.00229663	0.00479808
3480 	 230 	 0.841244 	 0.00228444	0.00477261
3480 	 235 	 0.841538 	 0.00227299	0.00474868
3480 	 240 	 0.841822 	 0.00226228	0.00472631
3480 	 245 	 0.842098 	 0.00225233	0.00470552
3480 	 250 	 0.842366 	 0.00224312	0.00468629
3480 	 255 	 0.842626 	 0.00223466	0.00466862
3480 	 260 	 0.842878 	 0.00222694	0.00465248
3480 	 265 	 0.843123 	 0.00221993	0.00463785
3480 	 270 	 0.843361 	 0.00221363	0.00462468
3480 	 275 	 0.843592 	 0.00220802	0.00461295
3480 	 280 	 0.843817 	 0.00220306	0.0046026
3480 	 285 	 0.844036 	 0.00219875	0.0045936
3480 	 290 	 0.844249 	 0.00219506	0.00458589
3480 	 295 	 0.844456 	 0.00219197	0.00457943
3480 	 300 	 0.844658 	 0.00218945	0.00457416
3480 	 305 	 0.844854 	 0.00218748	0.00457005
3480 	 310 	 0.845045 	 0.00218604	0.00456704
3480 	 315 	 0.845232 	 0.0021851	0.00456508
3480 	 320 	 0.845413 	 0.00218465	0.00456412
3480 	 325 	 0.84559 	 0.00218465	0.00456413
3480 	 330 	 0.845763 	 0.00218509	0.00456505
3480 	 335 	 0.845931 	 0.00218595	0.00456684
3480 	 340 	 0.846096 	 0.0021872	0.00456946
3480 	 345 	 0.846256 	 0.00218883	0.00457287
3480 	 350 	 0.846413 	 0.00219082	0.00457703
3480 	 355 	 0.846566 	 0.00219315	0.00458189
3480 	 360 	 0.846715 	 0.0021958	0.00458743
3480 	 365 	 0.846861 	 0.00219876	0.00459361
3480 	 370 	 0.847004 	 0.00220201	0.00460039
3480 	 375 	 0.847143 	 0.00220553	0.00460775
3480 	 380 	 0.847279 	 0.00220931	0.00461565
3480 	 385 	 0.847413 	 0.00221333	0.00462406
3480 	 390 	 0.847543 	 0.00221759	0.00463295
3480 	 395 	 0.847671 	 0.00222207	0.00464231
3480 	 400 	 0.847795 	 0.00222675	0.00465209
3480 	 405 	 0.847918 	 0.00223163	0.00466229
3480 	 410 	 0.848037 	 0.0022367	0.00467286
3480 	 415 	 0.848154 	 0.00224193	0.00468381
3480 	 420 	 0.848269 	 0.00224733	0.00469509
3480 	 425 	 0.848382 	 0.00225289	0.0047067
3480 	 430 	 0.848492 	 0.00225859	0.00471861
3480 	 435 	 0.8486 	 0.00226443	0.0047308
3480 	 440 	 0.848706 	 0.00227039	0.00474326
3480 	 445 	 0.848809 	 0.00227648	0.00475598
3480 	 450 	 0.848911 	 0.00228268	0.00476893
3480 	 455 	 0.849011 	 0.00228898	0.0047821
3480 	 460 	 0.849109 	 0.00229539	0.00479548
3480 	 465 	 0.849205 	 0.00230188	0.00480906
3480 	 470 	 0.849299 	 0.00230847	0.00482281
3480 	 475 	 0.849392 	 0.00231513	0.00483674
3480 	 480 	 0.849483 	 0.00232188	0.00485082
3480 	 485 	 0.849572 	 0.00232869	0.00486505
3480 	 490 	 0.849659 	 0.00233556	0.00487942
3480 	 495 	 0.849745 	 0.0023425	0.00489391
3480 	 500 	 0.84983 	 0.0023495	0.00490853
3480 	 505 	 0.849913 	 0.00235654	0.00492325
3480 	 510 	 0.849994 	 0.00236364	0.00493807
3480 	 515 	 0.850075 	 0.00237078	0.00495298
3480 	 520 	 0.850153 	 0.00237796	0.00496798
3480 	 525 	 0.850231 	 0.00238517	0.00498306
3480 	 530 	 0.850307 	 0.00239242	0.0049982
3480 	 535 	 0.850382 	 0.0023997	0.00501342
3480 	 540 	 0.850456 	 0.00240701	0.00502869
3480 	 545 	 0.850528 	 0.00241434	0.00504401
3480 	 550 	 0.850599 	 0.0024217	0.00505937
3480 	 555 	 0.850669 	 0.00242908	0.00507478
3480 	 560 	 0.850738 	 0.00243647	0.00509023
3480 	 565 	 0.850806 	 0.00244388	0.0051057
3480 	 570 	 0.850873 	 0.0024513	0.0051212
3480 	 575 	 0.850939 	 0.00245873	0.00513673
3480 	 580 	 0.851004 	 0.00246617	0.00515227
3480 	 585 	 0.851068 	 0.00247361	0.00516782
3480 	 590 	 0.85113 	 0.00248106	0.00518339
3480 	 595 	 0.851192 	 0.00248852	0.00519896
3480 	 600 	 0.851253 	 0.00249597	0.00521454
3480 	 605 	 0.851313 	 0.00250343	0.00523011
3480 	 610 	 0.851372 	 0.00251088	0.00524569
3480 	 615 	 0.851431 	 0.00251833	0.00526125
3480 	 620 	 0.851488 	 0.00252578	0.00527681
3480 	 625 	 0.851545 	 0.00253322	0.00529236
3480 	 630 	 0.851601 	 0.00254065	0.00530789
3480 	 635 	 0.851656 	 0.00254808	0.0053234
3480 	 640 	 0.85171 	 0.0025555	0.0053389
3480 	 645 	 0.851763 	 0.0025629	0.00535437
3480 	 650 	 0.851816 	 0.0025703	0.00536983
3480 	 655 	 0.851868 	 0.00257769	0.00538526
3480 	 660 	 0.851919 	 0.00258506	0.00540066
3480 	 665 	 0.85197 	 0.00259242	0.00541603
3480 	 670 	 0.85202 	 0.00259976	0.00543137
3480 	 675 	 0.852069 	 0.00260709	0.00544669
3480 	 680 	 0.852117 	 0.0026144	0.00546196
3480 	 685 	 0.852165 	 0.0026217	0.00547721
3480 	 690 	 0.852213 	 0.00262898	0.00549242
3480 	 695 	 0.852259 	 0.00263624	0.00550759
3480 	 700 	 0.852305 	 0.00264348	0.00552272
3480 	 705 	 0.852351 	 0.00265071	0.00553781
3480 	 710 	 0.852396 	 0.00265791	0.00555286
3480 	 715 	 0.85244 	 0.0026651	0.00556788
3480 	 720 	 0.852484 	 0.00267226	0.00558284
3480 	 725 	 0.852527 	 0.00267941	0.00559777
3480 	 730 	 0.85257 	 0.00268653	0.00561265
3480 	 735 	 0.852612 	 0.00269363	0.00562749
3480 	 740 	 0.852653 	 0.00270071	0.00564228
3480 	 745 	 0.852694 	 0.00270777	0.00565702
3480 	 750 	 0.852735 	 0.0027148	0.00567172
3480 	 755 	 0.852775 	 0.00272182	0.00568637
3480 	 760 	 0.852815 	 0.0027288	0.00570097
3480 	 765 	 0.852854 	 0.00273577	0.00571552
3480 	 770 	 0.852893 	 0.00274271	0.00573003
3480 	 775 	 0.852931 	 0.00274963	0.00574448
3480 	 780 	 0.852969 	 0.00275652	0.00575888
3480 	 785 	 0.853006 	 0.00276339	0.00577323
3480 	 790 	 0.853043 	 0.00277024	0.00578754
3480 	 795 	 0.853079 	 0.00277706	0.00580179
3480 	 800 	 0.853115 	 0.00278386	0.00581598
3480 	 805 	 0.853151 	 0.00279063	0.00583013
3480 	 810 	 0.853186 	 0.00279737	0.00584422
3480 	 815 	 0.853221 	 0.0028041	0.00585827
3480 	 820 	 0.853256 	 0.00281079	0.00587226
3480 	 825 	 0.85329 	 0.00281746	0.00588619
3480 	 830 	 0.853324 	 0.00282411	0.00590007
3480 	 835 	 0.853357 	 0.00283073	0.0059139
3480 	 840 	 0.85339 	 0.00283732	0.00592768
3480 	 845 	 0.853422 	 0.00284389	0.0059414
3480 	 850 	 0.853455 	 0.00285043	0.00595507
3480 	 855 	 0.853487 	 0.00285695	0.00596869
3480 	 860 	 0.853518 	 0.00286344	0.00598225
3480 	 865 	 0.85355 	 0.00286991	0.00599576
3480 	 870 	 0.85358 	 0.00287635	0.00600922
3480 	 875 	 0.853611 	 0.00288276	0.00602262
3480 	 880 	 0.853641 	 0.00288915	0.00603597
3480 	 885 	 0.853671 	 0.00289552	0.00604926
3480 	 890 	 0.853701 	 0.00290185	0.0060625
3480 	 895 	 0.85373 	 0.00290816	0.00607568
3480 	 900 	 0.853759 	 0.00291445	0.00608882
3480 	 905 	 0.853788 	 0.00292071	0.0061019
3480 	 910 	 0.853817 	 0.00292694	0.00611492
3480 	 915 	 0.853845 	 0.00293315	0.00612789
3480 	 920 	 0.853873 	 0.00293934	0.00614081
3480 	 925 	 0.8539 	 0.00294549	0.00615367
3480 	 930 	 0.853928 	 0.00295163	0.00616649
3480 	 935 	 0.853955 	 0.00295773	0.00617924
3480 	 940 	 0.853981 	 0.00296382	0.00619195
3480 	 945 	 0.854008 	 0.00296987	0.0062046
3480 	 950 	 0.854034 	 0.0029759	0.0062172
3480 	 955 	 0.85406 	 0.00298191	0.00622975
3480 	 960 	 0.854086 	 0.00298789	0.00624224
3480 	 965 	 0.854112 	 0.00299384	0.00625469
3480 	 970 	 0.854137 	 0.00299977	0.00626707
3480 	 975 	 0.854162 	 0.00300568	0.00627941
3480 	 980 	 0.854187 	 0.00301156	0.0062917
3480 	 985 	 0.854211 	 0.00301742	0.00630393
3480 	 990 	 0.854236 	 0.00302325	0.00631611
3480 	 995 	 0.85426 	 0.00302905	0.00632825
3480 	 1000 	 0.854284 	 0.00303484	0.00634033
3480 	 1005 	 0.854308 	 0.00304059	0.00635235
3480 	 1010 	 0.854331 	 0.00304633	0.00636433
3480 	 1015 	 0.854354 	 0.00305204	0.00637626
3480 	 1020 	 0.854377 	 0.00305772	0.00638814
3480 	 1025 	 0.8544 	 0.00306338	0.00639996
3480 	 1030 	 0.854423 	 0.00306902	0.00641174
3480 	 1035 	 0.854445 	 0.00307463	0.00642347
3480 	 1040 	 0.854468 	 0.00308022	0.00643514
3480 	 1045 	 0.85449 	 0.00308579	0.00644677
3480 	 1050 	 0.854511 	 0.00309133	0.00645835
3480 	 1055 	 0.854533 	 0.00309685	0.00646988
3480 	 1060 	 0.854555 	 0.00310234	0.00648136
3480 	 1065 	 0.854576 	 0.00310781	0.00649279
3480 	 1070 	 0.854597 	 0.00311326	0.00650417
3480 	 1075 	 0.854618 	 0.00311869	0.00651551
3480 	 1080 	 0.854639 	 0.00312409	0.00652679
3480 	 1085 	 0.854659 	 0.00312947	0.00653803
3480 	 1090 	 0.85468 	 0.00313483	0.00654922
3480 	 1095 	 0.8547 	 0.00314016	0.00656037
3480 	 1100 	 0.85472 	 0.00314547	0.00657147
3480 	 1105 	 0.85474 	 0.00315076	0.00658252
3480 	 1110 	 0.854759 	 0.00315603	0.00659352
3480 	 1115 	 0.854779 	 0.00316127	0.00660448
3480 	 1120 	 0.854798 	 0.0031665	0.00661539
3480 	 1125 	 0.854818 	 0.0031717	0.00662625
3480 	 1130 	 0.854837 	 0.00317688	0.00663707
3480 	 1135 	 0.854856 	 0.00318203	0.00664785
3480 	 1140 	 0.854874 	 0.00318717	0.00665857
3480 	 1145 	 0.854893 	 0.00319228	0.00666926
3480 	 1150 	 0.854912 	 0.00319737	0.0066799
3480 	 1155 	 0.85493 	 0.00320244	0.00669049
3480 	 1160 	 0.854948 	 0.00320749	0.00670104
3480 	 1165 	 0.854966 	 0.00321252	0.00671155
3480 	 1170 	 0.854984 	 0.00321753	0.00672201
3480 	 1175 	 0.855002 	 0.00322252	0.00673243
3480 	 1180 	 0.855019 	 0.00322748	0.0067428
3480 	 1185 	 0.855037 	 0.00323243	0.00675313
3480 	 1190 	 0.855054 	 0.00323735	0.00676342
3480 	 1195 	 0.855071 	 0.00324226	0.00677367
3480 	 1200 	 0.855088 	 0.00324714	0.00678387
3480 	 1205 	 0.855105 	 0.003252	0.00679403
3480 	 1210 	 0.855122 	 0.00325685	0.00680415
3480 	 1215 	 0.855139 	 0.00326167	0.00681422
3480 	 1220 	 0.855155 	 0.00326647	0.00682426
3480 	 1225 	 0.855172 	 0.00327126	0.00683425
3480 	 1230 	 0.855188 	 0.00327602	0.0068442
3480 	 1235 	 0.855204 	 0.00328076	0.00685412
3480 	 1240 	 0.85522 	 0.00328549	0.00686399
3480 	 1245 	 0.855236 	 0.00329019	0.00687382
3480 	 1250 	 0.855252 	 0.00329488	0.00688361
3480 	 1255 	 0.855268 	 0.00329955	0.00689336
3480 	 1260 	 0.855283 	 0.00330419	0.00690306
3480 	 1265 	 0.855299 	 0.00330882	0.00691273
3480 	 1270 	 0.855314 	 0.00331343	0.00692237
3480 	 1275 	 0.85533 	 0.00331802	0.00693196
3480 	 1280 	 0.855345 	 0.0033226	0.00694151
3480 	 1285 	 0.85536 	 0.00332715	0.00695102
3480 	 1290 	 0.855375 	 0.00333169	0.0069605
3480 	 1295 	 0.855389 	 0.0033362	0.00696993
3480 	 1300 	 0.855404 	 0.0033407	0.00697933
3480 	 1305 	 0.855419 	 0.00334518	0.00698869
3480 	 1310 	 0.855433 	 0.00334964	0.00699802
3480 	 1315 	 0.855448 	 0.00335409	0.0070073
3480 	 1320 	 0.855462 	 0.00335851	0.00701655
3480 	 1325 	 0.855476 	 0.00336292	0.00702576
3480 	 1330 	 0.85549 	 0.00336731	0.00703493
3480 	 1335 	 0.855504 	 0.00337169	0.00704407
3480 	 1340 	 0.855518 	 0.00337604	0.00705317
3480 	 1345 	 0.855532 	 0.00338038	0.00706223
3480 	 1350 	 0.855546 	 0.0033847	0.00707126
3480 	 1355 	 0.855559 	 0.00338901	0.00708025
3480 	 1360 	 0.855573 	 0.00339329	0.00708921
3480 	 1365 	 0.855586 	 0.00339757	0.00709813
3480 	 1370 	 0.8556 	 0.00340182	0.00710702
3480 	 1375 	 0.855613 	 0.00340605	0.00711587
3480 	 1380 	 0.855626 	 0.00341027	0.00712468
3480 	 1385 	 0.855639 	 0.00341448	0.00713347
3480 	 1390 	 0.855652 	 0.00341866	0.00714221
3480 	 1395 	 0.855665 	 0.00342283	0.00715092
3480 	 1400 	 0.855678 	 0.00342699	0.0071596
3480 	 1405 	 0.855691 	 0.00343113	0.00716825
3480 	 1410 	 0.855703 	 0.00343525	0.00717686
3480 	 1415 	 0.855716 	 0.00343935	0.00718543
3480 	 1420 	 0.855729 	 0.00344344	0.00719398
3480 	 1425 	 0.855741 	 0.00344752	0.00720249
3480 	 1430 	 0.855753 	 0.00345157	0.00721097
3480 	 1435 	 0.855766 	 0.00345562	0.00721941
3480 	 1440 	 0.855778 	 0.00345964	0.00722782
3480 	 1445 	 0.85579 	 0.00346365	0.0072362
3480 	 1450 	 0.855802 	 0.00346765	0.00724455
3480 	 1455 	 0.855814 	 0.00347163	0.00725286
3480 	 1460 	 0.855826 	 0.00347559	0.00726115
3480 	 1465 	 0.855837 	 0.00347954	0.0072694
3480 	 1470 	 0.855849 	 0.00348348	0.00727762
3480 	 1475 	 0.855861 	 0.0034874	0.00728581
3480 	 1480 	 0.855872 	 0.0034913	0.00729397
3480 	 1485 	 0.855884 	 0.00349519	0.00730209
3480 	 1490 	 0.855895 	 0.00349907	0.00731019
3480 	 1495 	 0.855907 	 0.00350293	0.00731825
3480 	 1500 	 0.855918 	 0.00350677	0.00732629
3480 	 1505 	 0.855929 	 0.0035106	0.00733429
3480 	 1510 	 0.85594 	 0.00351442	0.00734226
3480 	 1515 	 0.855951 	 0.00351822	0.00735021
3480 	 1520 	 0.855962 	 0.00352201	0.00735812
3480 	 1525 	 0.855973 	 0.00352578	0.00736601
3480 	 1530 	 0.855984 	 0.00352954	0.00737386
3480 	 1535 	 0.855995 	 0.00353329	0.00738169
3480 	 1540 	 0.856006 	 0.00353702	0.00738948
3480 	 1545 	 0.856017 	 0.00354074	0.00739725
3480 	 1550 	 0.856027 	 0.00354444	0.00740499
3480 	 1555 	 0.856038 	 0.00354813	0.0074127
3480 	 1560 	 0.856048 	 0.00355181	0.00742038
3480 	 1565 	 0.856059 	 0.00355547	0.00742803
3480 	 1570 	 0.856069 	 0.00355912	0.00743566
3480 	 1575 	 0.856079 	 0.00356276	0.00744325
3480 	 1580 	 0.85609 	 0.00356638	0.00745082
3480 	 1585 	 0.8561 	 0.00356999	0.00745836
3480 	 1590 	 0.85611 	 0.00357359	0.00746588
3480 	 1595 	 0.85612 	 0.00357717	0.00747336
3480 	 1600 	 0.85613 	 0.00358074	0.00748082
3480 	 1605 	 0.85614 	 0.0035843	0.00748825
3480 	 1610 	 0.85615 	 0.00358784	0.00749566
3480 	 1615 	 0.85616 	 0.00359137	0.00750303
3480 	 1620 	 0.85617 	 0.00359489	0.00751038
3480 	 1625 	 0.856179 	 0.0035984	0.00751771
3480 	 1630 	 0.856189 	 0.00360189	0.00752501
3480 	 1635 	 0.856199 	 0.00360537	0.00753228
3480 	 1640 	 0.856208 	 0.00360884	0.00753952
3480 	 1645 	 0.856218 	 0.00361229	0.00754674
3480 	 1650 	 0.856227 	 0.00361574	0.00755393
3480 	 1655 	 0.856237 	 0.00361917	0.0075611
3480 	 1660 	 0.856246 	 0.00362259	0.00756824
3480 	 1665 	 0.856255 	 0.00362599	0.00757536
3480 	 1670 	 0.856264 	 0.00362939	0.00758245
3480 	 1675 	 0.856274 	 0.00363277	0.00758952
3480 	 1680 	 0.856283 	 0.00363614	0.00759656
3480 	 1685 	 0.856292 	 0.0036395	0.00760358
3480 	 1690 	 0.856301 	 0.00364285	0.00761057
3480 	 1695 	 0.85631 	 0.00364618	0.00761753
3480 	 1700 	 0.856319 	 0.0036495	0.00762448
3480 	 1705 	 0.856328 	 0.00365281	0.00763139
3480 	 1710 	 0.856337 	 0.00365611	0.00763829
3480 	 1715 	 0.856346 	 0.0036594	0.00764516
3480 	 1720 	 0.856354 	 0.00366268	0.007652
3480 	 1725 	 0.856363 	 0.00366594	0.00765883
3480 	 1730 	 0.856372 	 0.0036692	0.00766562
3480 	 1735 	 0.85638 	 0.00367244	0.0076724
3480 	 1740 	 0.856389 	 0.00367567	0.00767915
3480 	 1745 	 0.856397 	 0.00367889	0.00768588
3480 	 1750 	 0.856406 	 0.0036821	0.00769258
3480 	 1755 	 0.856414 	 0.0036853	0.00769926
3480 	 1760 	 0.856423 	 0.00368849	0.00770592
3480 	 1765 	 0.856431 	 0.00369166	0.00771256
3480 	 1770 	 0.856439 	 0.00369483	0.00771917
3480 	 1775 	 0.856448 	 0.00369798	0.00772576
3480 	 1780 	 0.856456 	 0.00370113	0.00773233
3480 	 1785 	 0.856464 	 0.00370426	0.00773887
3480 	 1790 	 0.856472 	 0.00370738	0.0077454
3480 	 1795 	 0.85648 	 0.00371049	0.0077519
3480 	 1800 	 0.856488 	 0.00371359	0.00775837
3480 	 1805 	 0.856496 	 0.00371668	0.00776483
3480 	 1810 	 0.856504 	 0.00371976	0.00777127
3480 	 1815 	 0.856512 	 0.00372283	0.00777768
3480 	 1820 	 0.85652 	 0.00372589	0.00778407
3480 	 1825 	 0.856528 	 0.00372894	0.00779044
3480 	 1830 	 0.856536 	 0.00373198	0.00779679
3480 	 1835 	 0.856544 	 0.00373501	0.00780312
3480 	 1840 	 0.856551 	 0.00373803	0.00780943
3480 	 1845 	 0.856559 	 0.00374104	0.00781571
3480 	 1850 	 0.856567 	 0.00374404	0.00782198
3480 	 1855 	 0.856574 	 0.00374703	0.00782822
3480 	 1860 	 0.856582 	 0.00375	0.00783444
3480 	 1865 	 0.856589 	 0.00375297	0.00784065
3480 	 1870 	 0.856597 	 0.00375593	0.00784683
3480 	 1875 	 0.856604 	 0.00375888	0.00785299
3480 	 1880 	 0.856612 	 0.00376182	0.00785913
3480 	 1885 	 0.856619 	 0.00376475	0.00786525
3480 	 1890 	 0.856626 	 0.00376767	0.00787135
3480 	 1895 	 0.856634 	 0.00377058	0.00787743
3480 	 1900 	 0.856641 	 0.00377348	0.00788349
3480 	 1905 	 0.856648 	 0.00377638	0.00788954
3480 	 1910 	 0.856656 	 0.00377926	0.00789556
3480 	 1915 	 0.856663 	 0.00378213	0.00790156
3480 	 1920 	 0.85667 	 0.00378499	0.00790754
3480 	 1925 	 0.856677 	 0.00378785	0.00791351
3480 	 1930 	 0.856684 	 0.00379069	0.00791945
3480 	 1935 	 0.856691 	 0.00379353	0.00792538
3480 	 1940 	 0.856698 	 0.00379636	0.00793128
3480 	 1945 	 0.856705 	 0.00379917	0.00793717
3480 	 1950 	 0.856712 	 0.00380198	0.00794304
3480 	 1955 	 0.856719 	 0.00380478	0.00794888
3480 	 1960 	 0.856726 	 0.00380757	0.00795472
3480 	 1965 	 0.856733 	 0.00381036	0.00796053
3480 	 1970 	 0.856739 	 0.00381313	0.00796632
3480 	 1975 	 0.856746 	 0.00381589	0.00797209
3480 	 1980 	 0.856753 	 0.00381865	0.00797785
3480 	 1985 	 0.85676 	 0.00382139	0.00798359
3480 	 1990 	 0.856766 	 0.00382413	0.00798931
3480 	 1995 	 0.856773 	 0.00382686	0.00799501
3480 	 2000 	 0.85678 	 0.00382958	0.0080007
3480 	 2005 	 0.856786 	 0.00383229	0.00800636
3480 	 2010 	 0.856793 	 0.003835	0.00801201
3480 	 2015 	 0.856799 	 0.00383769	0.00801764
3480 	 2020 	 0.856806 	 0.00384038	0.00802325
3480 	 2025 	 0.856812 	 0.00384306	0.00802885
3480 	 2030 	 0.856819 	 0.00384573	0.00803443
3480 	 2035 	 0.856825 	 0.00384839	0.00803999
3480 	 2040 	 0.856832 	 0.00385104	0.00804553
3480 	 2045 	 0.856838 	 0.00385369	0.00805106
3480 	 2050 	 0.856844 	 0.00385633	0.00805657
3480 	 2055 	 0.856851 	 0.00385895	0.00806206
3480 	 2060 	 0.856857 	 0.00386157	0.00806753
3480 	 2065 	 0.856863 	 0.00386419	0.00807299
3480 	 2070 	 0.856869 	 0.00386679	0.00807843
3480 	 2075 	 0.856875 	 0.00386939	0.00808386
3480 	 2080 	 0.856882 	 0.00387198	0.00808927
3480 	 2085 	 0.856888 	 0.00387456	0.00809466
3480 	 2090 	 0.856894 	 0.00387713	0.00810003
3480 	 2095 	 0.8569 	 0.0038797	0.00810539
3480 	 2100 	 0.856906 	 0.00388225	0.00811073
3480 	 2105 	 0.856912 	 0.0038848	0.00811606
3480 	 2110 	 0.856918 	 0.00388734	0.00812137
3480 	 2115 	 0.856924 	 0.00388988	0.00812666
3480 	 2120 	 0.85693 	 0.0038924	0.00813194
3480 	 2125 	 0.856936 	 0.00389492	0.0081372
3480 	 2130 	 0.856942 	 0.00389743	0.00814245
3480 	 2135 	 0.856948 	 0.00389994	0.00814768
3480 	 2140 	 0.856953 	 0.00390243	0.00815289
3480 	 2145 	 0.856959 	 0.00390492	0.00815809
3480 	 2150 	 0.856965 	 0.0039074	0.00816327
3480 	 2155 	 0.856971 	 0.00390988	0.00816844
3480 	 2160 	 0.856977 	 0.00391234	0.0081736
3480 	 2165 	 0.856982 	 0.0039148	0.00817873
3480 	 2170 	 0.856988 	 0.00391725	0.00818385
3480 	 2175 	 0.856994 	 0.0039197	0.00818896
3480 	 2180 	 0.856999 	 0.00392213	0.00819405
3480 	 2185 	 0.857005 	 0.00392456	0.00819913
3480 	 2190 	 0.857011 	 0.00392699	0.00820419
3480 	 2195 	 0.857016 	 0.0039294	0.00820924
3480 	 2200 	 0.857022 	 0.00393181	0.00821427
3480 	 2205 	 0.857027 	 0.00393421	0.00821929
3480 	 2210 	 0.857033 	 0.00393661	0.00822429
3480 	 2215 	 0.857038 	 0.00393899	0.00822928
3480 	 2220 	 0.857044 	 0.00394137	0.00823425
3480 	 2225 	 0.857049 	 0.00394375	0.00823921
3480 	 2230 	 0.857055 	 0.00394611	0.00824415
3480 	 2235 	 0.85706 	 0.00394847	0.00824908
3480 	 2240 	 0.857065 	 0.00395083	0.008254
3480 	 2245 	 0.857071 	 0.00395317	0.0082589
3480 	 2250 	 0.857076 	 0.00395551	0.00826378
3480 	 2255 	 0.857081 	 0.00395784	0.00826866
3480 	 2260 	 0.857087 	 0.00396017	0.00827352
3480 	 2265 	 0.857092 	 0.00396249	0.00827836
3480 	 2270 	 0.857097 	 0.0039648	0.00828319
3480 	 2275 	 0.857102 	 0.00396711	0.00828801
3480 	 2280 	 0.857107 	 0.00396941	0.00829281
3480 	 2285 	 0.857113 	 0.0039717	0.0082976
3480 	 2290 	 0.857118 	 0.00397398	0.00830238
3480 	 2295 	 0.857123 	 0.00397626	0.00830714
3480 	 2300 	 0.857128 	 0.00397854	0.00831189
3480 	 2305 	 0.857133 	 0.0039808	0.00831662
3480 	 2310 	 0.857138 	 0.00398306	0.00832135
3480 	 2315 	 0.857143 	 0.00398532	0.00832605
3480 	 2320 	 0.857148 	 0.00398756	0.00833075
3480 	 2325 	 0.857153 	 0.00398981	0.00833543
3480 	 2330 	 0.857158 	 0.00399204	0.0083401
3480 	 2335 	 0.857163 	 0.00399427	0.00834476
3480 	 2340 	 0.857168 	 0.00399649	0.0083494
3480 	 2345 	 0.857173 	 0.00399871	0.00835403
3480 	 2350 	 0.857178 	 0.00400092	0.00835864
3480 	 2355 	 0.857183 	 0.00400312	0.00836325
3480 	 2360 	 0.857188 	 0.00400532	0.00836784
3480 	 2365 	 0.857193 	 0.00400751	0.00837242
3480 	 2370 	 0.857198 	 0.00400969	0.00837698
3480 	 2375 	 0.857202 	 0.00401187	0.00838154
3480 	 2380 	 0.857207 	 0.00401405	0.00838608
3480 	 2385 	 0.857212 	 0.00401621	0.0083906
3480 	 2390 	 0.857217 	 0.00401838	0.00839512
3480 	 2395 	 0.857221 	 0.00402053	0.00839962
3480 	 2400 	 0.857226 	 0.00402268	0.00840411
3480 	 2405 	 0.857231 	 0.00402482	0.00840859
3480 	 2410 	 0.857236 	 0.00402696	0.00841305
3480 	 2415 	 0.85724 	 0.00402909	0.00841751
3480 	 2420 	 0.857245 	 0.00403122	0.00842195
3480 	 2425 	 0.857249 	 0.00403334	0.00842638
3480 	 2430 	 0.857254 	 0.00403545	0.00843079
3480 	 2435 	 0.857259 	 0.00403756	0.0084352
3480 	 2440 	 0.857263 	 0.00403966	0.00843959
3480 	 2445 	 0.857268 	 0.00404176	0.00844397
3480 	 2450 	 0.857272 	 0.00404385	0.00844834
3480 	 2455 	 0.857277 	 0.00404594	0.0084527
3480 	 2460 	 0.857281 	 0.00404802	0.00845705
3480 	 2465 	 0.857286 	 0.00405009	0.00846138
3480 	 2470 	 0.85729 	 0.00405216	0.0084657
3480 	 2475 	 0.857295 	 0.00405422	0.00847001
3480 	 2480 	 0.857299 	 0.00405628	0.00847431
3480 	 2485 	 0.857304 	 0.00405833	0.0084786
3480 	 2490 	 0.857308 	 0.00406038	0.00848287
3480 	 2495 	 0.857313 	 0.00406242	0.00848714
3480 	 2500 	 0.857317 	 0.00406446	0.00849139
3480 	 2505 	 0.857321 	 0.00406649	0.00849563
3480 	 2510 	 0.857326 	 0.00406851	0.00849986
3480 	 2515 	 0.85733 	 0.00407053	0.00850408
3480 	 2520 	 0.857334 	 0.00407255	0.00850829
3480 	 2525 	 0.857339 	 0.00407456	0.00851249
3480 	 2530 	 0.857343 	 0.00407656	0.00851668
3480 	 2535 	 0.857347 	 0.00407856	0.00852085
3480 	 2540 	 0.857351 	 0.00408055	0.00852501
3480 	 2545 	 0.857356 	 0.00408254	0.00852917
3480 	 2550 	 0.85736 	 0.00408452	0.00853331
3480 	 2555 	 0.857364 	 0.0040865	0.00853744
3480 	 2560 	 0.857368 	 0.00408847	0.00854156
3480 	 2565 	 0.857372 	 0.00409044	0.00854567
3480 	 2570 	 0.857377 	 0.0040924	0.00854977
3480 	 2575 	 0.857381 	 0.00409436	0.00855386
3480 	 2580 	 0.857385 	 0.00409631	0.00855794
3480 	 2585 	 0.857389 	 0.00409826	0.008562
3480 	 2590 	 0.857393 	 0.0041002	0.00856606
3480 	 2595 	 0.857397 	 0.00410213	0.00857011
3480 	 2600 	 0.857401 	 0.00410407	0.00857414
3480 	 2605 	 0.857405 	 0.00410599	0.00857817
3480 	 2610 	 0.857409 	 0.00410791	0.00858218
3480 	 2615 	 0.857413 	 0.00410983	0.00858619
3480 	 2620 	 0.857417 	 0.00411174	0.00859018
3480 	 2625 	 0.857421 	 0.00411365	0.00859416
3480 	 2630 	 0.857425 	 0.00411555	0.00859814
3480 	 2635 	 0.857429 	 0.00411745	0.0086021
3480 	 2640 	 0.857433 	 0.00411934	0.00860606
3480 	 2645 	 0.857437 	 0.00412123	0.00861
3480 	 2650 	 0.857441 	 0.00412311	0.00861393
3480 	 2655 	 0.857445 	 0.00412499	0.00861786
3480 	 2660 	 0.857449 	 0.00412686	0.00862177
3480 	 2665 	 0.857453 	 0.00412873	0.00862567
3480 	 2670 	 0.857457 	 0.0041306	0.00862957
3480 	 2675 	 0.857461 	 0.00413245	0.00863345
3480 	 2680 	 0.857465 	 0.00413431	0.00863732
3480 	 2685 	 0.857468 	 0.00413616	0.00864119
3480 	 2690 	 0.857472 	 0.004138	0.00864504
3480 	 2695 	 0.857476 	 0.00413984	0.00864889
3480 	 2700 	 0.85748 	 0.00414168	0.00865272
3480 	 2705 	 0.857484 	 0.00414351	0.00865655
3480 	 2710 	 0.857487 	 0.00414534	0.00866036
3480 	 2715 	 0.857491 	 0.00414716	0.00866417
3480 	 2720 	 0.857495 	 0.00414898	0.00866797
3480 	 2725 	 0.857499 	 0.00415079	0.00867176
3480 	 2730 	 0.857502 	 0.0041526	0.00867553
3480 	 2735 	 0.857506 	 0.0041544	0.0086793
3480 	 2740 	 0.85751 	 0.0041562	0.00868306
3480 	 2745 	 0.857513 	 0.004158	0.00868681
3480 	 2750 	 0.857517 	 0.00415979	0.00869055
3480 	 2755 	 0.857521 	 0.00416157	0.00869428
3480 	 2760 	 0.857524 	 0.00416335	0.00869801
3480 	 2765 	 0.857528 	 0.00416513	0.00870172
3480 	 2770 	 0.857532 	 0.00416691	0.00870542
3480 	 2775 	 0.857535 	 0.00416867	0.00870912
3480 	 2780 	 0.857539 	 0.00417044	0.00871281
3480 	 2785 	 0.857543 	 0.0041722	0.00871648
3480 	 2790 	 0.857546 	 0.00417395	0.00872015
3480 	 2795 	 0.85755 	 0.00417571	0.00872381
3480 	 2800 	 0.857553 	 0.00417745	0.00872746
3480 	 2805 	 0.857557 	 0.0041792	0.0087311
3480 	 2810 	 0.85756 	 0.00418093	0.00873473
3480 	 2815 	 0.857564 	 0.00418267	0.00873836
3480 	 2820 	 0.857567 	 0.0041844	0.00874197
3480 	 2825 	 0.857571 	 0.00418613	0.00874558
3480 	 2830 	 0.857574 	 0.00418785	0.00874918
3480 	 2835 	 0.857578 	 0.00418957	0.00875277
3480 	 2840 	 0.857581 	 0.00419128	0.00875635
3480 	 2845 	 0.857585 	 0.00419299	0.00875992
3480 	 2850 	 0.857588 	 0.00419469	0.00876348
3480 	 2855 	 0.857592 	 0.0041964	0.00876703
3480 	 2860 	 0.857595 	 0.00419809	0.00877058
3480 	 2865 	 0.857598 	 0.00419979	0.00877412
3480 	 2870 	 0.857602 	 0.00420148	0.00877765
3480 	 2875 	 0.857605 	 0.00420316	0.00878117
3480 	 2880 	 0.857608 	 0.00420484	0.00878468
3480 	 2885 	 0.857612 	 0.00420652	0.00878818
3480 	 2890 	 0.857615 	 0.00420819	0.00879168
3480 	 2895 	 0.857619 	 0.00420986	0.00879517
3480 	 2900 	 0.857622 	 0.00421153	0.00879865
3480 	 2905 	 0.857625 	 0.00421319	0.00880212
3480 	 2910 	 0.857629 	 0.00421485	0.00880558
3480 	 2915 	 0.857632 	 0.0042165	0.00880903
3480 	 2920 	 0.857635 	 0.00421815	0.00881248
3480 	 2925 	 0.857638 	 0.00421979	0.00881592
3480 	 2930 	 0.857642 	 0.00422144	0.00881935
3480 	 2935 	 0.857645 	 0.00422307	0.00882277
3480 	 2940 	 0.857648 	 0.00422471	0.00882619
3480 	 2945 	 0.857651 	 0.00422634	0.00882959
3480 	 2950 	 0.857655 	 0.00422797	0.00883299
3480 	 2955 	 0.857658 	 0.00422959	0.00883638
3480 	 2960 	 0.857661 	 0.00423121	0.00883976
3480 	 2965 	 0.857664 	 0.00423282	0.00884314
3480 	 2970 	 0.857667 	 0.00423443	0.00884651
3480 	 2975 	 0.857671 	 0.00423604	0.00884986
3480 	 2980 	 0.857674 	 0.00423765	0.00885322
3480 	 2985 	 0.857677 	 0.00423925	0.00885656
3480 	 2990 	 0.85768 	 0.00424084	0.0088599
3480 	 2995 	 0.857683 	 0.00424244	0.00886322
3480 	 3000 	 0.857686 	 0.00424403	0.00886654
3480 	 3005 	 0.857689 	 0.00424561	0.00886986
3480 	 3010 	 0.857693 	 0.00424719	0.00887316
3480 	 3015 	 0.857696 	 0.00424877	0.00887646
3480 	 3020 	 0.857699 	 0.00425035	0.00887975
3480 	 3025 	 0.857702 	 0.00425192	0.00888303
3480 	 3030 	 0.857705 	 0.00425349	0.00888631
3480 	 3035 	 0.857708 	 0.00425505	0.00888958
3480 	 3040 	 0.857711 	 0.00425661	0.00889284
3480 	 3045 	 0.857714 	 0.00425817	0.00889609
3480 	 3050 	 0.857717 	 0.00425972	0.00889933
3480 	 3055 	 0.85772 	 0.00426127	0.00890257
3480 	 3060 	 0.857723 	 0.00426282	0.0089058
3480 	 3065 	 0.857726 	 0.00426436	0.00890903
3480 	 3070 	 0.857729 	 0.0042659	0.00891224
3480 	 3075 	 0.857732 	 0.00426744	0.00891545
3480 	 3080 	 0.857735 	 0.00426897	0.00891865
3480 	 3085 	 0.857738 	 0.0042705	0.00892185
3480 	 3090 	 0.857741 	 0.00427202	0.00892504
3480 	 3095 	 0.857744 	 0.00427355	0.00892822
3480 	 3100 	 0.857747 	 0.00427506	0.00893139
3480 	 3105 	 0.85775 	 0.00427658	0.00893456
3480 	 3110 	 0.857753 	 0.00427809	0.00893771
3480 	 3115 	 0.857756 	 0.0042796	0.00894087
3480 	 3120 	 0.857759 	 0.00428111	0.00894401
3480 	 3125 	 0.857761 	 0.00428261	0.00894715
3480 	 3130 	 0.857764 	 0.00428411	0.00895028
3480 	 3135 	 0.857767 	 0.0042856	0.0089534
3480 	 3140 	 0.85777 	 0.00428709	0.00895652
3480 	 3145 	 0.857773 	 0.00428858	0.00895963
3480 	 3150 	 0.857776 	 0.00429007	0.00896274
3480 	 3155 	 0.857779 	 0.00429155	0.00896583
3480 	 3160 	 0.857782 	 0.00429303	0.00896892
3480 	 3165 	 0.857784 	 0.00429451	0.008972
3480 	 3170 	 0.857787 	 0.00429598	0.00897508
3480 	 3175 	 0.85779 	 0.00429745	0.00897815
3480 	 3180 	 0.857793 	 0.00429891	0.00898121
3480 	 3185 	 0.857796 	 0.00430038	0.00898427
3480 	 3190 	 0.857798 	 0.00430184	0.00898732
3480 	 3195 	 0.857801 	 0.00430329	0.00899036
3480 	 3200 	 0.857804 	 0.00430475	0.0089934
3480 	 3205 	 0.857807 	 0.0043062	0.00899643
3480 	 3210 	 0.857809 	 0.00430764	0.00899945
3480 	 3215 	 0.857812 	 0.00430909	0.00900247
3480 	 3220 	 0.857815 	 0.00431053	0.00900548
3480 	 3225 	 0.857818 	 0.00431196	0.00900848
3480 	 3230 	 0.85782 	 0.0043134	0.00901148
3480 	 3235 	 0.857823 	 0.00431483	0.00901447
3480 	 3240 	 0.857826 	 0.00431626	0.00901745
3480 	 3245 	 0.857829 	 0.00431768	0.00902043
3480 	 3250 	 0.857831 	 0.00431911	0.0090234
3480 	 3255 	 0.857834 	 0.00432052	0.00902636
3480 	 3260 	 0.857837 	 0.00432194	0.00902932
3480 	 3265 	 0.857839 	 0.00432335	0.00903227
3480 	 3270 	 0.857842 	 0.00432476	0.00903522
3480 	 3275 	 0.857845 	 0.00432617	0.00903816
3480 	 3280 	 0.857847 	 0.00432757	0.00904109
3480 	 3285 	 0.85785 	 0.00432898	0.00904402
3480 	 3290 	 0.857853 	 0.00433037	0.00904694
3480 	 3295 	 0.857855 	 0.00433177	0.00904985
3480 	 3300 	 0.857858 	 0.00433316	0.00905276
3480 	 3305 	 0.85786 	 0.00433455	0.00905566
3480 	 3310 	 0.857863 	 0.00433594	0.00905856
3480 	 3315 	 0.857866 	 0.00433732	0.00906145
3480 	 3320 	 0.857868 	 0.0043387	0.00906433
3480 	 3325 	 0.857871 	 0.00434008	0.00906721
3480 	 3330 	 0.857873 	 0.00434145	0.00907008
3480 	 3335 	 0.857876 	 0.00434282	0.00907295
3480 	 3340 	 0.857878 	 0.00434419	0.00907581
3480 	 3345 	 0.857881 	 0.00434556	0.00907866
3480 	 3350 	 0.857884 	 0.00434692	0.00908151
3480 	 3355 	 0.857886 	 0.00434828	0.00908435
3480 	 3360 	 0.857889 	 0.00434964	0.00908719
3480 	 3365 	 0.857891 	 0.00435099	0.00909002
3480 	 3370 	 0.857894 	 0.00435234	0.00909284
3480 	 3375 	 0.857896 	 0.00435369	0.00909566
3480 	 3380 	 0.857899 	 0.00435504	0.00909847
3480 	 3385 	 0.857901 	 0.00435638	0.00910128
3480 	 3390 	 0.857904 	 0.00435772	0.00910408
3480 	 3395 	 0.857906 	 0.00435906	0.00910687
3480 	 3400 	 0.857909 	 0.00436039	0.00910966
3480 	 3405 	 0.857911 	 0.00436173	0.00911244
3480 	 3410 	 0.857914 	 0.00436306	0.00911522
3480 	 3415 	 0.857916 	 0.00436438	0.00911799
3480 	 3420 	 0.857919 	 0.00436571	0.00912076
3480 	 3425 	 0.857921 	 0.00436703	0.00912352
3480 	 3430 	 0.857923 	 0.00436835	0.00912627
3480 	 3435 	 0.857926 	 0.00436966	0.00912902
3480 	 3440 	 0.857928 	 0.00437098	0.00913176
3480 	 3445 	 0.857931 	 0.00437229	0.0091345
3480 	 3450 	 0.857933 	 0.00437359	0.00913723
3480 	 3455 	 0.857936 	 0.0043749	0.00913996
3480 	 3460 	 0.857938 	 0.0043762	0.00914268
3480 	 3465 	 0.85794 	 0.0043775	0.0091454
3480 	 3470 	 0.857943 	 0.0043788	0.00914811
3480 	 3475 	 0.857945 	 0.00438009	0.00915081
3480 	 3480 	 0.857948 	 0.00438138	0.00915351
3480 	 3485 	 0.85795 	 0.00438267	0.0091562
3480 	 3490 	 0.857952 	 0.00438396	0.00915889
3480 	 3495 	 0.857955 	 0.00438524	0.00916157
3480 	 3500 	 0.857957 	 0.00438652	0.00916425
3480 	 3505 	 0.857959 	 0.0043878	0.00916692
3480 	 3510 	 0.857962 	 0.00438908	0.00916959
3480 	 3515 	 0.857964 	 0.00439035	0.00917225
3480 	 3520 	 0.857966 	 0.00439162	0.0091749
3480 	 3525 	 0.857969 	 0.00439289	0.00917755
3480 	 3530 	 0.857971 	 0.00439416	0.0091802
3480 	 3535 	 0.857973 	 0.00439542	0.00918284
3480 	 3540 	 0.857976 	 0.00439668	0.00918547
3480 	 3545 	 0.857978 	 0.00439794	0.0091881
3480 	 3550 	 0.85798 	 0.0043992	0.00919073
3480 	 3555 	 0.857982 	 0.00440045	0.00919335
3480 	 3560 	 0.857985 	 0.0044017	0.00919596
3480 	 3565 	 0.857987 	 0.00440295	0.00919857
3480 	 3570 	 0.857989 	 0.0044042	0.00920117
3480 	 3575 	 0.857991 	 0.00440544	0.00920377
3480 	 3580 	 0.857994 	 0.00440668	0.00920636
3480 	 3585 	 0.857996 	 0.00440792	0.00920895
3480 	 3590 	 0.857998 	 0.00440916	0.00921153
3480 	 3595 	 0.858 	 0.00441039	0.00921411
3480 	 3600 	 0.858003 	 0.00441162	0.00921668
3480 	 3605 	 0.858005 	 0.00441285	0.00921925
3480 	 3610 	 0.858007 	 0.00441408	0.00922181
3480 	 3615 	 0.858009 	 0.0044153	0.00922437
3480 	 3620 	 0.858012 	 0.00441652	0.00922692
3480 	 3625 	 0.858014 	 0.00441774	0.00922947
3480 	 3630 	 0.858016 	 0.00441896	0.00923201
3480 	 3635 	 0.858018 	 0.00442017	0.00923455
3480 	 3640 	 0.85802 	 0.00442139	0.00923708
3480 	 3645 	 0.858023 	 0.00442259	0.00923961
3480 	 3650 	 0.858025 	 0.0044238	0.00924213
3480 	 3655 	 0.858027 	 0.00442501	0.00924465
3480 	 3660 	 0.858029 	 0.00442621	0.00924716
3480 	 3665 	 0.858031 	 0.00442741	0.00924967
3480 	 3670 	 0.858033 	 0.00442861	0.00925217
3480 	 3675 	 0.858035 	 0.0044298	0.00925467
3480 	 3680 	 0.858038 	 0.004431	0.00925716
3480 	 3685 	 0.85804 	 0.00443219	0.00925965
3480 	 3690 	 0.858042 	 0.00443338	0.00926213
3480 	 3695 	 0.858044 	 0.00443456	0.00926461
3480 	 3700 	 0.858046 	 0.00443575	0.00926709
3480 	 3705 	 0.858048 	 0.00443693	0.00926956
3480 	 3710 	 0.85805 	 0.00443811	0.00927202
3480 	 3715 	 0.858052 	 0.00443929	0.00927448
3480 	 3720 	 0.858055 	 0.00444046	0.00927694
3480 	 3725 	 0.858057 	 0.00444164	0.00927939
3480 	 3730 	 0.858059 	 0.00444281	0.00928183
3480 	 3735 	 0.858061 	 0.00444397	0.00928427
3480 	 3740 	 0.858063 	 0.00444514	0.00928671
3480 	 3745 	 0.858065 	 0.00444631	0.00928914
3480 	 3750 	 0.858067 	 0.00444747	0.00929157
3480 	 3755 	 0.858069 	 0.00444863	0.00929399
3480 	 3760 	 0.858071 	 0.00444978	0.00929641
3480 	 3765 	 0.858073 	 0.00445094	0.00929882
3480 	 3770 	 0.858075 	 0.00445209	0.00930123
3480 	 3775 	 0.858077 	 0.00445324	0.00930364
3480 	 3780 	 0.858079 	 0.00445439	0.00930604
3480 	 3785 	 0.858081 	 0.00445554	0.00930843
3480 	 3790 	 0.858083 	 0.00445668	0.00931082
3480 	 3795 	 0.858085 	 0.00445782	0.00931321
3480 	 3800 	 0.858088 	 0.00445896	0.00931559
3480 	 3805 	 0.85809 	 0.0044601	0.00931797
3480 	 3810 	 0.858092 	 0.00446124	0.00932034
3480 	 3815 	 0.858094 	 0.00446237	0.00932271
3480 	 3820 	 0.858096 	 0.0044635	0.00932507
3480 	 3825 	 0.858098 	 0.00446463	0.00932743
3480 	 3830 	 0.8581 	 0.00446576	0.00932979
3480 	 3835 	 0.858102 	 0.00446689	0.00933214
3480 	 3840 	 0.858103 	 0.00446801	0.00933448
3480 	 3845 	 0.858105 	 0.00446913	0.00933683
3480 	 3850 	 0.858107 	 0.00447025	0.00933916
3480 	 3855 	 0.858109 	 0.00447137	0.0093415
3480 	 3860 	 0.858111 	 0.00447248	0.00934383
3480 	 3865 	 0.858113 	 0.00447359	0.00934615
3480 	 3870 	 0.858115 	 0.0044747	0.00934847
3480 	 3875 	 0.858117 	 0.00447581	0.00935079
3480 	 3880 	 0.858119 	 0.00447692	0.0093531
3480 	 3885 	 0.858121 	 0.00447802	0.00935541
3480 	 3890 	 0.858123 	 0.00447913	0.00935771
3480 	 3895 	 0.858125 	 0.00448023	0.00936001
3480 	 3900 	 0.858127 	 0.00448132	0.0093623
3480 	 3905 	 0.858129 	 0.00448242	0.00936459
3480 	 3910 	 0.858131 	 0.00448352	0.00936688
3480 	 3915 	 0.858133 	 0.00448461	0.00936916
3480 	 3920 	 0.858135 	 0.0044857	0.00937144
3480 	 3925 	 0.858136 	 0.00448679	0.00937371
3480 	 3930 	 0.858138 	 0.00448787	0.00937598
3480 	 3935 	 0.85814 	 0.00448896	0.00937825
3480 	 3940 	 0.858142 	 0.00449004	0.00938051
3480 	 3945 	 0.858144 	 0.00449112	0.00938277
3480 	 3950 	 0.858146 	 0.0044922	0.00938502
3480 	 3955 	 0.858148 	 0.00449328	0.00938727
3480 	 3960 	 0.85815 	 0.00449435	0.00938952
3480 	 3965 	 0.858152 	 0.00449542	0.00939176
3480 	 3970 	 0.858153 	 0.00449649	0.00939399
3480 	 3975 	 0.858155 	 0.00449756	0.00939623
3480 	 3980 	 0.858157 	 0.00449863	0.00939846
3480 	 3985 	 0.858159 	 0.00449969	0.00940068
3480 	 3990 	 0.858161 	 0.00450076	0.0094029
3480 	 3995 	 0.858163 	 0.00450182	0.00940512
3480 	 4000 	 0.858164 	 0.00450288	0.00940733
3480 	 4005 	 0.858166 	 0.00450393	0.00940954
3480 	 4010 	 0.858168 	 0.00450499	0.00941175
3480 	 4015 	 0.85817 	 0.00450604	0.00941395
3480 	 4020 	 0.858172 	 0.0045071	0.00941614
3480 	 4025 	 0.858174 	 0.00450814	0.00941834
3480 	 4030 	 0.858175 	 0.00450919	0.00942053
3480 	 4035 	 0.858177 	 0.00451024	0.00942271
3480 	 4040 	 0.858179 	 0.00451128	0.00942489
3480 	 4045 	 0.858181 	 0.00451233	0.00942707
3480 	 4050 	 0.858183 	 0.00451337	0.00942924
3480 	 4055 	 0.858184 	 0.0045144	0.00943141
3480 	 4060 	 0.858186 	 0.00451544	0.00943358
3480 	 4065 	 0.858188 	 0.00451648	0.00943574
3480 	 4070 	 0.85819 	 0.00451751	0.0094379
3480 	 4075 	 0.858192 	 0.00451854	0.00944005
3480 	 4080 	 0.858193 	 0.00451957	0.0094422
3480 	 4085 	 0.858195 	 0.0045206	0.00944435
3480 	 4090 	 0.858197 	 0.00452162	0.00944649
3480 	 4095 	 0.858199 	 0.00452265	0.00944863
3480 	 4100 	 0.8582 	 0.00452367	0.00945077
3480 	 4105 	 0.858202 	 0.00452469	0.0094529
3480 	 4110 	 0.858204 	 0.00452571	0.00945503
3480 	 4115 	 0.858206 	 0.00452673	0.00945715
3480 	 4120 	 0.858207 	 0.00452774	0.00945927
3480 	 4125 	 0.858209 	 0.00452875	0.00946139
3480 	 4130 	 0.858211 	 0.00452977	0.0094635
3480 	 4135 	 0.858212 	 0.00453077	0.00946561
3480 	 4140 	 0.858214 	 0.00453178	0.00946772
3480 	 4145 	 0.858216 	 0.00453279	0.00946982
3480 	 4150 	 0.858218 	 0.00453379	0.00947192
3480 	 4155 	 0.858219 	 0.0045348	0.00947402
3480 	 4160 	 0.858221 	 0.0045358	0.00947611
3480 	 4165 	 0.858223 	 0.0045368	0.00947819
3480 	 4170 	 0.858224 	 0.00453779	0.00948028
3480 	 4175 	 0.858226 	 0.00453879	0.00948236
3480 	 4180 	 0.858228 	 0.00453978	0.00948444
3480 	 4185 	 0.85823 	 0.00454078	0.00948651
3480 	 4190 	 0.858231 	 0.00454177	0.00948858
3480 	 4195 	 0.858233 	 0.00454276	0.00949064
3480 	 4200 	 0.858235 	 0.00454374	0.00949271
3480 	 4205 	 0.858236 	 0.00454473	0.00949477
3480 	 4210 	 0.858238 	 0.00454571	0.00949682
3480 	 4215 	 0.85824 	 0.00454669	0.00949887
3480 	 4220 	 0.858241 	 0.00454767	0.00950092
3480 	 4225 	 0.858243 	 0.00454865	0.00950297
3480 	 4230 	 0.858245 	 0.00454963	0.00950501
3480 	 4235 	 0.858246 	 0.00455061	0.00950705
3480 	 4240 	 0.858248 	 0.00455158	0.00950908
3480 	 4245 	 0.85825 	 0.00455255	0.00951111
3480 	 4250 	 0.858251 	 0.00455352	0.00951314
3480 	 4255 	 0.858253 	 0.00455449	0.00951516
3480 	 4260 	 0.858254 	 0.00455546	0.00951718
3480 	 4265 	 0.858256 	 0.00455642	0.0095192
3480 	 4270 	 0.858258 	 0.00455739	0.00952121
3480 	 4275 	 0.858259 	 0.00455835	0.00952322
3480 	 4280 	 0.858261 	 0.00455931	0.00952523
3480 	 4285 	 0.858263 	 0.00456027	0.00952723
3480 	 4290 	 0.858264 	 0.00456123	0.00952923
3480 	 4295 	 0.858266 	 0.00456218	0.00953123
3480 	 4300 	 0.858267 	 0.00456314	0.00953322
3480 	 4305 	 0.858269 	 0.00456409	0.00953521
3480 	 4310 	 0.858271 	 0.00456504	0.0095372
3480 	 4315 	 0.858272 	 0.00456599	0.00953918
3480 	 4320 	 0.858274 	 0.00456694	0.00954116
3480 	 4325 	 0.858275 	 0.00456788	0.00954314
3480 	 4330 	 0.858277 	 0.00456883	0.00954511
3480 	 4335 	 0.858279 	 0.00456977	0.00954708
3480 	 4340 	 0.85828 	 0.00457071	0.00954905
3480 	 4345 	 0.858282 	 0.00457165	0.00955101
3480 	 4350 	 0.858283 	 0.00457259	0.00955297
3480 	 4355 	 0.858285 	 0.00457353	0.00955493
3480 	 4360 	 0.858286 	 0.00457446	0.00955689
3480 	 4365 	 0.858288 	 0.0045754	0.00955884
3480 	 4370 	 0.85829 	 0.00457633	0.00956078
3480 	 4375 	 0.858291 	 0.00457726	0.00956273
3480 	 4380 	 0.858293 	 0.00457819	0.00956467
3480 	 4385 	 0.858294 	 0.00457911	0.00956661
3480 	 4390 	 0.858296 	 0.00458004	0.00956854
3480 	 4395 	 0.858297 	 0.00458097	0.00957047
3480 	 4400 	 0.858299 	 0.00458189	0.0095724
3480 	 4405 	 0.8583 	 0.00458281	0.00957432
3480 	 4410 	 0.858302 	 0.00458373	0.00957624
3480 	 4415 	 0.858303 	 0.00458465	0.00957816
3480 	 4420 	 0.858305 	 0.00458556	0.00958008
3480 	 4425 	 0.858307 	 0.00458648	0.00958199
3480 	 4430 	 0.858308 	 0.00458739	0.0095839
3480 	 4435 	 0.85831 	 0.00458831	0.00958581
3480 	 4440 	 0.858311 	 0.00458922	0.00958771
3480 	 4445 	 0.858313 	 0.00459013	0.00958961
3480 	 4450 	 0.858314 	 0.00459103	0.0095915
3480 	 4455 	 0.858316 	 0.00459194	0.0095934
3480 	 4460 	 0.858317 	 0.00459284	0.00959529
3480 	 4465 	 0.858319 	 0.00459375	0.00959717
3480 	 4470 	 0.85832 	 0.00459465	0.00959906
3480 	 4475 	 0.858322 	 0.00459555	0.00960094
3480 	 4480 	 0.858323 	 0.00459645	0.00960282
3480 	 4485 	 0.858325 	 0.00459735	0.00960469
3480 	 4490 	 0.858326 	 0.00459824	0.00960657
3480 	 4495 	 0.858328 	 0.00459914	0.00960843
3480 	 4500 	 0.858329 	 0.00460003	0.0096103
3480 	 4505 	 0.85833 	 0.00460092	0.00961216
3480 	 4510 	 0.858332 	 0.00460181	0.00961402
3480 	 4515 	 0.858333 	 0.0046027	0.00961588
3480 	 4520 	 0.858335 	 0.00460359	0.00961773
3480 	 4525 	 0.858336 	 0.00460447	0.00961958
3480 	 4530 	 0.858338 	 0.00460536	0.00962143
3480 	 4535 	 0.858339 	 0.00460624	0.00962328
3480 	 4540 	 0.858341 	 0.00460712	0.00962512
3480 	 4545 	 0.858342 	 0.004608	0.00962696
3480 	 4550 	 0.858344 	 0.00460888	0.00962879
3480 	 4555 	 0.858345 	 0.00460976	0.00963063
3480 	 4560 	 0.858347 	 0.00461064	0.00963246
3480 	 4565 	 0.858348 	 0.00461151	0.00963428
3480 	 4570 	 0.858349 	 0.00461238	0.00963611
3480 	 4575 	 0.858351 	 0.00461325	0.00963793
3480 	 4580 	 0.858352 	 0.00461413	0.00963975
3480 	 4585 	 0.858354 	 0.00461499	0.00964156
3480 	 4590 	 0.858355 	 0.00461586	0.00964338
3480 	 4595 	 0.858357 	 0.00461673	0.00964519
3480 	 4600 	 0.858358 	 0.00461759	0.00964699
3480 	 4605 	 0.858359 	 0.00461846	0.0096488
3480 	 4610 	 0.858361 	 0.00461932	0.0096506
3480 	 4615 	 0.858362 	 0.00462018	0.0096524
3480 	 4620 	 0.858364 	 0.00462104	0.00965419
3480 	 4625 	 0.858365 	 0.0046219	0.00965598
3480 	 4630 	 0.858366 	 0.00462275	0.00965777
3480 	 4635 	 0.858368 	 0.00462361	0.00965956
3480 	 4640 	 0.858369 	 0.00462446	0.00966135
3480 	 4645 	 0.858371 	 0.00462532	0.00966313
3480 	 4650 	 0.858372 	 0.00462617	0.00966491
3480 	 4655 	 0.858373 	 0.00462702	0.00966668
3480 	 4660 	 0.858375 	 0.00462787	0.00966845
3480 	 4665 	 0.858376 	 0.00462871	0.00967023
3480 	 4670 	 0.858378 	 0.00462956	0.00967199
3480 	 4675 	 0.858379 	 0.0046304	0.00967376
3480 	 4680 	 0.85838 	 0.00463125	0.00967552
3480 	 4685 	 0.858382 	 0.00463209	0.00967728
3480 	 4690 	 0.858383 	 0.00463293	0.00967903
3480 	 4695 	 0.858384 	 0.00463377	0.00968079
3480 	 4700 	 0.858386 	 0.00463461	0.00968254
3480 	 4705 	 0.858387 	 0.00463544	0.00968429
3480 	 4710 	 0.858388 	 0.00463628	0.00968603
3480 	 4715 	 0.85839 	 0.00463711	0.00968778
3480 	 4720 	 0.858391 	 0.00463795	0.00968952
3480 	 4725 	 0.858393 	 0.00463878	0.00969125
3480 	 4730 	 0.858394 	 0.00463961	0.00969299
3480 	 4735 	 0.858395 	 0.00464044	0.00969472
3480 	 4740 	 0.858397 	 0.00464127	0.00969645
3480 	 4745 	 0.858398 	 0.00464209	0.00969818
3480 	 4750 	 0.858399 	 0.00464292	0.0096999
3480 	 4755 	 0.858401 	 0.00464374	0.00970162
3480 	 4760 	 0.858402 	 0.00464456	0.00970334
3480 	 4765 	 0.858403 	 0.00464539	0.00970506
3480 	 4770 	 0.858405 	 0.00464621	0.00970677
3480 	 4775 	 0.858406 	 0.00464702	0.00970848
3480 	 4780 	 0.858407 	 0.00464784	0.00971019
3480 	 4785 	 0.858409 	 0.00464866	0.00971189
3480 	 4790 	 0.85841 	 0.00464947	0.0097136
3480 	 4795 	 0.858411 	 0.00465029	0.0097153
3480 	 4800 	 0.858412 	 0.0046511	0.009717
3480 	 4805 	 0.858414 	 0.00465191	0.00971869
3480 	 4810 	 0.858415 	 0.00465272	0.00972038
3480 	 4815 	 0.858416 	 0.00465353	0.00972207
3480 	 4820 	 0.858418 	 0.00465434	0.00972376
3480 	 4825 	 0.858419 	 0.00465514	0.00972545
3480 	 4830 	 0.85842 	 0.00465595	0.00972713
3480 	 4835 	 0.858422 	 0.00465675	0.00972881
3480 	 4840 	 0.858423 	 0.00465756	0.00973048
3480 	 4845 	 0.858424 	 0.00465836	0.00973216
3480 	 4850 	 0.858425 	 0.00465916	0.00973383
3480 	 4855 	 0.858427 	 0.00465996	0.0097355
3480 	 4860 	 0.858428 	 0.00466076	0.00973717
3480 	 4865 	 0.858429 	 0.00466155	0.00973883
3480 	 4870 	 0.858431 	 0.00466235	0.00974049
3480 	 4875 	 0.858432 	 0.00466314	0.00974215
3480 	 4880 	 0.858433 	 0.00466394	0.00974381
3480 	 4885 	 0.858434 	 0.00466473	0.00974547
3480 	 4890 	 0.858436 	 0.00466552	0.00974712
3480 	 4895 	 0.858437 	 0.00466631	0.00974877
3480 	 4900 	 0.858438 	 0.0046671	0.00975041
3480 	 4905 	 0.858439 	 0.00466788	0.00975206
3480 	 4910 	 0.858441 	 0.00466867	0.0097537
3480 	 4915 	 0.858442 	 0.00466945	0.00975534
3480 	 4920 	 0.858443 	 0.00467024	0.00975698
3480 	 4925 	 0.858444 	 0.00467102	0.00975861
3480 	 4930 	 0.858446 	 0.0046718	0.00976025
3480 	 4935 	 0.858447 	 0.00467258	0.00976188
3480 	 4940 	 0.858448 	 0.00467336	0.0097635
3480 	 4945 	 0.858449 	 0.00467414	0.00976513
3480 	 4950 	 0.858451 	 0.00467492	0.00976675
3480 	 4955 	 0.858452 	 0.00467569	0.00976837
3480 	 4960 	 0.858453 	 0.00467647	0.00976999
3480 	 4965 	 0.858454 	 0.00467724	0.0097716
3480 	 4970 	 0.858456 	 0.00467801	0.00977322
3480 	 4975 	 0.858457 	 0.00467878	0.00977483
3480 	 4980 	 0.858458 	 0.00467955	0.00977644
3480 	 4985 	 0.858459 	 0.00468032	0.00977804
3480 	 4990 	 0.858461 	 0.00468109	0.00977965
3480 	 4995 	 0.858462 	 0.00468185	0.00978125
3480 	 5000 	 0.858463 	 0.00468262	0.00978285
