3025 	 5 	 0.734597 	 0.00295529 	 0.00615418
3025 	 10 	 0.734598 	 0.00295517 	 0.00615393
3025 	 15 	 0.734598 	 0.00295421 	 0.00615194
3025 	 20 	 0.734603 	 0.00294678 	 0.00613646
3025 	 25 	 0.734651 	 0.00289591 	 0.00603054
3025 	 30 	 0.735111 	 0.00273366 	 0.00569264
3025 	 35 	 0.73931 	 0.004597 	 0.00957294
3025 	 40 	 0.764694 	 0.00252314 	 0.00525425
3025 	 45 	 0.803055 	 0.00987492 	 0.0205638
3025 	 50 	 0.813994 	 0.00241747 	 0.00503422
3025 	 55 	 0.816089 	 0.00181174 	 0.00377282
3025 	 60 	 0.817082 	 0.00184665 	 0.00384552
3025 	 65 	 0.817941 	 0.00173379 	 0.0036105
3025 	 70 	 0.818767 	 0.00160872 	 0.00335004
3025 	 75 	 0.819571 	 0.00149492 	 0.00311308
3025 	 80 	 0.820355 	 0.00139584 	 0.00290673
3025 	 85 	 0.82112 	 0.00131219 	 0.00273254
3025 	 90 	 0.821865 	 0.00124423 	 0.00259103
3025 	 95 	 0.822593 	 0.00119191 	 0.00248206
3025 	 100 	 0.823302 	 0.00115477 	 0.00240472
3025 	 105 	 0.823993 	 0.00113194 	 0.00235719
3025 	 110 	 0.824667 	 0.00112216 	 0.00233681
3025 	 115 	 0.825325 	 0.00112382 	 0.00234028
3025 	 120 	 0.825966 	 0.00113517 	 0.00236392
3025 	 125 	 0.826591 	 0.00115441 	 0.00240398
3025 	 130 	 0.827201 	 0.00117983 	 0.00245692
3025 	 135 	 0.827795 	 0.0012099 	 0.00251954
3025 	 140 	 0.828375 	 0.00124329 	 0.00258906
3025 	 145 	 0.82894 	 0.00127887 	 0.00266317
3025 	 150 	 0.829491 	 0.00131575 	 0.00273995
3025 	 155 	 0.830029 	 0.00135318 	 0.0028179
3025 	 160 	 0.830553 	 0.00139059 	 0.0028958
3025 	 165 	 0.831064 	 0.00142752 	 0.00297271
3025 	 170 	 0.831563 	 0.00146363 	 0.0030479
3025 	 175 	 0.832049 	 0.00149865 	 0.00312084
3025 	 180 	 0.832523 	 0.0015324 	 0.00319111
3025 	 185 	 0.832985 	 0.00156472 	 0.00325842
3025 	 190 	 0.833436 	 0.00159553 	 0.00332258
3025 	 195 	 0.833875 	 0.00162476 	 0.00338346
3025 	 200 	 0.834304 	 0.00165239 	 0.00344098
3025 	 205 	 0.834722 	 0.00167838 	 0.00349512
3025 	 210 	 0.835129 	 0.00170277 	 0.00354589
3025 	 215 	 0.835527 	 0.00172555 	 0.00359334
3025 	 220 	 0.835914 	 0.00174677 	 0.00363752
3025 	 225 	 0.836292 	 0.00176646 	 0.00367852
3025 	 230 	 0.836661 	 0.00178466 	 0.00371644
3025 	 235 	 0.83702 	 0.00180144 	 0.00375137
3025 	 240 	 0.83737 	 0.00181684 	 0.00378343
3025 	 245 	 0.837712 	 0.00183091 	 0.00381274
3025 	 250 	 0.838045 	 0.00184372 	 0.00383942
3025 	 255 	 0.83837 	 0.00185533 	 0.0038636
3025 	 260 	 0.838687 	 0.0018658 	 0.0038854
3025 	 265 	 0.838996 	 0.00187519 	 0.00390494
3025 	 270 	 0.839297 	 0.00188355 	 0.00392236
3025 	 275 	 0.839591 	 0.00189095 	 0.00393778
3025 	 280 	 0.839878 	 0.00189746 	 0.00395132
3025 	 285 	 0.840157 	 0.00190312 	 0.0039631
3025 	 290 	 0.84043 	 0.00190799 	 0.00397325
3025 	 295 	 0.840695 	 0.00191213 	 0.00398188
3025 	 300 	 0.840954 	 0.0019156 	 0.00398909
3025 	 305 	 0.841207 	 0.00191844 	 0.00399501
3025 	 310 	 0.841453 	 0.00192071 	 0.00399974
3025 	 315 	 0.841694 	 0.00192246 	 0.00400338
3025 	 320 	 0.841928 	 0.00192373 	 0.00400604
3025 	 325 	 0.842156 	 0.00192458 	 0.0040078
3025 	 330 	 0.842379 	 0.00192504 	 0.00400876
3025 	 335 	 0.842596 	 0.00192517 	 0.00400902
3025 	 340 	 0.842808 	 0.00192499 	 0.00400866
3025 	 345 	 0.843015 	 0.00192456 	 0.00400775
3025 	 350 	 0.843216 	 0.0019239 	 0.00400639
3025 	 355 	 0.843413 	 0.00192306 	 0.00400463
3025 	 360 	 0.843604 	 0.00192207 	 0.00400257
3025 	 365 	 0.843791 	 0.00192095 	 0.00400025
3025 	 370 	 0.843973 	 0.00191975 	 0.00399775
3025 	 375 	 0.844151 	 0.00191849 	 0.00399512
3025 	 380 	 0.844324 	 0.0019172 	 0.00399243
3025 	 385 	 0.844493 	 0.0019159 	 0.00398973
3025 	 390 	 0.844658 	 0.00191462 	 0.00398706
3025 	 395 	 0.844818 	 0.00191338 	 0.00398448
3025 	 400 	 0.844975 	 0.0019122 	 0.00398202
3025 	 405 	 0.845128 	 0.0019111 	 0.00397974
3025 	 410 	 0.845276 	 0.0019101 	 0.00397766
3025 	 415 	 0.845422 	 0.00190922 	 0.00397582
3025 	 420 	 0.845563 	 0.00190847 	 0.00397425
3025 	 425 	 0.845701 	 0.00190786 	 0.00397298
3025 	 430 	 0.845836 	 0.0019074 	 0.00397204
3025 	 435 	 0.845967 	 0.00190712 	 0.00397144
3025 	 440 	 0.846095 	 0.00190701 	 0.00397121
3025 	 445 	 0.84622 	 0.00190709 	 0.00397137
3025 	 450 	 0.846342 	 0.00190736 	 0.00397193
3025 	 455 	 0.846461 	 0.00190782 	 0.00397291
3025 	 460 	 0.846577 	 0.0019085 	 0.00397431
3025 	 465 	 0.846689 	 0.00190938 	 0.00397615
3025 	 470 	 0.8468 	 0.00191047 	 0.00397843
3025 	 475 	 0.846907 	 0.00191178 	 0.00398115
3025 	 480 	 0.847012 	 0.0019133 	 0.00398432
3025 	 485 	 0.847114 	 0.00191504 	 0.00398794
3025 	 490 	 0.847213 	 0.001917 	 0.00399202
3025 	 495 	 0.84731 	 0.00191917 	 0.00399654
3025 	 500 	 0.847405 	 0.00192155 	 0.0040015
3025 	 505 	 0.847497 	 0.00192415 	 0.00400691
3025 	 510 	 0.847587 	 0.00192695 	 0.00401275
3025 	 515 	 0.847675 	 0.00192996 	 0.00401901
3025 	 520 	 0.847761 	 0.00193317 	 0.0040257
3025 	 525 	 0.847844 	 0.00193658 	 0.0040328
3025 	 530 	 0.847926 	 0.00194018 	 0.0040403
3025 	 535 	 0.848005 	 0.00194397 	 0.00404819
3025 	 540 	 0.848082 	 0.00194794 	 0.00405646
3025 	 545 	 0.848158 	 0.00195209 	 0.0040651
3025 	 550 	 0.848232 	 0.00195641 	 0.00407409
3025 	 555 	 0.848303 	 0.0019609 	 0.00408343
3025 	 560 	 0.848373 	 0.00196554 	 0.0040931
3025 	 565 	 0.848442 	 0.00197034 	 0.00410309
3025 	 570 	 0.848508 	 0.00197528 	 0.00411338
3025 	 575 	 0.848573 	 0.00198036 	 0.00412396
3025 	 580 	 0.848636 	 0.00198558 	 0.00413483
3025 	 585 	 0.848698 	 0.00199092 	 0.00414595
3025 	 590 	 0.848758 	 0.00199638 	 0.00415732
3025 	 595 	 0.848817 	 0.00200196 	 0.00416893
3025 	 600 	 0.848874 	 0.00200764 	 0.00418076
3025 	 605 	 0.84893 	 0.00201342 	 0.0041928
3025 	 610 	 0.848984 	 0.00201929 	 0.00420504
3025 	 615 	 0.849037 	 0.00202526 	 0.00421746
3025 	 620 	 0.849089 	 0.0020313 	 0.00423004
3025 	 625 	 0.84914 	 0.00203742 	 0.00424278
3025 	 630 	 0.849189 	 0.00204361 	 0.00425566
3025 	 635 	 0.849237 	 0.00204985 	 0.00426868
3025 	 640 	 0.849284 	 0.00205616 	 0.00428181
3025 	 645 	 0.849329 	 0.00206252 	 0.00429504
3025 	 650 	 0.849374 	 0.00206892 	 0.00430838
3025 	 655 	 0.849417 	 0.00207536 	 0.00432179
3025 	 660 	 0.849459 	 0.00208184 	 0.00433528
3025 	 665 	 0.849501 	 0.00208834 	 0.00434882
3025 	 670 	 0.849541 	 0.00209487 	 0.00436242
3025 	 675 	 0.84958 	 0.00210142 	 0.00437606
3025 	 680 	 0.849618 	 0.00210798 	 0.00438973
3025 	 685 	 0.849656 	 0.00211456 	 0.00440342
3025 	 690 	 0.849692 	 0.00212114 	 0.00441712
3025 	 695 	 0.849728 	 0.00212772 	 0.00443083
3025 	 700 	 0.849762 	 0.0021343 	 0.00444453
3025 	 705 	 0.849796 	 0.00214087 	 0.00445822
3025 	 710 	 0.849829 	 0.00214744 	 0.00447189
3025 	 715 	 0.849861 	 0.00215399 	 0.00448553
3025 	 720 	 0.849892 	 0.00216052 	 0.00449914
3025 	 725 	 0.849923 	 0.00216704 	 0.0045127
3025 	 730 	 0.849952 	 0.00217353 	 0.00452622
3025 	 735 	 0.849981 	 0.00217999 	 0.00453968
3025 	 740 	 0.85001 	 0.00218643 	 0.00455309
3025 	 745 	 0.850037 	 0.00219283 	 0.00456642
3025 	 750 	 0.850064 	 0.0021992 	 0.00457969
3025 	 755 	 0.85009 	 0.00220554 	 0.00459288
3025 	 760 	 0.850116 	 0.00221183 	 0.00460598
3025 	 765 	 0.850141 	 0.00221809 	 0.00461901
3025 	 770 	 0.850165 	 0.0022243 	 0.00463194
3025 	 775 	 0.850189 	 0.00223046 	 0.00464478
3025 	 780 	 0.850212 	 0.00223658 	 0.00465753
3025 	 785 	 0.850235 	 0.00224265 	 0.00467017
3025 	 790 	 0.850257 	 0.00224867 	 0.00468271
3025 	 795 	 0.850278 	 0.00225464 	 0.00469514
3025 	 800 	 0.850299 	 0.00226056 	 0.00470746
3025 	 805 	 0.850319 	 0.00226642 	 0.00471967
3025 	 810 	 0.850339 	 0.00227223 	 0.00473176
3025 	 815 	 0.850359 	 0.00227798 	 0.00474374
3025 	 820 	 0.850378 	 0.00228368 	 0.0047556
3025 	 825 	 0.850396 	 0.00228931 	 0.00476734
3025 	 830 	 0.850414 	 0.00229489 	 0.00477895
3025 	 835 	 0.850432 	 0.00230041 	 0.00479044
3025 	 840 	 0.850449 	 0.00230587 	 0.00480181
3025 	 845 	 0.850465 	 0.00231126 	 0.00481304
3025 	 850 	 0.850482 	 0.0023166 	 0.00482415
3025 	 855 	 0.850497 	 0.00232187 	 0.00483513
3025 	 860 	 0.850513 	 0.00232708 	 0.00484599
3025 	 865 	 0.850528 	 0.00233223 	 0.00485671
3025 	 870 	 0.850543 	 0.00233732 	 0.0048673
3025 	 875 	 0.850557 	 0.00234234 	 0.00487775
3025 	 880 	 0.850571 	 0.0023473 	 0.00488808
3025 	 885 	 0.850585 	 0.00235219 	 0.00489827
3025 	 890 	 0.850598 	 0.00235702 	 0.00490834
3025 	 895 	 0.850611 	 0.00236179 	 0.00491827
3025 	 900 	 0.850624 	 0.0023665 	 0.00492806
3025 	 905 	 0.850636 	 0.00237114 	 0.00493773
3025 	 910 	 0.850648 	 0.00237572 	 0.00494726
3025 	 915 	 0.85066 	 0.00238023 	 0.00495667
3025 	 920 	 0.850671 	 0.00238468 	 0.00496594
3025 	 925 	 0.850682 	 0.00238907 	 0.00497508
3025 	 930 	 0.850693 	 0.0023934 	 0.00498409
3025 	 935 	 0.850704 	 0.00239766 	 0.00499297
3025 	 940 	 0.850714 	 0.00240187 	 0.00500172
3025 	 945 	 0.850724 	 0.00240601 	 0.00501034
3025 	 950 	 0.850734 	 0.00241009 	 0.00501884
3025 	 955 	 0.850743 	 0.00241411 	 0.00502721
3025 	 960 	 0.850753 	 0.00241807 	 0.00503545
3025 	 965 	 0.850762 	 0.00242196 	 0.00504357
3025 	 970 	 0.850771 	 0.0024258 	 0.00505156
3025 	 975 	 0.85078 	 0.00242958 	 0.00505943
3025 	 980 	 0.850788 	 0.0024333 	 0.00506718
3025 	 985 	 0.850796 	 0.00243696 	 0.00507481
3025 	 990 	 0.850804 	 0.00244057 	 0.00508232
3025 	 995 	 0.850812 	 0.00244412 	 0.0050897
3025 	 1000 	 0.85082 	 0.00244761 	 0.00509697
3025 	 1005 	 0.850827 	 0.00245104 	 0.00510413
3025 	 1010 	 0.850834 	 0.00245442 	 0.00511116
3025 	 1015 	 0.850842 	 0.00245775 	 0.00511809
3025 	 1020 	 0.850848 	 0.00246102 	 0.0051249
3025 	 1025 	 0.850855 	 0.00246423 	 0.00513159
3025 	 1030 	 0.850862 	 0.0024674 	 0.00513818
3025 	 1035 	 0.850868 	 0.00247051 	 0.00514466
3025 	 1040 	 0.850874 	 0.00247357 	 0.00515103
3025 	 1045 	 0.85088 	 0.00247657 	 0.00515729
3025 	 1050 	 0.850886 	 0.00247953 	 0.00516344
3025 	 1055 	 0.850892 	 0.00248243 	 0.00516949
3025 	 1060 	 0.850898 	 0.00248529 	 0.00517544
3025 	 1065 	 0.850903 	 0.0024881 	 0.00518129
3025 	 1070 	 0.850909 	 0.00249086 	 0.00518703
3025 	 1075 	 0.850914 	 0.00249357 	 0.00519268
3025 	 1080 	 0.850919 	 0.00249623 	 0.00519823
3025 	 1085 	 0.850924 	 0.00249885 	 0.00520368
3025 	 1090 	 0.850929 	 0.00250142 	 0.00520903
3025 	 1095 	 0.850934 	 0.00250395 	 0.00521429
3025 	 1100 	 0.850938 	 0.00250643 	 0.00521946
3025 	 1105 	 0.850943 	 0.00250887 	 0.00522454
3025 	 1110 	 0.850947 	 0.00251126 	 0.00522952
3025 	 1115 	 0.850951 	 0.00251361 	 0.00523442
3025 	 1120 	 0.850956 	 0.00251592 	 0.00523923
3025 	 1125 	 0.85096 	 0.00251819 	 0.00524395
3025 	 1130 	 0.850964 	 0.00252041 	 0.00524859
3025 	 1135 	 0.850968 	 0.0025226 	 0.00525314
3025 	 1140 	 0.850971 	 0.00252475 	 0.00525761
3025 	 1145 	 0.850975 	 0.00252685 	 0.005262
3025 	 1150 	 0.850979 	 0.00252892 	 0.0052663
3025 	 1155 	 0.850982 	 0.00253095 	 0.00527053
3025 	 1160 	 0.850986 	 0.00253295 	 0.00527468
3025 	 1165 	 0.850989 	 0.0025349 	 0.00527876
3025 	 1170 	 0.850992 	 0.00253682 	 0.00528276
3025 	 1175 	 0.850995 	 0.00253871 	 0.00528668
3025 	 1180 	 0.850998 	 0.00254056 	 0.00529053
3025 	 1185 	 0.851001 	 0.00254237 	 0.00529431
3025 	 1190 	 0.851004 	 0.00254415 	 0.00529802
3025 	 1195 	 0.851007 	 0.0025459 	 0.00530166
3025 	 1200 	 0.85101 	 0.00254761 	 0.00530523
3025 	 1205 	 0.851013 	 0.0025493 	 0.00530873
3025 	 1210 	 0.851015 	 0.00255095 	 0.00531217
3025 	 1215 	 0.851018 	 0.00255256 	 0.00531554
3025 	 1220 	 0.85102 	 0.00255415 	 0.00531884
3025 	 1225 	 0.851023 	 0.00255571 	 0.00532209
3025 	 1230 	 0.851025 	 0.00255724 	 0.00532527
3025 	 1235 	 0.851028 	 0.00255874 	 0.00532839
3025 	 1240 	 0.85103 	 0.00256021 	 0.00533145
3025 	 1245 	 0.851032 	 0.00256165 	 0.00533445
3025 	 1250 	 0.851034 	 0.00256306 	 0.00533739
3025 	 1255 	 0.851036 	 0.00256445 	 0.00534028
3025 	 1260 	 0.851039 	 0.00256581 	 0.00534311
3025 	 1265 	 0.851041 	 0.00256714 	 0.00534589
3025 	 1270 	 0.851043 	 0.00256845 	 0.00534861
3025 	 1275 	 0.851044 	 0.00256973 	 0.00535128
3025 	 1280 	 0.851046 	 0.00257098 	 0.00535389
3025 	 1285 	 0.851048 	 0.00257222 	 0.00535646
3025 	 1290 	 0.85105 	 0.00257342 	 0.00535897
3025 	 1295 	 0.851052 	 0.00257461 	 0.00536144
3025 	 1300 	 0.851053 	 0.00257577 	 0.00536385
3025 	 1305 	 0.851055 	 0.0025769 	 0.00536622
3025 	 1310 	 0.851057 	 0.00257802 	 0.00536855
3025 	 1315 	 0.851058 	 0.00257911 	 0.00537082
3025 	 1320 	 0.85106 	 0.00258018 	 0.00537305
3025 	 1325 	 0.851061 	 0.00258123 	 0.00537524
3025 	 1330 	 0.851063 	 0.00258226 	 0.00537738
3025 	 1335 	 0.851064 	 0.00258327 	 0.00537948
3025 	 1340 	 0.851065 	 0.00258426 	 0.00538154
3025 	 1345 	 0.851067 	 0.00258523 	 0.00538356
3025 	 1350 	 0.851068 	 0.00258618 	 0.00538554
3025 	 1355 	 0.851069 	 0.00258711 	 0.00538747
3025 	 1360 	 0.851071 	 0.00258802 	 0.00538937
3025 	 1365 	 0.851072 	 0.00258891 	 0.00539123
3025 	 1370 	 0.851073 	 0.00258979 	 0.00539305
3025 	 1375 	 0.851074 	 0.00259065 	 0.00539484
3025 	 1380 	 0.851075 	 0.00259149 	 0.00539659
3025 	 1385 	 0.851076 	 0.00259231 	 0.0053983
3025 	 1390 	 0.851077 	 0.00259312 	 0.00539998
3025 	 1395 	 0.851078 	 0.00259391 	 0.00540163
3025 	 1400 	 0.85108 	 0.00259468 	 0.00540324
3025 	 1405 	 0.85108 	 0.00259544 	 0.00540482
3025 	 1410 	 0.851081 	 0.00259618 	 0.00540637
3025 	 1415 	 0.851082 	 0.00259691 	 0.00540788
3025 	 1420 	 0.851083 	 0.00259762 	 0.00540937
3025 	 1425 	 0.851084 	 0.00259832 	 0.00541082
3025 	 1430 	 0.851085 	 0.002599 	 0.00541224
3025 	 1435 	 0.851086 	 0.00259967 	 0.00541364
3025 	 1440 	 0.851087 	 0.00260033 	 0.005415
3025 	 1445 	 0.851088 	 0.00260097 	 0.00541634
3025 	 1450 	 0.851088 	 0.0026016 	 0.00541765
3025 	 1455 	 0.851089 	 0.00260222 	 0.00541894
3025 	 1460 	 0.85109 	 0.00260282 	 0.00542019
3025 	 1465 	 0.851091 	 0.00260341 	 0.00542143
3025 	 1470 	 0.851091 	 0.00260399 	 0.00542263
3025 	 1475 	 0.851092 	 0.00260456 	 0.00542381
3025 	 1480 	 0.851093 	 0.00260511 	 0.00542497
3025 	 1485 	 0.851093 	 0.00260566 	 0.0054261
3025 	 1490 	 0.851094 	 0.00260619 	 0.00542721
3025 	 1495 	 0.851095 	 0.00260671 	 0.00542829
3025 	 1500 	 0.851095 	 0.00260722 	 0.00542936
3025 	 1505 	 0.851096 	 0.00260772 	 0.0054304
3025 	 1510 	 0.851097 	 0.00260821 	 0.00543142
3025 	 1515 	 0.851097 	 0.00260869 	 0.00543241
3025 	 1520 	 0.851098 	 0.00260916 	 0.00543339
3025 	 1525 	 0.851098 	 0.00260962 	 0.00543435
3025 	 1530 	 0.851099 	 0.00261007 	 0.00543528
3025 	 1535 	 0.851099 	 0.00261051 	 0.0054362
3025 	 1540 	 0.8511 	 0.00261094 	 0.0054371
3025 	 1545 	 0.8511 	 0.00261136 	 0.00543798
3025 	 1550 	 0.851101 	 0.00261177 	 0.00543884
3025 	 1555 	 0.851101 	 0.00261218 	 0.00543968
3025 	 1560 	 0.851102 	 0.00261257 	 0.0054405
3025 	 1565 	 0.851102 	 0.00261296 	 0.00544131
3025 	 1570 	 0.851103 	 0.00261334 	 0.0054421
3025 	 1575 	 0.851103 	 0.00261371 	 0.00544287
3025 	 1580 	 0.851103 	 0.00261408 	 0.00544363
3025 	 1585 	 0.851104 	 0.00261443 	 0.00544437
3025 	 1590 	 0.851104 	 0.00261478 	 0.0054451
3025 	 1595 	 0.851105 	 0.00261512 	 0.00544581
3025 	 1600 	 0.851105 	 0.00261545 	 0.0054465
3025 	 1605 	 0.851105 	 0.00261578 	 0.00544718
3025 	 1610 	 0.851106 	 0.0026161 	 0.00544785
3025 	 1615 	 0.851106 	 0.00261641 	 0.0054485
3025 	 1620 	 0.851106 	 0.00261672 	 0.00544913
3025 	 1625 	 0.851107 	 0.00261702 	 0.00544976
3025 	 1630 	 0.851107 	 0.00261731 	 0.00545037
3025 	 1635 	 0.851107 	 0.0026176 	 0.00545097
3025 	 1640 	 0.851108 	 0.00261788 	 0.00545155
3025 	 1645 	 0.851108 	 0.00261815 	 0.00545212
3025 	 1650 	 0.851108 	 0.00261842 	 0.00545268
3025 	 1655 	 0.851108 	 0.00261869 	 0.00545323
3025 	 1660 	 0.851109 	 0.00261894 	 0.00545377
3025 	 1665 	 0.851109 	 0.0026192 	 0.00545429
3025 	 1670 	 0.851109 	 0.00261944 	 0.00545481
3025 	 1675 	 0.85111 	 0.00261968 	 0.00545531
3025 	 1680 	 0.85111 	 0.00261992 	 0.0054558
3025 	 1685 	 0.85111 	 0.00262015 	 0.00545628
3025 	 1690 	 0.85111 	 0.00262038 	 0.00545675
3025 	 1695 	 0.85111 	 0.0026206 	 0.00545721
3025 	 1700 	 0.851111 	 0.00262081 	 0.00545766
3025 	 1705 	 0.851111 	 0.00262103 	 0.0054581
3025 	 1710 	 0.851111 	 0.00262123 	 0.00545853
3025 	 1715 	 0.851111 	 0.00262144 	 0.00545896
3025 	 1720 	 0.851112 	 0.00262163 	 0.00545937
3025 	 1725 	 0.851112 	 0.00262183 	 0.00545977
3025 	 1730 	 0.851112 	 0.00262202 	 0.00546017
3025 	 1735 	 0.851112 	 0.0026222 	 0.00546056
3025 	 1740 	 0.851112 	 0.00262239 	 0.00546093
3025 	 1745 	 0.851112 	 0.00262256 	 0.0054613
3025 	 1750 	 0.851113 	 0.00262274 	 0.00546167
3025 	 1755 	 0.851113 	 0.00262291 	 0.00546202
3025 	 1760 	 0.851113 	 0.00262307 	 0.00546237
3025 	 1765 	 0.851113 	 0.00262324 	 0.00546271
3025 	 1770 	 0.851113 	 0.0026234 	 0.00546304
3025 	 1775 	 0.851113 	 0.00262355 	 0.00546336
3025 	 1780 	 0.851114 	 0.0026237 	 0.00546368
3025 	 1785 	 0.851114 	 0.00262385 	 0.00546399
3025 	 1790 	 0.851114 	 0.002624 	 0.00546429
3025 	 1795 	 0.851114 	 0.00262414 	 0.00546459
3025 	 1800 	 0.851114 	 0.00262428 	 0.00546488
3025 	 1805 	 0.851114 	 0.00262442 	 0.00546516
3025 	 1810 	 0.851114 	 0.00262455 	 0.00546544
3025 	 1815 	 0.851115 	 0.00262468 	 0.00546571
3025 	 1820 	 0.851115 	 0.00262481 	 0.00546598
3025 	 1825 	 0.851115 	 0.00262493 	 0.00546624
3025 	 1830 	 0.851115 	 0.00262506 	 0.0054665
3025 	 1835 	 0.851115 	 0.00262518 	 0.00546674
3025 	 1840 	 0.851115 	 0.00262529 	 0.00546699
3025 	 1845 	 0.851115 	 0.00262541 	 0.00546723
3025 	 1850 	 0.851115 	 0.00262552 	 0.00546746
3025 	 1855 	 0.851115 	 0.00262563 	 0.00546769
3025 	 1860 	 0.851116 	 0.00262573 	 0.00546791
3025 	 1865 	 0.851116 	 0.00262584 	 0.00546813
3025 	 1870 	 0.851116 	 0.00262594 	 0.00546834
3025 	 1875 	 0.851116 	 0.00262604 	 0.00546855
3025 	 1880 	 0.851116 	 0.00262614 	 0.00546875
3025 	 1885 	 0.851116 	 0.00262624 	 0.00546895
3025 	 1890 	 0.851116 	 0.00262633 	 0.00546915
3025 	 1895 	 0.851116 	 0.00262642 	 0.00546934
3025 	 1900 	 0.851116 	 0.00262651 	 0.00546952
3025 	 1905 	 0.851116 	 0.0026266 	 0.0054697
3025 	 1910 	 0.851116 	 0.00262668 	 0.00546988
3025 	 1915 	 0.851117 	 0.00262677 	 0.00547006
3025 	 1920 	 0.851117 	 0.00262685 	 0.00547023
3025 	 1925 	 0.851117 	 0.00262693 	 0.00547039
3025 	 1930 	 0.851117 	 0.00262701 	 0.00547056
3025 	 1935 	 0.851117 	 0.00262708 	 0.00547072
3025 	 1940 	 0.851117 	 0.00262716 	 0.00547087
3025 	 1945 	 0.851117 	 0.00262723 	 0.00547102
3025 	 1950 	 0.851117 	 0.0026273 	 0.00547117
3025 	 1955 	 0.851117 	 0.00262737 	 0.00547132
3025 	 1960 	 0.851117 	 0.00262744 	 0.00547146
3025 	 1965 	 0.851117 	 0.00262751 	 0.0054716
3025 	 1970 	 0.851117 	 0.00262757 	 0.00547174
3025 	 1975 	 0.851117 	 0.00262764 	 0.00547187
3025 	 1980 	 0.851117 	 0.0026277 	 0.005472
3025 	 1985 	 0.851117 	 0.00262776 	 0.00547213
3025 	 1990 	 0.851117 	 0.00262782 	 0.00547225
3025 	 1995 	 0.851118 	 0.00262788 	 0.00547237
3025 	 2000 	 0.851118 	 0.00262794 	 0.00547249
3025 	 2005 	 0.851118 	 0.00262799 	 0.00547261
3025 	 2010 	 0.851118 	 0.00262805 	 0.00547272
3025 	 2015 	 0.851118 	 0.0026281 	 0.00547283
3025 	 2020 	 0.851118 	 0.00262815 	 0.00547294
3025 	 2025 	 0.851118 	 0.0026282 	 0.00547305
3025 	 2030 	 0.851118 	 0.00262825 	 0.00547315
3025 	 2035 	 0.851118 	 0.0026283 	 0.00547325
3025 	 2040 	 0.851118 	 0.00262835 	 0.00547335
3025 	 2045 	 0.851118 	 0.0026284 	 0.00547345
3025 	 2050 	 0.851118 	 0.00262844 	 0.00547354
3025 	 2055 	 0.851118 	 0.00262849 	 0.00547364
3025 	 2060 	 0.851118 	 0.00262853 	 0.00547373
3025 	 2065 	 0.851118 	 0.00262857 	 0.00547381
3025 	 2070 	 0.851118 	 0.00262861 	 0.0054739
3025 	 2075 	 0.851118 	 0.00262865 	 0.00547399
3025 	 2080 	 0.851118 	 0.00262869 	 0.00547407
3025 	 2085 	 0.851118 	 0.00262873 	 0.00547415
3025 	 2090 	 0.851118 	 0.00262877 	 0.00547423
3025 	 2095 	 0.851118 	 0.00262881 	 0.00547431
3025 	 2100 	 0.851118 	 0.00262884 	 0.00547438
3025 	 2105 	 0.851118 	 0.00262888 	 0.00547446
3025 	 2110 	 0.851118 	 0.00262891 	 0.00547453
3025 	 2115 	 0.851118 	 0.00262895 	 0.0054746
3025 	 2120 	 0.851118 	 0.00262898 	 0.00547467
3025 	 2125 	 0.851118 	 0.00262901 	 0.00547473
3025 	 2130 	 0.851119 	 0.00262904 	 0.0054748
3025 	 2135 	 0.851119 	 0.00262908 	 0.00547486
3025 	 2140 	 0.851119 	 0.00262911 	 0.00547493
3025 	 2145 	 0.851119 	 0.00262914 	 0.00547499
3025 	 2150 	 0.851119 	 0.00262916 	 0.00547505
3025 	 2155 	 0.851119 	 0.00262919 	 0.00547511
3025 	 2160 	 0.851119 	 0.00262922 	 0.00547517
3025 	 2165 	 0.851119 	 0.00262925 	 0.00547522
3025 	 2170 	 0.851119 	 0.00262927 	 0.00547528
3025 	 2175 	 0.851119 	 0.0026293 	 0.00547533
3025 	 2180 	 0.851119 	 0.00262932 	 0.00547538
3025 	 2185 	 0.851119 	 0.00262935 	 0.00547543
3025 	 2190 	 0.851119 	 0.00262937 	 0.00547548
3025 	 2195 	 0.851119 	 0.0026294 	 0.00547553
3025 	 2200 	 0.851119 	 0.00262942 	 0.00547558
3025 	 2205 	 0.851119 	 0.00262944 	 0.00547563
3025 	 2210 	 0.851119 	 0.00262946 	 0.00547567
3025 	 2215 	 0.851119 	 0.00262948 	 0.00547572
3025 	 2220 	 0.851119 	 0.00262951 	 0.00547576
3025 	 2225 	 0.851119 	 0.00262953 	 0.0054758
3025 	 2230 	 0.851119 	 0.00262955 	 0.00547585
3025 	 2235 	 0.851119 	 0.00262957 	 0.00547589
3025 	 2240 	 0.851119 	 0.00262958 	 0.00547593
3025 	 2245 	 0.851119 	 0.0026296 	 0.00547596
3025 	 2250 	 0.851119 	 0.00262962 	 0.005476
3025 	 2255 	 0.851119 	 0.00262964 	 0.00547604
3025 	 2260 	 0.851119 	 0.00262966 	 0.00547608
3025 	 2265 	 0.851119 	 0.00262967 	 0.00547611
3025 	 2270 	 0.851119 	 0.00262969 	 0.00547615
3025 	 2275 	 0.851119 	 0.00262971 	 0.00547618
3025 	 2280 	 0.851119 	 0.00262972 	 0.00547621
3025 	 2285 	 0.851119 	 0.00262974 	 0.00547624
3025 	 2290 	 0.851119 	 0.00262975 	 0.00547628
3025 	 2295 	 0.851119 	 0.00262977 	 0.00547631
3025 	 2300 	 0.851119 	 0.00262978 	 0.00547634
3025 	 2305 	 0.851119 	 0.0026298 	 0.00547637
3025 	 2310 	 0.851119 	 0.00262981 	 0.0054764
3025 	 2315 	 0.851119 	 0.00262982 	 0.00547642
3025 	 2320 	 0.851119 	 0.00262984 	 0.00547645
3025 	 2325 	 0.851119 	 0.00262985 	 0.00547648
3025 	 2330 	 0.851119 	 0.00262986 	 0.0054765
3025 	 2335 	 0.851119 	 0.00262987 	 0.00547653
3025 	 2340 	 0.851119 	 0.00262989 	 0.00547655
3025 	 2345 	 0.851119 	 0.0026299 	 0.00547658
3025 	 2350 	 0.851119 	 0.00262991 	 0.0054766
3025 	 2355 	 0.851119 	 0.00262992 	 0.00547663
3025 	 2360 	 0.851119 	 0.00262993 	 0.00547665
3025 	 2365 	 0.851119 	 0.00262994 	 0.00547667
3025 	 2370 	 0.851119 	 0.00262995 	 0.00547669
3025 	 2375 	 0.851119 	 0.00262996 	 0.00547671
3025 	 2380 	 0.851119 	 0.00262997 	 0.00547674
3025 	 2385 	 0.851119 	 0.00262998 	 0.00547676
3025 	 2390 	 0.851119 	 0.00262999 	 0.00547678
3025 	 2395 	 0.851119 	 0.00263 	 0.00547679
3025 	 2400 	 0.851119 	 0.00263001 	 0.00547681
3025 	 2405 	 0.851119 	 0.00263002 	 0.00547683
3025 	 2410 	 0.851119 	 0.00263003 	 0.00547685
3025 	 2415 	 0.851119 	 0.00263004 	 0.00547687
3025 	 2420 	 0.851119 	 0.00263005 	 0.00547689
3025 	 2425 	 0.851119 	 0.00263005 	 0.0054769
3025 	 2430 	 0.851119 	 0.00263006 	 0.00547692
3025 	 2435 	 0.851119 	 0.00263007 	 0.00547693
3025 	 2440 	 0.851119 	 0.00263008 	 0.00547695
3025 	 2445 	 0.851119 	 0.00263008 	 0.00547697
3025 	 2450 	 0.851119 	 0.00263009 	 0.00547698
3025 	 2455 	 0.851119 	 0.0026301 	 0.005477
3025 	 2460 	 0.851119 	 0.00263011 	 0.00547701
3025 	 2465 	 0.851119 	 0.00263011 	 0.00547702
3025 	 2470 	 0.851119 	 0.00263012 	 0.00547704
3025 	 2475 	 0.851119 	 0.00263012 	 0.00547705
3025 	 2480 	 0.851119 	 0.00263013 	 0.00547706
3025 	 2485 	 0.851119 	 0.00263014 	 0.00547708
3025 	 2490 	 0.851119 	 0.00263014 	 0.00547709
3025 	 2495 	 0.851119 	 0.00263015 	 0.0054771
3025 	 2500 	 0.851119 	 0.00263015 	 0.00547711
3025 	 2505 	 0.851119 	 0.00263016 	 0.00547712
3025 	 2510 	 0.851119 	 0.00263017 	 0.00547714
3025 	 2515 	 0.851119 	 0.00263017 	 0.00547715
3025 	 2520 	 0.851119 	 0.00263018 	 0.00547716
3025 	 2525 	 0.851119 	 0.00263018 	 0.00547717
3025 	 2530 	 0.851119 	 0.00263019 	 0.00547718
3025 	 2535 	 0.851119 	 0.00263019 	 0.00547719
3025 	 2540 	 0.851119 	 0.0026302 	 0.0054772
3025 	 2545 	 0.851119 	 0.0026302 	 0.00547721
3025 	 2550 	 0.851119 	 0.0026302 	 0.00547722
3025 	 2555 	 0.851119 	 0.00263021 	 0.00547723
3025 	 2560 	 0.851119 	 0.00263021 	 0.00547723
3025 	 2565 	 0.851119 	 0.00263022 	 0.00547724
3025 	 2570 	 0.851119 	 0.00263022 	 0.00547725
3025 	 2575 	 0.851119 	 0.00263023 	 0.00547726
3025 	 2580 	 0.851119 	 0.00263023 	 0.00547727
3025 	 2585 	 0.851119 	 0.00263023 	 0.00547728
3025 	 2590 	 0.851119 	 0.00263024 	 0.00547728
3025 	 2595 	 0.851119 	 0.00263024 	 0.00547729
3025 	 2600 	 0.851119 	 0.00263024 	 0.0054773
3025 	 2605 	 0.851119 	 0.00263025 	 0.00547731
3025 	 2610 	 0.851119 	 0.00263025 	 0.00547731
3025 	 2615 	 0.851119 	 0.00263025 	 0.00547732
3025 	 2620 	 0.851119 	 0.00263026 	 0.00547733
3025 	 2625 	 0.851119 	 0.00263026 	 0.00547733
3025 	 2630 	 0.851119 	 0.00263026 	 0.00547734
3025 	 2635 	 0.851119 	 0.00263027 	 0.00547735
3025 	 2640 	 0.851119 	 0.00263027 	 0.00547735
3025 	 2645 	 0.851119 	 0.00263027 	 0.00547736
3025 	 2650 	 0.851119 	 0.00263028 	 0.00547736
3025 	 2655 	 0.851119 	 0.00263028 	 0.00547737
3025 	 2660 	 0.851119 	 0.00263028 	 0.00547737
3025 	 2665 	 0.851119 	 0.00263028 	 0.00547738
3025 	 2670 	 0.851119 	 0.00263029 	 0.00547739
3025 	 2675 	 0.851119 	 0.00263029 	 0.00547739
3025 	 2680 	 0.851119 	 0.00263029 	 0.0054774
3025 	 2685 	 0.851119 	 0.00263029 	 0.0054774
3025 	 2690 	 0.851119 	 0.0026303 	 0.00547741
3025 	 2695 	 0.851119 	 0.0026303 	 0.00547741
3025 	 2700 	 0.851119 	 0.0026303 	 0.00547741
3025 	 2705 	 0.851119 	 0.0026303 	 0.00547742
3025 	 2710 	 0.851119 	 0.0026303 	 0.00547742
3025 	 2715 	 0.851119 	 0.00263031 	 0.00547743
3025 	 2720 	 0.851119 	 0.00263031 	 0.00547743
3025 	 2725 	 0.851119 	 0.00263031 	 0.00547744
3025 	 2730 	 0.851119 	 0.00263031 	 0.00547744
3025 	 2735 	 0.851119 	 0.00263031 	 0.00547744
3025 	 2740 	 0.851119 	 0.00263032 	 0.00547745
3025 	 2745 	 0.851119 	 0.00263032 	 0.00547745
3025 	 2750 	 0.851119 	 0.00263032 	 0.00547745
3025 	 2755 	 0.851119 	 0.00263032 	 0.00547746
3025 	 2760 	 0.851119 	 0.00263032 	 0.00547746
3025 	 2765 	 0.851119 	 0.00263032 	 0.00547746
3025 	 2770 	 0.851119 	 0.00263033 	 0.00547747
3025 	 2775 	 0.851119 	 0.00263033 	 0.00547747
3025 	 2780 	 0.851119 	 0.00263033 	 0.00547747
3025 	 2785 	 0.851119 	 0.00263033 	 0.00547748
3025 	 2790 	 0.851119 	 0.00263033 	 0.00547748
3025 	 2795 	 0.851119 	 0.00263033 	 0.00547748
3025 	 2800 	 0.851119 	 0.00263033 	 0.00547749
3025 	 2805 	 0.85112 	 0.00263034 	 0.00547749
3025 	 2810 	 0.85112 	 0.00263034 	 0.00547749
3025 	 2815 	 0.85112 	 0.00263034 	 0.00547749
3025 	 2820 	 0.85112 	 0.00263034 	 0.0054775
3025 	 2825 	 0.85112 	 0.00263034 	 0.0054775
3025 	 2830 	 0.85112 	 0.00263034 	 0.0054775
3025 	 2835 	 0.85112 	 0.00263034 	 0.0054775
3025 	 2840 	 0.85112 	 0.00263034 	 0.00547751
3025 	 2845 	 0.85112 	 0.00263034 	 0.00547751
3025 	 2850 	 0.85112 	 0.00263035 	 0.00547751
3025 	 2855 	 0.85112 	 0.00263035 	 0.00547751
3025 	 2860 	 0.85112 	 0.00263035 	 0.00547752
3025 	 2865 	 0.85112 	 0.00263035 	 0.00547752
3025 	 2870 	 0.85112 	 0.00263035 	 0.00547752
3025 	 2875 	 0.85112 	 0.00263035 	 0.00547752
3025 	 2880 	 0.85112 	 0.00263035 	 0.00547752
3025 	 2885 	 0.85112 	 0.00263035 	 0.00547752
3025 	 2890 	 0.85112 	 0.00263035 	 0.00547753
3025 	 2895 	 0.85112 	 0.00263035 	 0.00547753
3025 	 2900 	 0.85112 	 0.00263036 	 0.00547753
3025 	 2905 	 0.85112 	 0.00263036 	 0.00547753
3025 	 2910 	 0.85112 	 0.00263036 	 0.00547753
3025 	 2915 	 0.85112 	 0.00263036 	 0.00547754
3025 	 2920 	 0.85112 	 0.00263036 	 0.00547754
3025 	 2925 	 0.85112 	 0.00263036 	 0.00547754
3025 	 2930 	 0.85112 	 0.00263036 	 0.00547754
3025 	 2935 	 0.85112 	 0.00263036 	 0.00547754
3025 	 2940 	 0.85112 	 0.00263036 	 0.00547754
3025 	 2945 	 0.85112 	 0.00263036 	 0.00547754
3025 	 2950 	 0.85112 	 0.00263036 	 0.00547755
3025 	 2955 	 0.85112 	 0.00263036 	 0.00547755
3025 	 2960 	 0.85112 	 0.00263036 	 0.00547755
3025 	 2965 	 0.85112 	 0.00263036 	 0.00547755
3025 	 2970 	 0.85112 	 0.00263037 	 0.00547755
3025 	 2975 	 0.85112 	 0.00263037 	 0.00547755
3025 	 2980 	 0.85112 	 0.00263037 	 0.00547755
3025 	 2985 	 0.85112 	 0.00263037 	 0.00547755
3025 	 2990 	 0.85112 	 0.00263037 	 0.00547756
3025 	 2995 	 0.85112 	 0.00263037 	 0.00547756
3025 	 3000 	 0.85112 	 0.00263037 	 0.00547756
3025 	 3005 	 0.85112 	 0.00263037 	 0.00547756
3025 	 3010 	 0.85112 	 0.00263037 	 0.00547756
3025 	 3015 	 0.85112 	 0.00263037 	 0.00547756
3025 	 3020 	 0.85112 	 0.00263037 	 0.00547756
3025 	 3025 	 0.85112 	 0.00263037 	 0.00547756
3025 	 3030 	 0.85112 	 0.00263037 	 0.00547756
3025 	 3035 	 0.85112 	 0.00263037 	 0.00547756
3025 	 3040 	 0.85112 	 0.00263037 	 0.00547757
3025 	 3045 	 0.85112 	 0.00263037 	 0.00547757
3025 	 3050 	 0.85112 	 0.00263037 	 0.00547757
3025 	 3055 	 0.85112 	 0.00263037 	 0.00547757
3025 	 3060 	 0.85112 	 0.00263037 	 0.00547757
3025 	 3065 	 0.85112 	 0.00263037 	 0.00547757
3025 	 3070 	 0.85112 	 0.00263037 	 0.00547757
3025 	 3075 	 0.85112 	 0.00263037 	 0.00547757
3025 	 3080 	 0.85112 	 0.00263037 	 0.00547757
3025 	 3085 	 0.85112 	 0.00263038 	 0.00547757
3025 	 3090 	 0.85112 	 0.00263038 	 0.00547757
3025 	 3095 	 0.85112 	 0.00263038 	 0.00547757
3025 	 3100 	 0.85112 	 0.00263038 	 0.00547757
3025 	 3105 	 0.85112 	 0.00263038 	 0.00547757
3025 	 3110 	 0.85112 	 0.00263038 	 0.00547758
3025 	 3115 	 0.85112 	 0.00263038 	 0.00547758
3025 	 3120 	 0.85112 	 0.00263038 	 0.00547758
3025 	 3125 	 0.85112 	 0.00263038 	 0.00547758
3025 	 3130 	 0.85112 	 0.00263038 	 0.00547758
3025 	 3135 	 0.85112 	 0.00263038 	 0.00547758
3025 	 3140 	 0.85112 	 0.00263038 	 0.00547758
3025 	 3145 	 0.85112 	 0.00263038 	 0.00547758
3025 	 3150 	 0.85112 	 0.00263038 	 0.00547758
3025 	 3155 	 0.85112 	 0.00263038 	 0.00547758
3025 	 3160 	 0.85112 	 0.00263038 	 0.00547758
3025 	 3165 	 0.85112 	 0.00263038 	 0.00547758
3025 	 3170 	 0.85112 	 0.00263038 	 0.00547758
3025 	 3175 	 0.85112 	 0.00263038 	 0.00547758
3025 	 3180 	 0.85112 	 0.00263038 	 0.00547758
3025 	 3185 	 0.85112 	 0.00263038 	 0.00547758
3025 	 3190 	 0.85112 	 0.00263038 	 0.00547758
3025 	 3195 	 0.85112 	 0.00263038 	 0.00547758
3025 	 3200 	 0.85112 	 0.00263038 	 0.00547758
3025 	 3205 	 0.85112 	 0.00263038 	 0.00547758
3025 	 3210 	 0.85112 	 0.00263038 	 0.00547758
3025 	 3215 	 0.85112 	 0.00263038 	 0.00547759
3025 	 3220 	 0.85112 	 0.00263038 	 0.00547759
3025 	 3225 	 0.85112 	 0.00263038 	 0.00547759
3025 	 3230 	 0.85112 	 0.00263038 	 0.00547759
3025 	 3235 	 0.85112 	 0.00263038 	 0.00547759
3025 	 3240 	 0.85112 	 0.00263038 	 0.00547759
3025 	 3245 	 0.85112 	 0.00263038 	 0.00547759
3025 	 3250 	 0.85112 	 0.00263038 	 0.00547759
3025 	 3255 	 0.85112 	 0.00263038 	 0.00547759
3025 	 3260 	 0.85112 	 0.00263038 	 0.00547759
3025 	 3265 	 0.85112 	 0.00263038 	 0.00547759
3025 	 3270 	 0.85112 	 0.00263038 	 0.00547759
3025 	 3275 	 0.85112 	 0.00263038 	 0.00547759
3025 	 3280 	 0.85112 	 0.00263038 	 0.00547759
3025 	 3285 	 0.85112 	 0.00263038 	 0.00547759
3025 	 3290 	 0.85112 	 0.00263038 	 0.00547759
3025 	 3295 	 0.85112 	 0.00263038 	 0.00547759
3025 	 3300 	 0.85112 	 0.00263038 	 0.00547759
3025 	 3305 	 0.85112 	 0.00263038 	 0.00547759
3025 	 3310 	 0.85112 	 0.00263038 	 0.00547759
3025 	 3315 	 0.85112 	 0.00263038 	 0.00547759
3025 	 3320 	 0.85112 	 0.00263038 	 0.00547759
3025 	 3325 	 0.85112 	 0.00263038 	 0.00547759
3025 	 3330 	 0.85112 	 0.00263038 	 0.00547759
3025 	 3335 	 0.85112 	 0.00263038 	 0.00547759
3025 	 3340 	 0.85112 	 0.00263038 	 0.00547759
3025 	 3345 	 0.85112 	 0.00263038 	 0.00547759
3025 	 3350 	 0.85112 	 0.00263038 	 0.00547759
3025 	 3355 	 0.85112 	 0.00263039 	 0.00547759
3025 	 3360 	 0.85112 	 0.00263039 	 0.00547759
3025 	 3365 	 0.85112 	 0.00263039 	 0.00547759
3025 	 3370 	 0.85112 	 0.00263039 	 0.00547759
3025 	 3375 	 0.85112 	 0.00263039 	 0.00547759
3025 	 3380 	 0.85112 	 0.00263039 	 0.00547759
3025 	 3385 	 0.85112 	 0.00263039 	 0.00547759
3025 	 3390 	 0.85112 	 0.00263039 	 0.00547759
3025 	 3395 	 0.85112 	 0.00263039 	 0.00547759
3025 	 3400 	 0.85112 	 0.00263039 	 0.00547759
3025 	 3405 	 0.85112 	 0.00263039 	 0.00547759
3025 	 3410 	 0.85112 	 0.00263039 	 0.00547759
3025 	 3415 	 0.85112 	 0.00263039 	 0.00547759
3025 	 3420 	 0.85112 	 0.00263039 	 0.00547759
3025 	 3425 	 0.85112 	 0.00263039 	 0.00547759
3025 	 3430 	 0.85112 	 0.00263039 	 0.00547759
3025 	 3435 	 0.85112 	 0.00263039 	 0.00547759
3025 	 3440 	 0.85112 	 0.00263039 	 0.00547759
3025 	 3445 	 0.85112 	 0.00263039 	 0.00547759
3025 	 3450 	 0.85112 	 0.00263039 	 0.00547759
3025 	 3455 	 0.85112 	 0.00263039 	 0.00547759
3025 	 3460 	 0.85112 	 0.00263039 	 0.0054776
3025 	 3465 	 0.85112 	 0.00263039 	 0.0054776
3025 	 3470 	 0.85112 	 0.00263039 	 0.0054776
3025 	 3475 	 0.85112 	 0.00263039 	 0.0054776
3025 	 3480 	 0.85112 	 0.00263039 	 0.0054776
3025 	 3485 	 0.85112 	 0.00263039 	 0.0054776
3025 	 3490 	 0.85112 	 0.00263039 	 0.0054776
3025 	 3495 	 0.85112 	 0.00263039 	 0.0054776
3025 	 3500 	 0.85112 	 0.00263039 	 0.0054776
3025 	 3505 	 0.85112 	 0.00263039 	 0.0054776
3025 	 3510 	 0.85112 	 0.00263039 	 0.0054776
3025 	 3515 	 0.85112 	 0.00263039 	 0.0054776
3025 	 3520 	 0.85112 	 0.00263039 	 0.0054776
3025 	 3525 	 0.85112 	 0.00263039 	 0.0054776
3025 	 3530 	 0.85112 	 0.00263039 	 0.0054776
3025 	 3535 	 0.85112 	 0.00263039 	 0.0054776
3025 	 3540 	 0.85112 	 0.00263039 	 0.0054776
3025 	 3545 	 0.85112 	 0.00263039 	 0.0054776
3025 	 3550 	 0.85112 	 0.00263039 	 0.0054776
3025 	 3555 	 0.85112 	 0.00263039 	 0.0054776
3025 	 3560 	 0.85112 	 0.00263039 	 0.0054776
3025 	 3565 	 0.85112 	 0.00263039 	 0.0054776
3025 	 3570 	 0.85112 	 0.00263039 	 0.0054776
3025 	 3575 	 0.85112 	 0.00263039 	 0.0054776
3025 	 3580 	 0.85112 	 0.00263039 	 0.0054776
3025 	 3585 	 0.85112 	 0.00263039 	 0.0054776
3025 	 3590 	 0.85112 	 0.00263039 	 0.0054776
3025 	 3595 	 0.85112 	 0.00263039 	 0.0054776
3025 	 3600 	 0.85112 	 0.00263039 	 0.0054776
3025 	 3605 	 0.85112 	 0.00263039 	 0.0054776
3025 	 3610 	 0.85112 	 0.00263039 	 0.0054776
3025 	 3615 	 0.85112 	 0.00263039 	 0.0054776
3025 	 3620 	 0.85112 	 0.00263039 	 0.0054776
3025 	 3625 	 0.85112 	 0.00263039 	 0.0054776
3025 	 3630 	 0.85112 	 0.00263039 	 0.0054776
3025 	 3635 	 0.85112 	 0.00263039 	 0.0054776
3025 	 3640 	 0.85112 	 0.00263039 	 0.0054776
3025 	 3645 	 0.85112 	 0.00263039 	 0.0054776
3025 	 3650 	 0.85112 	 0.00263039 	 0.0054776
3025 	 3655 	 0.85112 	 0.00263039 	 0.0054776
3025 	 3660 	 0.85112 	 0.00263039 	 0.0054776
3025 	 3665 	 0.85112 	 0.00263039 	 0.0054776
3025 	 3670 	 0.85112 	 0.00263039 	 0.0054776
3025 	 3675 	 0.85112 	 0.00263039 	 0.0054776
3025 	 3680 	 0.85112 	 0.00263039 	 0.0054776
3025 	 3685 	 0.85112 	 0.00263039 	 0.0054776
3025 	 3690 	 0.85112 	 0.00263039 	 0.0054776
3025 	 3695 	 0.85112 	 0.00263039 	 0.0054776
3025 	 3700 	 0.85112 	 0.00263039 	 0.0054776
3025 	 3705 	 0.85112 	 0.00263039 	 0.0054776
3025 	 3710 	 0.85112 	 0.00263039 	 0.0054776
3025 	 3715 	 0.85112 	 0.00263039 	 0.0054776
3025 	 3720 	 0.85112 	 0.00263039 	 0.0054776
3025 	 3725 	 0.85112 	 0.00263039 	 0.0054776
3025 	 3730 	 0.85112 	 0.00263039 	 0.0054776
3025 	 3735 	 0.85112 	 0.00263039 	 0.0054776
3025 	 3740 	 0.85112 	 0.00263039 	 0.0054776
3025 	 3745 	 0.85112 	 0.00263039 	 0.0054776
3025 	 3750 	 0.85112 	 0.00263039 	 0.0054776
3025 	 3755 	 0.85112 	 0.00263039 	 0.0054776
3025 	 3760 	 0.85112 	 0.00263039 	 0.0054776
3025 	 3765 	 0.85112 	 0.00263039 	 0.0054776
3025 	 3770 	 0.85112 	 0.00263039 	 0.0054776
3025 	 3775 	 0.85112 	 0.00263039 	 0.0054776
3025 	 3780 	 0.85112 	 0.00263039 	 0.0054776
3025 	 3785 	 0.85112 	 0.00263039 	 0.0054776
3025 	 3790 	 0.85112 	 0.00263039 	 0.0054776
3025 	 3795 	 0.85112 	 0.00263039 	 0.0054776
3025 	 3800 	 0.85112 	 0.00263039 	 0.0054776
3025 	 3805 	 0.85112 	 0.00263039 	 0.0054776
3025 	 3810 	 0.85112 	 0.00263039 	 0.0054776
3025 	 3815 	 0.85112 	 0.00263039 	 0.0054776
3025 	 3820 	 0.85112 	 0.00263039 	 0.0054776
3025 	 3825 	 0.85112 	 0.00263039 	 0.0054776
3025 	 3830 	 0.85112 	 0.00263039 	 0.0054776
3025 	 3835 	 0.85112 	 0.00263039 	 0.0054776
3025 	 3840 	 0.85112 	 0.00263039 	 0.0054776
3025 	 3845 	 0.85112 	 0.00263039 	 0.0054776
3025 	 3850 	 0.85112 	 0.00263039 	 0.0054776
3025 	 3855 	 0.85112 	 0.00263039 	 0.0054776
3025 	 3860 	 0.85112 	 0.00263039 	 0.0054776
3025 	 3865 	 0.85112 	 0.00263039 	 0.0054776
3025 	 3870 	 0.85112 	 0.00263039 	 0.0054776
3025 	 3875 	 0.85112 	 0.00263039 	 0.0054776
3025 	 3880 	 0.85112 	 0.00263039 	 0.0054776
3025 	 3885 	 0.85112 	 0.00263039 	 0.0054776
3025 	 3890 	 0.85112 	 0.00263039 	 0.0054776
3025 	 3895 	 0.85112 	 0.00263039 	 0.0054776
3025 	 3900 	 0.85112 	 0.00263039 	 0.0054776
3025 	 3905 	 0.85112 	 0.00263039 	 0.0054776
3025 	 3910 	 0.85112 	 0.00263039 	 0.0054776
3025 	 3915 	 0.85112 	 0.00263039 	 0.0054776
3025 	 3920 	 0.85112 	 0.00263039 	 0.0054776
3025 	 3925 	 0.85112 	 0.00263039 	 0.0054776
3025 	 3930 	 0.85112 	 0.00263039 	 0.0054776
3025 	 3935 	 0.85112 	 0.00263039 	 0.0054776
3025 	 3940 	 0.85112 	 0.00263039 	 0.0054776
3025 	 3945 	 0.85112 	 0.00263039 	 0.0054776
3025 	 3950 	 0.85112 	 0.00263039 	 0.0054776
3025 	 3955 	 0.85112 	 0.00263039 	 0.0054776
3025 	 3960 	 0.85112 	 0.00263039 	 0.0054776
3025 	 3965 	 0.85112 	 0.00263039 	 0.0054776
3025 	 3970 	 0.85112 	 0.00263039 	 0.0054776
3025 	 3975 	 0.85112 	 0.00263039 	 0.0054776
3025 	 3980 	 0.85112 	 0.00263039 	 0.0054776
3025 	 3985 	 0.85112 	 0.00263039 	 0.0054776
3025 	 3990 	 0.85112 	 0.00263039 	 0.0054776
3025 	 3995 	 0.85112 	 0.00263039 	 0.0054776
3025 	 4000 	 0.85112 	 0.00263039 	 0.0054776
3025 	 4005 	 0.85112 	 0.00263039 	 0.0054776
3025 	 4010 	 0.85112 	 0.00263039 	 0.0054776
3025 	 4015 	 0.85112 	 0.00263039 	 0.0054776
3025 	 4020 	 0.85112 	 0.00263039 	 0.0054776
3025 	 4025 	 0.85112 	 0.00263039 	 0.0054776
3025 	 4030 	 0.85112 	 0.00263039 	 0.0054776
3025 	 4035 	 0.85112 	 0.00263039 	 0.0054776
3025 	 4040 	 0.85112 	 0.00263039 	 0.0054776
3025 	 4045 	 0.85112 	 0.00263039 	 0.0054776
3025 	 4050 	 0.85112 	 0.00263039 	 0.0054776
3025 	 4055 	 0.85112 	 0.00263039 	 0.0054776
3025 	 4060 	 0.85112 	 0.00263039 	 0.0054776
3025 	 4065 	 0.85112 	 0.00263039 	 0.0054776
3025 	 4070 	 0.85112 	 0.00263039 	 0.0054776
3025 	 4075 	 0.85112 	 0.00263039 	 0.0054776
3025 	 4080 	 0.85112 	 0.00263039 	 0.0054776
3025 	 4085 	 0.85112 	 0.00263039 	 0.0054776
3025 	 4090 	 0.85112 	 0.00263039 	 0.0054776
3025 	 4095 	 0.85112 	 0.00263039 	 0.0054776
3025 	 4100 	 0.85112 	 0.00263039 	 0.0054776
3025 	 4105 	 0.85112 	 0.00263039 	 0.0054776
3025 	 4110 	 0.85112 	 0.00263039 	 0.0054776
3025 	 4115 	 0.85112 	 0.00263039 	 0.0054776
3025 	 4120 	 0.85112 	 0.00263039 	 0.0054776
3025 	 4125 	 0.85112 	 0.00263039 	 0.0054776
3025 	 4130 	 0.85112 	 0.00263039 	 0.0054776
3025 	 4135 	 0.85112 	 0.00263039 	 0.0054776
3025 	 4140 	 0.85112 	 0.00263039 	 0.0054776
3025 	 4145 	 0.85112 	 0.00263039 	 0.0054776
3025 	 4150 	 0.85112 	 0.00263039 	 0.0054776
3025 	 4155 	 0.85112 	 0.00263039 	 0.0054776
3025 	 4160 	 0.85112 	 0.00263039 	 0.0054776
3025 	 4165 	 0.85112 	 0.00263039 	 0.0054776
3025 	 4170 	 0.85112 	 0.00263039 	 0.0054776
3025 	 4175 	 0.85112 	 0.00263039 	 0.0054776
3025 	 4180 	 0.85112 	 0.00263039 	 0.0054776
3025 	 4185 	 0.85112 	 0.00263039 	 0.0054776
3025 	 4190 	 0.85112 	 0.00263039 	 0.0054776
3025 	 4195 	 0.85112 	 0.00263039 	 0.0054776
3025 	 4200 	 0.85112 	 0.00263039 	 0.0054776
3025 	 4205 	 0.85112 	 0.00263039 	 0.0054776
3025 	 4210 	 0.85112 	 0.00263039 	 0.0054776
3025 	 4215 	 0.85112 	 0.00263039 	 0.0054776
3025 	 4220 	 0.85112 	 0.00263039 	 0.0054776
3025 	 4225 	 0.85112 	 0.00263039 	 0.0054776
3025 	 4230 	 0.85112 	 0.00263039 	 0.0054776
3025 	 4235 	 0.85112 	 0.00263039 	 0.0054776
3025 	 4240 	 0.85112 	 0.00263039 	 0.0054776
3025 	 4245 	 0.85112 	 0.00263039 	 0.0054776
3025 	 4250 	 0.85112 	 0.00263039 	 0.0054776
3025 	 4255 	 0.85112 	 0.00263039 	 0.0054776
3025 	 4260 	 0.85112 	 0.00263039 	 0.0054776
3025 	 4265 	 0.85112 	 0.00263039 	 0.0054776
3025 	 4270 	 0.85112 	 0.00263039 	 0.0054776
3025 	 4275 	 0.85112 	 0.00263039 	 0.0054776
3025 	 4280 	 0.85112 	 0.00263039 	 0.0054776
3025 	 4285 	 0.85112 	 0.00263039 	 0.0054776
3025 	 4290 	 0.85112 	 0.00263039 	 0.0054776
3025 	 4295 	 0.85112 	 0.00263039 	 0.0054776
3025 	 4300 	 0.85112 	 0.00263039 	 0.0054776
3025 	 4305 	 0.85112 	 0.00263039 	 0.0054776
3025 	 4310 	 0.85112 	 0.00263039 	 0.0054776
3025 	 4315 	 0.85112 	 0.00263039 	 0.0054776
3025 	 4320 	 0.85112 	 0.00263039 	 0.0054776
3025 	 4325 	 0.85112 	 0.00263039 	 0.0054776
3025 	 4330 	 0.85112 	 0.00263039 	 0.0054776
3025 	 4335 	 0.85112 	 0.00263039 	 0.0054776
3025 	 4340 	 0.85112 	 0.00263039 	 0.0054776
3025 	 4345 	 0.85112 	 0.00263039 	 0.0054776
3025 	 4350 	 0.85112 	 0.00263039 	 0.0054776
3025 	 4355 	 0.85112 	 0.00263039 	 0.0054776
3025 	 4360 	 0.85112 	 0.00263039 	 0.0054776
3025 	 4365 	 0.85112 	 0.00263039 	 0.0054776
3025 	 4370 	 0.85112 	 0.00263039 	 0.0054776
3025 	 4375 	 0.85112 	 0.00263039 	 0.0054776
3025 	 4380 	 0.85112 	 0.00263039 	 0.0054776
3025 	 4385 	 0.85112 	 0.00263039 	 0.0054776
3025 	 4390 	 0.85112 	 0.00263039 	 0.0054776
3025 	 4395 	 0.85112 	 0.00263039 	 0.0054776
3025 	 4400 	 0.85112 	 0.00263039 	 0.0054776
3025 	 4405 	 0.85112 	 0.00263039 	 0.0054776
3025 	 4410 	 0.85112 	 0.00263039 	 0.0054776
3025 	 4415 	 0.85112 	 0.00263039 	 0.0054776
3025 	 4420 	 0.85112 	 0.00263039 	 0.0054776
3025 	 4425 	 0.85112 	 0.00263039 	 0.0054776
3025 	 4430 	 0.85112 	 0.00263039 	 0.0054776
3025 	 4435 	 0.85112 	 0.00263039 	 0.0054776
3025 	 4440 	 0.85112 	 0.00263039 	 0.0054776
3025 	 4445 	 0.85112 	 0.00263039 	 0.0054776
3025 	 4450 	 0.85112 	 0.00263039 	 0.0054776
3025 	 4455 	 0.85112 	 0.00263039 	 0.0054776
3025 	 4460 	 0.85112 	 0.00263039 	 0.0054776
3025 	 4465 	 0.85112 	 0.00263039 	 0.0054776
3025 	 4470 	 0.85112 	 0.00263039 	 0.0054776
3025 	 4475 	 0.85112 	 0.00263039 	 0.0054776
3025 	 4480 	 0.85112 	 0.00263039 	 0.0054776
3025 	 4485 	 0.85112 	 0.00263039 	 0.0054776
3025 	 4490 	 0.85112 	 0.00263039 	 0.0054776
3025 	 4495 	 0.85112 	 0.00263039 	 0.0054776
3025 	 4500 	 0.85112 	 0.00263039 	 0.0054776
3025 	 4505 	 0.85112 	 0.00263039 	 0.0054776
3025 	 4510 	 0.85112 	 0.00263039 	 0.0054776
3025 	 4515 	 0.85112 	 0.00263039 	 0.0054776
3025 	 4520 	 0.85112 	 0.00263039 	 0.0054776
3025 	 4525 	 0.85112 	 0.00263039 	 0.0054776
3025 	 4530 	 0.85112 	 0.00263039 	 0.0054776
3025 	 4535 	 0.85112 	 0.00263039 	 0.0054776
3025 	 4540 	 0.85112 	 0.00263039 	 0.0054776
3025 	 4545 	 0.85112 	 0.00263039 	 0.0054776
3025 	 4550 	 0.85112 	 0.00263039 	 0.0054776
3025 	 4555 	 0.85112 	 0.00263039 	 0.0054776
3025 	 4560 	 0.85112 	 0.00263039 	 0.0054776
3025 	 4565 	 0.85112 	 0.00263039 	 0.0054776
3025 	 4570 	 0.85112 	 0.00263039 	 0.0054776
3025 	 4575 	 0.85112 	 0.00263039 	 0.0054776
3025 	 4580 	 0.85112 	 0.00263039 	 0.0054776
3025 	 4585 	 0.85112 	 0.00263039 	 0.0054776
3025 	 4590 	 0.85112 	 0.00263039 	 0.0054776
3025 	 4595 	 0.85112 	 0.00263039 	 0.0054776
3025 	 4600 	 0.85112 	 0.00263039 	 0.0054776
3025 	 4605 	 0.85112 	 0.00263039 	 0.0054776
3025 	 4610 	 0.85112 	 0.00263039 	 0.0054776
3025 	 4615 	 0.85112 	 0.00263039 	 0.0054776
3025 	 4620 	 0.85112 	 0.00263039 	 0.0054776
3025 	 4625 	 0.85112 	 0.00263039 	 0.0054776
3025 	 4630 	 0.85112 	 0.00263039 	 0.0054776
3025 	 4635 	 0.85112 	 0.00263039 	 0.0054776
3025 	 4640 	 0.85112 	 0.00263039 	 0.0054776
3025 	 4645 	 0.85112 	 0.00263039 	 0.0054776
3025 	 4650 	 0.85112 	 0.00263039 	 0.0054776
3025 	 4655 	 0.85112 	 0.00263039 	 0.0054776
3025 	 4660 	 0.85112 	 0.00263039 	 0.0054776
3025 	 4665 	 0.85112 	 0.00263039 	 0.0054776
3025 	 4670 	 0.85112 	 0.00263039 	 0.0054776
3025 	 4675 	 0.85112 	 0.00263039 	 0.0054776
3025 	 4680 	 0.85112 	 0.00263039 	 0.0054776
3025 	 4685 	 0.85112 	 0.00263039 	 0.0054776
3025 	 4690 	 0.85112 	 0.00263039 	 0.0054776
3025 	 4695 	 0.85112 	 0.00263039 	 0.0054776
3025 	 4700 	 0.85112 	 0.00263039 	 0.0054776
3025 	 4705 	 0.85112 	 0.00263039 	 0.0054776
3025 	 4710 	 0.85112 	 0.00263039 	 0.0054776
3025 	 4715 	 0.85112 	 0.00263039 	 0.0054776
3025 	 4720 	 0.85112 	 0.00263039 	 0.0054776
3025 	 4725 	 0.85112 	 0.00263039 	 0.0054776
3025 	 4730 	 0.85112 	 0.00263039 	 0.0054776
3025 	 4735 	 0.85112 	 0.00263039 	 0.0054776
3025 	 4740 	 0.85112 	 0.00263039 	 0.0054776
3025 	 4745 	 0.85112 	 0.00263039 	 0.0054776
3025 	 4750 	 0.85112 	 0.00263039 	 0.0054776
3025 	 4755 	 0.85112 	 0.00263039 	 0.0054776
3025 	 4760 	 0.85112 	 0.00263039 	 0.0054776
3025 	 4765 	 0.85112 	 0.00263039 	 0.0054776
3025 	 4770 	 0.85112 	 0.00263039 	 0.0054776
3025 	 4775 	 0.85112 	 0.00263039 	 0.0054776
3025 	 4780 	 0.85112 	 0.00263039 	 0.0054776
3025 	 4785 	 0.85112 	 0.00263039 	 0.0054776
3025 	 4790 	 0.85112 	 0.00263039 	 0.0054776
3025 	 4795 	 0.85112 	 0.00263039 	 0.0054776
3025 	 4800 	 0.85112 	 0.00263039 	 0.0054776
3025 	 4805 	 0.85112 	 0.00263039 	 0.0054776
3025 	 4810 	 0.85112 	 0.00263039 	 0.0054776
3025 	 4815 	 0.85112 	 0.00263039 	 0.0054776
3025 	 4820 	 0.85112 	 0.00263039 	 0.0054776
3025 	 4825 	 0.85112 	 0.00263039 	 0.0054776
3025 	 4830 	 0.85112 	 0.00263039 	 0.0054776
3025 	 4835 	 0.85112 	 0.00263039 	 0.0054776
3025 	 4840 	 0.85112 	 0.00263039 	 0.0054776
3025 	 4845 	 0.85112 	 0.00263039 	 0.0054776
3025 	 4850 	 0.85112 	 0.00263039 	 0.0054776
3025 	 4855 	 0.85112 	 0.00263039 	 0.0054776
3025 	 4860 	 0.85112 	 0.00263039 	 0.0054776
3025 	 4865 	 0.85112 	 0.00263039 	 0.0054776
3025 	 4870 	 0.85112 	 0.00263039 	 0.0054776
3025 	 4875 	 0.85112 	 0.00263039 	 0.0054776
3025 	 4880 	 0.85112 	 0.00263039 	 0.0054776
3025 	 4885 	 0.85112 	 0.00263039 	 0.0054776
3025 	 4890 	 0.85112 	 0.00263039 	 0.0054776
3025 	 4895 	 0.85112 	 0.00263039 	 0.0054776
3025 	 4900 	 0.85112 	 0.00263039 	 0.0054776
3025 	 4905 	 0.85112 	 0.00263039 	 0.0054776
3025 	 4910 	 0.85112 	 0.00263039 	 0.0054776
3025 	 4915 	 0.85112 	 0.00263039 	 0.0054776
3025 	 4920 	 0.85112 	 0.00263039 	 0.0054776
3025 	 4925 	 0.85112 	 0.00263039 	 0.0054776
3025 	 4930 	 0.85112 	 0.00263039 	 0.0054776
3025 	 4935 	 0.85112 	 0.00263039 	 0.0054776
3025 	 4940 	 0.85112 	 0.00263039 	 0.0054776
3025 	 4945 	 0.85112 	 0.00263039 	 0.0054776
3025 	 4950 	 0.85112 	 0.00263039 	 0.0054776
3025 	 4955 	 0.85112 	 0.00263039 	 0.0054776
3025 	 4960 	 0.85112 	 0.00263039 	 0.0054776
3025 	 4965 	 0.85112 	 0.00263039 	 0.0054776
3025 	 4970 	 0.85112 	 0.00263039 	 0.0054776
3025 	 4975 	 0.85112 	 0.00263039 	 0.0054776
3025 	 4980 	 0.85112 	 0.00263039 	 0.0054776
3025 	 4985 	 0.85112 	 0.00263039 	 0.0054776
3025 	 4990 	 0.85112 	 0.00263039 	 0.0054776
3025 	 4995 	 0.85112 	 0.00263039 	 0.0054776
3025 	 5000 	 0.85112 	 0.00263039 	 0.0054776
