2315 	 5 	 0.728481 	 0.00662752	0.0138461
2315 	 10 	 0.729082 	 0.0062308	0.0130173
2315 	 15 	 0.730218 	 0.0056122	0.0117249
2315 	 20 	 0.732329 	 0.00474069	0.00990417
2315 	 25 	 0.73612 	 0.00375473	0.00784431
2315 	 30 	 0.742541 	 0.00311807	0.00651421
2315 	 35 	 0.752403 	 0.0030127	0.00629408
2315 	 40 	 0.765485 	 0.00268649	0.00561257
2315 	 45 	 0.780846 	 0.0028845	0.00602625
2315 	 50 	 0.79502 	 0.00281511	0.00588128
2315 	 55 	 0.805709 	 0.00254452	0.00531596
2315 	 60 	 0.812922 	 0.00215401	0.00450011
2315 	 65 	 0.817545 	 0.00191799	0.00400702
2315 	 70 	 0.820522 	 0.00188727	0.00394285
2315 	 75 	 0.822537 	 0.00194274	0.00405874
2315 	 80 	 0.824009 	 0.00200164	0.00418178
2315 	 85 	 0.825175 	 0.00204353	0.00426931
2315 	 90 	 0.826164 	 0.00207206	0.0043289
2315 	 95 	 0.827046 	 0.00209389	0.00437451
2315 	 100 	 0.827859 	 0.00211313	0.00441472
2315 	 105 	 0.828621 	 0.0021313	0.00445268
2315 	 110 	 0.829344 	 0.00214843	0.00448846
2315 	 115 	 0.830034 	 0.002164	0.00452099
2315 	 120 	 0.830696 	 0.00217744	0.00454907
2315 	 125 	 0.831331 	 0.00218836	0.00457189
2315 	 130 	 0.831941 	 0.00219656	0.00458902
2315 	 135 	 0.832528 	 0.00220204	0.00460046
2315 	 140 	 0.833093 	 0.00220491	0.00460646
2315 	 145 	 0.833638 	 0.0022054	0.00460749
2315 	 150 	 0.834162 	 0.00220378	0.0046041
2315 	 155 	 0.834667 	 0.00220034	0.00459691
2315 	 160 	 0.835154 	 0.00219537	0.00458653
2315 	 165 	 0.835624 	 0.00218916	0.00457354
2315 	 170 	 0.836077 	 0.00218196	0.00455851
2315 	 175 	 0.836514 	 0.00217403	0.00454194
2315 	 180 	 0.836936 	 0.00216557	0.00452427
2315 	 185 	 0.837344 	 0.00215678	0.0045059
2315 	 190 	 0.837738 	 0.00214781	0.00448717
2315 	 195 	 0.838118 	 0.00213882	0.00446838
2315 	 200 	 0.838486 	 0.00212991	0.00444976
2315 	 205 	 0.838842 	 0.00212118	0.00443153
2315 	 210 	 0.839186 	 0.00211272	0.00441385
2315 	 215 	 0.839519 	 0.00210458	0.00439686
2315 	 220 	 0.839841 	 0.00209683	0.00438066
2315 	 225 	 0.840153 	 0.0020895	0.00436534
2315 	 230 	 0.840456 	 0.00208261	0.00435095
2315 	 235 	 0.840749 	 0.00207619	0.00433755
2315 	 240 	 0.841033 	 0.00207026	0.00432515
2315 	 245 	 0.841309 	 0.00206481	0.00431377
2315 	 250 	 0.841576 	 0.00205985	0.00430341
2315 	 255 	 0.841836 	 0.00205538	0.00429407
2315 	 260 	 0.842088 	 0.00205139	0.00428573
2315 	 265 	 0.842333 	 0.00204787	0.00427838
2315 	 270 	 0.842571 	 0.00204481	0.00427199
2315 	 275 	 0.842802 	 0.0020422	0.00426653
2315 	 280 	 0.843026 	 0.00204002	0.00426198
2315 	 285 	 0.843245 	 0.00203827	0.00425831
2315 	 290 	 0.843458 	 0.00203691	0.00425547
2315 	 295 	 0.843665 	 0.00203594	0.00425345
2315 	 300 	 0.843866 	 0.00203534	0.0042522
2315 	 305 	 0.844062 	 0.0020351	0.0042517
2315 	 310 	 0.844253 	 0.0020352	0.00425191
2315 	 315 	 0.844439 	 0.00203563	0.00425279
2315 	 320 	 0.844621 	 0.00203636	0.00425432
2315 	 325 	 0.844798 	 0.00203739	0.00425647
2315 	 330 	 0.84497 	 0.00203869	0.0042592
2315 	 335 	 0.845138 	 0.00204027	0.0042625
2315 	 340 	 0.845303 	 0.0020421	0.00426632
2315 	 345 	 0.845463 	 0.00204417	0.00427064
2315 	 350 	 0.845619 	 0.00204647	0.00427545
2315 	 355 	 0.845772 	 0.00204899	0.00428071
2315 	 360 	 0.845921 	 0.00205171	0.00428639
2315 	 365 	 0.846067 	 0.00205463	0.00429249
2315 	 370 	 0.84621 	 0.00205773	0.00429898
2315 	 375 	 0.846349 	 0.00206101	0.00430583
2315 	 380 	 0.846485 	 0.00206446	0.00431303
2315 	 385 	 0.846618 	 0.00206806	0.00432056
2315 	 390 	 0.846748 	 0.00207182	0.0043284
2315 	 395 	 0.846876 	 0.00207571	0.00433655
2315 	 400 	 0.847001 	 0.00207975	0.00434497
2315 	 405 	 0.847123 	 0.0020839	0.00435365
2315 	 410 	 0.847242 	 0.00208818	0.00436259
2315 	 415 	 0.847359 	 0.00209258	0.00437177
2315 	 420 	 0.847474 	 0.00209708	0.00438118
2315 	 425 	 0.847586 	 0.00210168	0.00439079
2315 	 430 	 0.847696 	 0.00210638	0.00440061
2315 	 435 	 0.847804 	 0.00211117	0.00441063
2315 	 440 	 0.84791 	 0.00211605	0.00442082
2315 	 445 	 0.848014 	 0.00212101	0.00443118
2315 	 450 	 0.848115 	 0.00212605	0.00444171
2315 	 455 	 0.848215 	 0.00213116	0.00445238
2315 	 460 	 0.848313 	 0.00213634	0.00446321
2315 	 465 	 0.848409 	 0.00214159	0.00447417
2315 	 470 	 0.848503 	 0.00214689	0.00448525
2315 	 475 	 0.848596 	 0.00215226	0.00449646
2315 	 480 	 0.848686 	 0.00215768	0.00450778
2315 	 485 	 0.848775 	 0.00216315	0.00451921
2315 	 490 	 0.848863 	 0.00216867	0.00453074
2315 	 495 	 0.848949 	 0.00217423	0.00454237
2315 	 500 	 0.849033 	 0.00217984	0.00455408
2315 	 505 	 0.849116 	 0.00218549	0.00456588
2315 	 510 	 0.849198 	 0.00219117	0.00457776
2315 	 515 	 0.849278 	 0.00219689	0.00458971
2315 	 520 	 0.849356 	 0.00220264	0.00460172
2315 	 525 	 0.849434 	 0.00220843	0.00461381
2315 	 530 	 0.84951 	 0.00221424	0.00462595
2315 	 535 	 0.849585 	 0.00222008	0.00463814
2315 	 540 	 0.849658 	 0.00222594	0.00465039
2315 	 545 	 0.849731 	 0.00223182	0.00466268
2315 	 550 	 0.849802 	 0.00223773	0.00467502
2315 	 555 	 0.849872 	 0.00224365	0.0046874
2315 	 560 	 0.849941 	 0.00224959	0.00469981
2315 	 565 	 0.850009 	 0.00225555	0.00471226
2315 	 570 	 0.850076 	 0.00226153	0.00472474
2315 	 575 	 0.850141 	 0.00226751	0.00473724
2315 	 580 	 0.850206 	 0.00227351	0.00474977
2315 	 585 	 0.85027 	 0.00227952	0.00476232
2315 	 590 	 0.850333 	 0.00228553	0.00477489
2315 	 595 	 0.850394 	 0.00229156	0.00478748
2315 	 600 	 0.850455 	 0.00229759	0.00480008
2315 	 605 	 0.850515 	 0.00230362	0.00481269
2315 	 610 	 0.850574 	 0.00230966	0.00482531
2315 	 615 	 0.850633 	 0.00231571	0.00483794
2315 	 620 	 0.85069 	 0.00232175	0.00485057
2315 	 625 	 0.850747 	 0.0023278	0.0048632
2315 	 630 	 0.850802 	 0.00233385	0.00487584
2315 	 635 	 0.850857 	 0.0023399	0.00488848
2315 	 640 	 0.850911 	 0.00234595	0.00490111
2315 	 645 	 0.850965 	 0.00235199	0.00491374
2315 	 650 	 0.851017 	 0.00235804	0.00492637
2315 	 655 	 0.851069 	 0.00236408	0.00493898
2315 	 660 	 0.851121 	 0.00237011	0.00495159
2315 	 665 	 0.851171 	 0.00237614	0.00496419
2315 	 670 	 0.851221 	 0.00238217	0.00497678
2315 	 675 	 0.85127 	 0.00238819	0.00498935
2315 	 680 	 0.851319 	 0.0023942	0.00500191
2315 	 685 	 0.851367 	 0.0024002	0.00501446
2315 	 690 	 0.851414 	 0.0024062	0.00502699
2315 	 695 	 0.85146 	 0.00241219	0.0050395
2315 	 700 	 0.851506 	 0.00241817	0.005052
2315 	 705 	 0.851552 	 0.00242414	0.00506447
2315 	 710 	 0.851597 	 0.0024301	0.00507692
2315 	 715 	 0.851641 	 0.00243605	0.00508936
2315 	 720 	 0.851685 	 0.00244199	0.00510177
2315 	 725 	 0.851728 	 0.00244792	0.00511416
2315 	 730 	 0.85177 	 0.00245384	0.00512652
2315 	 735 	 0.851812 	 0.00245975	0.00513886
2315 	 740 	 0.851854 	 0.00246564	0.00515117
2315 	 745 	 0.851895 	 0.00247152	0.00516346
2315 	 750 	 0.851936 	 0.00247739	0.00517572
2315 	 755 	 0.851976 	 0.00248325	0.00518795
2315 	 760 	 0.852015 	 0.00248909	0.00520016
2315 	 765 	 0.852054 	 0.00249492	0.00521233
2315 	 770 	 0.852093 	 0.00250073	0.00522448
2315 	 775 	 0.852131 	 0.00250653	0.0052366
2315 	 780 	 0.852169 	 0.00251231	0.00524868
2315 	 785 	 0.852206 	 0.00251809	0.00526074
2315 	 790 	 0.852243 	 0.00252384	0.00527276
2315 	 795 	 0.85228 	 0.00252958	0.00528476
2315 	 800 	 0.852316 	 0.00253531	0.00529672
2315 	 805 	 0.852351 	 0.00254102	0.00530865
2315 	 810 	 0.852387 	 0.00254671	0.00532054
2315 	 815 	 0.852421 	 0.00255239	0.0053324
2315 	 820 	 0.852456 	 0.00255805	0.00534423
2315 	 825 	 0.85249 	 0.0025637	0.00535603
2315 	 830 	 0.852524 	 0.00256932	0.00536779
2315 	 835 	 0.852557 	 0.00257494	0.00537951
2315 	 840 	 0.85259 	 0.00258053	0.0053912
2315 	 845 	 0.852622 	 0.00258611	0.00540286
2315 	 850 	 0.852655 	 0.00259168	0.00541448
2315 	 855 	 0.852687 	 0.00259722	0.00542607
2315 	 860 	 0.852718 	 0.00260275	0.00543762
2315 	 865 	 0.852749 	 0.00260826	0.00544913
2315 	 870 	 0.85278 	 0.00261375	0.00546061
2315 	 875 	 0.852811 	 0.00261923	0.00547205
2315 	 880 	 0.852841 	 0.00262469	0.00548345
2315 	 885 	 0.852871 	 0.00263013	0.00549482
2315 	 890 	 0.852901 	 0.00263555	0.00550615
2315 	 895 	 0.85293 	 0.00264096	0.00551744
2315 	 900 	 0.852959 	 0.00264635	0.0055287
2315 	 905 	 0.852988 	 0.00265172	0.00553992
2315 	 910 	 0.853016 	 0.00265707	0.0055511
2315 	 915 	 0.853044 	 0.00266241	0.00556225
2315 	 920 	 0.853072 	 0.00266772	0.00557336
2315 	 925 	 0.8531 	 0.00267302	0.00558443
2315 	 930 	 0.853127 	 0.0026783	0.00559546
2315 	 935 	 0.853154 	 0.00268357	0.00560646
2315 	 940 	 0.853181 	 0.00268881	0.00561742
2315 	 945 	 0.853207 	 0.00269404	0.00562834
2315 	 950 	 0.853234 	 0.00269925	0.00563922
2315 	 955 	 0.85326 	 0.00270444	0.00565006
2315 	 960 	 0.853285 	 0.00270961	0.00566087
2315 	 965 	 0.853311 	 0.00271477	0.00567164
2315 	 970 	 0.853336 	 0.0027199	0.00568237
2315 	 975 	 0.853361 	 0.00272502	0.00569307
2315 	 980 	 0.853386 	 0.00273012	0.00570373
2315 	 985 	 0.853411 	 0.00273521	0.00571434
2315 	 990 	 0.853435 	 0.00274027	0.00572493
2315 	 995 	 0.853459 	 0.00274532	0.00573547
2315 	 1000 	 0.853483 	 0.00275035	0.00574598
2315 	 1005 	 0.853507 	 0.00275536	0.00575644
2315 	 1010 	 0.85353 	 0.00276035	0.00576688
2315 	 1015 	 0.853553 	 0.00276533	0.00577727
2315 	 1020 	 0.853576 	 0.00277028	0.00578763
2315 	 1025 	 0.853599 	 0.00277522	0.00579795
2315 	 1030 	 0.853622 	 0.00278014	0.00580823
2315 	 1035 	 0.853644 	 0.00278505	0.00581847
2315 	 1040 	 0.853667 	 0.00278993	0.00582868
2315 	 1045 	 0.853689 	 0.0027948	0.00583885
2315 	 1050 	 0.85371 	 0.00279965	0.00584898
2315 	 1055 	 0.853732 	 0.00280449	0.00585908
2315 	 1060 	 0.853753 	 0.0028093	0.00586914
2315 	 1065 	 0.853775 	 0.0028141	0.00587916
2315 	 1070 	 0.853796 	 0.00281888	0.00588915
2315 	 1075 	 0.853817 	 0.00282364	0.0058991
2315 	 1080 	 0.853837 	 0.00282839	0.00590901
2315 	 1085 	 0.853858 	 0.00283311	0.00591889
2315 	 1090 	 0.853878 	 0.00283782	0.00592873
2315 	 1095 	 0.853899 	 0.00284252	0.00593854
2315 	 1100 	 0.853919 	 0.00284719	0.0059483
2315 	 1105 	 0.853938 	 0.00285185	0.00595804
2315 	 1110 	 0.853958 	 0.00285649	0.00596773
2315 	 1115 	 0.853978 	 0.00286112	0.0059774
2315 	 1120 	 0.853997 	 0.00286572	0.00598702
2315 	 1125 	 0.854016 	 0.00287031	0.00599661
2315 	 1130 	 0.854035 	 0.00287489	0.00600617
2315 	 1135 	 0.854054 	 0.00287944	0.00601568
2315 	 1140 	 0.854073 	 0.00288398	0.00602517
2315 	 1145 	 0.854092 	 0.00288851	0.00603462
2315 	 1150 	 0.85411 	 0.00289301	0.00604403
2315 	 1155 	 0.854128 	 0.0028975	0.00605341
2315 	 1160 	 0.854147 	 0.00290198	0.00606276
2315 	 1165 	 0.854165 	 0.00290643	0.00607207
2315 	 1170 	 0.854182 	 0.00291087	0.00608134
2315 	 1175 	 0.8542 	 0.00291529	0.00609058
2315 	 1180 	 0.854218 	 0.0029197	0.00609979
2315 	 1185 	 0.854235 	 0.00292409	0.00610896
2315 	 1190 	 0.854253 	 0.00292847	0.0061181
2315 	 1195 	 0.85427 	 0.00293283	0.00612721
2315 	 1200 	 0.854287 	 0.00293717	0.00613628
2315 	 1205 	 0.854304 	 0.00294149	0.00614532
2315 	 1210 	 0.854321 	 0.0029458	0.00615432
2315 	 1215 	 0.854337 	 0.0029501	0.00616329
2315 	 1220 	 0.854354 	 0.00295438	0.00617223
2315 	 1225 	 0.85437 	 0.00295864	0.00618114
2315 	 1230 	 0.854386 	 0.00296289	0.00619001
2315 	 1235 	 0.854403 	 0.00296712	0.00619885
2315 	 1240 	 0.854419 	 0.00297133	0.00620766
2315 	 1245 	 0.854435 	 0.00297553	0.00621643
2315 	 1250 	 0.85445 	 0.00297972	0.00622517
2315 	 1255 	 0.854466 	 0.00298389	0.00623388
2315 	 1260 	 0.854482 	 0.00298804	0.00624256
2315 	 1265 	 0.854497 	 0.00299218	0.00625121
2315 	 1270 	 0.854512 	 0.0029963	0.00625982
2315 	 1275 	 0.854528 	 0.00300041	0.0062684
2315 	 1280 	 0.854543 	 0.0030045	0.00627696
2315 	 1285 	 0.854558 	 0.00300858	0.00628548
2315 	 1290 	 0.854573 	 0.00301265	0.00629397
2315 	 1295 	 0.854588 	 0.00301669	0.00630242
2315 	 1300 	 0.854602 	 0.00302073	0.00631085
2315 	 1305 	 0.854617 	 0.00302475	0.00631925
2315 	 1310 	 0.854631 	 0.00302875	0.00632761
2315 	 1315 	 0.854646 	 0.00303274	0.00633595
2315 	 1320 	 0.85466 	 0.00303671	0.00634425
2315 	 1325 	 0.854674 	 0.00304067	0.00635252
2315 	 1330 	 0.854688 	 0.00304462	0.00636077
2315 	 1335 	 0.854702 	 0.00304855	0.00636898
2315 	 1340 	 0.854716 	 0.00305247	0.00637717
2315 	 1345 	 0.85473 	 0.00305637	0.00638532
2315 	 1350 	 0.854744 	 0.00306026	0.00639344
2315 	 1355 	 0.854757 	 0.00306414	0.00640154
2315 	 1360 	 0.854771 	 0.003068	0.00640961
2315 	 1365 	 0.854784 	 0.00307184	0.00641764
2315 	 1370 	 0.854798 	 0.00307568	0.00642565
2315 	 1375 	 0.854811 	 0.0030795	0.00643363
2315 	 1380 	 0.854824 	 0.0030833	0.00644158
2315 	 1385 	 0.854837 	 0.00308709	0.0064495
2315 	 1390 	 0.85485 	 0.00309087	0.00645739
2315 	 1395 	 0.854863 	 0.00309464	0.00646526
2315 	 1400 	 0.854876 	 0.00309839	0.00647309
2315 	 1405 	 0.854889 	 0.00310212	0.0064809
2315 	 1410 	 0.854901 	 0.00310585	0.00648868
2315 	 1415 	 0.854914 	 0.00310956	0.00649644
2315 	 1420 	 0.854926 	 0.00311326	0.00650416
2315 	 1425 	 0.854939 	 0.00311694	0.00651186
2315 	 1430 	 0.854951 	 0.00312061	0.00651953
2315 	 1435 	 0.854963 	 0.00312427	0.00652717
2315 	 1440 	 0.854976 	 0.00312792	0.00653478
2315 	 1445 	 0.854988 	 0.00313155	0.00654237
2315 	 1450 	 0.855 	 0.00313517	0.00654993
2315 	 1455 	 0.855012 	 0.00313877	0.00655747
2315 	 1460 	 0.855023 	 0.00314237	0.00656498
2315 	 1465 	 0.855035 	 0.00314595	0.00657246
2315 	 1470 	 0.855047 	 0.00314952	0.00657991
2315 	 1475 	 0.855059 	 0.00315307	0.00658734
2315 	 1480 	 0.85507 	 0.00315661	0.00659474
2315 	 1485 	 0.855082 	 0.00316015	0.00660212
2315 	 1490 	 0.855093 	 0.00316366	0.00660947
2315 	 1495 	 0.855104 	 0.00316717	0.0066168
2315 	 1500 	 0.855116 	 0.00317066	0.00662409
2315 	 1505 	 0.855127 	 0.00317415	0.00663137
2315 	 1510 	 0.855138 	 0.00317761	0.00663862
2315 	 1515 	 0.855149 	 0.00318107	0.00664584
2315 	 1520 	 0.85516 	 0.00318452	0.00665304
2315 	 1525 	 0.855171 	 0.00318795	0.00666021
2315 	 1530 	 0.855182 	 0.00319137	0.00666736
2315 	 1535 	 0.855193 	 0.00319478	0.00667448
2315 	 1540 	 0.855203 	 0.00319818	0.00668158
2315 	 1545 	 0.855214 	 0.00320156	0.00668865
2315 	 1550 	 0.855225 	 0.00320494	0.0066957
2315 	 1555 	 0.855235 	 0.0032083	0.00670273
2315 	 1560 	 0.855246 	 0.00321165	0.00670973
2315 	 1565 	 0.855256 	 0.00321499	0.0067167
2315 	 1570 	 0.855267 	 0.00321832	0.00672366
2315 	 1575 	 0.855277 	 0.00322164	0.00673059
2315 	 1580 	 0.855287 	 0.00322494	0.00673749
2315 	 1585 	 0.855297 	 0.00322824	0.00674437
2315 	 1590 	 0.855307 	 0.00323152	0.00675123
2315 	 1595 	 0.855318 	 0.00323479	0.00675806
2315 	 1600 	 0.855328 	 0.00323805	0.00676488
2315 	 1605 	 0.855337 	 0.0032413	0.00677166
2315 	 1610 	 0.855347 	 0.00324454	0.00677843
2315 	 1615 	 0.855357 	 0.00324776	0.00678517
2315 	 1620 	 0.855367 	 0.00325098	0.00679189
2315 	 1625 	 0.855377 	 0.00325419	0.00679859
2315 	 1630 	 0.855386 	 0.00325738	0.00680526
2315 	 1635 	 0.855396 	 0.00326056	0.00681191
2315 	 1640 	 0.855406 	 0.00326374	0.00681854
2315 	 1645 	 0.855415 	 0.0032669	0.00682515
2315 	 1650 	 0.855425 	 0.00327005	0.00683173
2315 	 1655 	 0.855434 	 0.00327319	0.0068383
2315 	 1660 	 0.855443 	 0.00327632	0.00684484
2315 	 1665 	 0.855453 	 0.00327944	0.00685136
2315 	 1670 	 0.855462 	 0.00328255	0.00685785
2315 	 1675 	 0.855471 	 0.00328565	0.00686433
2315 	 1680 	 0.85548 	 0.00328874	0.00687078
2315 	 1685 	 0.855489 	 0.00329182	0.00687721
2315 	 1690 	 0.855498 	 0.00329489	0.00688363
2315 	 1695 	 0.855507 	 0.00329795	0.00689002
2315 	 1700 	 0.855516 	 0.003301	0.00689638
2315 	 1705 	 0.855525 	 0.00330404	0.00690273
2315 	 1710 	 0.855534 	 0.00330706	0.00690906
2315 	 1715 	 0.855543 	 0.00331008	0.00691537
2315 	 1720 	 0.855551 	 0.00331309	0.00692165
2315 	 1725 	 0.85556 	 0.00331609	0.00692792
2315 	 1730 	 0.855569 	 0.00331908	0.00693416
2315 	 1735 	 0.855577 	 0.00332206	0.00694038
2315 	 1740 	 0.855586 	 0.00332503	0.00694659
2315 	 1745 	 0.855595 	 0.00332799	0.00695277
2315 	 1750 	 0.855603 	 0.00333094	0.00695893
2315 	 1755 	 0.855611 	 0.00333388	0.00696508
2315 	 1760 	 0.85562 	 0.00333681	0.0069712
2315 	 1765 	 0.855628 	 0.00333973	0.0069773
2315 	 1770 	 0.855636 	 0.00334264	0.00698339
2315 	 1775 	 0.855645 	 0.00334554	0.00698945
2315 	 1780 	 0.855653 	 0.00334844	0.0069955
2315 	 1785 	 0.855661 	 0.00335132	0.00700152
2315 	 1790 	 0.855669 	 0.0033542	0.00700753
2315 	 1795 	 0.855677 	 0.00335706	0.00701351
2315 	 1800 	 0.855685 	 0.00335992	0.00701948
2315 	 1805 	 0.855693 	 0.00336276	0.00702543
2315 	 1810 	 0.855701 	 0.0033656	0.00703136
2315 	 1815 	 0.855709 	 0.00336843	0.00703727
2315 	 1820 	 0.855717 	 0.00337125	0.00704316
2315 	 1825 	 0.855725 	 0.00337406	0.00704903
2315 	 1830 	 0.855733 	 0.00337686	0.00705489
2315 	 1835 	 0.855741 	 0.00337966	0.00706072
2315 	 1840 	 0.855748 	 0.00338244	0.00706654
2315 	 1845 	 0.855756 	 0.00338522	0.00707234
2315 	 1850 	 0.855764 	 0.00338798	0.00707812
2315 	 1855 	 0.855771 	 0.00339074	0.00708388
2315 	 1860 	 0.855779 	 0.00339349	0.00708962
2315 	 1865 	 0.855786 	 0.00339623	0.00709535
2315 	 1870 	 0.855794 	 0.00339897	0.00710106
2315 	 1875 	 0.855801 	 0.00340169	0.00710675
2315 	 1880 	 0.855809 	 0.0034044	0.00711242
2315 	 1885 	 0.855816 	 0.00340711	0.00711808
2315 	 1890 	 0.855823 	 0.00340981	0.00712371
2315 	 1895 	 0.855831 	 0.0034125	0.00712933
2315 	 1900 	 0.855838 	 0.00341518	0.00713493
2315 	 1905 	 0.855845 	 0.00341785	0.00714052
2315 	 1910 	 0.855852 	 0.00342052	0.00714609
2315 	 1915 	 0.85586 	 0.00342318	0.00715164
2315 	 1920 	 0.855867 	 0.00342582	0.00715717
2315 	 1925 	 0.855874 	 0.00342846	0.00716269
2315 	 1930 	 0.855881 	 0.0034311	0.00716819
2315 	 1935 	 0.855888 	 0.00343372	0.00717367
2315 	 1940 	 0.855895 	 0.00343634	0.00717913
2315 	 1945 	 0.855902 	 0.00343895	0.00718458
2315 	 1950 	 0.855909 	 0.00344155	0.00719002
2315 	 1955 	 0.855916 	 0.00344414	0.00719543
2315 	 1960 	 0.855923 	 0.00344672	0.00720083
2315 	 1965 	 0.85593 	 0.0034493	0.00720621
2315 	 1970 	 0.855936 	 0.00345187	0.00721158
2315 	 1975 	 0.855943 	 0.00345443	0.00721693
2315 	 1980 	 0.85595 	 0.00345698	0.00722226
2315 	 1985 	 0.855957 	 0.00345953	0.00722758
2315 	 1990 	 0.855963 	 0.00346206	0.00723288
2315 	 1995 	 0.85597 	 0.00346459	0.00723817
2315 	 2000 	 0.855977 	 0.00346712	0.00724344
2315 	 2005 	 0.855983 	 0.00346963	0.00724869
2315 	 2010 	 0.85599 	 0.00347214	0.00725393
2315 	 2015 	 0.855996 	 0.00347464	0.00725915
2315 	 2020 	 0.856003 	 0.00347713	0.00726436
2315 	 2025 	 0.856009 	 0.00347962	0.00726955
2315 	 2030 	 0.856016 	 0.00348209	0.00727473
2315 	 2035 	 0.856022 	 0.00348456	0.00727989
2315 	 2040 	 0.856028 	 0.00348703	0.00728504
2315 	 2045 	 0.856035 	 0.00348948	0.00729017
2315 	 2050 	 0.856041 	 0.00349193	0.00729528
2315 	 2055 	 0.856047 	 0.00349437	0.00730038
2315 	 2060 	 0.856054 	 0.00349681	0.00730547
2315 	 2065 	 0.85606 	 0.00349923	0.00731054
2315 	 2070 	 0.856066 	 0.00350165	0.00731559
2315 	 2075 	 0.856072 	 0.00350407	0.00732063
2315 	 2080 	 0.856078 	 0.00350647	0.00732566
2315 	 2085 	 0.856085 	 0.00350887	0.00733067
2315 	 2090 	 0.856091 	 0.00351126	0.00733566
2315 	 2095 	 0.856097 	 0.00351364	0.00734064
2315 	 2100 	 0.856103 	 0.00351602	0.00734561
2315 	 2105 	 0.856109 	 0.00351839	0.00735056
2315 	 2110 	 0.856115 	 0.00352076	0.0073555
2315 	 2115 	 0.856121 	 0.00352311	0.00736042
2315 	 2120 	 0.856127 	 0.00352546	0.00736533
2315 	 2125 	 0.856133 	 0.00352781	0.00737023
2315 	 2130 	 0.856138 	 0.00353014	0.00737511
2315 	 2135 	 0.856144 	 0.00353247	0.00737998
2315 	 2140 	 0.85615 	 0.0035348	0.00738483
2315 	 2145 	 0.856156 	 0.00353711	0.00738967
2315 	 2150 	 0.856162 	 0.00353942	0.0073945
2315 	 2155 	 0.856168 	 0.00354172	0.00739931
2315 	 2160 	 0.856173 	 0.00354402	0.0074041
2315 	 2165 	 0.856179 	 0.00354631	0.00740889
2315 	 2170 	 0.856185 	 0.00354859	0.00741366
2315 	 2175 	 0.85619 	 0.00355087	0.00741842
2315 	 2180 	 0.856196 	 0.00355314	0.00742316
2315 	 2185 	 0.856202 	 0.00355541	0.00742789
2315 	 2190 	 0.856207 	 0.00355766	0.00743261
2315 	 2195 	 0.856213 	 0.00355991	0.00743731
2315 	 2200 	 0.856218 	 0.00356216	0.007442
2315 	 2205 	 0.856224 	 0.0035644	0.00744668
2315 	 2210 	 0.856229 	 0.00356663	0.00745134
2315 	 2215 	 0.856235 	 0.00356886	0.00745599
2315 	 2220 	 0.85624 	 0.00357108	0.00746063
2315 	 2225 	 0.856246 	 0.00357329	0.00746525
2315 	 2230 	 0.856251 	 0.0035755	0.00746986
2315 	 2235 	 0.856256 	 0.0035777	0.00747446
2315 	 2240 	 0.856262 	 0.00357989	0.00747905
2315 	 2245 	 0.856267 	 0.00358208	0.00748362
2315 	 2250 	 0.856273 	 0.00358426	0.00748818
2315 	 2255 	 0.856278 	 0.00358644	0.00749273
2315 	 2260 	 0.856283 	 0.00358861	0.00749726
2315 	 2265 	 0.856288 	 0.00359078	0.00750179
2315 	 2270 	 0.856294 	 0.00359293	0.0075063
2315 	 2275 	 0.856299 	 0.00359509	0.00751079
2315 	 2280 	 0.856304 	 0.00359723	0.00751528
2315 	 2285 	 0.856309 	 0.00359938	0.00751975
2315 	 2290 	 0.856314 	 0.00360151	0.00752421
2315 	 2295 	 0.856319 	 0.00360364	0.00752866
2315 	 2300 	 0.856325 	 0.00360576	0.0075331
2315 	 2305 	 0.85633 	 0.00360788	0.00753752
2315 	 2310 	 0.856335 	 0.00360999	0.00754193
2315 	 2315 	 0.85634 	 0.0036121	0.00754633
2315 	 2320 	 0.856345 	 0.0036142	0.00755072
2315 	 2325 	 0.85635 	 0.00361629	0.0075551
2315 	 2330 	 0.856355 	 0.00361838	0.00755946
2315 	 2335 	 0.85636 	 0.00362047	0.00756381
2315 	 2340 	 0.856365 	 0.00362254	0.00756815
2315 	 2345 	 0.85637 	 0.00362461	0.00757248
2315 	 2350 	 0.856375 	 0.00362668	0.0075768
2315 	 2355 	 0.856379 	 0.00362874	0.0075811
2315 	 2360 	 0.856384 	 0.0036308	0.0075854
2315 	 2365 	 0.856389 	 0.00363285	0.00758968
2315 	 2370 	 0.856394 	 0.00363489	0.00759395
2315 	 2375 	 0.856399 	 0.00363693	0.00759821
2315 	 2380 	 0.856404 	 0.00363896	0.00760246
2315 	 2385 	 0.856408 	 0.00364099	0.0076067
2315 	 2390 	 0.856413 	 0.00364301	0.00761092
2315 	 2395 	 0.856418 	 0.00364503	0.00761514
2315 	 2400 	 0.856423 	 0.00364704	0.00761934
2315 	 2405 	 0.856427 	 0.00364905	0.00762353
2315 	 2410 	 0.856432 	 0.00365105	0.00762771
2315 	 2415 	 0.856437 	 0.00365305	0.00763188
2315 	 2420 	 0.856441 	 0.00365504	0.00763604
2315 	 2425 	 0.856446 	 0.00365702	0.00764019
2315 	 2430 	 0.85645 	 0.003659	0.00764433
2315 	 2435 	 0.856455 	 0.00366098	0.00764845
2315 	 2440 	 0.85646 	 0.00366295	0.00765257
2315 	 2445 	 0.856464 	 0.00366491	0.00765667
2315 	 2450 	 0.856469 	 0.00366687	0.00766076
2315 	 2455 	 0.856473 	 0.00366883	0.00766485
2315 	 2460 	 0.856478 	 0.00367078	0.00766892
2315 	 2465 	 0.856482 	 0.00367272	0.00767298
2315 	 2470 	 0.856487 	 0.00367466	0.00767703
2315 	 2475 	 0.856491 	 0.00367659	0.00768107
2315 	 2480 	 0.856496 	 0.00367852	0.0076851
2315 	 2485 	 0.8565 	 0.00368045	0.00768912
2315 	 2490 	 0.856505 	 0.00368237	0.00769313
2315 	 2495 	 0.856509 	 0.00368428	0.00769713
2315 	 2500 	 0.856513 	 0.00368619	0.00770112
2315 	 2505 	 0.856518 	 0.00368809	0.0077051
2315 	 2510 	 0.856522 	 0.00368999	0.00770907
2315 	 2515 	 0.856526 	 0.00369189	0.00771303
2315 	 2520 	 0.856531 	 0.00369378	0.00771697
2315 	 2525 	 0.856535 	 0.00369566	0.00772091
2315 	 2530 	 0.856539 	 0.00369754	0.00772484
2315 	 2535 	 0.856543 	 0.00369942	0.00772876
2315 	 2540 	 0.856548 	 0.00370129	0.00773267
2315 	 2545 	 0.856552 	 0.00370315	0.00773656
2315 	 2550 	 0.856556 	 0.00370502	0.00774045
2315 	 2555 	 0.85656 	 0.00370687	0.00774433
2315 	 2560 	 0.856565 	 0.00370872	0.0077482
2315 	 2565 	 0.856569 	 0.00371057	0.00775206
2315 	 2570 	 0.856573 	 0.00371241	0.00775591
2315 	 2575 	 0.856577 	 0.00371425	0.00775974
2315 	 2580 	 0.856581 	 0.00371608	0.00776357
2315 	 2585 	 0.856585 	 0.00371791	0.00776739
2315 	 2590 	 0.856589 	 0.00371974	0.0077712
2315 	 2595 	 0.856593 	 0.00372155	0.00777501
2315 	 2600 	 0.856598 	 0.00372337	0.0077788
2315 	 2605 	 0.856602 	 0.00372518	0.00778258
2315 	 2610 	 0.856606 	 0.00372698	0.00778635
2315 	 2615 	 0.85661 	 0.00372879	0.00779011
2315 	 2620 	 0.856614 	 0.00373058	0.00779387
2315 	 2625 	 0.856618 	 0.00373237	0.00779761
2315 	 2630 	 0.856622 	 0.00373416	0.00780135
2315 	 2635 	 0.856626 	 0.00373595	0.00780507
2315 	 2640 	 0.85663 	 0.00373772	0.00780879
2315 	 2645 	 0.856634 	 0.0037395	0.00781249
2315 	 2650 	 0.856637 	 0.00374127	0.00781619
2315 	 2655 	 0.856641 	 0.00374303	0.00781988
2315 	 2660 	 0.856645 	 0.0037448	0.00782356
2315 	 2665 	 0.856649 	 0.00374655	0.00782723
2315 	 2670 	 0.856653 	 0.00374831	0.00783089
2315 	 2675 	 0.856657 	 0.00375005	0.00783455
2315 	 2680 	 0.856661 	 0.0037518	0.00783819
2315 	 2685 	 0.856665 	 0.00375354	0.00784183
2315 	 2690 	 0.856668 	 0.00375527	0.00784545
2315 	 2695 	 0.856672 	 0.00375701	0.00784907
2315 	 2700 	 0.856676 	 0.00375873	0.00785268
2315 	 2705 	 0.85668 	 0.00376046	0.00785628
2315 	 2710 	 0.856684 	 0.00376218	0.00785987
2315 	 2715 	 0.856687 	 0.00376389	0.00786345
2315 	 2720 	 0.856691 	 0.0037656	0.00786703
2315 	 2725 	 0.856695 	 0.00376731	0.00787059
2315 	 2730 	 0.856699 	 0.00376901	0.00787415
2315 	 2735 	 0.856702 	 0.00377071	0.00787769
2315 	 2740 	 0.856706 	 0.0037724	0.00788123
2315 	 2745 	 0.85671 	 0.00377409	0.00788476
2315 	 2750 	 0.856713 	 0.00377578	0.00788829
2315 	 2755 	 0.856717 	 0.00377746	0.0078918
2315 	 2760 	 0.856721 	 0.00377914	0.00789531
2315 	 2765 	 0.856724 	 0.00378081	0.0078988
2315 	 2770 	 0.856728 	 0.00378248	0.00790229
2315 	 2775 	 0.856731 	 0.00378415	0.00790577
2315 	 2780 	 0.856735 	 0.00378581	0.00790925
2315 	 2785 	 0.856739 	 0.00378747	0.00791271
2315 	 2790 	 0.856742 	 0.00378912	0.00791617
2315 	 2795 	 0.856746 	 0.00379077	0.00791961
2315 	 2800 	 0.856749 	 0.00379242	0.00792305
2315 	 2805 	 0.856753 	 0.00379406	0.00792648
2315 	 2810 	 0.856756 	 0.0037957	0.00792991
2315 	 2815 	 0.85676 	 0.00379733	0.00793332
2315 	 2820 	 0.856763 	 0.00379896	0.00793673
2315 	 2825 	 0.856767 	 0.00380059	0.00794013
2315 	 2830 	 0.85677 	 0.00380222	0.00794352
2315 	 2835 	 0.856774 	 0.00380383	0.0079469
2315 	 2840 	 0.856777 	 0.00380545	0.00795028
2315 	 2845 	 0.856781 	 0.00380706	0.00795365
2315 	 2850 	 0.856784 	 0.00380867	0.00795701
2315 	 2855 	 0.856788 	 0.00381027	0.00796036
2315 	 2860 	 0.856791 	 0.00381187	0.0079637
2315 	 2865 	 0.856794 	 0.00381347	0.00796704
2315 	 2870 	 0.856798 	 0.00381507	0.00797037
2315 	 2875 	 0.856801 	 0.00381665	0.00797369
2315 	 2880 	 0.856805 	 0.00381824	0.007977
2315 	 2885 	 0.856808 	 0.00381982	0.00798031
2315 	 2890 	 0.856811 	 0.0038214	0.0079836
2315 	 2895 	 0.856815 	 0.00382298	0.00798689
2315 	 2900 	 0.856818 	 0.00382455	0.00799018
2315 	 2905 	 0.856821 	 0.00382611	0.00799345
2315 	 2910 	 0.856825 	 0.00382768	0.00799672
2315 	 2915 	 0.856828 	 0.00382924	0.00799998
2315 	 2920 	 0.856831 	 0.0038308	0.00800323
2315 	 2925 	 0.856834 	 0.00383235	0.00800648
2315 	 2930 	 0.856838 	 0.0038339	0.00800971
2315 	 2935 	 0.856841 	 0.00383545	0.00801294
2315 	 2940 	 0.856844 	 0.00383699	0.00801617
2315 	 2945 	 0.856847 	 0.00383853	0.00801938
2315 	 2950 	 0.856851 	 0.00384006	0.00802259
2315 	 2955 	 0.856854 	 0.0038416	0.00802579
2315 	 2960 	 0.856857 	 0.00384312	0.00802899
2315 	 2965 	 0.85686 	 0.00384465	0.00803217
2315 	 2970 	 0.856863 	 0.00384617	0.00803535
2315 	 2975 	 0.856867 	 0.00384769	0.00803853
2315 	 2980 	 0.85687 	 0.00384921	0.00804169
2315 	 2985 	 0.856873 	 0.00385072	0.00804485
2315 	 2990 	 0.856876 	 0.00385222	0.008048
2315 	 2995 	 0.856879 	 0.00385373	0.00805114
2315 	 3000 	 0.856882 	 0.00385523	0.00805428
2315 	 3005 	 0.856885 	 0.00385673	0.00805741
2315 	 3010 	 0.856888 	 0.00385822	0.00806053
2315 	 3015 	 0.856892 	 0.00385972	0.00806365
2315 	 3020 	 0.856895 	 0.0038612	0.00806676
2315 	 3025 	 0.856898 	 0.00386269	0.00806986
2315 	 3030 	 0.856901 	 0.00386417	0.00807296
2315 	 3035 	 0.856904 	 0.00386565	0.00807604
2315 	 3040 	 0.856907 	 0.00386712	0.00807912
2315 	 3045 	 0.85691 	 0.00386859	0.0080822
2315 	 3050 	 0.856913 	 0.00387006	0.00808527
2315 	 3055 	 0.856916 	 0.00387153	0.00808833
2315 	 3060 	 0.856919 	 0.00387299	0.00809138
2315 	 3065 	 0.856922 	 0.00387445	0.00809443
2315 	 3070 	 0.856925 	 0.0038759	0.00809747
2315 	 3075 	 0.856928 	 0.00387736	0.00810051
2315 	 3080 	 0.856931 	 0.00387881	0.00810353
2315 	 3085 	 0.856934 	 0.00388025	0.00810655
2315 	 3090 	 0.856937 	 0.00388169	0.00810957
2315 	 3095 	 0.85694 	 0.00388313	0.00811258
2315 	 3100 	 0.856943 	 0.00388457	0.00811558
2315 	 3105 	 0.856946 	 0.003886	0.00811857
2315 	 3110 	 0.856949 	 0.00388743	0.00812156
2315 	 3115 	 0.856952 	 0.00388886	0.00812454
2315 	 3120 	 0.856954 	 0.00389029	0.00812752
2315 	 3125 	 0.856957 	 0.00389171	0.00813048
2315 	 3130 	 0.85696 	 0.00389312	0.00813345
2315 	 3135 	 0.856963 	 0.00389454	0.0081364
2315 	 3140 	 0.856966 	 0.00389595	0.00813935
2315 	 3145 	 0.856969 	 0.00389736	0.0081423
2315 	 3150 	 0.856972 	 0.00389877	0.00814523
2315 	 3155 	 0.856975 	 0.00390017	0.00814816
2315 	 3160 	 0.856977 	 0.00390157	0.00815109
2315 	 3165 	 0.85698 	 0.00390296	0.008154
2315 	 3170 	 0.856983 	 0.00390436	0.00815692
2315 	 3175 	 0.856986 	 0.00390575	0.00815982
2315 	 3180 	 0.856989 	 0.00390714	0.00816272
2315 	 3185 	 0.856991 	 0.00390852	0.00816561
2315 	 3190 	 0.856994 	 0.0039099	0.0081685
2315 	 3195 	 0.856997 	 0.00391128	0.00817138
2315 	 3200 	 0.857 	 0.00391266	0.00817426
2315 	 3205 	 0.857003 	 0.00391403	0.00817712
2315 	 3210 	 0.857005 	 0.0039154	0.00817999
2315 	 3215 	 0.857008 	 0.00391677	0.00818284
2315 	 3220 	 0.857011 	 0.00391813	0.00818569
2315 	 3225 	 0.857014 	 0.00391949	0.00818854
2315 	 3230 	 0.857016 	 0.00392085	0.00819138
2315 	 3235 	 0.857019 	 0.00392221	0.00819421
2315 	 3240 	 0.857022 	 0.00392356	0.00819703
2315 	 3245 	 0.857024 	 0.00392491	0.00819985
2315 	 3250 	 0.857027 	 0.00392626	0.00820267
2315 	 3255 	 0.85703 	 0.0039276	0.00820548
2315 	 3260 	 0.857032 	 0.00392894	0.00820828
2315 	 3265 	 0.857035 	 0.00393028	0.00821108
2315 	 3270 	 0.857038 	 0.00393162	0.00821387
2315 	 3275 	 0.85704 	 0.00393295	0.00821665
2315 	 3280 	 0.857043 	 0.00393428	0.00821943
2315 	 3285 	 0.857046 	 0.00393561	0.0082222
2315 	 3290 	 0.857048 	 0.00393693	0.00822497
2315 	 3295 	 0.857051 	 0.00393826	0.00822773
2315 	 3300 	 0.857054 	 0.00393958	0.00823049
2315 	 3305 	 0.857056 	 0.00394089	0.00823324
2315 	 3310 	 0.857059 	 0.00394221	0.00823599
2315 	 3315 	 0.857061 	 0.00394352	0.00823873
2315 	 3320 	 0.857064 	 0.00394483	0.00824146
2315 	 3325 	 0.857067 	 0.00394613	0.00824419
2315 	 3330 	 0.857069 	 0.00394743	0.00824691
2315 	 3335 	 0.857072 	 0.00394873	0.00824963
2315 	 3340 	 0.857074 	 0.00395003	0.00825234
2315 	 3345 	 0.857077 	 0.00395133	0.00825504
2315 	 3350 	 0.857079 	 0.00395262	0.00825774
2315 	 3355 	 0.857082 	 0.00395391	0.00826044
2315 	 3360 	 0.857084 	 0.0039552	0.00826313
2315 	 3365 	 0.857087 	 0.00395648	0.00826581
2315 	 3370 	 0.85709 	 0.00395776	0.00826849
2315 	 3375 	 0.857092 	 0.00395904	0.00827116
2315 	 3380 	 0.857095 	 0.00396032	0.00827383
2315 	 3385 	 0.857097 	 0.00396159	0.00827649
2315 	 3390 	 0.8571 	 0.00396286	0.00827914
2315 	 3395 	 0.857102 	 0.00396413	0.0082818
2315 	 3400 	 0.857104 	 0.0039654	0.00828444
2315 	 3405 	 0.857107 	 0.00396666	0.00828708
2315 	 3410 	 0.857109 	 0.00396792	0.00828972
2315 	 3415 	 0.857112 	 0.00396918	0.00829235
2315 	 3420 	 0.857114 	 0.00397044	0.00829497
2315 	 3425 	 0.857117 	 0.00397169	0.00829759
2315 	 3430 	 0.857119 	 0.00397294	0.0083002
2315 	 3435 	 0.857122 	 0.00397419	0.00830281
2315 	 3440 	 0.857124 	 0.00397544	0.00830541
2315 	 3445 	 0.857126 	 0.00397668	0.00830801
2315 	 3450 	 0.857129 	 0.00397792	0.00831061
2315 	 3455 	 0.857131 	 0.00397916	0.00831319
2315 	 3460 	 0.857134 	 0.0039804	0.00831578
2315 	 3465 	 0.857136 	 0.00398163	0.00831835
2315 	 3470 	 0.857138 	 0.00398286	0.00832093
2315 	 3475 	 0.857141 	 0.00398409	0.00832349
2315 	 3480 	 0.857143 	 0.00398532	0.00832605
2315 	 3485 	 0.857146 	 0.00398654	0.00832861
2315 	 3490 	 0.857148 	 0.00398776	0.00833116
2315 	 3495 	 0.85715 	 0.00398898	0.00833371
2315 	 3500 	 0.857153 	 0.0039902	0.00833625
2315 	 3505 	 0.857155 	 0.00399141	0.00833879
2315 	 3510 	 0.857157 	 0.00399262	0.00834132
2315 	 3515 	 0.85716 	 0.00399383	0.00834385
2315 	 3520 	 0.857162 	 0.00399504	0.00834637
2315 	 3525 	 0.857164 	 0.00399625	0.00834889
2315 	 3530 	 0.857167 	 0.00399745	0.0083514
2315 	 3535 	 0.857169 	 0.00399865	0.00835391
2315 	 3540 	 0.857171 	 0.00399985	0.00835641
2315 	 3545 	 0.857174 	 0.00400104	0.0083589
2315 	 3550 	 0.857176 	 0.00400223	0.0083614
2315 	 3555 	 0.857178 	 0.00400343	0.00836388
2315 	 3560 	 0.85718 	 0.00400461	0.00836637
2315 	 3565 	 0.857183 	 0.0040058	0.00836884
2315 	 3570 	 0.857185 	 0.00400698	0.00837132
2315 	 3575 	 0.857187 	 0.00400816	0.00837379
2315 	 3580 	 0.857189 	 0.00400934	0.00837625
2315 	 3585 	 0.857192 	 0.00401052	0.00837871
2315 	 3590 	 0.857194 	 0.0040117	0.00838116
2315 	 3595 	 0.857196 	 0.00401287	0.00838361
2315 	 3600 	 0.857198 	 0.00401404	0.00838606
2315 	 3605 	 0.857201 	 0.00401521	0.0083885
2315 	 3610 	 0.857203 	 0.00401637	0.00839093
2315 	 3615 	 0.857205 	 0.00401753	0.00839336
2315 	 3620 	 0.857207 	 0.0040187	0.00839579
2315 	 3625 	 0.857209 	 0.00401985	0.00839821
2315 	 3630 	 0.857212 	 0.00402101	0.00840062
2315 	 3635 	 0.857214 	 0.00402216	0.00840304
2315 	 3640 	 0.857216 	 0.00402332	0.00840544
2315 	 3645 	 0.857218 	 0.00402447	0.00840784
2315 	 3650 	 0.85722 	 0.00402561	0.00841024
2315 	 3655 	 0.857223 	 0.00402676	0.00841264
2315 	 3660 	 0.857225 	 0.0040279	0.00841503
2315 	 3665 	 0.857227 	 0.00402905	0.00841741
2315 	 3670 	 0.857229 	 0.00403018	0.00841979
2315 	 3675 	 0.857231 	 0.00403132	0.00842216
2315 	 3680 	 0.857233 	 0.00403246	0.00842454
2315 	 3685 	 0.857235 	 0.00403359	0.0084269
2315 	 3690 	 0.857238 	 0.00403472	0.00842926
2315 	 3695 	 0.85724 	 0.00403585	0.00843162
2315 	 3700 	 0.857242 	 0.00403697	0.00843397
2315 	 3705 	 0.857244 	 0.0040381	0.00843632
2315 	 3710 	 0.857246 	 0.00403922	0.00843867
2315 	 3715 	 0.857248 	 0.00404034	0.00844101
2315 	 3720 	 0.85725 	 0.00404146	0.00844334
2315 	 3725 	 0.857252 	 0.00404257	0.00844567
2315 	 3730 	 0.857254 	 0.00404369	0.008448
2315 	 3735 	 0.857256 	 0.0040448	0.00845032
2315 	 3740 	 0.857259 	 0.00404591	0.00845264
2315 	 3745 	 0.857261 	 0.00404701	0.00845495
2315 	 3750 	 0.857263 	 0.00404812	0.00845726
2315 	 3755 	 0.857265 	 0.00404922	0.00845957
2315 	 3760 	 0.857267 	 0.00405032	0.00846187
2315 	 3765 	 0.857269 	 0.00405142	0.00846416
2315 	 3770 	 0.857271 	 0.00405252	0.00846645
2315 	 3775 	 0.857273 	 0.00405362	0.00846874
2315 	 3780 	 0.857275 	 0.00405471	0.00847103
2315 	 3785 	 0.857277 	 0.0040558	0.0084733
2315 	 3790 	 0.857279 	 0.00405689	0.00847558
2315 	 3795 	 0.857281 	 0.00405798	0.00847785
2315 	 3800 	 0.857283 	 0.00405906	0.00848012
2315 	 3805 	 0.857285 	 0.00406014	0.00848238
2315 	 3810 	 0.857287 	 0.00406122	0.00848464
2315 	 3815 	 0.857289 	 0.0040623	0.00848689
2315 	 3820 	 0.857291 	 0.00406338	0.00848914
2315 	 3825 	 0.857293 	 0.00406446	0.00849139
2315 	 3830 	 0.857295 	 0.00406553	0.00849363
2315 	 3835 	 0.857297 	 0.0040666	0.00849587
2315 	 3840 	 0.857299 	 0.00406767	0.0084981
2315 	 3845 	 0.857301 	 0.00406874	0.00850033
2315 	 3850 	 0.857303 	 0.0040698	0.00850256
2315 	 3855 	 0.857305 	 0.00407086	0.00850478
2315 	 3860 	 0.857307 	 0.00407193	0.008507
2315 	 3865 	 0.857309 	 0.00407299	0.00850921
2315 	 3870 	 0.857311 	 0.00407404	0.00851142
2315 	 3875 	 0.857313 	 0.0040751	0.00851362
2315 	 3880 	 0.857315 	 0.00407615	0.00851583
2315 	 3885 	 0.857317 	 0.0040772	0.00851802
2315 	 3890 	 0.857319 	 0.00407825	0.00852022
2315 	 3895 	 0.857321 	 0.0040793	0.00852241
2315 	 3900 	 0.857322 	 0.00408035	0.00852459
2315 	 3905 	 0.857324 	 0.00408139	0.00852677
2315 	 3910 	 0.857326 	 0.00408243	0.00852895
2315 	 3915 	 0.857328 	 0.00408348	0.00853112
2315 	 3920 	 0.85733 	 0.00408451	0.00853329
2315 	 3925 	 0.857332 	 0.00408555	0.00853546
2315 	 3930 	 0.857334 	 0.00408659	0.00853762
2315 	 3935 	 0.857336 	 0.00408762	0.00853978
2315 	 3940 	 0.857338 	 0.00408865	0.00854193
2315 	 3945 	 0.85734 	 0.00408968	0.00854408
2315 	 3950 	 0.857341 	 0.00409071	0.00854623
2315 	 3955 	 0.857343 	 0.00409173	0.00854837
2315 	 3960 	 0.857345 	 0.00409276	0.00855051
2315 	 3965 	 0.857347 	 0.00409378	0.00855265
2315 	 3970 	 0.857349 	 0.0040948	0.00855478
2315 	 3975 	 0.857351 	 0.00409582	0.00855691
2315 	 3980 	 0.857353 	 0.00409683	0.00855903
2315 	 3985 	 0.857354 	 0.00409785	0.00856115
2315 	 3990 	 0.857356 	 0.00409886	0.00856327
2315 	 3995 	 0.857358 	 0.00409987	0.00856538
2315 	 4000 	 0.85736 	 0.00410088	0.00856749
2315 	 4005 	 0.857362 	 0.00410189	0.00856959
2315 	 4010 	 0.857364 	 0.0041029	0.0085717
2315 	 4015 	 0.857365 	 0.0041039	0.00857379
2315 	 4020 	 0.857367 	 0.0041049	0.00857589
2315 	 4025 	 0.857369 	 0.0041059	0.00857798
2315 	 4030 	 0.857371 	 0.0041069	0.00858006
2315 	 4035 	 0.857373 	 0.0041079	0.00858215
2315 	 4040 	 0.857375 	 0.00410889	0.00858423
2315 	 4045 	 0.857376 	 0.00410989	0.0085863
2315 	 4050 	 0.857378 	 0.00411088	0.00858837
2315 	 4055 	 0.85738 	 0.00411187	0.00859044
2315 	 4060 	 0.857382 	 0.00411286	0.00859251
2315 	 4065 	 0.857383 	 0.00411384	0.00859457
2315 	 4070 	 0.857385 	 0.00411483	0.00859663
2315 	 4075 	 0.857387 	 0.00411581	0.00859868
2315 	 4080 	 0.857389 	 0.00411679	0.00860073
2315 	 4085 	 0.857391 	 0.00411777	0.00860278
2315 	 4090 	 0.857392 	 0.00411875	0.00860482
2315 	 4095 	 0.857394 	 0.00411973	0.00860686
2315 	 4100 	 0.857396 	 0.0041207	0.0086089
2315 	 4105 	 0.857398 	 0.00412168	0.00861093
2315 	 4110 	 0.857399 	 0.00412265	0.00861296
2315 	 4115 	 0.857401 	 0.00412362	0.00861499
2315 	 4120 	 0.857403 	 0.00412459	0.00861701
2315 	 4125 	 0.857405 	 0.00412555	0.00861903
2315 	 4130 	 0.857406 	 0.00412652	0.00862104
2315 	 4135 	 0.857408 	 0.00412748	0.00862306
2315 	 4140 	 0.85741 	 0.00412844	0.00862506
2315 	 4145 	 0.857411 	 0.0041294	0.00862707
2315 	 4150 	 0.857413 	 0.00413036	0.00862907
2315 	 4155 	 0.857415 	 0.00413132	0.00863107
2315 	 4160 	 0.857417 	 0.00413227	0.00863306
2315 	 4165 	 0.857418 	 0.00413322	0.00863506
2315 	 4170 	 0.85742 	 0.00413417	0.00863704
2315 	 4175 	 0.857422 	 0.00413512	0.00863903
2315 	 4180 	 0.857423 	 0.00413607	0.00864101
2315 	 4185 	 0.857425 	 0.00413702	0.00864299
2315 	 4190 	 0.857427 	 0.00413797	0.00864496
2315 	 4195 	 0.857428 	 0.00413891	0.00864693
2315 	 4200 	 0.85743 	 0.00413985	0.0086489
2315 	 4205 	 0.857432 	 0.00414079	0.00865087
2315 	 4210 	 0.857433 	 0.00414173	0.00865283
2315 	 4215 	 0.857435 	 0.00414267	0.00865479
2315 	 4220 	 0.857437 	 0.0041436	0.00865674
2315 	 4225 	 0.857438 	 0.00414454	0.00865869
2315 	 4230 	 0.85744 	 0.00414547	0.00866064
2315 	 4235 	 0.857442 	 0.0041464	0.00866258
2315 	 4240 	 0.857443 	 0.00414733	0.00866453
2315 	 4245 	 0.857445 	 0.00414826	0.00866646
2315 	 4250 	 0.857447 	 0.00414918	0.0086684
2315 	 4255 	 0.857448 	 0.00415011	0.00867033
2315 	 4260 	 0.85745 	 0.00415103	0.00867226
2315 	 4265 	 0.857452 	 0.00415195	0.00867419
2315 	 4270 	 0.857453 	 0.00415287	0.00867611
2315 	 4275 	 0.857455 	 0.00415379	0.00867803
2315 	 4280 	 0.857456 	 0.00415471	0.00867994
2315 	 4285 	 0.857458 	 0.00415562	0.00868186
2315 	 4290 	 0.85746 	 0.00415654	0.00868376
2315 	 4295 	 0.857461 	 0.00415745	0.00868567
2315 	 4300 	 0.857463 	 0.00415836	0.00868757
2315 	 4305 	 0.857464 	 0.00415927	0.00868947
2315 	 4310 	 0.857466 	 0.00416018	0.00869137
2315 	 4315 	 0.857468 	 0.00416108	0.00869326
2315 	 4320 	 0.857469 	 0.00416199	0.00869515
2315 	 4325 	 0.857471 	 0.00416289	0.00869704
2315 	 4330 	 0.857472 	 0.00416379	0.00869893
2315 	 4335 	 0.857474 	 0.0041647	0.00870081
2315 	 4340 	 0.857476 	 0.00416559	0.00870269
2315 	 4345 	 0.857477 	 0.00416649	0.00870456
2315 	 4350 	 0.857479 	 0.00416739	0.00870643
2315 	 4355 	 0.85748 	 0.00416828	0.0087083
2315 	 4360 	 0.857482 	 0.00416918	0.00871017
2315 	 4365 	 0.857483 	 0.00417007	0.00871203
2315 	 4370 	 0.857485 	 0.00417096	0.00871389
2315 	 4375 	 0.857487 	 0.00417185	0.00871575
2315 	 4380 	 0.857488 	 0.00417273	0.0087176
2315 	 4385 	 0.85749 	 0.00417362	0.00871945
2315 	 4390 	 0.857491 	 0.0041745	0.0087213
2315 	 4395 	 0.857493 	 0.00417539	0.00872314
2315 	 4400 	 0.857494 	 0.00417627	0.00872498
2315 	 4405 	 0.857496 	 0.00417715	0.00872682
2315 	 4410 	 0.857497 	 0.00417803	0.00872866
2315 	 4415 	 0.857499 	 0.0041789	0.00873049
2315 	 4420 	 0.8575 	 0.00417978	0.00873232
2315 	 4425 	 0.857502 	 0.00418065	0.00873415
2315 	 4430 	 0.857503 	 0.00418153	0.00873597
2315 	 4435 	 0.857505 	 0.0041824	0.00873779
2315 	 4440 	 0.857506 	 0.00418327	0.00873961
2315 	 4445 	 0.857508 	 0.00418414	0.00874142
2315 	 4450 	 0.857509 	 0.004185	0.00874324
2315 	 4455 	 0.857511 	 0.00418587	0.00874505
2315 	 4460 	 0.857512 	 0.00418673	0.00874685
2315 	 4465 	 0.857514 	 0.0041876	0.00874865
2315 	 4470 	 0.857515 	 0.00418846	0.00875046
2315 	 4475 	 0.857517 	 0.00418932	0.00875225
2315 	 4480 	 0.857518 	 0.00419018	0.00875405
2315 	 4485 	 0.85752 	 0.00419104	0.00875584
2315 	 4490 	 0.857521 	 0.00419189	0.00875763
2315 	 4495 	 0.857523 	 0.00419275	0.00875941
2315 	 4500 	 0.857524 	 0.0041936	0.0087612
2315 	 4505 	 0.857526 	 0.00419445	0.00876298
2315 	 4510 	 0.857527 	 0.0041953	0.00876475
2315 	 4515 	 0.857529 	 0.00419615	0.00876653
2315 	 4520 	 0.85753 	 0.004197	0.0087683
2315 	 4525 	 0.857532 	 0.00419785	0.00877007
2315 	 4530 	 0.857533 	 0.00419869	0.00877184
2315 	 4535 	 0.857535 	 0.00419954	0.0087736
2315 	 4540 	 0.857536 	 0.00420038	0.00877536
2315 	 4545 	 0.857538 	 0.00420122	0.00877712
2315 	 4550 	 0.857539 	 0.00420206	0.00877887
2315 	 4555 	 0.85754 	 0.0042029	0.00878063
2315 	 4560 	 0.857542 	 0.00420374	0.00878238
2315 	 4565 	 0.857543 	 0.00420457	0.00878412
2315 	 4570 	 0.857545 	 0.00420541	0.00878587
2315 	 4575 	 0.857546 	 0.00420624	0.00878761
2315 	 4580 	 0.857548 	 0.00420708	0.00878935
2315 	 4585 	 0.857549 	 0.00420791	0.00879108
2315 	 4590 	 0.85755 	 0.00420874	0.00879282
2315 	 4595 	 0.857552 	 0.00420956	0.00879455
2315 	 4600 	 0.857553 	 0.00421039	0.00879627
2315 	 4605 	 0.857555 	 0.00421122	0.008798
2315 	 4610 	 0.857556 	 0.00421204	0.00879972
2315 	 4615 	 0.857558 	 0.00421286	0.00880144
2315 	 4620 	 0.857559 	 0.00421369	0.00880316
2315 	 4625 	 0.85756 	 0.00421451	0.00880487
2315 	 4630 	 0.857562 	 0.00421533	0.00880658
2315 	 4635 	 0.857563 	 0.00421614	0.00880829
2315 	 4640 	 0.857565 	 0.00421696	0.00881
2315 	 4645 	 0.857566 	 0.00421778	0.0088117
2315 	 4650 	 0.857567 	 0.00421859	0.0088134
2315 	 4655 	 0.857569 	 0.0042194	0.0088151
2315 	 4660 	 0.85757 	 0.00422021	0.0088168
2315 	 4665 	 0.857571 	 0.00422103	0.00881849
2315 	 4670 	 0.857573 	 0.00422183	0.00882018
2315 	 4675 	 0.857574 	 0.00422264	0.00882187
2315 	 4680 	 0.857576 	 0.00422345	0.00882355
2315 	 4685 	 0.857577 	 0.00422425	0.00882524
2315 	 4690 	 0.857578 	 0.00422506	0.00882692
2315 	 4695 	 0.85758 	 0.00422586	0.0088286
2315 	 4700 	 0.857581 	 0.00422666	0.00883027
2315 	 4705 	 0.857582 	 0.00422746	0.00883194
2315 	 4710 	 0.857584 	 0.00422826	0.00883361
2315 	 4715 	 0.857585 	 0.00422906	0.00883528
2315 	 4720 	 0.857586 	 0.00422986	0.00883694
2315 	 4725 	 0.857588 	 0.00423065	0.00883861
2315 	 4730 	 0.857589 	 0.00423145	0.00884027
2315 	 4735 	 0.857591 	 0.00423224	0.00884192
2315 	 4740 	 0.857592 	 0.00423303	0.00884358
2315 	 4745 	 0.857593 	 0.00423382	0.00884523
2315 	 4750 	 0.857595 	 0.00423461	0.00884688
2315 	 4755 	 0.857596 	 0.0042354	0.00884853
2315 	 4760 	 0.857597 	 0.00423619	0.00885017
2315 	 4765 	 0.857599 	 0.00423698	0.00885181
2315 	 4770 	 0.8576 	 0.00423776	0.00885345
2315 	 4775 	 0.857601 	 0.00423854	0.00885509
2315 	 4780 	 0.857603 	 0.00423933	0.00885673
2315 	 4785 	 0.857604 	 0.00424011	0.00885836
2315 	 4790 	 0.857605 	 0.00424089	0.00885999
2315 	 4795 	 0.857606 	 0.00424167	0.00886161
2315 	 4800 	 0.857608 	 0.00424244	0.00886324
2315 	 4805 	 0.857609 	 0.00424322	0.00886486
2315 	 4810 	 0.85761 	 0.004244	0.00886648
2315 	 4815 	 0.857612 	 0.00424477	0.0088681
2315 	 4820 	 0.857613 	 0.00424554	0.00886971
2315 	 4825 	 0.857614 	 0.00424632	0.00887133
2315 	 4830 	 0.857616 	 0.00424709	0.00887294
2315 	 4835 	 0.857617 	 0.00424786	0.00887455
2315 	 4840 	 0.857618 	 0.00424862	0.00887615
2315 	 4845 	 0.857619 	 0.00424939	0.00887775
2315 	 4850 	 0.857621 	 0.00425016	0.00887935
2315 	 4855 	 0.857622 	 0.00425092	0.00888095
2315 	 4860 	 0.857623 	 0.00425169	0.00888255
2315 	 4865 	 0.857625 	 0.00425245	0.00888414
2315 	 4870 	 0.857626 	 0.00425321	0.00888573
2315 	 4875 	 0.857627 	 0.00425397	0.00888732
2315 	 4880 	 0.857628 	 0.00425473	0.00888891
2315 	 4885 	 0.85763 	 0.00425549	0.00889049
2315 	 4890 	 0.857631 	 0.00425625	0.00889207
2315 	 4895 	 0.857632 	 0.004257	0.00889365
2315 	 4900 	 0.857633 	 0.00425776	0.00889523
2315 	 4905 	 0.857635 	 0.00425851	0.0088968
2315 	 4910 	 0.857636 	 0.00425926	0.00889838
2315 	 4915 	 0.857637 	 0.00426001	0.00889995
2315 	 4920 	 0.857638 	 0.00426077	0.00890151
2315 	 4925 	 0.85764 	 0.00426151	0.00890308
2315 	 4930 	 0.857641 	 0.00426226	0.00890464
2315 	 4935 	 0.857642 	 0.00426301	0.0089062
2315 	 4940 	 0.857643 	 0.00426376	0.00890776
2315 	 4945 	 0.857645 	 0.0042645	0.00890932
2315 	 4950 	 0.857646 	 0.00426524	0.00891087
2315 	 4955 	 0.857647 	 0.00426599	0.00891242
2315 	 4960 	 0.857648 	 0.00426673	0.00891397
2315 	 4965 	 0.85765 	 0.00426747	0.00891552
2315 	 4970 	 0.857651 	 0.00426821	0.00891707
2315 	 4975 	 0.857652 	 0.00426895	0.00891861
2315 	 4980 	 0.857653 	 0.00426968	0.00892015
2315 	 4985 	 0.857655 	 0.00427042	0.00892169
2315 	 4990 	 0.857656 	 0.00427116	0.00892322
2315 	 4995 	 0.857657 	 0.00427189	0.00892476
2315 	 5000 	 0.857658 	 0.00427262	0.00892629
