3760 	 5 	 0.72927 	 0.00676214	0.0141274
3760 	 10 	 0.729871 	 0.00637207	0.0133124
3760 	 15 	 0.731009 	 0.0057659	0.012046
3760 	 20 	 0.733122 	 0.00491753	0.0102736
3760 	 25 	 0.736917 	 0.00396961	0.00829323
3760 	 30 	 0.743345 	 0.00336416	0.00702833
3760 	 35 	 0.753218 	 0.00324534	0.00678011
3760 	 40 	 0.766314 	 0.00288617	0.00602974
3760 	 45 	 0.781691 	 0.0031841	0.00665217
3760 	 50 	 0.79588 	 0.00314649	0.00657359
3760 	 55 	 0.806581 	 0.00287914	0.00601505
3760 	 60 	 0.813802 	 0.00251037	0.00524461
3760 	 65 	 0.81843 	 0.00229973	0.00480455
3760 	 70 	 0.82141 	 0.00228147	0.00476641
3760 	 75 	 0.823428 	 0.00234433	0.00489773
3760 	 80 	 0.824901 	 0.00241234	0.00503982
3760 	 85 	 0.826068 	 0.00246458	0.00514895
3760 	 90 	 0.827059 	 0.00250236	0.00522788
3760 	 95 	 0.827942 	 0.00253078	0.00528725
3760 	 100 	 0.828755 	 0.00255335	0.00533442
3760 	 105 	 0.829518 	 0.00257172	0.00537279
3760 	 110 	 0.830242 	 0.00258637	0.00540339
3760 	 115 	 0.830933 	 0.00259732	0.00542628
3760 	 120 	 0.831595 	 0.00260455	0.00544137
3760 	 125 	 0.832231 	 0.00260807	0.00544873
3760 	 130 	 0.832842 	 0.00260804	0.00544868
3760 	 135 	 0.833429 	 0.00260472	0.00544173
3760 	 140 	 0.833995 	 0.00259842	0.00542858
3760 	 145 	 0.83454 	 0.00258953	0.00540999
3760 	 150 	 0.835065 	 0.00257841	0.00538677
3760 	 155 	 0.835571 	 0.00256545	0.00535969
3760 	 160 	 0.836059 	 0.00255101	0.00532953
3760 	 165 	 0.836529 	 0.00253543	0.00529697
3760 	 170 	 0.836982 	 0.00251901	0.00526266
3760 	 175 	 0.83742 	 0.00250202	0.00522717
3760 	 180 	 0.837843 	 0.00248471	0.00519101
3760 	 185 	 0.838251 	 0.00246729	0.00515461
3760 	 190 	 0.838645 	 0.00244994	0.00511836
3760 	 195 	 0.839026 	 0.00243281	0.00508258
3760 	 200 	 0.839394 	 0.00241604	0.00504754
3760 	 205 	 0.83975 	 0.00239973	0.00501348
3760 	 210 	 0.840094 	 0.00238398	0.00498056
3760 	 215 	 0.840428 	 0.00236885	0.00494895
3760 	 220 	 0.84075 	 0.00235439	0.00491876
3760 	 225 	 0.841063 	 0.00234066	0.00489007
3760 	 230 	 0.841366 	 0.00232769	0.00486296
3760 	 235 	 0.841659 	 0.00231548	0.00483746
3760 	 240 	 0.841944 	 0.00230406	0.00481359
3760 	 245 	 0.84222 	 0.00229342	0.00479137
3760 	 250 	 0.842487 	 0.00228357	0.0047708
3760 	 255 	 0.842747 	 0.0022745	0.00475186
3760 	 260 	 0.843 	 0.00226621	0.00473452
3760 	 265 	 0.843245 	 0.00225866	0.00471875
3760 	 270 	 0.843483 	 0.00225185	0.00470453
3760 	 275 	 0.843714 	 0.00224576	0.00469181
3760 	 280 	 0.843939 	 0.00224037	0.00468054
3760 	 285 	 0.844158 	 0.00223565	0.00467068
3760 	 290 	 0.844371 	 0.00223158	0.00466218
3760 	 295 	 0.844578 	 0.00222814	0.00465498
3760 	 300 	 0.84478 	 0.0022253	0.00464905
3760 	 305 	 0.844976 	 0.00222303	0.00464432
3760 	 310 	 0.845167 	 0.00222133	0.00464076
3760 	 315 	 0.845354 	 0.00222015	0.00463829
3760 	 320 	 0.845535 	 0.00221948	0.00463689
3760 	 325 	 0.845712 	 0.00221929	0.0046365
3760 	 330 	 0.845885 	 0.00221956	0.00463707
3760 	 335 	 0.846053 	 0.00222027	0.00463856
3760 	 340 	 0.846218 	 0.0022214	0.00464092
3760 	 345 	 0.846378 	 0.00222293	0.00464411
3760 	 350 	 0.846535 	 0.00222483	0.00464809
3760 	 355 	 0.846688 	 0.0022271	0.00465281
3760 	 360 	 0.846837 	 0.0022297	0.00465825
3760 	 365 	 0.846983 	 0.00223262	0.00466436
3760 	 370 	 0.847126 	 0.00223585	0.0046711
3760 	 375 	 0.847265 	 0.00223937	0.00467845
3760 	 380 	 0.847401 	 0.00224316	0.00468638
3760 	 385 	 0.847535 	 0.00224721	0.00469484
3760 	 390 	 0.847665 	 0.00225151	0.00470381
3760 	 395 	 0.847793 	 0.00225604	0.00471327
3760 	 400 	 0.847918 	 0.00226078	0.00472318
3760 	 405 	 0.84804 	 0.00226573	0.00473352
3760 	 410 	 0.84816 	 0.00227088	0.00474427
3760 	 415 	 0.848277 	 0.0022762	0.0047554
3760 	 420 	 0.848392 	 0.0022817	0.00476689
3760 	 425 	 0.848504 	 0.00228737	0.00477872
3760 	 430 	 0.848614 	 0.00229318	0.00479087
3760 	 435 	 0.848722 	 0.00229914	0.00480332
3760 	 440 	 0.848828 	 0.00230523	0.00481605
3760 	 445 	 0.848932 	 0.00231145	0.00482905
3760 	 450 	 0.849034 	 0.00231779	0.00484229
3760 	 455 	 0.849133 	 0.00232424	0.00485577
3760 	 460 	 0.849231 	 0.0023308	0.00486946
3760 	 465 	 0.849327 	 0.00233745	0.00488336
3760 	 470 	 0.849422 	 0.00234419	0.00489745
3760 	 475 	 0.849514 	 0.00235102	0.00491171
3760 	 480 	 0.849605 	 0.00235793	0.00492614
3760 	 485 	 0.849694 	 0.00236491	0.00494073
3760 	 490 	 0.849782 	 0.00237196	0.00495546
3760 	 495 	 0.849868 	 0.00237907	0.00497032
3760 	 500 	 0.849952 	 0.00238625	0.0049853
3760 	 505 	 0.850035 	 0.00239347	0.0050004
3760 	 510 	 0.850117 	 0.00240075	0.0050156
3760 	 515 	 0.850197 	 0.00240807	0.0050309
3760 	 520 	 0.850276 	 0.00241544	0.00504629
3760 	 525 	 0.850353 	 0.00242284	0.00506176
3760 	 530 	 0.85043 	 0.00243028	0.0050773
3760 	 535 	 0.850505 	 0.00243775	0.0050929
3760 	 540 	 0.850578 	 0.00244525	0.00510857
3760 	 545 	 0.850651 	 0.00245277	0.00512429
3760 	 550 	 0.850722 	 0.00246032	0.00514005
3760 	 555 	 0.850792 	 0.00246789	0.00515586
3760 	 560 	 0.850861 	 0.00247547	0.00517171
3760 	 565 	 0.850929 	 0.00248307	0.00518758
3760 	 570 	 0.850996 	 0.00249068	0.00520349
3760 	 575 	 0.851062 	 0.0024983	0.00521941
3760 	 580 	 0.851127 	 0.00250593	0.00523535
3760 	 585 	 0.85119 	 0.00251357	0.00525131
3760 	 590 	 0.851253 	 0.00252121	0.00526728
3760 	 595 	 0.851315 	 0.00252886	0.00528325
3760 	 600 	 0.851376 	 0.00253651	0.00529922
3760 	 605 	 0.851436 	 0.00254415	0.00531519
3760 	 610 	 0.851495 	 0.00255179	0.00533116
3760 	 615 	 0.851553 	 0.00255943	0.00534712
3760 	 620 	 0.851611 	 0.00256707	0.00536307
3760 	 625 	 0.851668 	 0.0025747	0.00537901
3760 	 630 	 0.851723 	 0.00258232	0.00539493
3760 	 635 	 0.851778 	 0.00258993	0.00541083
3760 	 640 	 0.851833 	 0.00259753	0.00542672
3760 	 645 	 0.851886 	 0.00260512	0.00544258
3760 	 650 	 0.851939 	 0.0026127	0.00545841
3760 	 655 	 0.851991 	 0.00262027	0.00547422
3760 	 660 	 0.852042 	 0.00262782	0.00549
3760 	 665 	 0.852093 	 0.00263536	0.00550575
3760 	 670 	 0.852143 	 0.00264288	0.00552147
3760 	 675 	 0.852192 	 0.00265039	0.00553715
3760 	 680 	 0.85224 	 0.00265788	0.0055528
3760 	 685 	 0.852288 	 0.00266535	0.00556841
3760 	 690 	 0.852336 	 0.00267281	0.00558398
3760 	 695 	 0.852382 	 0.00268024	0.00559951
3760 	 700 	 0.852428 	 0.00268766	0.005615
3760 	 705 	 0.852474 	 0.00269505	0.00563045
3760 	 710 	 0.852519 	 0.00270242	0.00564586
3760 	 715 	 0.852563 	 0.00270978	0.00566122
3760 	 720 	 0.852607 	 0.00271711	0.00567654
3760 	 725 	 0.85265 	 0.00272442	0.00569181
3760 	 730 	 0.852693 	 0.00273171	0.00570704
3760 	 735 	 0.852735 	 0.00273897	0.00572221
3760 	 740 	 0.852776 	 0.00274621	0.00573734
3760 	 745 	 0.852817 	 0.00275343	0.00575242
3760 	 750 	 0.852858 	 0.00276063	0.00576745
3760 	 755 	 0.852898 	 0.0027678	0.00578243
3760 	 760 	 0.852938 	 0.00277494	0.00579736
3760 	 765 	 0.852977 	 0.00278206	0.00581224
3760 	 770 	 0.853016 	 0.00278916	0.00582707
3760 	 775 	 0.853054 	 0.00279623	0.00584184
3760 	 780 	 0.853092 	 0.00280328	0.00585656
3760 	 785 	 0.853129 	 0.0028103	0.00587123
3760 	 790 	 0.853166 	 0.00281729	0.00588584
3760 	 795 	 0.853202 	 0.00282426	0.0059004
3760 	 800 	 0.853239 	 0.00283121	0.00591491
3760 	 805 	 0.853274 	 0.00283812	0.00592936
3760 	 810 	 0.853309 	 0.00284502	0.00594376
3760 	 815 	 0.853344 	 0.00285188	0.0059581
3760 	 820 	 0.853379 	 0.00285872	0.00597239
3760 	 825 	 0.853413 	 0.00286553	0.00598662
3760 	 830 	 0.853447 	 0.00287232	0.00600079
3760 	 835 	 0.85348 	 0.00287908	0.00601491
3760 	 840 	 0.853513 	 0.00288581	0.00602898
3760 	 845 	 0.853546 	 0.00289251	0.00604299
3760 	 850 	 0.853578 	 0.00289919	0.00605694
3760 	 855 	 0.85361 	 0.00290584	0.00607084
3760 	 860 	 0.853641 	 0.00291247	0.00608468
3760 	 865 	 0.853673 	 0.00291907	0.00609846
3760 	 870 	 0.853704 	 0.00292564	0.00611219
3760 	 875 	 0.853734 	 0.00293218	0.00612586
3760 	 880 	 0.853764 	 0.0029387	0.00613948
3760 	 885 	 0.853794 	 0.00294519	0.00615304
3760 	 890 	 0.853824 	 0.00295165	0.00616654
3760 	 895 	 0.853853 	 0.00295809	0.00617999
3760 	 900 	 0.853882 	 0.0029645	0.00619338
3760 	 905 	 0.853911 	 0.00297088	0.00620672
3760 	 910 	 0.85394 	 0.00297724	0.00622
3760 	 915 	 0.853968 	 0.00298357	0.00623322
3760 	 920 	 0.853996 	 0.00298988	0.00624639
3760 	 925 	 0.854023 	 0.00299615	0.00625951
3760 	 930 	 0.854051 	 0.0030024	0.00627257
3760 	 935 	 0.854078 	 0.00300863	0.00628557
3760 	 940 	 0.854105 	 0.00301482	0.00629852
3760 	 945 	 0.854131 	 0.003021	0.00631141
3760 	 950 	 0.854157 	 0.00302714	0.00632425
3760 	 955 	 0.854183 	 0.00303326	0.00633703
3760 	 960 	 0.854209 	 0.00303935	0.00634976
3760 	 965 	 0.854235 	 0.00304542	0.00636244
3760 	 970 	 0.85426 	 0.00305146	0.00637506
3760 	 975 	 0.854285 	 0.00305748	0.00638762
3760 	 980 	 0.85431 	 0.00306347	0.00640014
3760 	 985 	 0.854335 	 0.00306943	0.0064126
3760 	 990 	 0.854359 	 0.00307537	0.006425
3760 	 995 	 0.854383 	 0.00308128	0.00643735
3760 	 1000 	 0.854407 	 0.00308717	0.00644965
3760 	 1005 	 0.854431 	 0.00309303	0.0064619
3760 	 1010 	 0.854454 	 0.00309887	0.00647409
3760 	 1015 	 0.854477 	 0.00310468	0.00648624
3760 	 1020 	 0.854501 	 0.00311046	0.00649832
3760 	 1025 	 0.854523 	 0.00311622	0.00651036
3760 	 1030 	 0.854546 	 0.00312196	0.00652235
3760 	 1035 	 0.854568 	 0.00312767	0.00653428
3760 	 1040 	 0.854591 	 0.00313336	0.00654616
3760 	 1045 	 0.854613 	 0.00313902	0.00655799
3760 	 1050 	 0.854635 	 0.00314466	0.00656977
3760 	 1055 	 0.854656 	 0.00315028	0.0065815
3760 	 1060 	 0.854678 	 0.00315587	0.00659318
3760 	 1065 	 0.854699 	 0.00316143	0.00660481
3760 	 1070 	 0.85472 	 0.00316698	0.00661639
3760 	 1075 	 0.854741 	 0.00317249	0.00662792
3760 	 1080 	 0.854762 	 0.00317799	0.0066394
3760 	 1085 	 0.854782 	 0.00318346	0.00665083
3760 	 1090 	 0.854803 	 0.00318891	0.00666221
3760 	 1095 	 0.854823 	 0.00319433	0.00667354
3760 	 1100 	 0.854843 	 0.00319973	0.00668483
3760 	 1105 	 0.854863 	 0.00320511	0.00669606
3760 	 1110 	 0.854883 	 0.00321047	0.00670725
3760 	 1115 	 0.854902 	 0.0032158	0.00671839
3760 	 1120 	 0.854922 	 0.00322111	0.00672948
3760 	 1125 	 0.854941 	 0.00322639	0.00674053
3760 	 1130 	 0.85496 	 0.00323166	0.00675152
3760 	 1135 	 0.854979 	 0.0032369	0.00676247
3760 	 1140 	 0.854998 	 0.00324212	0.00677338
3760 	 1145 	 0.855016 	 0.00324732	0.00678423
3760 	 1150 	 0.855035 	 0.00325249	0.00679505
3760 	 1155 	 0.855053 	 0.00325764	0.00680581
3760 	 1160 	 0.855071 	 0.00326277	0.00681653
3760 	 1165 	 0.855089 	 0.00326788	0.0068272
3760 	 1170 	 0.855107 	 0.00327297	0.00683783
3760 	 1175 	 0.855125 	 0.00327804	0.00684842
3760 	 1180 	 0.855143 	 0.00328308	0.00685896
3760 	 1185 	 0.85516 	 0.00328811	0.00686945
3760 	 1190 	 0.855177 	 0.00329311	0.0068799
3760 	 1195 	 0.855195 	 0.00329809	0.00689031
3760 	 1200 	 0.855212 	 0.00330305	0.00690067
3760 	 1205 	 0.855229 	 0.00330799	0.00691099
3760 	 1210 	 0.855245 	 0.00331291	0.00692127
3760 	 1215 	 0.855262 	 0.0033178	0.0069315
3760 	 1220 	 0.855279 	 0.00332268	0.00694169
3760 	 1225 	 0.855295 	 0.00332754	0.00695184
3760 	 1230 	 0.855311 	 0.00333238	0.00696194
3760 	 1235 	 0.855328 	 0.00333719	0.006972
3760 	 1240 	 0.855344 	 0.00334199	0.00698202
3760 	 1245 	 0.85536 	 0.00334677	0.006992
3760 	 1250 	 0.855375 	 0.00335152	0.00700194
3760 	 1255 	 0.855391 	 0.00335626	0.00701184
3760 	 1260 	 0.855407 	 0.00336098	0.00702169
3760 	 1265 	 0.855422 	 0.00336568	0.00703151
3760 	 1270 	 0.855438 	 0.00337035	0.00704128
3760 	 1275 	 0.855453 	 0.00337501	0.00705102
3760 	 1280 	 0.855468 	 0.00337965	0.00706071
3760 	 1285 	 0.855483 	 0.00338427	0.00707037
3760 	 1290 	 0.855498 	 0.00338888	0.00707998
3760 	 1295 	 0.855513 	 0.00339346	0.00708956
3760 	 1300 	 0.855528 	 0.00339802	0.00709909
3760 	 1305 	 0.855542 	 0.00340257	0.00710859
3760 	 1310 	 0.855557 	 0.0034071	0.00711805
3760 	 1315 	 0.855571 	 0.00341161	0.00712747
3760 	 1320 	 0.855585 	 0.0034161	0.00713685
3760 	 1325 	 0.8556 	 0.00342057	0.00714619
3760 	 1330 	 0.855614 	 0.00342502	0.0071555
3760 	 1335 	 0.855628 	 0.00342946	0.00716477
3760 	 1340 	 0.855642 	 0.00343388	0.007174
3760 	 1345 	 0.855655 	 0.00343828	0.00718319
3760 	 1350 	 0.855669 	 0.00344266	0.00719235
3760 	 1355 	 0.855683 	 0.00344703	0.00720147
3760 	 1360 	 0.855696 	 0.00345138	0.00721055
3760 	 1365 	 0.85571 	 0.00345571	0.0072196
3760 	 1370 	 0.855723 	 0.00346002	0.00722861
3760 	 1375 	 0.855736 	 0.00346432	0.00723759
3760 	 1380 	 0.85575 	 0.00346859	0.00724653
3760 	 1385 	 0.855763 	 0.00347286	0.00725543
3760 	 1390 	 0.855776 	 0.0034771	0.0072643
3760 	 1395 	 0.855789 	 0.00348133	0.00727313
3760 	 1400 	 0.855801 	 0.00348554	0.00728193
3760 	 1405 	 0.855814 	 0.00348973	0.00729069
3760 	 1410 	 0.855827 	 0.00349391	0.00729942
3760 	 1415 	 0.855839 	 0.00349807	0.00730812
3760 	 1420 	 0.855852 	 0.00350222	0.00731678
3760 	 1425 	 0.855864 	 0.00350635	0.0073254
3760 	 1430 	 0.855877 	 0.00351046	0.007334
3760 	 1435 	 0.855889 	 0.00351456	0.00734255
3760 	 1440 	 0.855901 	 0.00351864	0.00735108
3760 	 1445 	 0.855913 	 0.00352271	0.00735957
3760 	 1450 	 0.855925 	 0.00352675	0.00736803
3760 	 1455 	 0.855937 	 0.00353079	0.00737646
3760 	 1460 	 0.855949 	 0.00353481	0.00738485
3760 	 1465 	 0.855961 	 0.00353881	0.00739321
3760 	 1470 	 0.855973 	 0.0035428	0.00740154
3760 	 1475 	 0.855984 	 0.00354677	0.00740984
3760 	 1480 	 0.855996 	 0.00355072	0.00741811
3760 	 1485 	 0.856007 	 0.00355466	0.00742634
3760 	 1490 	 0.856019 	 0.00355859	0.00743454
3760 	 1495 	 0.85603 	 0.0035625	0.00744271
3760 	 1500 	 0.856041 	 0.0035664	0.00745085
3760 	 1505 	 0.856053 	 0.00357028	0.00745896
3760 	 1510 	 0.856064 	 0.00357414	0.00746704
3760 	 1515 	 0.856075 	 0.003578	0.00747509
3760 	 1520 	 0.856086 	 0.00358183	0.0074831
3760 	 1525 	 0.856097 	 0.00358566	0.00749109
3760 	 1530 	 0.856108 	 0.00358947	0.00749905
3760 	 1535 	 0.856119 	 0.00359326	0.00750697
3760 	 1540 	 0.856129 	 0.00359704	0.00751487
3760 	 1545 	 0.85614 	 0.0036008	0.00752274
3760 	 1550 	 0.856151 	 0.00360456	0.00753057
3760 	 1555 	 0.856161 	 0.00360829	0.00753838
3760 	 1560 	 0.856172 	 0.00361202	0.00754616
3760 	 1565 	 0.856182 	 0.00361573	0.00755391
3760 	 1570 	 0.856193 	 0.00361942	0.00756163
3760 	 1575 	 0.856203 	 0.0036231	0.00756932
3760 	 1580 	 0.856213 	 0.00362677	0.00757699
3760 	 1585 	 0.856223 	 0.00363043	0.00758462
3760 	 1590 	 0.856233 	 0.00363407	0.00759223
3760 	 1595 	 0.856244 	 0.0036377	0.00759981
3760 	 1600 	 0.856254 	 0.00364131	0.00760736
3760 	 1605 	 0.856263 	 0.00364491	0.00761489
3760 	 1610 	 0.856273 	 0.0036485	0.00762238
3760 	 1615 	 0.856283 	 0.00365208	0.00762985
3760 	 1620 	 0.856293 	 0.00365564	0.00763729
3760 	 1625 	 0.856303 	 0.00365919	0.00764471
3760 	 1630 	 0.856312 	 0.00366272	0.00765209
3760 	 1635 	 0.856322 	 0.00366625	0.00765945
3760 	 1640 	 0.856332 	 0.00366976	0.00766679
3760 	 1645 	 0.856341 	 0.00367325	0.0076741
3760 	 1650 	 0.856351 	 0.00367674	0.00768138
3760 	 1655 	 0.85636 	 0.00368021	0.00768863
3760 	 1660 	 0.856369 	 0.00368367	0.00769586
3760 	 1665 	 0.856379 	 0.00368712	0.00770306
3760 	 1670 	 0.856388 	 0.00369055	0.00771024
3760 	 1675 	 0.856397 	 0.00369398	0.00771739
3760 	 1680 	 0.856406 	 0.00369739	0.00772452
3760 	 1685 	 0.856415 	 0.00370079	0.00773162
3760 	 1690 	 0.856424 	 0.00370417	0.00773869
3760 	 1695 	 0.856433 	 0.00370755	0.00774574
3760 	 1700 	 0.856442 	 0.00371091	0.00775277
3760 	 1705 	 0.856451 	 0.00371426	0.00775977
3760 	 1710 	 0.85646 	 0.0037176	0.00776674
3760 	 1715 	 0.856469 	 0.00372093	0.0077737
3760 	 1720 	 0.856478 	 0.00372424	0.00778062
3760 	 1725 	 0.856486 	 0.00372755	0.00778752
3760 	 1730 	 0.856495 	 0.00373084	0.0077944
3760 	 1735 	 0.856504 	 0.00373412	0.00780126
3760 	 1740 	 0.856512 	 0.00373739	0.00780809
3760 	 1745 	 0.856521 	 0.00374065	0.00781489
3760 	 1750 	 0.856529 	 0.00374389	0.00782168
3760 	 1755 	 0.856538 	 0.00374713	0.00782843
3760 	 1760 	 0.856546 	 0.00375035	0.00783517
3760 	 1765 	 0.856555 	 0.00375357	0.00784188
3760 	 1770 	 0.856563 	 0.00375677	0.00784857
3760 	 1775 	 0.856571 	 0.00375996	0.00785524
3760 	 1780 	 0.856579 	 0.00376314	0.00786188
3760 	 1785 	 0.856588 	 0.00376631	0.0078685
3760 	 1790 	 0.856596 	 0.00376947	0.0078751
3760 	 1795 	 0.856604 	 0.00377261	0.00788168
3760 	 1800 	 0.856612 	 0.00377575	0.00788823
3760 	 1805 	 0.85662 	 0.00377888	0.00789476
3760 	 1810 	 0.856628 	 0.00378199	0.00790127
3760 	 1815 	 0.856636 	 0.0037851	0.00790775
3760 	 1820 	 0.856644 	 0.00378819	0.00791422
3760 	 1825 	 0.856651 	 0.00379127	0.00792066
3760 	 1830 	 0.856659 	 0.00379435	0.00792708
3760 	 1835 	 0.856667 	 0.00379741	0.00793348
3760 	 1840 	 0.856675 	 0.00380046	0.00793986
3760 	 1845 	 0.856682 	 0.0038035	0.00794621
3760 	 1850 	 0.85669 	 0.00380654	0.00795255
3760 	 1855 	 0.856698 	 0.00380956	0.00795886
3760 	 1860 	 0.856705 	 0.00381257	0.00796516
3760 	 1865 	 0.856713 	 0.00381557	0.00797143
3760 	 1870 	 0.85672 	 0.00381857	0.00797768
3760 	 1875 	 0.856728 	 0.00382155	0.00798391
3760 	 1880 	 0.856735 	 0.00382452	0.00799012
3760 	 1885 	 0.856743 	 0.00382748	0.00799631
3760 	 1890 	 0.85675 	 0.00383043	0.00800248
3760 	 1895 	 0.856757 	 0.00383338	0.00800862
3760 	 1900 	 0.856765 	 0.00383631	0.00801475
3760 	 1905 	 0.856772 	 0.00383923	0.00802086
3760 	 1910 	 0.856779 	 0.00384215	0.00802695
3760 	 1915 	 0.856786 	 0.00384505	0.00803301
3760 	 1920 	 0.856793 	 0.00384795	0.00803906
3760 	 1925 	 0.856801 	 0.00385083	0.00804509
3760 	 1930 	 0.856808 	 0.00385371	0.0080511
3760 	 1935 	 0.856815 	 0.00385658	0.00805709
3760 	 1940 	 0.856822 	 0.00385943	0.00806306
3760 	 1945 	 0.856829 	 0.00386228	0.00806901
3760 	 1950 	 0.856836 	 0.00386512	0.00807494
3760 	 1955 	 0.856842 	 0.00386795	0.00808085
3760 	 1960 	 0.856849 	 0.00387077	0.00808675
3760 	 1965 	 0.856856 	 0.00387358	0.00809262
3760 	 1970 	 0.856863 	 0.00387639	0.00809848
3760 	 1975 	 0.85687 	 0.00387918	0.00810431
3760 	 1980 	 0.856877 	 0.00388196	0.00811013
3760 	 1985 	 0.856883 	 0.00388474	0.00811593
3760 	 1990 	 0.85689 	 0.00388751	0.00812171
3760 	 1995 	 0.856897 	 0.00389027	0.00812747
3760 	 2000 	 0.856903 	 0.00389302	0.00813322
3760 	 2005 	 0.85691 	 0.00389576	0.00813894
3760 	 2010 	 0.856916 	 0.00389849	0.00814465
3760 	 2015 	 0.856923 	 0.00390121	0.00815034
3760 	 2020 	 0.856929 	 0.00390393	0.00815601
3760 	 2025 	 0.856936 	 0.00390663	0.00816167
3760 	 2030 	 0.856942 	 0.00390933	0.00816731
3760 	 2035 	 0.856949 	 0.00391202	0.00817292
3760 	 2040 	 0.856955 	 0.0039147	0.00817853
3760 	 2045 	 0.856961 	 0.00391737	0.00818411
3760 	 2050 	 0.856968 	 0.00392004	0.00818968
3760 	 2055 	 0.856974 	 0.0039227	0.00819523
3760 	 2060 	 0.85698 	 0.00392534	0.00820076
3760 	 2065 	 0.856987 	 0.00392798	0.00820627
3760 	 2070 	 0.856993 	 0.00393061	0.00821177
3760 	 2075 	 0.856999 	 0.00393324	0.00821725
3760 	 2080 	 0.857005 	 0.00393585	0.00822271
3760 	 2085 	 0.857011 	 0.00393846	0.00822816
3760 	 2090 	 0.857017 	 0.00394106	0.00823359
3760 	 2095 	 0.857024 	 0.00394365	0.00823901
3760 	 2100 	 0.85703 	 0.00394623	0.0082444
3760 	 2105 	 0.857036 	 0.00394881	0.00824978
3760 	 2110 	 0.857042 	 0.00395138	0.00825515
3760 	 2115 	 0.857048 	 0.00395394	0.0082605
3760 	 2120 	 0.857054 	 0.00395649	0.00826583
3760 	 2125 	 0.857059 	 0.00395903	0.00827114
3760 	 2130 	 0.857065 	 0.00396157	0.00827644
3760 	 2135 	 0.857071 	 0.0039641	0.00828173
3760 	 2140 	 0.857077 	 0.00396662	0.00828699
3760 	 2145 	 0.857083 	 0.00396913	0.00829224
3760 	 2150 	 0.857089 	 0.00397164	0.00829748
3760 	 2155 	 0.857094 	 0.00397414	0.0083027
3760 	 2160 	 0.8571 	 0.00397663	0.00830791
3760 	 2165 	 0.857106 	 0.00397911	0.00831309
3760 	 2170 	 0.857112 	 0.00398159	0.00831827
3760 	 2175 	 0.857117 	 0.00398406	0.00832343
3760 	 2180 	 0.857123 	 0.00398652	0.00832857
3760 	 2185 	 0.857129 	 0.00398897	0.00833369
3760 	 2190 	 0.857134 	 0.00399142	0.00833881
3760 	 2195 	 0.85714 	 0.00399386	0.0083439
3760 	 2200 	 0.857145 	 0.00399629	0.00834899
3760 	 2205 	 0.857151 	 0.00399872	0.00835405
3760 	 2210 	 0.857156 	 0.00400114	0.0083591
3760 	 2215 	 0.857162 	 0.00400355	0.00836414
3760 	 2220 	 0.857167 	 0.00400595	0.00836916
3760 	 2225 	 0.857173 	 0.00400835	0.00837417
3760 	 2230 	 0.857178 	 0.00401074	0.00837916
3760 	 2235 	 0.857183 	 0.00401312	0.00838414
3760 	 2240 	 0.857189 	 0.0040155	0.00838911
3760 	 2245 	 0.857194 	 0.00401787	0.00839406
3760 	 2250 	 0.8572 	 0.00402023	0.00839899
3760 	 2255 	 0.857205 	 0.00402258	0.00840391
3760 	 2260 	 0.85721 	 0.00402493	0.00840882
3760 	 2265 	 0.857215 	 0.00402727	0.00841371
3760 	 2270 	 0.857221 	 0.00402961	0.00841859
3760 	 2275 	 0.857226 	 0.00403194	0.00842345
3760 	 2280 	 0.857231 	 0.00403426	0.0084283
3760 	 2285 	 0.857236 	 0.00403657	0.00843314
3760 	 2290 	 0.857241 	 0.00403888	0.00843796
3760 	 2295 	 0.857247 	 0.00404118	0.00844277
3760 	 2300 	 0.857252 	 0.00404348	0.00844756
3760 	 2305 	 0.857257 	 0.00404577	0.00845234
3760 	 2310 	 0.857262 	 0.00404805	0.00845711
3760 	 2315 	 0.857267 	 0.00405032	0.00846187
3760 	 2320 	 0.857272 	 0.00405259	0.00846661
3760 	 2325 	 0.857277 	 0.00405486	0.00847133
3760 	 2330 	 0.857282 	 0.00405711	0.00847605
3760 	 2335 	 0.857287 	 0.00405936	0.00848075
3760 	 2340 	 0.857292 	 0.00406161	0.00848543
3760 	 2345 	 0.857297 	 0.00406384	0.00849011
3760 	 2350 	 0.857302 	 0.00406607	0.00849477
3760 	 2355 	 0.857307 	 0.0040683	0.00849942
3760 	 2360 	 0.857311 	 0.00407052	0.00850405
3760 	 2365 	 0.857316 	 0.00407273	0.00850867
3760 	 2370 	 0.857321 	 0.00407493	0.00851328
3760 	 2375 	 0.857326 	 0.00407713	0.00851788
3760 	 2380 	 0.857331 	 0.00407933	0.00852246
3760 	 2385 	 0.857336 	 0.00408152	0.00852703
3760 	 2390 	 0.85734 	 0.0040837	0.00853159
3760 	 2395 	 0.857345 	 0.00408587	0.00853613
3760 	 2400 	 0.85735 	 0.00408804	0.00854066
3760 	 2405 	 0.857354 	 0.00409021	0.00854518
3760 	 2410 	 0.857359 	 0.00409236	0.00854969
3760 	 2415 	 0.857364 	 0.00409451	0.00855419
3760 	 2420 	 0.857368 	 0.00409666	0.00855867
3760 	 2425 	 0.857373 	 0.0040988	0.00856314
3760 	 2430 	 0.857378 	 0.00410093	0.0085676
3760 	 2435 	 0.857382 	 0.00410306	0.00857204
3760 	 2440 	 0.857387 	 0.00410518	0.00857648
3760 	 2445 	 0.857391 	 0.0041073	0.0085809
3760 	 2450 	 0.857396 	 0.00410941	0.00858531
3760 	 2455 	 0.857401 	 0.00411152	0.00858971
3760 	 2460 	 0.857405 	 0.00411362	0.00859409
3760 	 2465 	 0.85741 	 0.00411571	0.00859847
3760 	 2470 	 0.857414 	 0.0041178	0.00860283
3760 	 2475 	 0.857419 	 0.00411988	0.00860718
3760 	 2480 	 0.857423 	 0.00412196	0.00861152
3760 	 2485 	 0.857427 	 0.00412403	0.00861585
3760 	 2490 	 0.857432 	 0.00412609	0.00862016
3760 	 2495 	 0.857436 	 0.00412815	0.00862447
3760 	 2500 	 0.857441 	 0.00413021	0.00862876
3760 	 2505 	 0.857445 	 0.00413226	0.00863304
3760 	 2510 	 0.857449 	 0.0041343	0.00863731
3760 	 2515 	 0.857454 	 0.00413634	0.00864157
3760 	 2520 	 0.857458 	 0.00413837	0.00864581
3760 	 2525 	 0.857462 	 0.0041404	0.00865005
3760 	 2530 	 0.857467 	 0.00414242	0.00865427
3760 	 2535 	 0.857471 	 0.00414444	0.00865848
3760 	 2540 	 0.857475 	 0.00414645	0.00866269
3760 	 2545 	 0.857479 	 0.00414845	0.00866688
3760 	 2550 	 0.857484 	 0.00415046	0.00867106
3760 	 2555 	 0.857488 	 0.00415245	0.00867523
3760 	 2560 	 0.857492 	 0.00415444	0.00867938
3760 	 2565 	 0.857496 	 0.00415643	0.00868353
3760 	 2570 	 0.8575 	 0.00415841	0.00868767
3760 	 2575 	 0.857504 	 0.00416038	0.00869179
3760 	 2580 	 0.857509 	 0.00416235	0.00869591
3760 	 2585 	 0.857513 	 0.00416431	0.00870001
3760 	 2590 	 0.857517 	 0.00416627	0.0087041
3760 	 2595 	 0.857521 	 0.00416823	0.00870819
3760 	 2600 	 0.857525 	 0.00417018	0.00871226
3760 	 2605 	 0.857529 	 0.00417212	0.00871632
3760 	 2610 	 0.857533 	 0.00417406	0.00872037
3760 	 2615 	 0.857537 	 0.00417599	0.00872441
3760 	 2620 	 0.857541 	 0.00417792	0.00872844
3760 	 2625 	 0.857545 	 0.00417985	0.00873246
3760 	 2630 	 0.857549 	 0.00418176	0.00873647
3760 	 2635 	 0.857553 	 0.00418368	0.00874047
3760 	 2640 	 0.857557 	 0.00418559	0.00874445
3760 	 2645 	 0.857561 	 0.00418749	0.00874843
3760 	 2650 	 0.857565 	 0.00418939	0.0087524
3760 	 2655 	 0.857569 	 0.00419129	0.00875636
3760 	 2660 	 0.857573 	 0.00419318	0.00876031
3760 	 2665 	 0.857577 	 0.00419506	0.00876425
3760 	 2670 	 0.857581 	 0.00419694	0.00876817
3760 	 2675 	 0.857584 	 0.00419882	0.00877209
3760 	 2680 	 0.857588 	 0.00420069	0.008776
3760 	 2685 	 0.857592 	 0.00420255	0.0087799
3760 	 2690 	 0.857596 	 0.00420441	0.00878379
3760 	 2695 	 0.8576 	 0.00420627	0.00878766
3760 	 2700 	 0.857604 	 0.00420812	0.00879153
3760 	 2705 	 0.857607 	 0.00420997	0.00879539
3760 	 2710 	 0.857611 	 0.00421181	0.00879924
3760 	 2715 	 0.857615 	 0.00421365	0.00880308
3760 	 2720 	 0.857619 	 0.00421548	0.00880691
3760 	 2725 	 0.857622 	 0.00421731	0.00881073
3760 	 2730 	 0.857626 	 0.00421914	0.00881454
3760 	 2735 	 0.85763 	 0.00422096	0.00881835
3760 	 2740 	 0.857633 	 0.00422277	0.00882214
3760 	 2745 	 0.857637 	 0.00422458	0.00882592
3760 	 2750 	 0.857641 	 0.00422639	0.00882969
3760 	 2755 	 0.857644 	 0.00422819	0.00883346
3760 	 2760 	 0.857648 	 0.00422999	0.00883721
3760 	 2765 	 0.857652 	 0.00423178	0.00884096
3760 	 2770 	 0.857655 	 0.00423357	0.00884469
3760 	 2775 	 0.857659 	 0.00423535	0.00884842
3760 	 2780 	 0.857663 	 0.00423713	0.00885214
3760 	 2785 	 0.857666 	 0.00423891	0.00885585
3760 	 2790 	 0.85767 	 0.00424068	0.00885955
3760 	 2795 	 0.857673 	 0.00424244	0.00886324
3760 	 2800 	 0.857677 	 0.00424421	0.00886692
3760 	 2805 	 0.85768 	 0.00424596	0.00887059
3760 	 2810 	 0.857684 	 0.00424772	0.00887425
3760 	 2815 	 0.857687 	 0.00424947	0.00887791
3760 	 2820 	 0.857691 	 0.00425121	0.00888156
3760 	 2825 	 0.857694 	 0.00425295	0.00888519
3760 	 2830 	 0.857698 	 0.00425469	0.00888882
3760 	 2835 	 0.857701 	 0.00425642	0.00889244
3760 	 2840 	 0.857705 	 0.00425815	0.00889605
3760 	 2845 	 0.857708 	 0.00425987	0.00889965
3760 	 2850 	 0.857712 	 0.00426159	0.00890325
3760 	 2855 	 0.857715 	 0.00426331	0.00890683
3760 	 2860 	 0.857719 	 0.00426502	0.00891041
3760 	 2865 	 0.857722 	 0.00426673	0.00891397
3760 	 2870 	 0.857725 	 0.00426843	0.00891753
3760 	 2875 	 0.857729 	 0.00427013	0.00892108
3760 	 2880 	 0.857732 	 0.00427183	0.00892463
3760 	 2885 	 0.857736 	 0.00427352	0.00892816
3760 	 2890 	 0.857739 	 0.00427521	0.00893168
3760 	 2895 	 0.857742 	 0.00427689	0.0089352
3760 	 2900 	 0.857746 	 0.00427857	0.00893871
3760 	 2905 	 0.857749 	 0.00428024	0.00894221
3760 	 2910 	 0.857752 	 0.00428192	0.0089457
3760 	 2915 	 0.857755 	 0.00428358	0.00894918
3760 	 2920 	 0.857759 	 0.00428525	0.00895266
3760 	 2925 	 0.857762 	 0.00428691	0.00895613
3760 	 2930 	 0.857765 	 0.00428856	0.00895959
3760 	 2935 	 0.857769 	 0.00429021	0.00896304
3760 	 2940 	 0.857772 	 0.00429186	0.00896648
3760 	 2945 	 0.857775 	 0.0042935	0.00896991
3760 	 2950 	 0.857778 	 0.00429515	0.00897334
3760 	 2955 	 0.857781 	 0.00429678	0.00897676
3760 	 2960 	 0.857785 	 0.00429841	0.00898017
3760 	 2965 	 0.857788 	 0.00430004	0.00898357
3760 	 2970 	 0.857791 	 0.00430167	0.00898697
3760 	 2975 	 0.857794 	 0.00430329	0.00899035
3760 	 2980 	 0.857797 	 0.00430491	0.00899373
3760 	 2985 	 0.857801 	 0.00430652	0.0089971
3760 	 2990 	 0.857804 	 0.00430813	0.00900047
3760 	 2995 	 0.857807 	 0.00430974	0.00900382
3760 	 3000 	 0.85781 	 0.00431134	0.00900717
3760 	 3005 	 0.857813 	 0.00431294	0.00901051
3760 	 3010 	 0.857816 	 0.00431453	0.00901384
3760 	 3015 	 0.857819 	 0.00431612	0.00901717
3760 	 3020 	 0.857822 	 0.00431771	0.00902049
3760 	 3025 	 0.857825 	 0.0043193	0.0090238
3760 	 3030 	 0.857829 	 0.00432088	0.0090271
3760 	 3035 	 0.857832 	 0.00432245	0.00903039
3760 	 3040 	 0.857835 	 0.00432403	0.00903368
3760 	 3045 	 0.857838 	 0.0043256	0.00903696
3760 	 3050 	 0.857841 	 0.00432716	0.00904023
3760 	 3055 	 0.857844 	 0.00432873	0.0090435
3760 	 3060 	 0.857847 	 0.00433028	0.00904675
3760 	 3065 	 0.85785 	 0.00433184	0.00905
3760 	 3070 	 0.857853 	 0.00433339	0.00905324
3760 	 3075 	 0.857856 	 0.00433494	0.00905648
3760 	 3080 	 0.857859 	 0.00433649	0.00905971
3760 	 3085 	 0.857862 	 0.00433803	0.00906293
3760 	 3090 	 0.857865 	 0.00433956	0.00906614
3760 	 3095 	 0.857868 	 0.0043411	0.00906935
3760 	 3100 	 0.857871 	 0.00434263	0.00907255
3760 	 3105 	 0.857873 	 0.00434416	0.00907574
3760 	 3110 	 0.857876 	 0.00434568	0.00907892
3760 	 3115 	 0.857879 	 0.0043472	0.0090821
3760 	 3120 	 0.857882 	 0.00434872	0.00908527
3760 	 3125 	 0.857885 	 0.00435024	0.00908843
3760 	 3130 	 0.857888 	 0.00435175	0.00909159
3760 	 3135 	 0.857891 	 0.00435325	0.00909474
3760 	 3140 	 0.857894 	 0.00435476	0.00909788
3760 	 3145 	 0.857897 	 0.00435626	0.00910102
3760 	 3150 	 0.857899 	 0.00435776	0.00910415
3760 	 3155 	 0.857902 	 0.00435925	0.00910727
3760 	 3160 	 0.857905 	 0.00436074	0.00911038
3760 	 3165 	 0.857908 	 0.00436223	0.00911349
3760 	 3170 	 0.857911 	 0.00436371	0.00911659
3760 	 3175 	 0.857914 	 0.00436519	0.00911968
3760 	 3180 	 0.857916 	 0.00436667	0.00912277
3760 	 3185 	 0.857919 	 0.00436815	0.00912585
3760 	 3190 	 0.857922 	 0.00436962	0.00912892
3760 	 3195 	 0.857925 	 0.00437108	0.00913199
3760 	 3200 	 0.857928 	 0.00437255	0.00913505
3760 	 3205 	 0.85793 	 0.00437401	0.00913811
3760 	 3210 	 0.857933 	 0.00437547	0.00914115
3760 	 3215 	 0.857936 	 0.00437692	0.00914419
3760 	 3220 	 0.857939 	 0.00437838	0.00914723
3760 	 3225 	 0.857941 	 0.00437983	0.00915025
3760 	 3230 	 0.857944 	 0.00438127	0.00915327
3760 	 3235 	 0.857947 	 0.00438271	0.00915629
3760 	 3240 	 0.85795 	 0.00438415	0.0091593
3760 	 3245 	 0.857952 	 0.00438559	0.0091623
3760 	 3250 	 0.857955 	 0.00438702	0.00916529
3760 	 3255 	 0.857958 	 0.00438845	0.00916828
3760 	 3260 	 0.85796 	 0.00438988	0.00917126
3760 	 3265 	 0.857963 	 0.0043913	0.00917424
3760 	 3270 	 0.857966 	 0.00439273	0.0091772
3760 	 3275 	 0.857968 	 0.00439414	0.00918017
3760 	 3280 	 0.857971 	 0.00439556	0.00918312
3760 	 3285 	 0.857974 	 0.00439697	0.00918607
3760 	 3290 	 0.857976 	 0.00439838	0.00918902
3760 	 3295 	 0.857979 	 0.00439979	0.00919195
3760 	 3300 	 0.857981 	 0.00440119	0.00919488
3760 	 3305 	 0.857984 	 0.00440259	0.00919781
3760 	 3310 	 0.857987 	 0.00440399	0.00920073
3760 	 3315 	 0.857989 	 0.00440538	0.00920364
3760 	 3320 	 0.857992 	 0.00440677	0.00920655
3760 	 3325 	 0.857994 	 0.00440816	0.00920945
3760 	 3330 	 0.857997 	 0.00440954	0.00921234
3760 	 3335 	 0.858 	 0.00441093	0.00921523
3760 	 3340 	 0.858002 	 0.00441231	0.00921811
3760 	 3345 	 0.858005 	 0.00441368	0.00922099
3760 	 3350 	 0.858007 	 0.00441506	0.00922386
3760 	 3355 	 0.85801 	 0.00441643	0.00922672
3760 	 3360 	 0.858012 	 0.00441779	0.00922958
3760 	 3365 	 0.858015 	 0.00441916	0.00923243
3760 	 3370 	 0.858017 	 0.00442052	0.00923527
3760 	 3375 	 0.85802 	 0.00442188	0.00923811
3760 	 3380 	 0.858022 	 0.00442324	0.00924095
3760 	 3385 	 0.858025 	 0.00442459	0.00924378
3760 	 3390 	 0.858027 	 0.00442594	0.0092466
3760 	 3395 	 0.85803 	 0.00442729	0.00924941
3760 	 3400 	 0.858032 	 0.00442863	0.00925222
3760 	 3405 	 0.858035 	 0.00442998	0.00925503
3760 	 3410 	 0.858037 	 0.00443132	0.00925783
3760 	 3415 	 0.85804 	 0.00443265	0.00926062
3760 	 3420 	 0.858042 	 0.00443399	0.00926341
3760 	 3425 	 0.858045 	 0.00443532	0.00926619
3760 	 3430 	 0.858047 	 0.00443665	0.00926896
3760 	 3435 	 0.85805 	 0.00443797	0.00927173
3760 	 3440 	 0.858052 	 0.0044393	0.0092745
3760 	 3445 	 0.858054 	 0.00444062	0.00927726
3760 	 3450 	 0.858057 	 0.00444193	0.00928001
3760 	 3455 	 0.858059 	 0.00444325	0.00928276
3760 	 3460 	 0.858062 	 0.00444456	0.0092855
3760 	 3465 	 0.858064 	 0.00444587	0.00928823
3760 	 3470 	 0.858066 	 0.00444718	0.00929096
3760 	 3475 	 0.858069 	 0.00444848	0.00929369
3760 	 3480 	 0.858071 	 0.00444978	0.00929641
3760 	 3485 	 0.858074 	 0.00445108	0.00929912
3760 	 3490 	 0.858076 	 0.00445238	0.00930183
3760 	 3495 	 0.858078 	 0.00445367	0.00930453
3760 	 3500 	 0.858081 	 0.00445496	0.00930723
3760 	 3505 	 0.858083 	 0.00445625	0.00930992
3760 	 3510 	 0.858085 	 0.00445754	0.00931261
3760 	 3515 	 0.858088 	 0.00445882	0.00931529
3760 	 3520 	 0.85809 	 0.0044601	0.00931797
3760 	 3525 	 0.858092 	 0.00446138	0.00932064
3760 	 3530 	 0.858095 	 0.00446266	0.0093233
3760 	 3535 	 0.858097 	 0.00446393	0.00932596
3760 	 3540 	 0.858099 	 0.0044652	0.00932862
3760 	 3545 	 0.858102 	 0.00446647	0.00933127
3760 	 3550 	 0.858104 	 0.00446773	0.00933391
3760 	 3555 	 0.858106 	 0.004469	0.00933655
3760 	 3560 	 0.858108 	 0.00447026	0.00933918
3760 	 3565 	 0.858111 	 0.00447151	0.00934181
3760 	 3570 	 0.858113 	 0.00447277	0.00934443
3760 	 3575 	 0.858115 	 0.00447402	0.00934705
3760 	 3580 	 0.858117 	 0.00447527	0.00934966
3760 	 3585 	 0.85812 	 0.00447652	0.00935227
3760 	 3590 	 0.858122 	 0.00447777	0.00935487
3760 	 3595 	 0.858124 	 0.00447901	0.00935747
3760 	 3600 	 0.858126 	 0.00448025	0.00936006
3760 	 3605 	 0.858129 	 0.00448149	0.00936264
3760 	 3610 	 0.858131 	 0.00448272	0.00936523
3760 	 3615 	 0.858133 	 0.00448396	0.0093678
3760 	 3620 	 0.858135 	 0.00448519	0.00937037
3760 	 3625 	 0.858137 	 0.00448642	0.00937294
3760 	 3630 	 0.85814 	 0.00448764	0.0093755
3760 	 3635 	 0.858142 	 0.00448887	0.00937806
3760 	 3640 	 0.858144 	 0.00449009	0.00938061
3760 	 3645 	 0.858146 	 0.0044913	0.00938315
3760 	 3650 	 0.858148 	 0.00449252	0.0093857
3760 	 3655 	 0.858151 	 0.00449374	0.00938823
3760 	 3660 	 0.858153 	 0.00449495	0.00939076
3760 	 3665 	 0.858155 	 0.00449616	0.00939329
3760 	 3670 	 0.858157 	 0.00449736	0.00939581
3760 	 3675 	 0.858159 	 0.00449857	0.00939833
3760 	 3680 	 0.858161 	 0.00449977	0.00940084
3760 	 3685 	 0.858163 	 0.00450097	0.00940335
3760 	 3690 	 0.858166 	 0.00450217	0.00940585
3760 	 3695 	 0.858168 	 0.00450336	0.00940835
3760 	 3700 	 0.85817 	 0.00450456	0.00941084
3760 	 3705 	 0.858172 	 0.00450575	0.00941333
3760 	 3710 	 0.858174 	 0.00450693	0.00941581
3760 	 3715 	 0.858176 	 0.00450812	0.00941829
3760 	 3720 	 0.858178 	 0.0045093	0.00942076
3760 	 3725 	 0.85818 	 0.00451049	0.00942323
3760 	 3730 	 0.858183 	 0.00451167	0.00942569
3760 	 3735 	 0.858185 	 0.00451284	0.00942815
3760 	 3740 	 0.858187 	 0.00451402	0.00943061
3760 	 3745 	 0.858189 	 0.00451519	0.00943305
3760 	 3750 	 0.858191 	 0.00451636	0.0094355
3760 	 3755 	 0.858193 	 0.00451753	0.00943794
3760 	 3760 	 0.858195 	 0.00451869	0.00944038
3760 	 3765 	 0.858197 	 0.00451986	0.00944281
3760 	 3770 	 0.858199 	 0.00452102	0.00944523
3760 	 3775 	 0.858201 	 0.00452218	0.00944766
3760 	 3780 	 0.858203 	 0.00452334	0.00945007
3760 	 3785 	 0.858205 	 0.00452449	0.00945249
3760 	 3790 	 0.858207 	 0.00452564	0.00945489
3760 	 3795 	 0.858209 	 0.00452679	0.0094573
3760 	 3800 	 0.858211 	 0.00452794	0.0094597
3760 	 3805 	 0.858213 	 0.00452909	0.00946209
3760 	 3810 	 0.858215 	 0.00453023	0.00946448
3760 	 3815 	 0.858217 	 0.00453137	0.00946687
3760 	 3820 	 0.858219 	 0.00453251	0.00946925
3760 	 3825 	 0.858221 	 0.00453365	0.00947162
3760 	 3830 	 0.858223 	 0.00453479	0.009474
3760 	 3835 	 0.858225 	 0.00453592	0.00947636
3760 	 3840 	 0.858227 	 0.00453705	0.00947873
3760 	 3845 	 0.858229 	 0.00453818	0.00948109
3760 	 3850 	 0.858231 	 0.00453931	0.00948344
3760 	 3855 	 0.858233 	 0.00454043	0.00948579
3760 	 3860 	 0.858235 	 0.00454156	0.00948814
3760 	 3865 	 0.858237 	 0.00454268	0.00949048
3760 	 3870 	 0.858239 	 0.00454379	0.00949282
3760 	 3875 	 0.858241 	 0.00454491	0.00949515
3760 	 3880 	 0.858243 	 0.00454603	0.00949748
3760 	 3885 	 0.858245 	 0.00454714	0.0094998
3760 	 3890 	 0.858247 	 0.00454825	0.00950212
3760 	 3895 	 0.858249 	 0.00454936	0.00950444
3760 	 3900 	 0.858251 	 0.00455046	0.00950675
3760 	 3905 	 0.858253 	 0.00455157	0.00950905
3760 	 3910 	 0.858254 	 0.00455267	0.00951136
3760 	 3915 	 0.858256 	 0.00455377	0.00951366
3760 	 3920 	 0.858258 	 0.00455487	0.00951595
3760 	 3925 	 0.85826 	 0.00455596	0.00951824
3760 	 3930 	 0.858262 	 0.00455706	0.00952053
3760 	 3935 	 0.858264 	 0.00455815	0.00952281
3760 	 3940 	 0.858266 	 0.00455924	0.00952509
3760 	 3945 	 0.858268 	 0.00456033	0.00952736
3760 	 3950 	 0.85827 	 0.00456142	0.00952963
3760 	 3955 	 0.858272 	 0.0045625	0.00953189
3760 	 3960 	 0.858273 	 0.00456358	0.00953416
3760 	 3965 	 0.858275 	 0.00456466	0.00953641
3760 	 3970 	 0.858277 	 0.00456574	0.00953867
3760 	 3975 	 0.858279 	 0.00456682	0.00954091
3760 	 3980 	 0.858281 	 0.00456789	0.00954316
3760 	 3985 	 0.858283 	 0.00456896	0.0095454
3760 	 3990 	 0.858285 	 0.00457004	0.00954764
3760 	 3995 	 0.858286 	 0.0045711	0.00954987
3760 	 4000 	 0.858288 	 0.00457217	0.0095521
3760 	 4005 	 0.85829 	 0.00457324	0.00955432
3760 	 4010 	 0.858292 	 0.0045743	0.00955654
3760 	 4015 	 0.858294 	 0.00457536	0.00955876
3760 	 4020 	 0.858295 	 0.00457642	0.00956097
3760 	 4025 	 0.858297 	 0.00457748	0.00956318
3760 	 4030 	 0.858299 	 0.00457853	0.00956539
3760 	 4035 	 0.858301 	 0.00457958	0.00956759
3760 	 4040 	 0.858303 	 0.00458064	0.00956978
3760 	 4045 	 0.858305 	 0.00458169	0.00957198
3760 	 4050 	 0.858306 	 0.00458273	0.00957416
3760 	 4055 	 0.858308 	 0.00458378	0.00957635
3760 	 4060 	 0.85831 	 0.00458482	0.00957853
3760 	 4065 	 0.858312 	 0.00458587	0.00958071
3760 	 4070 	 0.858313 	 0.00458691	0.00958288
3760 	 4075 	 0.858315 	 0.00458794	0.00958505
3760 	 4080 	 0.858317 	 0.00458898	0.00958722
3760 	 4085 	 0.858319 	 0.00459002	0.00958938
3760 	 4090 	 0.858321 	 0.00459105	0.00959154
3760 	 4095 	 0.858322 	 0.00459208	0.00959369
3760 	 4100 	 0.858324 	 0.00459311	0.00959584
3760 	 4105 	 0.858326 	 0.00459414	0.00959799
3760 	 4110 	 0.858328 	 0.00459516	0.00960013
3760 	 4115 	 0.858329 	 0.00459619	0.00960227
3760 	 4120 	 0.858331 	 0.00459721	0.00960441
3760 	 4125 	 0.858333 	 0.00459823	0.00960654
3760 	 4130 	 0.858335 	 0.00459925	0.00960867
3760 	 4135 	 0.858336 	 0.00460026	0.00961079
3760 	 4140 	 0.858338 	 0.00460128	0.00961291
3760 	 4145 	 0.85834 	 0.00460229	0.00961503
3760 	 4150 	 0.858341 	 0.0046033	0.00961714
3760 	 4155 	 0.858343 	 0.00460431	0.00961925
3760 	 4160 	 0.858345 	 0.00460532	0.00962136
3760 	 4165 	 0.858347 	 0.00460633	0.00962346
3760 	 4170 	 0.858348 	 0.00460733	0.00962556
3760 	 4175 	 0.85835 	 0.00460834	0.00962765
3760 	 4180 	 0.858352 	 0.00460934	0.00962974
3760 	 4185 	 0.858353 	 0.00461034	0.00963183
3760 	 4190 	 0.858355 	 0.00461133	0.00963392
3760 	 4195 	 0.858357 	 0.00461233	0.009636
3760 	 4200 	 0.858358 	 0.00461332	0.00963807
3760 	 4205 	 0.85836 	 0.00461432	0.00964015
3760 	 4210 	 0.858362 	 0.00461531	0.00964222
3760 	 4215 	 0.858363 	 0.00461629	0.00964428
3760 	 4220 	 0.858365 	 0.00461728	0.00964634
3760 	 4225 	 0.858367 	 0.00461827	0.0096484
3760 	 4230 	 0.858368 	 0.00461925	0.00965046
3760 	 4235 	 0.85837 	 0.00462023	0.00965251
3760 	 4240 	 0.858372 	 0.00462121	0.00965456
3760 	 4245 	 0.858373 	 0.00462219	0.0096566
3760 	 4250 	 0.858375 	 0.00462317	0.00965865
3760 	 4255 	 0.858377 	 0.00462415	0.00966068
3760 	 4260 	 0.858378 	 0.00462512	0.00966272
3760 	 4265 	 0.85838 	 0.00462609	0.00966475
3760 	 4270 	 0.858381 	 0.00462706	0.00966678
3760 	 4275 	 0.858383 	 0.00462803	0.0096688
3760 	 4280 	 0.858385 	 0.004629	0.00967082
3760 	 4285 	 0.858386 	 0.00462996	0.00967284
3760 	 4290 	 0.858388 	 0.00463093	0.00967485
3760 	 4295 	 0.85839 	 0.00463189	0.00967686
3760 	 4300 	 0.858391 	 0.00463285	0.00967887
3760 	 4305 	 0.858393 	 0.00463381	0.00968087
3760 	 4310 	 0.858394 	 0.00463477	0.00968287
3760 	 4315 	 0.858396 	 0.00463572	0.00968487
3760 	 4320 	 0.858398 	 0.00463668	0.00968686
3760 	 4325 	 0.858399 	 0.00463763	0.00968885
3760 	 4330 	 0.858401 	 0.00463858	0.00969084
3760 	 4335 	 0.858402 	 0.00463953	0.00969282
3760 	 4340 	 0.858404 	 0.00464048	0.00969481
3760 	 4345 	 0.858405 	 0.00464142	0.00969678
3760 	 4350 	 0.858407 	 0.00464237	0.00969876
3760 	 4355 	 0.858409 	 0.00464331	0.00970073
3760 	 4360 	 0.85841 	 0.00464425	0.00970269
3760 	 4365 	 0.858412 	 0.00464519	0.00970466
3760 	 4370 	 0.858413 	 0.00464613	0.00970662
3760 	 4375 	 0.858415 	 0.00464707	0.00970857
3760 	 4380 	 0.858416 	 0.004648	0.00971053
3760 	 4385 	 0.858418 	 0.00464894	0.00971248
3760 	 4390 	 0.85842 	 0.00464987	0.00971443
3760 	 4395 	 0.858421 	 0.0046508	0.00971637
3760 	 4400 	 0.858423 	 0.00465173	0.00971831
3760 	 4405 	 0.858424 	 0.00465266	0.00972025
3760 	 4410 	 0.858426 	 0.00465358	0.00972218
3760 	 4415 	 0.858427 	 0.00465451	0.00972412
3760 	 4420 	 0.858429 	 0.00465543	0.00972604
3760 	 4425 	 0.85843 	 0.00465635	0.00972797
3760 	 4430 	 0.858432 	 0.00465727	0.00972989
3760 	 4435 	 0.858433 	 0.00465819	0.00973181
3760 	 4440 	 0.858435 	 0.00465911	0.00973372
3760 	 4445 	 0.858436 	 0.00466002	0.00973564
3760 	 4450 	 0.858438 	 0.00466094	0.00973755
3760 	 4455 	 0.858439 	 0.00466185	0.00973945
3760 	 4460 	 0.858441 	 0.00466276	0.00974136
3760 	 4465 	 0.858442 	 0.00466367	0.00974326
3760 	 4470 	 0.858444 	 0.00466458	0.00974515
3760 	 4475 	 0.858445 	 0.00466548	0.00974705
3760 	 4480 	 0.858447 	 0.00466639	0.00974894
3760 	 4485 	 0.858448 	 0.00466729	0.00975082
3760 	 4490 	 0.85845 	 0.00466819	0.00975271
3760 	 4495 	 0.858451 	 0.0046691	0.00975459
3760 	 4500 	 0.858453 	 0.00466999	0.00975647
3760 	 4505 	 0.858454 	 0.00467089	0.00975834
3760 	 4510 	 0.858456 	 0.00467179	0.00976022
3760 	 4515 	 0.858457 	 0.00467268	0.00976209
3760 	 4520 	 0.858459 	 0.00467358	0.00976395
3760 	 4525 	 0.85846 	 0.00467447	0.00976582
3760 	 4530 	 0.858462 	 0.00467536	0.00976768
3760 	 4535 	 0.858463 	 0.00467625	0.00976953
3760 	 4540 	 0.858464 	 0.00467714	0.00977139
3760 	 4545 	 0.858466 	 0.00467802	0.00977324
3760 	 4550 	 0.858467 	 0.00467891	0.00977509
3760 	 4555 	 0.858469 	 0.00467979	0.00977693
3760 	 4560 	 0.85847 	 0.00468067	0.00977877
3760 	 4565 	 0.858472 	 0.00468155	0.00978061
3760 	 4570 	 0.858473 	 0.00468243	0.00978245
3760 	 4575 	 0.858475 	 0.00468331	0.00978428
3760 	 4580 	 0.858476 	 0.00468418	0.00978611
3760 	 4585 	 0.858477 	 0.00468506	0.00978794
3760 	 4590 	 0.858479 	 0.00468593	0.00978977
3760 	 4595 	 0.85848 	 0.0046868	0.00979159
3760 	 4600 	 0.858482 	 0.00468768	0.00979341
3760 	 4605 	 0.858483 	 0.00468854	0.00979522
3760 	 4610 	 0.858485 	 0.00468941	0.00979704
3760 	 4615 	 0.858486 	 0.00469028	0.00979885
3760 	 4620 	 0.858487 	 0.00469114	0.00980066
3760 	 4625 	 0.858489 	 0.00469201	0.00980246
3760 	 4630 	 0.85849 	 0.00469287	0.00980426
3760 	 4635 	 0.858492 	 0.00469373	0.00980606
3760 	 4640 	 0.858493 	 0.00469459	0.00980786
3760 	 4645 	 0.858494 	 0.00469545	0.00980965
3760 	 4650 	 0.858496 	 0.00469631	0.00981144
3760 	 4655 	 0.858497 	 0.00469716	0.00981323
3760 	 4660 	 0.858499 	 0.00469802	0.00981501
3760 	 4665 	 0.8585 	 0.00469887	0.00981679
3760 	 4670 	 0.858501 	 0.00469972	0.00981857
3760 	 4675 	 0.858503 	 0.00470057	0.00982035
3760 	 4680 	 0.858504 	 0.00470142	0.00982212
3760 	 4685 	 0.858505 	 0.00470227	0.00982389
3760 	 4690 	 0.858507 	 0.00470311	0.00982566
3760 	 4695 	 0.858508 	 0.00470396	0.00982743
3760 	 4700 	 0.85851 	 0.0047048	0.00982919
3760 	 4705 	 0.858511 	 0.00470565	0.00983095
3760 	 4710 	 0.858512 	 0.00470649	0.00983271
3760 	 4715 	 0.858514 	 0.00470733	0.00983446
3760 	 4720 	 0.858515 	 0.00470816	0.00983621
3760 	 4725 	 0.858516 	 0.004709	0.00983796
3760 	 4730 	 0.858518 	 0.00470984	0.00983971
3760 	 4735 	 0.858519 	 0.00471067	0.00984145
3760 	 4740 	 0.85852 	 0.0047115	0.00984319
3760 	 4745 	 0.858522 	 0.00471234	0.00984493
3760 	 4750 	 0.858523 	 0.00471317	0.00984667
3760 	 4755 	 0.858524 	 0.004714	0.0098484
3760 	 4760 	 0.858526 	 0.00471482	0.00985013
3760 	 4765 	 0.858527 	 0.00471565	0.00985186
3760 	 4770 	 0.858528 	 0.00471648	0.00985358
3760 	 4775 	 0.85853 	 0.0047173	0.0098553
3760 	 4780 	 0.858531 	 0.00471812	0.00985702
3760 	 4785 	 0.858532 	 0.00471895	0.00985874
3760 	 4790 	 0.858534 	 0.00471977	0.00986045
3760 	 4795 	 0.858535 	 0.00472059	0.00986216
3760 	 4800 	 0.858536 	 0.0047214	0.00986387
3760 	 4805 	 0.858538 	 0.00472222	0.00986558
3760 	 4810 	 0.858539 	 0.00472304	0.00986728
3760 	 4815 	 0.85854 	 0.00472385	0.00986898
3760 	 4820 	 0.858541 	 0.00472466	0.00987068
3760 	 4825 	 0.858543 	 0.00472547	0.00987238
3760 	 4830 	 0.858544 	 0.00472629	0.00987407
3760 	 4835 	 0.858545 	 0.00472709	0.00987576
3760 	 4840 	 0.858547 	 0.0047279	0.00987745
3760 	 4845 	 0.858548 	 0.00472871	0.00987914
3760 	 4850 	 0.858549 	 0.00472952	0.00988082
3760 	 4855 	 0.858551 	 0.00473032	0.0098825
3760 	 4860 	 0.858552 	 0.00473112	0.00988418
3760 	 4865 	 0.858553 	 0.00473192	0.00988585
3760 	 4870 	 0.858554 	 0.00473273	0.00988753
3760 	 4875 	 0.858556 	 0.00473352	0.0098892
3760 	 4880 	 0.858557 	 0.00473432	0.00989086
3760 	 4885 	 0.858558 	 0.00473512	0.00989253
3760 	 4890 	 0.858559 	 0.00473592	0.00989419
3760 	 4895 	 0.858561 	 0.00473671	0.00989585
3760 	 4900 	 0.858562 	 0.0047375	0.00989751
3760 	 4905 	 0.858563 	 0.0047383	0.00989916
3760 	 4910 	 0.858564 	 0.00473909	0.00990082
3760 	 4915 	 0.858566 	 0.00473988	0.00990247
3760 	 4920 	 0.858567 	 0.00474067	0.00990412
3760 	 4925 	 0.858568 	 0.00474145	0.00990576
3760 	 4930 	 0.858569 	 0.00474224	0.0099074
3760 	 4935 	 0.858571 	 0.00474303	0.00990904
3760 	 4940 	 0.858572 	 0.00474381	0.00991068
3760 	 4945 	 0.858573 	 0.00474459	0.00991232
3760 	 4950 	 0.858574 	 0.00474537	0.00991395
3760 	 4955 	 0.858576 	 0.00474615	0.00991558
3760 	 4960 	 0.858577 	 0.00474693	0.00991721
3760 	 4965 	 0.858578 	 0.00474771	0.00991884
3760 	 4970 	 0.858579 	 0.00474849	0.00992046
3760 	 4975 	 0.858581 	 0.00474927	0.00992208
3760 	 4980 	 0.858582 	 0.00475004	0.0099237
3760 	 4985 	 0.858583 	 0.00475081	0.00992532
3760 	 4990 	 0.858584 	 0.00475159	0.00992693
3760 	 4995 	 0.858586 	 0.00475236	0.00992854
3760 	 5000 	 0.858587 	 0.00475313	0.00993015
