1540 	 5 	 0.727514 	 0.00652954	0.0136414
1540 	 10 	 0.728115 	 0.00612789	0.0128023
1540 	 15 	 0.72925 	 0.00549998	0.0114905
1540 	 20 	 0.731357 	 0.00461077	0.00963273
1540 	 25 	 0.735143 	 0.00359468	0.00750995
1540 	 30 	 0.741556 	 0.0029334	0.0061284
1540 	 35 	 0.751405 	 0.0028461	0.00594601
1540 	 40 	 0.76447 	 0.00256632	0.0053615
1540 	 45 	 0.77981 	 0.00265916	0.00555548
1540 	 50 	 0.793965 	 0.0025566	0.00534121
1540 	 55 	 0.804639 	 0.00228362	0.0047709
1540 	 60 	 0.811843 	 0.00186932	0.00390535
1540 	 65 	 0.81646 	 0.00160056	0.00334386
1540 	 70 	 0.819433 	 0.0015512	0.00324073
1540 	 75 	 0.821446 	 0.00159644	0.00333525
1540 	 80 	 0.822916 	 0.00164498	0.00343667
1540 	 85 	 0.82408 	 0.00167636	0.00350222
1540 	 90 	 0.825068 	 0.00169654	0.00354439
1540 	 95 	 0.825949 	 0.0017139	0.00358064
1540 	 100 	 0.82676 	 0.00173304	0.00362064
1540 	 105 	 0.827521 	 0.00175516	0.00366684
1540 	 110 	 0.828243 	 0.00177954	0.00371778
1540 	 115 	 0.828933 	 0.00180485	0.00377065
1540 	 120 	 0.829593 	 0.00182978	0.00382275
1540 	 125 	 0.830227 	 0.00185335	0.003872
1540 	 130 	 0.830837 	 0.00187493	0.00391707
1540 	 135 	 0.831423 	 0.00189417	0.00395726
1540 	 140 	 0.831988 	 0.00191097	0.00399236
1540 	 145 	 0.832532 	 0.00192537	0.00402246
1540 	 150 	 0.833055 	 0.00193754	0.00404786
1540 	 155 	 0.83356 	 0.00194765	0.00406901
1540 	 160 	 0.834046 	 0.00195596	0.00408636
1540 	 165 	 0.834515 	 0.00196269	0.00410041
1540 	 170 	 0.834968 	 0.00196806	0.00411163
1540 	 175 	 0.835404 	 0.00197229	0.00412048
1540 	 180 	 0.835826 	 0.00197558	0.00412734
1540 	 185 	 0.836233 	 0.00197809	0.00413259
1540 	 190 	 0.836626 	 0.00197997	0.00413652
1540 	 195 	 0.837006 	 0.00198137	0.00413943
1540 	 200 	 0.837373 	 0.00198238	0.00414155
1540 	 205 	 0.837729 	 0.0019831	0.00414307
1540 	 210 	 0.838072 	 0.00198363	0.00414416
1540 	 215 	 0.838405 	 0.00198401	0.00414495
1540 	 220 	 0.838727 	 0.0019843	0.00414557
1540 	 225 	 0.839038 	 0.00198456	0.0041461
1540 	 230 	 0.839341 	 0.00198481	0.00414663
1540 	 235 	 0.839633 	 0.00198508	0.0041472
1540 	 240 	 0.839917 	 0.0019854	0.00414786
1540 	 245 	 0.840192 	 0.00198578	0.00414865
1540 	 250 	 0.84046 	 0.00198623	0.0041496
1540 	 255 	 0.840719 	 0.00198677	0.00415072
1540 	 260 	 0.840971 	 0.00198739	0.00415203
1540 	 265 	 0.841215 	 0.00198811	0.00415353
1540 	 270 	 0.841453 	 0.00198893	0.00415523
1540 	 275 	 0.841683 	 0.00198984	0.00415714
1540 	 280 	 0.841908 	 0.00199084	0.00415924
1540 	 285 	 0.842126 	 0.00199194	0.00416153
1540 	 290 	 0.842338 	 0.00199313	0.00416402
1540 	 295 	 0.842545 	 0.00199441	0.0041667
1540 	 300 	 0.842746 	 0.00199578	0.00416955
1540 	 305 	 0.842942 	 0.00199723	0.00417258
1540 	 310 	 0.843133 	 0.00199876	0.00417578
1540 	 315 	 0.843319 	 0.00200037	0.00417914
1540 	 320 	 0.8435 	 0.00200206	0.00418266
1540 	 325 	 0.843677 	 0.00200381	0.00418633
1540 	 330 	 0.843849 	 0.00200564	0.00419014
1540 	 335 	 0.844017 	 0.00200753	0.00419409
1540 	 340 	 0.844181 	 0.00200948	0.00419817
1540 	 345 	 0.844341 	 0.00201149	0.00420238
1540 	 350 	 0.844497 	 0.00201357	0.00420671
1540 	 355 	 0.84465 	 0.0020157	0.00421116
1540 	 360 	 0.844799 	 0.00201788	0.00421573
1540 	 365 	 0.844944 	 0.00202012	0.0042204
1540 	 370 	 0.845087 	 0.00202241	0.00422518
1540 	 375 	 0.845226 	 0.00202475	0.00423007
1540 	 380 	 0.845362 	 0.00202713	0.00423505
1540 	 385 	 0.845495 	 0.00202957	0.00424013
1540 	 390 	 0.845625 	 0.00203204	0.00424531
1540 	 395 	 0.845752 	 0.00203457	0.00425058
1540 	 400 	 0.845877 	 0.00203713	0.00425594
1540 	 405 	 0.845999 	 0.00203974	0.00426138
1540 	 410 	 0.846118 	 0.00204238	0.00426691
1540 	 415 	 0.846235 	 0.00204507	0.00427252
1540 	 420 	 0.84635 	 0.00204779	0.00427821
1540 	 425 	 0.846462 	 0.00205056	0.00428399
1540 	 430 	 0.846572 	 0.00205336	0.00428984
1540 	 435 	 0.846679 	 0.00205619	0.00429576
1540 	 440 	 0.846785 	 0.00205906	0.00430176
1540 	 445 	 0.846888 	 0.00206197	0.00430783
1540 	 450 	 0.84699 	 0.00206491	0.00431398
1540 	 455 	 0.84709 	 0.00206789	0.00432019
1540 	 460 	 0.847187 	 0.00207089	0.00432647
1540 	 465 	 0.847283 	 0.00207393	0.00433282
1540 	 470 	 0.847377 	 0.002077	0.00433924
1540 	 475 	 0.84747 	 0.0020801	0.00434572
1540 	 480 	 0.84756 	 0.00208324	0.00435226
1540 	 485 	 0.847649 	 0.0020864	0.00435886
1540 	 490 	 0.847737 	 0.00208959	0.00436553
1540 	 495 	 0.847822 	 0.00209281	0.00437225
1540 	 500 	 0.847907 	 0.00209605	0.00437904
1540 	 505 	 0.847989 	 0.00209933	0.00438587
1540 	 510 	 0.848071 	 0.00210263	0.00439277
1540 	 515 	 0.848151 	 0.00210595	0.00439972
1540 	 520 	 0.848229 	 0.00210931	0.00440672
1540 	 525 	 0.848307 	 0.00211268	0.00441378
1540 	 530 	 0.848383 	 0.00211608	0.00442088
1540 	 535 	 0.848457 	 0.00211951	0.00442804
1540 	 540 	 0.848531 	 0.00212296	0.00443524
1540 	 545 	 0.848603 	 0.00212643	0.00444249
1540 	 550 	 0.848674 	 0.00212992	0.00444979
1540 	 555 	 0.848744 	 0.00213344	0.00445713
1540 	 560 	 0.848813 	 0.00213697	0.00446452
1540 	 565 	 0.848881 	 0.00214053	0.00447195
1540 	 570 	 0.848948 	 0.0021441	0.00447942
1540 	 575 	 0.849013 	 0.0021477	0.00448693
1540 	 580 	 0.849078 	 0.00215131	0.00449448
1540 	 585 	 0.849142 	 0.00215494	0.00450207
1540 	 590 	 0.849204 	 0.00215859	0.00450969
1540 	 595 	 0.849266 	 0.00216226	0.00451735
1540 	 600 	 0.849327 	 0.00216594	0.00452505
1540 	 605 	 0.849387 	 0.00216964	0.00453278
1540 	 610 	 0.849446 	 0.00217336	0.00454054
1540 	 615 	 0.849504 	 0.00217709	0.00454833
1540 	 620 	 0.849561 	 0.00218083	0.00455616
1540 	 625 	 0.849618 	 0.00218459	0.00456401
1540 	 630 	 0.849673 	 0.00218836	0.00457189
1540 	 635 	 0.849728 	 0.00219215	0.00457979
1540 	 640 	 0.849782 	 0.00219594	0.00458773
1540 	 645 	 0.849836 	 0.00219975	0.00459569
1540 	 650 	 0.849888 	 0.00220357	0.00460367
1540 	 655 	 0.84994 	 0.00220741	0.00461167
1540 	 660 	 0.849991 	 0.00221125	0.0046197
1540 	 665 	 0.850042 	 0.0022151	0.00462775
1540 	 670 	 0.850091 	 0.00221896	0.00463582
1540 	 675 	 0.850141 	 0.00222283	0.00464391
1540 	 680 	 0.850189 	 0.00222671	0.00465201
1540 	 685 	 0.850237 	 0.0022306	0.00466014
1540 	 690 	 0.850284 	 0.0022345	0.00466827
1540 	 695 	 0.850331 	 0.0022384	0.00467643
1540 	 700 	 0.850377 	 0.00224231	0.0046846
1540 	 705 	 0.850422 	 0.00224623	0.00469278
1540 	 710 	 0.850467 	 0.00225015	0.00470098
1540 	 715 	 0.850511 	 0.00225408	0.00470919
1540 	 720 	 0.850555 	 0.00225802	0.00471741
1540 	 725 	 0.850598 	 0.00226196	0.00472564
1540 	 730 	 0.85064 	 0.0022659	0.00473388
1540 	 735 	 0.850682 	 0.00226985	0.00474213
1540 	 740 	 0.850724 	 0.0022738	0.00475038
1540 	 745 	 0.850765 	 0.00227776	0.00475865
1540 	 750 	 0.850805 	 0.00228171	0.00476692
1540 	 755 	 0.850845 	 0.00228568	0.00477519
1540 	 760 	 0.850885 	 0.00228964	0.00478348
1540 	 765 	 0.850924 	 0.00229361	0.00479176
1540 	 770 	 0.850962 	 0.00229757	0.00480005
1540 	 775 	 0.851001 	 0.00230154	0.00480834
1540 	 780 	 0.851038 	 0.00230551	0.00481664
1540 	 785 	 0.851076 	 0.00230949	0.00482494
1540 	 790 	 0.851112 	 0.00231346	0.00483324
1540 	 795 	 0.851149 	 0.00231743	0.00484154
1540 	 800 	 0.851185 	 0.0023214	0.00484984
1540 	 805 	 0.85122 	 0.00232538	0.00485813
1540 	 810 	 0.851256 	 0.00232935	0.00486643
1540 	 815 	 0.85129 	 0.00233332	0.00487473
1540 	 820 	 0.851325 	 0.00233729	0.00488302
1540 	 825 	 0.851359 	 0.00234126	0.00489131
1540 	 830 	 0.851392 	 0.00234522	0.0048996
1540 	 835 	 0.851426 	 0.00234919	0.00490789
1540 	 840 	 0.851459 	 0.00235315	0.00491616
1540 	 845 	 0.851491 	 0.00235711	0.00492444
1540 	 850 	 0.851523 	 0.00236107	0.00493271
1540 	 855 	 0.851555 	 0.00236503	0.00494097
1540 	 860 	 0.851587 	 0.00236898	0.00494923
1540 	 865 	 0.851618 	 0.00237293	0.00495748
1540 	 870 	 0.851649 	 0.00237688	0.00496573
1540 	 875 	 0.851679 	 0.00238082	0.00497396
1540 	 880 	 0.851709 	 0.00238476	0.00498219
1540 	 885 	 0.851739 	 0.00238869	0.00499041
1540 	 890 	 0.851769 	 0.00239262	0.00499862
1540 	 895 	 0.851798 	 0.00239655	0.00500683
1540 	 900 	 0.851827 	 0.00240047	0.00501502
1540 	 905 	 0.851856 	 0.00240439	0.00502321
1540 	 910 	 0.851884 	 0.0024083	0.00503138
1540 	 915 	 0.851912 	 0.00241221	0.00503954
1540 	 920 	 0.85194 	 0.00241611	0.0050477
1540 	 925 	 0.851968 	 0.00242001	0.00505584
1540 	 930 	 0.851995 	 0.0024239	0.00506397
1540 	 935 	 0.852022 	 0.00242779	0.00507209
1540 	 940 	 0.852049 	 0.00243167	0.00508019
1540 	 945 	 0.852075 	 0.00243554	0.00508829
1540 	 950 	 0.852102 	 0.00243941	0.00509637
1540 	 955 	 0.852127 	 0.00244327	0.00510444
1540 	 960 	 0.852153 	 0.00244713	0.00511249
1540 	 965 	 0.852179 	 0.00245098	0.00512054
1540 	 970 	 0.852204 	 0.00245482	0.00512856
1540 	 975 	 0.852229 	 0.00245866	0.00513658
1540 	 980 	 0.852254 	 0.00246249	0.00514458
1540 	 985 	 0.852278 	 0.00246631	0.00515257
1540 	 990 	 0.852303 	 0.00247012	0.00516054
1540 	 995 	 0.852327 	 0.00247393	0.0051685
1540 	 1000 	 0.852351 	 0.00247774	0.00517644
1540 	 1005 	 0.852374 	 0.00248153	0.00518437
1540 	 1010 	 0.852398 	 0.00248532	0.00519228
1540 	 1015 	 0.852421 	 0.0024891	0.00520018
1540 	 1020 	 0.852444 	 0.00249287	0.00520806
1540 	 1025 	 0.852467 	 0.00249664	0.00521593
1540 	 1030 	 0.852489 	 0.00250039	0.00522378
1540 	 1035 	 0.852512 	 0.00250414	0.00523161
1540 	 1040 	 0.852534 	 0.00250789	0.00523943
1540 	 1045 	 0.852556 	 0.00251162	0.00524723
1540 	 1050 	 0.852578 	 0.00251535	0.00525501
1540 	 1055 	 0.852599 	 0.00251906	0.00526278
1540 	 1060 	 0.852621 	 0.00252277	0.00527053
1540 	 1065 	 0.852642 	 0.00252648	0.00527827
1540 	 1070 	 0.852663 	 0.00253017	0.00528598
1540 	 1075 	 0.852684 	 0.00253386	0.00529368
1540 	 1080 	 0.852704 	 0.00253753	0.00530137
1540 	 1085 	 0.852725 	 0.0025412	0.00530903
1540 	 1090 	 0.852745 	 0.00254486	0.00531668
1540 	 1095 	 0.852766 	 0.00254851	0.00532431
1540 	 1100 	 0.852786 	 0.00255216	0.00533192
1540 	 1105 	 0.852805 	 0.00255579	0.00533952
1540 	 1110 	 0.852825 	 0.00255942	0.00534709
1540 	 1115 	 0.852845 	 0.00256304	0.00535465
1540 	 1120 	 0.852864 	 0.00256665	0.00536219
1540 	 1125 	 0.852883 	 0.00257025	0.00536972
1540 	 1130 	 0.852902 	 0.00257384	0.00537722
1540 	 1135 	 0.852921 	 0.00257742	0.00538471
1540 	 1140 	 0.85294 	 0.002581	0.00539217
1540 	 1145 	 0.852958 	 0.00258456	0.00539962
1540 	 1150 	 0.852977 	 0.00258812	0.00540705
1540 	 1155 	 0.852995 	 0.00259167	0.00541447
1540 	 1160 	 0.853013 	 0.00259521	0.00542186
1540 	 1165 	 0.853031 	 0.00259874	0.00542924
1540 	 1170 	 0.853049 	 0.00260226	0.00543659
1540 	 1175 	 0.853067 	 0.00260577	0.00544393
1540 	 1180 	 0.853084 	 0.00260927	0.00545125
1540 	 1185 	 0.853102 	 0.00261277	0.00545855
1540 	 1190 	 0.853119 	 0.00261625	0.00546583
1540 	 1195 	 0.853136 	 0.00261973	0.0054731
1540 	 1200 	 0.853153 	 0.0026232	0.00548034
1540 	 1205 	 0.85317 	 0.00262666	0.00548757
1540 	 1210 	 0.853187 	 0.00263011	0.00549477
1540 	 1215 	 0.853204 	 0.00263355	0.00550196
1540 	 1220 	 0.85322 	 0.00263698	0.00550913
1540 	 1225 	 0.853236 	 0.0026404	0.00551628
1540 	 1230 	 0.853253 	 0.00264381	0.00552341
1540 	 1235 	 0.853269 	 0.00264722	0.00553052
1540 	 1240 	 0.853285 	 0.00265061	0.00553761
1540 	 1245 	 0.853301 	 0.002654	0.00554469
1540 	 1250 	 0.853317 	 0.00265737	0.00555174
1540 	 1255 	 0.853332 	 0.00266074	0.00555878
1540 	 1260 	 0.853348 	 0.0026641	0.00556579
1540 	 1265 	 0.853363 	 0.00266745	0.00557279
1540 	 1270 	 0.853379 	 0.00267079	0.00557977
1540 	 1275 	 0.853394 	 0.00267412	0.00558673
1540 	 1280 	 0.853409 	 0.00267744	0.00559367
1540 	 1285 	 0.853424 	 0.00268076	0.00560059
1540 	 1290 	 0.853439 	 0.00268406	0.00560749
1540 	 1295 	 0.853454 	 0.00268736	0.00561438
1540 	 1300 	 0.853468 	 0.00269064	0.00562124
1540 	 1305 	 0.853483 	 0.00269392	0.00562809
1540 	 1310 	 0.853497 	 0.00269719	0.00563491
1540 	 1315 	 0.853512 	 0.00270045	0.00564172
1540 	 1320 	 0.853526 	 0.00270369	0.00564851
1540 	 1325 	 0.85354 	 0.00270694	0.00565528
1540 	 1330 	 0.853554 	 0.00271017	0.00566203
1540 	 1335 	 0.853568 	 0.00271339	0.00566876
1540 	 1340 	 0.853582 	 0.0027166	0.00567548
1540 	 1345 	 0.853596 	 0.00271981	0.00568217
1540 	 1350 	 0.85361 	 0.002723	0.00568885
1540 	 1355 	 0.853623 	 0.00272619	0.00569551
1540 	 1360 	 0.853637 	 0.00272937	0.00570215
1540 	 1365 	 0.85365 	 0.00273254	0.00570877
1540 	 1370 	 0.853664 	 0.0027357	0.00571537
1540 	 1375 	 0.853677 	 0.00273885	0.00572195
1540 	 1380 	 0.85369 	 0.00274199	0.00572851
1540 	 1385 	 0.853703 	 0.00274512	0.00573506
1540 	 1390 	 0.853716 	 0.00274825	0.00574159
1540 	 1395 	 0.853729 	 0.00275136	0.00574809
1540 	 1400 	 0.853742 	 0.00275447	0.00575458
1540 	 1405 	 0.853754 	 0.00275757	0.00576106
1540 	 1410 	 0.853767 	 0.00276065	0.00576751
1540 	 1415 	 0.85378 	 0.00276373	0.00577394
1540 	 1420 	 0.853792 	 0.00276681	0.00578036
1540 	 1425 	 0.853804 	 0.00276987	0.00578676
1540 	 1430 	 0.853817 	 0.00277292	0.00579314
1540 	 1435 	 0.853829 	 0.00277597	0.0057995
1540 	 1440 	 0.853841 	 0.002779	0.00580585
1540 	 1445 	 0.853853 	 0.00278203	0.00581217
1540 	 1450 	 0.853865 	 0.00278505	0.00581848
1540 	 1455 	 0.853877 	 0.00278806	0.00582477
1540 	 1460 	 0.853889 	 0.00279106	0.00583104
1540 	 1465 	 0.853901 	 0.00279406	0.00583729
1540 	 1470 	 0.853912 	 0.00279704	0.00584353
1540 	 1475 	 0.853924 	 0.00280002	0.00584975
1540 	 1480 	 0.853936 	 0.00280299	0.00585595
1540 	 1485 	 0.853947 	 0.00280594	0.00586213
1540 	 1490 	 0.853958 	 0.0028089	0.00586829
1540 	 1495 	 0.85397 	 0.00281184	0.00587444
1540 	 1500 	 0.853981 	 0.00281477	0.00588057
1540 	 1505 	 0.853992 	 0.0028177	0.00588668
1540 	 1510 	 0.854003 	 0.00282061	0.00589278
1540 	 1515 	 0.854014 	 0.00282352	0.00589885
1540 	 1520 	 0.854025 	 0.00282642	0.00590491
1540 	 1525 	 0.854036 	 0.00282932	0.00591095
1540 	 1530 	 0.854047 	 0.0028322	0.00591698
1540 	 1535 	 0.854058 	 0.00283507	0.00592299
1540 	 1540 	 0.854069 	 0.00283794	0.00592898
1540 	 1545 	 0.854079 	 0.0028408	0.00593495
1540 	 1550 	 0.85409 	 0.00284365	0.00594091
1540 	 1555 	 0.8541 	 0.00284649	0.00594684
1540 	 1560 	 0.854111 	 0.00284933	0.00595277
1540 	 1565 	 0.854121 	 0.00285215	0.00595867
1540 	 1570 	 0.854132 	 0.00285497	0.00596456
1540 	 1575 	 0.854142 	 0.00285778	0.00597043
1540 	 1580 	 0.854152 	 0.00286058	0.00597628
1540 	 1585 	 0.854162 	 0.00286338	0.00598212
1540 	 1590 	 0.854173 	 0.00286616	0.00598794
1540 	 1595 	 0.854183 	 0.00286894	0.00599374
1540 	 1600 	 0.854193 	 0.00287171	0.00599953
1540 	 1605 	 0.854203 	 0.00287448	0.0060053
1540 	 1610 	 0.854212 	 0.00287723	0.00601106
1540 	 1615 	 0.854222 	 0.00287998	0.00601679
1540 	 1620 	 0.854232 	 0.00288271	0.00602252
1540 	 1625 	 0.854242 	 0.00288544	0.00602822
1540 	 1630 	 0.854251 	 0.00288817	0.00603391
1540 	 1635 	 0.854261 	 0.00289088	0.00603958
1540 	 1640 	 0.854271 	 0.00289359	0.00604524
1540 	 1645 	 0.85428 	 0.00289629	0.00605088
1540 	 1650 	 0.854289 	 0.00289898	0.0060565
1540 	 1655 	 0.854299 	 0.00290167	0.00606211
1540 	 1660 	 0.854308 	 0.00290434	0.0060677
1540 	 1665 	 0.854317 	 0.00290701	0.00607328
1540 	 1670 	 0.854327 	 0.00290967	0.00607884
1540 	 1675 	 0.854336 	 0.00291233	0.00608438
1540 	 1680 	 0.854345 	 0.00291497	0.00608991
1540 	 1685 	 0.854354 	 0.00291761	0.00609542
1540 	 1690 	 0.854363 	 0.00292024	0.00610092
1540 	 1695 	 0.854372 	 0.00292287	0.0061064
1540 	 1700 	 0.854381 	 0.00292548	0.00611187
1540 	 1705 	 0.85439 	 0.00292809	0.00611732
1540 	 1710 	 0.854399 	 0.00293069	0.00612275
1540 	 1715 	 0.854408 	 0.00293329	0.00612817
1540 	 1720 	 0.854416 	 0.00293587	0.00613357
1540 	 1725 	 0.854425 	 0.00293845	0.00613896
1540 	 1730 	 0.854434 	 0.00294102	0.00614434
1540 	 1735 	 0.854442 	 0.00294359	0.0061497
1540 	 1740 	 0.854451 	 0.00294615	0.00615504
1540 	 1745 	 0.854459 	 0.0029487	0.00616037
1540 	 1750 	 0.854468 	 0.00295124	0.00616568
1540 	 1755 	 0.854476 	 0.00295378	0.00617098
1540 	 1760 	 0.854485 	 0.00295631	0.00617626
1540 	 1765 	 0.854493 	 0.00295883	0.00618153
1540 	 1770 	 0.854501 	 0.00296134	0.00618678
1540 	 1775 	 0.854509 	 0.00296385	0.00619202
1540 	 1780 	 0.854518 	 0.00296635	0.00619725
1540 	 1785 	 0.854526 	 0.00296884	0.00620246
1540 	 1790 	 0.854534 	 0.00297133	0.00620765
1540 	 1795 	 0.854542 	 0.00297381	0.00621283
1540 	 1800 	 0.85455 	 0.00297628	0.006218
1540 	 1805 	 0.854558 	 0.00297875	0.00622315
1540 	 1810 	 0.854566 	 0.00298121	0.00622828
1540 	 1815 	 0.854574 	 0.00298366	0.00623341
1540 	 1820 	 0.854582 	 0.0029861	0.00623852
1540 	 1825 	 0.85459 	 0.00298854	0.00624361
1540 	 1830 	 0.854597 	 0.00299097	0.00624869
1540 	 1835 	 0.854605 	 0.0029934	0.00625375
1540 	 1840 	 0.854613 	 0.00299582	0.00625881
1540 	 1845 	 0.85462 	 0.00299823	0.00626384
1540 	 1850 	 0.854628 	 0.00300063	0.00626887
1540 	 1855 	 0.854636 	 0.00300303	0.00627388
1540 	 1860 	 0.854643 	 0.00300542	0.00627887
1540 	 1865 	 0.854651 	 0.00300781	0.00628386
1540 	 1870 	 0.854658 	 0.00301018	0.00628882
1540 	 1875 	 0.854666 	 0.00301256	0.00629378
1540 	 1880 	 0.854673 	 0.00301492	0.00629872
1540 	 1885 	 0.854681 	 0.00301728	0.00630365
1540 	 1890 	 0.854688 	 0.00301963	0.00630856
1540 	 1895 	 0.854695 	 0.00302198	0.00631346
1540 	 1900 	 0.854702 	 0.00302432	0.00631835
1540 	 1905 	 0.85471 	 0.00302665	0.00632322
1540 	 1910 	 0.854717 	 0.00302897	0.00632808
1540 	 1915 	 0.854724 	 0.00303129	0.00633293
1540 	 1920 	 0.854731 	 0.00303361	0.00633776
1540 	 1925 	 0.854738 	 0.00303591	0.00634258
1540 	 1930 	 0.854745 	 0.00303822	0.00634738
1540 	 1935 	 0.854752 	 0.00304051	0.00635218
1540 	 1940 	 0.854759 	 0.0030428	0.00635696
1540 	 1945 	 0.854766 	 0.00304508	0.00636173
1540 	 1950 	 0.854773 	 0.00304736	0.00636648
1540 	 1955 	 0.85478 	 0.00304963	0.00637122
1540 	 1960 	 0.854787 	 0.00305189	0.00637595
1540 	 1965 	 0.854794 	 0.00305415	0.00638067
1540 	 1970 	 0.854801 	 0.0030564	0.00638537
1540 	 1975 	 0.854807 	 0.00305864	0.00639006
1540 	 1980 	 0.854814 	 0.00306088	0.00639474
1540 	 1985 	 0.854821 	 0.00306311	0.0063994
1540 	 1990 	 0.854827 	 0.00306534	0.00640406
1540 	 1995 	 0.854834 	 0.00306756	0.0064087
1540 	 2000 	 0.854841 	 0.00306978	0.00641332
1540 	 2005 	 0.854847 	 0.00307199	0.00641794
1540 	 2010 	 0.854854 	 0.00307419	0.00642254
1540 	 2015 	 0.85486 	 0.00307639	0.00642713
1540 	 2020 	 0.854867 	 0.00307858	0.00643171
1540 	 2025 	 0.854873 	 0.00308076	0.00643627
1540 	 2030 	 0.85488 	 0.00308294	0.00644083
1540 	 2035 	 0.854886 	 0.00308512	0.00644537
1540 	 2040 	 0.854893 	 0.00308728	0.0064499
1540 	 2045 	 0.854899 	 0.00308945	0.00645441
1540 	 2050 	 0.854905 	 0.0030916	0.00645892
1540 	 2055 	 0.854911 	 0.00309375	0.00646341
1540 	 2060 	 0.854918 	 0.0030959	0.00646789
1540 	 2065 	 0.854924 	 0.00309804	0.00647236
1540 	 2070 	 0.85493 	 0.00310017	0.00647682
1540 	 2075 	 0.854936 	 0.0031023	0.00648126
1540 	 2080 	 0.854942 	 0.00310442	0.0064857
1540 	 2085 	 0.854949 	 0.00310654	0.00649012
1540 	 2090 	 0.854955 	 0.00310865	0.00649453
1540 	 2095 	 0.854961 	 0.00311075	0.00649893
1540 	 2100 	 0.854967 	 0.00311285	0.00650332
1540 	 2105 	 0.854973 	 0.00311495	0.00650769
1540 	 2110 	 0.854979 	 0.00311704	0.00651205
1540 	 2115 	 0.854985 	 0.00311912	0.00651641
1540 	 2120 	 0.854991 	 0.0031212	0.00652075
1540 	 2125 	 0.854997 	 0.00312327	0.00652508
1540 	 2130 	 0.855002 	 0.00312534	0.0065294
1540 	 2135 	 0.855008 	 0.0031274	0.0065337
1540 	 2140 	 0.855014 	 0.00312945	0.006538
1540 	 2145 	 0.85502 	 0.0031315	0.00654228
1540 	 2150 	 0.855026 	 0.00313355	0.00654656
1540 	 2155 	 0.855031 	 0.00313559	0.00655082
1540 	 2160 	 0.855037 	 0.00313762	0.00655507
1540 	 2165 	 0.855043 	 0.00313965	0.00655931
1540 	 2170 	 0.855049 	 0.00314168	0.00656354
1540 	 2175 	 0.855054 	 0.0031437	0.00656776
1540 	 2180 	 0.85506 	 0.00314571	0.00657196
1540 	 2185 	 0.855065 	 0.00314772	0.00657616
1540 	 2190 	 0.855071 	 0.00314972	0.00658035
1540 	 2195 	 0.855077 	 0.00315172	0.00658452
1540 	 2200 	 0.855082 	 0.00315371	0.00658868
1540 	 2205 	 0.855088 	 0.0031557	0.00659284
1540 	 2210 	 0.855093 	 0.00315769	0.00659698
1540 	 2215 	 0.855099 	 0.00315966	0.00660111
1540 	 2220 	 0.855104 	 0.00316164	0.00660523
1540 	 2225 	 0.85511 	 0.0031636	0.00660934
1540 	 2230 	 0.855115 	 0.00316557	0.00661345
1540 	 2235 	 0.85512 	 0.00316752	0.00661753
1540 	 2240 	 0.855126 	 0.00316948	0.00662161
1540 	 2245 	 0.855131 	 0.00317142	0.00662568
1540 	 2250 	 0.855136 	 0.00317337	0.00662974
1540 	 2255 	 0.855142 	 0.0031753	0.00663379
1540 	 2260 	 0.855147 	 0.00317724	0.00663783
1540 	 2265 	 0.855152 	 0.00317917	0.00664186
1540 	 2270 	 0.855157 	 0.00318109	0.00664587
1540 	 2275 	 0.855163 	 0.00318301	0.00664988
1540 	 2280 	 0.855168 	 0.00318492	0.00665388
1540 	 2285 	 0.855173 	 0.00318683	0.00665787
1540 	 2290 	 0.855178 	 0.00318873	0.00666184
1540 	 2295 	 0.855183 	 0.00319063	0.00666581
1540 	 2300 	 0.855188 	 0.00319253	0.00666977
1540 	 2305 	 0.855193 	 0.00319441	0.00667371
1540 	 2310 	 0.855198 	 0.0031963	0.00667765
1540 	 2315 	 0.855203 	 0.00319818	0.00668158
1540 	 2320 	 0.855208 	 0.00320005	0.0066855
1540 	 2325 	 0.855213 	 0.00320192	0.0066894
1540 	 2330 	 0.855218 	 0.00320379	0.0066933
1540 	 2335 	 0.855223 	 0.00320565	0.00669719
1540 	 2340 	 0.855228 	 0.00320751	0.00670107
1540 	 2345 	 0.855233 	 0.00320936	0.00670494
1540 	 2350 	 0.855238 	 0.00321121	0.0067088
1540 	 2355 	 0.855243 	 0.00321305	0.00671265
1540 	 2360 	 0.855248 	 0.00321489	0.00671649
1540 	 2365 	 0.855253 	 0.00321672	0.00672032
1540 	 2370 	 0.855258 	 0.00321855	0.00672414
1540 	 2375 	 0.855262 	 0.00322038	0.00672795
1540 	 2380 	 0.855267 	 0.0032222	0.00673175
1540 	 2385 	 0.855272 	 0.00322401	0.00673555
1540 	 2390 	 0.855277 	 0.00322582	0.00673933
1540 	 2395 	 0.855281 	 0.00322763	0.0067431
1540 	 2400 	 0.855286 	 0.00322943	0.00674687
1540 	 2405 	 0.855291 	 0.00323123	0.00675063
1540 	 2410 	 0.855296 	 0.00323302	0.00675437
1540 	 2415 	 0.8553 	 0.00323481	0.00675811
1540 	 2420 	 0.855305 	 0.0032366	0.00676184
1540 	 2425 	 0.855309 	 0.00323838	0.00676556
1540 	 2430 	 0.855314 	 0.00324015	0.00676927
1540 	 2435 	 0.855319 	 0.00324192	0.00677297
1540 	 2440 	 0.855323 	 0.00324369	0.00677666
1540 	 2445 	 0.855328 	 0.00324545	0.00678034
1540 	 2450 	 0.855332 	 0.00324721	0.00678402
1540 	 2455 	 0.855337 	 0.00324897	0.00678768
1540 	 2460 	 0.855341 	 0.00325072	0.00679134
1540 	 2465 	 0.855346 	 0.00325246	0.00679499
1540 	 2470 	 0.85535 	 0.00325421	0.00679863
1540 	 2475 	 0.855355 	 0.00325594	0.00680226
1540 	 2480 	 0.855359 	 0.00325768	0.00680588
1540 	 2485 	 0.855364 	 0.00325941	0.00680949
1540 	 2490 	 0.855368 	 0.00326113	0.0068131
1540 	 2495 	 0.855372 	 0.00326285	0.00681669
1540 	 2500 	 0.855377 	 0.00326457	0.00682028
1540 	 2505 	 0.855381 	 0.00326628	0.00682386
1540 	 2510 	 0.855385 	 0.00326799	0.00682743
1540 	 2515 	 0.85539 	 0.00326969	0.00683099
1540 	 2520 	 0.855394 	 0.00327139	0.00683454
1540 	 2525 	 0.855398 	 0.00327309	0.00683808
1540 	 2530 	 0.855403 	 0.00327478	0.00684162
1540 	 2535 	 0.855407 	 0.00327647	0.00684515
1540 	 2540 	 0.855411 	 0.00327816	0.00684867
1540 	 2545 	 0.855415 	 0.00327984	0.00685218
1540 	 2550 	 0.85542 	 0.00328151	0.00685568
1540 	 2555 	 0.855424 	 0.00328319	0.00685917
1540 	 2560 	 0.855428 	 0.00328485	0.00686266
1540 	 2565 	 0.855432 	 0.00328652	0.00686614
1540 	 2570 	 0.855436 	 0.00328818	0.00686961
1540 	 2575 	 0.85544 	 0.00328984	0.00687307
1540 	 2580 	 0.855445 	 0.00329149	0.00687652
1540 	 2585 	 0.855449 	 0.00329314	0.00687996
1540 	 2590 	 0.855453 	 0.00329478	0.0068834
1540 	 2595 	 0.855457 	 0.00329642	0.00688683
1540 	 2600 	 0.855461 	 0.00329806	0.00689025
1540 	 2605 	 0.855465 	 0.0032997	0.00689366
1540 	 2610 	 0.855469 	 0.00330132	0.00689707
1540 	 2615 	 0.855473 	 0.00330295	0.00690047
1540 	 2620 	 0.855477 	 0.00330457	0.00690386
1540 	 2625 	 0.855481 	 0.00330619	0.00690724
1540 	 2630 	 0.855485 	 0.00330781	0.00691061
1540 	 2635 	 0.855489 	 0.00330942	0.00691398
1540 	 2640 	 0.855493 	 0.00331102	0.00691733
1540 	 2645 	 0.855497 	 0.00331263	0.00692068
1540 	 2650 	 0.855501 	 0.00331423	0.00692403
1540 	 2655 	 0.855505 	 0.00331582	0.00692736
1540 	 2660 	 0.855509 	 0.00331742	0.00693069
1540 	 2665 	 0.855513 	 0.003319	0.00693401
1540 	 2670 	 0.855516 	 0.00332059	0.00693732
1540 	 2675 	 0.85552 	 0.00332217	0.00694062
1540 	 2680 	 0.855524 	 0.00332375	0.00694392
1540 	 2685 	 0.855528 	 0.00332532	0.00694721
1540 	 2690 	 0.855532 	 0.00332689	0.00695049
1540 	 2695 	 0.855536 	 0.00332846	0.00695376
1540 	 2700 	 0.855539 	 0.00333002	0.00695703
1540 	 2705 	 0.855543 	 0.00333158	0.00696029
1540 	 2710 	 0.855547 	 0.00333314	0.00696354
1540 	 2715 	 0.855551 	 0.00333469	0.00696678
1540 	 2720 	 0.855554 	 0.00333624	0.00697002
1540 	 2725 	 0.855558 	 0.00333779	0.00697325
1540 	 2730 	 0.855562 	 0.00333933	0.00697647
1540 	 2735 	 0.855565 	 0.00334087	0.00697969
1540 	 2740 	 0.855569 	 0.00334241	0.00698289
1540 	 2745 	 0.855573 	 0.00334394	0.00698609
1540 	 2750 	 0.855577 	 0.00334547	0.00698929
1540 	 2755 	 0.85558 	 0.00334699	0.00699247
1540 	 2760 	 0.855584 	 0.00334851	0.00699565
1540 	 2765 	 0.855587 	 0.00335003	0.00699882
1540 	 2770 	 0.855591 	 0.00335155	0.00700199
1540 	 2775 	 0.855595 	 0.00335306	0.00700515
1540 	 2780 	 0.855598 	 0.00335456	0.0070083
1540 	 2785 	 0.855602 	 0.00335607	0.00701144
1540 	 2790 	 0.855605 	 0.00335757	0.00701458
1540 	 2795 	 0.855609 	 0.00335907	0.00701771
1540 	 2800 	 0.855613 	 0.00336056	0.00702083
1540 	 2805 	 0.855616 	 0.00336205	0.00702394
1540 	 2810 	 0.85562 	 0.00336354	0.00702705
1540 	 2815 	 0.855623 	 0.00336503	0.00703015
1540 	 2820 	 0.855627 	 0.00336651	0.00703325
1540 	 2825 	 0.85563 	 0.00336799	0.00703634
1540 	 2830 	 0.855634 	 0.00336946	0.00703942
1540 	 2835 	 0.855637 	 0.00337093	0.00704249
1540 	 2840 	 0.85564 	 0.0033724	0.00704556
1540 	 2845 	 0.855644 	 0.00337387	0.00704862
1540 	 2850 	 0.855647 	 0.00337533	0.00705167
1540 	 2855 	 0.855651 	 0.00337679	0.00705472
1540 	 2860 	 0.855654 	 0.00337824	0.00705776
1540 	 2865 	 0.855658 	 0.00337969	0.0070608
1540 	 2870 	 0.855661 	 0.00338114	0.00706382
1540 	 2875 	 0.855664 	 0.00338259	0.00706684
1540 	 2880 	 0.855668 	 0.00338403	0.00706986
1540 	 2885 	 0.855671 	 0.00338547	0.00707286
1540 	 2890 	 0.855674 	 0.00338691	0.00707587
1540 	 2895 	 0.855678 	 0.00338834	0.00707886
1540 	 2900 	 0.855681 	 0.00338977	0.00708185
1540 	 2905 	 0.855684 	 0.0033912	0.00708483
1540 	 2910 	 0.855688 	 0.00339262	0.0070878
1540 	 2915 	 0.855691 	 0.00339404	0.00709077
1540 	 2920 	 0.855694 	 0.00339546	0.00709374
1540 	 2925 	 0.855697 	 0.00339688	0.00709669
1540 	 2930 	 0.855701 	 0.00339829	0.00709964
1540 	 2935 	 0.855704 	 0.0033997	0.00710258
1540 	 2940 	 0.855707 	 0.0034011	0.00710552
1540 	 2945 	 0.85571 	 0.0034025	0.00710845
1540 	 2950 	 0.855714 	 0.0034039	0.00711137
1540 	 2955 	 0.855717 	 0.0034053	0.00711429
1540 	 2960 	 0.85572 	 0.00340669	0.0071172
1540 	 2965 	 0.855723 	 0.00340808	0.00712011
1540 	 2970 	 0.855726 	 0.00340947	0.00712301
1540 	 2975 	 0.85573 	 0.00341086	0.0071259
1540 	 2980 	 0.855733 	 0.00341224	0.00712879
1540 	 2985 	 0.855736 	 0.00341362	0.00713167
1540 	 2990 	 0.855739 	 0.00341499	0.00713454
1540 	 2995 	 0.855742 	 0.00341637	0.00713741
1540 	 3000 	 0.855745 	 0.00341774	0.00714027
1540 	 3005 	 0.855748 	 0.0034191	0.00714313
1540 	 3010 	 0.855751 	 0.00342047	0.00714598
1540 	 3015 	 0.855755 	 0.00342183	0.00714882
1540 	 3020 	 0.855758 	 0.00342319	0.00715166
1540 	 3025 	 0.855761 	 0.00342454	0.00715449
1540 	 3030 	 0.855764 	 0.0034259	0.00715732
1540 	 3035 	 0.855767 	 0.00342725	0.00716014
1540 	 3040 	 0.85577 	 0.00342859	0.00716295
1540 	 3045 	 0.855773 	 0.00342994	0.00716576
1540 	 3050 	 0.855776 	 0.00343128	0.00716857
1540 	 3055 	 0.855779 	 0.00343262	0.00717136
1540 	 3060 	 0.855782 	 0.00343395	0.00717415
1540 	 3065 	 0.855785 	 0.00343529	0.00717694
1540 	 3070 	 0.855788 	 0.00343662	0.00717972
1540 	 3075 	 0.855791 	 0.00343794	0.00718249
1540 	 3080 	 0.855794 	 0.00343927	0.00718526
1540 	 3085 	 0.855797 	 0.00344059	0.00718802
1540 	 3090 	 0.8558 	 0.00344191	0.00719078
1540 	 3095 	 0.855803 	 0.00344323	0.00719353
1540 	 3100 	 0.855806 	 0.00344454	0.00719627
1540 	 3105 	 0.855809 	 0.00344585	0.00719901
1540 	 3110 	 0.855812 	 0.00344716	0.00720174
1540 	 3115 	 0.855814 	 0.00344846	0.00720447
1540 	 3120 	 0.855817 	 0.00344977	0.00720719
1540 	 3125 	 0.85582 	 0.00345107	0.00720991
1540 	 3130 	 0.855823 	 0.00345237	0.00721262
1540 	 3135 	 0.855826 	 0.00345366	0.00721533
1540 	 3140 	 0.855829 	 0.00345495	0.00721802
1540 	 3145 	 0.855832 	 0.00345624	0.00722072
1540 	 3150 	 0.855835 	 0.00345753	0.00722341
1540 	 3155 	 0.855837 	 0.00345881	0.00722609
1540 	 3160 	 0.85584 	 0.00346009	0.00722877
1540 	 3165 	 0.855843 	 0.00346137	0.00723144
1540 	 3170 	 0.855846 	 0.00346265	0.00723411
1540 	 3175 	 0.855849 	 0.00346392	0.00723677
1540 	 3180 	 0.855852 	 0.0034652	0.00723942
1540 	 3185 	 0.855854 	 0.00346646	0.00724207
1540 	 3190 	 0.855857 	 0.00346773	0.00724472
1540 	 3195 	 0.85586 	 0.00346899	0.00724736
1540 	 3200 	 0.855863 	 0.00347025	0.00724999
1540 	 3205 	 0.855865 	 0.00347151	0.00725262
1540 	 3210 	 0.855868 	 0.00347277	0.00725525
1540 	 3215 	 0.855871 	 0.00347402	0.00725787
1540 	 3220 	 0.855874 	 0.00347527	0.00726048
1540 	 3225 	 0.855876 	 0.00347652	0.00726309
1540 	 3230 	 0.855879 	 0.00347777	0.00726569
1540 	 3235 	 0.855882 	 0.00347901	0.00726829
1540 	 3240 	 0.855885 	 0.00348025	0.00727088
1540 	 3245 	 0.855887 	 0.00348149	0.00727347
1540 	 3250 	 0.85589 	 0.00348273	0.00727605
1540 	 3255 	 0.855893 	 0.00348396	0.00727862
1540 	 3260 	 0.855895 	 0.00348519	0.0072812
1540 	 3265 	 0.855898 	 0.00348642	0.00728376
1540 	 3270 	 0.855901 	 0.00348764	0.00728632
1540 	 3275 	 0.855903 	 0.00348887	0.00728888
1540 	 3280 	 0.855906 	 0.00349009	0.00729143
1540 	 3285 	 0.855909 	 0.00349131	0.00729398
1540 	 3290 	 0.855911 	 0.00349252	0.00729652
1540 	 3295 	 0.855914 	 0.00349374	0.00729905
1540 	 3300 	 0.855916 	 0.00349495	0.00730158
1540 	 3305 	 0.855919 	 0.00349616	0.00730411
1540 	 3310 	 0.855922 	 0.00349736	0.00730663
1540 	 3315 	 0.855924 	 0.00349857	0.00730915
1540 	 3320 	 0.855927 	 0.00349977	0.00731166
1540 	 3325 	 0.855929 	 0.00350097	0.00731416
1540 	 3330 	 0.855932 	 0.00350217	0.00731667
1540 	 3335 	 0.855934 	 0.00350336	0.00731916
1540 	 3340 	 0.855937 	 0.00350455	0.00732165
1540 	 3345 	 0.85594 	 0.00350575	0.00732414
1540 	 3350 	 0.855942 	 0.00350693	0.00732662
1540 	 3355 	 0.855945 	 0.00350812	0.0073291
1540 	 3360 	 0.855947 	 0.0035093	0.00733157
1540 	 3365 	 0.85595 	 0.00351048	0.00733404
1540 	 3370 	 0.855952 	 0.00351166	0.0073365
1540 	 3375 	 0.855955 	 0.00351284	0.00733896
1540 	 3380 	 0.855957 	 0.00351401	0.00734141
1540 	 3385 	 0.85596 	 0.00351518	0.00734386
1540 	 3390 	 0.855962 	 0.00351635	0.0073463
1540 	 3395 	 0.855965 	 0.00351752	0.00734874
1540 	 3400 	 0.855967 	 0.00351868	0.00735117
1540 	 3405 	 0.85597 	 0.00351985	0.0073536
1540 	 3410 	 0.855972 	 0.00352101	0.00735603
1540 	 3415 	 0.855975 	 0.00352217	0.00735845
1540 	 3420 	 0.855977 	 0.00352332	0.00736086
1540 	 3425 	 0.855979 	 0.00352448	0.00736327
1540 	 3430 	 0.855982 	 0.00352563	0.00736568
1540 	 3435 	 0.855984 	 0.00352678	0.00736808
1540 	 3440 	 0.855987 	 0.00352792	0.00737047
1540 	 3445 	 0.855989 	 0.00352907	0.00737287
1540 	 3450 	 0.855992 	 0.00353021	0.00737525
1540 	 3455 	 0.855994 	 0.00353135	0.00737764
1540 	 3460 	 0.855996 	 0.00353249	0.00738002
1540 	 3465 	 0.855999 	 0.00353363	0.00738239
1540 	 3470 	 0.856001 	 0.00353476	0.00738476
1540 	 3475 	 0.856004 	 0.00353589	0.00738712
1540 	 3480 	 0.856006 	 0.00353702	0.00738948
1540 	 3485 	 0.856008 	 0.00353815	0.00739184
1540 	 3490 	 0.856011 	 0.00353927	0.00739419
1540 	 3495 	 0.856013 	 0.0035404	0.00739654
1540 	 3500 	 0.856015 	 0.00354152	0.00739888
1540 	 3505 	 0.856018 	 0.00354264	0.00740122
1540 	 3510 	 0.85602 	 0.00354376	0.00740355
1540 	 3515 	 0.856022 	 0.00354487	0.00740588
1540 	 3520 	 0.856025 	 0.00354598	0.0074082
1540 	 3525 	 0.856027 	 0.00354709	0.00741052
1540 	 3530 	 0.856029 	 0.0035482	0.00741284
1540 	 3535 	 0.856032 	 0.00354931	0.00741515
1540 	 3540 	 0.856034 	 0.00355041	0.00741746
1540 	 3545 	 0.856036 	 0.00355151	0.00741976
1540 	 3550 	 0.856038 	 0.00355262	0.00742206
1540 	 3555 	 0.856041 	 0.00355371	0.00742435
1540 	 3560 	 0.856043 	 0.00355481	0.00742664
1540 	 3565 	 0.856045 	 0.0035559	0.00742893
1540 	 3570 	 0.856048 	 0.003557	0.00743121
1540 	 3575 	 0.85605 	 0.00355809	0.00743349
1540 	 3580 	 0.856052 	 0.00355917	0.00743576
1540 	 3585 	 0.856054 	 0.00356026	0.00743803
1540 	 3590 	 0.856057 	 0.00356134	0.0074403
1540 	 3595 	 0.856059 	 0.00356243	0.00744256
1540 	 3600 	 0.856061 	 0.00356351	0.00744481
1540 	 3605 	 0.856063 	 0.00356458	0.00744706
1540 	 3610 	 0.856065 	 0.00356566	0.00744931
1540 	 3615 	 0.856068 	 0.00356673	0.00745156
1540 	 3620 	 0.85607 	 0.0035678	0.00745379
1540 	 3625 	 0.856072 	 0.00356887	0.00745603
1540 	 3630 	 0.856074 	 0.00356994	0.00745826
1540 	 3635 	 0.856076 	 0.00357101	0.00746049
1540 	 3640 	 0.856079 	 0.00357207	0.00746271
1540 	 3645 	 0.856081 	 0.00357314	0.00746493
1540 	 3650 	 0.856083 	 0.0035742	0.00746715
1540 	 3655 	 0.856085 	 0.00357525	0.00746936
1540 	 3660 	 0.856087 	 0.00357631	0.00747156
1540 	 3665 	 0.856089 	 0.00357736	0.00747377
1540 	 3670 	 0.856092 	 0.00357842	0.00747596
1540 	 3675 	 0.856094 	 0.00357947	0.00747816
1540 	 3680 	 0.856096 	 0.00358052	0.00748035
1540 	 3685 	 0.856098 	 0.00358156	0.00748254
1540 	 3690 	 0.8561 	 0.00358261	0.00748472
1540 	 3695 	 0.856102 	 0.00358365	0.0074869
1540 	 3700 	 0.856104 	 0.00358469	0.00748907
1540 	 3705 	 0.856106 	 0.00358573	0.00749124
1540 	 3710 	 0.856109 	 0.00358677	0.00749341
1540 	 3715 	 0.856111 	 0.0035878	0.00749558
1540 	 3720 	 0.856113 	 0.00358884	0.00749773
1540 	 3725 	 0.856115 	 0.00358987	0.00749989
1540 	 3730 	 0.856117 	 0.0035909	0.00750204
1540 	 3735 	 0.856119 	 0.00359193	0.00750419
1540 	 3740 	 0.856121 	 0.00359295	0.00750633
1540 	 3745 	 0.856123 	 0.00359398	0.00750847
1540 	 3750 	 0.856125 	 0.003595	0.00751061
1540 	 3755 	 0.856127 	 0.00359602	0.00751274
1540 	 3760 	 0.856129 	 0.00359704	0.00751487
1540 	 3765 	 0.856131 	 0.00359806	0.00751699
1540 	 3770 	 0.856133 	 0.00359907	0.00751911
1540 	 3775 	 0.856135 	 0.00360008	0.00752123
1540 	 3780 	 0.856137 	 0.0036011	0.00752334
1540 	 3785 	 0.85614 	 0.00360211	0.00752545
1540 	 3790 	 0.856142 	 0.00360311	0.00752756
1540 	 3795 	 0.856144 	 0.00360412	0.00752966
1540 	 3800 	 0.856146 	 0.00360512	0.00753176
1540 	 3805 	 0.856148 	 0.00360613	0.00753385
1540 	 3810 	 0.85615 	 0.00360713	0.00753595
1540 	 3815 	 0.856152 	 0.00360813	0.00753803
1540 	 3820 	 0.856154 	 0.00360912	0.00754012
1540 	 3825 	 0.856156 	 0.00361012	0.0075422
1540 	 3830 	 0.856158 	 0.00361111	0.00754427
1540 	 3835 	 0.85616 	 0.0036121	0.00754634
1540 	 3840 	 0.856162 	 0.00361309	0.00754841
1540 	 3845 	 0.856164 	 0.00361408	0.00755048
1540 	 3850 	 0.856165 	 0.00361507	0.00755254
1540 	 3855 	 0.856167 	 0.00361605	0.0075546
1540 	 3860 	 0.856169 	 0.00361704	0.00755665
1540 	 3865 	 0.856171 	 0.00361802	0.0075587
1540 	 3870 	 0.856173 	 0.003619	0.00756075
1540 	 3875 	 0.856175 	 0.00361998	0.00756279
1540 	 3880 	 0.856177 	 0.00362095	0.00756483
1540 	 3885 	 0.856179 	 0.00362193	0.00756687
1540 	 3890 	 0.856181 	 0.0036229	0.0075689
1540 	 3895 	 0.856183 	 0.00362387	0.00757093
1540 	 3900 	 0.856185 	 0.00362484	0.00757296
1540 	 3905 	 0.856187 	 0.00362581	0.00757498
1540 	 3910 	 0.856189 	 0.00362678	0.007577
1540 	 3915 	 0.856191 	 0.00362774	0.00757901
1540 	 3920 	 0.856193 	 0.0036287	0.00758103
1540 	 3925 	 0.856194 	 0.00362967	0.00758303
1540 	 3930 	 0.856196 	 0.00363063	0.00758504
1540 	 3935 	 0.856198 	 0.00363158	0.00758704
1540 	 3940 	 0.8562 	 0.00363254	0.00758904
1540 	 3945 	 0.856202 	 0.00363349	0.00759103
1540 	 3950 	 0.856204 	 0.00363445	0.00759302
1540 	 3955 	 0.856206 	 0.0036354	0.00759501
1540 	 3960 	 0.856208 	 0.00363635	0.00759699
1540 	 3965 	 0.856209 	 0.0036373	0.00759898
1540 	 3970 	 0.856211 	 0.00363824	0.00760095
1540 	 3975 	 0.856213 	 0.00363919	0.00760293
1540 	 3980 	 0.856215 	 0.00364013	0.0076049
1540 	 3985 	 0.856217 	 0.00364107	0.00760686
1540 	 3990 	 0.856219 	 0.00364201	0.00760883
1540 	 3995 	 0.856221 	 0.00364295	0.00761079
1540 	 4000 	 0.856222 	 0.00364389	0.00761275
1540 	 4005 	 0.856224 	 0.00364482	0.0076147
1540 	 4010 	 0.856226 	 0.00364576	0.00761665
1540 	 4015 	 0.856228 	 0.00364669	0.0076186
1540 	 4020 	 0.85623 	 0.00364762	0.00762054
1540 	 4025 	 0.856231 	 0.00364855	0.00762248
1540 	 4030 	 0.856233 	 0.00364948	0.00762442
1540 	 4035 	 0.856235 	 0.0036504	0.00762635
1540 	 4040 	 0.856237 	 0.00365133	0.00762828
1540 	 4045 	 0.856239 	 0.00365225	0.00763021
1540 	 4050 	 0.85624 	 0.00365317	0.00763214
1540 	 4055 	 0.856242 	 0.00365409	0.00763406
1540 	 4060 	 0.856244 	 0.00365501	0.00763597
1540 	 4065 	 0.856246 	 0.00365592	0.00763789
1540 	 4070 	 0.856248 	 0.00365684	0.0076398
1540 	 4075 	 0.856249 	 0.00365775	0.00764171
1540 	 4080 	 0.856251 	 0.00365866	0.00764361
1540 	 4085 	 0.856253 	 0.00365957	0.00764552
1540 	 4090 	 0.856255 	 0.00366048	0.00764741
1540 	 4095 	 0.856256 	 0.00366139	0.00764931
1540 	 4100 	 0.856258 	 0.00366229	0.0076512
1540 	 4105 	 0.85626 	 0.0036632	0.00765309
1540 	 4110 	 0.856262 	 0.0036641	0.00765498
1540 	 4115 	 0.856263 	 0.003665	0.00765686
1540 	 4120 	 0.856265 	 0.0036659	0.00765874
1540 	 4125 	 0.856267 	 0.0036668	0.00766062
1540 	 4130 	 0.856269 	 0.0036677	0.00766249
1540 	 4135 	 0.85627 	 0.00366859	0.00766436
1540 	 4140 	 0.856272 	 0.00366949	0.00766623
1540 	 4145 	 0.856274 	 0.00367038	0.00766809
1540 	 4150 	 0.856275 	 0.00367127	0.00766995
1540 	 4155 	 0.856277 	 0.00367216	0.00767181
1540 	 4160 	 0.856279 	 0.00367305	0.00767366
1540 	 4165 	 0.856281 	 0.00367393	0.00767552
1540 	 4170 	 0.856282 	 0.00367482	0.00767736
1540 	 4175 	 0.856284 	 0.0036757	0.00767921
1540 	 4180 	 0.856286 	 0.00367658	0.00768105
1540 	 4185 	 0.856287 	 0.00367746	0.00768289
1540 	 4190 	 0.856289 	 0.00367834	0.00768473
1540 	 4195 	 0.856291 	 0.00367922	0.00768656
1540 	 4200 	 0.856292 	 0.0036801	0.00768839
1540 	 4205 	 0.856294 	 0.00368097	0.00769022
1540 	 4210 	 0.856296 	 0.00368185	0.00769205
1540 	 4215 	 0.856297 	 0.00368272	0.00769387
1540 	 4220 	 0.856299 	 0.00368359	0.00769569
1540 	 4225 	 0.856301 	 0.00368446	0.0076975
1540 	 4230 	 0.856302 	 0.00368532	0.00769931
1540 	 4235 	 0.856304 	 0.00368619	0.00770112
1540 	 4240 	 0.856306 	 0.00368706	0.00770293
1540 	 4245 	 0.856307 	 0.00368792	0.00770474
1540 	 4250 	 0.856309 	 0.00368878	0.00770654
1540 	 4255 	 0.856311 	 0.00368964	0.00770833
1540 	 4260 	 0.856312 	 0.0036905	0.00771013
1540 	 4265 	 0.856314 	 0.00369136	0.00771192
1540 	 4270 	 0.856315 	 0.00369222	0.00771371
1540 	 4275 	 0.856317 	 0.00369307	0.0077155
1540 	 4280 	 0.856319 	 0.00369392	0.00771728
1540 	 4285 	 0.85632 	 0.00369478	0.00771906
1540 	 4290 	 0.856322 	 0.00369563	0.00772084
1540 	 4295 	 0.856323 	 0.00369648	0.00772261
1540 	 4300 	 0.856325 	 0.00369733	0.00772439
1540 	 4305 	 0.856327 	 0.00369817	0.00772616
1540 	 4310 	 0.856328 	 0.00369902	0.00772792
1540 	 4315 	 0.85633 	 0.00369986	0.00772969
1540 	 4320 	 0.856331 	 0.00370071	0.00773145
1540 	 4325 	 0.856333 	 0.00370155	0.00773321
1540 	 4330 	 0.856335 	 0.00370239	0.00773496
1540 	 4335 	 0.856336 	 0.00370323	0.00773671
1540 	 4340 	 0.856338 	 0.00370406	0.00773846
1540 	 4345 	 0.856339 	 0.0037049	0.00774021
1540 	 4350 	 0.856341 	 0.00370573	0.00774195
1540 	 4355 	 0.856343 	 0.00370657	0.00774369
1540 	 4360 	 0.856344 	 0.0037074	0.00774543
1540 	 4365 	 0.856346 	 0.00370823	0.00774717
1540 	 4370 	 0.856347 	 0.00370906	0.0077489
1540 	 4375 	 0.856349 	 0.00370989	0.00775063
1540 	 4380 	 0.85635 	 0.00371072	0.00775236
1540 	 4385 	 0.856352 	 0.00371154	0.00775408
1540 	 4390 	 0.856353 	 0.00371236	0.00775581
1540 	 4395 	 0.856355 	 0.00371319	0.00775753
1540 	 4400 	 0.856356 	 0.00371401	0.00775924
1540 	 4405 	 0.856358 	 0.00371483	0.00776096
1540 	 4410 	 0.85636 	 0.00371565	0.00776267
1540 	 4415 	 0.856361 	 0.00371647	0.00776438
1540 	 4420 	 0.856363 	 0.00371728	0.00776608
1540 	 4425 	 0.856364 	 0.0037181	0.00776779
1540 	 4430 	 0.856366 	 0.00371891	0.00776949
1540 	 4435 	 0.856367 	 0.00371973	0.00777118
1540 	 4440 	 0.856369 	 0.00372054	0.00777288
1540 	 4445 	 0.85637 	 0.00372135	0.00777457
1540 	 4450 	 0.856372 	 0.00372216	0.00777626
1540 	 4455 	 0.856373 	 0.00372296	0.00777795
1540 	 4460 	 0.856375 	 0.00372377	0.00777963
1540 	 4465 	 0.856376 	 0.00372457	0.00778132
1540 	 4470 	 0.856378 	 0.00372538	0.00778299
1540 	 4475 	 0.856379 	 0.00372618	0.00778467
1540 	 4480 	 0.856381 	 0.00372698	0.00778635
1540 	 4485 	 0.856382 	 0.00372778	0.00778802
1540 	 4490 	 0.856384 	 0.00372858	0.00778969
1540 	 4495 	 0.856385 	 0.00372938	0.00779135
1540 	 4500 	 0.856387 	 0.00373018	0.00779302
1540 	 4505 	 0.856388 	 0.00373097	0.00779468
1540 	 4510 	 0.856389 	 0.00373176	0.00779634
1540 	 4515 	 0.856391 	 0.00373256	0.00779799
1540 	 4520 	 0.856392 	 0.00373335	0.00779965
1540 	 4525 	 0.856394 	 0.00373414	0.0078013
1540 	 4530 	 0.856395 	 0.00373493	0.00780295
1540 	 4535 	 0.856397 	 0.00373572	0.00780459
1540 	 4540 	 0.856398 	 0.0037365	0.00780623
1540 	 4545 	 0.8564 	 0.00373729	0.00780788
1540 	 4550 	 0.856401 	 0.00373807	0.00780951
1540 	 4555 	 0.856403 	 0.00373886	0.00781115
1540 	 4560 	 0.856404 	 0.00373964	0.00781278
1540 	 4565 	 0.856405 	 0.00374042	0.00781441
1540 	 4570 	 0.856407 	 0.0037412	0.00781604
1540 	 4575 	 0.856408 	 0.00374198	0.00781767
1540 	 4580 	 0.85641 	 0.00374275	0.00781929
1540 	 4585 	 0.856411 	 0.00374353	0.00782091
1540 	 4590 	 0.856413 	 0.0037443	0.00782253
1540 	 4595 	 0.856414 	 0.00374508	0.00782415
1540 	 4600 	 0.856415 	 0.00374585	0.00782576
1540 	 4605 	 0.856417 	 0.00374662	0.00782737
1540 	 4610 	 0.856418 	 0.00374739	0.00782898
1540 	 4615 	 0.85642 	 0.00374816	0.00783059
1540 	 4620 	 0.856421 	 0.00374893	0.00783219
1540 	 4625 	 0.856422 	 0.00374969	0.00783379
1540 	 4630 	 0.856424 	 0.00375046	0.00783539
1540 	 4635 	 0.856425 	 0.00375122	0.00783699
1540 	 4640 	 0.856427 	 0.00375199	0.00783858
1540 	 4645 	 0.856428 	 0.00375275	0.00784017
1540 	 4650 	 0.856429 	 0.00375351	0.00784176
1540 	 4655 	 0.856431 	 0.00375427	0.00784335
1540 	 4660 	 0.856432 	 0.00375503	0.00784493
1540 	 4665 	 0.856434 	 0.00375578	0.00784652
1540 	 4670 	 0.856435 	 0.00375654	0.0078481
1540 	 4675 	 0.856436 	 0.00375729	0.00784967
1540 	 4680 	 0.856438 	 0.00375805	0.00785125
1540 	 4685 	 0.856439 	 0.0037588	0.00785282
1540 	 4690 	 0.85644 	 0.00375955	0.00785439
1540 	 4695 	 0.856442 	 0.0037603	0.00785596
1540 	 4700 	 0.856443 	 0.00376105	0.00785753
1540 	 4705 	 0.856445 	 0.0037618	0.00785909
1540 	 4710 	 0.856446 	 0.00376255	0.00786065
1540 	 4715 	 0.856447 	 0.00376329	0.00786221
1540 	 4720 	 0.856449 	 0.00376404	0.00786376
1540 	 4725 	 0.85645 	 0.00376478	0.00786532
1540 	 4730 	 0.856451 	 0.00376553	0.00786687
1540 	 4735 	 0.856453 	 0.00376627	0.00786842
1540 	 4740 	 0.856454 	 0.00376701	0.00786997
1540 	 4745 	 0.856455 	 0.00376775	0.00787151
1540 	 4750 	 0.856457 	 0.00376849	0.00787305
1540 	 4755 	 0.856458 	 0.00376922	0.0078746
1540 	 4760 	 0.856459 	 0.00376996	0.00787613
1540 	 4765 	 0.856461 	 0.0037707	0.00787767
1540 	 4770 	 0.856462 	 0.00377143	0.0078792
1540 	 4775 	 0.856463 	 0.00377216	0.00788073
1540 	 4780 	 0.856465 	 0.00377289	0.00788226
1540 	 4785 	 0.856466 	 0.00377362	0.00788379
1540 	 4790 	 0.856467 	 0.00377435	0.00788531
1540 	 4795 	 0.856469 	 0.00377508	0.00788684
1540 	 4800 	 0.85647 	 0.00377581	0.00788836
1540 	 4805 	 0.856471 	 0.00377654	0.00788987
1540 	 4810 	 0.856472 	 0.00377726	0.00789139
1540 	 4815 	 0.856474 	 0.00377799	0.0078929
1540 	 4820 	 0.856475 	 0.00377871	0.00789441
1540 	 4825 	 0.856476 	 0.00377943	0.00789592
1540 	 4830 	 0.856478 	 0.00378015	0.00789743
1540 	 4835 	 0.856479 	 0.00378087	0.00789893
1540 	 4840 	 0.85648 	 0.00378159	0.00790044
1540 	 4845 	 0.856481 	 0.00378231	0.00790194
1540 	 4850 	 0.856483 	 0.00378303	0.00790344
1540 	 4855 	 0.856484 	 0.00378374	0.00790493
1540 	 4860 	 0.856485 	 0.00378446	0.00790642
1540 	 4865 	 0.856487 	 0.00378517	0.00790792
1540 	 4870 	 0.856488 	 0.00378589	0.00790941
1540 	 4875 	 0.856489 	 0.0037866	0.00791089
1540 	 4880 	 0.85649 	 0.00378731	0.00791238
1540 	 4885 	 0.856492 	 0.00378802	0.00791386
1540 	 4890 	 0.856493 	 0.00378873	0.00791534
1540 	 4895 	 0.856494 	 0.00378943	0.00791682
1540 	 4900 	 0.856495 	 0.00379014	0.0079183
1540 	 4905 	 0.856497 	 0.00379085	0.00791977
1540 	 4910 	 0.856498 	 0.00379155	0.00792124
1540 	 4915 	 0.856499 	 0.00379226	0.00792271
1540 	 4920 	 0.8565 	 0.00379296	0.00792418
1540 	 4925 	 0.856502 	 0.00379366	0.00792565
1540 	 4930 	 0.856503 	 0.00379436	0.00792711
1540 	 4935 	 0.856504 	 0.00379506	0.00792857
1540 	 4940 	 0.856505 	 0.00379576	0.00793003
1540 	 4945 	 0.856507 	 0.00379646	0.00793149
1540 	 4950 	 0.856508 	 0.00379715	0.00793295
1540 	 4955 	 0.856509 	 0.00379785	0.0079344
1540 	 4960 	 0.85651 	 0.00379854	0.00793585
1540 	 4965 	 0.856512 	 0.00379924	0.0079373
1540 	 4970 	 0.856513 	 0.00379993	0.00793875
1540 	 4975 	 0.856514 	 0.00380062	0.00794019
1540 	 4980 	 0.856515 	 0.00380131	0.00794163
1540 	 4985 	 0.856517 	 0.003802	0.00794308
1540 	 4990 	 0.856518 	 0.00380269	0.00794451
1540 	 4995 	 0.856519 	 0.00380338	0.00794595
1540 	 5000 	 0.85652 	 0.00380407	0.00794739
