155 	 5 	 0.710044 	 0.0064202	0.013413
155 	 10 	 0.71063 	 0.00603229	0.0126025
155 	 15 	 0.711738 	 0.00542917	0.0113425
155 	 20 	 0.713795 	 0.00458469	0.00957825
155 	 25 	 0.71749 	 0.00364707	0.0076194
155 	 30 	 0.723749 	 0.00309029	0.00645618
155 	 35 	 0.733361 	 0.00306918	0.00641208
155 	 40 	 0.746112 	 0.00280174	0.00585335
155 	 45 	 0.761084 	 0.00296233	0.00618884
155 	 50 	 0.774899 	 0.00273193	0.0057075
155 	 55 	 0.785317 	 0.00223939	0.0046785
155 	 60 	 0.792348 	 0.0015773	0.00329526
155 	 65 	 0.796854 	 0.00111083	0.00232073
155 	 70 	 0.799756 	 0.00107565	0.00224723
155 	 75 	 0.80172 	 0.00128061	0.00267544
155 	 80 	 0.803155 	 0.0015102	0.00315508
155 	 85 	 0.804291 	 0.00171113	0.00357486
155 	 90 	 0.805255 	 0.00188352	0.00393501
155 	 95 	 0.806115 	 0.00203432	0.00425007
155 	 100 	 0.806907 	 0.00216835	0.00453008
155 	 105 	 0.80765 	 0.00228814	0.00478034
155 	 110 	 0.808355 	 0.00239502	0.00500364
155 	 115 	 0.809027 	 0.0024899	0.00520186
155 	 120 	 0.809672 	 0.00257355	0.00537662
155 	 125 	 0.810291 	 0.0026468	0.00552964
155 	 130 	 0.810886 	 0.00271046	0.00566265
155 	 135 	 0.811458 	 0.00276541	0.00577745
155 	 140 	 0.812009 	 0.00281248	0.00587578
155 	 145 	 0.81254 	 0.00285246	0.00595932
155 	 150 	 0.813051 	 0.00288611	0.00602962
155 	 155 	 0.813543 	 0.00291412	0.00608813
155 	 160 	 0.814018 	 0.00293711	0.00613616
155 	 165 	 0.814476 	 0.00295565	0.00617489
155 	 170 	 0.814918 	 0.00297025	0.0062054
155 	 175 	 0.815344 	 0.00298137	0.00622863
155 	 180 	 0.815755 	 0.00298941	0.00624543
155 	 185 	 0.816152 	 0.00299473	0.00625655
155 	 190 	 0.816536 	 0.00299765	0.00626264
155 	 195 	 0.816907 	 0.00299845	0.00626431
155 	 200 	 0.817265 	 0.00299738	0.00626207
155 	 205 	 0.817612 	 0.00299466	0.00625639
155 	 210 	 0.817947 	 0.00299048	0.00624766
155 	 215 	 0.818272 	 0.00298502	0.00623624
155 	 220 	 0.818586 	 0.00297842	0.00622247
155 	 225 	 0.81889 	 0.00297083	0.00620661
155 	 230 	 0.819185 	 0.00296237	0.00618892
155 	 235 	 0.819471 	 0.00295313	0.00616962
155 	 240 	 0.819748 	 0.00294321	0.00614891
155 	 245 	 0.820017 	 0.0029327	0.00612695
155 	 250 	 0.820277 	 0.00292168	0.00610391
155 	 255 	 0.82053 	 0.0029102	0.00607993
155 	 260 	 0.820776 	 0.00289832	0.00605512
155 	 265 	 0.821015 	 0.00288611	0.00602961
155 	 270 	 0.821247 	 0.0028736	0.00600348
155 	 275 	 0.821472 	 0.00286084	0.00597682
155 	 280 	 0.821691 	 0.00284787	0.00594973
155 	 285 	 0.821904 	 0.00283473	0.00592226
155 	 290 	 0.822111 	 0.00282143	0.00589448
155 	 295 	 0.822313 	 0.00280802	0.00586646
155 	 300 	 0.822509 	 0.00279451	0.00583824
155 	 305 	 0.8227 	 0.00278093	0.00580986
155 	 310 	 0.822887 	 0.0027673	0.00578139
155 	 315 	 0.823068 	 0.00275363	0.00575284
155 	 320 	 0.823245 	 0.00273995	0.00572426
155 	 325 	 0.823417 	 0.00272627	0.00569568
155 	 330 	 0.823585 	 0.00271261	0.00566713
155 	 335 	 0.823749 	 0.00269897	0.00563863
155 	 340 	 0.823909 	 0.00268536	0.00561021
155 	 345 	 0.824066 	 0.00267181	0.00558189
155 	 350 	 0.824218 	 0.00265831	0.00555369
155 	 355 	 0.824367 	 0.00264488	0.00552563
155 	 360 	 0.824513 	 0.00263152	0.00549772
155 	 365 	 0.824655 	 0.00261824	0.00546999
155 	 370 	 0.824794 	 0.00260505	0.00544243
155 	 375 	 0.824929 	 0.00259196	0.00541507
155 	 380 	 0.825062 	 0.00257896	0.00538792
155 	 385 	 0.825192 	 0.00256607	0.00536098
155 	 390 	 0.825319 	 0.00255328	0.00533427
155 	 395 	 0.825443 	 0.00254061	0.00530779
155 	 400 	 0.825565 	 0.00252805	0.00528155
155 	 405 	 0.825684 	 0.00251561	0.00525556
155 	 410 	 0.8258 	 0.00250329	0.00522983
155 	 415 	 0.825914 	 0.0024911	0.00520436
155 	 420 	 0.826026 	 0.00247903	0.00517915
155 	 425 	 0.826135 	 0.00246709	0.0051542
155 	 430 	 0.826243 	 0.00245528	0.00512954
155 	 435 	 0.826348 	 0.00244361	0.00510515
155 	 440 	 0.826451 	 0.00243207	0.00508103
155 	 445 	 0.826552 	 0.00242066	0.0050572
155 	 450 	 0.826651 	 0.00240939	0.00503366
155 	 455 	 0.826748 	 0.00239826	0.0050104
155 	 460 	 0.826844 	 0.00238726	0.00498742
155 	 465 	 0.826937 	 0.0023764	0.00496474
155 	 470 	 0.827029 	 0.00236568	0.00494234
155 	 475 	 0.827119 	 0.0023551	0.00492024
155 	 480 	 0.827208 	 0.00234466	0.00489843
155 	 485 	 0.827294 	 0.00233436	0.0048769
155 	 490 	 0.82738 	 0.0023242	0.00485567
155 	 495 	 0.827463 	 0.00231417	0.00483473
155 	 500 	 0.827546 	 0.00230429	0.00481408
155 	 505 	 0.827627 	 0.00229455	0.00479372
155 	 510 	 0.827706 	 0.00228494	0.00477365
155 	 515 	 0.827784 	 0.00227547	0.00475387
155 	 520 	 0.827861 	 0.00226614	0.00473438
155 	 525 	 0.827936 	 0.00225695	0.00471517
155 	 530 	 0.82801 	 0.00224789	0.00469625
155 	 535 	 0.828083 	 0.00223897	0.00467762
155 	 540 	 0.828155 	 0.00223019	0.00465926
155 	 545 	 0.828226 	 0.00222154	0.00464119
155 	 550 	 0.828295 	 0.00221302	0.0046234
155 	 555 	 0.828363 	 0.00220464	0.00460589
155 	 560 	 0.82843 	 0.00219639	0.00458865
155 	 565 	 0.828497 	 0.00218827	0.00457169
155 	 570 	 0.828562 	 0.00218028	0.004555
155 	 575 	 0.828626 	 0.00217242	0.00453859
155 	 580 	 0.828689 	 0.00216469	0.00452244
155 	 585 	 0.828751 	 0.00215709	0.00450656
155 	 590 	 0.828812 	 0.00214962	0.00449094
155 	 595 	 0.828872 	 0.00214227	0.00447559
155 	 600 	 0.828932 	 0.00213505	0.0044605
155 	 605 	 0.82899 	 0.00212795	0.00444567
155 	 610 	 0.829048 	 0.00212097	0.00443109
155 	 615 	 0.829105 	 0.00211412	0.00441677
155 	 620 	 0.82916 	 0.00210738	0.0044027
155 	 625 	 0.829216 	 0.00210077	0.00438889
155 	 630 	 0.82927 	 0.00209427	0.00437531
155 	 635 	 0.829323 	 0.00208789	0.00436199
155 	 640 	 0.829376 	 0.00208163	0.00434891
155 	 645 	 0.829428 	 0.00207548	0.00433606
155 	 650 	 0.82948 	 0.00206945	0.00432346
155 	 655 	 0.82953 	 0.00206353	0.00431109
155 	 660 	 0.82958 	 0.00205772	0.00429896
155 	 665 	 0.829629 	 0.00205203	0.00428705
155 	 670 	 0.829678 	 0.00204644	0.00427538
155 	 675 	 0.829726 	 0.00204096	0.00426393
155 	 680 	 0.829773 	 0.00203559	0.00425271
155 	 685 	 0.82982 	 0.00203032	0.00424171
155 	 690 	 0.829866 	 0.00202516	0.00423092
155 	 695 	 0.829911 	 0.0020201	0.00422036
155 	 700 	 0.829956 	 0.00201514	0.00421
155 	 705 	 0.830001 	 0.00201029	0.00419986
155 	 710 	 0.830044 	 0.00200554	0.00418993
155 	 715 	 0.830087 	 0.00200088	0.00418021
155 	 720 	 0.83013 	 0.00199633	0.00417069
155 	 725 	 0.830172 	 0.00199187	0.00416137
155 	 730 	 0.830214 	 0.0019875	0.00415226
155 	 735 	 0.830255 	 0.00198323	0.00414334
155 	 740 	 0.830295 	 0.00197906	0.00413461
155 	 745 	 0.830335 	 0.00197498	0.00412608
155 	 750 	 0.830375 	 0.00197098	0.00411774
155 	 755 	 0.830414 	 0.00196708	0.00410959
155 	 760 	 0.830452 	 0.00196327	0.00410163
155 	 765 	 0.83049 	 0.00195954	0.00409385
155 	 770 	 0.830528 	 0.00195591	0.00408625
155 	 775 	 0.830565 	 0.00195235	0.00407883
155 	 780 	 0.830602 	 0.00194889	0.00407158
155 	 785 	 0.830639 	 0.0019455	0.00406451
155 	 790 	 0.830674 	 0.0019422	0.00405762
155 	 795 	 0.83071 	 0.00193898	0.00405089
155 	 800 	 0.830745 	 0.00193584	0.00404433
155 	 805 	 0.83078 	 0.00193278	0.00403794
155 	 810 	 0.830814 	 0.0019298	0.00403171
155 	 815 	 0.830848 	 0.0019269	0.00402564
155 	 820 	 0.830882 	 0.00192407	0.00401973
155 	 825 	 0.830915 	 0.00192132	0.00401398
155 	 830 	 0.830948 	 0.00191864	0.00400839
155 	 835 	 0.83098 	 0.00191604	0.00400295
155 	 840 	 0.831012 	 0.0019135	0.00399766
155 	 845 	 0.831044 	 0.00191104	0.00399251
155 	 850 	 0.831076 	 0.00190865	0.00398752
155 	 855 	 0.831107 	 0.00190633	0.00398267
155 	 860 	 0.831137 	 0.00190408	0.00397796
155 	 865 	 0.831168 	 0.00190189	0.0039734
155 	 870 	 0.831198 	 0.00189977	0.00396897
155 	 875 	 0.831228 	 0.00189772	0.00396468
155 	 880 	 0.831257 	 0.00189573	0.00396053
155 	 885 	 0.831286 	 0.00189381	0.0039565
155 	 890 	 0.831315 	 0.00189194	0.00395261
155 	 895 	 0.831344 	 0.00189014	0.00394885
155 	 900 	 0.831372 	 0.0018884	0.00394522
155 	 905 	 0.8314 	 0.00188673	0.00394171
155 	 910 	 0.831428 	 0.00188511	0.00393833
155 	 915 	 0.831455 	 0.00188355	0.00393507
155 	 920 	 0.831482 	 0.00188204	0.00393193
155 	 925 	 0.831509 	 0.0018806	0.00392891
155 	 930 	 0.831536 	 0.00187921	0.003926
155 	 935 	 0.831562 	 0.00187787	0.00392322
155 	 940 	 0.831588 	 0.00187659	0.00392054
155 	 945 	 0.831614 	 0.00187536	0.00391798
155 	 950 	 0.83164 	 0.00187419	0.00391552
155 	 955 	 0.831665 	 0.00187307	0.00391318
155 	 960 	 0.83169 	 0.001872	0.00391094
155 	 965 	 0.831715 	 0.00187097	0.00390881
155 	 970 	 0.83174 	 0.00187	0.00390678
155 	 975 	 0.831764 	 0.00186908	0.00390485
155 	 980 	 0.831788 	 0.00186821	0.00390303
155 	 985 	 0.831812 	 0.00186738	0.0039013
155 	 990 	 0.831836 	 0.0018666	0.00389967
155 	 995 	 0.83186 	 0.00186587	0.00389814
155 	 1000 	 0.831883 	 0.00186518	0.0038967
155 	 1005 	 0.831906 	 0.00186453	0.00389535
155 	 1010 	 0.831929 	 0.00186393	0.0038941
155 	 1015 	 0.831951 	 0.00186338	0.00389293
155 	 1020 	 0.831974 	 0.00186286	0.00389186
155 	 1025 	 0.831996 	 0.00186239	0.00389087
155 	 1030 	 0.832018 	 0.00186196	0.00388997
155 	 1035 	 0.83204 	 0.00186157	0.00388915
155 	 1040 	 0.832062 	 0.00186122	0.00388842
155 	 1045 	 0.832083 	 0.0018609	0.00388777
155 	 1050 	 0.832104 	 0.00186063	0.0038872
155 	 1055 	 0.832126 	 0.0018604	0.00388671
155 	 1060 	 0.832146 	 0.0018602	0.0038863
155 	 1065 	 0.832167 	 0.00186004	0.00388596
155 	 1070 	 0.832188 	 0.00185991	0.0038857
155 	 1075 	 0.832208 	 0.00185983	0.00388551
155 	 1080 	 0.832228 	 0.00185977	0.0038854
155 	 1085 	 0.832248 	 0.00185975	0.00388536
155 	 1090 	 0.832268 	 0.00185977	0.00388539
155 	 1095 	 0.832288 	 0.00185982	0.00388549
155 	 1100 	 0.832307 	 0.0018599	0.00388566
155 	 1105 	 0.832327 	 0.00186001	0.0038859
155 	 1110 	 0.832346 	 0.00186015	0.0038862
155 	 1115 	 0.832365 	 0.00186033	0.00388657
155 	 1120 	 0.832384 	 0.00186054	0.003887
155 	 1125 	 0.832403 	 0.00186077	0.0038875
155 	 1130 	 0.832421 	 0.00186104	0.00388805
155 	 1135 	 0.83244 	 0.00186134	0.00388867
155 	 1140 	 0.832458 	 0.00186166	0.00388935
155 	 1145 	 0.832476 	 0.00186201	0.00389009
155 	 1150 	 0.832494 	 0.00186239	0.00389088
155 	 1155 	 0.832512 	 0.0018628	0.00389173
155 	 1160 	 0.83253 	 0.00186324	0.00389264
155 	 1165 	 0.832547 	 0.0018637	0.00389361
155 	 1170 	 0.832565 	 0.00186419	0.00389462
155 	 1175 	 0.832582 	 0.0018647	0.00389569
155 	 1180 	 0.832599 	 0.00186524	0.00389682
155 	 1185 	 0.832616 	 0.0018658	0.00389799
155 	 1190 	 0.832633 	 0.00186638	0.00389921
155 	 1195 	 0.83265 	 0.00186699	0.00390049
155 	 1200 	 0.832666 	 0.00186763	0.00390181
155 	 1205 	 0.832683 	 0.00186828	0.00390318
155 	 1210 	 0.832699 	 0.00186896	0.0039046
155 	 1215 	 0.832715 	 0.00186966	0.00390606
155 	 1220 	 0.832732 	 0.00187038	0.00390757
155 	 1225 	 0.832748 	 0.00187113	0.00390913
155 	 1230 	 0.832763 	 0.00187189	0.00391072
155 	 1235 	 0.832779 	 0.00187268	0.00391236
155 	 1240 	 0.832795 	 0.00187348	0.00391405
155 	 1245 	 0.83281 	 0.00187431	0.00391577
155 	 1250 	 0.832826 	 0.00187515	0.00391754
155 	 1255 	 0.832841 	 0.00187602	0.00391934
155 	 1260 	 0.832856 	 0.0018769	0.00392119
155 	 1265 	 0.832871 	 0.0018778	0.00392307
155 	 1270 	 0.832886 	 0.00187872	0.00392499
155 	 1275 	 0.832901 	 0.00187966	0.00392695
155 	 1280 	 0.832916 	 0.00188061	0.00392894
155 	 1285 	 0.832931 	 0.00188158	0.00393097
155 	 1290 	 0.832945 	 0.00188257	0.00393304
155 	 1295 	 0.83296 	 0.00188358	0.00393514
155 	 1300 	 0.832974 	 0.0018846	0.00393727
155 	 1305 	 0.832988 	 0.00188564	0.00393944
155 	 1310 	 0.833002 	 0.00188669	0.00394163
155 	 1315 	 0.833016 	 0.00188776	0.00394387
155 	 1320 	 0.83303 	 0.00188884	0.00394613
155 	 1325 	 0.833044 	 0.00188994	0.00394842
155 	 1330 	 0.833058 	 0.00189105	0.00395075
155 	 1335 	 0.833071 	 0.00189218	0.0039531
155 	 1340 	 0.833085 	 0.00189332	0.00395548
155 	 1345 	 0.833098 	 0.00189447	0.00395789
155 	 1350 	 0.833112 	 0.00189564	0.00396033
155 	 1355 	 0.833125 	 0.00189682	0.0039628
155 	 1360 	 0.833138 	 0.00189801	0.00396529
155 	 1365 	 0.833151 	 0.00189922	0.00396781
155 	 1370 	 0.833164 	 0.00190043	0.00397035
155 	 1375 	 0.833177 	 0.00190166	0.00397292
155 	 1380 	 0.83319 	 0.00190291	0.00397552
155 	 1385 	 0.833203 	 0.00190416	0.00397814
155 	 1390 	 0.833215 	 0.00190542	0.00398078
155 	 1395 	 0.833228 	 0.0019067	0.00398345
155 	 1400 	 0.833241 	 0.00190799	0.00398613
155 	 1405 	 0.833253 	 0.00190929	0.00398885
155 	 1410 	 0.833265 	 0.00191059	0.00399158
155 	 1415 	 0.833278 	 0.00191191	0.00399433
155 	 1420 	 0.83329 	 0.00191324	0.00399711
155 	 1425 	 0.833302 	 0.00191458	0.00399991
155 	 1430 	 0.833314 	 0.00191593	0.00400272
155 	 1435 	 0.833326 	 0.00191729	0.00400556
155 	 1440 	 0.833338 	 0.00191865	0.00400842
155 	 1445 	 0.833349 	 0.00192003	0.00401129
155 	 1450 	 0.833361 	 0.00192141	0.00401418
155 	 1455 	 0.833373 	 0.00192281	0.0040171
155 	 1460 	 0.833384 	 0.00192421	0.00402002
155 	 1465 	 0.833396 	 0.00192562	0.00402297
155 	 1470 	 0.833407 	 0.00192704	0.00402593
155 	 1475 	 0.833419 	 0.00192846	0.00402891
155 	 1480 	 0.83343 	 0.0019299	0.00403191
155 	 1485 	 0.833441 	 0.00193134	0.00403492
155 	 1490 	 0.833452 	 0.00193279	0.00403795
155 	 1495 	 0.833463 	 0.00193425	0.00404099
155 	 1500 	 0.833474 	 0.00193571	0.00404405
155 	 1505 	 0.833485 	 0.00193718	0.00404712
155 	 1510 	 0.833496 	 0.00193866	0.00405021
155 	 1515 	 0.833507 	 0.00194014	0.00405331
155 	 1520 	 0.833517 	 0.00194163	0.00405642
155 	 1525 	 0.833528 	 0.00194313	0.00405955
155 	 1530 	 0.833539 	 0.00194463	0.00406269
155 	 1535 	 0.833549 	 0.00194614	0.00406584
155 	 1540 	 0.83356 	 0.00194765	0.00406901
155 	 1545 	 0.83357 	 0.00194918	0.00407218
155 	 1550 	 0.833581 	 0.0019507	0.00407537
155 	 1555 	 0.833591 	 0.00195223	0.00407857
155 	 1560 	 0.833601 	 0.00195377	0.00408178
155 	 1565 	 0.833611 	 0.00195531	0.004085
155 	 1570 	 0.833621 	 0.00195686	0.00408823
155 	 1575 	 0.833631 	 0.00195841	0.00409147
155 	 1580 	 0.833641 	 0.00195997	0.00409473
155 	 1585 	 0.833651 	 0.00196153	0.00409799
155 	 1590 	 0.833661 	 0.00196309	0.00410126
155 	 1595 	 0.833671 	 0.00196466	0.00410454
155 	 1600 	 0.833681 	 0.00196624	0.00410783
155 	 1605 	 0.83369 	 0.00196782	0.00411113
155 	 1610 	 0.8337 	 0.0019694	0.00411444
155 	 1615 	 0.83371 	 0.00197099	0.00411775
155 	 1620 	 0.833719 	 0.00197258	0.00412107
155 	 1625 	 0.833729 	 0.00197417	0.0041244
155 	 1630 	 0.833738 	 0.00197577	0.00412774
155 	 1635 	 0.833747 	 0.00197737	0.00413109
155 	 1640 	 0.833757 	 0.00197898	0.00413444
155 	 1645 	 0.833766 	 0.00198058	0.0041378
155 	 1650 	 0.833775 	 0.0019822	0.00414117
155 	 1655 	 0.833784 	 0.00198381	0.00414454
155 	 1660 	 0.833793 	 0.00198543	0.00414792
155 	 1665 	 0.833803 	 0.00198705	0.00415131
155 	 1670 	 0.833812 	 0.00198867	0.0041547
155 	 1675 	 0.833821 	 0.0019903	0.0041581
155 	 1680 	 0.833829 	 0.00199193	0.0041615
155 	 1685 	 0.833838 	 0.00199356	0.00416491
155 	 1690 	 0.833847 	 0.00199519	0.00416832
155 	 1695 	 0.833856 	 0.00199683	0.00417174
155 	 1700 	 0.833865 	 0.00199847	0.00417516
155 	 1705 	 0.833873 	 0.00200011	0.00417859
155 	 1710 	 0.833882 	 0.00200175	0.00418202
155 	 1715 	 0.83389 	 0.00200339	0.00418546
155 	 1720 	 0.833899 	 0.00200504	0.0041889
155 	 1725 	 0.833907 	 0.00200669	0.00419234
155 	 1730 	 0.833916 	 0.00200834	0.00419579
155 	 1735 	 0.833924 	 0.00200999	0.00419924
155 	 1740 	 0.833933 	 0.00201165	0.0042027
155 	 1745 	 0.833941 	 0.0020133	0.00420615
155 	 1750 	 0.833949 	 0.00201496	0.00420962
155 	 1755 	 0.833957 	 0.00201662	0.00421308
155 	 1760 	 0.833966 	 0.00201828	0.00421655
155 	 1765 	 0.833974 	 0.00201994	0.00422002
155 	 1770 	 0.833982 	 0.0020216	0.00422349
155 	 1775 	 0.83399 	 0.00202326	0.00422696
155 	 1780 	 0.833998 	 0.00202493	0.00423044
155 	 1785 	 0.834006 	 0.00202659	0.00423392
155 	 1790 	 0.834014 	 0.00202826	0.0042374
155 	 1795 	 0.834022 	 0.00202993	0.00424089
155 	 1800 	 0.834029 	 0.00203159	0.00424437
155 	 1805 	 0.834037 	 0.00203326	0.00424786
155 	 1810 	 0.834045 	 0.00203493	0.00425135
155 	 1815 	 0.834053 	 0.0020366	0.00425484
155 	 1820 	 0.83406 	 0.00203828	0.00425833
155 	 1825 	 0.834068 	 0.00203995	0.00426182
155 	 1830 	 0.834076 	 0.00204162	0.00426531
155 	 1835 	 0.834083 	 0.00204329	0.00426881
155 	 1840 	 0.834091 	 0.00204496	0.0042723
155 	 1845 	 0.834098 	 0.00204664	0.0042758
155 	 1850 	 0.834106 	 0.00204831	0.0042793
155 	 1855 	 0.834113 	 0.00204998	0.00428279
155 	 1860 	 0.834121 	 0.00205166	0.00428629
155 	 1865 	 0.834128 	 0.00205333	0.00428979
155 	 1870 	 0.834135 	 0.00205501	0.00429328
155 	 1875 	 0.834142 	 0.00205668	0.00429678
155 	 1880 	 0.83415 	 0.00205836	0.00430028
155 	 1885 	 0.834157 	 0.00206003	0.00430378
155 	 1890 	 0.834164 	 0.0020617	0.00430728
155 	 1895 	 0.834171 	 0.00206338	0.00431077
155 	 1900 	 0.834178 	 0.00206505	0.00431427
155 	 1905 	 0.834185 	 0.00206673	0.00431777
155 	 1910 	 0.834192 	 0.0020684	0.00432126
155 	 1915 	 0.834199 	 0.00207007	0.00432476
155 	 1920 	 0.834206 	 0.00207174	0.00432825
155 	 1925 	 0.834213 	 0.00207342	0.00433175
155 	 1930 	 0.83422 	 0.00207509	0.00433524
155 	 1935 	 0.834227 	 0.00207676	0.00433873
155 	 1940 	 0.834234 	 0.00207843	0.00434222
155 	 1945 	 0.834241 	 0.0020801	0.00434571
155 	 1950 	 0.834247 	 0.00208177	0.0043492
155 	 1955 	 0.834254 	 0.00208344	0.00435269
155 	 1960 	 0.834261 	 0.00208511	0.00435617
155 	 1965 	 0.834267 	 0.00208678	0.00435966
155 	 1970 	 0.834274 	 0.00208844	0.00436314
155 	 1975 	 0.834281 	 0.00209011	0.00436662
155 	 1980 	 0.834287 	 0.00209178	0.0043701
155 	 1985 	 0.834294 	 0.00209344	0.00437358
155 	 1990 	 0.8343 	 0.0020951	0.00437706
155 	 1995 	 0.834307 	 0.00209677	0.00438053
155 	 2000 	 0.834313 	 0.00209843	0.004384
155 	 2005 	 0.83432 	 0.00210009	0.00438747
155 	 2010 	 0.834326 	 0.00210175	0.00439094
155 	 2015 	 0.834332 	 0.00210341	0.00439441
155 	 2020 	 0.834339 	 0.00210507	0.00439787
155 	 2025 	 0.834345 	 0.00210673	0.00440134
155 	 2030 	 0.834351 	 0.00210838	0.0044048
155 	 2035 	 0.834358 	 0.00211004	0.00440825
155 	 2040 	 0.834364 	 0.00211169	0.00441171
155 	 2045 	 0.83437 	 0.00211334	0.00441516
155 	 2050 	 0.834376 	 0.002115	0.00441861
155 	 2055 	 0.834382 	 0.00211665	0.00442206
155 	 2060 	 0.834388 	 0.0021183	0.00442551
155 	 2065 	 0.834394 	 0.00211994	0.00442895
155 	 2070 	 0.834401 	 0.00212159	0.00443239
155 	 2075 	 0.834407 	 0.00212324	0.00443583
155 	 2080 	 0.834413 	 0.00212488	0.00443926
155 	 2085 	 0.834419 	 0.00212652	0.00444269
155 	 2090 	 0.834424 	 0.00212816	0.00444612
155 	 2095 	 0.83443 	 0.0021298	0.00444955
155 	 2100 	 0.834436 	 0.00213144	0.00445297
155 	 2105 	 0.834442 	 0.00213308	0.00445639
155 	 2110 	 0.834448 	 0.00213472	0.00445981
155 	 2115 	 0.834454 	 0.00213635	0.00446322
155 	 2120 	 0.83446 	 0.00213798	0.00446664
155 	 2125 	 0.834465 	 0.00213961	0.00447004
155 	 2130 	 0.834471 	 0.00214124	0.00447345
155 	 2135 	 0.834477 	 0.00214287	0.00447685
155 	 2140 	 0.834482 	 0.0021445	0.00448025
155 	 2145 	 0.834488 	 0.00214612	0.00448364
155 	 2150 	 0.834494 	 0.00214775	0.00448704
155 	 2155 	 0.834499 	 0.00214937	0.00449042
155 	 2160 	 0.834505 	 0.00215099	0.00449381
155 	 2165 	 0.834511 	 0.00215261	0.00449719
155 	 2170 	 0.834516 	 0.00215423	0.00450057
155 	 2175 	 0.834522 	 0.00215584	0.00450394
155 	 2180 	 0.834527 	 0.00215745	0.00450731
155 	 2185 	 0.834533 	 0.00215907	0.00451068
155 	 2190 	 0.834538 	 0.00216068	0.00451405
155 	 2195 	 0.834544 	 0.00216228	0.00451741
155 	 2200 	 0.834549 	 0.00216389	0.00452076
155 	 2205 	 0.834554 	 0.0021655	0.00452412
155 	 2210 	 0.83456 	 0.0021671	0.00452747
155 	 2215 	 0.834565 	 0.0021687	0.00453081
155 	 2220 	 0.83457 	 0.0021703	0.00453415
155 	 2225 	 0.834576 	 0.0021719	0.00453749
155 	 2230 	 0.834581 	 0.0021735	0.00454083
155 	 2235 	 0.834586 	 0.00217509	0.00454416
155 	 2240 	 0.834591 	 0.00217668	0.00454748
155 	 2245 	 0.834597 	 0.00217827	0.00455081
155 	 2250 	 0.834602 	 0.00217986	0.00455413
155 	 2255 	 0.834607 	 0.00218145	0.00455744
155 	 2260 	 0.834612 	 0.00218303	0.00456075
155 	 2265 	 0.834617 	 0.00218462	0.00456406
155 	 2270 	 0.834622 	 0.0021862	0.00456736
155 	 2275 	 0.834627 	 0.00218778	0.00457066
155 	 2280 	 0.834632 	 0.00218935	0.00457396
155 	 2285 	 0.834637 	 0.00219093	0.00457725
155 	 2290 	 0.834642 	 0.0021925	0.00458054
155 	 2295 	 0.834647 	 0.00219407	0.00458382
155 	 2300 	 0.834652 	 0.00219564	0.0045871
155 	 2305 	 0.834657 	 0.00219721	0.00459037
155 	 2310 	 0.834662 	 0.00219878	0.00459364
155 	 2315 	 0.834667 	 0.00220034	0.00459691
155 	 2320 	 0.834672 	 0.0022019	0.00460017
155 	 2325 	 0.834677 	 0.00220346	0.00460343
155 	 2330 	 0.834682 	 0.00220502	0.00460668
155 	 2335 	 0.834687 	 0.00220657	0.00460993
155 	 2340 	 0.834692 	 0.00220813	0.00461318
155 	 2345 	 0.834696 	 0.00220968	0.00461642
155 	 2350 	 0.834701 	 0.00221123	0.00461966
155 	 2355 	 0.834706 	 0.00221278	0.00462289
155 	 2360 	 0.834711 	 0.00221432	0.00462612
155 	 2365 	 0.834715 	 0.00221586	0.00462934
155 	 2370 	 0.83472 	 0.00221741	0.00463256
155 	 2375 	 0.834725 	 0.00221894	0.00463578
155 	 2380 	 0.834729 	 0.00222048	0.00463899
155 	 2385 	 0.834734 	 0.00222202	0.0046422
155 	 2390 	 0.834739 	 0.00222355	0.0046454
155 	 2395 	 0.834743 	 0.00222508	0.0046486
155 	 2400 	 0.834748 	 0.00222661	0.00465179
155 	 2405 	 0.834753 	 0.00222814	0.00465498
155 	 2410 	 0.834757 	 0.00222966	0.00465817
155 	 2415 	 0.834762 	 0.00223118	0.00466135
155 	 2420 	 0.834766 	 0.0022327	0.00466452
155 	 2425 	 0.834771 	 0.00223422	0.00466769
155 	 2430 	 0.834775 	 0.00223574	0.00467086
155 	 2435 	 0.83478 	 0.00223725	0.00467402
155 	 2440 	 0.834784 	 0.00223876	0.00467718
155 	 2445 	 0.834789 	 0.00224027	0.00468034
155 	 2450 	 0.834793 	 0.00224178	0.00468349
155 	 2455 	 0.834797 	 0.00224328	0.00468663
155 	 2460 	 0.834802 	 0.00224479	0.00468977
155 	 2465 	 0.834806 	 0.00224629	0.00469291
155 	 2470 	 0.834811 	 0.00224779	0.00469604
155 	 2475 	 0.834815 	 0.00224928	0.00469917
155 	 2480 	 0.834819 	 0.00225078	0.00470229
155 	 2485 	 0.834824 	 0.00225227	0.00470541
155 	 2490 	 0.834828 	 0.00225376	0.00470852
155 	 2495 	 0.834832 	 0.00225525	0.00471163
155 	 2500 	 0.834836 	 0.00225674	0.00471473
155 	 2505 	 0.834841 	 0.00225822	0.00471783
155 	 2510 	 0.834845 	 0.0022597	0.00472093
155 	 2515 	 0.834849 	 0.00226118	0.00472402
155 	 2520 	 0.834853 	 0.00226266	0.0047271
155 	 2525 	 0.834858 	 0.00226413	0.00473019
155 	 2530 	 0.834862 	 0.00226561	0.00473326
155 	 2535 	 0.834866 	 0.00226708	0.00473634
155 	 2540 	 0.83487 	 0.00226855	0.0047394
155 	 2545 	 0.834874 	 0.00227001	0.00474247
155 	 2550 	 0.834878 	 0.00227148	0.00474553
155 	 2555 	 0.834882 	 0.00227294	0.00474858
155 	 2560 	 0.834886 	 0.0022744	0.00475163
155 	 2565 	 0.834891 	 0.00227586	0.00475468
155 	 2570 	 0.834895 	 0.00227731	0.00475772
155 	 2575 	 0.834899 	 0.00227876	0.00476075
155 	 2580 	 0.834903 	 0.00228021	0.00476378
155 	 2585 	 0.834907 	 0.00228166	0.00476681
155 	 2590 	 0.834911 	 0.00228311	0.00476983
155 	 2595 	 0.834915 	 0.00228455	0.00477285
155 	 2600 	 0.834919 	 0.002286	0.00477586
155 	 2605 	 0.834923 	 0.00228744	0.00477887
155 	 2610 	 0.834926 	 0.00228887	0.00478188
155 	 2615 	 0.83493 	 0.00229031	0.00478488
155 	 2620 	 0.834934 	 0.00229174	0.00478787
155 	 2625 	 0.834938 	 0.00229317	0.00479086
155 	 2630 	 0.834942 	 0.0022946	0.00479385
155 	 2635 	 0.834946 	 0.00229603	0.00479683
155 	 2640 	 0.83495 	 0.00229746	0.0047998
155 	 2645 	 0.834954 	 0.00229888	0.00480277
155 	 2650 	 0.834957 	 0.0023003	0.00480574
155 	 2655 	 0.834961 	 0.00230172	0.0048087
155 	 2660 	 0.834965 	 0.00230313	0.00481166
155 	 2665 	 0.834969 	 0.00230455	0.00481462
155 	 2670 	 0.834973 	 0.00230596	0.00481756
155 	 2675 	 0.834976 	 0.00230737	0.00482051
155 	 2680 	 0.83498 	 0.00230877	0.00482345
155 	 2685 	 0.834984 	 0.00231018	0.00482638
155 	 2690 	 0.834988 	 0.00231158	0.00482931
155 	 2695 	 0.834991 	 0.00231298	0.00483224
155 	 2700 	 0.834995 	 0.00231438	0.00483516
155 	 2705 	 0.834999 	 0.00231578	0.00483808
155 	 2710 	 0.835002 	 0.00231717	0.00484099
155 	 2715 	 0.835006 	 0.00231856	0.0048439
155 	 2720 	 0.83501 	 0.00231995	0.0048468
155 	 2725 	 0.835013 	 0.00232134	0.0048497
155 	 2730 	 0.835017 	 0.00232272	0.00485259
155 	 2735 	 0.835021 	 0.00232411	0.00485548
155 	 2740 	 0.835024 	 0.00232549	0.00485837
155 	 2745 	 0.835028 	 0.00232687	0.00486125
155 	 2750 	 0.835031 	 0.00232824	0.00486412
155 	 2755 	 0.835035 	 0.00232962	0.00486699
155 	 2760 	 0.835039 	 0.00233099	0.00486986
155 	 2765 	 0.835042 	 0.00233236	0.00487272
155 	 2770 	 0.835046 	 0.00233373	0.00487558
155 	 2775 	 0.835049 	 0.00233509	0.00487843
155 	 2780 	 0.835053 	 0.00233646	0.00488128
155 	 2785 	 0.835056 	 0.00233782	0.00488413
155 	 2790 	 0.83506 	 0.00233918	0.00488697
155 	 2795 	 0.835063 	 0.00234053	0.0048898
155 	 2800 	 0.835066 	 0.00234189	0.00489263
155 	 2805 	 0.83507 	 0.00234324	0.00489546
155 	 2810 	 0.835073 	 0.00234459	0.00489828
155 	 2815 	 0.835077 	 0.00234594	0.0049011
155 	 2820 	 0.83508 	 0.00234729	0.00490391
155 	 2825 	 0.835084 	 0.00234863	0.00490672
155 	 2830 	 0.835087 	 0.00234997	0.00490952
155 	 2835 	 0.83509 	 0.00235131	0.00491232
155 	 2840 	 0.835094 	 0.00235265	0.00491511
155 	 2845 	 0.835097 	 0.00235398	0.0049179
155 	 2850 	 0.8351 	 0.00235532	0.00492069
155 	 2855 	 0.835104 	 0.00235665	0.00492347
155 	 2860 	 0.835107 	 0.00235798	0.00492625
155 	 2865 	 0.83511 	 0.0023593	0.00492902
155 	 2870 	 0.835114 	 0.00236063	0.00493179
155 	 2875 	 0.835117 	 0.00236195	0.00493455
155 	 2880 	 0.83512 	 0.00236327	0.00493731
155 	 2885 	 0.835124 	 0.00236459	0.00494006
155 	 2890 	 0.835127 	 0.00236591	0.00494281
155 	 2895 	 0.83513 	 0.00236722	0.00494556
155 	 2900 	 0.835133 	 0.00236853	0.0049483
155 	 2905 	 0.835137 	 0.00236984	0.00495103
155 	 2910 	 0.83514 	 0.00237115	0.00495377
155 	 2915 	 0.835143 	 0.00237246	0.0049565
155 	 2920 	 0.835146 	 0.00237376	0.00495922
155 	 2925 	 0.835149 	 0.00237506	0.00496194
155 	 2930 	 0.835153 	 0.00237636	0.00496465
155 	 2935 	 0.835156 	 0.00237766	0.00496736
155 	 2940 	 0.835159 	 0.00237895	0.00497007
155 	 2945 	 0.835162 	 0.00238025	0.00497277
155 	 2950 	 0.835165 	 0.00238154	0.00497547
155 	 2955 	 0.835168 	 0.00238283	0.00497816
155 	 2960 	 0.835171 	 0.00238411	0.00498085
155 	 2965 	 0.835175 	 0.0023854	0.00498353
155 	 2970 	 0.835178 	 0.00238668	0.00498621
155 	 2975 	 0.835181 	 0.00238796	0.00498889
155 	 2980 	 0.835184 	 0.00238924	0.00499156
155 	 2985 	 0.835187 	 0.00239052	0.00499423
155 	 2990 	 0.83519 	 0.00239179	0.00499689
155 	 2995 	 0.835193 	 0.00239306	0.00499955
155 	 3000 	 0.835196 	 0.00239433	0.0050022
155 	 3005 	 0.835199 	 0.0023956	0.00500485
155 	 3010 	 0.835202 	 0.00239687	0.00500749
155 	 3015 	 0.835205 	 0.00239813	0.00501014
155 	 3020 	 0.835208 	 0.00239939	0.00501277
155 	 3025 	 0.835211 	 0.00240065	0.0050154
155 	 3030 	 0.835214 	 0.00240191	0.00501803
155 	 3035 	 0.835217 	 0.00240317	0.00502066
155 	 3040 	 0.83522 	 0.00240442	0.00502328
155 	 3045 	 0.835223 	 0.00240567	0.00502589
155 	 3050 	 0.835226 	 0.00240692	0.0050285
155 	 3055 	 0.835229 	 0.00240817	0.00503111
155 	 3060 	 0.835232 	 0.00240942	0.00503371
155 	 3065 	 0.835235 	 0.00241066	0.00503631
155 	 3070 	 0.835238 	 0.0024119	0.0050389
155 	 3075 	 0.835241 	 0.00241314	0.00504149
155 	 3080 	 0.835244 	 0.00241438	0.00504408
155 	 3085 	 0.835246 	 0.00241562	0.00504666
155 	 3090 	 0.835249 	 0.00241685	0.00504924
155 	 3095 	 0.835252 	 0.00241808	0.00505181
155 	 3100 	 0.835255 	 0.00241931	0.00505438
155 	 3105 	 0.835258 	 0.00242054	0.00505695
155 	 3110 	 0.835261 	 0.00242176	0.00505951
155 	 3115 	 0.835264 	 0.00242299	0.00506206
155 	 3120 	 0.835266 	 0.00242421	0.00506462
155 	 3125 	 0.835269 	 0.00242543	0.00506716
155 	 3130 	 0.835272 	 0.00242665	0.00506971
155 	 3135 	 0.835275 	 0.00242786	0.00507225
155 	 3140 	 0.835278 	 0.00242908	0.00507479
155 	 3145 	 0.83528 	 0.00243029	0.00507732
155 	 3150 	 0.835283 	 0.0024315	0.00507984
155 	 3155 	 0.835286 	 0.00243271	0.00508237
155 	 3160 	 0.835289 	 0.00243391	0.00508489
155 	 3165 	 0.835292 	 0.00243512	0.0050874
155 	 3170 	 0.835294 	 0.00243632	0.00508991
155 	 3175 	 0.835297 	 0.00243752	0.00509242
155 	 3180 	 0.8353 	 0.00243872	0.00509493
155 	 3185 	 0.835303 	 0.00243991	0.00509742
155 	 3190 	 0.835305 	 0.00244111	0.00509992
155 	 3195 	 0.835308 	 0.0024423	0.00510241
155 	 3200 	 0.835311 	 0.00244349	0.0051049
155 	 3205 	 0.835313 	 0.00244468	0.00510738
155 	 3210 	 0.835316 	 0.00244587	0.00510986
155 	 3215 	 0.835319 	 0.00244705	0.00511233
155 	 3220 	 0.835321 	 0.00244823	0.00511481
155 	 3225 	 0.835324 	 0.00244941	0.00511727
155 	 3230 	 0.835327 	 0.00245059	0.00511974
155 	 3235 	 0.835329 	 0.00245177	0.0051222
155 	 3240 	 0.835332 	 0.00245295	0.00512465
155 	 3245 	 0.835335 	 0.00245412	0.0051271
155 	 3250 	 0.835337 	 0.00245529	0.00512955
155 	 3255 	 0.83534 	 0.00245646	0.00513199
155 	 3260 	 0.835342 	 0.00245763	0.00513443
155 	 3265 	 0.835345 	 0.00245879	0.00513687
155 	 3270 	 0.835348 	 0.00245996	0.0051393
155 	 3275 	 0.83535 	 0.00246112	0.00514173
155 	 3280 	 0.835353 	 0.00246228	0.00514415
155 	 3285 	 0.835355 	 0.00246344	0.00514657
155 	 3290 	 0.835358 	 0.00246459	0.00514898
155 	 3295 	 0.835361 	 0.00246575	0.0051514
155 	 3300 	 0.835363 	 0.0024669	0.0051538
155 	 3305 	 0.835366 	 0.00246805	0.00515621
155 	 3310 	 0.835368 	 0.0024692	0.00515861
155 	 3315 	 0.835371 	 0.00247035	0.005161
155 	 3320 	 0.835373 	 0.00247149	0.0051634
155 	 3325 	 0.835376 	 0.00247264	0.00516579
155 	 3330 	 0.835378 	 0.00247378	0.00516817
155 	 3335 	 0.835381 	 0.00247492	0.00517055
155 	 3340 	 0.835383 	 0.00247605	0.00517293
155 	 3345 	 0.835386 	 0.00247719	0.0051753
155 	 3350 	 0.835388 	 0.00247832	0.00517767
155 	 3355 	 0.835391 	 0.00247946	0.00518004
155 	 3360 	 0.835393 	 0.00248059	0.0051824
155 	 3365 	 0.835396 	 0.00248172	0.00518476
155 	 3370 	 0.835398 	 0.00248284	0.00518711
155 	 3375 	 0.835401 	 0.00248397	0.00518946
155 	 3380 	 0.835403 	 0.00248509	0.00519181
155 	 3385 	 0.835405 	 0.00248621	0.00519415
155 	 3390 	 0.835408 	 0.00248733	0.00519649
155 	 3395 	 0.83541 	 0.00248845	0.00519883
155 	 3400 	 0.835413 	 0.00248957	0.00520116
155 	 3405 	 0.835415 	 0.00249068	0.00520349
155 	 3410 	 0.835417 	 0.00249179	0.00520581
155 	 3415 	 0.83542 	 0.0024929	0.00520813
155 	 3420 	 0.835422 	 0.00249401	0.00521045
155 	 3425 	 0.835425 	 0.00249512	0.00521276
155 	 3430 	 0.835427 	 0.00249623	0.00521507
155 	 3435 	 0.835429 	 0.00249733	0.00521738
155 	 3440 	 0.835432 	 0.00249843	0.00521968
155 	 3445 	 0.835434 	 0.00249953	0.00522198
155 	 3450 	 0.835436 	 0.00250063	0.00522427
155 	 3455 	 0.835439 	 0.00250173	0.00522656
155 	 3460 	 0.835441 	 0.00250282	0.00522885
155 	 3465 	 0.835443 	 0.00250392	0.00523114
155 	 3470 	 0.835446 	 0.00250501	0.00523342
155 	 3475 	 0.835448 	 0.0025061	0.00523569
155 	 3480 	 0.83545 	 0.00250718	0.00523796
155 	 3485 	 0.835453 	 0.00250827	0.00524023
155 	 3490 	 0.835455 	 0.00250936	0.0052425
155 	 3495 	 0.835457 	 0.00251044	0.00524476
155 	 3500 	 0.83546 	 0.00251152	0.00524702
155 	 3505 	 0.835462 	 0.0025126	0.00524928
155 	 3510 	 0.835464 	 0.00251368	0.00525153
155 	 3515 	 0.835466 	 0.00251475	0.00525377
155 	 3520 	 0.835469 	 0.00251583	0.00525602
155 	 3525 	 0.835471 	 0.0025169	0.00525826
155 	 3530 	 0.835473 	 0.00251797	0.0052605
155 	 3535 	 0.835475 	 0.00251904	0.00526273
155 	 3540 	 0.835478 	 0.00252011	0.00526496
155 	 3545 	 0.83548 	 0.00252117	0.00526719
155 	 3550 	 0.835482 	 0.00252224	0.00526941
155 	 3555 	 0.835484 	 0.0025233	0.00527163
155 	 3560 	 0.835487 	 0.00252436	0.00527385
155 	 3565 	 0.835489 	 0.00252542	0.00527606
155 	 3570 	 0.835491 	 0.00252648	0.00527827
155 	 3575 	 0.835493 	 0.00252753	0.00528047
155 	 3580 	 0.835495 	 0.00252858	0.00528267
155 	 3585 	 0.835498 	 0.00252964	0.00528487
155 	 3590 	 0.8355 	 0.00253069	0.00528707
155 	 3595 	 0.835502 	 0.00253174	0.00528926
155 	 3600 	 0.835504 	 0.00253278	0.00529145
155 	 3605 	 0.835506 	 0.00253383	0.00529363
155 	 3610 	 0.835509 	 0.00253487	0.00529581
155 	 3615 	 0.835511 	 0.00253592	0.00529799
155 	 3620 	 0.835513 	 0.00253696	0.00530017
155 	 3625 	 0.835515 	 0.002538	0.00530234
155 	 3630 	 0.835517 	 0.00253903	0.00530451
155 	 3635 	 0.835519 	 0.00254007	0.00530667
155 	 3640 	 0.835521 	 0.0025411	0.00530883
155 	 3645 	 0.835524 	 0.00254214	0.00531099
155 	 3650 	 0.835526 	 0.00254317	0.00531314
155 	 3655 	 0.835528 	 0.0025442	0.00531529
155 	 3660 	 0.83553 	 0.00254523	0.00531744
155 	 3665 	 0.835532 	 0.00254625	0.00531958
155 	 3670 	 0.835534 	 0.00254728	0.00532173
155 	 3675 	 0.835536 	 0.0025483	0.00532386
155 	 3680 	 0.835538 	 0.00254932	0.005326
155 	 3685 	 0.83554 	 0.00255034	0.00532813
155 	 3690 	 0.835542 	 0.00255136	0.00533025
155 	 3695 	 0.835544 	 0.00255238	0.00533238
155 	 3700 	 0.835547 	 0.00255339	0.0053345
155 	 3705 	 0.835549 	 0.0025544	0.00533662
155 	 3710 	 0.835551 	 0.00255542	0.00533873
155 	 3715 	 0.835553 	 0.00255643	0.00534084
155 	 3720 	 0.835555 	 0.00255744	0.00534295
155 	 3725 	 0.835557 	 0.00255844	0.00534505
155 	 3730 	 0.835559 	 0.00255945	0.00534716
155 	 3735 	 0.835561 	 0.00256045	0.00534925
155 	 3740 	 0.835563 	 0.00256146	0.00535135
155 	 3745 	 0.835565 	 0.00256246	0.00535344
155 	 3750 	 0.835567 	 0.00256346	0.00535553
155 	 3755 	 0.835569 	 0.00256445	0.00535761
155 	 3760 	 0.835571 	 0.00256545	0.00535969
155 	 3765 	 0.835573 	 0.00256645	0.00536177
155 	 3770 	 0.835575 	 0.00256744	0.00536385
155 	 3775 	 0.835577 	 0.00256843	0.00536592
155 	 3780 	 0.835579 	 0.00256942	0.00536799
155 	 3785 	 0.835581 	 0.00257041	0.00537005
155 	 3790 	 0.835583 	 0.0025714	0.00537212
155 	 3795 	 0.835585 	 0.00257238	0.00537418
155 	 3800 	 0.835587 	 0.00257337	0.00537623
155 	 3805 	 0.835589 	 0.00257435	0.00537828
155 	 3810 	 0.835591 	 0.00257533	0.00538033
155 	 3815 	 0.835593 	 0.00257631	0.00538238
155 	 3820 	 0.835595 	 0.00257729	0.00538442
155 	 3825 	 0.835597 	 0.00257826	0.00538646
155 	 3830 	 0.835598 	 0.00257924	0.0053885
155 	 3835 	 0.8356 	 0.00258021	0.00539054
155 	 3840 	 0.835602 	 0.00258119	0.00539257
155 	 3845 	 0.835604 	 0.00258216	0.00539459
155 	 3850 	 0.835606 	 0.00258313	0.00539662
155 	 3855 	 0.835608 	 0.00258409	0.00539864
155 	 3860 	 0.83561 	 0.00258506	0.00540066
155 	 3865 	 0.835612 	 0.00258602	0.00540267
155 	 3870 	 0.835614 	 0.00258699	0.00540469
155 	 3875 	 0.835616 	 0.00258795	0.0054067
155 	 3880 	 0.835618 	 0.00258891	0.0054087
155 	 3885 	 0.835619 	 0.00258987	0.00541071
155 	 3890 	 0.835621 	 0.00259083	0.00541271
155 	 3895 	 0.835623 	 0.00259178	0.0054147
155 	 3900 	 0.835625 	 0.00259274	0.0054167
155 	 3905 	 0.835627 	 0.00259369	0.00541869
155 	 3910 	 0.835629 	 0.00259464	0.00542068
155 	 3915 	 0.835631 	 0.00259559	0.00542266
155 	 3920 	 0.835633 	 0.00259654	0.00542464
155 	 3925 	 0.835634 	 0.00259749	0.00542662
155 	 3930 	 0.835636 	 0.00259843	0.0054286
155 	 3935 	 0.835638 	 0.00259938	0.00543057
155 	 3940 	 0.83564 	 0.00260032	0.00543254
155 	 3945 	 0.835642 	 0.00260126	0.00543451
155 	 3950 	 0.835644 	 0.0026022	0.00543647
155 	 3955 	 0.835645 	 0.00260314	0.00543843
155 	 3960 	 0.835647 	 0.00260408	0.00544039
155 	 3965 	 0.835649 	 0.00260501	0.00544235
155 	 3970 	 0.835651 	 0.00260595	0.0054443
155 	 3975 	 0.835653 	 0.00260688	0.00544625
155 	 3980 	 0.835655 	 0.00260781	0.00544819
155 	 3985 	 0.835656 	 0.00260874	0.00545014
155 	 3990 	 0.835658 	 0.00260967	0.00545208
155 	 3995 	 0.83566 	 0.0026106	0.00545402
155 	 4000 	 0.835662 	 0.00261152	0.00545595
155 	 4005 	 0.835663 	 0.00261245	0.00545788
155 	 4010 	 0.835665 	 0.00261337	0.00545981
155 	 4015 	 0.835667 	 0.00261429	0.00546174
155 	 4020 	 0.835669 	 0.00261521	0.00546366
155 	 4025 	 0.835671 	 0.00261613	0.00546558
155 	 4030 	 0.835672 	 0.00261705	0.0054675
155 	 4035 	 0.835674 	 0.00261797	0.00546941
155 	 4040 	 0.835676 	 0.00261888	0.00547132
155 	 4045 	 0.835678 	 0.0026198	0.00547323
155 	 4050 	 0.835679 	 0.00262071	0.00547514
155 	 4055 	 0.835681 	 0.00262162	0.00547704
155 	 4060 	 0.835683 	 0.00262253	0.00547894
155 	 4065 	 0.835685 	 0.00262344	0.00548084
155 	 4070 	 0.835686 	 0.00262434	0.00548273
155 	 4075 	 0.835688 	 0.00262525	0.00548462
155 	 4080 	 0.83569 	 0.00262615	0.00548651
155 	 4085 	 0.835691 	 0.00262706	0.0054884
155 	 4090 	 0.835693 	 0.00262796	0.00549028
155 	 4095 	 0.835695 	 0.00262886	0.00549216
155 	 4100 	 0.835697 	 0.00262976	0.00549404
155 	 4105 	 0.835698 	 0.00263065	0.00549592
155 	 4110 	 0.8357 	 0.00263155	0.00549779
155 	 4115 	 0.835702 	 0.00263245	0.00549966
155 	 4120 	 0.835703 	 0.00263334	0.00550152
155 	 4125 	 0.835705 	 0.00263423	0.00550339
155 	 4130 	 0.835707 	 0.00263512	0.00550525
155 	 4135 	 0.835708 	 0.00263601	0.00550711
155 	 4140 	 0.83571 	 0.0026369	0.00550896
155 	 4145 	 0.835712 	 0.00263779	0.00551082
155 	 4150 	 0.835714 	 0.00263867	0.00551267
155 	 4155 	 0.835715 	 0.00263956	0.00551451
155 	 4160 	 0.835717 	 0.00264044	0.00551636
155 	 4165 	 0.835719 	 0.00264132	0.0055182
155 	 4170 	 0.83572 	 0.0026422	0.00552004
155 	 4175 	 0.835722 	 0.00264308	0.00552188
155 	 4180 	 0.835723 	 0.00264396	0.00552371
155 	 4185 	 0.835725 	 0.00264483	0.00552554
155 	 4190 	 0.835727 	 0.00264571	0.00552737
155 	 4195 	 0.835728 	 0.00264658	0.0055292
155 	 4200 	 0.83573 	 0.00264746	0.00553102
155 	 4205 	 0.835732 	 0.00264833	0.00553284
155 	 4210 	 0.835733 	 0.0026492	0.00553466
155 	 4215 	 0.835735 	 0.00265007	0.00553647
155 	 4220 	 0.835737 	 0.00265093	0.00553828
155 	 4225 	 0.835738 	 0.0026518	0.00554009
155 	 4230 	 0.83574 	 0.00265267	0.0055419
155 	 4235 	 0.835741 	 0.00265353	0.00554371
155 	 4240 	 0.835743 	 0.00265439	0.00554551
155 	 4245 	 0.835745 	 0.00265525	0.00554731
155 	 4250 	 0.835746 	 0.00265611	0.0055491
155 	 4255 	 0.835748 	 0.00265697	0.0055509
155 	 4260 	 0.835749 	 0.00265783	0.00555269
155 	 4265 	 0.835751 	 0.00265869	0.00555448
155 	 4270 	 0.835753 	 0.00265954	0.00555627
155 	 4275 	 0.835754 	 0.00266039	0.00555805
155 	 4280 	 0.835756 	 0.00266125	0.00555983
155 	 4285 	 0.835757 	 0.0026621	0.00556161
155 	 4290 	 0.835759 	 0.00266295	0.00556338
155 	 4295 	 0.83576 	 0.0026638	0.00556516
155 	 4300 	 0.835762 	 0.00266465	0.00556693
155 	 4305 	 0.835764 	 0.00266549	0.0055687
155 	 4310 	 0.835765 	 0.00266634	0.00557046
155 	 4315 	 0.835767 	 0.00266718	0.00557223
155 	 4320 	 0.835768 	 0.00266802	0.00557399
155 	 4325 	 0.83577 	 0.00266887	0.00557575
155 	 4330 	 0.835771 	 0.00266971	0.0055775
155 	 4335 	 0.835773 	 0.00267054	0.00557925
155 	 4340 	 0.835774 	 0.00267138	0.005581
155 	 4345 	 0.835776 	 0.00267222	0.00558275
155 	 4350 	 0.835777 	 0.00267305	0.0055845
155 	 4355 	 0.835779 	 0.00267389	0.00558624
155 	 4360 	 0.835781 	 0.00267472	0.00558798
155 	 4365 	 0.835782 	 0.00267555	0.00558972
155 	 4370 	 0.835784 	 0.00267638	0.00559146
155 	 4375 	 0.835785 	 0.00267721	0.00559319
155 	 4380 	 0.835787 	 0.00267804	0.00559492
155 	 4385 	 0.835788 	 0.00267887	0.00559665
155 	 4390 	 0.83579 	 0.0026797	0.00559837
155 	 4395 	 0.835791 	 0.00268052	0.0056001
155 	 4400 	 0.835793 	 0.00268134	0.00560182
155 	 4405 	 0.835794 	 0.00268217	0.00560354
155 	 4410 	 0.835796 	 0.00268299	0.00560525
155 	 4415 	 0.835797 	 0.00268381	0.00560696
155 	 4420 	 0.835799 	 0.00268463	0.00560868
155 	 4425 	 0.8358 	 0.00268545	0.00561038
155 	 4430 	 0.835802 	 0.00268626	0.00561209
155 	 4435 	 0.835803 	 0.00268708	0.00561379
155 	 4440 	 0.835804 	 0.00268789	0.0056155
155 	 4445 	 0.835806 	 0.00268871	0.00561719
155 	 4450 	 0.835807 	 0.00268952	0.00561889
155 	 4455 	 0.835809 	 0.00269033	0.00562059
155 	 4460 	 0.83581 	 0.00269114	0.00562228
155 	 4465 	 0.835812 	 0.00269195	0.00562397
155 	 4470 	 0.835813 	 0.00269275	0.00562565
155 	 4475 	 0.835815 	 0.00269356	0.00562734
155 	 4480 	 0.835816 	 0.00269437	0.00562902
155 	 4485 	 0.835818 	 0.00269517	0.0056307
155 	 4490 	 0.835819 	 0.00269597	0.00563238
155 	 4495 	 0.835821 	 0.00269677	0.00563405
155 	 4500 	 0.835822 	 0.00269757	0.00563573
155 	 4505 	 0.835823 	 0.00269837	0.0056374
155 	 4510 	 0.835825 	 0.00269917	0.00563906
155 	 4515 	 0.835826 	 0.00269997	0.00564073
155 	 4520 	 0.835828 	 0.00270077	0.00564239
155 	 4525 	 0.835829 	 0.00270156	0.00564405
155 	 4530 	 0.835831 	 0.00270236	0.00564571
155 	 4535 	 0.835832 	 0.00270315	0.00564737
155 	 4540 	 0.835833 	 0.00270394	0.00564902
155 	 4545 	 0.835835 	 0.00270473	0.00565067
155 	 4550 	 0.835836 	 0.00270552	0.00565232
155 	 4555 	 0.835838 	 0.00270631	0.00565397
155 	 4560 	 0.835839 	 0.0027071	0.00565562
155 	 4565 	 0.83584 	 0.00270788	0.00565726
155 	 4570 	 0.835842 	 0.00270867	0.0056589
155 	 4575 	 0.835843 	 0.00270945	0.00566054
155 	 4580 	 0.835845 	 0.00271023	0.00566217
155 	 4585 	 0.835846 	 0.00271102	0.00566381
155 	 4590 	 0.835847 	 0.0027118	0.00566544
155 	 4595 	 0.835849 	 0.00271258	0.00566707
155 	 4600 	 0.83585 	 0.00271336	0.00566869
155 	 4605 	 0.835852 	 0.00271413	0.00567032
155 	 4610 	 0.835853 	 0.00271491	0.00567194
155 	 4615 	 0.835854 	 0.00271568	0.00567356
155 	 4620 	 0.835856 	 0.00271646	0.00567518
155 	 4625 	 0.835857 	 0.00271723	0.00567679
155 	 4630 	 0.835858 	 0.002718	0.00567841
155 	 4635 	 0.83586 	 0.00271878	0.00568002
155 	 4640 	 0.835861 	 0.00271955	0.00568163
155 	 4645 	 0.835862 	 0.00272031	0.00568323
155 	 4650 	 0.835864 	 0.00272108	0.00568484
155 	 4655 	 0.835865 	 0.00272185	0.00568644
155 	 4660 	 0.835866 	 0.00272262	0.00568804
155 	 4665 	 0.835868 	 0.00272338	0.00568964
155 	 4670 	 0.835869 	 0.00272414	0.00569123
155 	 4675 	 0.835871 	 0.00272491	0.00569283
155 	 4680 	 0.835872 	 0.00272567	0.00569442
155 	 4685 	 0.835873 	 0.00272643	0.00569601
155 	 4690 	 0.835875 	 0.00272719	0.00569759
155 	 4695 	 0.835876 	 0.00272795	0.00569918
155 	 4700 	 0.835877 	 0.0027287	0.00570076
155 	 4705 	 0.835879 	 0.00272946	0.00570234
155 	 4710 	 0.83588 	 0.00273022	0.00570392
155 	 4715 	 0.835881 	 0.00273097	0.00570549
155 	 4720 	 0.835882 	 0.00273172	0.00570707
155 	 4725 	 0.835884 	 0.00273248	0.00570864
155 	 4730 	 0.835885 	 0.00273323	0.00571021
155 	 4735 	 0.835886 	 0.00273398	0.00571178
155 	 4740 	 0.835888 	 0.00273473	0.00571334
155 	 4745 	 0.835889 	 0.00273547	0.00571491
155 	 4750 	 0.83589 	 0.00273622	0.00571647
155 	 4755 	 0.835892 	 0.00273697	0.00571803
155 	 4760 	 0.835893 	 0.00273771	0.00571958
155 	 4765 	 0.835894 	 0.00273846	0.00572114
155 	 4770 	 0.835896 	 0.0027392	0.00572269
155 	 4775 	 0.835897 	 0.00273994	0.00572424
155 	 4780 	 0.835898 	 0.00274068	0.00572579
155 	 4785 	 0.835899 	 0.00274142	0.00572733
155 	 4790 	 0.835901 	 0.00274216	0.00572888
155 	 4795 	 0.835902 	 0.0027429	0.00573042
155 	 4800 	 0.835903 	 0.00274364	0.00573196
155 	 4805 	 0.835904 	 0.00274437	0.0057335
155 	 4810 	 0.835906 	 0.00274511	0.00573504
155 	 4815 	 0.835907 	 0.00274584	0.00573657
155 	 4820 	 0.835908 	 0.00274658	0.0057381
155 	 4825 	 0.83591 	 0.00274731	0.00573963
155 	 4830 	 0.835911 	 0.00274804	0.00574116
155 	 4835 	 0.835912 	 0.00274877	0.00574268
155 	 4840 	 0.835913 	 0.0027495	0.00574421
155 	 4845 	 0.835915 	 0.00275023	0.00574573
155 	 4850 	 0.835916 	 0.00275096	0.00574725
155 	 4855 	 0.835917 	 0.00275168	0.00574877
155 	 4860 	 0.835918 	 0.00275241	0.00575028
155 	 4865 	 0.83592 	 0.00275313	0.0057518
155 	 4870 	 0.835921 	 0.00275386	0.00575331
155 	 4875 	 0.835922 	 0.00275458	0.00575482
155 	 4880 	 0.835923 	 0.0027553	0.00575632
155 	 4885 	 0.835925 	 0.00275602	0.00575783
155 	 4890 	 0.835926 	 0.00275674	0.00575933
155 	 4895 	 0.835927 	 0.00275746	0.00576083
155 	 4900 	 0.835928 	 0.00275818	0.00576233
155 	 4905 	 0.835929 	 0.00275889	0.00576383
155 	 4910 	 0.835931 	 0.00275961	0.00576533
155 	 4915 	 0.835932 	 0.00276032	0.00576682
155 	 4920 	 0.835933 	 0.00276104	0.00576831
155 	 4925 	 0.835934 	 0.00276175	0.0057698
155 	 4930 	 0.835936 	 0.00276246	0.00577129
155 	 4935 	 0.835937 	 0.00276317	0.00577277
155 	 4940 	 0.835938 	 0.00276388	0.00577426
155 	 4945 	 0.835939 	 0.00276459	0.00577574
155 	 4950 	 0.83594 	 0.0027653	0.00577722
155 	 4955 	 0.835942 	 0.00276601	0.0057787
155 	 4960 	 0.835943 	 0.00276671	0.00578017
155 	 4965 	 0.835944 	 0.00276742	0.00578165
155 	 4970 	 0.835945 	 0.00276812	0.00578312
155 	 4975 	 0.835946 	 0.00276883	0.00578459
155 	 4980 	 0.835948 	 0.00276953	0.00578605
155 	 4985 	 0.835949 	 0.00277023	0.00578752
155 	 4990 	 0.83595 	 0.00277093	0.00578899
155 	 4995 	 0.835951 	 0.00277163	0.00579045
155 	 5000 	 0.835952 	 0.00277233	0.00579191
