3475 	 5 	 0.729163 	 0.00673998	0.014081
3475 	 10 	 0.729764 	 0.00634882	0.0132638
3475 	 15 	 0.730902 	 0.00574064	0.0119932
3475 	 20 	 0.733014 	 0.00488855	0.0102131
3475 	 25 	 0.736809 	 0.00393463	0.00822016
3475 	 30 	 0.743236 	 0.0033243	0.00694506
3475 	 35 	 0.753107 	 0.00320719	0.0067004
3475 	 40 	 0.766201 	 0.00285208	0.00595851
3475 	 45 	 0.781576 	 0.00313582	0.00655131
3475 	 50 	 0.795763 	 0.00309367	0.00646325
3475 	 55 	 0.806462 	 0.00282582	0.00590366
3475 	 60 	 0.813682 	 0.00245406	0.00512699
3475 	 65 	 0.81831 	 0.00224014	0.00468007
3475 	 70 	 0.82129 	 0.00222036	0.00463873
3475 	 75 	 0.823307 	 0.00228225	0.00476805
3475 	 80 	 0.82478 	 0.002349	0.00490748
3475 	 85 	 0.825947 	 0.00239975	0.00501351
3475 	 90 	 0.826937 	 0.00243616	0.00508958
3475 	 95 	 0.82782 	 0.00246354	0.00514679
3475 	 100 	 0.828633 	 0.00248551	0.00519269
3475 	 105 	 0.829396 	 0.00250368	0.00523065
3475 	 110 	 0.83012 	 0.00251849	0.00526158
3475 	 115 	 0.830811 	 0.00252989	0.00528541
3475 	 120 	 0.831473 	 0.00253779	0.0053019
3475 	 125 	 0.832108 	 0.00254214	0.005311
3475 	 130 	 0.832719 	 0.00254307	0.00531294
3475 	 135 	 0.833307 	 0.00254079	0.00530817
3475 	 140 	 0.833873 	 0.0025356	0.00529732
3475 	 145 	 0.834418 	 0.00252784	0.00528111
3475 	 150 	 0.834942 	 0.00251788	0.00526031
3475 	 155 	 0.835448 	 0.0025061	0.00523569
3475 	 160 	 0.835936 	 0.00249283	0.00520798
3475 	 165 	 0.836406 	 0.00247842	0.00517786
3475 	 170 	 0.836859 	 0.00246315	0.00514597
3475 	 175 	 0.837297 	 0.0024473	0.00511286
3475 	 180 	 0.837719 	 0.00243111	0.00507903
3475 	 185 	 0.838127 	 0.00241478	0.00504492
3475 	 190 	 0.838521 	 0.0023985	0.0050109
3475 	 195 	 0.838902 	 0.00238241	0.00497729
3475 	 200 	 0.83927 	 0.00236665	0.00494436
3475 	 205 	 0.839626 	 0.00235132	0.00491234
3475 	 210 	 0.839971 	 0.00233651	0.0048814
3475 	 215 	 0.840304 	 0.00232229	0.00485169
3475 	 220 	 0.840627 	 0.00230871	0.00482332
3475 	 225 	 0.840939 	 0.00229582	0.00479639
3475 	 230 	 0.841242 	 0.00228365	0.00477095
3475 	 235 	 0.841535 	 0.00227221	0.00474705
3475 	 240 	 0.84182 	 0.00226151	0.00472471
3475 	 245 	 0.842096 	 0.00225157	0.00470394
3475 	 250 	 0.842364 	 0.00224238	0.00468474
3475 	 255 	 0.842623 	 0.00223393	0.00466709
3475 	 260 	 0.842876 	 0.00222622	0.00465098
3475 	 265 	 0.843121 	 0.00221923	0.00463637
3475 	 270 	 0.843359 	 0.00221293	0.00462322
3475 	 275 	 0.84359 	 0.00220733	0.00461151
3475 	 280 	 0.843815 	 0.00220238	0.00460118
3475 	 285 	 0.844034 	 0.00219808	0.00459219
3475 	 290 	 0.844247 	 0.0021944	0.0045845
3475 	 295 	 0.844454 	 0.00219131	0.00457805
3475 	 300 	 0.844655 	 0.0021888	0.0045728
3475 	 305 	 0.844852 	 0.00218683	0.0045687
3475 	 310 	 0.845043 	 0.0021854	0.00456569
3475 	 315 	 0.845229 	 0.00218446	0.00456374
3475 	 320 	 0.845411 	 0.00218401	0.0045628
3475 	 325 	 0.845588 	 0.00218402	0.00456281
3475 	 330 	 0.845761 	 0.00218446	0.00456374
3475 	 335 	 0.845929 	 0.00218532	0.00456554
3475 	 340 	 0.846093 	 0.00218658	0.00456816
3475 	 345 	 0.846254 	 0.00218821	0.00457157
3475 	 350 	 0.84641 	 0.0021902	0.00457573
3475 	 355 	 0.846563 	 0.00219253	0.0045806
3475 	 360 	 0.846713 	 0.00219519	0.00458614
3475 	 365 	 0.846859 	 0.00219814	0.00459232
3475 	 370 	 0.847001 	 0.00220139	0.00459911
3475 	 375 	 0.847141 	 0.00220491	0.00460646
3475 	 380 	 0.847277 	 0.00220869	0.00461436
3475 	 385 	 0.84741 	 0.00221272	0.00462277
3475 	 390 	 0.847541 	 0.00221697	0.00463166
3475 	 395 	 0.847668 	 0.00222145	0.00464101
3475 	 400 	 0.847793 	 0.00222613	0.0046508
3475 	 405 	 0.847915 	 0.00223101	0.00466099
3475 	 410 	 0.848035 	 0.00223607	0.00467156
3475 	 415 	 0.848152 	 0.00224131	0.0046825
3475 	 420 	 0.848267 	 0.00224671	0.00469378
3475 	 425 	 0.848379 	 0.00225226	0.00470538
3475 	 430 	 0.848489 	 0.00225796	0.00471729
3475 	 435 	 0.848597 	 0.00226379	0.00472948
3475 	 440 	 0.848703 	 0.00226976	0.00474193
3475 	 445 	 0.848807 	 0.00227584	0.00475464
3475 	 450 	 0.848909 	 0.00228204	0.00476759
3475 	 455 	 0.849009 	 0.00228834	0.00478075
3475 	 460 	 0.849107 	 0.00229474	0.00479413
3475 	 465 	 0.849203 	 0.00230123	0.0048077
3475 	 470 	 0.849297 	 0.00230781	0.00482144
3475 	 475 	 0.849389 	 0.00231448	0.00483536
3475 	 480 	 0.84948 	 0.00232121	0.00484944
3475 	 485 	 0.849569 	 0.00232802	0.00486366
3475 	 490 	 0.849657 	 0.0023349	0.00487802
3475 	 495 	 0.849743 	 0.00234183	0.00489251
3475 	 500 	 0.849828 	 0.00234882	0.00490712
3475 	 505 	 0.849911 	 0.00235586	0.00492183
3475 	 510 	 0.849992 	 0.00236295	0.00493664
3475 	 515 	 0.850072 	 0.00237009	0.00495155
3475 	 520 	 0.850151 	 0.00237727	0.00496654
3475 	 525 	 0.850229 	 0.00238448	0.00498161
3475 	 530 	 0.850305 	 0.00239172	0.00499675
3475 	 535 	 0.85038 	 0.002399	0.00501195
3475 	 540 	 0.850453 	 0.00240631	0.00502721
3475 	 545 	 0.850526 	 0.00241364	0.00504253
3475 	 550 	 0.850597 	 0.00242099	0.00505789
3475 	 555 	 0.850667 	 0.00242836	0.00507329
3475 	 560 	 0.850736 	 0.00243575	0.00508872
3475 	 565 	 0.850804 	 0.00244315	0.00510419
3475 	 570 	 0.850871 	 0.00245057	0.00511968
3475 	 575 	 0.850937 	 0.002458	0.0051352
3475 	 580 	 0.851001 	 0.00246543	0.00515073
3475 	 585 	 0.851065 	 0.00247287	0.00516628
3475 	 590 	 0.851128 	 0.00248032	0.00518184
3475 	 595 	 0.85119 	 0.00248777	0.0051974
3475 	 600 	 0.851251 	 0.00249522	0.00521297
3475 	 605 	 0.851311 	 0.00250267	0.00522854
3475 	 610 	 0.85137 	 0.00251012	0.0052441
3475 	 615 	 0.851428 	 0.00251757	0.00525966
3475 	 620 	 0.851486 	 0.00252501	0.00527521
3475 	 625 	 0.851542 	 0.00253245	0.00529075
3475 	 630 	 0.851598 	 0.00253988	0.00530627
3475 	 635 	 0.851653 	 0.0025473	0.00532178
3475 	 640 	 0.851707 	 0.00255472	0.00533727
3475 	 645 	 0.851761 	 0.00256212	0.00535274
3475 	 650 	 0.851814 	 0.00256952	0.00536819
3475 	 655 	 0.851866 	 0.0025769	0.00538361
3475 	 660 	 0.851917 	 0.00258426	0.005399
3475 	 665 	 0.851967 	 0.00259162	0.00541437
3475 	 670 	 0.852017 	 0.00259896	0.0054297
3475 	 675 	 0.852067 	 0.00260629	0.00544501
3475 	 680 	 0.852115 	 0.0026136	0.00546028
3475 	 685 	 0.852163 	 0.00262089	0.00547551
3475 	 690 	 0.85221 	 0.00262816	0.00549071
3475 	 695 	 0.852257 	 0.00263542	0.00550588
3475 	 700 	 0.852303 	 0.00264266	0.005521
3475 	 705 	 0.852348 	 0.00264988	0.00553609
3475 	 710 	 0.852393 	 0.00265709	0.00555114
3475 	 715 	 0.852438 	 0.00266427	0.00556614
3475 	 720 	 0.852481 	 0.00267143	0.0055811
3475 	 725 	 0.852525 	 0.00267857	0.00559602
3475 	 730 	 0.852567 	 0.00268569	0.0056109
3475 	 735 	 0.852609 	 0.00269279	0.00562573
3475 	 740 	 0.852651 	 0.00269986	0.00564051
3475 	 745 	 0.852692 	 0.00270692	0.00565525
3475 	 750 	 0.852733 	 0.00271395	0.00566994
3475 	 755 	 0.852773 	 0.00272096	0.00568458
3475 	 760 	 0.852812 	 0.00272795	0.00569917
3475 	 765 	 0.852852 	 0.00273491	0.00571372
3475 	 770 	 0.85289 	 0.00274185	0.00572822
3475 	 775 	 0.852929 	 0.00274876	0.00574266
3475 	 780 	 0.852966 	 0.00275565	0.00575706
3475 	 785 	 0.853004 	 0.00276252	0.00577141
3475 	 790 	 0.853041 	 0.00276936	0.0057857
3475 	 795 	 0.853077 	 0.00277618	0.00579995
3475 	 800 	 0.853113 	 0.00278297	0.00581414
3475 	 805 	 0.853149 	 0.00278974	0.00582828
3475 	 810 	 0.853184 	 0.00279649	0.00584237
3475 	 815 	 0.853219 	 0.0028032	0.0058564
3475 	 820 	 0.853253 	 0.0028099	0.00587039
3475 	 825 	 0.853287 	 0.00281656	0.00588432
3475 	 830 	 0.853321 	 0.00282321	0.00589819
3475 	 835 	 0.853355 	 0.00282982	0.00591202
3475 	 840 	 0.853388 	 0.00283642	0.00592579
3475 	 845 	 0.85342 	 0.00284298	0.00593951
3475 	 850 	 0.853452 	 0.00284952	0.00595317
3475 	 855 	 0.853484 	 0.00285604	0.00596678
3475 	 860 	 0.853516 	 0.00286253	0.00598034
3475 	 865 	 0.853547 	 0.00286899	0.00599384
3475 	 870 	 0.853578 	 0.00287543	0.00600729
3475 	 875 	 0.853609 	 0.00288184	0.00602069
3475 	 880 	 0.853639 	 0.00288823	0.00603403
3475 	 885 	 0.853669 	 0.00289459	0.00604732
3475 	 890 	 0.853699 	 0.00290092	0.00606055
3475 	 895 	 0.853728 	 0.00290723	0.00607373
3475 	 900 	 0.853757 	 0.00291351	0.00608686
3475 	 905 	 0.853786 	 0.00291977	0.00609994
3475 	 910 	 0.853814 	 0.002926	0.00611296
3475 	 915 	 0.853842 	 0.00293221	0.00612592
3475 	 920 	 0.85387 	 0.00293839	0.00613884
3475 	 925 	 0.853898 	 0.00294455	0.0061517
3475 	 930 	 0.853925 	 0.00295068	0.0061645
3475 	 935 	 0.853952 	 0.00295678	0.00617726
3475 	 940 	 0.853979 	 0.00296286	0.00618996
3475 	 945 	 0.854006 	 0.00296891	0.0062026
3475 	 950 	 0.854032 	 0.00297494	0.0062152
3475 	 955 	 0.854058 	 0.00298095	0.00622774
3475 	 960 	 0.854084 	 0.00298693	0.00624023
3475 	 965 	 0.854109 	 0.00299288	0.00625267
3475 	 970 	 0.854135 	 0.00299881	0.00626505
3475 	 975 	 0.85416 	 0.00300471	0.00627739
3475 	 980 	 0.854184 	 0.00301059	0.00628967
3475 	 985 	 0.854209 	 0.00301644	0.0063019
3475 	 990 	 0.854233 	 0.00302227	0.00631408
3475 	 995 	 0.854258 	 0.00302808	0.0063262
3475 	 1000 	 0.854281 	 0.00303386	0.00633828
3475 	 1005 	 0.854305 	 0.00303961	0.0063503
3475 	 1010 	 0.854329 	 0.00304534	0.00636228
3475 	 1015 	 0.854352 	 0.00305105	0.0063742
3475 	 1020 	 0.854375 	 0.00305673	0.00638607
3475 	 1025 	 0.854398 	 0.00306239	0.00639789
3475 	 1030 	 0.85442 	 0.00306803	0.00640967
3475 	 1035 	 0.854443 	 0.00307364	0.00642139
3475 	 1040 	 0.854465 	 0.00307922	0.00643306
3475 	 1045 	 0.854487 	 0.00308479	0.00644468
3475 	 1050 	 0.854509 	 0.00309033	0.00645626
3475 	 1055 	 0.854531 	 0.00309584	0.00646778
3475 	 1060 	 0.854552 	 0.00310134	0.00647926
3475 	 1065 	 0.854573 	 0.00310681	0.00649069
3475 	 1070 	 0.854595 	 0.00311225	0.00650207
3475 	 1075 	 0.854615 	 0.00311768	0.0065134
3475 	 1080 	 0.854636 	 0.00312308	0.00652468
3475 	 1085 	 0.854657 	 0.00312846	0.00653592
3475 	 1090 	 0.854677 	 0.00313381	0.0065471
3475 	 1095 	 0.854697 	 0.00313914	0.00655825
3475 	 1100 	 0.854717 	 0.00314445	0.00656934
3475 	 1105 	 0.854737 	 0.00314974	0.00658039
3475 	 1110 	 0.854757 	 0.00315501	0.00659139
3475 	 1115 	 0.854777 	 0.00316025	0.00660234
3475 	 1120 	 0.854796 	 0.00316547	0.00661325
3475 	 1125 	 0.854815 	 0.00317067	0.00662411
3475 	 1130 	 0.854834 	 0.00317585	0.00663492
3475 	 1135 	 0.854853 	 0.003181	0.00664569
3475 	 1140 	 0.854872 	 0.00318614	0.00665642
3475 	 1145 	 0.854891 	 0.00319125	0.0066671
3475 	 1150 	 0.854909 	 0.00319634	0.00667774
3475 	 1155 	 0.854927 	 0.00320141	0.00668833
3475 	 1160 	 0.854946 	 0.00320646	0.00669887
3475 	 1165 	 0.854964 	 0.00321148	0.00670937
3475 	 1170 	 0.854982 	 0.00321649	0.00671983
3475 	 1175 	 0.854999 	 0.00322147	0.00673025
3475 	 1180 	 0.855017 	 0.00322644	0.00674062
3475 	 1185 	 0.855034 	 0.00323138	0.00675095
3475 	 1190 	 0.855052 	 0.00323631	0.00676123
3475 	 1195 	 0.855069 	 0.00324121	0.00677147
3475 	 1200 	 0.855086 	 0.00324609	0.00678167
3475 	 1205 	 0.855103 	 0.00325095	0.00679183
3475 	 1210 	 0.85512 	 0.00325579	0.00680195
3475 	 1215 	 0.855136 	 0.00326062	0.00681202
3475 	 1220 	 0.855153 	 0.00326542	0.00682205
3475 	 1225 	 0.855169 	 0.0032702	0.00683204
3475 	 1230 	 0.855186 	 0.00327496	0.00684199
3475 	 1235 	 0.855202 	 0.0032797	0.0068519
3475 	 1240 	 0.855218 	 0.00328443	0.00686177
3475 	 1245 	 0.855234 	 0.00328913	0.0068716
3475 	 1250 	 0.85525 	 0.00329382	0.00688138
3475 	 1255 	 0.855265 	 0.00329848	0.00689113
3475 	 1260 	 0.855281 	 0.00330313	0.00690084
3475 	 1265 	 0.855297 	 0.00330776	0.0069105
3475 	 1270 	 0.855312 	 0.00331236	0.00692013
3475 	 1275 	 0.855327 	 0.00331695	0.00692972
3475 	 1280 	 0.855342 	 0.00332152	0.00693927
3475 	 1285 	 0.855357 	 0.00332608	0.00694878
3475 	 1290 	 0.855372 	 0.00333061	0.00695825
3475 	 1295 	 0.855387 	 0.00333513	0.00696769
3475 	 1300 	 0.855402 	 0.00333962	0.00697708
3475 	 1305 	 0.855416 	 0.0033441	0.00698644
3475 	 1310 	 0.855431 	 0.00334856	0.00699576
3475 	 1315 	 0.855445 	 0.00335301	0.00700504
3475 	 1320 	 0.85546 	 0.00335743	0.00701429
3475 	 1325 	 0.855474 	 0.00336184	0.00702349
3475 	 1330 	 0.855488 	 0.00336623	0.00703267
3475 	 1335 	 0.855502 	 0.0033706	0.0070418
3475 	 1340 	 0.855516 	 0.00337496	0.0070509
3475 	 1345 	 0.85553 	 0.00337929	0.00705996
3475 	 1350 	 0.855543 	 0.00338361	0.00706899
3475 	 1355 	 0.855557 	 0.00338792	0.00707798
3475 	 1360 	 0.855571 	 0.0033922	0.00708693
3475 	 1365 	 0.855584 	 0.00339647	0.00709585
3475 	 1370 	 0.855597 	 0.00340072	0.00710473
3475 	 1375 	 0.855611 	 0.00340496	0.00711358
3475 	 1380 	 0.855624 	 0.00340918	0.00712239
3475 	 1385 	 0.855637 	 0.00341338	0.00713117
3475 	 1390 	 0.85565 	 0.00341757	0.00713992
3475 	 1395 	 0.855663 	 0.00342173	0.00714863
3475 	 1400 	 0.855676 	 0.00342589	0.0071573
3475 	 1405 	 0.855688 	 0.00343002	0.00716594
3475 	 1410 	 0.855701 	 0.00343414	0.00717455
3475 	 1415 	 0.855714 	 0.00343825	0.00718313
3475 	 1420 	 0.855726 	 0.00344234	0.00719167
3475 	 1425 	 0.855739 	 0.00344641	0.00720018
3475 	 1430 	 0.855751 	 0.00345047	0.00720865
3475 	 1435 	 0.855763 	 0.00345451	0.00721709
3475 	 1440 	 0.855775 	 0.00345853	0.0072255
3475 	 1445 	 0.855787 	 0.00346254	0.00723388
3475 	 1450 	 0.8558 	 0.00346654	0.00724223
3475 	 1455 	 0.855811 	 0.00347052	0.00725054
3475 	 1460 	 0.855823 	 0.00347448	0.00725882
3475 	 1465 	 0.855835 	 0.00347843	0.00726707
3475 	 1470 	 0.855847 	 0.00348236	0.00727529
3475 	 1475 	 0.855858 	 0.00348628	0.00728347
3475 	 1480 	 0.85587 	 0.00349018	0.00729163
3475 	 1485 	 0.855882 	 0.00349407	0.00729975
3475 	 1490 	 0.855893 	 0.00349795	0.00730785
3475 	 1495 	 0.855904 	 0.00350181	0.00731591
3475 	 1500 	 0.855916 	 0.00350565	0.00732394
3475 	 1505 	 0.855927 	 0.00350948	0.00733194
3475 	 1510 	 0.855938 	 0.0035133	0.00733992
3475 	 1515 	 0.855949 	 0.0035171	0.00734786
3475 	 1520 	 0.85596 	 0.00352088	0.00735577
3475 	 1525 	 0.855971 	 0.00352466	0.00736365
3475 	 1530 	 0.855982 	 0.00352842	0.0073715
3475 	 1535 	 0.855993 	 0.00353216	0.00737933
3475 	 1540 	 0.856004 	 0.00353589	0.00738712
3475 	 1545 	 0.856014 	 0.00353961	0.00739489
3475 	 1550 	 0.856025 	 0.00354331	0.00740262
3475 	 1555 	 0.856035 	 0.003547	0.00741033
3475 	 1560 	 0.856046 	 0.00355068	0.00741801
3475 	 1565 	 0.856056 	 0.00355434	0.00742566
3475 	 1570 	 0.856067 	 0.00355799	0.00743329
3475 	 1575 	 0.856077 	 0.00356162	0.00744088
3475 	 1580 	 0.856087 	 0.00356525	0.00744845
3475 	 1585 	 0.856097 	 0.00356885	0.00745599
3475 	 1590 	 0.856108 	 0.00357245	0.0074635
3475 	 1595 	 0.856118 	 0.00357603	0.00747098
3475 	 1600 	 0.856128 	 0.0035796	0.00747844
3475 	 1605 	 0.856138 	 0.00358316	0.00748587
3475 	 1610 	 0.856148 	 0.0035867	0.00749327
3475 	 1615 	 0.856157 	 0.00359023	0.00750065
3475 	 1620 	 0.856167 	 0.00359375	0.00750799
3475 	 1625 	 0.856177 	 0.00359725	0.00751532
3475 	 1630 	 0.856187 	 0.00360074	0.00752261
3475 	 1635 	 0.856196 	 0.00360422	0.00752988
3475 	 1640 	 0.856206 	 0.00360769	0.00753713
3475 	 1645 	 0.856215 	 0.00361115	0.00754434
3475 	 1650 	 0.856225 	 0.00361459	0.00755153
3475 	 1655 	 0.856234 	 0.00361802	0.0075587
3475 	 1660 	 0.856244 	 0.00362144	0.00756584
3475 	 1665 	 0.856253 	 0.00362484	0.00757296
3475 	 1670 	 0.856262 	 0.00362824	0.00758005
3475 	 1675 	 0.856271 	 0.00363162	0.00758711
3475 	 1680 	 0.85628 	 0.00363499	0.00759415
3475 	 1685 	 0.85629 	 0.00363834	0.00760116
3475 	 1690 	 0.856299 	 0.00364169	0.00760815
3475 	 1695 	 0.856308 	 0.00364502	0.00761512
3475 	 1700 	 0.856317 	 0.00364835	0.00762206
3475 	 1705 	 0.856325 	 0.00365166	0.00762898
3475 	 1710 	 0.856334 	 0.00365496	0.00763587
3475 	 1715 	 0.856343 	 0.00365824	0.00764274
3475 	 1720 	 0.856352 	 0.00366152	0.00764958
3475 	 1725 	 0.856361 	 0.00366478	0.0076564
3475 	 1730 	 0.856369 	 0.00366804	0.0076632
3475 	 1735 	 0.856378 	 0.00367128	0.00766997
3475 	 1740 	 0.856386 	 0.00367451	0.00767672
3475 	 1745 	 0.856395 	 0.00367773	0.00768345
3475 	 1750 	 0.856403 	 0.00368094	0.00769015
3475 	 1755 	 0.856412 	 0.00368413	0.00769683
3475 	 1760 	 0.85642 	 0.00368732	0.00770349
3475 	 1765 	 0.856429 	 0.0036905	0.00771012
3475 	 1770 	 0.856437 	 0.00369366	0.00771673
3475 	 1775 	 0.856445 	 0.00369681	0.00772332
3475 	 1780 	 0.856453 	 0.00369996	0.00772989
3475 	 1785 	 0.856462 	 0.00370309	0.00773643
3475 	 1790 	 0.85647 	 0.00370621	0.00774295
3475 	 1795 	 0.856478 	 0.00370932	0.00774945
3475 	 1800 	 0.856486 	 0.00371242	0.00775593
3475 	 1805 	 0.856494 	 0.00371551	0.00776238
3475 	 1810 	 0.856502 	 0.00371859	0.00776882
3475 	 1815 	 0.85651 	 0.00372166	0.00777523
3475 	 1820 	 0.856518 	 0.00372472	0.00778162
3475 	 1825 	 0.856526 	 0.00372777	0.00778799
3475 	 1830 	 0.856533 	 0.00373081	0.00779434
3475 	 1835 	 0.856541 	 0.00373384	0.00780066
3475 	 1840 	 0.856549 	 0.00373685	0.00780697
3475 	 1845 	 0.856557 	 0.00373986	0.00781325
3475 	 1850 	 0.856564 	 0.00374286	0.00781951
3475 	 1855 	 0.856572 	 0.00374585	0.00782576
3475 	 1860 	 0.856579 	 0.00374883	0.00783198
3475 	 1865 	 0.856587 	 0.00375179	0.00783818
3475 	 1870 	 0.856594 	 0.00375475	0.00784436
3475 	 1875 	 0.856602 	 0.0037577	0.00785052
3475 	 1880 	 0.856609 	 0.00376064	0.00785666
3475 	 1885 	 0.856617 	 0.00376357	0.00786278
3475 	 1890 	 0.856624 	 0.00376649	0.00786888
3475 	 1895 	 0.856631 	 0.0037694	0.00787496
3475 	 1900 	 0.856639 	 0.0037723	0.00788102
3475 	 1905 	 0.856646 	 0.00377519	0.00788706
3475 	 1910 	 0.856653 	 0.00377807	0.00789308
3475 	 1915 	 0.85666 	 0.00378094	0.00789908
3475 	 1920 	 0.856667 	 0.00378381	0.00790506
3475 	 1925 	 0.856675 	 0.00378666	0.00791103
3475 	 1930 	 0.856682 	 0.00378951	0.00791697
3475 	 1935 	 0.856689 	 0.00379234	0.00792289
3475 	 1940 	 0.856696 	 0.00379517	0.0079288
3475 	 1945 	 0.856703 	 0.00379798	0.00793468
3475 	 1950 	 0.85671 	 0.00380079	0.00794055
3475 	 1955 	 0.856717 	 0.00380359	0.0079464
3475 	 1960 	 0.856723 	 0.00380638	0.00795223
3475 	 1965 	 0.85673 	 0.00380916	0.00795804
3475 	 1970 	 0.856737 	 0.00381194	0.00796383
3475 	 1975 	 0.856744 	 0.0038147	0.0079696
3475 	 1980 	 0.856751 	 0.00381745	0.00797536
3475 	 1985 	 0.856757 	 0.0038202	0.00798109
3475 	 1990 	 0.856764 	 0.00382294	0.00798681
3475 	 1995 	 0.856771 	 0.00382567	0.00799251
3475 	 2000 	 0.856777 	 0.00382839	0.0079982
3475 	 2005 	 0.856784 	 0.0038311	0.00800386
3475 	 2010 	 0.85679 	 0.0038338	0.00800951
3475 	 2015 	 0.856797 	 0.0038365	0.00801514
3475 	 2020 	 0.856804 	 0.00383918	0.00802075
3475 	 2025 	 0.85681 	 0.00384186	0.00802635
3475 	 2030 	 0.856816 	 0.00384453	0.00803192
3475 	 2035 	 0.856823 	 0.00384719	0.00803748
3475 	 2040 	 0.856829 	 0.00384984	0.00804302
3475 	 2045 	 0.856836 	 0.00385249	0.00804855
3475 	 2050 	 0.856842 	 0.00385512	0.00805406
3475 	 2055 	 0.856848 	 0.00385775	0.00805955
3475 	 2060 	 0.856854 	 0.00386037	0.00806502
3475 	 2065 	 0.856861 	 0.00386298	0.00807048
3475 	 2070 	 0.856867 	 0.00386559	0.00807592
3475 	 2075 	 0.856873 	 0.00386818	0.00808134
3475 	 2080 	 0.856879 	 0.00387077	0.00808675
3475 	 2085 	 0.856885 	 0.00387335	0.00809214
3475 	 2090 	 0.856892 	 0.00387592	0.00809751
3475 	 2095 	 0.856898 	 0.00387849	0.00810287
3475 	 2100 	 0.856904 	 0.00388105	0.00810821
3475 	 2105 	 0.85691 	 0.00388359	0.00811354
3475 	 2110 	 0.856916 	 0.00388614	0.00811885
3475 	 2115 	 0.856922 	 0.00388867	0.00812414
3475 	 2120 	 0.856928 	 0.00389119	0.00812942
3475 	 2125 	 0.856934 	 0.00389371	0.00813468
3475 	 2130 	 0.856939 	 0.00389622	0.00813992
3475 	 2135 	 0.856945 	 0.00389873	0.00814515
3475 	 2140 	 0.856951 	 0.00390122	0.00815036
3475 	 2145 	 0.856957 	 0.00390371	0.00815556
3475 	 2150 	 0.856963 	 0.00390619	0.00816074
3475 	 2155 	 0.856968 	 0.00390866	0.00816591
3475 	 2160 	 0.856974 	 0.00391113	0.00817106
3475 	 2165 	 0.85698 	 0.00391359	0.0081762
3475 	 2170 	 0.856986 	 0.00391604	0.00818132
3475 	 2175 	 0.856991 	 0.00391848	0.00818642
3475 	 2180 	 0.856997 	 0.00392092	0.00819152
3475 	 2185 	 0.857003 	 0.00392335	0.00819659
3475 	 2190 	 0.857008 	 0.00392577	0.00820165
3475 	 2195 	 0.857014 	 0.00392819	0.0082067
3475 	 2200 	 0.857019 	 0.00393059	0.00821173
3475 	 2205 	 0.857025 	 0.003933	0.00821674
3475 	 2210 	 0.85703 	 0.00393539	0.00822175
3475 	 2215 	 0.857036 	 0.00393778	0.00822673
3475 	 2220 	 0.857041 	 0.00394016	0.0082317
3475 	 2225 	 0.857047 	 0.00394253	0.00823666
3475 	 2230 	 0.857052 	 0.0039449	0.0082416
3475 	 2235 	 0.857058 	 0.00394725	0.00824653
3475 	 2240 	 0.857063 	 0.00394961	0.00825145
3475 	 2245 	 0.857068 	 0.00395195	0.00825635
3475 	 2250 	 0.857074 	 0.00395429	0.00826123
3475 	 2255 	 0.857079 	 0.00395662	0.00826611
3475 	 2260 	 0.857084 	 0.00395895	0.00827096
3475 	 2265 	 0.857089 	 0.00396127	0.00827581
3475 	 2270 	 0.857095 	 0.00396358	0.00828064
3475 	 2275 	 0.8571 	 0.00396588	0.00828545
3475 	 2280 	 0.857105 	 0.00396818	0.00829026
3475 	 2285 	 0.85711 	 0.00397047	0.00829505
3475 	 2290 	 0.857115 	 0.00397276	0.00829982
3475 	 2295 	 0.857121 	 0.00397504	0.00830458
3475 	 2300 	 0.857126 	 0.00397731	0.00830933
3475 	 2305 	 0.857131 	 0.00397958	0.00831406
3475 	 2310 	 0.857136 	 0.00398184	0.00831878
3475 	 2315 	 0.857141 	 0.00398409	0.00832349
3475 	 2320 	 0.857146 	 0.00398634	0.00832819
3475 	 2325 	 0.857151 	 0.00398858	0.00833287
3475 	 2330 	 0.857156 	 0.00399081	0.00833754
3475 	 2335 	 0.857161 	 0.00399304	0.00834219
3475 	 2340 	 0.857166 	 0.00399526	0.00834683
3475 	 2345 	 0.857171 	 0.00399748	0.00835146
3475 	 2350 	 0.857176 	 0.00399969	0.00835608
3475 	 2355 	 0.857181 	 0.00400189	0.00836068
3475 	 2360 	 0.857185 	 0.00400409	0.00836527
3475 	 2365 	 0.85719 	 0.00400628	0.00836985
3475 	 2370 	 0.857195 	 0.00400846	0.00837441
3475 	 2375 	 0.8572 	 0.00401064	0.00837896
3475 	 2380 	 0.857205 	 0.00401282	0.0083835
3475 	 2385 	 0.85721 	 0.00401498	0.00838803
3475 	 2390 	 0.857214 	 0.00401714	0.00839254
3475 	 2395 	 0.857219 	 0.0040193	0.00839704
3475 	 2400 	 0.857224 	 0.00402145	0.00840153
3475 	 2405 	 0.857228 	 0.00402359	0.00840601
3475 	 2410 	 0.857233 	 0.00402573	0.00841048
3475 	 2415 	 0.857238 	 0.00402786	0.00841493
3475 	 2420 	 0.857242 	 0.00402998	0.00841937
3475 	 2425 	 0.857247 	 0.0040321	0.0084238
3475 	 2430 	 0.857252 	 0.00403422	0.00842821
3475 	 2435 	 0.857256 	 0.00403632	0.00843262
3475 	 2440 	 0.857261 	 0.00403843	0.00843701
3475 	 2445 	 0.857265 	 0.00404052	0.00844139
3475 	 2450 	 0.85727 	 0.00404261	0.00844576
3475 	 2455 	 0.857275 	 0.0040447	0.00845011
3475 	 2460 	 0.857279 	 0.00404678	0.00845446
3475 	 2465 	 0.857284 	 0.00404885	0.00845879
3475 	 2470 	 0.857288 	 0.00405092	0.00846311
3475 	 2475 	 0.857293 	 0.00405298	0.00846742
3475 	 2480 	 0.857297 	 0.00405504	0.00847172
3475 	 2485 	 0.857301 	 0.00405709	0.00847601
3475 	 2490 	 0.857306 	 0.00405914	0.00848028
3475 	 2495 	 0.85731 	 0.00406118	0.00848455
3475 	 2500 	 0.857315 	 0.00406322	0.0084888
3475 	 2505 	 0.857319 	 0.00406525	0.00849304
3475 	 2510 	 0.857323 	 0.00406727	0.00849727
3475 	 2515 	 0.857328 	 0.00406929	0.00850149
3475 	 2520 	 0.857332 	 0.0040713	0.0085057
3475 	 2525 	 0.857336 	 0.00407331	0.00850989
3475 	 2530 	 0.857341 	 0.00407532	0.00851408
3475 	 2535 	 0.857345 	 0.00407731	0.00851825
3475 	 2540 	 0.857349 	 0.00407931	0.00852242
3475 	 2545 	 0.857353 	 0.00408129	0.00852657
3475 	 2550 	 0.857358 	 0.00408328	0.00853071
3475 	 2555 	 0.857362 	 0.00408525	0.00853484
3475 	 2560 	 0.857366 	 0.00408723	0.00853896
3475 	 2565 	 0.85737 	 0.00408919	0.00854307
3475 	 2570 	 0.857374 	 0.00409115	0.00854717
3475 	 2575 	 0.857378 	 0.00409311	0.00855126
3475 	 2580 	 0.857383 	 0.00409506	0.00855533
3475 	 2585 	 0.857387 	 0.00409701	0.0085594
3475 	 2590 	 0.857391 	 0.00409895	0.00856345
3475 	 2595 	 0.857395 	 0.00410089	0.0085675
3475 	 2600 	 0.857399 	 0.00410282	0.00857153
3475 	 2605 	 0.857403 	 0.00410474	0.00857556
3475 	 2610 	 0.857407 	 0.00410667	0.00857957
3475 	 2615 	 0.857411 	 0.00410858	0.00858358
3475 	 2620 	 0.857415 	 0.00411049	0.00858757
3475 	 2625 	 0.857419 	 0.0041124	0.00859155
3475 	 2630 	 0.857423 	 0.0041143	0.00859553
3475 	 2635 	 0.857427 	 0.0041162	0.00859949
3475 	 2640 	 0.857431 	 0.00411809	0.00860344
3475 	 2645 	 0.857435 	 0.00411998	0.00860739
3475 	 2650 	 0.857439 	 0.00412186	0.00861132
3475 	 2655 	 0.857443 	 0.00412374	0.00861524
3475 	 2660 	 0.857447 	 0.00412561	0.00861915
3475 	 2665 	 0.857451 	 0.00412748	0.00862306
3475 	 2670 	 0.857454 	 0.00412934	0.00862695
3475 	 2675 	 0.857458 	 0.0041312	0.00863083
3475 	 2680 	 0.857462 	 0.00413306	0.00863471
3475 	 2685 	 0.857466 	 0.0041349	0.00863857
3475 	 2690 	 0.85747 	 0.00413675	0.00864242
3475 	 2695 	 0.857474 	 0.00413859	0.00864627
3475 	 2700 	 0.857477 	 0.00414043	0.0086501
3475 	 2705 	 0.857481 	 0.00414226	0.00865393
3475 	 2710 	 0.857485 	 0.00414408	0.00865774
3475 	 2715 	 0.857489 	 0.0041459	0.00866155
3475 	 2720 	 0.857493 	 0.00414772	0.00866534
3475 	 2725 	 0.857496 	 0.00414953	0.00866913
3475 	 2730 	 0.8575 	 0.00415134	0.00867291
3475 	 2735 	 0.857504 	 0.00415315	0.00867668
3475 	 2740 	 0.857507 	 0.00415494	0.00868044
3475 	 2745 	 0.857511 	 0.00415674	0.00868419
3475 	 2750 	 0.857515 	 0.00415853	0.00868793
3475 	 2755 	 0.857518 	 0.00416032	0.00869166
3475 	 2760 	 0.857522 	 0.0041621	0.00869538
3475 	 2765 	 0.857526 	 0.00416387	0.00869909
3475 	 2770 	 0.857529 	 0.00416565	0.0087028
3475 	 2775 	 0.857533 	 0.00416742	0.00870649
3475 	 2780 	 0.857537 	 0.00416918	0.00871018
3475 	 2785 	 0.85754 	 0.00417094	0.00871385
3475 	 2790 	 0.857544 	 0.00417269	0.00871752
3475 	 2795 	 0.857547 	 0.00417445	0.00872118
3475 	 2800 	 0.857551 	 0.00417619	0.00872483
3475 	 2805 	 0.857554 	 0.00417794	0.00872847
3475 	 2810 	 0.857558 	 0.00417967	0.0087321
3475 	 2815 	 0.857561 	 0.00418141	0.00873572
3475 	 2820 	 0.857565 	 0.00418314	0.00873934
3475 	 2825 	 0.857568 	 0.00418486	0.00874294
3475 	 2830 	 0.857572 	 0.00418659	0.00874654
3475 	 2835 	 0.857575 	 0.0041883	0.00875013
3475 	 2840 	 0.857579 	 0.00419002	0.00875371
3475 	 2845 	 0.857582 	 0.00419173	0.00875728
3475 	 2850 	 0.857586 	 0.00419343	0.00876084
3475 	 2855 	 0.857589 	 0.00419513	0.0087644
3475 	 2860 	 0.857593 	 0.00419683	0.00876794
3475 	 2865 	 0.857596 	 0.00419852	0.00877148
3475 	 2870 	 0.857599 	 0.00420021	0.00877501
3475 	 2875 	 0.857603 	 0.0042019	0.00877853
3475 	 2880 	 0.857606 	 0.00420358	0.00878204
3475 	 2885 	 0.857609 	 0.00420525	0.00878554
3475 	 2890 	 0.857613 	 0.00420693	0.00878904
3475 	 2895 	 0.857616 	 0.0042086	0.00879252
3475 	 2900 	 0.85762 	 0.00421026	0.008796
3475 	 2905 	 0.857623 	 0.00421192	0.00879947
3475 	 2910 	 0.857626 	 0.00421358	0.00880293
3475 	 2915 	 0.857629 	 0.00421523	0.00880639
3475 	 2920 	 0.857633 	 0.00421688	0.00880983
3475 	 2925 	 0.857636 	 0.00421853	0.00881327
3475 	 2930 	 0.857639 	 0.00422017	0.0088167
3475 	 2935 	 0.857643 	 0.00422181	0.00882012
3475 	 2940 	 0.857646 	 0.00422344	0.00882354
3475 	 2945 	 0.857649 	 0.00422507	0.00882694
3475 	 2950 	 0.857652 	 0.0042267	0.00883034
3475 	 2955 	 0.857655 	 0.00422832	0.00883373
3475 	 2960 	 0.857659 	 0.00422994	0.00883711
3475 	 2965 	 0.857662 	 0.00423155	0.00884049
3475 	 2970 	 0.857665 	 0.00423317	0.00884385
3475 	 2975 	 0.857668 	 0.00423477	0.00884721
3475 	 2980 	 0.857671 	 0.00423638	0.00885056
3475 	 2985 	 0.857675 	 0.00423798	0.00885391
3475 	 2990 	 0.857678 	 0.00423957	0.00885724
3475 	 2995 	 0.857681 	 0.00424117	0.00886057
3475 	 3000 	 0.857684 	 0.00424276	0.00886389
3475 	 3005 	 0.857687 	 0.00424434	0.0088672
3475 	 3010 	 0.85769 	 0.00424592	0.00887051
3475 	 3015 	 0.857693 	 0.0042475	0.0088738
3475 	 3020 	 0.857696 	 0.00424908	0.00887709
3475 	 3025 	 0.857699 	 0.00425065	0.00888037
3475 	 3030 	 0.857702 	 0.00425221	0.00888365
3475 	 3035 	 0.857706 	 0.00425378	0.00888692
3475 	 3040 	 0.857709 	 0.00425534	0.00889018
3475 	 3045 	 0.857712 	 0.00425689	0.00889343
3475 	 3050 	 0.857715 	 0.00425845	0.00889667
3475 	 3055 	 0.857718 	 0.00426	0.00889991
3475 	 3060 	 0.857721 	 0.00426154	0.00890314
3475 	 3065 	 0.857724 	 0.00426309	0.00890637
3475 	 3070 	 0.857727 	 0.00426463	0.00890958
3475 	 3075 	 0.85773 	 0.00426616	0.00891279
3475 	 3080 	 0.857733 	 0.00426769	0.00891599
3475 	 3085 	 0.857736 	 0.00426922	0.00891918
3475 	 3090 	 0.857739 	 0.00427075	0.00892237
3475 	 3095 	 0.857742 	 0.00427227	0.00892555
3475 	 3100 	 0.857744 	 0.00427379	0.00892872
3475 	 3105 	 0.857747 	 0.0042753	0.00893189
3475 	 3110 	 0.85775 	 0.00427682	0.00893505
3475 	 3115 	 0.857753 	 0.00427832	0.0089382
3475 	 3120 	 0.857756 	 0.00427983	0.00894134
3475 	 3125 	 0.857759 	 0.00428133	0.00894448
3475 	 3130 	 0.857762 	 0.00428283	0.00894761
3475 	 3135 	 0.857765 	 0.00428433	0.00895074
3475 	 3140 	 0.857768 	 0.00428582	0.00895385
3475 	 3145 	 0.857771 	 0.00428731	0.00895696
3475 	 3150 	 0.857773 	 0.00428879	0.00896007
3475 	 3155 	 0.857776 	 0.00429027	0.00896316
3475 	 3160 	 0.857779 	 0.00429175	0.00896625
3475 	 3165 	 0.857782 	 0.00429323	0.00896933
3475 	 3170 	 0.857785 	 0.0042947	0.00897241
3475 	 3175 	 0.857788 	 0.00429617	0.00897548
3475 	 3180 	 0.85779 	 0.00429763	0.00897854
3475 	 3185 	 0.857793 	 0.0042991	0.0089816
3475 	 3190 	 0.857796 	 0.00430056	0.00898464
3475 	 3195 	 0.857799 	 0.00430201	0.00898769
3475 	 3200 	 0.857802 	 0.00430347	0.00899072
3475 	 3205 	 0.857804 	 0.00430491	0.00899375
3475 	 3210 	 0.857807 	 0.00430636	0.00899677
3475 	 3215 	 0.85781 	 0.00430781	0.00899979
3475 	 3220 	 0.857813 	 0.00430925	0.0090028
3475 	 3225 	 0.857815 	 0.00431068	0.0090058
3475 	 3230 	 0.857818 	 0.00431212	0.0090088
3475 	 3235 	 0.857821 	 0.00431355	0.00901179
3475 	 3240 	 0.857823 	 0.00431498	0.00901477
3475 	 3245 	 0.857826 	 0.0043164	0.00901775
3475 	 3250 	 0.857829 	 0.00431782	0.00902072
3475 	 3255 	 0.857832 	 0.00431924	0.00902368
3475 	 3260 	 0.857834 	 0.00432066	0.00902664
3475 	 3265 	 0.857837 	 0.00432207	0.00902959
3475 	 3270 	 0.85784 	 0.00432348	0.00903254
3475 	 3275 	 0.857842 	 0.00432489	0.00903548
3475 	 3280 	 0.857845 	 0.00432629	0.00903841
3475 	 3285 	 0.857848 	 0.00432769	0.00904134
3475 	 3290 	 0.85785 	 0.00432909	0.00904426
3475 	 3295 	 0.857853 	 0.00433048	0.00904717
3475 	 3300 	 0.857855 	 0.00433188	0.00905008
3475 	 3305 	 0.857858 	 0.00433326	0.00905298
3475 	 3310 	 0.857861 	 0.00433465	0.00905588
3475 	 3315 	 0.857863 	 0.00433603	0.00905876
3475 	 3320 	 0.857866 	 0.00433741	0.00906165
3475 	 3325 	 0.857868 	 0.00433879	0.00906452
3475 	 3330 	 0.857871 	 0.00434017	0.0090674
3475 	 3335 	 0.857874 	 0.00434154	0.00907026
3475 	 3340 	 0.857876 	 0.00434291	0.00907312
3475 	 3345 	 0.857879 	 0.00434427	0.00907597
3475 	 3350 	 0.857881 	 0.00434563	0.00907882
3475 	 3355 	 0.857884 	 0.00434699	0.00908166
3475 	 3360 	 0.857886 	 0.00434835	0.0090845
3475 	 3365 	 0.857889 	 0.0043497	0.00908733
3475 	 3370 	 0.857891 	 0.00435106	0.00909015
3475 	 3375 	 0.857894 	 0.0043524	0.00909297
3475 	 3380 	 0.857896 	 0.00435375	0.00909578
3475 	 3385 	 0.857899 	 0.00435509	0.00909858
3475 	 3390 	 0.857901 	 0.00435643	0.00910138
3475 	 3395 	 0.857904 	 0.00435777	0.00910418
3475 	 3400 	 0.857906 	 0.00435911	0.00910697
3475 	 3405 	 0.857909 	 0.00436044	0.00910975
3475 	 3410 	 0.857911 	 0.00436177	0.00911253
3475 	 3415 	 0.857914 	 0.00436309	0.0091153
3475 	 3420 	 0.857916 	 0.00436442	0.00911806
3475 	 3425 	 0.857919 	 0.00436574	0.00912082
3475 	 3430 	 0.857921 	 0.00436706	0.00912358
3475 	 3435 	 0.857924 	 0.00436837	0.00912633
3475 	 3440 	 0.857926 	 0.00436968	0.00912907
3475 	 3445 	 0.857928 	 0.004371	0.00913181
3475 	 3450 	 0.857931 	 0.0043723	0.00913454
3475 	 3455 	 0.857933 	 0.00437361	0.00913726
3475 	 3460 	 0.857936 	 0.00437491	0.00913998
3475 	 3465 	 0.857938 	 0.00437621	0.0091427
3475 	 3470 	 0.85794 	 0.00437751	0.00914541
3475 	 3475 	 0.857943 	 0.0043788	0.00914811
3475 	 3480 	 0.857945 	 0.00438009	0.00915081
3475 	 3485 	 0.857947 	 0.00438138	0.0091535
3475 	 3490 	 0.85795 	 0.00438267	0.00915619
3475 	 3495 	 0.857952 	 0.00438395	0.00915887
3475 	 3500 	 0.857955 	 0.00438523	0.00916155
3475 	 3505 	 0.857957 	 0.00438651	0.00916422
3475 	 3510 	 0.857959 	 0.00438779	0.00916689
3475 	 3515 	 0.857962 	 0.00438906	0.00916955
3475 	 3520 	 0.857964 	 0.00439033	0.0091722
3475 	 3525 	 0.857966 	 0.0043916	0.00917485
3475 	 3530 	 0.857969 	 0.00439287	0.0091775
3475 	 3535 	 0.857971 	 0.00439413	0.00918014
3475 	 3540 	 0.857973 	 0.00439539	0.00918277
3475 	 3545 	 0.857975 	 0.00439665	0.0091854
3475 	 3550 	 0.857978 	 0.0043979	0.00918802
3475 	 3555 	 0.85798 	 0.00439916	0.00919064
3475 	 3560 	 0.857982 	 0.00440041	0.00919325
3475 	 3565 	 0.857985 	 0.00440166	0.00919586
3475 	 3570 	 0.857987 	 0.0044029	0.00919846
3475 	 3575 	 0.857989 	 0.00440415	0.00920106
3475 	 3580 	 0.857991 	 0.00440539	0.00920365
3475 	 3585 	 0.857994 	 0.00440662	0.00920624
3475 	 3590 	 0.857996 	 0.00440786	0.00920882
3475 	 3595 	 0.857998 	 0.00440909	0.0092114
3475 	 3600 	 0.858 	 0.00441033	0.00921397
3475 	 3605 	 0.858003 	 0.00441155	0.00921654
3475 	 3610 	 0.858005 	 0.00441278	0.0092191
3475 	 3615 	 0.858007 	 0.004414	0.00922166
3475 	 3620 	 0.858009 	 0.00441523	0.00922421
3475 	 3625 	 0.858011 	 0.00441644	0.00922676
3475 	 3630 	 0.858014 	 0.00441766	0.0092293
3475 	 3635 	 0.858016 	 0.00441888	0.00923184
3475 	 3640 	 0.858018 	 0.00442009	0.00923437
3475 	 3645 	 0.85802 	 0.0044213	0.0092369
3475 	 3650 	 0.858022 	 0.0044225	0.00923942
3475 	 3655 	 0.858024 	 0.00442371	0.00924193
3475 	 3660 	 0.858027 	 0.00442491	0.00924445
3475 	 3665 	 0.858029 	 0.00442611	0.00924695
3475 	 3670 	 0.858031 	 0.00442731	0.00924946
3475 	 3675 	 0.858033 	 0.00442851	0.00925195
3475 	 3680 	 0.858035 	 0.0044297	0.00925445
3475 	 3685 	 0.858037 	 0.00443089	0.00925694
3475 	 3690 	 0.85804 	 0.00443208	0.00925942
3475 	 3695 	 0.858042 	 0.00443326	0.0092619
3475 	 3700 	 0.858044 	 0.00443445	0.00926437
3475 	 3705 	 0.858046 	 0.00443563	0.00926684
3475 	 3710 	 0.858048 	 0.00443681	0.0092693
3475 	 3715 	 0.85805 	 0.00443799	0.00927176
3475 	 3720 	 0.858052 	 0.00443916	0.00927422
3475 	 3725 	 0.858054 	 0.00444034	0.00927667
3475 	 3730 	 0.858056 	 0.00444151	0.00927911
3475 	 3735 	 0.858058 	 0.00444267	0.00928156
3475 	 3740 	 0.858061 	 0.00444384	0.00928399
3475 	 3745 	 0.858063 	 0.004445	0.00928642
3475 	 3750 	 0.858065 	 0.00444617	0.00928885
3475 	 3755 	 0.858067 	 0.00444732	0.00929127
3475 	 3760 	 0.858069 	 0.00444848	0.00929369
3475 	 3765 	 0.858071 	 0.00444964	0.0092961
3475 	 3770 	 0.858073 	 0.00445079	0.00929851
3475 	 3775 	 0.858075 	 0.00445194	0.00930092
3475 	 3780 	 0.858077 	 0.00445309	0.00930331
3475 	 3785 	 0.858079 	 0.00445424	0.00930571
3475 	 3790 	 0.858081 	 0.00445538	0.0093081
3475 	 3795 	 0.858083 	 0.00445652	0.00931049
3475 	 3800 	 0.858085 	 0.00445766	0.00931287
3475 	 3805 	 0.858087 	 0.0044588	0.00931524
3475 	 3810 	 0.858089 	 0.00445994	0.00931762
3475 	 3815 	 0.858091 	 0.00446107	0.00931999
3475 	 3820 	 0.858093 	 0.0044622	0.00932235
3475 	 3825 	 0.858095 	 0.00446333	0.00932471
3475 	 3830 	 0.858097 	 0.00446446	0.00932706
3475 	 3835 	 0.858099 	 0.00446558	0.00932941
3475 	 3840 	 0.858101 	 0.0044667	0.00933176
3475 	 3845 	 0.858103 	 0.00446783	0.0093341
3475 	 3850 	 0.858105 	 0.00446894	0.00933644
3475 	 3855 	 0.858107 	 0.00447006	0.00933877
3475 	 3860 	 0.858109 	 0.00447118	0.0093411
3475 	 3865 	 0.858111 	 0.00447229	0.00934342
3475 	 3870 	 0.858113 	 0.0044734	0.00934574
3475 	 3875 	 0.858115 	 0.00447451	0.00934806
3475 	 3880 	 0.858117 	 0.00447561	0.00935037
3475 	 3885 	 0.858119 	 0.00447672	0.00935268
3475 	 3890 	 0.858121 	 0.00447782	0.00935498
3475 	 3895 	 0.858123 	 0.00447892	0.00935728
3475 	 3900 	 0.858125 	 0.00448002	0.00935957
3475 	 3905 	 0.858126 	 0.00448111	0.00936186
3475 	 3910 	 0.858128 	 0.00448221	0.00936415
3475 	 3915 	 0.85813 	 0.0044833	0.00936643
3475 	 3920 	 0.858132 	 0.00448439	0.00936871
3475 	 3925 	 0.858134 	 0.00448548	0.00937098
3475 	 3930 	 0.858136 	 0.00448657	0.00937325
3475 	 3935 	 0.858138 	 0.00448765	0.00937552
3475 	 3940 	 0.85814 	 0.00448873	0.00937778
3475 	 3945 	 0.858142 	 0.00448981	0.00938004
3475 	 3950 	 0.858144 	 0.00449089	0.00938229
3475 	 3955 	 0.858145 	 0.00449197	0.00938454
3475 	 3960 	 0.858147 	 0.00449304	0.00938678
3475 	 3965 	 0.858149 	 0.00449411	0.00938902
3475 	 3970 	 0.858151 	 0.00449519	0.00939126
3475 	 3975 	 0.858153 	 0.00449625	0.00939349
3475 	 3980 	 0.858155 	 0.00449732	0.00939572
3475 	 3985 	 0.858157 	 0.00449839	0.00939795
3475 	 3990 	 0.858158 	 0.00449945	0.00940017
3475 	 3995 	 0.85816 	 0.00450051	0.00940238
3475 	 4000 	 0.858162 	 0.00450157	0.0094046
3475 	 4005 	 0.858164 	 0.00450263	0.00940681
3475 	 4010 	 0.858166 	 0.00450368	0.00940901
3475 	 4015 	 0.858168 	 0.00450473	0.00941121
3475 	 4020 	 0.858169 	 0.00450579	0.00941341
3475 	 4025 	 0.858171 	 0.00450684	0.0094156
3475 	 4030 	 0.858173 	 0.00450788	0.00941779
3475 	 4035 	 0.858175 	 0.00450893	0.00941997
3475 	 4040 	 0.858177 	 0.00450997	0.00942216
3475 	 4045 	 0.858178 	 0.00451102	0.00942433
3475 	 4050 	 0.85818 	 0.00451206	0.00942651
3475 	 4055 	 0.858182 	 0.00451309	0.00942868
3475 	 4060 	 0.858184 	 0.00451413	0.00943084
3475 	 4065 	 0.858186 	 0.00451517	0.009433
3475 	 4070 	 0.858187 	 0.0045162	0.00943516
3475 	 4075 	 0.858189 	 0.00451723	0.00943731
3475 	 4080 	 0.858191 	 0.00451826	0.00943947
3475 	 4085 	 0.858193 	 0.00451929	0.00944161
3475 	 4090 	 0.858194 	 0.00452031	0.00944375
3475 	 4095 	 0.858196 	 0.00452134	0.00944589
3475 	 4100 	 0.858198 	 0.00452236	0.00944803
3475 	 4105 	 0.8582 	 0.00452338	0.00945016
3475 	 4110 	 0.858201 	 0.0045244	0.00945229
3475 	 4115 	 0.858203 	 0.00452541	0.00945441
3475 	 4120 	 0.858205 	 0.00452643	0.00945653
3475 	 4125 	 0.858207 	 0.00452744	0.00945865
3475 	 4130 	 0.858208 	 0.00452845	0.00946076
3475 	 4135 	 0.85821 	 0.00452946	0.00946287
3475 	 4140 	 0.858212 	 0.00453047	0.00946498
3475 	 4145 	 0.858214 	 0.00453148	0.00946708
3475 	 4150 	 0.858215 	 0.00453248	0.00946918
3475 	 4155 	 0.858217 	 0.00453348	0.00947127
3475 	 4160 	 0.858219 	 0.00453448	0.00947336
3475 	 4165 	 0.85822 	 0.00453548	0.00947545
3475 	 4170 	 0.858222 	 0.00453648	0.00947753
3475 	 4175 	 0.858224 	 0.00453748	0.00947961
3475 	 4180 	 0.858225 	 0.00453847	0.00948169
3475 	 4185 	 0.858227 	 0.00453946	0.00948376
3475 	 4190 	 0.858229 	 0.00454045	0.00948583
3475 	 4195 	 0.858231 	 0.00454144	0.0094879
3475 	 4200 	 0.858232 	 0.00454243	0.00948996
3475 	 4205 	 0.858234 	 0.00454341	0.00949202
3475 	 4210 	 0.858236 	 0.0045444	0.00949407
3475 	 4215 	 0.858237 	 0.00454538	0.00949613
3475 	 4220 	 0.858239 	 0.00454636	0.00949817
3475 	 4225 	 0.858241 	 0.00454734	0.00950022
3475 	 4230 	 0.858242 	 0.00454832	0.00950226
3475 	 4235 	 0.858244 	 0.00454929	0.0095043
3475 	 4240 	 0.858246 	 0.00455026	0.00950633
3475 	 4245 	 0.858247 	 0.00455124	0.00950836
3475 	 4250 	 0.858249 	 0.00455221	0.00951039
3475 	 4255 	 0.85825 	 0.00455318	0.00951241
3475 	 4260 	 0.858252 	 0.00455414	0.00951443
3475 	 4265 	 0.858254 	 0.00455511	0.00951645
3475 	 4270 	 0.858255 	 0.00455607	0.00951846
3475 	 4275 	 0.858257 	 0.00455703	0.00952047
3475 	 4280 	 0.858259 	 0.00455799	0.00952248
3475 	 4285 	 0.85826 	 0.00455895	0.00952448
3475 	 4290 	 0.858262 	 0.00455991	0.00952648
3475 	 4295 	 0.858263 	 0.00456087	0.00952848
3475 	 4300 	 0.858265 	 0.00456182	0.00953047
3475 	 4305 	 0.858267 	 0.00456277	0.00953246
3475 	 4310 	 0.858268 	 0.00456372	0.00953445
3475 	 4315 	 0.85827 	 0.00456467	0.00953643
3475 	 4320 	 0.858271 	 0.00456562	0.00953841
3475 	 4325 	 0.858273 	 0.00456657	0.00954039
3475 	 4330 	 0.858275 	 0.00456751	0.00954236
3475 	 4335 	 0.858276 	 0.00456845	0.00954433
3475 	 4340 	 0.858278 	 0.00456939	0.0095463
3475 	 4345 	 0.858279 	 0.00457033	0.00954826
3475 	 4350 	 0.858281 	 0.00457127	0.00955022
3475 	 4355 	 0.858283 	 0.00457221	0.00955218
3475 	 4360 	 0.858284 	 0.00457314	0.00955413
3475 	 4365 	 0.858286 	 0.00457408	0.00955608
3475 	 4370 	 0.858287 	 0.00457501	0.00955803
3475 	 4375 	 0.858289 	 0.00457594	0.00955997
3475 	 4380 	 0.85829 	 0.00457687	0.00956191
3475 	 4385 	 0.858292 	 0.0045778	0.00956385
3475 	 4390 	 0.858293 	 0.00457872	0.00956578
3475 	 4395 	 0.858295 	 0.00457965	0.00956771
3475 	 4400 	 0.858296 	 0.00458057	0.00956964
3475 	 4405 	 0.858298 	 0.00458149	0.00957157
3475 	 4410 	 0.8583 	 0.00458241	0.00957349
3475 	 4415 	 0.858301 	 0.00458333	0.00957541
3475 	 4420 	 0.858303 	 0.00458424	0.00957732
3475 	 4425 	 0.858304 	 0.00458516	0.00957923
3475 	 4430 	 0.858306 	 0.00458607	0.00958114
3475 	 4435 	 0.858307 	 0.00458698	0.00958305
3475 	 4440 	 0.858309 	 0.0045879	0.00958495
3475 	 4445 	 0.85831 	 0.0045888	0.00958685
3475 	 4450 	 0.858312 	 0.00458971	0.00958874
3475 	 4455 	 0.858313 	 0.00459062	0.00959064
3475 	 4460 	 0.858315 	 0.00459152	0.00959253
3475 	 4465 	 0.858316 	 0.00459243	0.00959441
3475 	 4470 	 0.858318 	 0.00459333	0.0095963
3475 	 4475 	 0.858319 	 0.00459423	0.00959818
3475 	 4480 	 0.858321 	 0.00459513	0.00960006
3475 	 4485 	 0.858322 	 0.00459602	0.00960193
3475 	 4490 	 0.858324 	 0.00459692	0.0096038
3475 	 4495 	 0.858325 	 0.00459781	0.00960567
3475 	 4500 	 0.858327 	 0.00459871	0.00960754
3475 	 4505 	 0.858328 	 0.0045996	0.0096094
3475 	 4510 	 0.85833 	 0.00460049	0.00961126
3475 	 4515 	 0.858331 	 0.00460138	0.00961312
3475 	 4520 	 0.858333 	 0.00460227	0.00961497
3475 	 4525 	 0.858334 	 0.00460315	0.00961682
3475 	 4530 	 0.858335 	 0.00460404	0.00961867
3475 	 4535 	 0.858337 	 0.00460492	0.00962051
3475 	 4540 	 0.858338 	 0.0046058	0.00962235
3475 	 4545 	 0.85834 	 0.00460668	0.00962419
3475 	 4550 	 0.858341 	 0.00460756	0.00962603
3475 	 4555 	 0.858343 	 0.00460844	0.00962786
3475 	 4560 	 0.858344 	 0.00460931	0.00962969
3475 	 4565 	 0.858346 	 0.00461019	0.00963152
3475 	 4570 	 0.858347 	 0.00461106	0.00963334
3475 	 4575 	 0.858348 	 0.00461193	0.00963516
3475 	 4580 	 0.85835 	 0.0046128	0.00963698
3475 	 4585 	 0.858351 	 0.00461367	0.0096388
3475 	 4590 	 0.858353 	 0.00461454	0.00964061
3475 	 4595 	 0.858354 	 0.0046154	0.00964242
3475 	 4600 	 0.858356 	 0.00461627	0.00964423
3475 	 4605 	 0.858357 	 0.00461713	0.00964603
3475 	 4610 	 0.858358 	 0.00461799	0.00964783
3475 	 4615 	 0.85836 	 0.00461885	0.00964963
3475 	 4620 	 0.858361 	 0.00461971	0.00965142
3475 	 4625 	 0.858363 	 0.00462057	0.00965322
3475 	 4630 	 0.858364 	 0.00462143	0.00965501
3475 	 4635 	 0.858365 	 0.00462228	0.00965679
3475 	 4640 	 0.858367 	 0.00462314	0.00965858
3475 	 4645 	 0.858368 	 0.00462399	0.00966036
3475 	 4650 	 0.85837 	 0.00462484	0.00966214
3475 	 4655 	 0.858371 	 0.00462569	0.00966391
3475 	 4660 	 0.858372 	 0.00462654	0.00966569
3475 	 4665 	 0.858374 	 0.00462739	0.00966746
3475 	 4670 	 0.858375 	 0.00462823	0.00966922
3475 	 4675 	 0.858377 	 0.00462908	0.00967099
3475 	 4680 	 0.858378 	 0.00462992	0.00967275
3475 	 4685 	 0.858379 	 0.00463076	0.00967451
3475 	 4690 	 0.858381 	 0.0046316	0.00967626
3475 	 4695 	 0.858382 	 0.00463244	0.00967802
3475 	 4700 	 0.858383 	 0.00463328	0.00967977
3475 	 4705 	 0.858385 	 0.00463412	0.00968152
3475 	 4710 	 0.858386 	 0.00463495	0.00968326
3475 	 4715 	 0.858387 	 0.00463579	0.009685
3475 	 4720 	 0.858389 	 0.00463662	0.00968674
3475 	 4725 	 0.85839 	 0.00463745	0.00968848
3475 	 4730 	 0.858391 	 0.00463828	0.00969022
3475 	 4735 	 0.858393 	 0.00463911	0.00969195
3475 	 4740 	 0.858394 	 0.00463994	0.00969368
3475 	 4745 	 0.858396 	 0.00464076	0.0096954
3475 	 4750 	 0.858397 	 0.00464159	0.00969713
3475 	 4755 	 0.858398 	 0.00464241	0.00969885
3475 	 4760 	 0.8584 	 0.00464324	0.00970057
3475 	 4765 	 0.858401 	 0.00464406	0.00970228
3475 	 4770 	 0.858402 	 0.00464488	0.009704
3475 	 4775 	 0.858404 	 0.0046457	0.00970571
3475 	 4780 	 0.858405 	 0.00464651	0.00970741
3475 	 4785 	 0.858406 	 0.00464733	0.00970912
3475 	 4790 	 0.858407 	 0.00464815	0.00971082
3475 	 4795 	 0.858409 	 0.00464896	0.00971252
3475 	 4800 	 0.85841 	 0.00464977	0.00971422
3475 	 4805 	 0.858411 	 0.00465058	0.00971592
3475 	 4810 	 0.858413 	 0.00465139	0.00971761
3475 	 4815 	 0.858414 	 0.0046522	0.0097193
3475 	 4820 	 0.858415 	 0.00465301	0.00972098
3475 	 4825 	 0.858417 	 0.00465382	0.00972267
3475 	 4830 	 0.858418 	 0.00465462	0.00972435
3475 	 4835 	 0.858419 	 0.00465542	0.00972603
3475 	 4840 	 0.85842 	 0.00465623	0.00972771
3475 	 4845 	 0.858422 	 0.00465703	0.00972938
3475 	 4850 	 0.858423 	 0.00465783	0.00973105
3475 	 4855 	 0.858424 	 0.00465863	0.00973272
3475 	 4860 	 0.858426 	 0.00465943	0.00973439
3475 	 4865 	 0.858427 	 0.00466022	0.00973605
3475 	 4870 	 0.858428 	 0.00466102	0.00973772
3475 	 4875 	 0.858429 	 0.00466181	0.00973938
3475 	 4880 	 0.858431 	 0.00466261	0.00974103
3475 	 4885 	 0.858432 	 0.0046634	0.00974269
3475 	 4890 	 0.858433 	 0.00466419	0.00974434
3475 	 4895 	 0.858435 	 0.00466498	0.00974599
3475 	 4900 	 0.858436 	 0.00466577	0.00974764
3475 	 4905 	 0.858437 	 0.00466655	0.00974928
3475 	 4910 	 0.858438 	 0.00466734	0.00975092
3475 	 4915 	 0.85844 	 0.00466812	0.00975256
3475 	 4920 	 0.858441 	 0.00466891	0.0097542
3475 	 4925 	 0.858442 	 0.00466969	0.00975583
3475 	 4930 	 0.858443 	 0.00467047	0.00975746
3475 	 4935 	 0.858445 	 0.00467125	0.00975909
3475 	 4940 	 0.858446 	 0.00467203	0.00976072
3475 	 4945 	 0.858447 	 0.00467281	0.00976235
3475 	 4950 	 0.858448 	 0.00467358	0.00976397
3475 	 4955 	 0.85845 	 0.00467436	0.00976559
3475 	 4960 	 0.858451 	 0.00467513	0.00976721
3475 	 4965 	 0.858452 	 0.00467591	0.00976882
3475 	 4970 	 0.858453 	 0.00467668	0.00977043
3475 	 4975 	 0.858454 	 0.00467745	0.00977205
3475 	 4980 	 0.858456 	 0.00467822	0.00977365
3475 	 4985 	 0.858457 	 0.00467899	0.00977526
3475 	 4990 	 0.858458 	 0.00467976	0.00977686
3475 	 4995 	 0.858459 	 0.00468052	0.00977846
3475 	 5000 	 0.858461 	 0.00468129	0.00978006
