4355 	 5 	 0.729451 	 0.00680313	0.014213
4355 	 10 	 0.730053 	 0.00641504	0.0134022
4355 	 15 	 0.731191 	 0.00581255	0.0121435
4355 	 20 	 0.733304 	 0.00497094	0.0103852
4355 	 25 	 0.737101 	 0.00403385	0.00842746
4355 	 30 	 0.74353 	 0.00343717	0.00718087
4355 	 35 	 0.753405 	 0.00331557	0.00692682
4355 	 40 	 0.766505 	 0.0029499	0.00616287
4355 	 45 	 0.781886 	 0.00327225	0.00683632
4355 	 50 	 0.796078 	 0.00324249	0.00677415
4355 	 55 	 0.806782 	 0.00297602	0.00621746
4355 	 60 	 0.814005 	 0.00261229	0.00545754
4355 	 65 	 0.818634 	 0.00240707	0.0050288
4355 	 70 	 0.821615 	 0.00239129	0.00499585
4355 	 75 	 0.823633 	 0.00245575	0.0051305
4355 	 80 	 0.825106 	 0.00252594	0.00527715
4355 	 85 	 0.826274 	 0.00258075	0.00539166
4355 	 90 	 0.827265 	 0.00262094	0.00547561
4355 	 95 	 0.828148 	 0.0026512	0.00553884
4355 	 100 	 0.828961 	 0.00267492	0.0055884
4355 	 105 	 0.829724 	 0.00269374	0.00562772
4355 	 110 	 0.830448 	 0.00270824	0.00565801
4355 	 115 	 0.83114 	 0.00271857	0.00567958
4355 	 120 	 0.831802 	 0.00272478	0.00569257
4355 	 125 	 0.832438 	 0.00272701	0.00569722
4355 	 130 	 0.833049 	 0.00272548	0.00569403
4355 	 135 	 0.833637 	 0.0027205	0.00568363
4355 	 140 	 0.834203 	 0.00271245	0.00566681
4355 	 145 	 0.834748 	 0.00270173	0.0056444
4355 	 150 	 0.835273 	 0.00268874	0.00561727
4355 	 155 	 0.835779 	 0.00267389	0.00558624
4355 	 160 	 0.836267 	 0.00265755	0.00555211
4355 	 165 	 0.836737 	 0.00264007	0.00551559
4355 	 170 	 0.837191 	 0.00262177	0.00547736
4355 	 175 	 0.837629 	 0.00260293	0.00543799
4355 	 180 	 0.838051 	 0.0025838	0.00539802
4355 	 185 	 0.838459 	 0.00256459	0.00535789
4355 	 190 	 0.838854 	 0.00254549	0.00531798
4355 	 195 	 0.839234 	 0.00252666	0.00527865
4355 	 200 	 0.839603 	 0.00250823	0.00524015
4355 	 205 	 0.839959 	 0.00249032	0.00520273
4355 	 210 	 0.840303 	 0.00247301	0.00516657
4355 	 215 	 0.840637 	 0.00245638	0.00513183
4355 	 220 	 0.84096 	 0.00244049	0.00509862
4355 	 225 	 0.841272 	 0.00242537	0.00506704
4355 	 230 	 0.841575 	 0.00241106	0.00503715
4355 	 235 	 0.841869 	 0.00239758	0.00500899
4355 	 240 	 0.842153 	 0.00238495	0.00498259
4355 	 245 	 0.842429 	 0.00237316	0.00495796
4355 	 250 	 0.842697 	 0.00236221	0.00493509
4355 	 255 	 0.842957 	 0.0023521	0.00491398
4355 	 260 	 0.843209 	 0.00234282	0.00489458
4355 	 265 	 0.843455 	 0.00233435	0.00487689
4355 	 270 	 0.843693 	 0.00232667	0.00486084
4355 	 275 	 0.843924 	 0.00231977	0.00484641
4355 	 280 	 0.844149 	 0.00231361	0.00483355
4355 	 285 	 0.844368 	 0.00230818	0.0048222
4355 	 290 	 0.844581 	 0.00230345	0.00481232
4355 	 295 	 0.844788 	 0.00229939	0.00480385
4355 	 300 	 0.84499 	 0.00229599	0.00479674
4355 	 305 	 0.845186 	 0.00229321	0.00479094
4355 	 310 	 0.845378 	 0.00229103	0.00478638
4355 	 315 	 0.845564 	 0.00228942	0.00478302
4355 	 320 	 0.845746 	 0.00228837	0.00478081
4355 	 325 	 0.845923 	 0.00228783	0.00477969
4355 	 330 	 0.846096 	 0.00228779	0.00477962
4355 	 335 	 0.846264 	 0.00228823	0.00478054
4355 	 340 	 0.846428 	 0.00228913	0.00478241
4355 	 345 	 0.846589 	 0.00229045	0.00478517
4355 	 350 	 0.846746 	 0.00229219	0.00478879
4355 	 355 	 0.846899 	 0.00229431	0.00479323
4355 	 360 	 0.847048 	 0.0022968	0.00479844
4355 	 365 	 0.847194 	 0.00229964	0.00480437
4355 	 370 	 0.847337 	 0.00230282	0.004811
4355 	 375 	 0.847476 	 0.00230631	0.00481829
4355 	 380 	 0.847612 	 0.00231009	0.0048262
4355 	 385 	 0.847746 	 0.00231416	0.0048347
4355 	 390 	 0.847876 	 0.00231849	0.00484375
4355 	 395 	 0.848004 	 0.00232307	0.00485332
4355 	 400 	 0.848129 	 0.0023279	0.0048634
4355 	 405 	 0.848251 	 0.00233294	0.00487394
4355 	 410 	 0.848371 	 0.0023382	0.00488492
4355 	 415 	 0.848488 	 0.00234365	0.00489631
4355 	 420 	 0.848603 	 0.00234929	0.0049081
4355 	 425 	 0.848715 	 0.00235511	0.00492026
4355 	 430 	 0.848825 	 0.0023611	0.00493276
4355 	 435 	 0.848934 	 0.00236724	0.00494559
4355 	 440 	 0.849039 	 0.00237353	0.00495873
4355 	 445 	 0.849143 	 0.00237995	0.00497215
4355 	 450 	 0.849245 	 0.0023865	0.00498584
4355 	 455 	 0.849345 	 0.00239318	0.00499979
4355 	 460 	 0.849443 	 0.00239997	0.00501397
4355 	 465 	 0.849539 	 0.00240686	0.00502837
4355 	 470 	 0.849633 	 0.00241385	0.00504297
4355 	 475 	 0.849726 	 0.00242093	0.00505777
4355 	 480 	 0.849817 	 0.0024281	0.00507275
4355 	 485 	 0.849906 	 0.00243535	0.00508789
4355 	 490 	 0.849993 	 0.00244267	0.00510319
4355 	 495 	 0.85008 	 0.00245006	0.00511863
4355 	 500 	 0.850164 	 0.00245752	0.0051342
4355 	 505 	 0.850247 	 0.00246503	0.00514989
4355 	 510 	 0.850329 	 0.00247259	0.0051657
4355 	 515 	 0.850409 	 0.00248021	0.00518161
4355 	 520 	 0.850488 	 0.00248787	0.00519761
4355 	 525 	 0.850565 	 0.00249557	0.0052137
4355 	 530 	 0.850641 	 0.00250331	0.00522987
4355 	 535 	 0.850716 	 0.00251108	0.0052461
4355 	 540 	 0.85079 	 0.00251888	0.0052624
4355 	 545 	 0.850863 	 0.00252671	0.00527876
4355 	 550 	 0.850934 	 0.00253457	0.00529517
4355 	 555 	 0.851004 	 0.00254244	0.00531162
4355 	 560 	 0.851073 	 0.00255033	0.00532811
4355 	 565 	 0.851141 	 0.00255824	0.00534463
4355 	 570 	 0.851208 	 0.00256616	0.00536118
4355 	 575 	 0.851274 	 0.0025741	0.00537775
4355 	 580 	 0.851338 	 0.00258204	0.00539434
4355 	 585 	 0.851402 	 0.00258998	0.00541095
4355 	 590 	 0.851465 	 0.00259793	0.00542756
4355 	 595 	 0.851527 	 0.00260589	0.00544417
4355 	 600 	 0.851588 	 0.00261384	0.00546079
4355 	 605 	 0.851648 	 0.0026218	0.00547741
4355 	 610 	 0.851707 	 0.00262975	0.00549402
4355 	 615 	 0.851766 	 0.00263769	0.00551062
4355 	 620 	 0.851823 	 0.00264563	0.00552721
4355 	 625 	 0.85188 	 0.00265356	0.00554378
4355 	 630 	 0.851935 	 0.00266149	0.00556033
4355 	 635 	 0.85199 	 0.0026694	0.00557687
4355 	 640 	 0.852045 	 0.0026773	0.00559338
4355 	 645 	 0.852098 	 0.00268519	0.00560986
4355 	 650 	 0.852151 	 0.00269307	0.00562632
4355 	 655 	 0.852203 	 0.00270093	0.00564274
4355 	 660 	 0.852254 	 0.00270878	0.00565914
4355 	 665 	 0.852305 	 0.00271661	0.0056755
4355 	 670 	 0.852355 	 0.00272443	0.00569183
4355 	 675 	 0.852404 	 0.00273222	0.00570811
4355 	 680 	 0.852453 	 0.00274	0.00572436
4355 	 685 	 0.8525 	 0.00274776	0.00574057
4355 	 690 	 0.852548 	 0.0027555	0.00575674
4355 	 695 	 0.852594 	 0.00276322	0.00577286
4355 	 700 	 0.852641 	 0.00277091	0.00578894
4355 	 705 	 0.852686 	 0.00277859	0.00580497
4355 	 710 	 0.852731 	 0.00278624	0.00582096
4355 	 715 	 0.852775 	 0.00279387	0.0058369
4355 	 720 	 0.852819 	 0.00280147	0.00585278
4355 	 725 	 0.852862 	 0.00280905	0.00586862
4355 	 730 	 0.852905 	 0.00281661	0.00588441
4355 	 735 	 0.852947 	 0.00282414	0.00590015
4355 	 740 	 0.852989 	 0.00283165	0.00591583
4355 	 745 	 0.85303 	 0.00283913	0.00593146
4355 	 750 	 0.85307 	 0.00284659	0.00594704
4355 	 755 	 0.853111 	 0.00285402	0.00596256
4355 	 760 	 0.85315 	 0.00286142	0.00597803
4355 	 765 	 0.853189 	 0.0028688	0.00599344
4355 	 770 	 0.853228 	 0.00287615	0.0060088
4355 	 775 	 0.853266 	 0.00288347	0.0060241
4355 	 780 	 0.853304 	 0.00289077	0.00603934
4355 	 785 	 0.853341 	 0.00289804	0.00605453
4355 	 790 	 0.853378 	 0.00290528	0.00606966
4355 	 795 	 0.853415 	 0.00291249	0.00608473
4355 	 800 	 0.853451 	 0.00291968	0.00609974
4355 	 805 	 0.853487 	 0.00292684	0.00611469
4355 	 810 	 0.853522 	 0.00293397	0.00612959
4355 	 815 	 0.853557 	 0.00294107	0.00614442
4355 	 820 	 0.853591 	 0.00294814	0.0061592
4355 	 825 	 0.853625 	 0.00295518	0.00617392
4355 	 830 	 0.853659 	 0.0029622	0.00618858
4355 	 835 	 0.853692 	 0.00296919	0.00620317
4355 	 840 	 0.853725 	 0.00297615	0.00621771
4355 	 845 	 0.853758 	 0.00298308	0.00623219
4355 	 850 	 0.85379 	 0.00298998	0.00624661
4355 	 855 	 0.853822 	 0.00299685	0.00626097
4355 	 860 	 0.853854 	 0.0030037	0.00627527
4355 	 865 	 0.853885 	 0.00301051	0.00628951
4355 	 870 	 0.853916 	 0.0030173	0.00630369
4355 	 875 	 0.853947 	 0.00302406	0.00631781
4355 	 880 	 0.853977 	 0.00303079	0.00633187
4355 	 885 	 0.854007 	 0.00303749	0.00634587
4355 	 890 	 0.854037 	 0.00304416	0.00635981
4355 	 895 	 0.854066 	 0.00305081	0.00637369
4355 	 900 	 0.854095 	 0.00305742	0.00638751
4355 	 905 	 0.854124 	 0.00306401	0.00640128
4355 	 910 	 0.854152 	 0.00307057	0.00641498
4355 	 915 	 0.85418 	 0.0030771	0.00642862
4355 	 920 	 0.854208 	 0.0030836	0.00644221
4355 	 925 	 0.854236 	 0.00309008	0.00645573
4355 	 930 	 0.854263 	 0.00309652	0.0064692
4355 	 935 	 0.85429 	 0.00310294	0.00648261
4355 	 940 	 0.854317 	 0.00310933	0.00649596
4355 	 945 	 0.854344 	 0.00311569	0.00650925
4355 	 950 	 0.85437 	 0.00312203	0.00652249
4355 	 955 	 0.854396 	 0.00312833	0.00653566
4355 	 960 	 0.854422 	 0.00313461	0.00654878
4355 	 965 	 0.854447 	 0.00314087	0.00656184
4355 	 970 	 0.854473 	 0.00314709	0.00657484
4355 	 975 	 0.854498 	 0.00315329	0.00658779
4355 	 980 	 0.854523 	 0.00315946	0.00660068
4355 	 985 	 0.854547 	 0.0031656	0.00661351
4355 	 990 	 0.854572 	 0.00317171	0.00662629
4355 	 995 	 0.854596 	 0.0031778	0.00663901
4355 	 1000 	 0.85462 	 0.00318386	0.00665167
4355 	 1005 	 0.854643 	 0.0031899	0.00666428
4355 	 1010 	 0.854667 	 0.00319591	0.00667683
4355 	 1015 	 0.85469 	 0.00320189	0.00668933
4355 	 1020 	 0.854713 	 0.00320784	0.00670177
4355 	 1025 	 0.854736 	 0.00321377	0.00671416
4355 	 1030 	 0.854759 	 0.00321967	0.00672649
4355 	 1035 	 0.854781 	 0.00322555	0.00673877
4355 	 1040 	 0.854804 	 0.0032314	0.00675099
4355 	 1045 	 0.854826 	 0.00323723	0.00676316
4355 	 1050 	 0.854847 	 0.00324303	0.00677528
4355 	 1055 	 0.854869 	 0.0032488	0.00678734
4355 	 1060 	 0.854891 	 0.00325455	0.00679935
4355 	 1065 	 0.854912 	 0.00326027	0.00681131
4355 	 1070 	 0.854933 	 0.00326597	0.00682321
4355 	 1075 	 0.854954 	 0.00327164	0.00683506
4355 	 1080 	 0.854975 	 0.00327729	0.00684686
4355 	 1085 	 0.854995 	 0.00328292	0.00685861
4355 	 1090 	 0.855016 	 0.00328851	0.00687031
4355 	 1095 	 0.855036 	 0.00329409	0.00688195
4355 	 1100 	 0.855056 	 0.00329964	0.00689355
4355 	 1105 	 0.855076 	 0.00330516	0.00690509
4355 	 1110 	 0.855096 	 0.00331066	0.00691658
4355 	 1115 	 0.855115 	 0.00331614	0.00692802
4355 	 1120 	 0.855135 	 0.0033216	0.00693942
4355 	 1125 	 0.855154 	 0.00332702	0.00695076
4355 	 1130 	 0.855173 	 0.00333243	0.00696205
4355 	 1135 	 0.855192 	 0.00333781	0.0069733
4355 	 1140 	 0.855211 	 0.00334317	0.00698449
4355 	 1145 	 0.855229 	 0.00334851	0.00699564
4355 	 1150 	 0.855248 	 0.00335382	0.00700674
4355 	 1155 	 0.855266 	 0.00335911	0.00701779
4355 	 1160 	 0.855284 	 0.00336438	0.00702879
4355 	 1165 	 0.855302 	 0.00336962	0.00703975
4355 	 1170 	 0.85532 	 0.00337484	0.00705066
4355 	 1175 	 0.855338 	 0.00338004	0.00706152
4355 	 1180 	 0.855356 	 0.00338521	0.00707233
4355 	 1185 	 0.855373 	 0.00339037	0.0070831
4355 	 1190 	 0.85539 	 0.0033955	0.00709382
4355 	 1195 	 0.855408 	 0.00340061	0.00710449
4355 	 1200 	 0.855425 	 0.0034057	0.00711512
4355 	 1205 	 0.855442 	 0.00341076	0.00712571
4355 	 1210 	 0.855458 	 0.00341581	0.00713624
4355 	 1215 	 0.855475 	 0.00342083	0.00714674
4355 	 1220 	 0.855492 	 0.00342583	0.00715719
4355 	 1225 	 0.855508 	 0.00343081	0.00716759
4355 	 1230 	 0.855524 	 0.00343577	0.00717795
4355 	 1235 	 0.855541 	 0.00344071	0.00718827
4355 	 1240 	 0.855557 	 0.00344563	0.00719854
4355 	 1245 	 0.855573 	 0.00345052	0.00720877
4355 	 1250 	 0.855588 	 0.0034554	0.00721895
4355 	 1255 	 0.855604 	 0.00346025	0.0072291
4355 	 1260 	 0.85562 	 0.00346509	0.0072392
4355 	 1265 	 0.855635 	 0.0034699	0.00724925
4355 	 1270 	 0.855651 	 0.00347469	0.00725927
4355 	 1275 	 0.855666 	 0.00347947	0.00726924
4355 	 1280 	 0.855681 	 0.00348422	0.00727917
4355 	 1285 	 0.855696 	 0.00348896	0.00728906
4355 	 1290 	 0.855711 	 0.00349367	0.00729891
4355 	 1295 	 0.855726 	 0.00349836	0.00730872
4355 	 1300 	 0.855741 	 0.00350304	0.00731849
4355 	 1305 	 0.855755 	 0.00350769	0.00732821
4355 	 1310 	 0.85577 	 0.00351233	0.0073379
4355 	 1315 	 0.855784 	 0.00351695	0.00734754
4355 	 1320 	 0.855798 	 0.00352155	0.00735715
4355 	 1325 	 0.855813 	 0.00352613	0.00736672
4355 	 1330 	 0.855827 	 0.00353069	0.00737624
4355 	 1335 	 0.855841 	 0.00353523	0.00738573
4355 	 1340 	 0.855855 	 0.00353975	0.00739518
4355 	 1345 	 0.855869 	 0.00354425	0.00740459
4355 	 1350 	 0.855882 	 0.00354874	0.00741396
4355 	 1355 	 0.855896 	 0.00355321	0.0074233
4355 	 1360 	 0.855909 	 0.00355766	0.00743259
4355 	 1365 	 0.855923 	 0.00356209	0.00744185
4355 	 1370 	 0.855936 	 0.0035665	0.00745107
4355 	 1375 	 0.85595 	 0.0035709	0.00746025
4355 	 1380 	 0.855963 	 0.00357527	0.0074694
4355 	 1385 	 0.855976 	 0.00357963	0.00747851
4355 	 1390 	 0.855989 	 0.00358398	0.00748758
4355 	 1395 	 0.856002 	 0.0035883	0.00749662
4355 	 1400 	 0.856015 	 0.00359261	0.00750562
4355 	 1405 	 0.856027 	 0.0035969	0.00751458
4355 	 1410 	 0.85604 	 0.00360117	0.00752351
4355 	 1415 	 0.856053 	 0.00360543	0.0075324
4355 	 1420 	 0.856065 	 0.00360967	0.00754126
4355 	 1425 	 0.856078 	 0.00361389	0.00755008
4355 	 1430 	 0.85609 	 0.0036181	0.00755886
4355 	 1435 	 0.856102 	 0.00362229	0.00756761
4355 	 1440 	 0.856114 	 0.00362646	0.00757633
4355 	 1445 	 0.856126 	 0.00363061	0.00758501
4355 	 1450 	 0.856138 	 0.00363475	0.00759366
4355 	 1455 	 0.85615 	 0.00363888	0.00760228
4355 	 1460 	 0.856162 	 0.00364298	0.00761086
4355 	 1465 	 0.856174 	 0.00364707	0.0076194
4355 	 1470 	 0.856186 	 0.00365115	0.00762792
4355 	 1475 	 0.856197 	 0.00365521	0.0076364
4355 	 1480 	 0.856209 	 0.00365925	0.00764484
4355 	 1485 	 0.856221 	 0.00366328	0.00765326
4355 	 1490 	 0.856232 	 0.00366729	0.00766164
4355 	 1495 	 0.856243 	 0.00367129	0.00766999
4355 	 1500 	 0.856255 	 0.00367527	0.0076783
4355 	 1505 	 0.856266 	 0.00367923	0.00768659
4355 	 1510 	 0.856277 	 0.00368318	0.00769484
4355 	 1515 	 0.856288 	 0.00368712	0.00770306
4355 	 1520 	 0.856299 	 0.00369104	0.00771125
4355 	 1525 	 0.85631 	 0.00369494	0.00771941
4355 	 1530 	 0.856321 	 0.00369883	0.00772753
4355 	 1535 	 0.856332 	 0.00370271	0.00773563
4355 	 1540 	 0.856343 	 0.00370657	0.00774369
4355 	 1545 	 0.856353 	 0.00371041	0.00775173
4355 	 1550 	 0.856364 	 0.00371424	0.00775973
4355 	 1555 	 0.856374 	 0.00371806	0.00776771
4355 	 1560 	 0.856385 	 0.00372186	0.00777565
4355 	 1565 	 0.856395 	 0.00372565	0.00778356
4355 	 1570 	 0.856406 	 0.00372942	0.00779145
4355 	 1575 	 0.856416 	 0.00373318	0.0077993
4355 	 1580 	 0.856426 	 0.00373693	0.00780712
4355 	 1585 	 0.856436 	 0.00374066	0.00781492
4355 	 1590 	 0.856447 	 0.00374438	0.00782268
4355 	 1595 	 0.856457 	 0.00374808	0.00783042
4355 	 1600 	 0.856467 	 0.00375177	0.00783813
4355 	 1605 	 0.856477 	 0.00375544	0.00784581
4355 	 1610 	 0.856487 	 0.00375911	0.00785346
4355 	 1615 	 0.856496 	 0.00376276	0.00786108
4355 	 1620 	 0.856506 	 0.00376639	0.00786868
4355 	 1625 	 0.856516 	 0.00377001	0.00787624
4355 	 1630 	 0.856526 	 0.00377362	0.00788378
4355 	 1635 	 0.856535 	 0.00377722	0.00789129
4355 	 1640 	 0.856545 	 0.0037808	0.00789878
4355 	 1645 	 0.856554 	 0.00378437	0.00790623
4355 	 1650 	 0.856564 	 0.00378792	0.00791366
4355 	 1655 	 0.856573 	 0.00379147	0.00792106
4355 	 1660 	 0.856583 	 0.003795	0.00792844
4355 	 1665 	 0.856592 	 0.00379851	0.00793579
4355 	 1670 	 0.856601 	 0.00380202	0.00794311
4355 	 1675 	 0.85661 	 0.00380551	0.0079504
4355 	 1680 	 0.85662 	 0.00380899	0.00795767
4355 	 1685 	 0.856629 	 0.00381245	0.00796491
4355 	 1690 	 0.856638 	 0.00381591	0.00797213
4355 	 1695 	 0.856647 	 0.00381935	0.00797932
4355 	 1700 	 0.856656 	 0.00382278	0.00798648
4355 	 1705 	 0.856665 	 0.0038262	0.00799362
4355 	 1710 	 0.856673 	 0.0038296	0.00800074
4355 	 1715 	 0.856682 	 0.003833	0.00800782
4355 	 1720 	 0.856691 	 0.00383638	0.00801489
4355 	 1725 	 0.8567 	 0.00383974	0.00802193
4355 	 1730 	 0.856708 	 0.0038431	0.00802894
4355 	 1735 	 0.856717 	 0.00384645	0.00803593
4355 	 1740 	 0.856726 	 0.00384978	0.00804289
4355 	 1745 	 0.856734 	 0.0038531	0.00804983
4355 	 1750 	 0.856743 	 0.00385641	0.00805674
4355 	 1755 	 0.856751 	 0.00385971	0.00806364
4355 	 1760 	 0.856759 	 0.003863	0.0080705
4355 	 1765 	 0.856768 	 0.00386627	0.00807734
4355 	 1770 	 0.856776 	 0.00386953	0.00808416
4355 	 1775 	 0.856784 	 0.00387279	0.00809096
4355 	 1780 	 0.856793 	 0.00387603	0.00809773
4355 	 1785 	 0.856801 	 0.00387926	0.00810448
4355 	 1790 	 0.856809 	 0.00388248	0.0081112
4355 	 1795 	 0.856817 	 0.00388568	0.0081179
4355 	 1800 	 0.856825 	 0.00388888	0.00812458
4355 	 1805 	 0.856833 	 0.00389207	0.00813123
4355 	 1810 	 0.856841 	 0.00389524	0.00813787
4355 	 1815 	 0.856849 	 0.0038984	0.00814448
4355 	 1820 	 0.856857 	 0.00390156	0.00815106
4355 	 1825 	 0.856865 	 0.0039047	0.00815763
4355 	 1830 	 0.856873 	 0.00390783	0.00816417
4355 	 1835 	 0.85688 	 0.00391095	0.00817069
4355 	 1840 	 0.856888 	 0.00391406	0.00817719
4355 	 1845 	 0.856896 	 0.00391716	0.00818366
4355 	 1850 	 0.856903 	 0.00392025	0.00819011
4355 	 1855 	 0.856911 	 0.00392333	0.00819655
4355 	 1860 	 0.856919 	 0.0039264	0.00820296
4355 	 1865 	 0.856926 	 0.00392945	0.00820935
4355 	 1870 	 0.856934 	 0.0039325	0.00821571
4355 	 1875 	 0.856941 	 0.00393554	0.00822206
4355 	 1880 	 0.856949 	 0.00393857	0.00822838
4355 	 1885 	 0.856956 	 0.00394158	0.00823469
4355 	 1890 	 0.856963 	 0.00394459	0.00824097
4355 	 1895 	 0.856971 	 0.00394759	0.00824723
4355 	 1900 	 0.856978 	 0.00395057	0.00825347
4355 	 1905 	 0.856985 	 0.00395355	0.00825969
4355 	 1910 	 0.856992 	 0.00395652	0.00826589
4355 	 1915 	 0.857 	 0.00395948	0.00827207
4355 	 1920 	 0.857007 	 0.00396242	0.00827823
4355 	 1925 	 0.857014 	 0.00396536	0.00828437
4355 	 1930 	 0.857021 	 0.00396829	0.00829048
4355 	 1935 	 0.857028 	 0.00397121	0.00829658
4355 	 1940 	 0.857035 	 0.00397412	0.00830266
4355 	 1945 	 0.857042 	 0.00397702	0.00830872
4355 	 1950 	 0.857049 	 0.00397991	0.00831476
4355 	 1955 	 0.857056 	 0.00398279	0.00832078
4355 	 1960 	 0.857063 	 0.00398566	0.00832677
4355 	 1965 	 0.85707 	 0.00398852	0.00833275
4355 	 1970 	 0.857076 	 0.00399138	0.00833872
4355 	 1975 	 0.857083 	 0.00399422	0.00834466
4355 	 1980 	 0.85709 	 0.00399706	0.00835058
4355 	 1985 	 0.857097 	 0.00399988	0.00835648
4355 	 1990 	 0.857103 	 0.0040027	0.00836237
4355 	 1995 	 0.85711 	 0.00400551	0.00836823
4355 	 2000 	 0.857117 	 0.0040083	0.00837408
4355 	 2005 	 0.857123 	 0.00401109	0.00837991
4355 	 2010 	 0.85713 	 0.00401387	0.00838572
4355 	 2015 	 0.857136 	 0.00401665	0.00839151
4355 	 2020 	 0.857143 	 0.00401941	0.00839728
4355 	 2025 	 0.857149 	 0.00402216	0.00840303
4355 	 2030 	 0.857156 	 0.00402491	0.00840877
4355 	 2035 	 0.857162 	 0.00402765	0.00841449
4355 	 2040 	 0.857169 	 0.00403037	0.00842019
4355 	 2045 	 0.857175 	 0.00403309	0.00842587
4355 	 2050 	 0.857181 	 0.0040358	0.00843153
4355 	 2055 	 0.857188 	 0.00403851	0.00843718
4355 	 2060 	 0.857194 	 0.0040412	0.00844281
4355 	 2065 	 0.8572 	 0.00404389	0.00844842
4355 	 2070 	 0.857206 	 0.00404656	0.00845401
4355 	 2075 	 0.857212 	 0.00404923	0.00845959
4355 	 2080 	 0.857219 	 0.00405189	0.00846514
4355 	 2085 	 0.857225 	 0.00405455	0.00847069
4355 	 2090 	 0.857231 	 0.00405719	0.00847621
4355 	 2095 	 0.857237 	 0.00405983	0.00848172
4355 	 2100 	 0.857243 	 0.00406245	0.00848721
4355 	 2105 	 0.857249 	 0.00406507	0.00849268
4355 	 2110 	 0.857255 	 0.00406769	0.00849814
4355 	 2115 	 0.857261 	 0.00407029	0.00850358
4355 	 2120 	 0.857267 	 0.00407289	0.008509
4355 	 2125 	 0.857273 	 0.00407547	0.00851441
4355 	 2130 	 0.857279 	 0.00407805	0.0085198
4355 	 2135 	 0.857285 	 0.00408063	0.00852517
4355 	 2140 	 0.85729 	 0.00408319	0.00853053
4355 	 2145 	 0.857296 	 0.00408575	0.00853587
4355 	 2150 	 0.857302 	 0.00408829	0.00854119
4355 	 2155 	 0.857308 	 0.00409084	0.0085465
4355 	 2160 	 0.857314 	 0.00409337	0.00855179
4355 	 2165 	 0.857319 	 0.00409589	0.00855707
4355 	 2170 	 0.857325 	 0.00409841	0.00856233
4355 	 2175 	 0.857331 	 0.00410092	0.00856757
4355 	 2180 	 0.857336 	 0.00410343	0.0085728
4355 	 2185 	 0.857342 	 0.00410592	0.00857802
4355 	 2190 	 0.857348 	 0.00410841	0.00858321
4355 	 2195 	 0.857353 	 0.00411089	0.0085884
4355 	 2200 	 0.857359 	 0.00411336	0.00859356
4355 	 2205 	 0.857364 	 0.00411583	0.00859872
4355 	 2210 	 0.85737 	 0.00411829	0.00860385
4355 	 2215 	 0.857375 	 0.00412074	0.00860897
4355 	 2220 	 0.857381 	 0.00412318	0.00861408
4355 	 2225 	 0.857386 	 0.00412562	0.00861917
4355 	 2230 	 0.857392 	 0.00412805	0.00862424
4355 	 2235 	 0.857397 	 0.00413047	0.00862931
4355 	 2240 	 0.857402 	 0.00413289	0.00863435
4355 	 2245 	 0.857408 	 0.00413529	0.00863938
4355 	 2250 	 0.857413 	 0.0041377	0.0086444
4355 	 2255 	 0.857418 	 0.00414009	0.0086494
4355 	 2260 	 0.857424 	 0.00414248	0.00865439
4355 	 2265 	 0.857429 	 0.00414486	0.00865936
4355 	 2270 	 0.857434 	 0.00414723	0.00866432
4355 	 2275 	 0.857439 	 0.0041496	0.00866926
4355 	 2280 	 0.857444 	 0.00415196	0.00867419
4355 	 2285 	 0.85745 	 0.00415431	0.00867911
4355 	 2290 	 0.857455 	 0.00415665	0.00868401
4355 	 2295 	 0.85746 	 0.00415899	0.00868889
4355 	 2300 	 0.857465 	 0.00416133	0.00869377
4355 	 2305 	 0.85747 	 0.00416365	0.00869863
4355 	 2310 	 0.857475 	 0.00416597	0.00870347
4355 	 2315 	 0.85748 	 0.00416828	0.0087083
4355 	 2320 	 0.857485 	 0.00417059	0.00871312
4355 	 2325 	 0.85749 	 0.00417289	0.00871792
4355 	 2330 	 0.857495 	 0.00417518	0.00872271
4355 	 2335 	 0.8575 	 0.00417747	0.00872749
4355 	 2340 	 0.857505 	 0.00417975	0.00873225
4355 	 2345 	 0.85751 	 0.00418202	0.008737
4355 	 2350 	 0.857515 	 0.00418429	0.00874173
4355 	 2355 	 0.85752 	 0.00418655	0.00874646
4355 	 2360 	 0.857525 	 0.0041888	0.00875116
4355 	 2365 	 0.85753 	 0.00419105	0.00875586
4355 	 2370 	 0.857535 	 0.00419329	0.00876054
4355 	 2375 	 0.857539 	 0.00419552	0.00876521
4355 	 2380 	 0.857544 	 0.00419775	0.00876987
4355 	 2385 	 0.857549 	 0.00419997	0.00877451
4355 	 2390 	 0.857554 	 0.00420219	0.00877914
4355 	 2395 	 0.857559 	 0.0042044	0.00878376
4355 	 2400 	 0.857563 	 0.0042066	0.00878836
4355 	 2405 	 0.857568 	 0.0042088	0.00879295
4355 	 2410 	 0.857573 	 0.00421099	0.00879753
4355 	 2415 	 0.857577 	 0.00421318	0.0088021
4355 	 2420 	 0.857582 	 0.00421536	0.00880665
4355 	 2425 	 0.857587 	 0.00421753	0.00881119
4355 	 2430 	 0.857591 	 0.0042197	0.00881572
4355 	 2435 	 0.857596 	 0.00422186	0.00882024
4355 	 2440 	 0.8576 	 0.00422402	0.00882474
4355 	 2445 	 0.857605 	 0.00422617	0.00882923
4355 	 2450 	 0.85761 	 0.00422831	0.00883371
4355 	 2455 	 0.857614 	 0.00423045	0.00883818
4355 	 2460 	 0.857619 	 0.00423258	0.00884263
4355 	 2465 	 0.857623 	 0.00423471	0.00884707
4355 	 2470 	 0.857628 	 0.00423683	0.0088515
4355 	 2475 	 0.857632 	 0.00423894	0.00885592
4355 	 2480 	 0.857636 	 0.00424105	0.00886033
4355 	 2485 	 0.857641 	 0.00424315	0.00886472
4355 	 2490 	 0.857645 	 0.00424525	0.0088691
4355 	 2495 	 0.85765 	 0.00424734	0.00887347
4355 	 2500 	 0.857654 	 0.00424943	0.00887783
4355 	 2505 	 0.857658 	 0.00425151	0.00888218
4355 	 2510 	 0.857663 	 0.00425359	0.00888652
4355 	 2515 	 0.857667 	 0.00425566	0.00889084
4355 	 2520 	 0.857671 	 0.00425772	0.00889515
4355 	 2525 	 0.857676 	 0.00425978	0.00889945
4355 	 2530 	 0.85768 	 0.00426183	0.00890374
4355 	 2535 	 0.857684 	 0.00426388	0.00890802
4355 	 2540 	 0.857689 	 0.00426592	0.00891229
4355 	 2545 	 0.857693 	 0.00426796	0.00891654
4355 	 2550 	 0.857697 	 0.00426999	0.00892078
4355 	 2555 	 0.857701 	 0.00427201	0.00892502
4355 	 2560 	 0.857705 	 0.00427403	0.00892924
4355 	 2565 	 0.85771 	 0.00427605	0.00893345
4355 	 2570 	 0.857714 	 0.00427806	0.00893765
4355 	 2575 	 0.857718 	 0.00428006	0.00894183
4355 	 2580 	 0.857722 	 0.00428206	0.00894601
4355 	 2585 	 0.857726 	 0.00428406	0.00895018
4355 	 2590 	 0.85773 	 0.00428605	0.00895433
4355 	 2595 	 0.857734 	 0.00428803	0.00895848
4355 	 2600 	 0.857738 	 0.00429001	0.00896261
4355 	 2605 	 0.857743 	 0.00429198	0.00896673
4355 	 2610 	 0.857747 	 0.00429395	0.00897084
4355 	 2615 	 0.857751 	 0.00429591	0.00897495
4355 	 2620 	 0.857755 	 0.00429787	0.00897904
4355 	 2625 	 0.857759 	 0.00429982	0.00898312
4355 	 2630 	 0.857763 	 0.00430177	0.00898718
4355 	 2635 	 0.857767 	 0.00430371	0.00899124
4355 	 2640 	 0.857771 	 0.00430565	0.00899529
4355 	 2645 	 0.857775 	 0.00430759	0.00899933
4355 	 2650 	 0.857778 	 0.00430951	0.00900336
4355 	 2655 	 0.857782 	 0.00431144	0.00900737
4355 	 2660 	 0.857786 	 0.00431335	0.00901138
4355 	 2665 	 0.85779 	 0.00431527	0.00901538
4355 	 2670 	 0.857794 	 0.00431717	0.00901936
4355 	 2675 	 0.857798 	 0.00431908	0.00902334
4355 	 2680 	 0.857802 	 0.00432098	0.00902731
4355 	 2685 	 0.857806 	 0.00432287	0.00903126
4355 	 2690 	 0.857809 	 0.00432476	0.00903521
4355 	 2695 	 0.857813 	 0.00432664	0.00903915
4355 	 2700 	 0.857817 	 0.00432852	0.00904307
4355 	 2705 	 0.857821 	 0.0043304	0.00904699
4355 	 2710 	 0.857825 	 0.00433227	0.00905089
4355 	 2715 	 0.857828 	 0.00433413	0.00905479
4355 	 2720 	 0.857832 	 0.00433599	0.00905868
4355 	 2725 	 0.857836 	 0.00433785	0.00906255
4355 	 2730 	 0.85784 	 0.0043397	0.00906642
4355 	 2735 	 0.857843 	 0.00434154	0.00907028
4355 	 2740 	 0.857847 	 0.00434339	0.00907413
4355 	 2745 	 0.857851 	 0.00434522	0.00907796
4355 	 2750 	 0.857854 	 0.00434706	0.00908179
4355 	 2755 	 0.857858 	 0.00434888	0.00908561
4355 	 2760 	 0.857862 	 0.00435071	0.00908942
4355 	 2765 	 0.857865 	 0.00435253	0.00909322
4355 	 2770 	 0.857869 	 0.00435434	0.00909701
4355 	 2775 	 0.857873 	 0.00435615	0.00910079
4355 	 2780 	 0.857876 	 0.00435796	0.00910457
4355 	 2785 	 0.85788 	 0.00435976	0.00910833
4355 	 2790 	 0.857883 	 0.00436155	0.00911208
4355 	 2795 	 0.857887 	 0.00436335	0.00911583
4355 	 2800 	 0.85789 	 0.00436513	0.00911956
4355 	 2805 	 0.857894 	 0.00436692	0.00912329
4355 	 2810 	 0.857898 	 0.0043687	0.009127
4355 	 2815 	 0.857901 	 0.00437047	0.00913071
4355 	 2820 	 0.857905 	 0.00437224	0.00913441
4355 	 2825 	 0.857908 	 0.00437401	0.0091381
4355 	 2830 	 0.857912 	 0.00437577	0.00914178
4355 	 2835 	 0.857915 	 0.00437753	0.00914545
4355 	 2840 	 0.857918 	 0.00437928	0.00914911
4355 	 2845 	 0.857922 	 0.00438103	0.00915277
4355 	 2850 	 0.857925 	 0.00438277	0.00915641
4355 	 2855 	 0.857929 	 0.00438451	0.00916005
4355 	 2860 	 0.857932 	 0.00438625	0.00916367
4355 	 2865 	 0.857936 	 0.00438798	0.00916729
4355 	 2870 	 0.857939 	 0.00438971	0.0091709
4355 	 2875 	 0.857942 	 0.00439143	0.0091745
4355 	 2880 	 0.857946 	 0.00439315	0.0091781
4355 	 2885 	 0.857949 	 0.00439487	0.00918168
4355 	 2890 	 0.857952 	 0.00439658	0.00918526
4355 	 2895 	 0.857956 	 0.00439829	0.00918882
4355 	 2900 	 0.857959 	 0.00439999	0.00919238
4355 	 2905 	 0.857962 	 0.00440169	0.00919593
4355 	 2910 	 0.857966 	 0.00440338	0.00919947
4355 	 2915 	 0.857969 	 0.00440508	0.00920301
4355 	 2920 	 0.857972 	 0.00440676	0.00920653
4355 	 2925 	 0.857976 	 0.00440845	0.00921005
4355 	 2930 	 0.857979 	 0.00441012	0.00921355
4355 	 2935 	 0.857982 	 0.0044118	0.00921705
4355 	 2940 	 0.857985 	 0.00441347	0.00922054
4355 	 2945 	 0.857989 	 0.00441514	0.00922403
4355 	 2950 	 0.857992 	 0.0044168	0.0092275
4355 	 2955 	 0.857995 	 0.00441846	0.00923097
4355 	 2960 	 0.857998 	 0.00442012	0.00923443
4355 	 2965 	 0.858001 	 0.00442177	0.00923788
4355 	 2970 	 0.858005 	 0.00442342	0.00924132
4355 	 2975 	 0.858008 	 0.00442506	0.00924476
4355 	 2980 	 0.858011 	 0.0044267	0.00924818
4355 	 2985 	 0.858014 	 0.00442834	0.0092516
4355 	 2990 	 0.858017 	 0.00442997	0.00925501
4355 	 2995 	 0.85802 	 0.0044316	0.00925841
4355 	 3000 	 0.858024 	 0.00443322	0.00926181
4355 	 3005 	 0.858027 	 0.00443484	0.00926519
4355 	 3010 	 0.85803 	 0.00443646	0.00926857
4355 	 3015 	 0.858033 	 0.00443807	0.00927194
4355 	 3020 	 0.858036 	 0.00443968	0.00927531
4355 	 3025 	 0.858039 	 0.00444129	0.00927866
4355 	 3030 	 0.858042 	 0.00444289	0.00928201
4355 	 3035 	 0.858045 	 0.00444449	0.00928535
4355 	 3040 	 0.858048 	 0.00444609	0.00928868
4355 	 3045 	 0.858051 	 0.00444768	0.00929201
4355 	 3050 	 0.858054 	 0.00444927	0.00929533
4355 	 3055 	 0.858057 	 0.00445085	0.00929864
4355 	 3060 	 0.85806 	 0.00445243	0.00930194
4355 	 3065 	 0.858063 	 0.00445401	0.00930523
4355 	 3070 	 0.858066 	 0.00445558	0.00930852
4355 	 3075 	 0.858069 	 0.00445715	0.0093118
4355 	 3080 	 0.858072 	 0.00445872	0.00931507
4355 	 3085 	 0.858075 	 0.00446028	0.00931834
4355 	 3090 	 0.858078 	 0.00446184	0.00932159
4355 	 3095 	 0.858081 	 0.00446339	0.00932484
4355 	 3100 	 0.858084 	 0.00446495	0.00932809
4355 	 3105 	 0.858087 	 0.0044665	0.00933132
4355 	 3110 	 0.85809 	 0.00446804	0.00933455
4355 	 3115 	 0.858093 	 0.00446958	0.00933777
4355 	 3120 	 0.858096 	 0.00447112	0.00934099
4355 	 3125 	 0.858099 	 0.00447266	0.00934419
4355 	 3130 	 0.858102 	 0.00447419	0.00934739
4355 	 3135 	 0.858105 	 0.00447571	0.00935058
4355 	 3140 	 0.858107 	 0.00447724	0.00935377
4355 	 3145 	 0.85811 	 0.00447876	0.00935695
4355 	 3150 	 0.858113 	 0.00448028	0.00936012
4355 	 3155 	 0.858116 	 0.00448179	0.00936328
4355 	 3160 	 0.858119 	 0.0044833	0.00936644
4355 	 3165 	 0.858122 	 0.00448481	0.00936959
4355 	 3170 	 0.858124 	 0.00448632	0.00937273
4355 	 3175 	 0.858127 	 0.00448782	0.00937587
4355 	 3180 	 0.85813 	 0.00448931	0.009379
4355 	 3185 	 0.858133 	 0.00449081	0.00938212
4355 	 3190 	 0.858136 	 0.0044923	0.00938523
4355 	 3195 	 0.858138 	 0.00449379	0.00938834
4355 	 3200 	 0.858141 	 0.00449527	0.00939144
4355 	 3205 	 0.858144 	 0.00449675	0.00939454
4355 	 3210 	 0.858147 	 0.00449823	0.00939763
4355 	 3215 	 0.85815 	 0.00449971	0.00940071
4355 	 3220 	 0.858152 	 0.00450118	0.00940378
4355 	 3225 	 0.858155 	 0.00450265	0.00940685
4355 	 3230 	 0.858158 	 0.00450411	0.00940991
4355 	 3235 	 0.85816 	 0.00450557	0.00941296
4355 	 3240 	 0.858163 	 0.00450703	0.00941601
4355 	 3245 	 0.858166 	 0.00450849	0.00941905
4355 	 3250 	 0.858169 	 0.00450994	0.00942209
4355 	 3255 	 0.858171 	 0.00451139	0.00942512
4355 	 3260 	 0.858174 	 0.00451284	0.00942814
4355 	 3265 	 0.858177 	 0.00451428	0.00943115
4355 	 3270 	 0.858179 	 0.00451572	0.00943416
4355 	 3275 	 0.858182 	 0.00451716	0.00943716
4355 	 3280 	 0.858185 	 0.00451859	0.00944016
4355 	 3285 	 0.858187 	 0.00452002	0.00944315
4355 	 3290 	 0.85819 	 0.00452145	0.00944613
4355 	 3295 	 0.858193 	 0.00452287	0.00944911
4355 	 3300 	 0.858195 	 0.0045243	0.00945208
4355 	 3305 	 0.858198 	 0.00452571	0.00945504
4355 	 3310 	 0.8582 	 0.00452713	0.009458
4355 	 3315 	 0.858203 	 0.00452854	0.00946095
4355 	 3320 	 0.858206 	 0.00452995	0.00946389
4355 	 3325 	 0.858208 	 0.00453136	0.00946683
4355 	 3330 	 0.858211 	 0.00453276	0.00946976
4355 	 3335 	 0.858213 	 0.00453416	0.00947269
4355 	 3340 	 0.858216 	 0.00453556	0.00947561
4355 	 3345 	 0.858218 	 0.00453695	0.00947852
4355 	 3350 	 0.858221 	 0.00453835	0.00948143
4355 	 3355 	 0.858223 	 0.00453973	0.00948433
4355 	 3360 	 0.858226 	 0.00454112	0.00948723
4355 	 3365 	 0.858229 	 0.0045425	0.00949012
4355 	 3370 	 0.858231 	 0.00454388	0.009493
4355 	 3375 	 0.858234 	 0.00454526	0.00949588
4355 	 3380 	 0.858236 	 0.00454663	0.00949875
4355 	 3385 	 0.858239 	 0.00454801	0.00950161
4355 	 3390 	 0.858241 	 0.00454937	0.00950447
4355 	 3395 	 0.858244 	 0.00455074	0.00950732
4355 	 3400 	 0.858246 	 0.0045521	0.00951017
4355 	 3405 	 0.858249 	 0.00455346	0.00951301
4355 	 3410 	 0.858251 	 0.00455482	0.00951585
4355 	 3415 	 0.858253 	 0.00455617	0.00951868
4355 	 3420 	 0.858256 	 0.00455753	0.0095215
4355 	 3425 	 0.858258 	 0.00455887	0.00952432
4355 	 3430 	 0.858261 	 0.00456022	0.00952713
4355 	 3435 	 0.858263 	 0.00456156	0.00952994
4355 	 3440 	 0.858266 	 0.0045629	0.00953274
4355 	 3445 	 0.858268 	 0.00456424	0.00953553
4355 	 3450 	 0.858271 	 0.00456558	0.00953832
4355 	 3455 	 0.858273 	 0.00456691	0.0095411
4355 	 3460 	 0.858275 	 0.00456824	0.00954388
4355 	 3465 	 0.858278 	 0.00456956	0.00954665
4355 	 3470 	 0.85828 	 0.00457089	0.00954942
4355 	 3475 	 0.858283 	 0.00457221	0.00955218
4355 	 3480 	 0.858285 	 0.00457353	0.00955493
4355 	 3485 	 0.858287 	 0.00457484	0.00955768
4355 	 3490 	 0.85829 	 0.00457616	0.00956042
4355 	 3495 	 0.858292 	 0.00457747	0.00956316
4355 	 3500 	 0.858294 	 0.00457877	0.00956589
4355 	 3505 	 0.858297 	 0.00458008	0.00956862
4355 	 3510 	 0.858299 	 0.00458138	0.00957134
4355 	 3515 	 0.858301 	 0.00458268	0.00957406
4355 	 3520 	 0.858304 	 0.00458398	0.00957677
4355 	 3525 	 0.858306 	 0.00458527	0.00957947
4355 	 3530 	 0.858308 	 0.00458657	0.00958217
4355 	 3535 	 0.858311 	 0.00458786	0.00958487
4355 	 3540 	 0.858313 	 0.00458914	0.00958755
4355 	 3545 	 0.858315 	 0.00459043	0.00959024
4355 	 3550 	 0.858318 	 0.00459171	0.00959291
4355 	 3555 	 0.85832 	 0.00459299	0.00959559
4355 	 3560 	 0.858322 	 0.00459426	0.00959825
4355 	 3565 	 0.858324 	 0.00459554	0.00960091
4355 	 3570 	 0.858327 	 0.00459681	0.00960357
4355 	 3575 	 0.858329 	 0.00459808	0.00960622
4355 	 3580 	 0.858331 	 0.00459934	0.00960887
4355 	 3585 	 0.858333 	 0.00460061	0.00961151
4355 	 3590 	 0.858336 	 0.00460187	0.00961414
4355 	 3595 	 0.858338 	 0.00460313	0.00961677
4355 	 3600 	 0.85834 	 0.00460438	0.0096194
4355 	 3605 	 0.858342 	 0.00460564	0.00962202
4355 	 3610 	 0.858345 	 0.00460689	0.00962463
4355 	 3615 	 0.858347 	 0.00460814	0.00962724
4355 	 3620 	 0.858349 	 0.00460938	0.00962984
4355 	 3625 	 0.858351 	 0.00461063	0.00963244
4355 	 3630 	 0.858353 	 0.00461187	0.00963504
4355 	 3635 	 0.858356 	 0.00461311	0.00963762
4355 	 3640 	 0.858358 	 0.00461435	0.00964021
4355 	 3645 	 0.85836 	 0.00461558	0.00964279
4355 	 3650 	 0.858362 	 0.00461681	0.00964536
4355 	 3655 	 0.858364 	 0.00461804	0.00964793
4355 	 3660 	 0.858366 	 0.00461927	0.00965049
4355 	 3665 	 0.858369 	 0.00462049	0.00965305
4355 	 3670 	 0.858371 	 0.00462171	0.0096556
4355 	 3675 	 0.858373 	 0.00462293	0.00965815
4355 	 3680 	 0.858375 	 0.00462415	0.00966069
4355 	 3685 	 0.858377 	 0.00462537	0.00966323
4355 	 3690 	 0.858379 	 0.00462658	0.00966577
4355 	 3695 	 0.858381 	 0.00462779	0.00966829
4355 	 3700 	 0.858384 	 0.004629	0.00967082
4355 	 3705 	 0.858386 	 0.0046302	0.00967334
4355 	 3710 	 0.858388 	 0.00463141	0.00967585
4355 	 3715 	 0.85839 	 0.00463261	0.00967836
4355 	 3720 	 0.858392 	 0.00463381	0.00968086
4355 	 3725 	 0.858394 	 0.004635	0.00968336
4355 	 3730 	 0.858396 	 0.0046362	0.00968586
4355 	 3735 	 0.858398 	 0.00463739	0.00968835
4355 	 3740 	 0.8584 	 0.00463858	0.00969083
4355 	 3745 	 0.858402 	 0.00463976	0.00969331
4355 	 3750 	 0.858405 	 0.00464095	0.00969579
4355 	 3755 	 0.858407 	 0.00464213	0.00969826
4355 	 3760 	 0.858409 	 0.00464331	0.00970073
4355 	 3765 	 0.858411 	 0.00464449	0.00970319
4355 	 3770 	 0.858413 	 0.00464567	0.00970564
4355 	 3775 	 0.858415 	 0.00464684	0.0097081
4355 	 3780 	 0.858417 	 0.00464801	0.00971054
4355 	 3785 	 0.858419 	 0.00464918	0.00971299
4355 	 3790 	 0.858421 	 0.00465035	0.00971542
4355 	 3795 	 0.858423 	 0.00465151	0.00971786
4355 	 3800 	 0.858425 	 0.00465268	0.00972029
4355 	 3805 	 0.858427 	 0.00465384	0.00972271
4355 	 3810 	 0.858429 	 0.00465499	0.00972513
4355 	 3815 	 0.858431 	 0.00465615	0.00972755
4355 	 3820 	 0.858433 	 0.0046573	0.00972996
4355 	 3825 	 0.858435 	 0.00465846	0.00973236
4355 	 3830 	 0.858437 	 0.0046596	0.00973476
4355 	 3835 	 0.858439 	 0.00466075	0.00973716
4355 	 3840 	 0.858441 	 0.0046619	0.00973955
4355 	 3845 	 0.858443 	 0.00466304	0.00974194
4355 	 3850 	 0.858445 	 0.00466418	0.00974432
4355 	 3855 	 0.858447 	 0.00466532	0.0097467
4355 	 3860 	 0.858449 	 0.00466646	0.00974908
4355 	 3865 	 0.858451 	 0.00466759	0.00975145
4355 	 3870 	 0.858453 	 0.00466872	0.00975381
4355 	 3875 	 0.858455 	 0.00466985	0.00975618
4355 	 3880 	 0.858457 	 0.00467098	0.00975853
4355 	 3885 	 0.858459 	 0.00467211	0.00976089
4355 	 3890 	 0.85846 	 0.00467323	0.00976323
4355 	 3895 	 0.858462 	 0.00467435	0.00976558
4355 	 3900 	 0.858464 	 0.00467547	0.00976792
4355 	 3905 	 0.858466 	 0.00467659	0.00977025
4355 	 3910 	 0.858468 	 0.00467771	0.00977258
4355 	 3915 	 0.85847 	 0.00467882	0.00977491
4355 	 3920 	 0.858472 	 0.00467993	0.00977723
4355 	 3925 	 0.858474 	 0.00468104	0.00977955
4355 	 3930 	 0.858476 	 0.00468215	0.00978187
4355 	 3935 	 0.858478 	 0.00468326	0.00978417
4355 	 3940 	 0.85848 	 0.00468436	0.00978648
4355 	 3945 	 0.858481 	 0.00468546	0.00978878
4355 	 3950 	 0.858483 	 0.00468656	0.00979108
4355 	 3955 	 0.858485 	 0.00468766	0.00979337
4355 	 3960 	 0.858487 	 0.00468875	0.00979566
4355 	 3965 	 0.858489 	 0.00468985	0.00979794
4355 	 3970 	 0.858491 	 0.00469094	0.00980022
4355 	 3975 	 0.858493 	 0.00469203	0.0098025
4355 	 3980 	 0.858495 	 0.00469312	0.00980477
4355 	 3985 	 0.858496 	 0.0046942	0.00980704
4355 	 3990 	 0.858498 	 0.00469528	0.0098093
4355 	 3995 	 0.8585 	 0.00469637	0.00981156
4355 	 4000 	 0.858502 	 0.00469745	0.00981382
4355 	 4005 	 0.858504 	 0.00469852	0.00981607
4355 	 4010 	 0.858506 	 0.0046996	0.00981832
4355 	 4015 	 0.858507 	 0.00470067	0.00982056
4355 	 4020 	 0.858509 	 0.00470174	0.0098228
4355 	 4025 	 0.858511 	 0.00470281	0.00982504
4355 	 4030 	 0.858513 	 0.00470388	0.00982727
4355 	 4035 	 0.858515 	 0.00470495	0.0098295
4355 	 4040 	 0.858516 	 0.00470601	0.00983172
4355 	 4045 	 0.858518 	 0.00470708	0.00983394
4355 	 4050 	 0.85852 	 0.00470814	0.00983615
4355 	 4055 	 0.858522 	 0.00470919	0.00983836
4355 	 4060 	 0.858524 	 0.00471025	0.00984057
4355 	 4065 	 0.858525 	 0.00471131	0.00984278
4355 	 4070 	 0.858527 	 0.00471236	0.00984498
4355 	 4075 	 0.858529 	 0.00471341	0.00984717
4355 	 4080 	 0.858531 	 0.00471446	0.00984936
4355 	 4085 	 0.858533 	 0.00471551	0.00985155
4355 	 4090 	 0.858534 	 0.00471655	0.00985373
4355 	 4095 	 0.858536 	 0.00471759	0.00985591
4355 	 4100 	 0.858538 	 0.00471864	0.00985809
4355 	 4105 	 0.85854 	 0.00471968	0.00986026
4355 	 4110 	 0.858541 	 0.00472071	0.00986243
4355 	 4115 	 0.858543 	 0.00472175	0.0098646
4355 	 4120 	 0.858545 	 0.00472278	0.00986676
4355 	 4125 	 0.858547 	 0.00472382	0.00986892
4355 	 4130 	 0.858548 	 0.00472485	0.00987107
4355 	 4135 	 0.85855 	 0.00472588	0.00987322
4355 	 4140 	 0.858552 	 0.0047269	0.00987536
4355 	 4145 	 0.858553 	 0.00472793	0.00987751
4355 	 4150 	 0.858555 	 0.00472895	0.00987964
4355 	 4155 	 0.858557 	 0.00472997	0.00988178
4355 	 4160 	 0.858559 	 0.00473099	0.00988391
4355 	 4165 	 0.85856 	 0.00473201	0.00988604
4355 	 4170 	 0.858562 	 0.00473303	0.00988816
4355 	 4175 	 0.858564 	 0.00473404	0.00989028
4355 	 4180 	 0.858565 	 0.00473506	0.0098924
4355 	 4185 	 0.858567 	 0.00473607	0.00989451
4355 	 4190 	 0.858569 	 0.00473708	0.00989662
4355 	 4195 	 0.85857 	 0.00473808	0.00989872
4355 	 4200 	 0.858572 	 0.00473909	0.00990082
4355 	 4205 	 0.858574 	 0.00474009	0.00990292
4355 	 4210 	 0.858575 	 0.0047411	0.00990502
4355 	 4215 	 0.858577 	 0.0047421	0.00990711
4355 	 4220 	 0.858579 	 0.0047431	0.00990919
4355 	 4225 	 0.85858 	 0.00474409	0.00991128
4355 	 4230 	 0.858582 	 0.00474509	0.00991336
4355 	 4235 	 0.858584 	 0.00474608	0.00991543
4355 	 4240 	 0.858585 	 0.00474708	0.00991751
4355 	 4245 	 0.858587 	 0.00474807	0.00991957
4355 	 4250 	 0.858589 	 0.00474905	0.00992164
4355 	 4255 	 0.85859 	 0.00475004	0.0099237
4355 	 4260 	 0.858592 	 0.00475103	0.00992576
4355 	 4265 	 0.858594 	 0.00475201	0.00992782
4355 	 4270 	 0.858595 	 0.00475299	0.00992987
4355 	 4275 	 0.858597 	 0.00475397	0.00993191
4355 	 4280 	 0.858598 	 0.00475495	0.00993396
4355 	 4285 	 0.8586 	 0.00475593	0.009936
4355 	 4290 	 0.858602 	 0.0047569	0.00993804
4355 	 4295 	 0.858603 	 0.00475788	0.00994007
4355 	 4300 	 0.858605 	 0.00475885	0.0099421
4355 	 4305 	 0.858607 	 0.00475982	0.00994413
4355 	 4310 	 0.858608 	 0.00476079	0.00994615
4355 	 4315 	 0.85861 	 0.00476175	0.00994817
4355 	 4320 	 0.858611 	 0.00476272	0.00995019
4355 	 4325 	 0.858613 	 0.00476368	0.0099522
4355 	 4330 	 0.858615 	 0.00476465	0.00995421
4355 	 4335 	 0.858616 	 0.00476561	0.00995622
4355 	 4340 	 0.858618 	 0.00476657	0.00995822
4355 	 4345 	 0.858619 	 0.00476752	0.00996022
4355 	 4350 	 0.858621 	 0.00476848	0.00996222
4355 	 4355 	 0.858622 	 0.00476943	0.00996421
4355 	 4360 	 0.858624 	 0.00477039	0.0099662
4355 	 4365 	 0.858626 	 0.00477134	0.00996819
4355 	 4370 	 0.858627 	 0.00477229	0.00997017
4355 	 4375 	 0.858629 	 0.00477323	0.00997215
4355 	 4380 	 0.85863 	 0.00477418	0.00997413
4355 	 4385 	 0.858632 	 0.00477512	0.0099761
4355 	 4390 	 0.858633 	 0.00477607	0.00997807
4355 	 4395 	 0.858635 	 0.00477701	0.00998004
4355 	 4400 	 0.858636 	 0.00477795	0.009982
4355 	 4405 	 0.858638 	 0.00477889	0.00998396
4355 	 4410 	 0.858639 	 0.00477982	0.00998592
4355 	 4415 	 0.858641 	 0.00478076	0.00998787
4355 	 4420 	 0.858643 	 0.00478169	0.00998983
4355 	 4425 	 0.858644 	 0.00478262	0.00999177
4355 	 4430 	 0.858646 	 0.00478355	0.00999372
4355 	 4435 	 0.858647 	 0.00478448	0.00999566
4355 	 4440 	 0.858649 	 0.00478541	0.0099976
4355 	 4445 	 0.85865 	 0.00478634	0.00999953
4355 	 4450 	 0.858652 	 0.00478726	0.0100015
4355 	 4455 	 0.858653 	 0.00478818	0.0100034
4355 	 4460 	 0.858655 	 0.00478911	0.0100053
4355 	 4465 	 0.858656 	 0.00479003	0.0100072
4355 	 4470 	 0.858658 	 0.00479094	0.0100092
4355 	 4475 	 0.858659 	 0.00479186	0.0100111
4355 	 4480 	 0.858661 	 0.00479278	0.010013
4355 	 4485 	 0.858662 	 0.00479369	0.0100149
4355 	 4490 	 0.858664 	 0.0047946	0.0100168
4355 	 4495 	 0.858665 	 0.00479551	0.0100187
4355 	 4500 	 0.858667 	 0.00479642	0.0100206
4355 	 4505 	 0.858668 	 0.00479733	0.0100225
4355 	 4510 	 0.858669 	 0.00479824	0.0100244
4355 	 4515 	 0.858671 	 0.00479914	0.0100263
4355 	 4520 	 0.858672 	 0.00480005	0.0100282
4355 	 4525 	 0.858674 	 0.00480095	0.0100301
4355 	 4530 	 0.858675 	 0.00480185	0.0100319
4355 	 4535 	 0.858677 	 0.00480275	0.0100338
4355 	 4540 	 0.858678 	 0.00480365	0.0100357
4355 	 4545 	 0.85868 	 0.00480454	0.0100376
4355 	 4550 	 0.858681 	 0.00480544	0.0100394
4355 	 4555 	 0.858683 	 0.00480633	0.0100413
4355 	 4560 	 0.858684 	 0.00480722	0.0100432
4355 	 4565 	 0.858685 	 0.00480811	0.010045
4355 	 4570 	 0.858687 	 0.004809	0.0100469
4355 	 4575 	 0.858688 	 0.00480989	0.0100487
4355 	 4580 	 0.85869 	 0.00481078	0.0100506
4355 	 4585 	 0.858691 	 0.00481166	0.0100524
4355 	 4590 	 0.858693 	 0.00481254	0.0100543
4355 	 4595 	 0.858694 	 0.00481343	0.0100561
4355 	 4600 	 0.858695 	 0.00481431	0.010058
4355 	 4605 	 0.858697 	 0.00481519	0.0100598
4355 	 4610 	 0.858698 	 0.00481606	0.0100616
4355 	 4615 	 0.8587 	 0.00481694	0.0100635
4355 	 4620 	 0.858701 	 0.00481781	0.0100653
4355 	 4625 	 0.858703 	 0.00481869	0.0100671
4355 	 4630 	 0.858704 	 0.00481956	0.0100689
4355 	 4635 	 0.858705 	 0.00482043	0.0100708
4355 	 4640 	 0.858707 	 0.0048213	0.0100726
4355 	 4645 	 0.858708 	 0.00482217	0.0100744
4355 	 4650 	 0.85871 	 0.00482304	0.0100762
4355 	 4655 	 0.858711 	 0.0048239	0.010078
4355 	 4660 	 0.858712 	 0.00482477	0.0100798
4355 	 4665 	 0.858714 	 0.00482563	0.0100816
4355 	 4670 	 0.858715 	 0.00482649	0.0100834
4355 	 4675 	 0.858716 	 0.00482735	0.0100852
4355 	 4680 	 0.858718 	 0.00482821	0.010087
4355 	 4685 	 0.858719 	 0.00482906	0.0100888
4355 	 4690 	 0.858721 	 0.00482992	0.0100906
4355 	 4695 	 0.858722 	 0.00483077	0.0100924
4355 	 4700 	 0.858723 	 0.00483163	0.0100942
4355 	 4705 	 0.858725 	 0.00483248	0.0100959
4355 	 4710 	 0.858726 	 0.00483333	0.0100977
4355 	 4715 	 0.858727 	 0.00483418	0.0100995
4355 	 4720 	 0.858729 	 0.00483503	0.0101013
4355 	 4725 	 0.85873 	 0.00483587	0.010103
4355 	 4730 	 0.858731 	 0.00483672	0.0101048
4355 	 4735 	 0.858733 	 0.00483756	0.0101066
4355 	 4740 	 0.858734 	 0.00483841	0.0101083
4355 	 4745 	 0.858735 	 0.00483925	0.0101101
4355 	 4750 	 0.858737 	 0.00484009	0.0101118
4355 	 4755 	 0.858738 	 0.00484093	0.0101136
4355 	 4760 	 0.858739 	 0.00484176	0.0101153
4355 	 4765 	 0.858741 	 0.0048426	0.0101171
4355 	 4770 	 0.858742 	 0.00484343	0.0101188
4355 	 4775 	 0.858743 	 0.00484427	0.0101206
4355 	 4780 	 0.858745 	 0.0048451	0.0101223
4355 	 4785 	 0.858746 	 0.00484593	0.010124
4355 	 4790 	 0.858747 	 0.00484676	0.0101258
4355 	 4795 	 0.858749 	 0.00484759	0.0101275
4355 	 4800 	 0.85875 	 0.00484842	0.0101292
4355 	 4805 	 0.858751 	 0.00484924	0.0101309
4355 	 4810 	 0.858753 	 0.00485007	0.0101327
4355 	 4815 	 0.858754 	 0.00485089	0.0101344
4355 	 4820 	 0.858755 	 0.00485171	0.0101361
4355 	 4825 	 0.858757 	 0.00485253	0.0101378
4355 	 4830 	 0.858758 	 0.00485335	0.0101395
4355 	 4835 	 0.858759 	 0.00485417	0.0101412
4355 	 4840 	 0.85876 	 0.00485499	0.010143
4355 	 4845 	 0.858762 	 0.0048558	0.0101447
4355 	 4850 	 0.858763 	 0.00485662	0.0101464
4355 	 4855 	 0.858764 	 0.00485743	0.0101481
4355 	 4860 	 0.858766 	 0.00485824	0.0101498
4355 	 4865 	 0.858767 	 0.00485905	0.0101514
4355 	 4870 	 0.858768 	 0.00485986	0.0101531
4355 	 4875 	 0.858769 	 0.00486067	0.0101548
4355 	 4880 	 0.858771 	 0.00486148	0.0101565
4355 	 4885 	 0.858772 	 0.00486228	0.0101582
4355 	 4890 	 0.858773 	 0.00486309	0.0101599
4355 	 4895 	 0.858774 	 0.00486389	0.0101616
4355 	 4900 	 0.858776 	 0.0048647	0.0101632
4355 	 4905 	 0.858777 	 0.0048655	0.0101649
4355 	 4910 	 0.858778 	 0.0048663	0.0101666
4355 	 4915 	 0.85878 	 0.0048671	0.0101682
4355 	 4920 	 0.858781 	 0.00486789	0.0101699
4355 	 4925 	 0.858782 	 0.00486869	0.0101716
4355 	 4930 	 0.858783 	 0.00486948	0.0101732
4355 	 4935 	 0.858785 	 0.00487028	0.0101749
4355 	 4940 	 0.858786 	 0.00487107	0.0101766
4355 	 4945 	 0.858787 	 0.00487186	0.0101782
4355 	 4950 	 0.858788 	 0.00487265	0.0101799
4355 	 4955 	 0.858789 	 0.00487344	0.0101815
4355 	 4960 	 0.858791 	 0.00487423	0.0101832
4355 	 4965 	 0.858792 	 0.00487502	0.0101848
4355 	 4970 	 0.858793 	 0.0048758	0.0101864
4355 	 4975 	 0.858794 	 0.00487659	0.0101881
4355 	 4980 	 0.858796 	 0.00487737	0.0101897
4355 	 4985 	 0.858797 	 0.00487815	0.0101913
4355 	 4990 	 0.858798 	 0.00487893	0.010193
4355 	 4995 	 0.858799 	 0.00487971	0.0101946
4355 	 5000 	 0.858801 	 0.00488049	0.0101962
