815 	 5 	 0.725148 	 0.00645328	0.0134821
815 	 10 	 0.725746 	 0.00604788	0.0126351
815 	 15 	 0.726877 	 0.00541279	0.0113083
815 	 20 	 0.728978 	 0.00450963	0.00942144
815 	 25 	 0.732752 	 0.00346946	0.00724834
815 	 30 	 0.739144 	 0.00279292	0.00583492
815 	 35 	 0.748961 	 0.00274543	0.00573571
815 	 40 	 0.761983 	 0.00256977	0.00536872
815 	 45 	 0.777273 	 0.00250938	0.00524255
815 	 50 	 0.791382 	 0.00235717	0.00492456
815 	 55 	 0.802022 	 0.00208105	0.00434769
815 	 60 	 0.809202 	 0.00163287	0.00341135
815 	 65 	 0.813804 	 0.00130309	0.00272239
815 	 70 	 0.816768 	 0.0012065	0.00252059
815 	 75 	 0.818774 	 0.00122669	0.00256278
815 	 80 	 0.820239 	 0.00126026	0.0026329
815 	 85 	 0.821399 	 0.00128373	0.00268194
815 	 90 	 0.822384 	 0.00130467	0.00272569
815 	 95 	 0.823262 	 0.00133245	0.00278373
815 	 100 	 0.824071 	 0.0013709	0.00286405
815 	 105 	 0.824829 	 0.00141916	0.00296488
815 	 110 	 0.825549 	 0.00147419	0.00307985
815 	 115 	 0.826236 	 0.00153264	0.00320196
815 	 120 	 0.826895 	 0.00159171	0.00332537
815 	 125 	 0.827527 	 0.00164942	0.00344594
815 	 130 	 0.828134 	 0.00170451	0.00356104
815 	 135 	 0.828719 	 0.00175627	0.00366917
815 	 140 	 0.829281 	 0.00180438	0.00376968
815 	 145 	 0.829823 	 0.00184878	0.00386244
815 	 150 	 0.830345 	 0.00188956	0.00394763
815 	 155 	 0.830848 	 0.0019269	0.00402564
815 	 160 	 0.831333 	 0.00196104	0.00409696
815 	 165 	 0.831801 	 0.00199222	0.00416211
815 	 170 	 0.832252 	 0.0020207	0.00422162
815 	 175 	 0.832687 	 0.00204672	0.00427597
815 	 180 	 0.833107 	 0.0020705	0.00432566
815 	 185 	 0.833513 	 0.00209225	0.0043711
815 	 190 	 0.833905 	 0.00211216	0.00441269
815 	 195 	 0.834283 	 0.00213039	0.00445078
815 	 200 	 0.834649 	 0.00214711	0.0044857
815 	 205 	 0.835003 	 0.00216243	0.00451772
815 	 210 	 0.835346 	 0.00217649	0.00454709
815 	 215 	 0.835677 	 0.00218939	0.00457404
815 	 220 	 0.835998 	 0.00220123	0.00459877
815 	 225 	 0.836309 	 0.00221209	0.00462146
815 	 230 	 0.83661 	 0.00222205	0.00464227
815 	 235 	 0.836902 	 0.00223117	0.00466133
815 	 240 	 0.837185 	 0.00223953	0.00467878
815 	 245 	 0.837459 	 0.00224717	0.00469474
815 	 250 	 0.837726 	 0.00225414	0.00470931
815 	 255 	 0.837984 	 0.00226049	0.00472258
815 	 260 	 0.838235 	 0.00226626	0.00473464
815 	 265 	 0.838479 	 0.0022715	0.00474557
815 	 270 	 0.838715 	 0.00227622	0.00475545
815 	 275 	 0.838945 	 0.00228048	0.00476433
815 	 280 	 0.839169 	 0.00228429	0.00477229
815 	 285 	 0.839387 	 0.00228768	0.00477938
815 	 290 	 0.839598 	 0.00229069	0.00478566
815 	 295 	 0.839804 	 0.00229332	0.00479117
815 	 300 	 0.840005 	 0.00229562	0.00479597
815 	 305 	 0.8402 	 0.00229759	0.00480009
815 	 310 	 0.84039 	 0.00229926	0.00480358
815 	 315 	 0.840575 	 0.00230065	0.00480647
815 	 320 	 0.840756 	 0.00230177	0.00480881
815 	 325 	 0.840932 	 0.00230264	0.00481063
815 	 330 	 0.841104 	 0.00230327	0.00481196
815 	 335 	 0.841271 	 0.00230369	0.00481283
815 	 340 	 0.841435 	 0.0023039	0.00481327
815 	 345 	 0.841594 	 0.00230392	0.00481331
815 	 350 	 0.84175 	 0.00230376	0.00481298
815 	 355 	 0.841902 	 0.00230344	0.0048123
815 	 360 	 0.842051 	 0.00230295	0.00481129
815 	 365 	 0.842196 	 0.00230232	0.00480998
815 	 370 	 0.842338 	 0.00230156	0.00480838
815 	 375 	 0.842476 	 0.00230067	0.00480652
815 	 380 	 0.842612 	 0.00229967	0.00480442
815 	 385 	 0.842744 	 0.00229856	0.0048021
815 	 390 	 0.842874 	 0.00229734	0.00479957
815 	 395 	 0.843001 	 0.00229604	0.00479685
815 	 400 	 0.843125 	 0.00229466	0.00479395
815 	 405 	 0.843247 	 0.00229319	0.0047909
815 	 410 	 0.843366 	 0.00229166	0.00478769
815 	 415 	 0.843482 	 0.00229006	0.00478436
815 	 420 	 0.843596 	 0.00228841	0.0047809
815 	 425 	 0.843708 	 0.0022867	0.00477734
815 	 430 	 0.843818 	 0.00228495	0.00477368
815 	 435 	 0.843925 	 0.00228316	0.00476993
815 	 440 	 0.84403 	 0.00228133	0.00476611
815 	 445 	 0.844134 	 0.00227947	0.00476222
815 	 450 	 0.844235 	 0.00227758	0.00475828
815 	 455 	 0.844334 	 0.00227567	0.00475429
815 	 460 	 0.844431 	 0.00227374	0.00475025
815 	 465 	 0.844527 	 0.00227179	0.00474619
815 	 470 	 0.844621 	 0.00226983	0.00474209
815 	 475 	 0.844713 	 0.00226787	0.00473799
815 	 480 	 0.844803 	 0.00226589	0.00473386
815 	 485 	 0.844892 	 0.00226392	0.00472974
815 	 490 	 0.844979 	 0.00226194	0.00472561
815 	 495 	 0.845064 	 0.00225997	0.00472149
815 	 500 	 0.845148 	 0.002258	0.00471738
815 	 505 	 0.845231 	 0.00225605	0.00471329
815 	 510 	 0.845312 	 0.0022541	0.00470922
815 	 515 	 0.845392 	 0.00225216	0.00470517
815 	 520 	 0.84547 	 0.00225023	0.00470115
815 	 525 	 0.845547 	 0.00224832	0.00469716
815 	 530 	 0.845623 	 0.00224643	0.00469321
815 	 535 	 0.845697 	 0.00224456	0.00468929
815 	 540 	 0.845771 	 0.00224271	0.00468542
815 	 545 	 0.845843 	 0.00224088	0.0046816
815 	 550 	 0.845914 	 0.00223907	0.00467782
815 	 555 	 0.845983 	 0.00223728	0.00467409
815 	 560 	 0.846052 	 0.00223552	0.00467041
815 	 565 	 0.84612 	 0.00223379	0.00466679
815 	 570 	 0.846186 	 0.00223208	0.00466323
815 	 575 	 0.846251 	 0.00223041	0.00465972
815 	 580 	 0.846316 	 0.00222876	0.00465628
815 	 585 	 0.846379 	 0.00222714	0.00465289
815 	 590 	 0.846442 	 0.00222555	0.00464957
815 	 595 	 0.846503 	 0.00222399	0.00464631
815 	 600 	 0.846564 	 0.00222246	0.00464312
815 	 605 	 0.846624 	 0.00222096	0.00464
815 	 610 	 0.846682 	 0.0022195	0.00463694
815 	 615 	 0.84674 	 0.00221807	0.00463395
815 	 620 	 0.846798 	 0.00221667	0.00463103
815 	 625 	 0.846854 	 0.00221531	0.00462818
815 	 630 	 0.846909 	 0.00221397	0.0046254
815 	 635 	 0.846964 	 0.00221268	0.00462269
815 	 640 	 0.847018 	 0.00221141	0.00462005
815 	 645 	 0.847071 	 0.00221019	0.00461748
815 	 650 	 0.847123 	 0.00220899	0.00461498
815 	 655 	 0.847175 	 0.00220783	0.00461256
815 	 660 	 0.847226 	 0.00220671	0.00461021
815 	 665 	 0.847276 	 0.00220561	0.00460793
815 	 670 	 0.847326 	 0.00220456	0.00460572
815 	 675 	 0.847375 	 0.00220354	0.00460359
815 	 680 	 0.847423 	 0.00220255	0.00460152
815 	 685 	 0.847471 	 0.0022016	0.00459953
815 	 690 	 0.847518 	 0.00220068	0.00459762
815 	 695 	 0.847564 	 0.00219979	0.00459577
815 	 700 	 0.84761 	 0.00219894	0.00459399
815 	 705 	 0.847655 	 0.00219813	0.00459229
815 	 710 	 0.8477 	 0.00219734	0.00459065
815 	 715 	 0.847744 	 0.0021966	0.00458909
815 	 720 	 0.847788 	 0.00219588	0.0045876
815 	 725 	 0.847831 	 0.0021952	0.00458617
815 	 730 	 0.847873 	 0.00219455	0.00458482
815 	 735 	 0.847915 	 0.00219394	0.00458353
815 	 740 	 0.847956 	 0.00219335	0.00458232
815 	 745 	 0.847997 	 0.0021928	0.00458117
815 	 750 	 0.848038 	 0.00219229	0.00458008
815 	 755 	 0.848077 	 0.0021918	0.00457907
815 	 760 	 0.848117 	 0.00219135	0.00457812
815 	 765 	 0.848156 	 0.00219092	0.00457724
815 	 770 	 0.848194 	 0.00219053	0.00457642
815 	 775 	 0.848232 	 0.00219017	0.00457567
815 	 780 	 0.84827 	 0.00218984	0.00457498
815 	 785 	 0.848307 	 0.00218954	0.00457435
815 	 790 	 0.848344 	 0.00218927	0.00457379
815 	 795 	 0.84838 	 0.00218903	0.00457329
815 	 800 	 0.848416 	 0.00218882	0.00457285
815 	 805 	 0.848451 	 0.00218864	0.00457247
815 	 810 	 0.848486 	 0.00218849	0.00457215
815 	 815 	 0.848521 	 0.00218836	0.00457189
815 	 820 	 0.848555 	 0.00218827	0.00457169
815 	 825 	 0.848589 	 0.0021882	0.00457155
815 	 830 	 0.848623 	 0.00218816	0.00457146
815 	 835 	 0.848656 	 0.00218815	0.00457144
815 	 840 	 0.848689 	 0.00218816	0.00457146
815 	 845 	 0.848721 	 0.0021882	0.00457155
815 	 850 	 0.848753 	 0.00218827	0.00457169
815 	 855 	 0.848785 	 0.00218836	0.00457188
815 	 860 	 0.848816 	 0.00218848	0.00457212
815 	 865 	 0.848848 	 0.00218862	0.00457242
815 	 870 	 0.848878 	 0.00218879	0.00457277
815 	 875 	 0.848909 	 0.00218898	0.00457318
815 	 880 	 0.848939 	 0.0021892	0.00457363
815 	 885 	 0.848969 	 0.00218944	0.00457413
815 	 890 	 0.848998 	 0.0021897	0.00457468
815 	 895 	 0.849027 	 0.00218999	0.00457528
815 	 900 	 0.849056 	 0.0021903	0.00457593
815 	 905 	 0.849085 	 0.00219063	0.00457663
815 	 910 	 0.849113 	 0.00219099	0.00457737
815 	 915 	 0.849141 	 0.00219137	0.00457816
815 	 920 	 0.849169 	 0.00219176	0.004579
815 	 925 	 0.849196 	 0.00219219	0.00457988
815 	 930 	 0.849223 	 0.00219263	0.0045808
815 	 935 	 0.84925 	 0.00219309	0.00458177
815 	 940 	 0.849277 	 0.00219357	0.00458277
815 	 945 	 0.849303 	 0.00219408	0.00458383
815 	 950 	 0.84933 	 0.0021946	0.00458492
815 	 955 	 0.849355 	 0.00219514	0.00458605
815 	 960 	 0.849381 	 0.0021957	0.00458723
815 	 965 	 0.849407 	 0.00219629	0.00458844
815 	 970 	 0.849432 	 0.00219689	0.00458969
815 	 975 	 0.849457 	 0.0021975	0.00459099
815 	 980 	 0.849481 	 0.00219814	0.00459231
815 	 985 	 0.849506 	 0.00219879	0.00459368
815 	 990 	 0.84953 	 0.00219947	0.00459508
815 	 995 	 0.849554 	 0.00220015	0.00459652
815 	 1000 	 0.849578 	 0.00220086	0.004598
815 	 1005 	 0.849601 	 0.00220158	0.00459951
815 	 1010 	 0.849625 	 0.00220232	0.00460105
815 	 1015 	 0.849648 	 0.00220308	0.00460263
815 	 1020 	 0.849671 	 0.00220385	0.00460424
815 	 1025 	 0.849693 	 0.00220464	0.00460588
815 	 1030 	 0.849716 	 0.00220544	0.00460756
815 	 1035 	 0.849738 	 0.00220625	0.00460927
815 	 1040 	 0.84976 	 0.00220709	0.00461101
815 	 1045 	 0.849782 	 0.00220793	0.00461278
815 	 1050 	 0.849804 	 0.0022088	0.00461458
815 	 1055 	 0.849826 	 0.00220967	0.0046164
815 	 1060 	 0.849847 	 0.00221056	0.00461826
815 	 1065 	 0.849868 	 0.00221146	0.00462015
815 	 1070 	 0.849889 	 0.00221238	0.00462206
815 	 1075 	 0.84991 	 0.00221331	0.00462401
815 	 1080 	 0.849931 	 0.00221425	0.00462598
815 	 1085 	 0.849951 	 0.00221521	0.00462797
815 	 1090 	 0.849971 	 0.00221617	0.00462999
815 	 1095 	 0.849991 	 0.00221715	0.00463204
815 	 1100 	 0.850011 	 0.00221815	0.00463411
815 	 1105 	 0.850031 	 0.00221915	0.00463621
815 	 1110 	 0.850051 	 0.00222017	0.00463833
815 	 1115 	 0.85007 	 0.00222119	0.00464048
815 	 1120 	 0.85009 	 0.00222223	0.00464265
815 	 1125 	 0.850109 	 0.00222328	0.00464484
815 	 1130 	 0.850128 	 0.00222434	0.00464706
815 	 1135 	 0.850146 	 0.00222541	0.00464929
815 	 1140 	 0.850165 	 0.00222649	0.00465155
815 	 1145 	 0.850184 	 0.00222758	0.00465383
815 	 1150 	 0.850202 	 0.00222869	0.00465613
815 	 1155 	 0.85022 	 0.0022298	0.00465845
815 	 1160 	 0.850238 	 0.00223092	0.0046608
815 	 1165 	 0.850256 	 0.00223205	0.00466316
815 	 1170 	 0.850274 	 0.00223319	0.00466554
815 	 1175 	 0.850292 	 0.00223434	0.00466794
815 	 1180 	 0.850309 	 0.00223549	0.00467036
815 	 1185 	 0.850327 	 0.00223666	0.00467279
815 	 1190 	 0.850344 	 0.00223784	0.00467525
815 	 1195 	 0.850361 	 0.00223902	0.00467772
815 	 1200 	 0.850378 	 0.00224021	0.00468021
815 	 1205 	 0.850395 	 0.00224141	0.00468271
815 	 1210 	 0.850411 	 0.00224262	0.00468524
815 	 1215 	 0.850428 	 0.00224383	0.00468778
815 	 1220 	 0.850445 	 0.00224506	0.00469033
815 	 1225 	 0.850461 	 0.00224629	0.0046929
815 	 1230 	 0.850477 	 0.00224752	0.00469549
815 	 1235 	 0.850493 	 0.00224877	0.00469809
815 	 1240 	 0.850509 	 0.00225002	0.0047007
815 	 1245 	 0.850525 	 0.00225128	0.00470333
815 	 1250 	 0.850541 	 0.00225254	0.00470597
815 	 1255 	 0.850556 	 0.00225381	0.00470863
815 	 1260 	 0.850572 	 0.00225509	0.0047113
815 	 1265 	 0.850587 	 0.00225638	0.00471398
815 	 1270 	 0.850603 	 0.00225767	0.00471668
815 	 1275 	 0.850618 	 0.00225896	0.00471939
815 	 1280 	 0.850633 	 0.00226027	0.00472211
815 	 1285 	 0.850648 	 0.00226157	0.00472484
815 	 1290 	 0.850663 	 0.00226289	0.00472758
815 	 1295 	 0.850677 	 0.00226421	0.00473034
815 	 1300 	 0.850692 	 0.00226553	0.00473311
815 	 1305 	 0.850707 	 0.00226686	0.00473588
815 	 1310 	 0.850721 	 0.00226819	0.00473867
815 	 1315 	 0.850735 	 0.00226953	0.00474147
815 	 1320 	 0.85075 	 0.00227088	0.00474428
815 	 1325 	 0.850764 	 0.00227223	0.0047471
815 	 1330 	 0.850778 	 0.00227358	0.00474993
815 	 1335 	 0.850792 	 0.00227494	0.00475276
815 	 1340 	 0.850805 	 0.0022763	0.00475561
815 	 1345 	 0.850819 	 0.00227767	0.00475847
815 	 1350 	 0.850833 	 0.00227904	0.00476133
815 	 1355 	 0.850846 	 0.00228042	0.0047642
815 	 1360 	 0.85086 	 0.00228179	0.00476708
815 	 1365 	 0.850873 	 0.00228318	0.00476997
815 	 1370 	 0.850887 	 0.00228456	0.00477287
815 	 1375 	 0.8509 	 0.00228595	0.00477577
815 	 1380 	 0.850913 	 0.00228735	0.00477869
815 	 1385 	 0.850926 	 0.00228875	0.00478161
815 	 1390 	 0.850939 	 0.00229015	0.00478453
815 	 1395 	 0.850952 	 0.00229155	0.00478747
815 	 1400 	 0.850964 	 0.00229296	0.00479041
815 	 1405 	 0.850977 	 0.00229437	0.00479335
815 	 1410 	 0.85099 	 0.00229578	0.00479631
815 	 1415 	 0.851002 	 0.0022972	0.00479926
815 	 1420 	 0.851015 	 0.00229862	0.00480223
815 	 1425 	 0.851027 	 0.00230004	0.0048052
815 	 1430 	 0.851039 	 0.00230146	0.00480818
815 	 1435 	 0.851051 	 0.00230289	0.00481116
815 	 1440 	 0.851063 	 0.00230432	0.00481414
815 	 1445 	 0.851076 	 0.00230575	0.00481713
815 	 1450 	 0.851087 	 0.00230719	0.00482013
815 	 1455 	 0.851099 	 0.00230862	0.00482313
815 	 1460 	 0.851111 	 0.00231006	0.00482614
815 	 1465 	 0.851123 	 0.0023115	0.00482915
815 	 1470 	 0.851135 	 0.00231294	0.00483216
815 	 1475 	 0.851146 	 0.00231439	0.00483518
815 	 1480 	 0.851158 	 0.00231584	0.0048382
815 	 1485 	 0.851169 	 0.00231728	0.00484123
815 	 1490 	 0.85118 	 0.00231873	0.00484426
815 	 1495 	 0.851192 	 0.00232019	0.00484729
815 	 1500 	 0.851203 	 0.00232164	0.00485033
815 	 1505 	 0.851214 	 0.0023231	0.00485337
815 	 1510 	 0.851225 	 0.00232455	0.00485641
815 	 1515 	 0.851236 	 0.00232601	0.00485946
815 	 1520 	 0.851247 	 0.00232747	0.00486251
815 	 1525 	 0.851258 	 0.00232893	0.00486556
815 	 1530 	 0.851269 	 0.00233039	0.00486861
815 	 1535 	 0.85128 	 0.00233185	0.00487167
815 	 1540 	 0.85129 	 0.00233332	0.00487473
815 	 1545 	 0.851301 	 0.00233478	0.00487779
815 	 1550 	 0.851312 	 0.00233625	0.00488085
815 	 1555 	 0.851322 	 0.00233772	0.00488392
815 	 1560 	 0.851333 	 0.00233919	0.00488698
815 	 1565 	 0.851343 	 0.00234065	0.00489005
815 	 1570 	 0.851353 	 0.00234212	0.00489312
815 	 1575 	 0.851363 	 0.00234359	0.0048962
815 	 1580 	 0.851374 	 0.00234507	0.00489927
815 	 1585 	 0.851384 	 0.00234654	0.00490234
815 	 1590 	 0.851394 	 0.00234801	0.00490542
815 	 1595 	 0.851404 	 0.00234948	0.00490849
815 	 1600 	 0.851414 	 0.00235095	0.00491157
815 	 1605 	 0.851424 	 0.00235243	0.00491465
815 	 1610 	 0.851434 	 0.0023539	0.00491773
815 	 1615 	 0.851443 	 0.00235538	0.00492081
815 	 1620 	 0.851453 	 0.00235685	0.00492389
815 	 1625 	 0.851463 	 0.00235833	0.00492697
815 	 1630 	 0.851472 	 0.0023598	0.00493005
815 	 1635 	 0.851482 	 0.00236128	0.00493314
815 	 1640 	 0.851492 	 0.00236275	0.00493622
815 	 1645 	 0.851501 	 0.00236423	0.0049393
815 	 1650 	 0.85151 	 0.0023657	0.00494238
815 	 1655 	 0.85152 	 0.00236718	0.00494547
815 	 1660 	 0.851529 	 0.00236865	0.00494855
815 	 1665 	 0.851538 	 0.00237013	0.00495163
815 	 1670 	 0.851548 	 0.0023716	0.00495471
815 	 1675 	 0.851557 	 0.00237308	0.00495779
815 	 1680 	 0.851566 	 0.00237455	0.00496087
815 	 1685 	 0.851575 	 0.00237603	0.00496395
815 	 1690 	 0.851584 	 0.0023775	0.00496703
815 	 1695 	 0.851593 	 0.00237898	0.00497011
815 	 1700 	 0.851602 	 0.00238045	0.00497319
815 	 1705 	 0.851611 	 0.00238192	0.00497627
815 	 1710 	 0.851619 	 0.00238339	0.00497935
815 	 1715 	 0.851628 	 0.00238487	0.00498242
815 	 1720 	 0.851637 	 0.00238634	0.0049855
815 	 1725 	 0.851645 	 0.00238781	0.00498857
815 	 1730 	 0.851654 	 0.00238928	0.00499164
815 	 1735 	 0.851663 	 0.00239075	0.00499472
815 	 1740 	 0.851671 	 0.00239222	0.00499779
815 	 1745 	 0.85168 	 0.00239369	0.00500085
815 	 1750 	 0.851688 	 0.00239516	0.00500392
815 	 1755 	 0.851697 	 0.00239663	0.00500699
815 	 1760 	 0.851705 	 0.00239809	0.00501005
815 	 1765 	 0.851713 	 0.00239956	0.00501312
815 	 1770 	 0.851721 	 0.00240102	0.00501618
815 	 1775 	 0.85173 	 0.00240249	0.00501924
815 	 1780 	 0.851738 	 0.00240395	0.0050223
815 	 1785 	 0.851746 	 0.00240542	0.00502535
815 	 1790 	 0.851754 	 0.00240688	0.00502841
815 	 1795 	 0.851762 	 0.00240834	0.00503146
815 	 1800 	 0.85177 	 0.0024098	0.00503451
815 	 1805 	 0.851778 	 0.00241126	0.00503756
815 	 1810 	 0.851786 	 0.00241272	0.00504061
815 	 1815 	 0.851794 	 0.00241417	0.00504365
815 	 1820 	 0.851802 	 0.00241563	0.00504669
815 	 1825 	 0.85181 	 0.00241709	0.00504973
815 	 1830 	 0.851817 	 0.00241854	0.00505277
815 	 1835 	 0.851825 	 0.00241999	0.00505581
815 	 1840 	 0.851833 	 0.00242145	0.00505884
815 	 1845 	 0.85184 	 0.0024229	0.00506187
815 	 1850 	 0.851848 	 0.00242435	0.0050649
815 	 1855 	 0.851856 	 0.0024258	0.00506793
815 	 1860 	 0.851863 	 0.00242724	0.00507095
815 	 1865 	 0.851871 	 0.00242869	0.00507398
815 	 1870 	 0.851878 	 0.00243013	0.00507699
815 	 1875 	 0.851885 	 0.00243158	0.00508001
815 	 1880 	 0.851893 	 0.00243302	0.00508302
815 	 1885 	 0.8519 	 0.00243446	0.00508604
815 	 1890 	 0.851908 	 0.0024359	0.00508904
815 	 1895 	 0.851915 	 0.00243734	0.00509205
815 	 1900 	 0.851922 	 0.00243878	0.00509505
815 	 1905 	 0.851929 	 0.00244021	0.00509805
815 	 1910 	 0.851936 	 0.00244165	0.00510105
815 	 1915 	 0.851944 	 0.00244308	0.00510405
815 	 1920 	 0.851951 	 0.00244451	0.00510704
815 	 1925 	 0.851958 	 0.00244595	0.00511003
815 	 1930 	 0.851965 	 0.00244737	0.00511301
815 	 1935 	 0.851972 	 0.0024488	0.00511599
815 	 1940 	 0.851979 	 0.00245023	0.00511897
815 	 1945 	 0.851986 	 0.00245165	0.00512195
815 	 1950 	 0.851993 	 0.00245308	0.00512492
815 	 1955 	 0.851999 	 0.0024545	0.0051279
815 	 1960 	 0.852006 	 0.00245592	0.00513086
815 	 1965 	 0.852013 	 0.00245734	0.00513383
815 	 1970 	 0.85202 	 0.00245876	0.00513679
815 	 1975 	 0.852027 	 0.00246017	0.00513975
815 	 1980 	 0.852033 	 0.00246159	0.0051427
815 	 1985 	 0.85204 	 0.002463	0.00514565
815 	 1990 	 0.852047 	 0.00246441	0.0051486
815 	 1995 	 0.852053 	 0.00246582	0.00515155
815 	 2000 	 0.85206 	 0.00246723	0.00515449
815 	 2005 	 0.852066 	 0.00246863	0.00515743
815 	 2010 	 0.852073 	 0.00247004	0.00516036
815 	 2015 	 0.852079 	 0.00247144	0.00516329
815 	 2020 	 0.852086 	 0.00247284	0.00516622
815 	 2025 	 0.852092 	 0.00247424	0.00516914
815 	 2030 	 0.852099 	 0.00247564	0.00517207
815 	 2035 	 0.852105 	 0.00247704	0.00517498
815 	 2040 	 0.852112 	 0.00247843	0.0051779
815 	 2045 	 0.852118 	 0.00247983	0.00518081
815 	 2050 	 0.852124 	 0.00248122	0.00518372
815 	 2055 	 0.85213 	 0.00248261	0.00518662
815 	 2060 	 0.852137 	 0.002484	0.00518952
815 	 2065 	 0.852143 	 0.00248538	0.00519242
815 	 2070 	 0.852149 	 0.00248677	0.00519531
815 	 2075 	 0.852155 	 0.00248815	0.0051982
815 	 2080 	 0.852161 	 0.00248953	0.00520108
815 	 2085 	 0.852167 	 0.00249091	0.00520397
815 	 2090 	 0.852173 	 0.00249229	0.00520684
815 	 2095 	 0.85218 	 0.00249366	0.00520972
815 	 2100 	 0.852186 	 0.00249504	0.00521259
815 	 2105 	 0.852192 	 0.00249641	0.00521546
815 	 2110 	 0.852197 	 0.00249778	0.00521832
815 	 2115 	 0.852203 	 0.00249915	0.00522118
815 	 2120 	 0.852209 	 0.00250052	0.00522404
815 	 2125 	 0.852215 	 0.00250188	0.00522689
815 	 2130 	 0.852221 	 0.00250325	0.00522974
815 	 2135 	 0.852227 	 0.00250461	0.00523258
815 	 2140 	 0.852233 	 0.00250597	0.00523542
815 	 2145 	 0.852239 	 0.00250733	0.00523826
815 	 2150 	 0.852244 	 0.00250868	0.00524109
815 	 2155 	 0.85225 	 0.00251004	0.00524392
815 	 2160 	 0.852256 	 0.00251139	0.00524675
815 	 2165 	 0.852261 	 0.00251274	0.00524957
815 	 2170 	 0.852267 	 0.00251409	0.00525239
815 	 2175 	 0.852273 	 0.00251544	0.0052552
815 	 2180 	 0.852278 	 0.00251678	0.00525801
815 	 2185 	 0.852284 	 0.00251812	0.00526082
815 	 2190 	 0.85229 	 0.00251947	0.00526362
815 	 2195 	 0.852295 	 0.00252081	0.00526642
815 	 2200 	 0.852301 	 0.00252214	0.00526922
815 	 2205 	 0.852306 	 0.00252348	0.00527201
815 	 2210 	 0.852312 	 0.00252481	0.0052748
815 	 2215 	 0.852317 	 0.00252615	0.00527758
815 	 2220 	 0.852322 	 0.00252748	0.00528036
815 	 2225 	 0.852328 	 0.0025288	0.00528313
815 	 2230 	 0.852333 	 0.00253013	0.0052859
815 	 2235 	 0.852339 	 0.00253146	0.00528867
815 	 2240 	 0.852344 	 0.00253278	0.00529143
815 	 2245 	 0.852349 	 0.0025341	0.00529419
815 	 2250 	 0.852355 	 0.00253542	0.00529695
815 	 2255 	 0.85236 	 0.00253673	0.0052997
815 	 2260 	 0.852365 	 0.00253805	0.00530245
815 	 2265 	 0.85237 	 0.00253936	0.00530519
815 	 2270 	 0.852375 	 0.00254067	0.00530793
815 	 2275 	 0.852381 	 0.00254198	0.00531067
815 	 2280 	 0.852386 	 0.00254329	0.0053134
815 	 2285 	 0.852391 	 0.0025446	0.00531612
815 	 2290 	 0.852396 	 0.0025459	0.00531885
815 	 2295 	 0.852401 	 0.0025472	0.00532157
815 	 2300 	 0.852406 	 0.0025485	0.00532428
815 	 2305 	 0.852411 	 0.0025498	0.00532699
815 	 2310 	 0.852416 	 0.00255109	0.0053297
815 	 2315 	 0.852421 	 0.00255239	0.0053324
815 	 2320 	 0.852426 	 0.00255368	0.0053351
815 	 2325 	 0.852431 	 0.00255497	0.0053378
815 	 2330 	 0.852436 	 0.00255626	0.00534049
815 	 2335 	 0.852441 	 0.00255754	0.00534318
815 	 2340 	 0.852446 	 0.00255883	0.00534586
815 	 2345 	 0.852451 	 0.00256011	0.00534854
815 	 2350 	 0.852456 	 0.00256139	0.00535121
815 	 2355 	 0.852461 	 0.00256267	0.00535389
815 	 2360 	 0.852466 	 0.00256395	0.00535655
815 	 2365 	 0.852471 	 0.00256522	0.00535921
815 	 2370 	 0.852475 	 0.00256649	0.00536187
815 	 2375 	 0.85248 	 0.00256776	0.00536453
815 	 2380 	 0.852485 	 0.00256903	0.00536718
815 	 2385 	 0.85249 	 0.0025703	0.00536983
815 	 2390 	 0.852494 	 0.00257157	0.00537247
815 	 2395 	 0.852499 	 0.00257283	0.00537511
815 	 2400 	 0.852504 	 0.00257409	0.00537774
815 	 2405 	 0.852509 	 0.00257535	0.00538037
815 	 2410 	 0.852513 	 0.00257661	0.005383
815 	 2415 	 0.852518 	 0.00257786	0.00538562
815 	 2420 	 0.852523 	 0.00257911	0.00538824
815 	 2425 	 0.852527 	 0.00258037	0.00539085
815 	 2430 	 0.852532 	 0.00258161	0.00539346
815 	 2435 	 0.852536 	 0.00258286	0.00539607
815 	 2440 	 0.852541 	 0.00258411	0.00539867
815 	 2445 	 0.852545 	 0.00258535	0.00540127
815 	 2450 	 0.85255 	 0.00258659	0.00540386
815 	 2455 	 0.852554 	 0.00258783	0.00540645
815 	 2460 	 0.852559 	 0.00258907	0.00540904
815 	 2465 	 0.852563 	 0.00259031	0.00541162
815 	 2470 	 0.852568 	 0.00259154	0.0054142
815 	 2475 	 0.852572 	 0.00259277	0.00541677
815 	 2480 	 0.852577 	 0.002594	0.00541934
815 	 2485 	 0.852581 	 0.00259523	0.00542191
815 	 2490 	 0.852585 	 0.00259646	0.00542447
815 	 2495 	 0.85259 	 0.00259768	0.00542703
815 	 2500 	 0.852594 	 0.0025989	0.00542958
815 	 2505 	 0.852599 	 0.00260012	0.00543213
815 	 2510 	 0.852603 	 0.00260134	0.00543468
815 	 2515 	 0.852607 	 0.00260256	0.00543722
815 	 2520 	 0.852611 	 0.00260377	0.00543975
815 	 2525 	 0.852616 	 0.00260498	0.00544229
815 	 2530 	 0.85262 	 0.0026062	0.00544482
815 	 2535 	 0.852624 	 0.0026074	0.00544734
815 	 2540 	 0.852628 	 0.00260861	0.00544986
815 	 2545 	 0.852633 	 0.00260982	0.00545238
815 	 2550 	 0.852637 	 0.00261102	0.00545489
815 	 2555 	 0.852641 	 0.00261222	0.0054574
815 	 2560 	 0.852645 	 0.00261342	0.00545991
815 	 2565 	 0.852649 	 0.00261462	0.00546241
815 	 2570 	 0.852654 	 0.00261581	0.00546491
815 	 2575 	 0.852658 	 0.00261701	0.0054674
815 	 2580 	 0.852662 	 0.0026182	0.00546989
815 	 2585 	 0.852666 	 0.00261939	0.00547238
815 	 2590 	 0.85267 	 0.00262057	0.00547486
815 	 2595 	 0.852674 	 0.00262176	0.00547733
815 	 2600 	 0.852678 	 0.00262294	0.00547981
815 	 2605 	 0.852682 	 0.00262413	0.00548228
815 	 2610 	 0.852686 	 0.00262531	0.00548474
815 	 2615 	 0.85269 	 0.00262648	0.0054872
815 	 2620 	 0.852694 	 0.00262766	0.00548966
815 	 2625 	 0.852698 	 0.00262884	0.00549212
815 	 2630 	 0.852702 	 0.00263001	0.00549457
815 	 2635 	 0.852706 	 0.00263118	0.00549701
815 	 2640 	 0.85271 	 0.00263235	0.00549945
815 	 2645 	 0.852714 	 0.00263351	0.00550189
815 	 2650 	 0.852718 	 0.00263468	0.00550433
815 	 2655 	 0.852722 	 0.00263584	0.00550676
815 	 2660 	 0.852726 	 0.002637	0.00550918
815 	 2665 	 0.852729 	 0.00263816	0.0055116
815 	 2670 	 0.852733 	 0.00263932	0.00551402
815 	 2675 	 0.852737 	 0.00264048	0.00551644
815 	 2680 	 0.852741 	 0.00264163	0.00551885
815 	 2685 	 0.852745 	 0.00264278	0.00552125
815 	 2690 	 0.852749 	 0.00264393	0.00552366
815 	 2695 	 0.852752 	 0.00264508	0.00552605
815 	 2700 	 0.852756 	 0.00264623	0.00552845
815 	 2705 	 0.85276 	 0.00264737	0.00553084
815 	 2710 	 0.852764 	 0.00264851	0.00553323
815 	 2715 	 0.852767 	 0.00264965	0.00553561
815 	 2720 	 0.852771 	 0.00265079	0.00553799
815 	 2725 	 0.852775 	 0.00265193	0.00554037
815 	 2730 	 0.852779 	 0.00265307	0.00554274
815 	 2735 	 0.852782 	 0.0026542	0.0055451
815 	 2740 	 0.852786 	 0.00265533	0.00554747
815 	 2745 	 0.85279 	 0.00265646	0.00554983
815 	 2750 	 0.852793 	 0.00265759	0.00555219
815 	 2755 	 0.852797 	 0.00265871	0.00555454
815 	 2760 	 0.852801 	 0.00265984	0.00555689
815 	 2765 	 0.852804 	 0.00266096	0.00555923
815 	 2770 	 0.852808 	 0.00266208	0.00556157
815 	 2775 	 0.852811 	 0.0026632	0.00556391
815 	 2780 	 0.852815 	 0.00266432	0.00556624
815 	 2785 	 0.852819 	 0.00266543	0.00556857
815 	 2790 	 0.852822 	 0.00266654	0.0055709
815 	 2795 	 0.852826 	 0.00266766	0.00557322
815 	 2800 	 0.852829 	 0.00266877	0.00557554
815 	 2805 	 0.852833 	 0.00266987	0.00557785
815 	 2810 	 0.852836 	 0.00267098	0.00558016
815 	 2815 	 0.85284 	 0.00267208	0.00558247
815 	 2820 	 0.852843 	 0.00267319	0.00558477
815 	 2825 	 0.852847 	 0.00267429	0.00558707
815 	 2830 	 0.85285 	 0.00267539	0.00558937
815 	 2835 	 0.852854 	 0.00267648	0.00559166
815 	 2840 	 0.852857 	 0.00267758	0.00559395
815 	 2845 	 0.85286 	 0.00267867	0.00559623
815 	 2850 	 0.852864 	 0.00267976	0.00559851
815 	 2855 	 0.852867 	 0.00268085	0.00560079
815 	 2860 	 0.852871 	 0.00268194	0.00560306
815 	 2865 	 0.852874 	 0.00268303	0.00560533
815 	 2870 	 0.852877 	 0.00268411	0.0056076
815 	 2875 	 0.852881 	 0.0026852	0.00560986
815 	 2880 	 0.852884 	 0.00268628	0.00561212
815 	 2885 	 0.852887 	 0.00268736	0.00561438
815 	 2890 	 0.852891 	 0.00268843	0.00561663
815 	 2895 	 0.852894 	 0.00268951	0.00561887
815 	 2900 	 0.852897 	 0.00269058	0.00562112
815 	 2905 	 0.852901 	 0.00269166	0.00562336
815 	 2910 	 0.852904 	 0.00269273	0.0056256
815 	 2915 	 0.852907 	 0.00269379	0.00562783
815 	 2920 	 0.852911 	 0.00269486	0.00563006
815 	 2925 	 0.852914 	 0.00269593	0.00563228
815 	 2930 	 0.852917 	 0.00269699	0.0056345
815 	 2935 	 0.85292 	 0.00269805	0.00563672
815 	 2940 	 0.852924 	 0.00269911	0.00563894
815 	 2945 	 0.852927 	 0.00270017	0.00564115
815 	 2950 	 0.85293 	 0.00270123	0.00564336
815 	 2955 	 0.852933 	 0.00270228	0.00564556
815 	 2960 	 0.852936 	 0.00270334	0.00564776
815 	 2965 	 0.85294 	 0.00270439	0.00564996
815 	 2970 	 0.852943 	 0.00270544	0.00565215
815 	 2975 	 0.852946 	 0.00270649	0.00565434
815 	 2980 	 0.852949 	 0.00270753	0.00565653
815 	 2985 	 0.852952 	 0.00270858	0.00565871
815 	 2990 	 0.852955 	 0.00270962	0.00566089
815 	 2995 	 0.852958 	 0.00271066	0.00566306
815 	 3000 	 0.852962 	 0.0027117	0.00566524
815 	 3005 	 0.852965 	 0.00271274	0.0056674
815 	 3010 	 0.852968 	 0.00271377	0.00566957
815 	 3015 	 0.852971 	 0.00271481	0.00567173
815 	 3020 	 0.852974 	 0.00271584	0.00567389
815 	 3025 	 0.852977 	 0.00271687	0.00567604
815 	 3030 	 0.85298 	 0.0027179	0.00567819
815 	 3035 	 0.852983 	 0.00271893	0.00568034
815 	 3040 	 0.852986 	 0.00271996	0.00568249
815 	 3045 	 0.852989 	 0.00272098	0.00568463
815 	 3050 	 0.852992 	 0.002722	0.00568676
815 	 3055 	 0.852995 	 0.00272303	0.0056889
815 	 3060 	 0.852998 	 0.00272404	0.00569103
815 	 3065 	 0.853001 	 0.00272506	0.00569315
815 	 3070 	 0.853004 	 0.00272608	0.00569528
815 	 3075 	 0.853007 	 0.00272709	0.0056974
815 	 3080 	 0.85301 	 0.00272811	0.00569951
815 	 3085 	 0.853013 	 0.00272912	0.00570162
815 	 3090 	 0.853016 	 0.00273013	0.00570373
815 	 3095 	 0.853019 	 0.00273114	0.00570584
815 	 3100 	 0.853022 	 0.00273214	0.00570794
815 	 3105 	 0.853025 	 0.00273315	0.00571004
815 	 3110 	 0.853028 	 0.00273415	0.00571214
815 	 3115 	 0.85303 	 0.00273515	0.00571423
815 	 3120 	 0.853033 	 0.00273615	0.00571632
815 	 3125 	 0.853036 	 0.00273715	0.0057184
815 	 3130 	 0.853039 	 0.00273815	0.00572049
815 	 3135 	 0.853042 	 0.00273914	0.00572257
815 	 3140 	 0.853045 	 0.00274014	0.00572464
815 	 3145 	 0.853048 	 0.00274113	0.00572671
815 	 3150 	 0.853051 	 0.00274212	0.00572878
815 	 3155 	 0.853053 	 0.00274311	0.00573085
815 	 3160 	 0.853056 	 0.00274409	0.00573291
815 	 3165 	 0.853059 	 0.00274508	0.00573497
815 	 3170 	 0.853062 	 0.00274606	0.00573702
815 	 3175 	 0.853065 	 0.00274704	0.00573908
815 	 3180 	 0.853067 	 0.00274803	0.00574113
815 	 3185 	 0.85307 	 0.002749	0.00574317
815 	 3190 	 0.853073 	 0.00274998	0.00574521
815 	 3195 	 0.853076 	 0.00275096	0.00574725
815 	 3200 	 0.853078 	 0.00275193	0.00574929
815 	 3205 	 0.853081 	 0.00275291	0.00575132
815 	 3210 	 0.853084 	 0.00275388	0.00575335
815 	 3215 	 0.853087 	 0.00275485	0.00575538
815 	 3220 	 0.853089 	 0.00275582	0.0057574
815 	 3225 	 0.853092 	 0.00275678	0.00575942
815 	 3230 	 0.853095 	 0.00275775	0.00576144
815 	 3235 	 0.853098 	 0.00275871	0.00576345
815 	 3240 	 0.8531 	 0.00275967	0.00576546
815 	 3245 	 0.853103 	 0.00276063	0.00576747
815 	 3250 	 0.853106 	 0.00276159	0.00576947
815 	 3255 	 0.853108 	 0.00276255	0.00577147
815 	 3260 	 0.853111 	 0.00276351	0.00577347
815 	 3265 	 0.853114 	 0.00276446	0.00577546
815 	 3270 	 0.853116 	 0.00276541	0.00577745
815 	 3275 	 0.853119 	 0.00276636	0.00577944
815 	 3280 	 0.853122 	 0.00276731	0.00578142
815 	 3285 	 0.853124 	 0.00276826	0.0057834
815 	 3290 	 0.853127 	 0.00276921	0.00578538
815 	 3295 	 0.853129 	 0.00277015	0.00578736
815 	 3300 	 0.853132 	 0.0027711	0.00578933
815 	 3305 	 0.853135 	 0.00277204	0.0057913
815 	 3310 	 0.853137 	 0.00277298	0.00579326
815 	 3315 	 0.85314 	 0.00277392	0.00579522
815 	 3320 	 0.853142 	 0.00277486	0.00579718
815 	 3325 	 0.853145 	 0.00277579	0.00579914
815 	 3330 	 0.853148 	 0.00277673	0.00580109
815 	 3335 	 0.85315 	 0.00277766	0.00580304
815 	 3340 	 0.853153 	 0.00277859	0.00580499
815 	 3345 	 0.853155 	 0.00277952	0.00580693
815 	 3350 	 0.853158 	 0.00278045	0.00580887
815 	 3355 	 0.85316 	 0.00278138	0.00581081
815 	 3360 	 0.853163 	 0.00278231	0.00581274
815 	 3365 	 0.853165 	 0.00278323	0.00581468
815 	 3370 	 0.853168 	 0.00278415	0.0058166
815 	 3375 	 0.85317 	 0.00278508	0.00581853
815 	 3380 	 0.853173 	 0.002786	0.00582045
815 	 3385 	 0.853175 	 0.00278691	0.00582237
815 	 3390 	 0.853178 	 0.00278783	0.00582429
815 	 3395 	 0.85318 	 0.00278875	0.0058262
815 	 3400 	 0.853183 	 0.00278966	0.00582811
815 	 3405 	 0.853185 	 0.00279057	0.00583002
815 	 3410 	 0.853188 	 0.00279149	0.00583192
815 	 3415 	 0.85319 	 0.0027924	0.00583382
815 	 3420 	 0.853193 	 0.0027933	0.00583572
815 	 3425 	 0.853195 	 0.00279421	0.00583762
815 	 3430 	 0.853197 	 0.00279512	0.00583951
815 	 3435 	 0.8532 	 0.00279602	0.0058414
815 	 3440 	 0.853202 	 0.00279692	0.00584328
815 	 3445 	 0.853205 	 0.00279782	0.00584517
815 	 3450 	 0.853207 	 0.00279872	0.00584705
815 	 3455 	 0.853209 	 0.00279962	0.00584892
815 	 3460 	 0.853212 	 0.00280052	0.0058508
815 	 3465 	 0.853214 	 0.00280142	0.00585267
815 	 3470 	 0.853217 	 0.00280231	0.00585454
815 	 3475 	 0.853219 	 0.0028032	0.0058564
815 	 3480 	 0.853221 	 0.0028041	0.00585827
815 	 3485 	 0.853224 	 0.00280499	0.00586013
815 	 3490 	 0.853226 	 0.00280587	0.00586198
815 	 3495 	 0.853228 	 0.00280676	0.00586384
815 	 3500 	 0.853231 	 0.00280765	0.00586569
815 	 3505 	 0.853233 	 0.00280853	0.00586754
815 	 3510 	 0.853235 	 0.00280942	0.00586938
815 	 3515 	 0.853238 	 0.0028103	0.00587122
815 	 3520 	 0.85324 	 0.00281118	0.00587306
815 	 3525 	 0.853242 	 0.00281206	0.0058749
815 	 3530 	 0.853245 	 0.00281293	0.00587673
815 	 3535 	 0.853247 	 0.00281381	0.00587856
815 	 3540 	 0.853249 	 0.00281469	0.00588039
815 	 3545 	 0.853251 	 0.00281556	0.00588222
815 	 3550 	 0.853254 	 0.00281643	0.00588404
815 	 3555 	 0.853256 	 0.0028173	0.00588586
815 	 3560 	 0.853258 	 0.00281817	0.00588768
815 	 3565 	 0.853261 	 0.00281904	0.00588949
815 	 3570 	 0.853263 	 0.00281991	0.0058913
815 	 3575 	 0.853265 	 0.00282077	0.00589311
815 	 3580 	 0.853267 	 0.00282164	0.00589491
815 	 3585 	 0.853269 	 0.0028225	0.00589672
815 	 3590 	 0.853272 	 0.00282336	0.00589852
815 	 3595 	 0.853274 	 0.00282422	0.00590031
815 	 3600 	 0.853276 	 0.00282508	0.00590211
815 	 3605 	 0.853278 	 0.00282594	0.0059039
815 	 3610 	 0.853281 	 0.00282679	0.00590569
815 	 3615 	 0.853283 	 0.00282765	0.00590748
815 	 3620 	 0.853285 	 0.0028285	0.00590926
815 	 3625 	 0.853287 	 0.00282936	0.00591104
815 	 3630 	 0.853289 	 0.00283021	0.00591282
815 	 3635 	 0.853292 	 0.00283106	0.00591459
815 	 3640 	 0.853294 	 0.0028319	0.00591636
815 	 3645 	 0.853296 	 0.00283275	0.00591813
815 	 3650 	 0.853298 	 0.0028336	0.0059199
815 	 3655 	 0.8533 	 0.00283444	0.00592167
815 	 3660 	 0.853302 	 0.00283529	0.00592343
815 	 3665 	 0.853305 	 0.00283613	0.00592519
815 	 3670 	 0.853307 	 0.00283697	0.00592694
815 	 3675 	 0.853309 	 0.00283781	0.0059287
815 	 3680 	 0.853311 	 0.00283864	0.00593045
815 	 3685 	 0.853313 	 0.00283948	0.00593219
815 	 3690 	 0.853315 	 0.00284032	0.00593394
815 	 3695 	 0.853317 	 0.00284115	0.00593568
815 	 3700 	 0.853319 	 0.00284198	0.00593742
815 	 3705 	 0.853321 	 0.00284282	0.00593916
815 	 3710 	 0.853324 	 0.00284365	0.0059409
815 	 3715 	 0.853326 	 0.00284448	0.00594263
815 	 3720 	 0.853328 	 0.0028453	0.00594436
815 	 3725 	 0.85333 	 0.00284613	0.00594608
815 	 3730 	 0.853332 	 0.00284696	0.00594781
815 	 3735 	 0.853334 	 0.00284778	0.00594953
815 	 3740 	 0.853336 	 0.0028486	0.00595125
815 	 3745 	 0.853338 	 0.00284942	0.00595297
815 	 3750 	 0.85334 	 0.00285024	0.00595468
815 	 3755 	 0.853342 	 0.00285106	0.00595639
815 	 3760 	 0.853344 	 0.00285188	0.0059581
815 	 3765 	 0.853346 	 0.0028527	0.0059598
815 	 3770 	 0.853348 	 0.00285351	0.00596151
815 	 3775 	 0.85335 	 0.00285433	0.00596321
815 	 3780 	 0.853352 	 0.00285514	0.00596491
815 	 3785 	 0.853354 	 0.00285595	0.0059666
815 	 3790 	 0.853356 	 0.00285676	0.0059683
815 	 3795 	 0.853359 	 0.00285757	0.00596999
815 	 3800 	 0.853361 	 0.00285838	0.00597168
815 	 3805 	 0.853363 	 0.00285919	0.00597336
815 	 3810 	 0.853365 	 0.00285999	0.00597504
815 	 3815 	 0.853367 	 0.0028608	0.00597672
815 	 3820 	 0.853368 	 0.0028616	0.0059784
815 	 3825 	 0.85337 	 0.0028624	0.00598008
815 	 3830 	 0.853372 	 0.0028632	0.00598175
815 	 3835 	 0.853374 	 0.002864	0.00598342
815 	 3840 	 0.853376 	 0.0028648	0.00598509
815 	 3845 	 0.853378 	 0.0028656	0.00598675
815 	 3850 	 0.85338 	 0.00286639	0.00598842
815 	 3855 	 0.853382 	 0.00286719	0.00599008
815 	 3860 	 0.853384 	 0.00286798	0.00599174
815 	 3865 	 0.853386 	 0.00286877	0.00599339
815 	 3870 	 0.853388 	 0.00286957	0.00599504
815 	 3875 	 0.85339 	 0.00287036	0.00599669
815 	 3880 	 0.853392 	 0.00287114	0.00599834
815 	 3885 	 0.853394 	 0.00287193	0.00599999
815 	 3890 	 0.853396 	 0.00287272	0.00600163
815 	 3895 	 0.853398 	 0.0028735	0.00600327
815 	 3900 	 0.8534 	 0.00287429	0.00600491
815 	 3905 	 0.853402 	 0.00287507	0.00600655
815 	 3910 	 0.853403 	 0.00287585	0.00600818
815 	 3915 	 0.853405 	 0.00287663	0.00600981
815 	 3920 	 0.853407 	 0.00287741	0.00601144
815 	 3925 	 0.853409 	 0.00287819	0.00601307
815 	 3930 	 0.853411 	 0.00287897	0.00601469
815 	 3935 	 0.853413 	 0.00287974	0.00601631
815 	 3940 	 0.853415 	 0.00288052	0.00601793
815 	 3945 	 0.853417 	 0.00288129	0.00601955
815 	 3950 	 0.853419 	 0.00288207	0.00602116
815 	 3955 	 0.85342 	 0.00288284	0.00602277
815 	 3960 	 0.853422 	 0.00288361	0.00602438
815 	 3965 	 0.853424 	 0.00288438	0.00602599
815 	 3970 	 0.853426 	 0.00288515	0.00602759
815 	 3975 	 0.853428 	 0.00288591	0.0060292
815 	 3980 	 0.85343 	 0.00288668	0.0060308
815 	 3985 	 0.853432 	 0.00288744	0.00603239
815 	 3990 	 0.853433 	 0.00288821	0.00603399
815 	 3995 	 0.853435 	 0.00288897	0.00603558
815 	 4000 	 0.853437 	 0.00288973	0.00603717
815 	 4005 	 0.853439 	 0.00289049	0.00603876
815 	 4010 	 0.853441 	 0.00289125	0.00604035
815 	 4015 	 0.853442 	 0.00289201	0.00604193
815 	 4020 	 0.853444 	 0.00289276	0.00604351
815 	 4025 	 0.853446 	 0.00289352	0.00604509
815 	 4030 	 0.853448 	 0.00289427	0.00604667
815 	 4035 	 0.85345 	 0.00289503	0.00604824
815 	 4040 	 0.853451 	 0.00289578	0.00604981
815 	 4045 	 0.853453 	 0.00289653	0.00605138
815 	 4050 	 0.853455 	 0.00289728	0.00605295
815 	 4055 	 0.853457 	 0.00289803	0.00605452
815 	 4060 	 0.853459 	 0.00289878	0.00605608
815 	 4065 	 0.85346 	 0.00289953	0.00605764
815 	 4070 	 0.853462 	 0.00290027	0.0060592
815 	 4075 	 0.853464 	 0.00290102	0.00606075
815 	 4080 	 0.853466 	 0.00290176	0.00606231
815 	 4085 	 0.853467 	 0.0029025	0.00606386
815 	 4090 	 0.853469 	 0.00290325	0.00606541
815 	 4095 	 0.853471 	 0.00290399	0.00606696
815 	 4100 	 0.853473 	 0.00290473	0.0060685
815 	 4105 	 0.853474 	 0.00290546	0.00607004
815 	 4110 	 0.853476 	 0.0029062	0.00607158
815 	 4115 	 0.853478 	 0.00290694	0.00607312
815 	 4120 	 0.85348 	 0.00290767	0.00607466
815 	 4125 	 0.853481 	 0.00290841	0.00607619
815 	 4130 	 0.853483 	 0.00290914	0.00607772
815 	 4135 	 0.853485 	 0.00290987	0.00607925
815 	 4140 	 0.853487 	 0.0029106	0.00608078
815 	 4145 	 0.853488 	 0.00291133	0.0060823
815 	 4150 	 0.85349 	 0.00291206	0.00608383
815 	 4155 	 0.853492 	 0.00291279	0.00608535
815 	 4160 	 0.853493 	 0.00291352	0.00608687
815 	 4165 	 0.853495 	 0.00291424	0.00608838
815 	 4170 	 0.853497 	 0.00291497	0.0060899
815 	 4175 	 0.853498 	 0.00291569	0.00609141
815 	 4180 	 0.8535 	 0.00291641	0.00609292
815 	 4185 	 0.853502 	 0.00291713	0.00609442
815 	 4190 	 0.853503 	 0.00291785	0.00609593
815 	 4195 	 0.853505 	 0.00291857	0.00609743
815 	 4200 	 0.853507 	 0.00291929	0.00609893
815 	 4205 	 0.853508 	 0.00292001	0.00610043
815 	 4210 	 0.85351 	 0.00292073	0.00610193
815 	 4215 	 0.853512 	 0.00292144	0.00610342
815 	 4220 	 0.853513 	 0.00292216	0.00610492
815 	 4225 	 0.853515 	 0.00292287	0.00610641
815 	 4230 	 0.853517 	 0.00292358	0.00610789
815 	 4235 	 0.853518 	 0.00292429	0.00610938
815 	 4240 	 0.85352 	 0.002925	0.00611086
815 	 4245 	 0.853522 	 0.00292571	0.00611235
815 	 4250 	 0.853523 	 0.00292642	0.00611383
815 	 4255 	 0.853525 	 0.00292713	0.0061153
815 	 4260 	 0.853527 	 0.00292783	0.00611678
815 	 4265 	 0.853528 	 0.00292854	0.00611825
815 	 4270 	 0.85353 	 0.00292924	0.00611972
815 	 4275 	 0.853531 	 0.00292995	0.00612119
815 	 4280 	 0.853533 	 0.00293065	0.00612266
815 	 4285 	 0.853535 	 0.00293135	0.00612413
815 	 4290 	 0.853536 	 0.00293205	0.00612559
815 	 4295 	 0.853538 	 0.00293275	0.00612705
815 	 4300 	 0.853539 	 0.00293345	0.00612851
815 	 4305 	 0.853541 	 0.00293415	0.00612997
815 	 4310 	 0.853543 	 0.00293484	0.00613142
815 	 4315 	 0.853544 	 0.00293554	0.00613287
815 	 4320 	 0.853546 	 0.00293623	0.00613433
815 	 4325 	 0.853547 	 0.00293693	0.00613577
815 	 4330 	 0.853549 	 0.00293762	0.00613722
815 	 4335 	 0.853551 	 0.00293831	0.00613867
815 	 4340 	 0.853552 	 0.002939	0.00614011
815 	 4345 	 0.853554 	 0.00293969	0.00614155
815 	 4350 	 0.853555 	 0.00294038	0.00614299
815 	 4355 	 0.853557 	 0.00294107	0.00614442
815 	 4360 	 0.853558 	 0.00294175	0.00614586
815 	 4365 	 0.85356 	 0.00294244	0.00614729
815 	 4370 	 0.853561 	 0.00294312	0.00614872
815 	 4375 	 0.853563 	 0.00294381	0.00615015
815 	 4380 	 0.853565 	 0.00294449	0.00615158
815 	 4385 	 0.853566 	 0.00294517	0.006153
815 	 4390 	 0.853568 	 0.00294585	0.00615442
815 	 4395 	 0.853569 	 0.00294653	0.00615585
815 	 4400 	 0.853571 	 0.00294721	0.00615726
815 	 4405 	 0.853572 	 0.00294789	0.00615868
815 	 4410 	 0.853574 	 0.00294857	0.0061601
815 	 4415 	 0.853575 	 0.00294924	0.00616151
815 	 4420 	 0.853577 	 0.00294992	0.00616292
815 	 4425 	 0.853578 	 0.00295059	0.00616433
815 	 4430 	 0.85358 	 0.00295127	0.00616573
815 	 4435 	 0.853581 	 0.00295194	0.00616714
815 	 4440 	 0.853583 	 0.00295261	0.00616854
815 	 4445 	 0.853584 	 0.00295328	0.00616994
815 	 4450 	 0.853586 	 0.00295395	0.00617134
815 	 4455 	 0.853587 	 0.00295462	0.00617274
815 	 4460 	 0.853589 	 0.00295529	0.00617414
815 	 4465 	 0.85359 	 0.00295596	0.00617553
815 	 4470 	 0.853592 	 0.00295662	0.00617692
815 	 4475 	 0.853593 	 0.00295729	0.00617831
815 	 4480 	 0.853595 	 0.00295795	0.0061797
815 	 4485 	 0.853596 	 0.00295861	0.00618108
815 	 4490 	 0.853598 	 0.00295928	0.00618247
815 	 4495 	 0.853599 	 0.00295994	0.00618385
815 	 4500 	 0.853601 	 0.0029606	0.00618523
815 	 4505 	 0.853602 	 0.00296126	0.00618661
815 	 4510 	 0.853604 	 0.00296192	0.00618798
815 	 4515 	 0.853605 	 0.00296257	0.00618936
815 	 4520 	 0.853607 	 0.00296323	0.00619073
815 	 4525 	 0.853608 	 0.00296389	0.0061921
815 	 4530 	 0.853609 	 0.00296454	0.00619347
815 	 4535 	 0.853611 	 0.0029652	0.00619484
815 	 4540 	 0.853612 	 0.00296585	0.0061962
815 	 4545 	 0.853614 	 0.0029665	0.00619757
815 	 4550 	 0.853615 	 0.00296715	0.00619893
815 	 4555 	 0.853617 	 0.00296781	0.00620029
815 	 4560 	 0.853618 	 0.00296846	0.00620164
815 	 4565 	 0.85362 	 0.0029691	0.006203
815 	 4570 	 0.853621 	 0.00296975	0.00620435
815 	 4575 	 0.853622 	 0.0029704	0.00620571
815 	 4580 	 0.853624 	 0.00297105	0.00620706
815 	 4585 	 0.853625 	 0.00297169	0.0062084
815 	 4590 	 0.853627 	 0.00297234	0.00620975
815 	 4595 	 0.853628 	 0.00297298	0.0062111
815 	 4600 	 0.853629 	 0.00297362	0.00621244
815 	 4605 	 0.853631 	 0.00297426	0.00621378
815 	 4610 	 0.853632 	 0.00297491	0.00621512
815 	 4615 	 0.853634 	 0.00297555	0.00621646
815 	 4620 	 0.853635 	 0.00297619	0.00621779
815 	 4625 	 0.853636 	 0.00297682	0.00621913
815 	 4630 	 0.853638 	 0.00297746	0.00622046
815 	 4635 	 0.853639 	 0.0029781	0.00622179
815 	 4640 	 0.853641 	 0.00297873	0.00622312
815 	 4645 	 0.853642 	 0.00297937	0.00622445
815 	 4650 	 0.853643 	 0.00298	0.00622577
815 	 4655 	 0.853645 	 0.00298064	0.00622709
815 	 4660 	 0.853646 	 0.00298127	0.00622841
815 	 4665 	 0.853648 	 0.0029819	0.00622973
815 	 4670 	 0.853649 	 0.00298253	0.00623105
815 	 4675 	 0.85365 	 0.00298316	0.00623237
815 	 4680 	 0.853652 	 0.00298379	0.00623368
815 	 4685 	 0.853653 	 0.00298442	0.006235
815 	 4690 	 0.853654 	 0.00298505	0.00623631
815 	 4695 	 0.853656 	 0.00298567	0.00623762
815 	 4700 	 0.853657 	 0.0029863	0.00623892
815 	 4705 	 0.853658 	 0.00298692	0.00624023
815 	 4710 	 0.85366 	 0.00298755	0.00624153
815 	 4715 	 0.853661 	 0.00298817	0.00624283
815 	 4720 	 0.853662 	 0.00298879	0.00624414
815 	 4725 	 0.853664 	 0.00298942	0.00624543
815 	 4730 	 0.853665 	 0.00299004	0.00624673
815 	 4735 	 0.853667 	 0.00299066	0.00624803
815 	 4740 	 0.853668 	 0.00299128	0.00624932
815 	 4745 	 0.853669 	 0.00299189	0.00625061
815 	 4750 	 0.853671 	 0.00299251	0.0062519
815 	 4755 	 0.853672 	 0.00299313	0.00625319
815 	 4760 	 0.853673 	 0.00299374	0.00625448
815 	 4765 	 0.853674 	 0.00299436	0.00625576
815 	 4770 	 0.853676 	 0.00299497	0.00625705
815 	 4775 	 0.853677 	 0.00299559	0.00625833
815 	 4780 	 0.853678 	 0.0029962	0.00625961
815 	 4785 	 0.85368 	 0.00299681	0.00626089
815 	 4790 	 0.853681 	 0.00299742	0.00626216
815 	 4795 	 0.853682 	 0.00299803	0.00626344
815 	 4800 	 0.853684 	 0.00299864	0.00626471
815 	 4805 	 0.853685 	 0.00299925	0.00626598
815 	 4810 	 0.853686 	 0.00299986	0.00626725
815 	 4815 	 0.853688 	 0.00300047	0.00626852
815 	 4820 	 0.853689 	 0.00300107	0.00626979
815 	 4825 	 0.85369 	 0.00300168	0.00627105
815 	 4830 	 0.853691 	 0.00300228	0.00627231
815 	 4835 	 0.853693 	 0.00300289	0.00627358
815 	 4840 	 0.853694 	 0.00300349	0.00627484
815 	 4845 	 0.853695 	 0.00300409	0.00627609
815 	 4850 	 0.853697 	 0.00300469	0.00627735
815 	 4855 	 0.853698 	 0.00300529	0.00627861
815 	 4860 	 0.853699 	 0.00300589	0.00627986
815 	 4865 	 0.8537 	 0.00300649	0.00628111
815 	 4870 	 0.853702 	 0.00300709	0.00628236
815 	 4875 	 0.853703 	 0.00300769	0.00628361
815 	 4880 	 0.853704 	 0.00300829	0.00628486
815 	 4885 	 0.853705 	 0.00300888	0.0062861
815 	 4890 	 0.853707 	 0.00300948	0.00628735
815 	 4895 	 0.853708 	 0.00301007	0.00628859
815 	 4900 	 0.853709 	 0.00301067	0.00628983
815 	 4905 	 0.853711 	 0.00301126	0.00629107
815 	 4910 	 0.853712 	 0.00301185	0.0062923
815 	 4915 	 0.853713 	 0.00301244	0.00629354
815 	 4920 	 0.853714 	 0.00301303	0.00629477
815 	 4925 	 0.853716 	 0.00301362	0.00629601
815 	 4930 	 0.853717 	 0.00301421	0.00629724
815 	 4935 	 0.853718 	 0.0030148	0.00629847
815 	 4940 	 0.853719 	 0.00301539	0.00629969
815 	 4945 	 0.85372 	 0.00301597	0.00630092
815 	 4950 	 0.853722 	 0.00301656	0.00630214
815 	 4955 	 0.853723 	 0.00301715	0.00630337
815 	 4960 	 0.853724 	 0.00301773	0.00630459
815 	 4965 	 0.853725 	 0.00301831	0.00630581
815 	 4970 	 0.853727 	 0.0030189	0.00630703
815 	 4975 	 0.853728 	 0.00301948	0.00630824
815 	 4980 	 0.853729 	 0.00302006	0.00630946
815 	 4985 	 0.85373 	 0.00302064	0.00631067
815 	 4990 	 0.853731 	 0.00302122	0.00631188
815 	 4995 	 0.853733 	 0.0030218	0.00631309
815 	 5000 	 0.853734 	 0.00302238	0.0063143
