1360 	 5 	 0.727147 	 0.00650563	0.0135914
1360 	 10 	 0.727746 	 0.00610277	0.0127498
1360 	 15 	 0.728881 	 0.00547257	0.0114332
1360 	 20 	 0.730987 	 0.00457895	0.00956625
1360 	 25 	 0.734772 	 0.00355524	0.00742754
1360 	 30 	 0.741181 	 0.00288799	0.00603353
1360 	 35 	 0.751025 	 0.00280758	0.00586555
1360 	 40 	 0.764083 	 0.00254583	0.00531871
1360 	 45 	 0.779415 	 0.00260482	0.00544195
1360 	 50 	 0.793563 	 0.00249156	0.00520533
1360 	 55 	 0.804232 	 0.00221808	0.00463398
1360 	 60 	 0.811433 	 0.00179622	0.00375262
1360 	 65 	 0.816047 	 0.00151552	0.00316619
1360 	 70 	 0.819019 	 0.00145842	0.0030469
1360 	 75 	 0.82103 	 0.00149949	0.0031327
1360 	 80 	 0.822499 	 0.00154448	0.0032267
1360 	 85 	 0.823663 	 0.0015727	0.00328566
1360 	 90 	 0.824651 	 0.00159083	0.00332352
1360 	 95 	 0.825531 	 0.00160772	0.00335882
1360 	 100 	 0.826342 	 0.00162811	0.00340142
1360 	 105 	 0.827103 	 0.00165298	0.00345337
1360 	 110 	 0.827824 	 0.00168127	0.00351249
1360 	 115 	 0.828514 	 0.00171131	0.00357524
1360 	 120 	 0.829174 	 0.00174149	0.0036383
1360 	 125 	 0.829808 	 0.00177061	0.00369912
1360 	 130 	 0.830417 	 0.00179785	0.00375603
1360 	 135 	 0.831003 	 0.00182278	0.00380811
1360 	 140 	 0.831567 	 0.0018452	0.00385497
1360 	 145 	 0.83211 	 0.00186513	0.0038966
1360 	 150 	 0.832634 	 0.00188268	0.00393325
1360 	 155 	 0.833138 	 0.00189801	0.00396529
1360 	 160 	 0.833624 	 0.00191135	0.00399316
1360 	 165 	 0.834093 	 0.00192292	0.00401733
1360 	 170 	 0.834546 	 0.00193294	0.00403826
1360 	 175 	 0.834982 	 0.00194162	0.00405639
1360 	 180 	 0.835403 	 0.00194914	0.00407212
1360 	 185 	 0.83581 	 0.00195569	0.00408579
1360 	 190 	 0.836203 	 0.00196141	0.00409774
1360 	 195 	 0.836583 	 0.00196643	0.00410823
1360 	 200 	 0.83695 	 0.00197087	0.00411751
1360 	 205 	 0.837305 	 0.00197483	0.00412577
1360 	 210 	 0.837648 	 0.00197838	0.00413321
1360 	 215 	 0.837981 	 0.00198161	0.00413995
1360 	 220 	 0.838303 	 0.00198457	0.00414613
1360 	 225 	 0.838614 	 0.00198731	0.00415185
1360 	 230 	 0.838916 	 0.00198987	0.00415719
1360 	 235 	 0.839209 	 0.00199228	0.00416223
1360 	 240 	 0.839492 	 0.00199457	0.00416702
1360 	 245 	 0.839768 	 0.00199677	0.00417161
1360 	 250 	 0.840035 	 0.00199889	0.00417604
1360 	 255 	 0.840294 	 0.00200094	0.00418034
1360 	 260 	 0.840545 	 0.00200295	0.00418453
1360 	 265 	 0.84079 	 0.00200492	0.00418864
1360 	 270 	 0.841027 	 0.00200685	0.00419268
1360 	 275 	 0.841258 	 0.00200876	0.00419666
1360 	 280 	 0.841482 	 0.00201065	0.00420061
1360 	 285 	 0.8417 	 0.00201252	0.00420451
1360 	 290 	 0.841912 	 0.00201437	0.00420839
1360 	 295 	 0.842119 	 0.00201622	0.00421225
1360 	 300 	 0.84232 	 0.00201806	0.00421609
1360 	 305 	 0.842516 	 0.00201989	0.00421991
1360 	 310 	 0.842707 	 0.00202171	0.00422373
1360 	 315 	 0.842892 	 0.00202354	0.00422754
1360 	 320 	 0.843073 	 0.00202536	0.00423134
1360 	 325 	 0.84325 	 0.00202718	0.00423514
1360 	 330 	 0.843422 	 0.002029	0.00423894
1360 	 335 	 0.84359 	 0.00203082	0.00424275
1360 	 340 	 0.843754 	 0.00203264	0.00424656
1360 	 345 	 0.843914 	 0.00203447	0.00425038
1360 	 350 	 0.84407 	 0.0020363	0.0042542
1360 	 355 	 0.844223 	 0.00203814	0.00425804
1360 	 360 	 0.844372 	 0.00203998	0.00426189
1360 	 365 	 0.844517 	 0.00204183	0.00426576
1360 	 370 	 0.844659 	 0.00204369	0.00426965
1360 	 375 	 0.844798 	 0.00204556	0.00427355
1360 	 380 	 0.844934 	 0.00204744	0.00427748
1360 	 385 	 0.845067 	 0.00204933	0.00428142
1360 	 390 	 0.845197 	 0.00205123	0.0042854
1360 	 395 	 0.845325 	 0.00205315	0.0042894
1360 	 400 	 0.845449 	 0.00205508	0.00429343
1360 	 405 	 0.845571 	 0.00205702	0.00429749
1360 	 410 	 0.84569 	 0.00205898	0.00430158
1360 	 415 	 0.845807 	 0.00206095	0.00430571
1360 	 420 	 0.845922 	 0.00206294	0.00430987
1360 	 425 	 0.846034 	 0.00206495	0.00431406
1360 	 430 	 0.846143 	 0.00206698	0.0043183
1360 	 435 	 0.846251 	 0.00206903	0.00432257
1360 	 440 	 0.846357 	 0.00207109	0.00432689
1360 	 445 	 0.84646 	 0.00207318	0.00433125
1360 	 450 	 0.846562 	 0.00207528	0.00433564
1360 	 455 	 0.846661 	 0.00207741	0.00434009
1360 	 460 	 0.846759 	 0.00207956	0.00434457
1360 	 465 	 0.846855 	 0.00208173	0.0043491
1360 	 470 	 0.846949 	 0.00208392	0.00435368
1360 	 475 	 0.847041 	 0.00208613	0.0043583
1360 	 480 	 0.847132 	 0.00208837	0.00436298
1360 	 485 	 0.84722 	 0.00209062	0.00436769
1360 	 490 	 0.847308 	 0.0020929	0.00437246
1360 	 495 	 0.847394 	 0.00209521	0.00437727
1360 	 500 	 0.847478 	 0.00209754	0.00438213
1360 	 505 	 0.847561 	 0.00209989	0.00438704
1360 	 510 	 0.847642 	 0.00210226	0.004392
1360 	 515 	 0.847722 	 0.00210466	0.00439701
1360 	 520 	 0.847801 	 0.00210707	0.00440206
1360 	 525 	 0.847878 	 0.00210952	0.00440717
1360 	 530 	 0.847954 	 0.00211198	0.00441232
1360 	 535 	 0.848028 	 0.00211447	0.00441752
1360 	 540 	 0.848102 	 0.00211698	0.00442277
1360 	 545 	 0.848174 	 0.00211952	0.00442806
1360 	 550 	 0.848245 	 0.00212208	0.0044334
1360 	 555 	 0.848315 	 0.00212466	0.00443879
1360 	 560 	 0.848384 	 0.00212726	0.00444423
1360 	 565 	 0.848452 	 0.00212988	0.00444971
1360 	 570 	 0.848518 	 0.00213253	0.00445524
1360 	 575 	 0.848584 	 0.00213519	0.00446081
1360 	 580 	 0.848649 	 0.00213788	0.00446643
1360 	 585 	 0.848712 	 0.00214059	0.00447209
1360 	 590 	 0.848775 	 0.00214332	0.00447779
1360 	 595 	 0.848837 	 0.00214607	0.00448353
1360 	 600 	 0.848897 	 0.00214884	0.00448932
1360 	 605 	 0.848957 	 0.00215163	0.00449515
1360 	 610 	 0.849016 	 0.00215444	0.00450102
1360 	 615 	 0.849074 	 0.00215727	0.00450693
1360 	 620 	 0.849132 	 0.00216012	0.00451288
1360 	 625 	 0.849188 	 0.00216298	0.00451886
1360 	 630 	 0.849244 	 0.00216586	0.00452489
1360 	 635 	 0.849298 	 0.00216877	0.00453095
1360 	 640 	 0.849353 	 0.00217168	0.00453704
1360 	 645 	 0.849406 	 0.00217462	0.00454318
1360 	 650 	 0.849458 	 0.00217757	0.00454934
1360 	 655 	 0.84951 	 0.00218054	0.00455554
1360 	 660 	 0.849561 	 0.00218352	0.00456178
1360 	 665 	 0.849612 	 0.00218652	0.00456804
1360 	 670 	 0.849662 	 0.00218953	0.00457434
1360 	 675 	 0.849711 	 0.00219256	0.00458066
1360 	 680 	 0.849759 	 0.00219561	0.00458702
1360 	 685 	 0.849807 	 0.00219866	0.00459341
1360 	 690 	 0.849854 	 0.00220173	0.00459982
1360 	 695 	 0.849901 	 0.00220482	0.00460626
1360 	 700 	 0.849946 	 0.00220791	0.00461273
1360 	 705 	 0.849992 	 0.00221102	0.00461922
1360 	 710 	 0.850037 	 0.00221414	0.00462574
1360 	 715 	 0.850081 	 0.00221727	0.00463229
1360 	 720 	 0.850124 	 0.00222041	0.00463885
1360 	 725 	 0.850167 	 0.00222357	0.00464544
1360 	 730 	 0.85021 	 0.00222673	0.00465205
1360 	 735 	 0.850252 	 0.00222991	0.00465868
1360 	 740 	 0.850294 	 0.00223309	0.00466534
1360 	 745 	 0.850335 	 0.00223629	0.00467201
1360 	 750 	 0.850375 	 0.00223949	0.0046787
1360 	 755 	 0.850415 	 0.0022427	0.00468541
1360 	 760 	 0.850455 	 0.00224592	0.00469213
1360 	 765 	 0.850494 	 0.00224915	0.00469888
1360 	 770 	 0.850532 	 0.00225238	0.00470564
1360 	 775 	 0.85057 	 0.00225562	0.00471241
1360 	 780 	 0.850608 	 0.00225887	0.0047192
1360 	 785 	 0.850645 	 0.00226213	0.004726
1360 	 790 	 0.850682 	 0.00226539	0.00473282
1360 	 795 	 0.850718 	 0.00226866	0.00473965
1360 	 800 	 0.850754 	 0.00227194	0.00474649
1360 	 805 	 0.85079 	 0.00227522	0.00475335
1360 	 810 	 0.850825 	 0.0022785	0.00476021
1360 	 815 	 0.85086 	 0.00228179	0.00476708
1360 	 820 	 0.850894 	 0.00228509	0.00477397
1360 	 825 	 0.850928 	 0.00228839	0.00478086
1360 	 830 	 0.850962 	 0.00229169	0.00478776
1360 	 835 	 0.850995 	 0.002295	0.00479467
1360 	 840 	 0.851028 	 0.00229831	0.00480159
1360 	 845 	 0.851061 	 0.00230162	0.00480851
1360 	 850 	 0.851093 	 0.00230494	0.00481544
1360 	 855 	 0.851125 	 0.00230826	0.00482237
1360 	 860 	 0.851156 	 0.00231158	0.00482931
1360 	 865 	 0.851187 	 0.00231491	0.00483626
1360 	 870 	 0.851218 	 0.00231823	0.00484321
1360 	 875 	 0.851249 	 0.00232156	0.00485016
1360 	 880 	 0.851279 	 0.00232489	0.00485712
1360 	 885 	 0.851309 	 0.00232822	0.00486407
1360 	 890 	 0.851338 	 0.00233155	0.00487103
1360 	 895 	 0.851367 	 0.00233488	0.004878
1360 	 900 	 0.851396 	 0.00233822	0.00488496
1360 	 905 	 0.851425 	 0.00234155	0.00489192
1360 	 910 	 0.851453 	 0.00234488	0.00489889
1360 	 915 	 0.851482 	 0.00234822	0.00490585
1360 	 920 	 0.851509 	 0.00235155	0.00491282
1360 	 925 	 0.851537 	 0.00235488	0.00491978
1360 	 930 	 0.851564 	 0.00235822	0.00492674
1360 	 935 	 0.851591 	 0.00236155	0.0049337
1360 	 940 	 0.851618 	 0.00236488	0.00494066
1360 	 945 	 0.851644 	 0.00236821	0.00494762
1360 	 950 	 0.851671 	 0.00237154	0.00495457
1360 	 955 	 0.851697 	 0.00237486	0.00496152
1360 	 960 	 0.851722 	 0.00237819	0.00496847
1360 	 965 	 0.851748 	 0.00238151	0.00497541
1360 	 970 	 0.851773 	 0.00238483	0.00498235
1360 	 975 	 0.851798 	 0.00238815	0.00498928
1360 	 980 	 0.851823 	 0.00239147	0.00499621
1360 	 985 	 0.851847 	 0.00239478	0.00500314
1360 	 990 	 0.851872 	 0.00239809	0.00501005
1360 	 995 	 0.851896 	 0.0024014	0.00501697
1360 	 1000 	 0.851919 	 0.00240471	0.00502388
1360 	 1005 	 0.851943 	 0.00240801	0.00503078
1360 	 1010 	 0.851967 	 0.00241131	0.00503767
1360 	 1015 	 0.85199 	 0.00241461	0.00504456
1360 	 1020 	 0.852013 	 0.0024179	0.00505144
1360 	 1025 	 0.852035 	 0.00242119	0.00505831
1360 	 1030 	 0.852058 	 0.00242448	0.00506518
1360 	 1035 	 0.85208 	 0.00242776	0.00507204
1360 	 1040 	 0.852103 	 0.00243104	0.00507889
1360 	 1045 	 0.852125 	 0.00243432	0.00508573
1360 	 1050 	 0.852146 	 0.00243759	0.00509257
1360 	 1055 	 0.852168 	 0.00244085	0.00509939
1360 	 1060 	 0.852189 	 0.00244412	0.00510621
1360 	 1065 	 0.852211 	 0.00244738	0.00511301
1360 	 1070 	 0.852232 	 0.00245063	0.00511981
1360 	 1075 	 0.852253 	 0.00245388	0.0051266
1360 	 1080 	 0.852273 	 0.00245712	0.00513338
1360 	 1085 	 0.852294 	 0.00246036	0.00514015
1360 	 1090 	 0.852314 	 0.0024636	0.00514691
1360 	 1095 	 0.852334 	 0.00246683	0.00515366
1360 	 1100 	 0.852354 	 0.00247005	0.00516039
1360 	 1105 	 0.852374 	 0.00247327	0.00516712
1360 	 1110 	 0.852394 	 0.00247649	0.00517384
1360 	 1115 	 0.852413 	 0.0024797	0.00518054
1360 	 1120 	 0.852433 	 0.0024829	0.00518724
1360 	 1125 	 0.852452 	 0.0024861	0.00519392
1360 	 1130 	 0.852471 	 0.0024893	0.0052006
1360 	 1135 	 0.85249 	 0.00249249	0.00520726
1360 	 1140 	 0.852508 	 0.00249567	0.00521391
1360 	 1145 	 0.852527 	 0.00249885	0.00522055
1360 	 1150 	 0.852545 	 0.00250202	0.00522717
1360 	 1155 	 0.852564 	 0.00250518	0.00523379
1360 	 1160 	 0.852582 	 0.00250834	0.00524039
1360 	 1165 	 0.8526 	 0.0025115	0.00524698
1360 	 1170 	 0.852618 	 0.00251465	0.00525356
1360 	 1175 	 0.852635 	 0.00251779	0.00526012
1360 	 1180 	 0.852653 	 0.00252093	0.00526667
1360 	 1185 	 0.85267 	 0.00252406	0.00527321
1360 	 1190 	 0.852688 	 0.00252718	0.00527974
1360 	 1195 	 0.852705 	 0.0025303	0.00528626
1360 	 1200 	 0.852722 	 0.00253341	0.00529276
1360 	 1205 	 0.852739 	 0.00253652	0.00529925
1360 	 1210 	 0.852755 	 0.00253962	0.00530572
1360 	 1215 	 0.852772 	 0.00254271	0.00531219
1360 	 1220 	 0.852789 	 0.0025458	0.00531864
1360 	 1225 	 0.852805 	 0.00254888	0.00532507
1360 	 1230 	 0.852821 	 0.00255195	0.0053315
1360 	 1235 	 0.852837 	 0.00255502	0.0053379
1360 	 1240 	 0.852853 	 0.00255808	0.0053443
1360 	 1245 	 0.852869 	 0.00256114	0.00535068
1360 	 1250 	 0.852885 	 0.00256419	0.00535705
1360 	 1255 	 0.852901 	 0.00256723	0.00536341
1360 	 1260 	 0.852916 	 0.00257026	0.00536975
1360 	 1265 	 0.852932 	 0.00257329	0.00537608
1360 	 1270 	 0.852947 	 0.00257631	0.00538239
1360 	 1275 	 0.852962 	 0.00257933	0.00538869
1360 	 1280 	 0.852977 	 0.00258234	0.00539498
1360 	 1285 	 0.852992 	 0.00258534	0.00540125
1360 	 1290 	 0.853007 	 0.00258834	0.00540751
1360 	 1295 	 0.853022 	 0.00259133	0.00541375
1360 	 1300 	 0.853037 	 0.00259431	0.00541998
1360 	 1305 	 0.853051 	 0.00259728	0.0054262
1360 	 1310 	 0.853066 	 0.00260025	0.0054324
1360 	 1315 	 0.85308 	 0.00260321	0.00543859
1360 	 1320 	 0.853094 	 0.00260617	0.00544476
1360 	 1325 	 0.853109 	 0.00260912	0.00545092
1360 	 1330 	 0.853123 	 0.00261206	0.00545707
1360 	 1335 	 0.853137 	 0.00261499	0.0054632
1360 	 1340 	 0.853151 	 0.00261792	0.00546931
1360 	 1345 	 0.853164 	 0.00262084	0.00547541
1360 	 1350 	 0.853178 	 0.00262375	0.0054815
1360 	 1355 	 0.853192 	 0.00262666	0.00548758
1360 	 1360 	 0.853205 	 0.00262956	0.00549363
1360 	 1365 	 0.853218 	 0.00263246	0.00549968
1360 	 1370 	 0.853232 	 0.00263534	0.00550571
1360 	 1375 	 0.853245 	 0.00263822	0.00551172
1360 	 1380 	 0.853258 	 0.00264109	0.00551773
1360 	 1385 	 0.853271 	 0.00264396	0.00552371
1360 	 1390 	 0.853284 	 0.00264682	0.00552968
1360 	 1395 	 0.853297 	 0.00264967	0.00553564
1360 	 1400 	 0.85331 	 0.00265251	0.00554159
1360 	 1405 	 0.853323 	 0.00265535	0.00554751
1360 	 1410 	 0.853335 	 0.00265818	0.00555343
1360 	 1415 	 0.853348 	 0.00266101	0.00555933
1360 	 1420 	 0.85336 	 0.00266382	0.00556521
1360 	 1425 	 0.853373 	 0.00266663	0.00557109
1360 	 1430 	 0.853385 	 0.00266944	0.00557694
1360 	 1435 	 0.853397 	 0.00267223	0.00558278
1360 	 1440 	 0.853409 	 0.00267502	0.00558861
1360 	 1445 	 0.853421 	 0.00267781	0.00559443
1360 	 1450 	 0.853433 	 0.00268058	0.00560022
1360 	 1455 	 0.853445 	 0.00268335	0.00560601
1360 	 1460 	 0.853457 	 0.00268611	0.00561178
1360 	 1465 	 0.853469 	 0.00268887	0.00561753
1360 	 1470 	 0.853481 	 0.00269162	0.00562328
1360 	 1475 	 0.853492 	 0.00269436	0.005629
1360 	 1480 	 0.853504 	 0.00269709	0.00563471
1360 	 1485 	 0.853515 	 0.00269982	0.00564041
1360 	 1490 	 0.853527 	 0.00270254	0.0056461
1360 	 1495 	 0.853538 	 0.00270525	0.00565177
1360 	 1500 	 0.853549 	 0.00270796	0.00565742
1360 	 1505 	 0.85356 	 0.00271066	0.00566306
1360 	 1510 	 0.853571 	 0.00271335	0.00566869
1360 	 1515 	 0.853583 	 0.00271604	0.0056743
1360 	 1520 	 0.853593 	 0.00271872	0.0056799
1360 	 1525 	 0.853604 	 0.00272139	0.00568548
1360 	 1530 	 0.853615 	 0.00272406	0.00569105
1360 	 1535 	 0.853626 	 0.00272672	0.0056966
1360 	 1540 	 0.853637 	 0.00272937	0.00570215
1360 	 1545 	 0.853647 	 0.00273201	0.00570767
1360 	 1550 	 0.853658 	 0.00273465	0.00571318
1360 	 1555 	 0.853669 	 0.00273728	0.00571868
1360 	 1560 	 0.853679 	 0.00273991	0.00572417
1360 	 1565 	 0.853689 	 0.00274253	0.00572964
1360 	 1570 	 0.8537 	 0.00274514	0.00573509
1360 	 1575 	 0.85371 	 0.00274774	0.00574054
1360 	 1580 	 0.85372 	 0.00275034	0.00574596
1360 	 1585 	 0.85373 	 0.00275293	0.00575138
1360 	 1590 	 0.853741 	 0.00275552	0.00575678
1360 	 1595 	 0.853751 	 0.0027581	0.00576217
1360 	 1600 	 0.853761 	 0.00276067	0.00576754
1360 	 1605 	 0.853771 	 0.00276323	0.0057729
1360 	 1610 	 0.85378 	 0.00276579	0.00577824
1360 	 1615 	 0.85379 	 0.00276834	0.00578357
1360 	 1620 	 0.8538 	 0.00277089	0.00578889
1360 	 1625 	 0.85381 	 0.00277343	0.00579419
1360 	 1630 	 0.853819 	 0.00277596	0.00579948
1360 	 1635 	 0.853829 	 0.00277848	0.00580476
1360 	 1640 	 0.853838 	 0.002781	0.00581002
1360 	 1645 	 0.853848 	 0.00278351	0.00581527
1360 	 1650 	 0.853857 	 0.00278602	0.00582051
1360 	 1655 	 0.853867 	 0.00278852	0.00582573
1360 	 1660 	 0.853876 	 0.00279101	0.00583093
1360 	 1665 	 0.853885 	 0.0027935	0.00583613
1360 	 1670 	 0.853895 	 0.00279598	0.00584131
1360 	 1675 	 0.853904 	 0.00279845	0.00584648
1360 	 1680 	 0.853913 	 0.00280092	0.00585163
1360 	 1685 	 0.853922 	 0.00280338	0.00585677
1360 	 1690 	 0.853931 	 0.00280583	0.0058619
1360 	 1695 	 0.85394 	 0.00280828	0.00586701
1360 	 1700 	 0.853949 	 0.00281072	0.00587212
1360 	 1705 	 0.853958 	 0.00281316	0.0058772
1360 	 1710 	 0.853967 	 0.00281559	0.00588228
1360 	 1715 	 0.853975 	 0.00281801	0.00588734
1360 	 1720 	 0.853984 	 0.00282043	0.00589239
1360 	 1725 	 0.853993 	 0.00282284	0.00589742
1360 	 1730 	 0.854002 	 0.00282524	0.00590244
1360 	 1735 	 0.85401 	 0.00282764	0.00590745
1360 	 1740 	 0.854019 	 0.00283003	0.00591245
1360 	 1745 	 0.854027 	 0.00283242	0.00591743
1360 	 1750 	 0.854036 	 0.00283479	0.0059224
1360 	 1755 	 0.854044 	 0.00283717	0.00592736
1360 	 1760 	 0.854052 	 0.00283953	0.0059323
1360 	 1765 	 0.854061 	 0.00284189	0.00593723
1360 	 1770 	 0.854069 	 0.00284425	0.00594215
1360 	 1775 	 0.854077 	 0.0028466	0.00594706
1360 	 1780 	 0.854085 	 0.00284894	0.00595195
1360 	 1785 	 0.854094 	 0.00285127	0.00595683
1360 	 1790 	 0.854102 	 0.0028536	0.0059617
1360 	 1795 	 0.85411 	 0.00285593	0.00596655
1360 	 1800 	 0.854118 	 0.00285825	0.0059714
1360 	 1805 	 0.854126 	 0.00286056	0.00597623
1360 	 1810 	 0.854134 	 0.00286286	0.00598104
1360 	 1815 	 0.854142 	 0.00286516	0.00598585
1360 	 1820 	 0.85415 	 0.00286746	0.00599064
1360 	 1825 	 0.854157 	 0.00286975	0.00599542
1360 	 1830 	 0.854165 	 0.00287203	0.00600019
1360 	 1835 	 0.854173 	 0.0028743	0.00600495
1360 	 1840 	 0.854181 	 0.00287657	0.00600969
1360 	 1845 	 0.854188 	 0.00287884	0.00601442
1360 	 1850 	 0.854196 	 0.0028811	0.00601914
1360 	 1855 	 0.854204 	 0.00288335	0.00602384
1360 	 1860 	 0.854211 	 0.0028856	0.00602854
1360 	 1865 	 0.854219 	 0.00288784	0.00603322
1360 	 1870 	 0.854226 	 0.00289007	0.00603789
1360 	 1875 	 0.854234 	 0.0028923	0.00604255
1360 	 1880 	 0.854241 	 0.00289453	0.0060472
1360 	 1885 	 0.854248 	 0.00289675	0.00605183
1360 	 1890 	 0.854256 	 0.00289896	0.00605645
1360 	 1895 	 0.854263 	 0.00290117	0.00606106
1360 	 1900 	 0.85427 	 0.00290337	0.00606566
1360 	 1905 	 0.854277 	 0.00290556	0.00607025
1360 	 1910 	 0.854285 	 0.00290775	0.00607482
1360 	 1915 	 0.854292 	 0.00290994	0.00607939
1360 	 1920 	 0.854299 	 0.00291211	0.00608394
1360 	 1925 	 0.854306 	 0.00291429	0.00608848
1360 	 1930 	 0.854313 	 0.00291646	0.00609301
1360 	 1935 	 0.85432 	 0.00291862	0.00609752
1360 	 1940 	 0.854327 	 0.00292077	0.00610203
1360 	 1945 	 0.854334 	 0.00292292	0.00610652
1360 	 1950 	 0.854341 	 0.00292507	0.006111
1360 	 1955 	 0.854348 	 0.00292721	0.00611548
1360 	 1960 	 0.854355 	 0.00292934	0.00611993
1360 	 1965 	 0.854362 	 0.00293147	0.00612438
1360 	 1970 	 0.854368 	 0.0029336	0.00612882
1360 	 1975 	 0.854375 	 0.00293572	0.00613324
1360 	 1980 	 0.854382 	 0.00293783	0.00613766
1360 	 1985 	 0.854389 	 0.00293994	0.00614206
1360 	 1990 	 0.854395 	 0.00294204	0.00614645
1360 	 1995 	 0.854402 	 0.00294413	0.00615083
1360 	 2000 	 0.854408 	 0.00294623	0.0061552
1360 	 2005 	 0.854415 	 0.00294831	0.00615956
1360 	 2010 	 0.854422 	 0.00295039	0.00616391
1360 	 2015 	 0.854428 	 0.00295247	0.00616824
1360 	 2020 	 0.854435 	 0.00295454	0.00617257
1360 	 2025 	 0.854441 	 0.0029566	0.00617688
1360 	 2030 	 0.854447 	 0.00295866	0.00618119
1360 	 2035 	 0.854454 	 0.00296072	0.00618548
1360 	 2040 	 0.85446 	 0.00296277	0.00618976
1360 	 2045 	 0.854467 	 0.00296481	0.00619403
1360 	 2050 	 0.854473 	 0.00296685	0.00619829
1360 	 2055 	 0.854479 	 0.00296889	0.00620254
1360 	 2060 	 0.854485 	 0.00297091	0.00620678
1360 	 2065 	 0.854492 	 0.00297294	0.00621101
1360 	 2070 	 0.854498 	 0.00297496	0.00621523
1360 	 2075 	 0.854504 	 0.00297697	0.00621944
1360 	 2080 	 0.85451 	 0.00297898	0.00622363
1360 	 2085 	 0.854516 	 0.00298098	0.00622782
1360 	 2090 	 0.854522 	 0.00298298	0.00623199
1360 	 2095 	 0.854528 	 0.00298498	0.00623616
1360 	 2100 	 0.854534 	 0.00298696	0.00624031
1360 	 2105 	 0.85454 	 0.00298895	0.00624446
1360 	 2110 	 0.854546 	 0.00299093	0.00624859
1360 	 2115 	 0.854552 	 0.0029929	0.00625271
1360 	 2120 	 0.854558 	 0.00299487	0.00625683
1360 	 2125 	 0.854564 	 0.00299683	0.00626093
1360 	 2130 	 0.85457 	 0.00299879	0.00626502
1360 	 2135 	 0.854576 	 0.00300075	0.00626911
1360 	 2140 	 0.854582 	 0.0030027	0.00627318
1360 	 2145 	 0.854588 	 0.00300464	0.00627724
1360 	 2150 	 0.854593 	 0.00300658	0.0062813
1360 	 2155 	 0.854599 	 0.00300852	0.00628534
1360 	 2160 	 0.854605 	 0.00301045	0.00628937
1360 	 2165 	 0.854611 	 0.00301237	0.00629339
1360 	 2170 	 0.854616 	 0.00301429	0.00629741
1360 	 2175 	 0.854622 	 0.00301621	0.00630141
1360 	 2180 	 0.854627 	 0.00301812	0.0063054
1360 	 2185 	 0.854633 	 0.00302003	0.00630938
1360 	 2190 	 0.854639 	 0.00302193	0.00631336
1360 	 2195 	 0.854644 	 0.00302383	0.00631732
1360 	 2200 	 0.85465 	 0.00302572	0.00632128
1360 	 2205 	 0.854655 	 0.00302761	0.00632522
1360 	 2210 	 0.854661 	 0.00302949	0.00632915
1360 	 2215 	 0.854666 	 0.00303137	0.00633308
1360 	 2220 	 0.854672 	 0.00303324	0.00633699
1360 	 2225 	 0.854677 	 0.00303511	0.0063409
1360 	 2230 	 0.854682 	 0.00303698	0.0063448
1360 	 2235 	 0.854688 	 0.00303884	0.00634868
1360 	 2240 	 0.854693 	 0.00304069	0.00635256
1360 	 2245 	 0.854699 	 0.00304254	0.00635643
1360 	 2250 	 0.854704 	 0.00304439	0.00636029
1360 	 2255 	 0.854709 	 0.00304623	0.00636414
1360 	 2260 	 0.854714 	 0.00304807	0.00636798
1360 	 2265 	 0.85472 	 0.0030499	0.00637181
1360 	 2270 	 0.854725 	 0.00305173	0.00637563
1360 	 2275 	 0.85473 	 0.00305356	0.00637944
1360 	 2280 	 0.854735 	 0.00305538	0.00638324
1360 	 2285 	 0.85474 	 0.00305719	0.00638704
1360 	 2290 	 0.854746 	 0.00305901	0.00639082
1360 	 2295 	 0.854751 	 0.00306081	0.00639459
1360 	 2300 	 0.854756 	 0.00306262	0.00639836
1360 	 2305 	 0.854761 	 0.00306441	0.00640212
1360 	 2310 	 0.854766 	 0.00306621	0.00640587
1360 	 2315 	 0.854771 	 0.003068	0.00640961
1360 	 2320 	 0.854776 	 0.00306978	0.00641334
1360 	 2325 	 0.854781 	 0.00307156	0.00641706
1360 	 2330 	 0.854786 	 0.00307334	0.00642077
1360 	 2335 	 0.854791 	 0.00307511	0.00642447
1360 	 2340 	 0.854796 	 0.00307688	0.00642817
1360 	 2345 	 0.854801 	 0.00307865	0.00643185
1360 	 2350 	 0.854806 	 0.00308041	0.00643553
1360 	 2355 	 0.854811 	 0.00308216	0.0064392
1360 	 2360 	 0.854815 	 0.00308391	0.00644286
1360 	 2365 	 0.85482 	 0.00308566	0.00644651
1360 	 2370 	 0.854825 	 0.00308741	0.00645015
1360 	 2375 	 0.85483 	 0.00308914	0.00645379
1360 	 2380 	 0.854835 	 0.00309088	0.00645741
1360 	 2385 	 0.854839 	 0.00309261	0.00646103
1360 	 2390 	 0.854844 	 0.00309434	0.00646464
1360 	 2395 	 0.854849 	 0.00309606	0.00646823
1360 	 2400 	 0.854854 	 0.00309778	0.00647183
1360 	 2405 	 0.854858 	 0.00309949	0.00647541
1360 	 2410 	 0.854863 	 0.00310121	0.00647898
1360 	 2415 	 0.854868 	 0.00310291	0.00648255
1360 	 2420 	 0.854872 	 0.00310461	0.00648611
1360 	 2425 	 0.854877 	 0.00310631	0.00648965
1360 	 2430 	 0.854882 	 0.00310801	0.0064932
1360 	 2435 	 0.854886 	 0.0031097	0.00649673
1360 	 2440 	 0.854891 	 0.00311139	0.00650025
1360 	 2445 	 0.854895 	 0.00311307	0.00650377
1360 	 2450 	 0.8549 	 0.00311475	0.00650728
1360 	 2455 	 0.854904 	 0.00311642	0.00651077
1360 	 2460 	 0.854909 	 0.00311809	0.00651427
1360 	 2465 	 0.854913 	 0.00311976	0.00651775
1360 	 2470 	 0.854918 	 0.00312142	0.00652122
1360 	 2475 	 0.854922 	 0.00312308	0.00652469
1360 	 2480 	 0.854927 	 0.00312474	0.00652815
1360 	 2485 	 0.854931 	 0.00312639	0.0065316
1360 	 2490 	 0.854935 	 0.00312804	0.00653505
1360 	 2495 	 0.85494 	 0.00312968	0.00653848
1360 	 2500 	 0.854944 	 0.00313132	0.00654191
1360 	 2505 	 0.854949 	 0.00313296	0.00654533
1360 	 2510 	 0.854953 	 0.00313459	0.00654874
1360 	 2515 	 0.854957 	 0.00313622	0.00655214
1360 	 2520 	 0.854962 	 0.00313785	0.00655554
1360 	 2525 	 0.854966 	 0.00313947	0.00655893
1360 	 2530 	 0.85497 	 0.00314109	0.00656231
1360 	 2535 	 0.854974 	 0.0031427	0.00656568
1360 	 2540 	 0.854979 	 0.00314431	0.00656904
1360 	 2545 	 0.854983 	 0.00314592	0.0065724
1360 	 2550 	 0.854987 	 0.00314752	0.00657575
1360 	 2555 	 0.854991 	 0.00314912	0.00657909
1360 	 2560 	 0.854995 	 0.00315072	0.00658243
1360 	 2565 	 0.855 	 0.00315231	0.00658575
1360 	 2570 	 0.855004 	 0.0031539	0.00658907
1360 	 2575 	 0.855008 	 0.00315549	0.00659238
1360 	 2580 	 0.855012 	 0.00315707	0.00659569
1360 	 2585 	 0.855016 	 0.00315865	0.00659899
1360 	 2590 	 0.85502 	 0.00316022	0.00660227
1360 	 2595 	 0.855024 	 0.00316179	0.00660556
1360 	 2600 	 0.855028 	 0.00316336	0.00660883
1360 	 2605 	 0.855032 	 0.00316492	0.0066121
1360 	 2610 	 0.855036 	 0.00316648	0.00661536
1360 	 2615 	 0.85504 	 0.00316804	0.00661861
1360 	 2620 	 0.855044 	 0.00316959	0.00662185
1360 	 2625 	 0.855048 	 0.00317114	0.00662509
1360 	 2630 	 0.855052 	 0.00317269	0.00662832
1360 	 2635 	 0.855056 	 0.00317423	0.00663155
1360 	 2640 	 0.85506 	 0.00317577	0.00663476
1360 	 2645 	 0.855064 	 0.00317731	0.00663797
1360 	 2650 	 0.855068 	 0.00317884	0.00664117
1360 	 2655 	 0.855072 	 0.00318037	0.00664437
1360 	 2660 	 0.855076 	 0.00318189	0.00664755
1360 	 2665 	 0.85508 	 0.00318341	0.00665073
1360 	 2670 	 0.855084 	 0.00318493	0.00665391
1360 	 2675 	 0.855088 	 0.00318645	0.00665707
1360 	 2680 	 0.855091 	 0.00318796	0.00666023
1360 	 2685 	 0.855095 	 0.00318947	0.00666338
1360 	 2690 	 0.855099 	 0.00319098	0.00666653
1360 	 2695 	 0.855103 	 0.00319248	0.00666967
1360 	 2700 	 0.855107 	 0.00319398	0.0066728
1360 	 2705 	 0.85511 	 0.00319547	0.00667592
1360 	 2710 	 0.855114 	 0.00319696	0.00667904
1360 	 2715 	 0.855118 	 0.00319845	0.00668215
1360 	 2720 	 0.855122 	 0.00319994	0.00668526
1360 	 2725 	 0.855125 	 0.00320142	0.00668835
1360 	 2730 	 0.855129 	 0.0032029	0.00669144
1360 	 2735 	 0.855133 	 0.00320438	0.00669453
1360 	 2740 	 0.855137 	 0.00320585	0.0066976
1360 	 2745 	 0.85514 	 0.00320732	0.00670067
1360 	 2750 	 0.855144 	 0.00320878	0.00670374
1360 	 2755 	 0.855147 	 0.00321025	0.00670679
1360 	 2760 	 0.855151 	 0.00321171	0.00670984
1360 	 2765 	 0.855155 	 0.00321316	0.00671289
1360 	 2770 	 0.855158 	 0.00321462	0.00671592
1360 	 2775 	 0.855162 	 0.00321607	0.00671895
1360 	 2780 	 0.855166 	 0.00321752	0.00672198
1360 	 2785 	 0.855169 	 0.00321896	0.00672499
1360 	 2790 	 0.855173 	 0.0032204	0.006728
1360 	 2795 	 0.855176 	 0.00322184	0.00673101
1360 	 2800 	 0.85518 	 0.00322327	0.006734
1360 	 2805 	 0.855183 	 0.0032247	0.006737
1360 	 2810 	 0.855187 	 0.00322613	0.00673998
1360 	 2815 	 0.85519 	 0.00322756	0.00674296
1360 	 2820 	 0.855194 	 0.00322898	0.00674593
1360 	 2825 	 0.855197 	 0.0032304	0.0067489
1360 	 2830 	 0.855201 	 0.00323182	0.00675185
1360 	 2835 	 0.855204 	 0.00323323	0.00675481
1360 	 2840 	 0.855208 	 0.00323464	0.00675775
1360 	 2845 	 0.855211 	 0.00323605	0.00676069
1360 	 2850 	 0.855215 	 0.00323745	0.00676363
1360 	 2855 	 0.855218 	 0.00323885	0.00676655
1360 	 2860 	 0.855221 	 0.00324025	0.00676948
1360 	 2865 	 0.855225 	 0.00324165	0.00677239
1360 	 2870 	 0.855228 	 0.00324304	0.0067753
1360 	 2875 	 0.855232 	 0.00324443	0.0067782
1360 	 2880 	 0.855235 	 0.00324581	0.0067811
1360 	 2885 	 0.855238 	 0.0032472	0.00678399
1360 	 2890 	 0.855242 	 0.00324858	0.00678687
1360 	 2895 	 0.855245 	 0.00324996	0.00678975
1360 	 2900 	 0.855248 	 0.00325133	0.00679262
1360 	 2905 	 0.855252 	 0.0032527	0.00679549
1360 	 2910 	 0.855255 	 0.00325407	0.00679835
1360 	 2915 	 0.855258 	 0.00325544	0.0068012
1360 	 2920 	 0.855261 	 0.0032568	0.00680405
1360 	 2925 	 0.855265 	 0.00325816	0.00680689
1360 	 2930 	 0.855268 	 0.00325952	0.00680973
1360 	 2935 	 0.855271 	 0.00326087	0.00681256
1360 	 2940 	 0.855274 	 0.00326223	0.00681538
1360 	 2945 	 0.855278 	 0.00326357	0.0068182
1360 	 2950 	 0.855281 	 0.00326492	0.00682101
1360 	 2955 	 0.855284 	 0.00326626	0.00682382
1360 	 2960 	 0.855287 	 0.0032676	0.00682662
1360 	 2965 	 0.85529 	 0.00326894	0.00682942
1360 	 2970 	 0.855294 	 0.00327028	0.0068322
1360 	 2975 	 0.855297 	 0.00327161	0.00683499
1360 	 2980 	 0.8553 	 0.00327294	0.00683777
1360 	 2985 	 0.855303 	 0.00327427	0.00684054
1360 	 2990 	 0.855306 	 0.00327559	0.0068433
1360 	 2995 	 0.855309 	 0.00327691	0.00684606
1360 	 3000 	 0.855313 	 0.00327823	0.00684882
1360 	 3005 	 0.855316 	 0.00327954	0.00685157
1360 	 3010 	 0.855319 	 0.00328086	0.00685431
1360 	 3015 	 0.855322 	 0.00328217	0.00685705
1360 	 3020 	 0.855325 	 0.00328348	0.00685978
1360 	 3025 	 0.855328 	 0.00328478	0.00686251
1360 	 3030 	 0.855331 	 0.00328608	0.00686523
1360 	 3035 	 0.855334 	 0.00328738	0.00686794
1360 	 3040 	 0.855337 	 0.00328868	0.00687065
1360 	 3045 	 0.85534 	 0.00328997	0.00687335
1360 	 3050 	 0.855343 	 0.00329127	0.00687605
1360 	 3055 	 0.855346 	 0.00329255	0.00687875
1360 	 3060 	 0.855349 	 0.00329384	0.00688143
1360 	 3065 	 0.855352 	 0.00329512	0.00688412
1360 	 3070 	 0.855355 	 0.00329641	0.00688679
1360 	 3075 	 0.855358 	 0.00329768	0.00688946
1360 	 3080 	 0.855361 	 0.00329896	0.00689213
1360 	 3085 	 0.855364 	 0.00330023	0.00689479
1360 	 3090 	 0.855367 	 0.0033015	0.00689744
1360 	 3095 	 0.85537 	 0.00330277	0.00690009
1360 	 3100 	 0.855373 	 0.00330404	0.00690274
1360 	 3105 	 0.855376 	 0.0033053	0.00690538
1360 	 3110 	 0.855379 	 0.00330656	0.00690801
1360 	 3115 	 0.855382 	 0.00330782	0.00691064
1360 	 3120 	 0.855385 	 0.00330908	0.00691326
1360 	 3125 	 0.855387 	 0.00331033	0.00691588
1360 	 3130 	 0.85539 	 0.00331158	0.00691849
1360 	 3135 	 0.855393 	 0.00331283	0.0069211
1360 	 3140 	 0.855396 	 0.00331407	0.0069237
1360 	 3145 	 0.855399 	 0.00331532	0.0069263
1360 	 3150 	 0.855402 	 0.00331656	0.00692889
1360 	 3155 	 0.855405 	 0.00331779	0.00693148
1360 	 3160 	 0.855407 	 0.00331903	0.00693406
1360 	 3165 	 0.85541 	 0.00332026	0.00693663
1360 	 3170 	 0.855413 	 0.00332149	0.0069392
1360 	 3175 	 0.855416 	 0.00332272	0.00694177
1360 	 3180 	 0.855419 	 0.00332395	0.00694433
1360 	 3185 	 0.855422 	 0.00332517	0.00694689
1360 	 3190 	 0.855424 	 0.00332639	0.00694944
1360 	 3195 	 0.855427 	 0.00332761	0.00695198
1360 	 3200 	 0.85543 	 0.00332883	0.00695452
1360 	 3205 	 0.855433 	 0.00333004	0.00695706
1360 	 3210 	 0.855435 	 0.00333125	0.00695959
1360 	 3215 	 0.855438 	 0.00333246	0.00696211
1360 	 3220 	 0.855441 	 0.00333367	0.00696463
1360 	 3225 	 0.855444 	 0.00333487	0.00696715
1360 	 3230 	 0.855446 	 0.00333607	0.00696966
1360 	 3235 	 0.855449 	 0.00333727	0.00697217
1360 	 3240 	 0.855452 	 0.00333847	0.00697467
1360 	 3245 	 0.855454 	 0.00333966	0.00697716
1360 	 3250 	 0.855457 	 0.00334085	0.00697965
1360 	 3255 	 0.85546 	 0.00334204	0.00698214
1360 	 3260 	 0.855462 	 0.00334323	0.00698462
1360 	 3265 	 0.855465 	 0.00334442	0.0069871
1360 	 3270 	 0.855468 	 0.0033456	0.00698957
1360 	 3275 	 0.85547 	 0.00334678	0.00699204
1360 	 3280 	 0.855473 	 0.00334796	0.0069945
1360 	 3285 	 0.855476 	 0.00334914	0.00699696
1360 	 3290 	 0.855478 	 0.00335031	0.00699941
1360 	 3295 	 0.855481 	 0.00335148	0.00700186
1360 	 3300 	 0.855484 	 0.00335265	0.0070043
1360 	 3305 	 0.855486 	 0.00335382	0.00700674
1360 	 3310 	 0.855489 	 0.00335498	0.00700917
1360 	 3315 	 0.855491 	 0.00335615	0.0070116
1360 	 3320 	 0.855494 	 0.00335731	0.00701402
1360 	 3325 	 0.855496 	 0.00335846	0.00701644
1360 	 3330 	 0.855499 	 0.00335962	0.00701886
1360 	 3335 	 0.855502 	 0.00336077	0.00702127
1360 	 3340 	 0.855504 	 0.00336193	0.00702368
1360 	 3345 	 0.855507 	 0.00336307	0.00702608
1360 	 3350 	 0.855509 	 0.00336422	0.00702847
1360 	 3355 	 0.855512 	 0.00336537	0.00703086
1360 	 3360 	 0.855514 	 0.00336651	0.00703325
1360 	 3365 	 0.855517 	 0.00336765	0.00703563
1360 	 3370 	 0.855519 	 0.00336879	0.00703801
1360 	 3375 	 0.855522 	 0.00336992	0.00704039
1360 	 3380 	 0.855524 	 0.00337106	0.00704276
1360 	 3385 	 0.855527 	 0.00337219	0.00704512
1360 	 3390 	 0.855529 	 0.00337332	0.00704748
1360 	 3395 	 0.855532 	 0.00337445	0.00704984
1360 	 3400 	 0.855534 	 0.00337557	0.00705219
1360 	 3405 	 0.855537 	 0.0033767	0.00705453
1360 	 3410 	 0.855539 	 0.00337782	0.00705688
1360 	 3415 	 0.855542 	 0.00337894	0.00705921
1360 	 3420 	 0.855544 	 0.00338005	0.00706155
1360 	 3425 	 0.855547 	 0.00338117	0.00706388
1360 	 3430 	 0.855549 	 0.00338228	0.0070662
1360 	 3435 	 0.855551 	 0.00338339	0.00706852
1360 	 3440 	 0.855554 	 0.0033845	0.00707084
1360 	 3445 	 0.855556 	 0.00338561	0.00707315
1360 	 3450 	 0.855559 	 0.00338671	0.00707546
1360 	 3455 	 0.855561 	 0.00338781	0.00707776
1360 	 3460 	 0.855563 	 0.00338891	0.00708006
1360 	 3465 	 0.855566 	 0.00339001	0.00708235
1360 	 3470 	 0.855568 	 0.00339111	0.00708464
1360 	 3475 	 0.855571 	 0.0033922	0.00708693
1360 	 3480 	 0.855573 	 0.00339329	0.00708921
1360 	 3485 	 0.855575 	 0.00339439	0.00709149
1360 	 3490 	 0.855578 	 0.00339547	0.00709376
1360 	 3495 	 0.85558 	 0.00339656	0.00709603
1360 	 3500 	 0.855582 	 0.00339764	0.0070983
1360 	 3505 	 0.855585 	 0.00339873	0.00710056
1360 	 3510 	 0.855587 	 0.00339981	0.00710281
1360 	 3515 	 0.855589 	 0.00340088	0.00710506
1360 	 3520 	 0.855592 	 0.00340196	0.00710731
1360 	 3525 	 0.855594 	 0.00340303	0.00710956
1360 	 3530 	 0.855596 	 0.00340411	0.0071118
1360 	 3535 	 0.855599 	 0.00340518	0.00711403
1360 	 3540 	 0.855601 	 0.00340624	0.00711626
1360 	 3545 	 0.855603 	 0.00340731	0.00711849
1360 	 3550 	 0.855606 	 0.00340837	0.00712071
1360 	 3555 	 0.855608 	 0.00340944	0.00712293
1360 	 3560 	 0.85561 	 0.0034105	0.00712515
1360 	 3565 	 0.855612 	 0.00341156	0.00712736
1360 	 3570 	 0.855615 	 0.00341261	0.00712957
1360 	 3575 	 0.855617 	 0.00341367	0.00713177
1360 	 3580 	 0.855619 	 0.00341472	0.00713397
1360 	 3585 	 0.855621 	 0.00341577	0.00713616
1360 	 3590 	 0.855624 	 0.00341682	0.00713836
1360 	 3595 	 0.855626 	 0.00341786	0.00714054
1360 	 3600 	 0.855628 	 0.00341891	0.00714273
1360 	 3605 	 0.85563 	 0.00341995	0.0071449
1360 	 3610 	 0.855632 	 0.00342099	0.00714708
1360 	 3615 	 0.855635 	 0.00342203	0.00714925
1360 	 3620 	 0.855637 	 0.00342307	0.00715142
1360 	 3625 	 0.855639 	 0.00342411	0.00715358
1360 	 3630 	 0.855641 	 0.00342514	0.00715574
1360 	 3635 	 0.855643 	 0.00342617	0.0071579
1360 	 3640 	 0.855646 	 0.0034272	0.00716005
1360 	 3645 	 0.855648 	 0.00342823	0.0071622
1360 	 3650 	 0.85565 	 0.00342926	0.00716434
1360 	 3655 	 0.855652 	 0.00343028	0.00716648
1360 	 3660 	 0.855654 	 0.0034313	0.00716862
1360 	 3665 	 0.855656 	 0.00343232	0.00717075
1360 	 3670 	 0.855659 	 0.00343334	0.00717288
1360 	 3675 	 0.855661 	 0.00343436	0.007175
1360 	 3680 	 0.855663 	 0.00343537	0.00717712
1360 	 3685 	 0.855665 	 0.00343639	0.00717924
1360 	 3690 	 0.855667 	 0.0034374	0.00718135
1360 	 3695 	 0.855669 	 0.00343841	0.00718346
1360 	 3700 	 0.855671 	 0.00343942	0.00718557
1360 	 3705 	 0.855673 	 0.00344042	0.00718767
1360 	 3710 	 0.855676 	 0.00344143	0.00718977
1360 	 3715 	 0.855678 	 0.00344243	0.00719187
1360 	 3720 	 0.85568 	 0.00344343	0.00719396
1360 	 3725 	 0.855682 	 0.00344443	0.00719604
1360 	 3730 	 0.855684 	 0.00344543	0.00719813
1360 	 3735 	 0.855686 	 0.00344642	0.00720021
1360 	 3740 	 0.855688 	 0.00344742	0.00720228
1360 	 3745 	 0.85569 	 0.00344841	0.00720436
1360 	 3750 	 0.855692 	 0.0034494	0.00720643
1360 	 3755 	 0.855694 	 0.00345039	0.00720849
1360 	 3760 	 0.855696 	 0.00345138	0.00721055
1360 	 3765 	 0.855698 	 0.00345236	0.00721261
1360 	 3770 	 0.8557 	 0.00345334	0.00721467
1360 	 3775 	 0.855702 	 0.00345433	0.00721672
1360 	 3780 	 0.855705 	 0.00345531	0.00721876
1360 	 3785 	 0.855707 	 0.00345628	0.00722081
1360 	 3790 	 0.855709 	 0.00345726	0.00722285
1360 	 3795 	 0.855711 	 0.00345824	0.00722489
1360 	 3800 	 0.855713 	 0.00345921	0.00722692
1360 	 3805 	 0.855715 	 0.00346018	0.00722895
1360 	 3810 	 0.855717 	 0.00346115	0.00723097
1360 	 3815 	 0.855719 	 0.00346212	0.007233
1360 	 3820 	 0.855721 	 0.00346308	0.00723502
1360 	 3825 	 0.855723 	 0.00346405	0.00723703
1360 	 3830 	 0.855725 	 0.00346501	0.00723904
1360 	 3835 	 0.855727 	 0.00346597	0.00724105
1360 	 3840 	 0.855729 	 0.00346693	0.00724306
1360 	 3845 	 0.855731 	 0.00346789	0.00724506
1360 	 3850 	 0.855732 	 0.00346885	0.00724706
1360 	 3855 	 0.855734 	 0.0034698	0.00724905
1360 	 3860 	 0.855736 	 0.00347076	0.00725104
1360 	 3865 	 0.855738 	 0.00347171	0.00725303
1360 	 3870 	 0.85574 	 0.00347266	0.00725501
1360 	 3875 	 0.855742 	 0.00347361	0.00725699
1360 	 3880 	 0.855744 	 0.00347455	0.00725897
1360 	 3885 	 0.855746 	 0.0034755	0.00726095
1360 	 3890 	 0.855748 	 0.00347644	0.00726292
1360 	 3895 	 0.85575 	 0.00347738	0.00726488
1360 	 3900 	 0.855752 	 0.00347832	0.00726685
1360 	 3905 	 0.855754 	 0.00347926	0.00726881
1360 	 3910 	 0.855756 	 0.0034802	0.00727077
1360 	 3915 	 0.855758 	 0.00348113	0.00727272
1360 	 3920 	 0.85576 	 0.00348207	0.00727467
1360 	 3925 	 0.855761 	 0.003483	0.00727662
1360 	 3930 	 0.855763 	 0.00348393	0.00727856
1360 	 3935 	 0.855765 	 0.00348486	0.0072805
1360 	 3940 	 0.855767 	 0.00348579	0.00728244
1360 	 3945 	 0.855769 	 0.00348671	0.00728438
1360 	 3950 	 0.855771 	 0.00348764	0.00728631
1360 	 3955 	 0.855773 	 0.00348856	0.00728823
1360 	 3960 	 0.855775 	 0.00348948	0.00729016
1360 	 3965 	 0.855776 	 0.0034904	0.00729208
1360 	 3970 	 0.855778 	 0.00349132	0.007294
1360 	 3975 	 0.85578 	 0.00349223	0.00729591
1360 	 3980 	 0.855782 	 0.00349315	0.00729782
1360 	 3985 	 0.855784 	 0.00349406	0.00729973
1360 	 3990 	 0.855786 	 0.00349497	0.00730164
1360 	 3995 	 0.855788 	 0.00349588	0.00730354
1360 	 4000 	 0.855789 	 0.00349679	0.00730544
1360 	 4005 	 0.855791 	 0.0034977	0.00730733
1360 	 4010 	 0.855793 	 0.00349861	0.00730923
1360 	 4015 	 0.855795 	 0.00349951	0.00731112
1360 	 4020 	 0.855797 	 0.00350041	0.007313
1360 	 4025 	 0.855798 	 0.00350131	0.00731488
1360 	 4030 	 0.8558 	 0.00350221	0.00731676
1360 	 4035 	 0.855802 	 0.00350311	0.00731864
1360 	 4040 	 0.855804 	 0.00350401	0.00732051
1360 	 4045 	 0.855806 	 0.0035049	0.00732238
1360 	 4050 	 0.855807 	 0.0035058	0.00732425
1360 	 4055 	 0.855809 	 0.00350669	0.00732612
1360 	 4060 	 0.855811 	 0.00350758	0.00732798
1360 	 4065 	 0.855813 	 0.00350847	0.00732983
1360 	 4070 	 0.855815 	 0.00350936	0.00733169
1360 	 4075 	 0.855816 	 0.00351025	0.00733354
1360 	 4080 	 0.855818 	 0.00351113	0.00733539
1360 	 4085 	 0.85582 	 0.00351201	0.00733724
1360 	 4090 	 0.855822 	 0.0035129	0.00733908
1360 	 4095 	 0.855823 	 0.00351378	0.00734092
1360 	 4100 	 0.855825 	 0.00351466	0.00734276
1360 	 4105 	 0.855827 	 0.00351553	0.00734459
1360 	 4110 	 0.855829 	 0.00351641	0.00734642
1360 	 4115 	 0.85583 	 0.00351728	0.00734825
1360 	 4120 	 0.855832 	 0.00351816	0.00735007
1360 	 4125 	 0.855834 	 0.00351903	0.00735189
1360 	 4130 	 0.855836 	 0.0035199	0.00735371
1360 	 4135 	 0.855837 	 0.00352077	0.00735553
1360 	 4140 	 0.855839 	 0.00352164	0.00735734
1360 	 4145 	 0.855841 	 0.0035225	0.00735915
1360 	 4150 	 0.855842 	 0.00352337	0.00736096
1360 	 4155 	 0.855844 	 0.00352423	0.00736276
1360 	 4160 	 0.855846 	 0.00352509	0.00736456
1360 	 4165 	 0.855848 	 0.00352595	0.00736636
1360 	 4170 	 0.855849 	 0.00352681	0.00736816
1360 	 4175 	 0.855851 	 0.00352767	0.00736995
1360 	 4180 	 0.855853 	 0.00352853	0.00737174
1360 	 4185 	 0.855854 	 0.00352938	0.00737352
1360 	 4190 	 0.855856 	 0.00353024	0.00737531
1360 	 4195 	 0.855858 	 0.00353109	0.00737709
1360 	 4200 	 0.855859 	 0.00353194	0.00737887
1360 	 4205 	 0.855861 	 0.00353279	0.00738064
1360 	 4210 	 0.855863 	 0.00353364	0.00738241
1360 	 4215 	 0.855864 	 0.00353448	0.00738418
1360 	 4220 	 0.855866 	 0.00353533	0.00738595
1360 	 4225 	 0.855868 	 0.00353617	0.00738771
1360 	 4230 	 0.855869 	 0.00353702	0.00738947
1360 	 4235 	 0.855871 	 0.00353786	0.00739123
1360 	 4240 	 0.855873 	 0.0035387	0.00739299
1360 	 4245 	 0.855874 	 0.00353954	0.00739474
1360 	 4250 	 0.855876 	 0.00354037	0.00739649
1360 	 4255 	 0.855877 	 0.00354121	0.00739823
1360 	 4260 	 0.855879 	 0.00354205	0.00739998
1360 	 4265 	 0.855881 	 0.00354288	0.00740172
1360 	 4270 	 0.855882 	 0.00354371	0.00740346
1360 	 4275 	 0.855884 	 0.00354454	0.00740519
1360 	 4280 	 0.855886 	 0.00354537	0.00740693
1360 	 4285 	 0.855887 	 0.0035462	0.00740866
1360 	 4290 	 0.855889 	 0.00354703	0.00741038
1360 	 4295 	 0.85589 	 0.00354785	0.00741211
1360 	 4300 	 0.855892 	 0.00354868	0.00741383
1360 	 4305 	 0.855894 	 0.0035495	0.00741555
1360 	 4310 	 0.855895 	 0.00355032	0.00741727
1360 	 4315 	 0.855897 	 0.00355114	0.00741898
1360 	 4320 	 0.855898 	 0.00355196	0.00742069
1360 	 4325 	 0.8559 	 0.00355278	0.0074224
1360 	 4330 	 0.855902 	 0.00355359	0.00742411
1360 	 4335 	 0.855903 	 0.00355441	0.00742581
1360 	 4340 	 0.855905 	 0.00355522	0.00742751
1360 	 4345 	 0.855906 	 0.00355604	0.00742921
1360 	 4350 	 0.855908 	 0.00355685	0.0074309
1360 	 4355 	 0.855909 	 0.00355766	0.00743259
1360 	 4360 	 0.855911 	 0.00355847	0.00743428
1360 	 4365 	 0.855913 	 0.00355927	0.00743597
1360 	 4370 	 0.855914 	 0.00356008	0.00743765
1360 	 4375 	 0.855916 	 0.00356088	0.00743934
1360 	 4380 	 0.855917 	 0.00356169	0.00744102
1360 	 4385 	 0.855919 	 0.00356249	0.00744269
1360 	 4390 	 0.85592 	 0.00356329	0.00744437
1360 	 4395 	 0.855922 	 0.00356409	0.00744604
1360 	 4400 	 0.855923 	 0.00356489	0.00744771
1360 	 4405 	 0.855925 	 0.00356569	0.00744937
1360 	 4410 	 0.855926 	 0.00356648	0.00745104
1360 	 4415 	 0.855928 	 0.00356728	0.0074527
1360 	 4420 	 0.85593 	 0.00356807	0.00745436
1360 	 4425 	 0.855931 	 0.00356887	0.00745601
1360 	 4430 	 0.855933 	 0.00356966	0.00745766
1360 	 4435 	 0.855934 	 0.00357045	0.00745932
1360 	 4440 	 0.855936 	 0.00357124	0.00746096
1360 	 4445 	 0.855937 	 0.00357202	0.00746261
1360 	 4450 	 0.855939 	 0.00357281	0.00746425
1360 	 4455 	 0.85594 	 0.0035736	0.00746589
1360 	 4460 	 0.855942 	 0.00357438	0.00746753
1360 	 4465 	 0.855943 	 0.00357516	0.00746917
1360 	 4470 	 0.855945 	 0.00357594	0.0074708
1360 	 4475 	 0.855946 	 0.00357672	0.00747243
1360 	 4480 	 0.855948 	 0.0035775	0.00747406
1360 	 4485 	 0.855949 	 0.00357828	0.00747568
1360 	 4490 	 0.855951 	 0.00357906	0.00747731
1360 	 4495 	 0.855952 	 0.00357983	0.00747893
1360 	 4500 	 0.855953 	 0.00358061	0.00748055
1360 	 4505 	 0.855955 	 0.00358138	0.00748216
1360 	 4510 	 0.855956 	 0.00358215	0.00748377
1360 	 4515 	 0.855958 	 0.00358293	0.00748539
1360 	 4520 	 0.855959 	 0.0035837	0.00748699
1360 	 4525 	 0.855961 	 0.00358446	0.0074886
1360 	 4530 	 0.855962 	 0.00358523	0.0074902
1360 	 4535 	 0.855964 	 0.003586	0.0074918
1360 	 4540 	 0.855965 	 0.00358676	0.0074934
1360 	 4545 	 0.855967 	 0.00358753	0.007495
1360 	 4550 	 0.855968 	 0.00358829	0.00749659
1360 	 4555 	 0.855969 	 0.00358905	0.00749818
1360 	 4560 	 0.855971 	 0.00358981	0.00749977
1360 	 4565 	 0.855972 	 0.00359057	0.00750136
1360 	 4570 	 0.855974 	 0.00359133	0.00750294
1360 	 4575 	 0.855975 	 0.00359209	0.00750452
1360 	 4580 	 0.855977 	 0.00359284	0.0075061
1360 	 4585 	 0.855978 	 0.0035936	0.00750768
1360 	 4590 	 0.855979 	 0.00359435	0.00750926
1360 	 4595 	 0.855981 	 0.0035951	0.00751083
1360 	 4600 	 0.855982 	 0.00359586	0.0075124
1360 	 4605 	 0.855984 	 0.00359661	0.00751397
1360 	 4610 	 0.855985 	 0.00359736	0.00751553
1360 	 4615 	 0.855987 	 0.0035981	0.00751709
1360 	 4620 	 0.855988 	 0.00359885	0.00751865
1360 	 4625 	 0.855989 	 0.0035996	0.00752021
1360 	 4630 	 0.855991 	 0.00360034	0.00752177
1360 	 4635 	 0.855992 	 0.00360108	0.00752332
1360 	 4640 	 0.855994 	 0.00360183	0.00752487
1360 	 4645 	 0.855995 	 0.00360257	0.00752642
1360 	 4650 	 0.855996 	 0.00360331	0.00752797
1360 	 4655 	 0.855998 	 0.00360405	0.00752951
1360 	 4660 	 0.855999 	 0.00360479	0.00753105
1360 	 4665 	 0.856 	 0.00360552	0.00753259
1360 	 4670 	 0.856002 	 0.00360626	0.00753413
1360 	 4675 	 0.856003 	 0.00360699	0.00753567
1360 	 4680 	 0.856005 	 0.00360773	0.0075372
1360 	 4685 	 0.856006 	 0.00360846	0.00753873
1360 	 4690 	 0.856007 	 0.00360919	0.00754026
1360 	 4695 	 0.856009 	 0.00360992	0.00754179
1360 	 4700 	 0.85601 	 0.00361065	0.00754331
1360 	 4705 	 0.856011 	 0.00361138	0.00754483
1360 	 4710 	 0.856013 	 0.00361211	0.00754635
1360 	 4715 	 0.856014 	 0.00361283	0.00754787
1360 	 4720 	 0.856015 	 0.00361356	0.00754938
1360 	 4725 	 0.856017 	 0.00361428	0.0075509
1360 	 4730 	 0.856018 	 0.00361501	0.00755241
1360 	 4735 	 0.856019 	 0.00361573	0.00755391
1360 	 4740 	 0.856021 	 0.00361645	0.00755542
1360 	 4745 	 0.856022 	 0.00361717	0.00755692
1360 	 4750 	 0.856023 	 0.00361789	0.00755843
1360 	 4755 	 0.856025 	 0.00361861	0.00755993
1360 	 4760 	 0.856026 	 0.00361932	0.00756142
1360 	 4765 	 0.856027 	 0.00362004	0.00756292
1360 	 4770 	 0.856029 	 0.00362075	0.00756441
1360 	 4775 	 0.85603 	 0.00362147	0.0075659
1360 	 4780 	 0.856031 	 0.00362218	0.00756739
1360 	 4785 	 0.856033 	 0.00362289	0.00756888
1360 	 4790 	 0.856034 	 0.0036236	0.00757036
1360 	 4795 	 0.856035 	 0.00362431	0.00757184
1360 	 4800 	 0.856037 	 0.00362502	0.00757332
1360 	 4805 	 0.856038 	 0.00362573	0.0075748
1360 	 4810 	 0.856039 	 0.00362643	0.00757628
1360 	 4815 	 0.856041 	 0.00362714	0.00757775
1360 	 4820 	 0.856042 	 0.00362784	0.00757922
1360 	 4825 	 0.856043 	 0.00362855	0.00758069
1360 	 4830 	 0.856044 	 0.00362925	0.00758216
1360 	 4835 	 0.856046 	 0.00362995	0.00758363
1360 	 4840 	 0.856047 	 0.00363065	0.00758509
1360 	 4845 	 0.856048 	 0.00363135	0.00758655
1360 	 4850 	 0.85605 	 0.00363205	0.00758801
1360 	 4855 	 0.856051 	 0.00363274	0.00758947
1360 	 4860 	 0.856052 	 0.00363344	0.00759092
1360 	 4865 	 0.856053 	 0.00363414	0.00759237
1360 	 4870 	 0.856055 	 0.00363483	0.00759382
1360 	 4875 	 0.856056 	 0.00363552	0.00759527
1360 	 4880 	 0.856057 	 0.00363622	0.00759672
1360 	 4885 	 0.856059 	 0.00363691	0.00759816
1360 	 4890 	 0.85606 	 0.0036376	0.0075996
1360 	 4895 	 0.856061 	 0.00363829	0.00760105
1360 	 4900 	 0.856062 	 0.00363898	0.00760248
1360 	 4905 	 0.856064 	 0.00363966	0.00760392
1360 	 4910 	 0.856065 	 0.00364035	0.00760535
1360 	 4915 	 0.856066 	 0.00364104	0.00760679
1360 	 4920 	 0.856067 	 0.00364172	0.00760822
1360 	 4925 	 0.856069 	 0.0036424	0.00760964
1360 	 4930 	 0.85607 	 0.00364309	0.00761107
1360 	 4935 	 0.856071 	 0.00364377	0.00761249
1360 	 4940 	 0.856072 	 0.00364445	0.00761392
1360 	 4945 	 0.856074 	 0.00364513	0.00761534
1360 	 4950 	 0.856075 	 0.00364581	0.00761675
1360 	 4955 	 0.856076 	 0.00364648	0.00761817
1360 	 4960 	 0.856077 	 0.00364716	0.00761958
1360 	 4965 	 0.856078 	 0.00364784	0.007621
1360 	 4970 	 0.85608 	 0.00364851	0.00762241
1360 	 4975 	 0.856081 	 0.00364919	0.00762381
1360 	 4980 	 0.856082 	 0.00364986	0.00762522
1360 	 4985 	 0.856083 	 0.00365053	0.00762662
1360 	 4990 	 0.856085 	 0.0036512	0.00762803
1360 	 4995 	 0.856086 	 0.00365187	0.00762943
1360 	 5000 	 0.856087 	 0.00365254	0.00763082
