1675 	 5 	 0.727742 	 0.00654759	0.0136791
1675 	 10 	 0.728342 	 0.00614684	0.0128419
1675 	 15 	 0.729478 	 0.00552066	0.0115337
1675 	 20 	 0.731586 	 0.00463475	0.00968285
1675 	 25 	 0.735373 	 0.00362437	0.00757196
1675 	 30 	 0.741788 	 0.00296765	0.00619997
1675 	 35 	 0.75164 	 0.00287605	0.00600859
1675 	 40 	 0.764709 	 0.00258509	0.00540073
1675 	 45 	 0.780054 	 0.00270068	0.00564221
1675 	 50 	 0.794213 	 0.00260529	0.00544292
1675 	 55 	 0.804891 	 0.00233271	0.00487345
1675 	 60 	 0.812097 	 0.00192355	0.00401864
1675 	 65 	 0.816715 	 0.00166242	0.00347309
1675 	 70 	 0.81969 	 0.00161771	0.00337969
1675 	 75 	 0.821703 	 0.00166547	0.00347947
1675 	 80 	 0.823173 	 0.00171634	0.00358575
1675 	 85 	 0.824338 	 0.00174993	0.00365593
1675 	 90 	 0.825326 	 0.00177173	0.00370146
1675 	 95 	 0.826207 	 0.00178973	0.00373907
1675 	 100 	 0.827019 	 0.00180847	0.00377822
1675 	 105 	 0.82778 	 0.00182922	0.00382158
1675 	 110 	 0.828502 	 0.00185148	0.00386808
1675 	 115 	 0.829192 	 0.00187412	0.00391538
1675 	 120 	 0.829853 	 0.00189601	0.00396111
1675 	 125 	 0.830487 	 0.00191631	0.00400353
1675 	 130 	 0.831097 	 0.00193449	0.00404151
1675 	 135 	 0.831684 	 0.00195028	0.0040745
1675 	 140 	 0.832248 	 0.00196364	0.00410239
1675 	 145 	 0.832792 	 0.00197463	0.00412537
1675 	 150 	 0.833316 	 0.00198345	0.00414378
1675 	 155 	 0.833821 	 0.0019903	0.0041581
1675 	 160 	 0.834307 	 0.00199543	0.00416882
1675 	 165 	 0.834776 	 0.00199908	0.00417645
1675 	 170 	 0.835229 	 0.00200149	0.00418148
1675 	 175 	 0.835666 	 0.00200287	0.00418437
1675 	 180 	 0.836087 	 0.00200343	0.00418552
1675 	 185 	 0.836495 	 0.00200332	0.0041853
1675 	 190 	 0.836888 	 0.00200271	0.00418403
1675 	 195 	 0.837268 	 0.00200173	0.00418197
1675 	 200 	 0.837635 	 0.00200048	0.00417938
1675 	 205 	 0.837991 	 0.00199908	0.00417643
1675 	 210 	 0.838334 	 0.00199758	0.00417331
1675 	 215 	 0.838667 	 0.00199606	0.00417013
1675 	 220 	 0.838989 	 0.00199457	0.00416702
1675 	 225 	 0.839301 	 0.00199315	0.00416406
1675 	 230 	 0.839603 	 0.00199184	0.00416131
1675 	 235 	 0.839896 	 0.00199066	0.00415884
1675 	 240 	 0.84018 	 0.00198962	0.00415668
1675 	 245 	 0.840455 	 0.00198875	0.00415486
1675 	 250 	 0.840723 	 0.00198805	0.0041534
1675 	 255 	 0.840982 	 0.00198753	0.0041523
1675 	 260 	 0.841234 	 0.00198718	0.00415159
1675 	 265 	 0.841478 	 0.00198702	0.00415125
1675 	 270 	 0.841716 	 0.00198704	0.00415128
1675 	 275 	 0.841947 	 0.00198723	0.00415168
1675 	 280 	 0.842171 	 0.00198759	0.00415244
1675 	 285 	 0.84239 	 0.00198812	0.00415355
1675 	 290 	 0.842602 	 0.00198882	0.004155
1675 	 295 	 0.842809 	 0.00198967	0.00415678
1675 	 300 	 0.84301 	 0.00199067	0.00415886
1675 	 305 	 0.843206 	 0.00199181	0.00416125
1675 	 310 	 0.843397 	 0.00199309	0.00416393
1675 	 315 	 0.843583 	 0.0019945	0.00416688
1675 	 320 	 0.843764 	 0.00199604	0.0041701
1675 	 325 	 0.843941 	 0.0019977	0.00417357
1675 	 330 	 0.844113 	 0.00199948	0.00417727
1675 	 335 	 0.844281 	 0.00200136	0.00418121
1675 	 340 	 0.844445 	 0.00200335	0.00418537
1675 	 345 	 0.844605 	 0.00200544	0.00418974
1675 	 350 	 0.844761 	 0.00200763	0.00419431
1675 	 355 	 0.844914 	 0.00200991	0.00419907
1675 	 360 	 0.845063 	 0.00201227	0.00420401
1675 	 365 	 0.845209 	 0.00201472	0.00420912
1675 	 370 	 0.845351 	 0.00201725	0.00421441
1675 	 375 	 0.84549 	 0.00201986	0.00421985
1675 	 380 	 0.845626 	 0.00202254	0.00422545
1675 	 385 	 0.845759 	 0.00202529	0.00423119
1675 	 390 	 0.845889 	 0.0020281	0.00423708
1675 	 395 	 0.846017 	 0.00203099	0.0042431
1675 	 400 	 0.846141 	 0.00203393	0.00424925
1675 	 405 	 0.846263 	 0.00203694	0.00425553
1675 	 410 	 0.846383 	 0.00204	0.00426193
1675 	 415 	 0.8465 	 0.00204312	0.00426844
1675 	 420 	 0.846614 	 0.00204629	0.00427507
1675 	 425 	 0.846726 	 0.00204951	0.0042818
1675 	 430 	 0.846836 	 0.00205279	0.00428864
1675 	 435 	 0.846944 	 0.00205611	0.00429558
1675 	 440 	 0.84705 	 0.00205948	0.00430262
1675 	 445 	 0.847153 	 0.00206289	0.00430975
1675 	 450 	 0.847255 	 0.00206635	0.00431697
1675 	 455 	 0.847355 	 0.00206984	0.00432428
1675 	 460 	 0.847452 	 0.00207338	0.00433168
1675 	 465 	 0.847548 	 0.00207696	0.00433915
1675 	 470 	 0.847642 	 0.00208058	0.00434671
1675 	 475 	 0.847735 	 0.00208423	0.00435434
1675 	 480 	 0.847825 	 0.00208792	0.00436204
1675 	 485 	 0.847914 	 0.00209164	0.00436982
1675 	 490 	 0.848002 	 0.0020954	0.00437767
1675 	 495 	 0.848088 	 0.00209919	0.00438558
1675 	 500 	 0.848172 	 0.002103	0.00439356
1675 	 505 	 0.848255 	 0.00210685	0.0044016
1675 	 510 	 0.848336 	 0.00211073	0.0044097
1675 	 515 	 0.848416 	 0.00211464	0.00441786
1675 	 520 	 0.848495 	 0.00211857	0.00442608
1675 	 525 	 0.848572 	 0.00212253	0.00443435
1675 	 530 	 0.848648 	 0.00212651	0.00444267
1675 	 535 	 0.848723 	 0.00213052	0.00445105
1675 	 540 	 0.848796 	 0.00213455	0.00445947
1675 	 545 	 0.848869 	 0.00213861	0.00446794
1675 	 550 	 0.84894 	 0.00214268	0.00447645
1675 	 555 	 0.84901 	 0.00214678	0.00448501
1675 	 560 	 0.849079 	 0.0021509	0.00449361
1675 	 565 	 0.849147 	 0.00215503	0.00450226
1675 	 570 	 0.849213 	 0.00215919	0.00451094
1675 	 575 	 0.849279 	 0.00216336	0.00451965
1675 	 580 	 0.849344 	 0.00216755	0.00452841
1675 	 585 	 0.849407 	 0.00217176	0.00453719
1675 	 590 	 0.84947 	 0.00217598	0.00454601
1675 	 595 	 0.849532 	 0.00218021	0.00455486
1675 	 600 	 0.849593 	 0.00218446	0.00456374
1675 	 605 	 0.849652 	 0.00218873	0.00457265
1675 	 610 	 0.849711 	 0.00219301	0.00458159
1675 	 615 	 0.84977 	 0.0021973	0.00459055
1675 	 620 	 0.849827 	 0.0022016	0.00459954
1675 	 625 	 0.849883 	 0.00220591	0.00460855
1675 	 630 	 0.849939 	 0.00221023	0.00461758
1675 	 635 	 0.849994 	 0.00221457	0.00462663
1675 	 640 	 0.850048 	 0.00221891	0.0046357
1675 	 645 	 0.850101 	 0.00222326	0.00464479
1675 	 650 	 0.850154 	 0.00222762	0.0046539
1675 	 655 	 0.850206 	 0.00223198	0.00466302
1675 	 660 	 0.850257 	 0.00223636	0.00467216
1675 	 665 	 0.850308 	 0.00224074	0.00468131
1675 	 670 	 0.850357 	 0.00224513	0.00469048
1675 	 675 	 0.850407 	 0.00224952	0.00469965
1675 	 680 	 0.850455 	 0.00225392	0.00470884
1675 	 685 	 0.850503 	 0.00225832	0.00471804
1675 	 690 	 0.85055 	 0.00226272	0.00472724
1675 	 695 	 0.850597 	 0.00226713	0.00473645
1675 	 700 	 0.850643 	 0.00227155	0.00474567
1675 	 705 	 0.850688 	 0.00227596	0.0047549
1675 	 710 	 0.850733 	 0.00228038	0.00476413
1675 	 715 	 0.850777 	 0.0022848	0.00477337
1675 	 720 	 0.850821 	 0.00228922	0.0047826
1675 	 725 	 0.850864 	 0.00229365	0.00479185
1675 	 730 	 0.850906 	 0.00229807	0.00480109
1675 	 735 	 0.850948 	 0.0023025	0.00481033
1675 	 740 	 0.85099 	 0.00230692	0.00481958
1675 	 745 	 0.851031 	 0.00231134	0.00482882
1675 	 750 	 0.851071 	 0.00231577	0.00483806
1675 	 755 	 0.851111 	 0.00232019	0.0048473
1675 	 760 	 0.851151 	 0.00232461	0.00485654
1675 	 765 	 0.85119 	 0.00232903	0.00486577
1675 	 770 	 0.851229 	 0.00233345	0.004875
1675 	 775 	 0.851267 	 0.00233787	0.00488423
1675 	 780 	 0.851305 	 0.00234228	0.00489345
1675 	 785 	 0.851342 	 0.00234669	0.00490266
1675 	 790 	 0.851379 	 0.0023511	0.00491187
1675 	 795 	 0.851415 	 0.0023555	0.00492107
1675 	 800 	 0.851451 	 0.0023599	0.00493026
1675 	 805 	 0.851487 	 0.0023643	0.00493945
1675 	 810 	 0.851522 	 0.00236869	0.00494863
1675 	 815 	 0.851557 	 0.00237308	0.00495779
1675 	 820 	 0.851591 	 0.00237746	0.00496695
1675 	 825 	 0.851625 	 0.00238184	0.0049761
1675 	 830 	 0.851659 	 0.00238621	0.00498523
1675 	 835 	 0.851692 	 0.00239058	0.00499436
1675 	 840 	 0.851725 	 0.00239494	0.00500347
1675 	 845 	 0.851758 	 0.0023993	0.00501257
1675 	 850 	 0.85179 	 0.00240365	0.00502166
1675 	 855 	 0.851822 	 0.00240799	0.00503074
1675 	 860 	 0.851853 	 0.00241233	0.0050398
1675 	 865 	 0.851884 	 0.00241666	0.00504885
1675 	 870 	 0.851915 	 0.00242099	0.00505789
1675 	 875 	 0.851946 	 0.00242531	0.00506691
1675 	 880 	 0.851976 	 0.00242962	0.00507591
1675 	 885 	 0.852006 	 0.00243392	0.0050849
1675 	 890 	 0.852035 	 0.00243822	0.00509388
1675 	 895 	 0.852065 	 0.00244251	0.00510284
1675 	 900 	 0.852094 	 0.00244679	0.00511178
1675 	 905 	 0.852122 	 0.00245106	0.00512071
1675 	 910 	 0.852151 	 0.00245532	0.00512962
1675 	 915 	 0.852179 	 0.00245958	0.00513852
1675 	 920 	 0.852207 	 0.00246383	0.00514739
1675 	 925 	 0.852234 	 0.00246807	0.00515625
1675 	 930 	 0.852262 	 0.0024723	0.00516509
1675 	 935 	 0.852289 	 0.00247653	0.00517392
1675 	 940 	 0.852315 	 0.00248074	0.00518272
1675 	 945 	 0.852342 	 0.00248495	0.00519151
1675 	 950 	 0.852368 	 0.00248915	0.00520028
1675 	 955 	 0.852394 	 0.00249333	0.00520903
1675 	 960 	 0.85242 	 0.00249751	0.00521776
1675 	 965 	 0.852445 	 0.00250168	0.00522647
1675 	 970 	 0.852471 	 0.00250584	0.00523516
1675 	 975 	 0.852496 	 0.00250999	0.00524383
1675 	 980 	 0.85252 	 0.00251414	0.00525249
1675 	 985 	 0.852545 	 0.00251827	0.00526112
1675 	 990 	 0.852569 	 0.00252239	0.00526973
1675 	 995 	 0.852593 	 0.0025265	0.00527833
1675 	 1000 	 0.852617 	 0.00253061	0.0052869
1675 	 1005 	 0.852641 	 0.0025347	0.00529545
1675 	 1010 	 0.852664 	 0.00253878	0.00530398
1675 	 1015 	 0.852687 	 0.00254286	0.00531249
1675 	 1020 	 0.85271 	 0.00254692	0.00532098
1675 	 1025 	 0.852733 	 0.00255097	0.00532945
1675 	 1030 	 0.852756 	 0.00255502	0.00533789
1675 	 1035 	 0.852778 	 0.00255905	0.00534632
1675 	 1040 	 0.8528 	 0.00256307	0.00535472
1675 	 1045 	 0.852822 	 0.00256708	0.00536311
1675 	 1050 	 0.852844 	 0.00257109	0.00537147
1675 	 1055 	 0.852866 	 0.00257508	0.00537981
1675 	 1060 	 0.852887 	 0.00257906	0.00538813
1675 	 1065 	 0.852909 	 0.00258303	0.00539642
1675 	 1070 	 0.85293 	 0.00258699	0.0054047
1675 	 1075 	 0.852951 	 0.00259094	0.00541295
1675 	 1080 	 0.852971 	 0.00259488	0.00542118
1675 	 1085 	 0.852992 	 0.00259881	0.00542939
1675 	 1090 	 0.853012 	 0.00260273	0.00543758
1675 	 1095 	 0.853032 	 0.00260664	0.00544574
1675 	 1100 	 0.853052 	 0.00261053	0.00545388
1675 	 1105 	 0.853072 	 0.00261442	0.005462
1675 	 1110 	 0.853092 	 0.0026183	0.0054701
1675 	 1115 	 0.853111 	 0.00262216	0.00547817
1675 	 1120 	 0.853131 	 0.00262602	0.00548623
1675 	 1125 	 0.85315 	 0.00262986	0.00549426
1675 	 1130 	 0.853169 	 0.00263369	0.00550227
1675 	 1135 	 0.853188 	 0.00263752	0.00551025
1675 	 1140 	 0.853207 	 0.00264133	0.00551822
1675 	 1145 	 0.853225 	 0.00264513	0.00552616
1675 	 1150 	 0.853244 	 0.00264892	0.00553407
1675 	 1155 	 0.853262 	 0.0026527	0.00554197
1675 	 1160 	 0.85328 	 0.00265647	0.00554984
1675 	 1165 	 0.853298 	 0.00266022	0.00555769
1675 	 1170 	 0.853316 	 0.00266397	0.00556552
1675 	 1175 	 0.853334 	 0.00266771	0.00557333
1675 	 1180 	 0.853351 	 0.00267143	0.00558111
1675 	 1185 	 0.853369 	 0.00267515	0.00558887
1675 	 1190 	 0.853386 	 0.00267885	0.00559661
1675 	 1195 	 0.853403 	 0.00268254	0.00560433
1675 	 1200 	 0.85342 	 0.00268623	0.00561202
1675 	 1205 	 0.853437 	 0.0026899	0.00561969
1675 	 1210 	 0.853454 	 0.00269356	0.00562734
1675 	 1215 	 0.85347 	 0.00269721	0.00563496
1675 	 1220 	 0.853487 	 0.00270085	0.00564257
1675 	 1225 	 0.853503 	 0.00270448	0.00565015
1675 	 1230 	 0.85352 	 0.0027081	0.00565771
1675 	 1235 	 0.853536 	 0.0027117	0.00566524
1675 	 1240 	 0.853552 	 0.0027153	0.00567276
1675 	 1245 	 0.853568 	 0.00271889	0.00568025
1675 	 1250 	 0.853584 	 0.00272246	0.00568772
1675 	 1255 	 0.853599 	 0.00272603	0.00569516
1675 	 1260 	 0.853615 	 0.00272958	0.00570259
1675 	 1265 	 0.85363 	 0.00273312	0.00570999
1675 	 1270 	 0.853646 	 0.00273665	0.00571737
1675 	 1275 	 0.853661 	 0.00274018	0.00572473
1675 	 1280 	 0.853676 	 0.00274369	0.00573207
1675 	 1285 	 0.853691 	 0.00274719	0.00573938
1675 	 1290 	 0.853706 	 0.00275068	0.00574667
1675 	 1295 	 0.853721 	 0.00275416	0.00575394
1675 	 1300 	 0.853735 	 0.00275763	0.00576119
1675 	 1305 	 0.85375 	 0.00276109	0.00576842
1675 	 1310 	 0.853764 	 0.00276454	0.00577562
1675 	 1315 	 0.853779 	 0.00276798	0.0057828
1675 	 1320 	 0.853793 	 0.0027714	0.00578997
1675 	 1325 	 0.853807 	 0.00277482	0.0057971
1675 	 1330 	 0.853821 	 0.00277823	0.00580422
1675 	 1335 	 0.853835 	 0.00278162	0.00581132
1675 	 1340 	 0.853849 	 0.00278501	0.00581839
1675 	 1345 	 0.853863 	 0.00278839	0.00582545
1675 	 1350 	 0.853877 	 0.00279175	0.00583248
1675 	 1355 	 0.85389 	 0.00279511	0.00583949
1675 	 1360 	 0.853904 	 0.00279845	0.00584648
1675 	 1365 	 0.853917 	 0.00280179	0.00585345
1675 	 1370 	 0.853931 	 0.00280511	0.00586039
1675 	 1375 	 0.853944 	 0.00280843	0.00586732
1675 	 1380 	 0.853957 	 0.00281173	0.00587422
1675 	 1385 	 0.85397 	 0.00281503	0.00588111
1675 	 1390 	 0.853983 	 0.00281831	0.00588797
1675 	 1395 	 0.853996 	 0.00282159	0.00589481
1675 	 1400 	 0.854009 	 0.00282485	0.00590163
1675 	 1405 	 0.854021 	 0.00282811	0.00590843
1675 	 1410 	 0.854034 	 0.00283135	0.00591521
1675 	 1415 	 0.854047 	 0.00283459	0.00592197
1675 	 1420 	 0.854059 	 0.00283781	0.0059287
1675 	 1425 	 0.854071 	 0.00284103	0.00593542
1675 	 1430 	 0.854084 	 0.00284423	0.00594212
1675 	 1435 	 0.854096 	 0.00284743	0.00594879
1675 	 1440 	 0.854108 	 0.00285061	0.00595545
1675 	 1445 	 0.85412 	 0.00285379	0.00596208
1675 	 1450 	 0.854132 	 0.00285695	0.0059687
1675 	 1455 	 0.854144 	 0.00286011	0.00597529
1675 	 1460 	 0.854156 	 0.00286326	0.00598187
1675 	 1465 	 0.854168 	 0.0028664	0.00598842
1675 	 1470 	 0.854179 	 0.00286952	0.00599496
1675 	 1475 	 0.854191 	 0.00287264	0.00600147
1675 	 1480 	 0.854203 	 0.00287575	0.00600797
1675 	 1485 	 0.854214 	 0.00287885	0.00601444
1675 	 1490 	 0.854226 	 0.00288194	0.0060209
1675 	 1495 	 0.854237 	 0.00288502	0.00602733
1675 	 1500 	 0.854248 	 0.00288809	0.00603375
1675 	 1505 	 0.854259 	 0.00289115	0.00604015
1675 	 1510 	 0.85427 	 0.00289421	0.00604652
1675 	 1515 	 0.854282 	 0.00289725	0.00605288
1675 	 1520 	 0.854293 	 0.00290028	0.00605922
1675 	 1525 	 0.854303 	 0.00290331	0.00606554
1675 	 1530 	 0.854314 	 0.00290632	0.00607184
1675 	 1535 	 0.854325 	 0.00290933	0.00607812
1675 	 1540 	 0.854336 	 0.00291233	0.00608438
1675 	 1545 	 0.854347 	 0.00291531	0.00609062
1675 	 1550 	 0.854357 	 0.00291829	0.00609685
1675 	 1555 	 0.854368 	 0.00292126	0.00610305
1675 	 1560 	 0.854378 	 0.00292422	0.00610924
1675 	 1565 	 0.854389 	 0.00292718	0.0061154
1675 	 1570 	 0.854399 	 0.00293012	0.00612155
1675 	 1575 	 0.854409 	 0.00293305	0.00612768
1675 	 1580 	 0.854419 	 0.00293598	0.00613379
1675 	 1585 	 0.85443 	 0.0029389	0.00613989
1675 	 1590 	 0.85444 	 0.0029418	0.00614596
1675 	 1595 	 0.85445 	 0.0029447	0.00615202
1675 	 1600 	 0.85446 	 0.00294759	0.00615806
1675 	 1605 	 0.85447 	 0.00295047	0.00616408
1675 	 1610 	 0.85448 	 0.00295335	0.00617008
1675 	 1615 	 0.854489 	 0.00295621	0.00617606
1675 	 1620 	 0.854499 	 0.00295907	0.00618203
1675 	 1625 	 0.854509 	 0.00296191	0.00618797
1675 	 1630 	 0.854519 	 0.00296475	0.0061939
1675 	 1635 	 0.854528 	 0.00296758	0.00619982
1675 	 1640 	 0.854538 	 0.0029704	0.00620571
1675 	 1645 	 0.854547 	 0.00297321	0.00621159
1675 	 1650 	 0.854557 	 0.00297602	0.00621745
1675 	 1655 	 0.854566 	 0.00297881	0.00622329
1675 	 1660 	 0.854575 	 0.0029816	0.00622911
1675 	 1665 	 0.854585 	 0.00298438	0.00623492
1675 	 1670 	 0.854594 	 0.00298715	0.00624071
1675 	 1675 	 0.854603 	 0.00298992	0.00624648
1675 	 1680 	 0.854612 	 0.00299267	0.00625223
1675 	 1685 	 0.854621 	 0.00299542	0.00625797
1675 	 1690 	 0.85463 	 0.00299815	0.00626369
1675 	 1695 	 0.854639 	 0.00300088	0.00626939
1675 	 1700 	 0.854648 	 0.00300361	0.00627508
1675 	 1705 	 0.854657 	 0.00300632	0.00628075
1675 	 1710 	 0.854666 	 0.00300903	0.0062864
1675 	 1715 	 0.854675 	 0.00301172	0.00629204
1675 	 1720 	 0.854684 	 0.00301441	0.00629766
1675 	 1725 	 0.854692 	 0.0030171	0.00630326
1675 	 1730 	 0.854701 	 0.00301977	0.00630885
1675 	 1735 	 0.854709 	 0.00302244	0.00631442
1675 	 1740 	 0.854718 	 0.00302509	0.00631997
1675 	 1745 	 0.854727 	 0.00302774	0.00632551
1675 	 1750 	 0.854735 	 0.00303039	0.00633103
1675 	 1755 	 0.854743 	 0.00303302	0.00633653
1675 	 1760 	 0.854752 	 0.00303565	0.00634202
1675 	 1765 	 0.85476 	 0.00303827	0.0063475
1675 	 1770 	 0.854768 	 0.00304088	0.00635295
1675 	 1775 	 0.854777 	 0.00304348	0.00635839
1675 	 1780 	 0.854785 	 0.00304608	0.00636382
1675 	 1785 	 0.854793 	 0.00304867	0.00636922
1675 	 1790 	 0.854801 	 0.00305125	0.00637462
1675 	 1795 	 0.854809 	 0.00305382	0.00637999
1675 	 1800 	 0.854817 	 0.00305639	0.00638536
1675 	 1805 	 0.854825 	 0.00305895	0.0063907
1675 	 1810 	 0.854833 	 0.0030615	0.00639603
1675 	 1815 	 0.854841 	 0.00306404	0.00640135
1675 	 1820 	 0.854849 	 0.00306658	0.00640665
1675 	 1825 	 0.854857 	 0.00306911	0.00641193
1675 	 1830 	 0.854865 	 0.00307163	0.0064172
1675 	 1835 	 0.854872 	 0.00307415	0.00642245
1675 	 1840 	 0.85488 	 0.00307665	0.00642769
1675 	 1845 	 0.854888 	 0.00307915	0.00643291
1675 	 1850 	 0.854895 	 0.00308165	0.00643812
1675 	 1855 	 0.854903 	 0.00308413	0.00644332
1675 	 1860 	 0.854911 	 0.00308661	0.00644849
1675 	 1865 	 0.854918 	 0.00308908	0.00645366
1675 	 1870 	 0.854926 	 0.00309155	0.00645881
1675 	 1875 	 0.854933 	 0.003094	0.00646394
1675 	 1880 	 0.854941 	 0.00309646	0.00646906
1675 	 1885 	 0.854948 	 0.0030989	0.00647416
1675 	 1890 	 0.854955 	 0.00310133	0.00647925
1675 	 1895 	 0.854963 	 0.00310376	0.00648433
1675 	 1900 	 0.85497 	 0.00310619	0.00648939
1675 	 1905 	 0.854977 	 0.0031086	0.00649444
1675 	 1910 	 0.854984 	 0.00311101	0.00649947
1675 	 1915 	 0.854991 	 0.00311341	0.00650449
1675 	 1920 	 0.854999 	 0.00311581	0.00650949
1675 	 1925 	 0.855006 	 0.0031182	0.00651448
1675 	 1930 	 0.855013 	 0.00312058	0.00651946
1675 	 1935 	 0.85502 	 0.00312295	0.00652442
1675 	 1940 	 0.855027 	 0.00312532	0.00652936
1675 	 1945 	 0.855034 	 0.00312768	0.0065343
1675 	 1950 	 0.855041 	 0.00313004	0.00653922
1675 	 1955 	 0.855048 	 0.00313239	0.00654412
1675 	 1960 	 0.855054 	 0.00313473	0.00654902
1675 	 1965 	 0.855061 	 0.00313706	0.00655389
1675 	 1970 	 0.855068 	 0.00313939	0.00655876
1675 	 1975 	 0.855075 	 0.00314171	0.00656361
1675 	 1980 	 0.855082 	 0.00314403	0.00656845
1675 	 1985 	 0.855088 	 0.00314634	0.00657327
1675 	 1990 	 0.855095 	 0.00314864	0.00657808
1675 	 1995 	 0.855102 	 0.00315094	0.00658288
1675 	 2000 	 0.855108 	 0.00315323	0.00658766
1675 	 2005 	 0.855115 	 0.00315551	0.00659243
1675 	 2010 	 0.855121 	 0.00315779	0.00659719
1675 	 2015 	 0.855128 	 0.00316006	0.00660193
1675 	 2020 	 0.855134 	 0.00316232	0.00660666
1675 	 2025 	 0.855141 	 0.00316458	0.00661138
1675 	 2030 	 0.855147 	 0.00316683	0.00661609
1675 	 2035 	 0.855154 	 0.00316908	0.00662078
1675 	 2040 	 0.85516 	 0.00317132	0.00662546
1675 	 2045 	 0.855166 	 0.00317355	0.00663012
1675 	 2050 	 0.855173 	 0.00317578	0.00663478
1675 	 2055 	 0.855179 	 0.003178	0.00663942
1675 	 2060 	 0.855185 	 0.00318021	0.00664405
1675 	 2065 	 0.855191 	 0.00318242	0.00664866
1675 	 2070 	 0.855198 	 0.00318463	0.00665326
1675 	 2075 	 0.855204 	 0.00318682	0.00665785
1675 	 2080 	 0.85521 	 0.00318901	0.00666243
1675 	 2085 	 0.855216 	 0.0031912	0.006667
1675 	 2090 	 0.855222 	 0.00319338	0.00667155
1675 	 2095 	 0.855228 	 0.00319555	0.00667609
1675 	 2100 	 0.855234 	 0.00319772	0.00668062
1675 	 2105 	 0.85524 	 0.00319988	0.00668513
1675 	 2110 	 0.855246 	 0.00320204	0.00668964
1675 	 2115 	 0.855252 	 0.00320419	0.00669413
1675 	 2120 	 0.855258 	 0.00320633	0.00669861
1675 	 2125 	 0.855264 	 0.00320847	0.00670307
1675 	 2130 	 0.85527 	 0.0032106	0.00670753
1675 	 2135 	 0.855276 	 0.00321273	0.00671197
1675 	 2140 	 0.855282 	 0.00321485	0.0067164
1675 	 2145 	 0.855287 	 0.00321696	0.00672082
1675 	 2150 	 0.855293 	 0.00321907	0.00672523
1675 	 2155 	 0.855299 	 0.00322118	0.00672962
1675 	 2160 	 0.855305 	 0.00322327	0.00673401
1675 	 2165 	 0.85531 	 0.00322537	0.00673838
1675 	 2170 	 0.855316 	 0.00322745	0.00674274
1675 	 2175 	 0.855322 	 0.00322954	0.00674709
1675 	 2180 	 0.855327 	 0.00323161	0.00675143
1675 	 2185 	 0.855333 	 0.00323368	0.00675575
1675 	 2190 	 0.855339 	 0.00323575	0.00676007
1675 	 2195 	 0.855344 	 0.00323781	0.00676437
1675 	 2200 	 0.85535 	 0.00323986	0.00676866
1675 	 2205 	 0.855355 	 0.00324191	0.00677294
1675 	 2210 	 0.855361 	 0.00324395	0.00677721
1675 	 2215 	 0.855366 	 0.00324599	0.00678147
1675 	 2220 	 0.855372 	 0.00324802	0.00678571
1675 	 2225 	 0.855377 	 0.00325005	0.00678995
1675 	 2230 	 0.855382 	 0.00325207	0.00679417
1675 	 2235 	 0.855388 	 0.00325409	0.00679839
1675 	 2240 	 0.855393 	 0.0032561	0.00680259
1675 	 2245 	 0.855399 	 0.00325811	0.00680678
1675 	 2250 	 0.855404 	 0.00326011	0.00681096
1675 	 2255 	 0.855409 	 0.0032621	0.00681513
1675 	 2260 	 0.855414 	 0.0032641	0.00681929
1675 	 2265 	 0.85542 	 0.00326608	0.00682344
1675 	 2270 	 0.855425 	 0.00326806	0.00682757
1675 	 2275 	 0.85543 	 0.00327004	0.0068317
1675 	 2280 	 0.855435 	 0.00327201	0.00683582
1675 	 2285 	 0.85544 	 0.00327397	0.00683992
1675 	 2290 	 0.855446 	 0.00327593	0.00684401
1675 	 2295 	 0.855451 	 0.00327788	0.0068481
1675 	 2300 	 0.855456 	 0.00327983	0.00685217
1675 	 2305 	 0.855461 	 0.00328178	0.00685623
1675 	 2310 	 0.855466 	 0.00328372	0.00686029
1675 	 2315 	 0.855471 	 0.00328565	0.00686433
1675 	 2320 	 0.855476 	 0.00328758	0.00686836
1675 	 2325 	 0.855481 	 0.00328951	0.00687238
1675 	 2330 	 0.855486 	 0.00329143	0.00687639
1675 	 2335 	 0.855491 	 0.00329334	0.00688039
1675 	 2340 	 0.855496 	 0.00329525	0.00688438
1675 	 2345 	 0.855501 	 0.00329716	0.00688836
1675 	 2350 	 0.855506 	 0.00329906	0.00689233
1675 	 2355 	 0.855511 	 0.00330095	0.00689629
1675 	 2360 	 0.855515 	 0.00330284	0.00690024
1675 	 2365 	 0.85552 	 0.00330473	0.00690418
1675 	 2370 	 0.855525 	 0.00330661	0.00690811
1675 	 2375 	 0.85553 	 0.00330849	0.00691203
1675 	 2380 	 0.855535 	 0.00331036	0.00691594
1675 	 2385 	 0.85554 	 0.00331223	0.00691985
1675 	 2390 	 0.855544 	 0.00331409	0.00692374
1675 	 2395 	 0.855549 	 0.00331595	0.00692762
1675 	 2400 	 0.855554 	 0.0033178	0.00693149
1675 	 2405 	 0.855558 	 0.00331965	0.00693535
1675 	 2410 	 0.855563 	 0.00332149	0.0069392
1675 	 2415 	 0.855568 	 0.00332333	0.00694304
1675 	 2420 	 0.855572 	 0.00332517	0.00694688
1675 	 2425 	 0.855577 	 0.00332699	0.0069507
1675 	 2430 	 0.855582 	 0.00332882	0.00695451
1675 	 2435 	 0.855586 	 0.00333064	0.00695832
1675 	 2440 	 0.855591 	 0.00333246	0.00696211
1675 	 2445 	 0.855595 	 0.00333427	0.0069659
1675 	 2450 	 0.8556 	 0.00333608	0.00696967
1675 	 2455 	 0.855604 	 0.00333788	0.00697344
1675 	 2460 	 0.855609 	 0.00333968	0.00697719
1675 	 2465 	 0.855613 	 0.00334147	0.00698094
1675 	 2470 	 0.855618 	 0.00334326	0.00698468
1675 	 2475 	 0.855622 	 0.00334505	0.00698841
1675 	 2480 	 0.855627 	 0.00334683	0.00699213
1675 	 2485 	 0.855631 	 0.0033486	0.00699584
1675 	 2490 	 0.855636 	 0.00335038	0.00699954
1675 	 2495 	 0.85564 	 0.00335214	0.00700324
1675 	 2500 	 0.855644 	 0.00335391	0.00700692
1675 	 2505 	 0.855649 	 0.00335567	0.0070106
1675 	 2510 	 0.855653 	 0.00335742	0.00701426
1675 	 2515 	 0.855657 	 0.00335917	0.00701792
1675 	 2520 	 0.855662 	 0.00336092	0.00702157
1675 	 2525 	 0.855666 	 0.00336266	0.00702521
1675 	 2530 	 0.85567 	 0.0033644	0.00702884
1675 	 2535 	 0.855675 	 0.00336613	0.00703246
1675 	 2540 	 0.855679 	 0.00336786	0.00703607
1675 	 2545 	 0.855683 	 0.00336958	0.00703968
1675 	 2550 	 0.855687 	 0.00337131	0.00704327
1675 	 2555 	 0.855691 	 0.00337302	0.00704686
1675 	 2560 	 0.855696 	 0.00337473	0.00705044
1675 	 2565 	 0.8557 	 0.00337644	0.00705401
1675 	 2570 	 0.855704 	 0.00337815	0.00705757
1675 	 2575 	 0.855708 	 0.00337985	0.00706112
1675 	 2580 	 0.855712 	 0.00338154	0.00706466
1675 	 2585 	 0.855716 	 0.00338324	0.0070682
1675 	 2590 	 0.85572 	 0.00338493	0.00707173
1675 	 2595 	 0.855724 	 0.00338661	0.00707524
1675 	 2600 	 0.855729 	 0.00338829	0.00707875
1675 	 2605 	 0.855733 	 0.00338997	0.00708226
1675 	 2610 	 0.855737 	 0.00339164	0.00708575
1675 	 2615 	 0.855741 	 0.00339331	0.00708923
1675 	 2620 	 0.855745 	 0.00339497	0.00709271
1675 	 2625 	 0.855749 	 0.00339663	0.00709618
1675 	 2630 	 0.855753 	 0.00339829	0.00709964
1675 	 2635 	 0.855757 	 0.00339994	0.00710309
1675 	 2640 	 0.855761 	 0.00340159	0.00710654
1675 	 2645 	 0.855765 	 0.00340323	0.00710997
1675 	 2650 	 0.855768 	 0.00340487	0.0071134
1675 	 2655 	 0.855772 	 0.00340651	0.00711682
1675 	 2660 	 0.855776 	 0.00340814	0.00712023
1675 	 2665 	 0.85578 	 0.00340977	0.00712364
1675 	 2670 	 0.855784 	 0.0034114	0.00712703
1675 	 2675 	 0.855788 	 0.00341302	0.00713042
1675 	 2680 	 0.855792 	 0.00341464	0.0071338
1675 	 2685 	 0.855796 	 0.00341625	0.00713717
1675 	 2690 	 0.855799 	 0.00341786	0.00714054
1675 	 2695 	 0.855803 	 0.00341947	0.0071439
1675 	 2700 	 0.855807 	 0.00342107	0.00714724
1675 	 2705 	 0.855811 	 0.00342267	0.00715059
1675 	 2710 	 0.855814 	 0.00342427	0.00715392
1675 	 2715 	 0.855818 	 0.00342586	0.00715724
1675 	 2720 	 0.855822 	 0.00342745	0.00716056
1675 	 2725 	 0.855826 	 0.00342903	0.00716387
1675 	 2730 	 0.855829 	 0.00343061	0.00716718
1675 	 2735 	 0.855833 	 0.00343219	0.00717047
1675 	 2740 	 0.855837 	 0.00343376	0.00717376
1675 	 2745 	 0.855841 	 0.00343533	0.00717704
1675 	 2750 	 0.855844 	 0.0034369	0.00718031
1675 	 2755 	 0.855848 	 0.00343846	0.00718358
1675 	 2760 	 0.855851 	 0.00344002	0.00718683
1675 	 2765 	 0.855855 	 0.00344158	0.00719008
1675 	 2770 	 0.855859 	 0.00344313	0.00719333
1675 	 2775 	 0.855862 	 0.00344468	0.00719656
1675 	 2780 	 0.855866 	 0.00344622	0.00719979
1675 	 2785 	 0.855869 	 0.00344776	0.00720301
1675 	 2790 	 0.855873 	 0.0034493	0.00720622
1675 	 2795 	 0.855877 	 0.00345084	0.00720943
1675 	 2800 	 0.85588 	 0.00345237	0.00721263
1675 	 2805 	 0.855884 	 0.0034539	0.00721582
1675 	 2810 	 0.855887 	 0.00345542	0.007219
1675 	 2815 	 0.855891 	 0.00345694	0.00722218
1675 	 2820 	 0.855894 	 0.00345846	0.00722535
1675 	 2825 	 0.855898 	 0.00345997	0.00722851
1675 	 2830 	 0.855901 	 0.00346148	0.00723167
1675 	 2835 	 0.855905 	 0.00346299	0.00723482
1675 	 2840 	 0.855908 	 0.00346449	0.00723796
1675 	 2845 	 0.855912 	 0.00346599	0.00724109
1675 	 2850 	 0.855915 	 0.00346749	0.00724422
1675 	 2855 	 0.855918 	 0.00346898	0.00724734
1675 	 2860 	 0.855922 	 0.00347048	0.00725045
1675 	 2865 	 0.855925 	 0.00347196	0.00725356
1675 	 2870 	 0.855929 	 0.00347345	0.00725666
1675 	 2875 	 0.855932 	 0.00347493	0.00725975
1675 	 2880 	 0.855935 	 0.0034764	0.00726284
1675 	 2885 	 0.855939 	 0.00347788	0.00726592
1675 	 2890 	 0.855942 	 0.00347935	0.00726899
1675 	 2895 	 0.855945 	 0.00348082	0.00727206
1675 	 2900 	 0.855949 	 0.00348228	0.00727512
1675 	 2905 	 0.855952 	 0.00348374	0.00727817
1675 	 2910 	 0.855955 	 0.0034852	0.00728121
1675 	 2915 	 0.855959 	 0.00348665	0.00728425
1675 	 2920 	 0.855962 	 0.0034881	0.00728728
1675 	 2925 	 0.855965 	 0.00348955	0.00729031
1675 	 2930 	 0.855968 	 0.003491	0.00729333
1675 	 2935 	 0.855972 	 0.00349244	0.00729634
1675 	 2940 	 0.855975 	 0.00349388	0.00729935
1675 	 2945 	 0.855978 	 0.00349531	0.00730234
1675 	 2950 	 0.855981 	 0.00349674	0.00730534
1675 	 2955 	 0.855985 	 0.00349817	0.00730832
1675 	 2960 	 0.855988 	 0.0034996	0.0073113
1675 	 2965 	 0.855991 	 0.00350102	0.00731427
1675 	 2970 	 0.855994 	 0.00350244	0.00731724
1675 	 2975 	 0.855997 	 0.00350386	0.0073202
1675 	 2980 	 0.856 	 0.00350527	0.00732315
1675 	 2985 	 0.856004 	 0.00350668	0.0073261
1675 	 2990 	 0.856007 	 0.00350809	0.00732904
1675 	 2995 	 0.85601 	 0.0035095	0.00733198
1675 	 3000 	 0.856013 	 0.0035109	0.00733491
1675 	 3005 	 0.856016 	 0.0035123	0.00733783
1675 	 3010 	 0.856019 	 0.00351369	0.00734074
1675 	 3015 	 0.856022 	 0.00351508	0.00734365
1675 	 3020 	 0.856025 	 0.00351647	0.00734656
1675 	 3025 	 0.856028 	 0.00351786	0.00734945
1675 	 3030 	 0.856032 	 0.00351924	0.00735234
1675 	 3035 	 0.856035 	 0.00352063	0.00735523
1675 	 3040 	 0.856038 	 0.003522	0.00735811
1675 	 3045 	 0.856041 	 0.00352338	0.00736098
1675 	 3050 	 0.856044 	 0.00352475	0.00736384
1675 	 3055 	 0.856047 	 0.00352612	0.0073667
1675 	 3060 	 0.85605 	 0.00352748	0.00736956
1675 	 3065 	 0.856053 	 0.00352885	0.00737241
1675 	 3070 	 0.856056 	 0.00353021	0.00737525
1675 	 3075 	 0.856059 	 0.00353157	0.00737808
1675 	 3080 	 0.856062 	 0.00353292	0.00738091
1675 	 3085 	 0.856065 	 0.00353427	0.00738374
1675 	 3090 	 0.856068 	 0.00353562	0.00738656
1675 	 3095 	 0.85607 	 0.00353697	0.00738937
1675 	 3100 	 0.856073 	 0.00353831	0.00739217
1675 	 3105 	 0.856076 	 0.00353965	0.00739497
1675 	 3110 	 0.856079 	 0.00354099	0.00739777
1675 	 3115 	 0.856082 	 0.00354232	0.00740056
1675 	 3120 	 0.856085 	 0.00354365	0.00740334
1675 	 3125 	 0.856088 	 0.00354498	0.00740612
1675 	 3130 	 0.856091 	 0.00354631	0.00740889
1675 	 3135 	 0.856094 	 0.00354763	0.00741165
1675 	 3140 	 0.856097 	 0.00354895	0.00741441
1675 	 3145 	 0.856099 	 0.00355027	0.00741717
1675 	 3150 	 0.856102 	 0.00355159	0.00741991
1675 	 3155 	 0.856105 	 0.0035529	0.00742266
1675 	 3160 	 0.856108 	 0.00355421	0.00742539
1675 	 3165 	 0.856111 	 0.00355552	0.00742812
1675 	 3170 	 0.856114 	 0.00355682	0.00743085
1675 	 3175 	 0.856116 	 0.00355812	0.00743357
1675 	 3180 	 0.856119 	 0.00355942	0.00743628
1675 	 3185 	 0.856122 	 0.00356072	0.00743899
1675 	 3190 	 0.856125 	 0.00356201	0.0074417
1675 	 3195 	 0.856128 	 0.00356331	0.00744439
1675 	 3200 	 0.85613 	 0.00356459	0.00744709
1675 	 3205 	 0.856133 	 0.00356588	0.00744977
1675 	 3210 	 0.856136 	 0.00356716	0.00745245
1675 	 3215 	 0.856139 	 0.00356844	0.00745513
1675 	 3220 	 0.856141 	 0.00356972	0.0074578
1675 	 3225 	 0.856144 	 0.003571	0.00746046
1675 	 3230 	 0.856147 	 0.00357227	0.00746312
1675 	 3235 	 0.85615 	 0.00357354	0.00746578
1675 	 3240 	 0.856152 	 0.00357481	0.00746842
1675 	 3245 	 0.856155 	 0.00357607	0.00747107
1675 	 3250 	 0.856158 	 0.00357733	0.0074737
1675 	 3255 	 0.85616 	 0.00357859	0.00747634
1675 	 3260 	 0.856163 	 0.00357985	0.00747896
1675 	 3265 	 0.856166 	 0.00358111	0.00748158
1675 	 3270 	 0.856168 	 0.00358236	0.0074842
1675 	 3275 	 0.856171 	 0.00358361	0.00748681
1675 	 3280 	 0.856174 	 0.00358486	0.00748942
1675 	 3285 	 0.856176 	 0.0035861	0.00749202
1675 	 3290 	 0.856179 	 0.00358734	0.00749461
1675 	 3295 	 0.856182 	 0.00358858	0.0074972
1675 	 3300 	 0.856184 	 0.00358982	0.00749979
1675 	 3305 	 0.856187 	 0.00359105	0.00750237
1675 	 3310 	 0.856189 	 0.00359229	0.00750494
1675 	 3315 	 0.856192 	 0.00359352	0.00750751
1675 	 3320 	 0.856195 	 0.00359474	0.00751008
1675 	 3325 	 0.856197 	 0.00359597	0.00751264
1675 	 3330 	 0.8562 	 0.00359719	0.00751519
1675 	 3335 	 0.856202 	 0.00359841	0.00751774
1675 	 3340 	 0.856205 	 0.00359963	0.00752028
1675 	 3345 	 0.856207 	 0.00360084	0.00752282
1675 	 3350 	 0.85621 	 0.00360206	0.00752535
1675 	 3355 	 0.856212 	 0.00360327	0.00752788
1675 	 3360 	 0.856215 	 0.00360448	0.00753041
1675 	 3365 	 0.856217 	 0.00360568	0.00753293
1675 	 3370 	 0.85622 	 0.00360689	0.00753544
1675 	 3375 	 0.856223 	 0.00360809	0.00753795
1675 	 3380 	 0.856225 	 0.00360928	0.00754045
1675 	 3385 	 0.856228 	 0.00361048	0.00754295
1675 	 3390 	 0.85623 	 0.00361167	0.00754545
1675 	 3395 	 0.856232 	 0.00361287	0.00754794
1675 	 3400 	 0.856235 	 0.00361406	0.00755042
1675 	 3405 	 0.856237 	 0.00361524	0.0075529
1675 	 3410 	 0.85624 	 0.00361643	0.00755537
1675 	 3415 	 0.856242 	 0.00361761	0.00755784
1675 	 3420 	 0.856245 	 0.00361879	0.00756031
1675 	 3425 	 0.856247 	 0.00361997	0.00756277
1675 	 3430 	 0.85625 	 0.00362114	0.00756522
1675 	 3435 	 0.856252 	 0.00362231	0.00756768
1675 	 3440 	 0.856255 	 0.00362349	0.00757012
1675 	 3445 	 0.856257 	 0.00362465	0.00757256
1675 	 3450 	 0.856259 	 0.00362582	0.007575
1675 	 3455 	 0.856262 	 0.00362698	0.00757743
1675 	 3460 	 0.856264 	 0.00362815	0.00757986
1675 	 3465 	 0.856267 	 0.00362931	0.00758228
1675 	 3470 	 0.856269 	 0.00363046	0.0075847
1675 	 3475 	 0.856271 	 0.00363162	0.00758711
1675 	 3480 	 0.856274 	 0.00363277	0.00758952
1675 	 3485 	 0.856276 	 0.00363392	0.00759192
1675 	 3490 	 0.856278 	 0.00363507	0.00759432
1675 	 3495 	 0.856281 	 0.00363622	0.00759672
1675 	 3500 	 0.856283 	 0.00363736	0.00759911
1675 	 3505 	 0.856285 	 0.0036385	0.00760149
1675 	 3510 	 0.856288 	 0.00363964	0.00760387
1675 	 3515 	 0.85629 	 0.00364078	0.00760625
1675 	 3520 	 0.856292 	 0.00364191	0.00760862
1675 	 3525 	 0.856295 	 0.00364305	0.00761099
1675 	 3530 	 0.856297 	 0.00364418	0.00761335
1675 	 3535 	 0.856299 	 0.00364531	0.00761571
1675 	 3540 	 0.856302 	 0.00364643	0.00761806
1675 	 3545 	 0.856304 	 0.00364756	0.00762041
1675 	 3550 	 0.856306 	 0.00364868	0.00762276
1675 	 3555 	 0.856309 	 0.0036498	0.0076251
1675 	 3560 	 0.856311 	 0.00365092	0.00762743
1675 	 3565 	 0.856313 	 0.00365203	0.00762976
1675 	 3570 	 0.856315 	 0.00365315	0.00763209
1675 	 3575 	 0.856318 	 0.00365426	0.00763441
1675 	 3580 	 0.85632 	 0.00365537	0.00763673
1675 	 3585 	 0.856322 	 0.00365648	0.00763905
1675 	 3590 	 0.856324 	 0.00365758	0.00764136
1675 	 3595 	 0.856327 	 0.00365869	0.00764366
1675 	 3600 	 0.856329 	 0.00365979	0.00764596
1675 	 3605 	 0.856331 	 0.00366089	0.00764826
1675 	 3610 	 0.856333 	 0.00366198	0.00765055
1675 	 3615 	 0.856335 	 0.00366308	0.00765284
1675 	 3620 	 0.856338 	 0.00366417	0.00765512
1675 	 3625 	 0.85634 	 0.00366526	0.0076574
1675 	 3630 	 0.856342 	 0.00366635	0.00765968
1675 	 3635 	 0.856344 	 0.00366744	0.00766195
1675 	 3640 	 0.856346 	 0.00366853	0.00766422
1675 	 3645 	 0.856349 	 0.00366961	0.00766648
1675 	 3650 	 0.856351 	 0.00367069	0.00766874
1675 	 3655 	 0.856353 	 0.00367177	0.00767099
1675 	 3660 	 0.856355 	 0.00367285	0.00767324
1675 	 3665 	 0.856357 	 0.00367392	0.00767549
1675 	 3670 	 0.856359 	 0.00367499	0.00767773
1675 	 3675 	 0.856362 	 0.00367606	0.00767997
1675 	 3680 	 0.856364 	 0.00367713	0.0076822
1675 	 3685 	 0.856366 	 0.0036782	0.00768443
1675 	 3690 	 0.856368 	 0.00367927	0.00768666
1675 	 3695 	 0.85637 	 0.00368033	0.00768888
1675 	 3700 	 0.856372 	 0.00368139	0.0076911
1675 	 3705 	 0.856374 	 0.00368245	0.00769331
1675 	 3710 	 0.856376 	 0.00368351	0.00769552
1675 	 3715 	 0.856378 	 0.00368456	0.00769772
1675 	 3720 	 0.856381 	 0.00368562	0.00769993
1675 	 3725 	 0.856383 	 0.00368667	0.00770212
1675 	 3730 	 0.856385 	 0.00368772	0.00770432
1675 	 3735 	 0.856387 	 0.00368877	0.00770651
1675 	 3740 	 0.856389 	 0.00368981	0.00770869
1675 	 3745 	 0.856391 	 0.00369086	0.00771087
1675 	 3750 	 0.856393 	 0.0036919	0.00771305
1675 	 3755 	 0.856395 	 0.00369294	0.00771522
1675 	 3760 	 0.856397 	 0.00369398	0.00771739
1675 	 3765 	 0.856399 	 0.00369501	0.00771956
1675 	 3770 	 0.856401 	 0.00369605	0.00772172
1675 	 3775 	 0.856403 	 0.00369708	0.00772388
1675 	 3780 	 0.856405 	 0.00369811	0.00772603
1675 	 3785 	 0.856407 	 0.00369914	0.00772818
1675 	 3790 	 0.856409 	 0.00370017	0.00773033
1675 	 3795 	 0.856411 	 0.00370119	0.00773247
1675 	 3800 	 0.856413 	 0.00370222	0.00773461
1675 	 3805 	 0.856415 	 0.00370324	0.00773674
1675 	 3810 	 0.856417 	 0.00370426	0.00773887
1675 	 3815 	 0.856419 	 0.00370528	0.007741
1675 	 3820 	 0.856421 	 0.00370629	0.00774312
1675 	 3825 	 0.856423 	 0.00370731	0.00774524
1675 	 3830 	 0.856425 	 0.00370832	0.00774736
1675 	 3835 	 0.856427 	 0.00370933	0.00774947
1675 	 3840 	 0.856429 	 0.00371034	0.00775158
1675 	 3845 	 0.856431 	 0.00371135	0.00775368
1675 	 3850 	 0.856433 	 0.00371235	0.00775578
1675 	 3855 	 0.856435 	 0.00371336	0.00775788
1675 	 3860 	 0.856437 	 0.00371436	0.00775997
1675 	 3865 	 0.856439 	 0.00371536	0.00776206
1675 	 3870 	 0.856441 	 0.00371636	0.00776415
1675 	 3875 	 0.856443 	 0.00371735	0.00776623
1675 	 3880 	 0.856445 	 0.00371835	0.00776831
1675 	 3885 	 0.856447 	 0.00371934	0.00777038
1675 	 3890 	 0.856449 	 0.00372033	0.00777245
1675 	 3895 	 0.856451 	 0.00372132	0.00777452
1675 	 3900 	 0.856453 	 0.00372231	0.00777658
1675 	 3905 	 0.856455 	 0.0037233	0.00777864
1675 	 3910 	 0.856457 	 0.00372428	0.0077807
1675 	 3915 	 0.856458 	 0.00372526	0.00778275
1675 	 3920 	 0.85646 	 0.00372624	0.0077848
1675 	 3925 	 0.856462 	 0.00372722	0.00778685
1675 	 3930 	 0.856464 	 0.0037282	0.00778889
1675 	 3935 	 0.856466 	 0.00372918	0.00779093
1675 	 3940 	 0.856468 	 0.00373015	0.00779296
1675 	 3945 	 0.85647 	 0.00373112	0.007795
1675 	 3950 	 0.856472 	 0.00373209	0.00779702
1675 	 3955 	 0.856474 	 0.00373306	0.00779905
1675 	 3960 	 0.856475 	 0.00373403	0.00780107
1675 	 3965 	 0.856477 	 0.003735	0.00780309
1675 	 3970 	 0.856479 	 0.00373596	0.0078051
1675 	 3975 	 0.856481 	 0.00373692	0.00780711
1675 	 3980 	 0.856483 	 0.00373788	0.00780912
1675 	 3985 	 0.856485 	 0.00373884	0.00781112
1675 	 3990 	 0.856487 	 0.0037398	0.00781312
1675 	 3995 	 0.856488 	 0.00374075	0.00781512
1675 	 4000 	 0.85649 	 0.00374171	0.00781711
1675 	 4005 	 0.856492 	 0.00374266	0.0078191
1675 	 4010 	 0.856494 	 0.00374361	0.00782109
1675 	 4015 	 0.856496 	 0.00374456	0.00782307
1675 	 4020 	 0.856497 	 0.00374551	0.00782505
1675 	 4025 	 0.856499 	 0.00374645	0.00782703
1675 	 4030 	 0.856501 	 0.0037474	0.007829
1675 	 4035 	 0.856503 	 0.00374834	0.00783097
1675 	 4040 	 0.856505 	 0.00374928	0.00783294
1675 	 4045 	 0.856507 	 0.00375022	0.0078349
1675 	 4050 	 0.856508 	 0.00375116	0.00783686
1675 	 4055 	 0.85651 	 0.0037521	0.00783881
1675 	 4060 	 0.856512 	 0.00375303	0.00784077
1675 	 4065 	 0.856514 	 0.00375396	0.00784272
1675 	 4070 	 0.856515 	 0.0037549	0.00784466
1675 	 4075 	 0.856517 	 0.00375583	0.0078466
1675 	 4080 	 0.856519 	 0.00375675	0.00784854
1675 	 4085 	 0.856521 	 0.00375768	0.00785048
1675 	 4090 	 0.856522 	 0.00375861	0.00785241
1675 	 4095 	 0.856524 	 0.00375953	0.00785434
1675 	 4100 	 0.856526 	 0.00376045	0.00785627
1675 	 4105 	 0.856528 	 0.00376137	0.00785819
1675 	 4110 	 0.856529 	 0.00376229	0.00786011
1675 	 4115 	 0.856531 	 0.00376321	0.00786203
1675 	 4120 	 0.856533 	 0.00376412	0.00786394
1675 	 4125 	 0.856535 	 0.00376504	0.00786585
1675 	 4130 	 0.856536 	 0.00376595	0.00786776
1675 	 4135 	 0.856538 	 0.00376686	0.00786966
1675 	 4140 	 0.85654 	 0.00376777	0.00787156
1675 	 4145 	 0.856542 	 0.00376868	0.00787346
1675 	 4150 	 0.856543 	 0.00376959	0.00787536
1675 	 4155 	 0.856545 	 0.00377049	0.00787725
1675 	 4160 	 0.856547 	 0.0037714	0.00787914
1675 	 4165 	 0.856548 	 0.0037723	0.00788102
1675 	 4170 	 0.85655 	 0.0037732	0.0078829
1675 	 4175 	 0.856552 	 0.0037741	0.00788478
1675 	 4180 	 0.856554 	 0.003775	0.00788666
1675 	 4185 	 0.856555 	 0.00377589	0.00788853
1675 	 4190 	 0.856557 	 0.00377679	0.0078904
1675 	 4195 	 0.856559 	 0.00377768	0.00789227
1675 	 4200 	 0.85656 	 0.00377857	0.00789413
1675 	 4205 	 0.856562 	 0.00377946	0.00789599
1675 	 4210 	 0.856564 	 0.00378035	0.00789785
1675 	 4215 	 0.856565 	 0.00378124	0.0078997
1675 	 4220 	 0.856567 	 0.00378213	0.00790155
1675 	 4225 	 0.856569 	 0.00378301	0.0079034
1675 	 4230 	 0.85657 	 0.00378389	0.00790524
1675 	 4235 	 0.856572 	 0.00378478	0.00790709
1675 	 4240 	 0.856573 	 0.00378566	0.00790892
1675 	 4245 	 0.856575 	 0.00378653	0.00791076
1675 	 4250 	 0.856577 	 0.00378741	0.00791259
1675 	 4255 	 0.856578 	 0.00378829	0.00791442
1675 	 4260 	 0.85658 	 0.00378916	0.00791625
1675 	 4265 	 0.856582 	 0.00379003	0.00791807
1675 	 4270 	 0.856583 	 0.00379091	0.00791989
1675 	 4275 	 0.856585 	 0.00379178	0.00792171
1675 	 4280 	 0.856587 	 0.00379265	0.00792353
1675 	 4285 	 0.856588 	 0.00379351	0.00792534
1675 	 4290 	 0.85659 	 0.00379438	0.00792715
1675 	 4295 	 0.856591 	 0.00379524	0.00792895
1675 	 4300 	 0.856593 	 0.00379611	0.00793076
1675 	 4305 	 0.856595 	 0.00379697	0.00793256
1675 	 4310 	 0.856596 	 0.00379783	0.00793436
1675 	 4315 	 0.856598 	 0.00379869	0.00793615
1675 	 4320 	 0.856599 	 0.00379954	0.00793794
1675 	 4325 	 0.856601 	 0.0038004	0.00793973
1675 	 4330 	 0.856603 	 0.00380126	0.00794152
1675 	 4335 	 0.856604 	 0.00380211	0.0079433
1675 	 4340 	 0.856606 	 0.00380296	0.00794508
1675 	 4345 	 0.856607 	 0.00380381	0.00794686
1675 	 4350 	 0.856609 	 0.00380466	0.00794863
1675 	 4355 	 0.85661 	 0.00380551	0.0079504
1675 	 4360 	 0.856612 	 0.00380636	0.00795217
1675 	 4365 	 0.856614 	 0.0038072	0.00795394
1675 	 4370 	 0.856615 	 0.00380804	0.0079557
1675 	 4375 	 0.856617 	 0.00380889	0.00795746
1675 	 4380 	 0.856618 	 0.00380973	0.00795922
1675 	 4385 	 0.85662 	 0.00381057	0.00796097
1675 	 4390 	 0.856621 	 0.00381141	0.00796272
1675 	 4395 	 0.856623 	 0.00381224	0.00796447
1675 	 4400 	 0.856624 	 0.00381308	0.00796622
1675 	 4405 	 0.856626 	 0.00381391	0.00796796
1675 	 4410 	 0.856627 	 0.00381475	0.0079697
1675 	 4415 	 0.856629 	 0.00381558	0.00797144
1675 	 4420 	 0.85663 	 0.00381641	0.00797318
1675 	 4425 	 0.856632 	 0.00381724	0.00797491
1675 	 4430 	 0.856634 	 0.00381807	0.00797664
1675 	 4435 	 0.856635 	 0.00381889	0.00797836
1675 	 4440 	 0.856637 	 0.00381972	0.00798009
1675 	 4445 	 0.856638 	 0.00382054	0.00798181
1675 	 4450 	 0.85664 	 0.00382137	0.00798353
1675 	 4455 	 0.856641 	 0.00382219	0.00798525
1675 	 4460 	 0.856643 	 0.00382301	0.00798696
1675 	 4465 	 0.856644 	 0.00382383	0.00798867
1675 	 4470 	 0.856646 	 0.00382464	0.00799038
1675 	 4475 	 0.856647 	 0.00382546	0.00799208
1675 	 4480 	 0.856649 	 0.00382628	0.00799379
1675 	 4485 	 0.85665 	 0.00382709	0.00799549
1675 	 4490 	 0.856651 	 0.0038279	0.00799718
1675 	 4495 	 0.856653 	 0.00382871	0.00799888
1675 	 4500 	 0.856654 	 0.00382952	0.00800057
1675 	 4505 	 0.856656 	 0.00383033	0.00800226
1675 	 4510 	 0.856657 	 0.00383114	0.00800395
1675 	 4515 	 0.856659 	 0.00383194	0.00800563
1675 	 4520 	 0.85666 	 0.00383275	0.00800731
1675 	 4525 	 0.856662 	 0.00383355	0.00800899
1675 	 4530 	 0.856663 	 0.00383436	0.00801067
1675 	 4535 	 0.856665 	 0.00383516	0.00801234
1675 	 4540 	 0.856666 	 0.00383596	0.00801401
1675 	 4545 	 0.856668 	 0.00383676	0.00801568
1675 	 4550 	 0.856669 	 0.00383755	0.00801735
1675 	 4555 	 0.85667 	 0.00383835	0.00801901
1675 	 4560 	 0.856672 	 0.00383914	0.00802067
1675 	 4565 	 0.856673 	 0.00383994	0.00802233
1675 	 4570 	 0.856675 	 0.00384073	0.00802399
1675 	 4575 	 0.856676 	 0.00384152	0.00802564
1675 	 4580 	 0.856678 	 0.00384231	0.00802729
1675 	 4585 	 0.856679 	 0.0038431	0.00802894
1675 	 4590 	 0.85668 	 0.00384389	0.00803058
1675 	 4595 	 0.856682 	 0.00384467	0.00803223
1675 	 4600 	 0.856683 	 0.00384546	0.00803387
1675 	 4605 	 0.856685 	 0.00384624	0.0080355
1675 	 4610 	 0.856686 	 0.00384703	0.00803714
1675 	 4615 	 0.856688 	 0.00384781	0.00803877
1675 	 4620 	 0.856689 	 0.00384859	0.0080404
1675 	 4625 	 0.85669 	 0.00384937	0.00804203
1675 	 4630 	 0.856692 	 0.00385015	0.00804366
1675 	 4635 	 0.856693 	 0.00385092	0.00804528
1675 	 4640 	 0.856695 	 0.0038517	0.0080469
1675 	 4645 	 0.856696 	 0.00385247	0.00804852
1675 	 4650 	 0.856697 	 0.00385325	0.00805014
1675 	 4655 	 0.856699 	 0.00385402	0.00805175
1675 	 4660 	 0.8567 	 0.00385479	0.00805336
1675 	 4665 	 0.856701 	 0.00385556	0.00805497
1675 	 4670 	 0.856703 	 0.00385633	0.00805657
1675 	 4675 	 0.856704 	 0.0038571	0.00805818
1675 	 4680 	 0.856706 	 0.00385786	0.00805978
1675 	 4685 	 0.856707 	 0.00385863	0.00806138
1675 	 4690 	 0.856708 	 0.00385939	0.00806297
1675 	 4695 	 0.85671 	 0.00386016	0.00806457
1675 	 4700 	 0.856711 	 0.00386092	0.00806616
1675 	 4705 	 0.856712 	 0.00386168	0.00806775
1675 	 4710 	 0.856714 	 0.00386244	0.00806933
1675 	 4715 	 0.856715 	 0.0038632	0.00807092
1675 	 4720 	 0.856716 	 0.00386395	0.0080725
1675 	 4725 	 0.856718 	 0.00386471	0.00807408
1675 	 4730 	 0.856719 	 0.00386546	0.00807566
1675 	 4735 	 0.856721 	 0.00386622	0.00807723
1675 	 4740 	 0.856722 	 0.00386697	0.00807881
1675 	 4745 	 0.856723 	 0.00386772	0.00808038
1675 	 4750 	 0.856725 	 0.00386847	0.00808194
1675 	 4755 	 0.856726 	 0.00386922	0.00808351
1675 	 4760 	 0.856727 	 0.00386997	0.00808507
1675 	 4765 	 0.856729 	 0.00387072	0.00808663
1675 	 4770 	 0.85673 	 0.00387146	0.00808819
1675 	 4775 	 0.856731 	 0.00387221	0.00808975
1675 	 4780 	 0.856732 	 0.00387295	0.0080913
1675 	 4785 	 0.856734 	 0.00387369	0.00809285
1675 	 4790 	 0.856735 	 0.00387444	0.0080944
1675 	 4795 	 0.856736 	 0.00387518	0.00809595
1675 	 4800 	 0.856738 	 0.00387592	0.0080975
1675 	 4805 	 0.856739 	 0.00387665	0.00809904
1675 	 4810 	 0.85674 	 0.00387739	0.00810058
1675 	 4815 	 0.856742 	 0.00387813	0.00810212
1675 	 4820 	 0.856743 	 0.00387886	0.00810365
1675 	 4825 	 0.856744 	 0.0038796	0.00810518
1675 	 4830 	 0.856746 	 0.00388033	0.00810672
1675 	 4835 	 0.856747 	 0.00388106	0.00810825
1675 	 4840 	 0.856748 	 0.00388179	0.00810977
1675 	 4845 	 0.856749 	 0.00388252	0.0081113
1675 	 4850 	 0.856751 	 0.00388325	0.00811282
1675 	 4855 	 0.856752 	 0.00388398	0.00811434
1675 	 4860 	 0.856753 	 0.0038847	0.00811586
1675 	 4865 	 0.856755 	 0.00388543	0.00811737
1675 	 4870 	 0.856756 	 0.00388615	0.00811889
1675 	 4875 	 0.856757 	 0.00388688	0.0081204
1675 	 4880 	 0.856758 	 0.0038876	0.00812191
1675 	 4885 	 0.85676 	 0.00388832	0.00812341
1675 	 4890 	 0.856761 	 0.00388904	0.00812492
1675 	 4895 	 0.856762 	 0.00388976	0.00812642
1675 	 4900 	 0.856763 	 0.00389048	0.00812792
1675 	 4905 	 0.856765 	 0.0038912	0.00812942
1675 	 4910 	 0.856766 	 0.00389191	0.00813091
1675 	 4915 	 0.856767 	 0.00389263	0.00813241
1675 	 4920 	 0.856768 	 0.00389334	0.0081339
1675 	 4925 	 0.85677 	 0.00389405	0.00813539
1675 	 4930 	 0.856771 	 0.00389477	0.00813688
1675 	 4935 	 0.856772 	 0.00389548	0.00813836
1675 	 4940 	 0.856773 	 0.00389619	0.00813984
1675 	 4945 	 0.856775 	 0.0038969	0.00814132
1675 	 4950 	 0.856776 	 0.0038976	0.0081428
1675 	 4955 	 0.856777 	 0.00389831	0.00814428
1675 	 4960 	 0.856778 	 0.00389902	0.00814575
1675 	 4965 	 0.85678 	 0.00389972	0.00814723
1675 	 4970 	 0.856781 	 0.00390042	0.0081487
1675 	 4975 	 0.856782 	 0.00390113	0.00815016
1675 	 4980 	 0.856783 	 0.00390183	0.00815163
1675 	 4985 	 0.856784 	 0.00390253	0.00815309
1675 	 4990 	 0.856786 	 0.00390323	0.00815456
1675 	 4995 	 0.856787 	 0.00390393	0.00815602
1675 	 5000 	 0.856788 	 0.00390463	0.00815747
