515 	 5 	 0.722473 	 0.00647947	0.0135368
515 	 10 	 0.72307 	 0.00607563	0.0126931
515 	 15 	 0.724197 	 0.00544349	0.0113725
515 	 20 	 0.72629 	 0.00454589	0.0094972
515 	 25 	 0.73005 	 0.00351602	0.0073456
515 	 30 	 0.736418 	 0.00285527	0.00596517
515 	 35 	 0.746198 	 0.00283306	0.00591877
515 	 40 	 0.759173 	 0.00272053	0.00568369
515 	 45 	 0.774406 	 0.00263498	0.00550495
515 	 50 	 0.788463 	 0.00246577	0.00515145
515 	 55 	 0.799064 	 0.00217068	0.00453494
515 	 60 	 0.806218 	 0.00169609	0.00354345
515 	 65 	 0.810803 	 0.00132963	0.00277783
515 	 70 	 0.813756 	 0.00120242	0.00251208
515 	 75 	 0.815754 	 0.00121558	0.00253958
515 	 80 	 0.817214 	 0.0012624	0.00263739
515 	 85 	 0.81837 	 0.00131185	0.00274068
515 	 90 	 0.819351 	 0.00136578	0.00285335
515 	 95 	 0.820226 	 0.00142911	0.00298568
515 	 100 	 0.821032 	 0.00150246	0.00313891
515 	 105 	 0.821787 	 0.0015831	0.00330738
515 	 110 	 0.822504 	 0.00166729	0.00348327
515 	 115 	 0.823189 	 0.00175167	0.00365955
515 	 120 	 0.823845 	 0.00183375	0.00383103
515 	 125 	 0.824475 	 0.00191193	0.00399438
515 	 130 	 0.82508 	 0.00198533	0.00414771
515 	 135 	 0.825663 	 0.00205353	0.0042902
515 	 140 	 0.826223 	 0.00211646	0.00442167
515 	 145 	 0.826763 	 0.00217425	0.00454241
515 	 150 	 0.827283 	 0.00222716	0.00465293
515 	 155 	 0.827784 	 0.00227547	0.00475387
515 	 160 	 0.828267 	 0.00231953	0.00484592
515 	 165 	 0.828733 	 0.00235967	0.00492979
515 	 170 	 0.829182 	 0.00239622	0.00500615
515 	 175 	 0.829616 	 0.00242948	0.00507562
515 	 180 	 0.830034 	 0.00245973	0.00513882
515 	 185 	 0.830439 	 0.00248723	0.00519627
515 	 190 	 0.830829 	 0.00251221	0.00524847
515 	 195 	 0.831206 	 0.0025349	0.00529587
515 	 200 	 0.831571 	 0.00255548	0.00533886
515 	 205 	 0.831924 	 0.00257413	0.00537782
515 	 210 	 0.832265 	 0.002591	0.00541307
515 	 215 	 0.832595 	 0.00260624	0.00544491
515 	 220 	 0.832915 	 0.00261997	0.0054736
515 	 225 	 0.833225 	 0.00263232	0.00549939
515 	 230 	 0.833525 	 0.00264337	0.00552249
515 	 235 	 0.833816 	 0.00265324	0.00554311
515 	 240 	 0.834097 	 0.00266201	0.00556142
515 	 245 	 0.834371 	 0.00266975	0.00557759
515 	 250 	 0.834636 	 0.00267653	0.00559177
515 	 255 	 0.834894 	 0.00268243	0.00560409
515 	 260 	 0.835143 	 0.00268751	0.00561469
515 	 265 	 0.835386 	 0.00269181	0.00562368
515 	 270 	 0.835622 	 0.0026954	0.00563118
515 	 275 	 0.835851 	 0.00269831	0.00563726
515 	 280 	 0.836074 	 0.0027006	0.00564205
515 	 285 	 0.836291 	 0.0027023	0.0056456
515 	 290 	 0.836502 	 0.00270346	0.00564801
515 	 295 	 0.836707 	 0.0027041	0.00564936
515 	 300 	 0.836907 	 0.00270426	0.0056497
515 	 305 	 0.837101 	 0.00270398	0.00564911
515 	 310 	 0.837291 	 0.00270328	0.00564764
515 	 315 	 0.837475 	 0.00270219	0.00564536
515 	 320 	 0.837655 	 0.00270073	0.00564231
515 	 325 	 0.837831 	 0.00269892	0.00563854
515 	 330 	 0.838002 	 0.0026968	0.00563411
515 	 335 	 0.838169 	 0.00269438	0.00562906
515 	 340 	 0.838332 	 0.00269169	0.00562342
515 	 345 	 0.838491 	 0.00268873	0.00561724
515 	 350 	 0.838646 	 0.00268553	0.00561056
515 	 355 	 0.838797 	 0.0026821	0.0056034
515 	 360 	 0.838945 	 0.00267847	0.00559581
515 	 365 	 0.83909 	 0.00267464	0.00558781
515 	 370 	 0.839231 	 0.00267063	0.00557944
515 	 375 	 0.839369 	 0.00266646	0.00557071
515 	 380 	 0.839504 	 0.00266212	0.00556166
515 	 385 	 0.839636 	 0.00265765	0.00555231
515 	 390 	 0.839766 	 0.00265304	0.00554269
515 	 395 	 0.839892 	 0.00264832	0.00553281
515 	 400 	 0.840016 	 0.00264348	0.0055227
515 	 405 	 0.840137 	 0.00263854	0.00551238
515 	 410 	 0.840255 	 0.0026335	0.00550187
515 	 415 	 0.840371 	 0.00262838	0.00549117
515 	 420 	 0.840485 	 0.00262319	0.00548032
515 	 425 	 0.840597 	 0.00261793	0.00546933
515 	 430 	 0.840706 	 0.0026126	0.0054582
515 	 435 	 0.840813 	 0.00260722	0.00544696
515 	 440 	 0.840918 	 0.00260179	0.00543562
515 	 445 	 0.84102 	 0.00259632	0.00542419
515 	 450 	 0.841121 	 0.00259081	0.00541268
515 	 455 	 0.84122 	 0.00258527	0.00540111
515 	 460 	 0.841317 	 0.00257971	0.00538948
515 	 465 	 0.841412 	 0.00257412	0.0053778
515 	 470 	 0.841506 	 0.00256851	0.00536609
515 	 475 	 0.841597 	 0.0025629	0.00535436
515 	 480 	 0.841687 	 0.00255727	0.0053426
515 	 485 	 0.841776 	 0.00255164	0.00533084
515 	 490 	 0.841863 	 0.00254601	0.00531907
515 	 495 	 0.841948 	 0.00254038	0.00530731
515 	 500 	 0.842032 	 0.00253475	0.00529556
515 	 505 	 0.842114 	 0.00252913	0.00528382
515 	 510 	 0.842195 	 0.00252353	0.00527211
515 	 515 	 0.842274 	 0.00251794	0.00526043
515 	 520 	 0.842352 	 0.00251236	0.00524878
515 	 525 	 0.842429 	 0.0025068	0.00523717
515 	 530 	 0.842504 	 0.00250127	0.00522561
515 	 535 	 0.842579 	 0.00249576	0.00521409
515 	 540 	 0.842652 	 0.00249027	0.00520263
515 	 545 	 0.842723 	 0.00248481	0.00519122
515 	 550 	 0.842794 	 0.00247938	0.00517987
515 	 555 	 0.842863 	 0.00247398	0.00516859
515 	 560 	 0.842932 	 0.00246861	0.00515737
515 	 565 	 0.842999 	 0.00246327	0.00514622
515 	 570 	 0.843065 	 0.00245797	0.00513515
515 	 575 	 0.843131 	 0.00245271	0.00512415
515 	 580 	 0.843195 	 0.00244748	0.00511322
515 	 585 	 0.843258 	 0.00244229	0.00510238
515 	 590 	 0.84332 	 0.00243713	0.00509162
515 	 595 	 0.843381 	 0.00243202	0.00508094
515 	 600 	 0.843442 	 0.00242695	0.00507034
515 	 605 	 0.843501 	 0.00242192	0.00505984
515 	 610 	 0.84356 	 0.00241694	0.00504942
515 	 615 	 0.843618 	 0.00241199	0.00503909
515 	 620 	 0.843675 	 0.00240709	0.00502885
515 	 625 	 0.843731 	 0.00240223	0.00501871
515 	 630 	 0.843786 	 0.00239742	0.00500865
515 	 635 	 0.84384 	 0.00239266	0.00499869
515 	 640 	 0.843894 	 0.00238793	0.00498883
515 	 645 	 0.843947 	 0.00238326	0.00497906
515 	 650 	 0.843999 	 0.00237863	0.00496939
515 	 655 	 0.844051 	 0.00237405	0.00495982
515 	 660 	 0.844102 	 0.00236951	0.00495034
515 	 665 	 0.844152 	 0.00236502	0.00494096
515 	 670 	 0.844201 	 0.00236058	0.00493168
515 	 675 	 0.84425 	 0.00235618	0.0049225
515 	 680 	 0.844298 	 0.00235184	0.00491342
515 	 685 	 0.844346 	 0.00234754	0.00490443
515 	 690 	 0.844392 	 0.00234328	0.00489555
515 	 695 	 0.844439 	 0.00233908	0.00488676
515 	 700 	 0.844484 	 0.00233492	0.00487808
515 	 705 	 0.844529 	 0.00233081	0.00486949
515 	 710 	 0.844574 	 0.00232675	0.004861
515 	 715 	 0.844618 	 0.00232273	0.00485261
515 	 720 	 0.844661 	 0.00231877	0.00484432
515 	 725 	 0.844704 	 0.00231484	0.00483613
515 	 730 	 0.844746 	 0.00231097	0.00482804
515 	 735 	 0.844788 	 0.00230714	0.00482004
515 	 740 	 0.844829 	 0.00230336	0.00481215
515 	 745 	 0.84487 	 0.00229963	0.00480435
515 	 750 	 0.84491 	 0.00229595	0.00479665
515 	 755 	 0.84495 	 0.0022923	0.00478904
515 	 760 	 0.844989 	 0.00228871	0.00478153
515 	 765 	 0.845028 	 0.00228516	0.00477412
515 	 770 	 0.845066 	 0.00228166	0.0047668
515 	 775 	 0.845104 	 0.0022782	0.00475958
515 	 780 	 0.845142 	 0.00227479	0.00475246
515 	 785 	 0.845179 	 0.00227143	0.00474542
515 	 790 	 0.845215 	 0.0022681	0.00473848
515 	 795 	 0.845251 	 0.00226483	0.00473164
515 	 800 	 0.845287 	 0.00226159	0.00472488
515 	 805 	 0.845322 	 0.0022584	0.00471822
515 	 810 	 0.845357 	 0.00225526	0.00471165
515 	 815 	 0.845392 	 0.00225216	0.00470517
515 	 820 	 0.845426 	 0.0022491	0.00469878
515 	 825 	 0.84546 	 0.00224608	0.00469248
515 	 830 	 0.845493 	 0.00224311	0.00468626
515 	 835 	 0.845526 	 0.00224018	0.00468014
515 	 840 	 0.845559 	 0.00223729	0.0046741
515 	 845 	 0.845591 	 0.00223444	0.00466815
515 	 850 	 0.845623 	 0.00223163	0.00466229
515 	 855 	 0.845655 	 0.00222887	0.00465651
515 	 860 	 0.845686 	 0.00222614	0.00465082
515 	 865 	 0.845717 	 0.00222346	0.00464521
515 	 870 	 0.845748 	 0.00222081	0.00463968
515 	 875 	 0.845778 	 0.00221821	0.00463424
515 	 880 	 0.845808 	 0.00221564	0.00462887
515 	 885 	 0.845838 	 0.00221311	0.00462359
515 	 890 	 0.845867 	 0.00221062	0.0046184
515 	 895 	 0.845896 	 0.00220817	0.00461328
515 	 900 	 0.845925 	 0.00220576	0.00460824
515 	 905 	 0.845953 	 0.00220339	0.00460327
515 	 910 	 0.845982 	 0.00220105	0.00459839
515 	 915 	 0.846009 	 0.00219875	0.00459358
515 	 920 	 0.846037 	 0.00219648	0.00458885
515 	 925 	 0.846064 	 0.00219426	0.0045842
515 	 930 	 0.846092 	 0.00219206	0.00457962
515 	 935 	 0.846118 	 0.00218991	0.00457511
515 	 940 	 0.846145 	 0.00218779	0.00457068
515 	 945 	 0.846171 	 0.0021857	0.00456632
515 	 950 	 0.846197 	 0.00218365	0.00456204
515 	 955 	 0.846223 	 0.00218163	0.00455782
515 	 960 	 0.846249 	 0.00217965	0.00455368
515 	 965 	 0.846274 	 0.0021777	0.0045496
515 	 970 	 0.846299 	 0.00217578	0.0045456
515 	 975 	 0.846324 	 0.0021739	0.00454166
515 	 980 	 0.846348 	 0.00217204	0.0045378
515 	 985 	 0.846373 	 0.00217023	0.004534
515 	 990 	 0.846397 	 0.00216844	0.00453026
515 	 995 	 0.846421 	 0.00216668	0.0045266
515 	 1000 	 0.846445 	 0.00216496	0.00452299
515 	 1005 	 0.846468 	 0.00216327	0.00451946
515 	 1010 	 0.846491 	 0.0021616	0.00451598
515 	 1015 	 0.846514 	 0.00215997	0.00451257
515 	 1020 	 0.846537 	 0.00215837	0.00450922
515 	 1025 	 0.84656 	 0.0021568	0.00450594
515 	 1030 	 0.846582 	 0.00215525	0.00450271
515 	 1035 	 0.846605 	 0.00215374	0.00449955
515 	 1040 	 0.846627 	 0.00215225	0.00449645
515 	 1045 	 0.846648 	 0.0021508	0.0044934
515 	 1050 	 0.84667 	 0.00214937	0.00449042
515 	 1055 	 0.846692 	 0.00214797	0.00448749
515 	 1060 	 0.846713 	 0.00214659	0.00448462
515 	 1065 	 0.846734 	 0.00214525	0.00448181
515 	 1070 	 0.846755 	 0.00214393	0.00447906
515 	 1075 	 0.846776 	 0.00214264	0.00447636
515 	 1080 	 0.846796 	 0.00214137	0.00447371
515 	 1085 	 0.846816 	 0.00214013	0.00447112
515 	 1090 	 0.846837 	 0.00213891	0.00446858
515 	 1095 	 0.846857 	 0.00213773	0.0044661
515 	 1100 	 0.846877 	 0.00213656	0.00446367
515 	 1105 	 0.846896 	 0.00213542	0.00446129
515 	 1110 	 0.846916 	 0.00213431	0.00445896
515 	 1115 	 0.846935 	 0.00213322	0.00445669
515 	 1120 	 0.846954 	 0.00213216	0.00445446
515 	 1125 	 0.846973 	 0.00213111	0.00445229
515 	 1130 	 0.846992 	 0.0021301	0.00445016
515 	 1135 	 0.847011 	 0.0021291	0.00444808
515 	 1140 	 0.84703 	 0.00212813	0.00444605
515 	 1145 	 0.847048 	 0.00212718	0.00444407
515 	 1150 	 0.847067 	 0.00212626	0.00444214
515 	 1155 	 0.847085 	 0.00212535	0.00444025
515 	 1160 	 0.847103 	 0.00212447	0.00443841
515 	 1165 	 0.847121 	 0.00212361	0.00443661
515 	 1170 	 0.847138 	 0.00212277	0.00443486
515 	 1175 	 0.847156 	 0.00212196	0.00443315
515 	 1180 	 0.847173 	 0.00212116	0.00443149
515 	 1185 	 0.847191 	 0.00212039	0.00442987
515 	 1190 	 0.847208 	 0.00211963	0.0044283
515 	 1195 	 0.847225 	 0.0021189	0.00442676
515 	 1200 	 0.847242 	 0.00211818	0.00442527
515 	 1205 	 0.847259 	 0.00211749	0.00442382
515 	 1210 	 0.847275 	 0.00211681	0.00442241
515 	 1215 	 0.847292 	 0.00211616	0.00442104
515 	 1220 	 0.847308 	 0.00211552	0.00441971
515 	 1225 	 0.847324 	 0.00211491	0.00441843
515 	 1230 	 0.847341 	 0.00211431	0.00441718
515 	 1235 	 0.847357 	 0.00211373	0.00441596
515 	 1240 	 0.847373 	 0.00211317	0.00441479
515 	 1245 	 0.847388 	 0.00211262	0.00441366
515 	 1250 	 0.847404 	 0.0021121	0.00441256
515 	 1255 	 0.84742 	 0.00211159	0.0044115
515 	 1260 	 0.847435 	 0.0021111	0.00441047
515 	 1265 	 0.84745 	 0.00211063	0.00440948
515 	 1270 	 0.847466 	 0.00211017	0.00440853
515 	 1275 	 0.847481 	 0.00210973	0.00440761
515 	 1280 	 0.847496 	 0.00210931	0.00440673
515 	 1285 	 0.847511 	 0.0021089	0.00440588
515 	 1290 	 0.847525 	 0.00210851	0.00440507
515 	 1295 	 0.84754 	 0.00210814	0.00440429
515 	 1300 	 0.847555 	 0.00210778	0.00440354
515 	 1305 	 0.847569 	 0.00210744	0.00440282
515 	 1310 	 0.847584 	 0.00210711	0.00440214
515 	 1315 	 0.847598 	 0.0021068	0.00440149
515 	 1320 	 0.847612 	 0.0021065	0.00440087
515 	 1325 	 0.847626 	 0.00210622	0.00440028
515 	 1330 	 0.84764 	 0.00210596	0.00439973
515 	 1335 	 0.847654 	 0.0021057	0.0043992
515 	 1340 	 0.847668 	 0.00210547	0.0043987
515 	 1345 	 0.847681 	 0.00210524	0.00439823
515 	 1350 	 0.847695 	 0.00210503	0.0043978
515 	 1355 	 0.847709 	 0.00210484	0.00439739
515 	 1360 	 0.847722 	 0.00210466	0.00439701
515 	 1365 	 0.847735 	 0.00210449	0.00439666
515 	 1370 	 0.847748 	 0.00210433	0.00439633
515 	 1375 	 0.847762 	 0.00210419	0.00439604
515 	 1380 	 0.847775 	 0.00210406	0.00439577
515 	 1385 	 0.847788 	 0.00210395	0.00439553
515 	 1390 	 0.847801 	 0.00210384	0.00439531
515 	 1395 	 0.847813 	 0.00210375	0.00439512
515 	 1400 	 0.847826 	 0.00210367	0.00439496
515 	 1405 	 0.847839 	 0.00210361	0.00439482
515 	 1410 	 0.847851 	 0.00210355	0.00439471
515 	 1415 	 0.847864 	 0.00210351	0.00439462
515 	 1420 	 0.847876 	 0.00210348	0.00439456
515 	 1425 	 0.847888 	 0.00210346	0.00439452
515 	 1430 	 0.847901 	 0.00210346	0.00439451
515 	 1435 	 0.847913 	 0.00210346	0.00439452
515 	 1440 	 0.847925 	 0.00210348	0.00439455
515 	 1445 	 0.847937 	 0.0021035	0.0043946
515 	 1450 	 0.847949 	 0.00210354	0.00439468
515 	 1455 	 0.847961 	 0.00210359	0.00439479
515 	 1460 	 0.847972 	 0.00210365	0.00439491
515 	 1465 	 0.847984 	 0.00210372	0.00439506
515 	 1470 	 0.847996 	 0.0021038	0.00439522
515 	 1475 	 0.848007 	 0.00210389	0.00439541
515 	 1480 	 0.848019 	 0.00210399	0.00439563
515 	 1485 	 0.84803 	 0.0021041	0.00439586
515 	 1490 	 0.848041 	 0.00210423	0.00439611
515 	 1495 	 0.848053 	 0.00210436	0.00439638
515 	 1500 	 0.848064 	 0.0021045	0.00439668
515 	 1505 	 0.848075 	 0.00210465	0.00439699
515 	 1510 	 0.848086 	 0.00210481	0.00439732
515 	 1515 	 0.848097 	 0.00210497	0.00439767
515 	 1520 	 0.848108 	 0.00210515	0.00439805
515 	 1525 	 0.848119 	 0.00210534	0.00439844
515 	 1530 	 0.848129 	 0.00210553	0.00439885
515 	 1535 	 0.84814 	 0.00210574	0.00439927
515 	 1540 	 0.848151 	 0.00210595	0.00439972
515 	 1545 	 0.848161 	 0.00210618	0.00440018
515 	 1550 	 0.848172 	 0.00210641	0.00440067
515 	 1555 	 0.848182 	 0.00210664	0.00440116
515 	 1560 	 0.848193 	 0.00210689	0.00440168
515 	 1565 	 0.848203 	 0.00210715	0.00440221
515 	 1570 	 0.848213 	 0.00210741	0.00440277
515 	 1575 	 0.848224 	 0.00210768	0.00440333
515 	 1580 	 0.848234 	 0.00210796	0.00440392
515 	 1585 	 0.848244 	 0.00210825	0.00440452
515 	 1590 	 0.848254 	 0.00210854	0.00440513
515 	 1595 	 0.848264 	 0.00210885	0.00440576
515 	 1600 	 0.848274 	 0.00210916	0.00440641
515 	 1605 	 0.848284 	 0.00210947	0.00440707
515 	 1610 	 0.848294 	 0.0021098	0.00440775
515 	 1615 	 0.848303 	 0.00211013	0.00440844
515 	 1620 	 0.848313 	 0.00211047	0.00440915
515 	 1625 	 0.848323 	 0.00211081	0.00440988
515 	 1630 	 0.848332 	 0.00211117	0.00441061
515 	 1635 	 0.848342 	 0.00211153	0.00441136
515 	 1640 	 0.848351 	 0.00211189	0.00441213
515 	 1645 	 0.848361 	 0.00211227	0.00441291
515 	 1650 	 0.84837 	 0.00211264	0.0044137
515 	 1655 	 0.848379 	 0.00211303	0.00441451
515 	 1660 	 0.848389 	 0.00211342	0.00441533
515 	 1665 	 0.848398 	 0.00211382	0.00441616
515 	 1670 	 0.848407 	 0.00211423	0.004417
515 	 1675 	 0.848416 	 0.00211464	0.00441786
515 	 1680 	 0.848425 	 0.00211505	0.00441873
515 	 1685 	 0.848434 	 0.00211548	0.00441962
515 	 1690 	 0.848443 	 0.00211591	0.00442051
515 	 1695 	 0.848452 	 0.00211634	0.00442142
515 	 1700 	 0.848461 	 0.00211678	0.00442234
515 	 1705 	 0.84847 	 0.00211723	0.00442327
515 	 1710 	 0.848479 	 0.00211768	0.00442422
515 	 1715 	 0.848487 	 0.00211814	0.00442517
515 	 1720 	 0.848496 	 0.0021186	0.00442614
515 	 1725 	 0.848505 	 0.00211907	0.00442712
515 	 1730 	 0.848513 	 0.00211954	0.0044281
515 	 1735 	 0.848522 	 0.00212002	0.0044291
515 	 1740 	 0.84853 	 0.0021205	0.00443011
515 	 1745 	 0.848539 	 0.00212099	0.00443113
515 	 1750 	 0.848547 	 0.00212148	0.00443217
515 	 1755 	 0.848555 	 0.00212198	0.00443321
515 	 1760 	 0.848564 	 0.00212249	0.00443426
515 	 1765 	 0.848572 	 0.00212299	0.00443532
515 	 1770 	 0.84858 	 0.00212351	0.00443639
515 	 1775 	 0.848589 	 0.00212402	0.00443747
515 	 1780 	 0.848597 	 0.00212455	0.00443856
515 	 1785 	 0.848605 	 0.00212507	0.00443966
515 	 1790 	 0.848613 	 0.0021256	0.00444077
515 	 1795 	 0.848621 	 0.00212614	0.00444189
515 	 1800 	 0.848629 	 0.00212668	0.00444302
515 	 1805 	 0.848637 	 0.00212722	0.00444416
515 	 1810 	 0.848645 	 0.00212777	0.0044453
515 	 1815 	 0.848653 	 0.00212832	0.00444646
515 	 1820 	 0.84866 	 0.00212888	0.00444762
515 	 1825 	 0.848668 	 0.00212944	0.00444879
515 	 1830 	 0.848676 	 0.00213001	0.00444997
515 	 1835 	 0.848684 	 0.00213058	0.00445116
515 	 1840 	 0.848691 	 0.00213115	0.00445236
515 	 1845 	 0.848699 	 0.00213172	0.00445356
515 	 1850 	 0.848706 	 0.00213231	0.00445477
515 	 1855 	 0.848714 	 0.00213289	0.00445599
515 	 1860 	 0.848721 	 0.00213348	0.00445722
515 	 1865 	 0.848729 	 0.00213407	0.00445846
515 	 1870 	 0.848736 	 0.00213466	0.0044597
515 	 1875 	 0.848744 	 0.00213526	0.00446095
515 	 1880 	 0.848751 	 0.00213586	0.00446221
515 	 1885 	 0.848758 	 0.00213647	0.00446347
515 	 1890 	 0.848766 	 0.00213708	0.00446474
515 	 1895 	 0.848773 	 0.00213769	0.00446602
515 	 1900 	 0.84878 	 0.0021383	0.0044673
515 	 1905 	 0.848787 	 0.00213892	0.0044686
515 	 1910 	 0.848795 	 0.00213954	0.00446989
515 	 1915 	 0.848802 	 0.00214017	0.0044712
515 	 1920 	 0.848809 	 0.00214079	0.00447251
515 	 1925 	 0.848816 	 0.00214143	0.00447383
515 	 1930 	 0.848823 	 0.00214206	0.00447515
515 	 1935 	 0.84883 	 0.0021427	0.00447648
515 	 1940 	 0.848837 	 0.00214333	0.00447782
515 	 1945 	 0.848844 	 0.00214398	0.00447916
515 	 1950 	 0.848851 	 0.00214462	0.00448051
515 	 1955 	 0.848857 	 0.00214527	0.00448186
515 	 1960 	 0.848864 	 0.00214592	0.00448322
515 	 1965 	 0.848871 	 0.00214657	0.00448458
515 	 1970 	 0.848878 	 0.00214723	0.00448595
515 	 1975 	 0.848884 	 0.00214789	0.00448733
515 	 1980 	 0.848891 	 0.00214855	0.00448871
515 	 1985 	 0.848898 	 0.00214921	0.0044901
515 	 1990 	 0.848904 	 0.00214988	0.00449149
515 	 1995 	 0.848911 	 0.00215055	0.00449288
515 	 2000 	 0.848918 	 0.00215122	0.00449428
515 	 2005 	 0.848924 	 0.00215189	0.00449569
515 	 2010 	 0.848931 	 0.00215257	0.0044971
515 	 2015 	 0.848937 	 0.00215324	0.00449852
515 	 2020 	 0.848943 	 0.00215392	0.00449994
515 	 2025 	 0.84895 	 0.00215461	0.00450136
515 	 2030 	 0.848956 	 0.00215529	0.00450279
515 	 2035 	 0.848963 	 0.00215598	0.00450423
515 	 2040 	 0.848969 	 0.00215666	0.00450567
515 	 2045 	 0.848975 	 0.00215736	0.00450711
515 	 2050 	 0.848982 	 0.00215805	0.00450856
515 	 2055 	 0.848988 	 0.00215874	0.00451001
515 	 2060 	 0.848994 	 0.00215944	0.00451146
515 	 2065 	 0.849 	 0.00216014	0.00451292
515 	 2070 	 0.849006 	 0.00216084	0.00451438
515 	 2075 	 0.849012 	 0.00216154	0.00451585
515 	 2080 	 0.849019 	 0.00216224	0.00451732
515 	 2085 	 0.849025 	 0.00216295	0.0045188
515 	 2090 	 0.849031 	 0.00216366	0.00452028
515 	 2095 	 0.849037 	 0.00216437	0.00452176
515 	 2100 	 0.849043 	 0.00216508	0.00452324
515 	 2105 	 0.849049 	 0.00216579	0.00452473
515 	 2110 	 0.849055 	 0.00216651	0.00452623
515 	 2115 	 0.849061 	 0.00216722	0.00452772
515 	 2120 	 0.849066 	 0.00216794	0.00452922
515 	 2125 	 0.849072 	 0.00216866	0.00453072
515 	 2130 	 0.849078 	 0.00216938	0.00453223
515 	 2135 	 0.849084 	 0.0021701	0.00453374
515 	 2140 	 0.84909 	 0.00217083	0.00453525
515 	 2145 	 0.849096 	 0.00217155	0.00453676
515 	 2150 	 0.849101 	 0.00217228	0.00453828
515 	 2155 	 0.849107 	 0.00217301	0.0045398
515 	 2160 	 0.849113 	 0.00217373	0.00454133
515 	 2165 	 0.849118 	 0.00217447	0.00454285
515 	 2170 	 0.849124 	 0.0021752	0.00454438
515 	 2175 	 0.84913 	 0.00217593	0.00454592
515 	 2180 	 0.849135 	 0.00217667	0.00454745
515 	 2185 	 0.849141 	 0.0021774	0.00454899
515 	 2190 	 0.849146 	 0.00217814	0.00455053
515 	 2195 	 0.849152 	 0.00217888	0.00455207
515 	 2200 	 0.849157 	 0.00217962	0.00455361
515 	 2205 	 0.849163 	 0.00218036	0.00455516
515 	 2210 	 0.849168 	 0.0021811	0.00455671
515 	 2215 	 0.849174 	 0.00218184	0.00455826
515 	 2220 	 0.849179 	 0.00218258	0.00455982
515 	 2225 	 0.849184 	 0.00218333	0.00456137
515 	 2230 	 0.84919 	 0.00218407	0.00456293
515 	 2235 	 0.849195 	 0.00218482	0.00456449
515 	 2240 	 0.849201 	 0.00218557	0.00456605
515 	 2245 	 0.849206 	 0.00218632	0.00456762
515 	 2250 	 0.849211 	 0.00218707	0.00456918
515 	 2255 	 0.849216 	 0.00218782	0.00457075
515 	 2260 	 0.849222 	 0.00218857	0.00457232
515 	 2265 	 0.849227 	 0.00218932	0.00457389
515 	 2270 	 0.849232 	 0.00219008	0.00457547
515 	 2275 	 0.849237 	 0.00219083	0.00457704
515 	 2280 	 0.849242 	 0.00219159	0.00457862
515 	 2285 	 0.849247 	 0.00219234	0.0045802
515 	 2290 	 0.849253 	 0.0021931	0.00458178
515 	 2295 	 0.849258 	 0.00219385	0.00458336
515 	 2300 	 0.849263 	 0.00219461	0.00458495
515 	 2305 	 0.849268 	 0.00219537	0.00458653
515 	 2310 	 0.849273 	 0.00219613	0.00458812
515 	 2315 	 0.849278 	 0.00219689	0.00458971
515 	 2320 	 0.849283 	 0.00219765	0.0045913
515 	 2325 	 0.849288 	 0.00219841	0.00459289
515 	 2330 	 0.849293 	 0.00219918	0.00459448
515 	 2335 	 0.849298 	 0.00219994	0.00459607
515 	 2340 	 0.849302 	 0.0022007	0.00459767
515 	 2345 	 0.849307 	 0.00220147	0.00459926
515 	 2350 	 0.849312 	 0.00220223	0.00460086
515 	 2355 	 0.849317 	 0.00220299	0.00460246
515 	 2360 	 0.849322 	 0.00220376	0.00460406
515 	 2365 	 0.849327 	 0.00220453	0.00460566
515 	 2370 	 0.849332 	 0.00220529	0.00460726
515 	 2375 	 0.849336 	 0.00220606	0.00460886
515 	 2380 	 0.849341 	 0.00220683	0.00461046
515 	 2385 	 0.849346 	 0.00220759	0.00461207
515 	 2390 	 0.849351 	 0.00220836	0.00461367
515 	 2395 	 0.849355 	 0.00220913	0.00461528
515 	 2400 	 0.84936 	 0.0022099	0.00461689
515 	 2405 	 0.849365 	 0.00221067	0.00461849
515 	 2410 	 0.849369 	 0.00221144	0.0046201
515 	 2415 	 0.849374 	 0.00221221	0.00462171
515 	 2420 	 0.849378 	 0.00221298	0.00462332
515 	 2425 	 0.849383 	 0.00221375	0.00462493
515 	 2430 	 0.849388 	 0.00221452	0.00462654
515 	 2435 	 0.849392 	 0.00221529	0.00462815
515 	 2440 	 0.849397 	 0.00221607	0.00462977
515 	 2445 	 0.849401 	 0.00221684	0.00463138
515 	 2450 	 0.849406 	 0.00221761	0.00463299
515 	 2455 	 0.84941 	 0.00221838	0.00463461
515 	 2460 	 0.849415 	 0.00221916	0.00463622
515 	 2465 	 0.849419 	 0.00221993	0.00463784
515 	 2470 	 0.849424 	 0.0022207	0.00463945
515 	 2475 	 0.849428 	 0.00222148	0.00464107
515 	 2480 	 0.849432 	 0.00222225	0.00464268
515 	 2485 	 0.849437 	 0.00222302	0.0046443
515 	 2490 	 0.849441 	 0.0022238	0.00464592
515 	 2495 	 0.849446 	 0.00222457	0.00464753
515 	 2500 	 0.84945 	 0.00222535	0.00464915
515 	 2505 	 0.849454 	 0.00222612	0.00465077
515 	 2510 	 0.849459 	 0.00222689	0.00465239
515 	 2515 	 0.849463 	 0.00222767	0.00465401
515 	 2520 	 0.849467 	 0.00222844	0.00465562
515 	 2525 	 0.849471 	 0.00222922	0.00465724
515 	 2530 	 0.849476 	 0.00222999	0.00465886
515 	 2535 	 0.84948 	 0.00223077	0.00466048
515 	 2540 	 0.849484 	 0.00223154	0.0046621
515 	 2545 	 0.849488 	 0.00223232	0.00466372
515 	 2550 	 0.849492 	 0.00223309	0.00466534
515 	 2555 	 0.849497 	 0.00223387	0.00466696
515 	 2560 	 0.849501 	 0.00223464	0.00466858
515 	 2565 	 0.849505 	 0.00223542	0.00467019
515 	 2570 	 0.849509 	 0.00223619	0.00467181
515 	 2575 	 0.849513 	 0.00223697	0.00467343
515 	 2580 	 0.849517 	 0.00223774	0.00467505
515 	 2585 	 0.849521 	 0.00223852	0.00467667
515 	 2590 	 0.849525 	 0.00223929	0.00467829
515 	 2595 	 0.849529 	 0.00224007	0.00467991
515 	 2600 	 0.849533 	 0.00224084	0.00468153
515 	 2605 	 0.849537 	 0.00224162	0.00468314
515 	 2610 	 0.849541 	 0.00224239	0.00468476
515 	 2615 	 0.849545 	 0.00224316	0.00468638
515 	 2620 	 0.849549 	 0.00224394	0.004688
515 	 2625 	 0.849553 	 0.00224471	0.00468961
515 	 2630 	 0.849557 	 0.00224549	0.00469123
515 	 2635 	 0.849561 	 0.00224626	0.00469285
515 	 2640 	 0.849565 	 0.00224703	0.00469446
515 	 2645 	 0.849569 	 0.00224781	0.00469608
515 	 2650 	 0.849573 	 0.00224858	0.0046977
515 	 2655 	 0.849577 	 0.00224935	0.00469931
515 	 2660 	 0.849581 	 0.00225013	0.00470093
515 	 2665 	 0.849585 	 0.0022509	0.00470254
515 	 2670 	 0.849589 	 0.00225167	0.00470416
515 	 2675 	 0.849592 	 0.00225245	0.00470577
515 	 2680 	 0.849596 	 0.00225322	0.00470738
515 	 2685 	 0.8496 	 0.00225399	0.004709
515 	 2690 	 0.849604 	 0.00225476	0.00471061
515 	 2695 	 0.849608 	 0.00225553	0.00471222
515 	 2700 	 0.849611 	 0.00225631	0.00471383
515 	 2705 	 0.849615 	 0.00225708	0.00471544
515 	 2710 	 0.849619 	 0.00225785	0.00471705
515 	 2715 	 0.849623 	 0.00225862	0.00471866
515 	 2720 	 0.849626 	 0.00225939	0.00472027
515 	 2725 	 0.84963 	 0.00226016	0.00472188
515 	 2730 	 0.849634 	 0.00226093	0.00472349
515 	 2735 	 0.849637 	 0.0022617	0.0047251
515 	 2740 	 0.849641 	 0.00226247	0.00472671
515 	 2745 	 0.849645 	 0.00226324	0.00472831
515 	 2750 	 0.849648 	 0.002264	0.00472992
515 	 2755 	 0.849652 	 0.00226477	0.00473152
515 	 2760 	 0.849655 	 0.00226554	0.00473313
515 	 2765 	 0.849659 	 0.00226631	0.00473473
515 	 2770 	 0.849663 	 0.00226708	0.00473633
515 	 2775 	 0.849666 	 0.00226784	0.00473794
515 	 2780 	 0.84967 	 0.00226861	0.00473954
515 	 2785 	 0.849673 	 0.00226938	0.00474114
515 	 2790 	 0.849677 	 0.00227014	0.00474274
515 	 2795 	 0.84968 	 0.00227091	0.00474434
515 	 2800 	 0.849684 	 0.00227167	0.00474594
515 	 2805 	 0.849687 	 0.00227244	0.00474754
515 	 2810 	 0.849691 	 0.0022732	0.00474913
515 	 2815 	 0.849694 	 0.00227397	0.00475073
515 	 2820 	 0.849698 	 0.00227473	0.00475232
515 	 2825 	 0.849701 	 0.00227549	0.00475392
515 	 2830 	 0.849705 	 0.00227626	0.00475551
515 	 2835 	 0.849708 	 0.00227702	0.00475711
515 	 2840 	 0.849712 	 0.00227778	0.0047587
515 	 2845 	 0.849715 	 0.00227854	0.00476029
515 	 2850 	 0.849719 	 0.0022793	0.00476188
515 	 2855 	 0.849722 	 0.00228006	0.00476347
515 	 2860 	 0.849725 	 0.00228082	0.00476506
515 	 2865 	 0.849729 	 0.00228158	0.00476665
515 	 2870 	 0.849732 	 0.00228234	0.00476823
515 	 2875 	 0.849735 	 0.0022831	0.00476982
515 	 2880 	 0.849739 	 0.00228386	0.0047714
515 	 2885 	 0.849742 	 0.00228462	0.00477299
515 	 2890 	 0.849745 	 0.00228538	0.00477457
515 	 2895 	 0.849749 	 0.00228614	0.00477615
515 	 2900 	 0.849752 	 0.00228689	0.00477773
515 	 2905 	 0.849755 	 0.00228765	0.00477932
515 	 2910 	 0.849759 	 0.0022884	0.00478089
515 	 2915 	 0.849762 	 0.00228916	0.00478247
515 	 2920 	 0.849765 	 0.00228992	0.00478405
515 	 2925 	 0.849768 	 0.00229067	0.00478563
515 	 2930 	 0.849772 	 0.00229142	0.0047872
515 	 2935 	 0.849775 	 0.00229218	0.00478878
515 	 2940 	 0.849778 	 0.00229293	0.00479035
515 	 2945 	 0.849781 	 0.00229368	0.00479192
515 	 2950 	 0.849784 	 0.00229443	0.00479349
515 	 2955 	 0.849788 	 0.00229519	0.00479506
515 	 2960 	 0.849791 	 0.00229594	0.00479663
515 	 2965 	 0.849794 	 0.00229669	0.0047982
515 	 2970 	 0.849797 	 0.00229744	0.00479977
515 	 2975 	 0.8498 	 0.00229819	0.00480133
515 	 2980 	 0.849803 	 0.00229894	0.0048029
515 	 2985 	 0.849807 	 0.00229968	0.00480446
515 	 2990 	 0.84981 	 0.00230043	0.00480602
515 	 2995 	 0.849813 	 0.00230118	0.00480758
515 	 3000 	 0.849816 	 0.00230193	0.00480914
515 	 3005 	 0.849819 	 0.00230267	0.0048107
515 	 3010 	 0.849822 	 0.00230342	0.00481226
515 	 3015 	 0.849825 	 0.00230416	0.00481382
515 	 3020 	 0.849828 	 0.00230491	0.00481537
515 	 3025 	 0.849831 	 0.00230565	0.00481693
515 	 3030 	 0.849834 	 0.0023064	0.00481848
515 	 3035 	 0.849837 	 0.00230714	0.00482003
515 	 3040 	 0.84984 	 0.00230788	0.00482159
515 	 3045 	 0.849843 	 0.00230862	0.00482314
515 	 3050 	 0.849846 	 0.00230936	0.00482468
515 	 3055 	 0.849849 	 0.00231011	0.00482623
515 	 3060 	 0.849852 	 0.00231085	0.00482778
515 	 3065 	 0.849855 	 0.00231159	0.00482932
515 	 3070 	 0.849858 	 0.00231232	0.00483087
515 	 3075 	 0.849861 	 0.00231306	0.00483241
515 	 3080 	 0.849864 	 0.0023138	0.00483395
515 	 3085 	 0.849867 	 0.00231454	0.00483549
515 	 3090 	 0.84987 	 0.00231527	0.00483703
515 	 3095 	 0.849873 	 0.00231601	0.00483857
515 	 3100 	 0.849876 	 0.00231675	0.0048401
515 	 3105 	 0.849879 	 0.00231748	0.00484164
515 	 3110 	 0.849882 	 0.00231822	0.00484317
515 	 3115 	 0.849885 	 0.00231895	0.00484471
515 	 3120 	 0.849887 	 0.00231968	0.00484624
515 	 3125 	 0.84989 	 0.00232041	0.00484777
515 	 3130 	 0.849893 	 0.00232115	0.0048493
515 	 3135 	 0.849896 	 0.00232188	0.00485083
515 	 3140 	 0.849899 	 0.00232261	0.00485235
515 	 3145 	 0.849902 	 0.00232334	0.00485388
515 	 3150 	 0.849905 	 0.00232407	0.0048554
515 	 3155 	 0.849907 	 0.0023248	0.00485692
515 	 3160 	 0.84991 	 0.00232552	0.00485844
515 	 3165 	 0.849913 	 0.00232625	0.00485997
515 	 3170 	 0.849916 	 0.00232698	0.00486148
515 	 3175 	 0.849919 	 0.00232771	0.004863
515 	 3180 	 0.849921 	 0.00232843	0.00486452
515 	 3185 	 0.849924 	 0.00232916	0.00486603
515 	 3190 	 0.849927 	 0.00232988	0.00486755
515 	 3195 	 0.84993 	 0.0023306	0.00486906
515 	 3200 	 0.849932 	 0.00233133	0.00487057
515 	 3205 	 0.849935 	 0.00233205	0.00487208
515 	 3210 	 0.849938 	 0.00233277	0.00487359
515 	 3215 	 0.849941 	 0.00233349	0.00487509
515 	 3220 	 0.849943 	 0.00233421	0.0048766
515 	 3225 	 0.849946 	 0.00233493	0.0048781
515 	 3230 	 0.849949 	 0.00233565	0.00487961
515 	 3235 	 0.849951 	 0.00233637	0.00488111
515 	 3240 	 0.849954 	 0.00233709	0.00488261
515 	 3245 	 0.849957 	 0.00233781	0.00488411
515 	 3250 	 0.849959 	 0.00233852	0.0048856
515 	 3255 	 0.849962 	 0.00233924	0.0048871
515 	 3260 	 0.849965 	 0.00233996	0.00488859
515 	 3265 	 0.849967 	 0.00234067	0.00489009
515 	 3270 	 0.84997 	 0.00234139	0.00489158
515 	 3275 	 0.849973 	 0.0023421	0.00489307
515 	 3280 	 0.849975 	 0.00234281	0.00489456
515 	 3285 	 0.849978 	 0.00234352	0.00489605
515 	 3290 	 0.849981 	 0.00234424	0.00489753
515 	 3295 	 0.849983 	 0.00234495	0.00489902
515 	 3300 	 0.849986 	 0.00234566	0.0049005
515 	 3305 	 0.849988 	 0.00234637	0.00490199
515 	 3310 	 0.849991 	 0.00234707	0.00490347
515 	 3315 	 0.849993 	 0.00234778	0.00490495
515 	 3320 	 0.849996 	 0.00234849	0.00490642
515 	 3325 	 0.849999 	 0.0023492	0.0049079
515 	 3330 	 0.850001 	 0.0023499	0.00490938
515 	 3335 	 0.850004 	 0.00235061	0.00491085
515 	 3340 	 0.850006 	 0.00235131	0.00491232
515 	 3345 	 0.850009 	 0.00235202	0.0049138
515 	 3350 	 0.850011 	 0.00235272	0.00491526
515 	 3355 	 0.850014 	 0.00235342	0.00491673
515 	 3360 	 0.850016 	 0.00235413	0.0049182
515 	 3365 	 0.850019 	 0.00235483	0.00491967
515 	 3370 	 0.850021 	 0.00235553	0.00492113
515 	 3375 	 0.850024 	 0.00235623	0.00492259
515 	 3380 	 0.850026 	 0.00235693	0.00492405
515 	 3385 	 0.850029 	 0.00235763	0.00492551
515 	 3390 	 0.850031 	 0.00235833	0.00492697
515 	 3395 	 0.850034 	 0.00235902	0.00492843
515 	 3400 	 0.850036 	 0.00235972	0.00492989
515 	 3405 	 0.850039 	 0.00236042	0.00493134
515 	 3410 	 0.850041 	 0.00236111	0.00493279
515 	 3415 	 0.850044 	 0.00236181	0.00493424
515 	 3420 	 0.850046 	 0.0023625	0.00493569
515 	 3425 	 0.850048 	 0.00236319	0.00493714
515 	 3430 	 0.850051 	 0.00236389	0.00493859
515 	 3435 	 0.850053 	 0.00236458	0.00494004
515 	 3440 	 0.850056 	 0.00236527	0.00494148
515 	 3445 	 0.850058 	 0.00236596	0.00494292
515 	 3450 	 0.85006 	 0.00236665	0.00494436
515 	 3455 	 0.850063 	 0.00236734	0.0049458
515 	 3460 	 0.850065 	 0.00236803	0.00494724
515 	 3465 	 0.850068 	 0.00236872	0.00494868
515 	 3470 	 0.85007 	 0.0023694	0.00495012
515 	 3475 	 0.850072 	 0.00237009	0.00495155
515 	 3480 	 0.850075 	 0.00237078	0.00495298
515 	 3485 	 0.850077 	 0.00237146	0.00495441
515 	 3490 	 0.850079 	 0.00237215	0.00495584
515 	 3495 	 0.850082 	 0.00237283	0.00495727
515 	 3500 	 0.850084 	 0.00237351	0.0049587
515 	 3505 	 0.850086 	 0.00237419	0.00496012
515 	 3510 	 0.850089 	 0.00237488	0.00496155
515 	 3515 	 0.850091 	 0.00237556	0.00496297
515 	 3520 	 0.850093 	 0.00237624	0.00496439
515 	 3525 	 0.850096 	 0.00237692	0.00496581
515 	 3530 	 0.850098 	 0.0023776	0.00496723
515 	 3535 	 0.8501 	 0.00237827	0.00496865
515 	 3540 	 0.850102 	 0.00237895	0.00497006
515 	 3545 	 0.850105 	 0.00237963	0.00497148
515 	 3550 	 0.850107 	 0.0023803	0.00497289
515 	 3555 	 0.850109 	 0.00238098	0.0049743
515 	 3560 	 0.850111 	 0.00238165	0.00497571
515 	 3565 	 0.850114 	 0.00238233	0.00497712
515 	 3570 	 0.850116 	 0.002383	0.00497853
515 	 3575 	 0.850118 	 0.00238367	0.00497993
515 	 3580 	 0.85012 	 0.00238435	0.00498133
515 	 3585 	 0.850123 	 0.00238502	0.00498274
515 	 3590 	 0.850125 	 0.00238569	0.00498414
515 	 3595 	 0.850127 	 0.00238636	0.00498554
515 	 3600 	 0.850129 	 0.00238703	0.00498693
515 	 3605 	 0.850132 	 0.0023877	0.00498833
515 	 3610 	 0.850134 	 0.00238836	0.00498973
515 	 3615 	 0.850136 	 0.00238903	0.00499112
515 	 3620 	 0.850138 	 0.0023897	0.00499251
515 	 3625 	 0.85014 	 0.00239036	0.0049939
515 	 3630 	 0.850142 	 0.00239103	0.00499529
515 	 3635 	 0.850145 	 0.00239169	0.00499668
515 	 3640 	 0.850147 	 0.00239236	0.00499807
515 	 3645 	 0.850149 	 0.00239302	0.00499945
515 	 3650 	 0.850151 	 0.00239368	0.00500083
515 	 3655 	 0.850153 	 0.00239434	0.00500222
515 	 3660 	 0.850155 	 0.002395	0.0050036
515 	 3665 	 0.850158 	 0.00239566	0.00500498
515 	 3670 	 0.85016 	 0.00239632	0.00500635
515 	 3675 	 0.850162 	 0.00239698	0.00500773
515 	 3680 	 0.850164 	 0.00239764	0.0050091
515 	 3685 	 0.850166 	 0.0023983	0.00501048
515 	 3690 	 0.850168 	 0.00239895	0.00501185
515 	 3695 	 0.85017 	 0.00239961	0.00501322
515 	 3700 	 0.850172 	 0.00240026	0.00501459
515 	 3705 	 0.850174 	 0.00240092	0.00501596
515 	 3710 	 0.850177 	 0.00240157	0.00501732
515 	 3715 	 0.850179 	 0.00240223	0.00501869
515 	 3720 	 0.850181 	 0.00240288	0.00502005
515 	 3725 	 0.850183 	 0.00240353	0.00502141
515 	 3730 	 0.850185 	 0.00240418	0.00502277
515 	 3735 	 0.850187 	 0.00240483	0.00502413
515 	 3740 	 0.850189 	 0.00240548	0.00502549
515 	 3745 	 0.850191 	 0.00240613	0.00502684
515 	 3750 	 0.850193 	 0.00240678	0.0050282
515 	 3755 	 0.850195 	 0.00240743	0.00502955
515 	 3760 	 0.850197 	 0.00240807	0.0050309
515 	 3765 	 0.850199 	 0.00240872	0.00503225
515 	 3770 	 0.850201 	 0.00240936	0.0050336
515 	 3775 	 0.850203 	 0.00241001	0.00503495
515 	 3780 	 0.850205 	 0.00241065	0.00503629
515 	 3785 	 0.850207 	 0.0024113	0.00503764
515 	 3790 	 0.850209 	 0.00241194	0.00503898
515 	 3795 	 0.850211 	 0.00241258	0.00504032
515 	 3800 	 0.850213 	 0.00241322	0.00504166
515 	 3805 	 0.850215 	 0.00241386	0.005043
515 	 3810 	 0.850217 	 0.0024145	0.00504434
515 	 3815 	 0.850219 	 0.00241514	0.00504567
515 	 3820 	 0.850221 	 0.00241578	0.00504701
515 	 3825 	 0.850223 	 0.00241642	0.00504834
515 	 3830 	 0.850225 	 0.00241706	0.00504967
515 	 3835 	 0.850227 	 0.00241769	0.005051
515 	 3840 	 0.850229 	 0.00241833	0.00505233
515 	 3845 	 0.850231 	 0.00241896	0.00505366
515 	 3850 	 0.850233 	 0.0024196	0.00505498
515 	 3855 	 0.850235 	 0.00242023	0.0050563
515 	 3860 	 0.850237 	 0.00242086	0.00505763
515 	 3865 	 0.850239 	 0.0024215	0.00505895
515 	 3870 	 0.850241 	 0.00242213	0.00506027
515 	 3875 	 0.850243 	 0.00242276	0.00506159
515 	 3880 	 0.850245 	 0.00242339	0.0050629
515 	 3885 	 0.850247 	 0.00242402	0.00506422
515 	 3890 	 0.850249 	 0.00242465	0.00506553
515 	 3895 	 0.85025 	 0.00242528	0.00506685
515 	 3900 	 0.850252 	 0.0024259	0.00506816
515 	 3905 	 0.850254 	 0.00242653	0.00506947
515 	 3910 	 0.850256 	 0.00242716	0.00507077
515 	 3915 	 0.850258 	 0.00242778	0.00507208
515 	 3920 	 0.85026 	 0.00242841	0.00507339
515 	 3925 	 0.850262 	 0.00242903	0.00507469
515 	 3930 	 0.850264 	 0.00242966	0.00507599
515 	 3935 	 0.850266 	 0.00243028	0.00507729
515 	 3940 	 0.850267 	 0.0024309	0.00507859
515 	 3945 	 0.850269 	 0.00243152	0.00507989
515 	 3950 	 0.850271 	 0.00243214	0.00508119
515 	 3955 	 0.850273 	 0.00243276	0.00508248
515 	 3960 	 0.850275 	 0.00243338	0.00508378
515 	 3965 	 0.850277 	 0.002434	0.00508507
515 	 3970 	 0.850279 	 0.00243462	0.00508636
515 	 3975 	 0.85028 	 0.00243524	0.00508765
515 	 3980 	 0.850282 	 0.00243585	0.00508894
515 	 3985 	 0.850284 	 0.00243647	0.00509023
515 	 3990 	 0.850286 	 0.00243708	0.00509151
515 	 3995 	 0.850288 	 0.0024377	0.0050928
515 	 4000 	 0.85029 	 0.00243831	0.00509408
515 	 4005 	 0.850291 	 0.00243893	0.00509536
515 	 4010 	 0.850293 	 0.00243954	0.00509664
515 	 4015 	 0.850295 	 0.00244015	0.00509792
515 	 4020 	 0.850297 	 0.00244076	0.00509919
515 	 4025 	 0.850299 	 0.00244137	0.00510047
515 	 4030 	 0.8503 	 0.00244198	0.00510174
515 	 4035 	 0.850302 	 0.00244259	0.00510302
515 	 4040 	 0.850304 	 0.0024432	0.00510429
515 	 4045 	 0.850306 	 0.00244381	0.00510556
515 	 4050 	 0.850308 	 0.00244441	0.00510683
515 	 4055 	 0.850309 	 0.00244502	0.00510809
515 	 4060 	 0.850311 	 0.00244563	0.00510936
515 	 4065 	 0.850313 	 0.00244623	0.00511062
515 	 4070 	 0.850315 	 0.00244684	0.00511189
515 	 4075 	 0.850316 	 0.00244744	0.00511315
515 	 4080 	 0.850318 	 0.00244804	0.00511441
515 	 4085 	 0.85032 	 0.00244865	0.00511567
515 	 4090 	 0.850322 	 0.00244925	0.00511692
515 	 4095 	 0.850323 	 0.00244985	0.00511818
515 	 4100 	 0.850325 	 0.00245045	0.00511943
515 	 4105 	 0.850327 	 0.00245105	0.00512069
515 	 4110 	 0.850329 	 0.00245165	0.00512194
515 	 4115 	 0.85033 	 0.00245225	0.00512319
515 	 4120 	 0.850332 	 0.00245284	0.00512444
515 	 4125 	 0.850334 	 0.00245344	0.00512569
515 	 4130 	 0.850335 	 0.00245404	0.00512693
515 	 4135 	 0.850337 	 0.00245463	0.00512818
515 	 4140 	 0.850339 	 0.00245523	0.00512942
515 	 4145 	 0.850341 	 0.00245582	0.00513066
515 	 4150 	 0.850342 	 0.00245642	0.0051319
515 	 4155 	 0.850344 	 0.00245701	0.00513314
515 	 4160 	 0.850346 	 0.0024576	0.00513438
515 	 4165 	 0.850347 	 0.0024582	0.00513562
515 	 4170 	 0.850349 	 0.00245879	0.00513685
515 	 4175 	 0.850351 	 0.00245938	0.00513809
515 	 4180 	 0.850352 	 0.00245997	0.00513932
515 	 4185 	 0.850354 	 0.00246056	0.00514055
515 	 4190 	 0.850356 	 0.00246115	0.00514178
515 	 4195 	 0.850357 	 0.00246173	0.00514301
515 	 4200 	 0.850359 	 0.00246232	0.00514424
515 	 4205 	 0.850361 	 0.00246291	0.00514546
515 	 4210 	 0.850362 	 0.00246349	0.00514669
515 	 4215 	 0.850364 	 0.00246408	0.00514791
515 	 4220 	 0.850366 	 0.00246466	0.00514913
515 	 4225 	 0.850367 	 0.00246525	0.00515035
515 	 4230 	 0.850369 	 0.00246583	0.00515157
515 	 4235 	 0.850371 	 0.00246641	0.00515279
515 	 4240 	 0.850372 	 0.002467	0.005154
515 	 4245 	 0.850374 	 0.00246758	0.00515522
515 	 4250 	 0.850376 	 0.00246816	0.00515643
515 	 4255 	 0.850377 	 0.00246874	0.00515764
515 	 4260 	 0.850379 	 0.00246932	0.00515886
515 	 4265 	 0.85038 	 0.0024699	0.00516006
515 	 4270 	 0.850382 	 0.00247048	0.00516127
515 	 4275 	 0.850384 	 0.00247105	0.00516248
515 	 4280 	 0.850385 	 0.00247163	0.00516369
515 	 4285 	 0.850387 	 0.00247221	0.00516489
515 	 4290 	 0.850388 	 0.00247278	0.00516609
515 	 4295 	 0.85039 	 0.00247336	0.00516729
515 	 4300 	 0.850392 	 0.00247393	0.00516849
515 	 4305 	 0.850393 	 0.00247451	0.00516969
515 	 4310 	 0.850395 	 0.00247508	0.00517089
515 	 4315 	 0.850396 	 0.00247565	0.00517209
515 	 4320 	 0.850398 	 0.00247622	0.00517328
515 	 4325 	 0.8504 	 0.00247679	0.00517447
515 	 4330 	 0.850401 	 0.00247736	0.00517567
515 	 4335 	 0.850403 	 0.00247793	0.00517686
515 	 4340 	 0.850404 	 0.0024785	0.00517805
515 	 4345 	 0.850406 	 0.00247907	0.00517923
515 	 4350 	 0.850407 	 0.00247964	0.00518042
515 	 4355 	 0.850409 	 0.00248021	0.00518161
515 	 4360 	 0.85041 	 0.00248077	0.00518279
515 	 4365 	 0.850412 	 0.00248134	0.00518397
515 	 4370 	 0.850414 	 0.00248191	0.00518516
515 	 4375 	 0.850415 	 0.00248247	0.00518634
515 	 4380 	 0.850417 	 0.00248304	0.00518751
515 	 4385 	 0.850418 	 0.0024836	0.00518869
515 	 4390 	 0.85042 	 0.00248416	0.00518987
515 	 4395 	 0.850421 	 0.00248472	0.00519104
515 	 4400 	 0.850423 	 0.00248529	0.00519222
515 	 4405 	 0.850424 	 0.00248585	0.00519339
515 	 4410 	 0.850426 	 0.00248641	0.00519456
515 	 4415 	 0.850427 	 0.00248697	0.00519573
515 	 4420 	 0.850429 	 0.00248753	0.0051969
515 	 4425 	 0.85043 	 0.00248809	0.00519807
515 	 4430 	 0.850432 	 0.00248864	0.00519923
515 	 4435 	 0.850433 	 0.0024892	0.0052004
515 	 4440 	 0.850435 	 0.00248976	0.00520156
515 	 4445 	 0.850436 	 0.00249031	0.00520272
515 	 4450 	 0.850438 	 0.00249087	0.00520388
515 	 4455 	 0.850439 	 0.00249143	0.00520504
515 	 4460 	 0.850441 	 0.00249198	0.0052062
515 	 4465 	 0.850442 	 0.00249253	0.00520736
515 	 4470 	 0.850444 	 0.00249309	0.00520851
515 	 4475 	 0.850445 	 0.00249364	0.00520967
515 	 4480 	 0.850447 	 0.00249419	0.00521082
515 	 4485 	 0.850448 	 0.00249474	0.00521197
515 	 4490 	 0.85045 	 0.00249529	0.00521312
515 	 4495 	 0.850451 	 0.00249584	0.00521427
515 	 4500 	 0.850453 	 0.00249639	0.00521542
515 	 4505 	 0.850454 	 0.00249694	0.00521656
515 	 4510 	 0.850456 	 0.00249749	0.00521771
515 	 4515 	 0.850457 	 0.00249804	0.00521885
515 	 4520 	 0.850458 	 0.00249858	0.00522
515 	 4525 	 0.85046 	 0.00249913	0.00522114
515 	 4530 	 0.850461 	 0.00249968	0.00522228
515 	 4535 	 0.850463 	 0.00250022	0.00522342
515 	 4540 	 0.850464 	 0.00250077	0.00522456
515 	 4545 	 0.850466 	 0.00250131	0.00522569
515 	 4550 	 0.850467 	 0.00250185	0.00522683
515 	 4555 	 0.850469 	 0.0025024	0.00522796
515 	 4560 	 0.85047 	 0.00250294	0.00522909
515 	 4565 	 0.850471 	 0.00250348	0.00523023
515 	 4570 	 0.850473 	 0.00250402	0.00523136
515 	 4575 	 0.850474 	 0.00250456	0.00523248
515 	 4580 	 0.850476 	 0.0025051	0.00523361
515 	 4585 	 0.850477 	 0.00250564	0.00523474
515 	 4590 	 0.850478 	 0.00250618	0.00523586
515 	 4595 	 0.85048 	 0.00250672	0.00523699
515 	 4600 	 0.850481 	 0.00250725	0.00523811
515 	 4605 	 0.850483 	 0.00250779	0.00523923
515 	 4610 	 0.850484 	 0.00250833	0.00524035
515 	 4615 	 0.850486 	 0.00250886	0.00524147
515 	 4620 	 0.850487 	 0.0025094	0.00524259
515 	 4625 	 0.850488 	 0.00250993	0.00524371
515 	 4630 	 0.85049 	 0.00251047	0.00524482
515 	 4635 	 0.850491 	 0.002511	0.00524594
515 	 4640 	 0.850492 	 0.00251153	0.00524705
515 	 4645 	 0.850494 	 0.00251206	0.00524816
515 	 4650 	 0.850495 	 0.0025126	0.00524927
515 	 4655 	 0.850497 	 0.00251313	0.00525038
515 	 4660 	 0.850498 	 0.00251366	0.00525149
515 	 4665 	 0.850499 	 0.00251419	0.00525259
515 	 4670 	 0.850501 	 0.00251472	0.0052537
515 	 4675 	 0.850502 	 0.00251524	0.0052548
515 	 4680 	 0.850503 	 0.00251577	0.00525591
515 	 4685 	 0.850505 	 0.0025163	0.00525701
515 	 4690 	 0.850506 	 0.00251683	0.00525811
515 	 4695 	 0.850508 	 0.00251735	0.00525921
515 	 4700 	 0.850509 	 0.00251788	0.00526031
515 	 4705 	 0.85051 	 0.0025184	0.0052614
515 	 4710 	 0.850512 	 0.00251893	0.0052625
515 	 4715 	 0.850513 	 0.00251945	0.00526359
515 	 4720 	 0.850514 	 0.00251998	0.00526469
515 	 4725 	 0.850516 	 0.0025205	0.00526578
515 	 4730 	 0.850517 	 0.00252102	0.00526687
515 	 4735 	 0.850518 	 0.00252154	0.00526796
515 	 4740 	 0.85052 	 0.00252206	0.00526905
515 	 4745 	 0.850521 	 0.00252258	0.00527014
515 	 4750 	 0.850522 	 0.0025231	0.00527122
515 	 4755 	 0.850524 	 0.00252362	0.00527231
515 	 4760 	 0.850525 	 0.00252414	0.00527339
515 	 4765 	 0.850526 	 0.00252466	0.00527447
515 	 4770 	 0.850527 	 0.00252518	0.00527556
515 	 4775 	 0.850529 	 0.00252569	0.00527664
515 	 4780 	 0.85053 	 0.00252621	0.00527771
515 	 4785 	 0.850531 	 0.00252673	0.00527879
515 	 4790 	 0.850533 	 0.00252724	0.00527987
515 	 4795 	 0.850534 	 0.00252776	0.00528094
515 	 4800 	 0.850535 	 0.00252827	0.00528202
515 	 4805 	 0.850537 	 0.00252878	0.00528309
515 	 4810 	 0.850538 	 0.0025293	0.00528416
515 	 4815 	 0.850539 	 0.00252981	0.00528523
515 	 4820 	 0.850541 	 0.00253032	0.0052863
515 	 4825 	 0.850542 	 0.00253083	0.00528737
515 	 4830 	 0.850543 	 0.00253134	0.00528844
515 	 4835 	 0.850544 	 0.00253185	0.00528951
515 	 4840 	 0.850546 	 0.00253236	0.00529057
515 	 4845 	 0.850547 	 0.00253287	0.00529163
515 	 4850 	 0.850548 	 0.00253338	0.0052927
515 	 4855 	 0.850549 	 0.00253389	0.00529376
515 	 4860 	 0.850551 	 0.0025344	0.00529482
515 	 4865 	 0.850552 	 0.0025349	0.00529588
515 	 4870 	 0.850553 	 0.00253541	0.00529694
515 	 4875 	 0.850555 	 0.00253592	0.00529799
515 	 4880 	 0.850556 	 0.00253642	0.00529905
515 	 4885 	 0.850557 	 0.00253693	0.0053001
515 	 4890 	 0.850558 	 0.00253743	0.00530116
515 	 4895 	 0.85056 	 0.00253794	0.00530221
515 	 4900 	 0.850561 	 0.00253844	0.00530326
515 	 4905 	 0.850562 	 0.00253894	0.00530431
515 	 4910 	 0.850563 	 0.00253944	0.00530536
515 	 4915 	 0.850565 	 0.00253994	0.00530641
515 	 4920 	 0.850566 	 0.00254045	0.00530745
515 	 4925 	 0.850567 	 0.00254095	0.0053085
515 	 4930 	 0.850568 	 0.00254145	0.00530954
515 	 4935 	 0.85057 	 0.00254194	0.00531059
515 	 4940 	 0.850571 	 0.00254244	0.00531163
515 	 4945 	 0.850572 	 0.00254294	0.00531267
515 	 4950 	 0.850573 	 0.00254344	0.00531371
515 	 4955 	 0.850574 	 0.00254394	0.00531475
515 	 4960 	 0.850576 	 0.00254443	0.00531578
515 	 4965 	 0.850577 	 0.00254493	0.00531682
515 	 4970 	 0.850578 	 0.00254542	0.00531786
515 	 4975 	 0.850579 	 0.00254592	0.00531889
515 	 4980 	 0.850581 	 0.00254641	0.00531992
515 	 4985 	 0.850582 	 0.00254691	0.00532095
515 	 4990 	 0.850583 	 0.0025474	0.00532198
515 	 4995 	 0.850584 	 0.00254789	0.00532301
515 	 5000 	 0.850585 	 0.00254839	0.00532404
