755 	 5 	 0.724769 	 0.00645293	0.0134813
755 	 10 	 0.725367 	 0.00604754	0.0126344
755 	 15 	 0.726497 	 0.00541247	0.0113076
755 	 20 	 0.728597 	 0.00450931	0.00942078
755 	 25 	 0.732369 	 0.00346924	0.00724787
755 	 30 	 0.738757 	 0.00279386	0.00583689
755 	 35 	 0.748569 	 0.00275133	0.00574802
755 	 40 	 0.761584 	 0.00258844	0.00540772
755 	 45 	 0.776867 	 0.00251673	0.0052579
755 	 50 	 0.790968 	 0.00236031	0.00493111
755 	 55 	 0.801603 	 0.00208293	0.00435162
755 	 60 	 0.808779 	 0.00163144	0.00340838
755 	 65 	 0.813378 	 0.0012954	0.00270632
755 	 70 	 0.816341 	 0.00119287	0.00249213
755 	 75 	 0.818345 	 0.00121031	0.00252855
755 	 80 	 0.81981 	 0.00124375	0.00259843
755 	 85 	 0.82097 	 0.00126896	0.0026511
755 	 90 	 0.821954 	 0.00129308	0.00270149
755 	 95 	 0.822832 	 0.00132509	0.00276835
755 	 100 	 0.82364 	 0.00136836	0.00285876
755 	 105 	 0.824398 	 0.00142167	0.00297013
755 	 110 	 0.825117 	 0.00148169	0.00309552
755 	 115 	 0.825804 	 0.0015449	0.00322758
755 	 120 	 0.826462 	 0.00160845	0.00336034
755 	 125 	 0.827094 	 0.00167032	0.00348961
755 	 130 	 0.827701 	 0.00172927	0.00361277
755 	 135 	 0.828286 	 0.00178461	0.00372838
755 	 140 	 0.828848 	 0.00183603	0.00383581
755 	 145 	 0.829389 	 0.0018835	0.00393497
755 	 150 	 0.829911 	 0.00192711	0.00402609
755 	 155 	 0.830414 	 0.00196708	0.00410959
755 	 160 	 0.830898 	 0.00200365	0.00418599
755 	 165 	 0.831366 	 0.00203707	0.00425582
755 	 170 	 0.831816 	 0.00206762	0.00431963
755 	 175 	 0.832251 	 0.00209554	0.00437796
755 	 180 	 0.832671 	 0.00212106	0.00443129
755 	 185 	 0.833077 	 0.00214441	0.00448006
755 	 190 	 0.833469 	 0.00216577	0.00452469
755 	 195 	 0.833847 	 0.00218533	0.00456555
755 	 200 	 0.834213 	 0.00220324	0.00460298
755 	 205 	 0.834567 	 0.00221965	0.00463726
755 	 210 	 0.834909 	 0.00223468	0.00466866
755 	 215 	 0.83524 	 0.00224845	0.00469743
755 	 220 	 0.835561 	 0.00226106	0.00472377
755 	 225 	 0.835872 	 0.0022726	0.00474788
755 	 230 	 0.836173 	 0.00228315	0.00476992
755 	 235 	 0.836464 	 0.00229279	0.00479005
755 	 240 	 0.836747 	 0.00230157	0.00480841
755 	 245 	 0.837021 	 0.00230957	0.00482512
755 	 250 	 0.837288 	 0.00231684	0.0048403
755 	 255 	 0.837546 	 0.00232343	0.00485406
755 	 260 	 0.837797 	 0.00232937	0.00486648
755 	 265 	 0.83804 	 0.00233472	0.00487766
755 	 270 	 0.838277 	 0.00233952	0.00488767
755 	 275 	 0.838507 	 0.00234379	0.0048966
755 	 280 	 0.83873 	 0.00234757	0.0049045
755 	 285 	 0.838948 	 0.00235089	0.00491144
755 	 290 	 0.839159 	 0.00235379	0.00491749
755 	 295 	 0.839365 	 0.00235628	0.0049227
755 	 300 	 0.839566 	 0.00235839	0.00492711
755 	 305 	 0.839761 	 0.00236015	0.00493078
755 	 310 	 0.839951 	 0.00236157	0.00493376
755 	 315 	 0.840136 	 0.00236269	0.00493608
755 	 320 	 0.840317 	 0.00236351	0.0049378
755 	 325 	 0.840493 	 0.00236405	0.00493893
755 	 330 	 0.840664 	 0.00236434	0.00493953
755 	 335 	 0.840832 	 0.00236438	0.00493963
755 	 340 	 0.840995 	 0.0023642	0.00493925
755 	 345 	 0.841154 	 0.00236381	0.00493844
755 	 350 	 0.84131 	 0.00236323	0.00493721
755 	 355 	 0.841462 	 0.00236245	0.00493559
755 	 360 	 0.84161 	 0.00236151	0.00493362
755 	 365 	 0.841756 	 0.0023604	0.00493131
755 	 370 	 0.841897 	 0.00235915	0.0049287
755 	 375 	 0.842036 	 0.00235776	0.00492579
755 	 380 	 0.842171 	 0.00235624	0.00492262
755 	 385 	 0.842304 	 0.0023546	0.00491919
755 	 390 	 0.842433 	 0.00235285	0.00491554
755 	 395 	 0.84256 	 0.002351	0.00491168
755 	 400 	 0.842684 	 0.00234906	0.00490762
755 	 405 	 0.842806 	 0.00234704	0.00490338
755 	 410 	 0.842925 	 0.00234493	0.00489899
755 	 415 	 0.843041 	 0.00234275	0.00489444
755 	 420 	 0.843155 	 0.00234051	0.00488976
755 	 425 	 0.843267 	 0.00233821	0.00488495
755 	 430 	 0.843377 	 0.00233586	0.00488004
755 	 435 	 0.843484 	 0.00233346	0.00487503
755 	 440 	 0.843589 	 0.00233102	0.00486994
755 	 445 	 0.843692 	 0.00232855	0.00486476
755 	 450 	 0.843793 	 0.00232604	0.00485952
755 	 455 	 0.843893 	 0.00232351	0.00485423
755 	 460 	 0.84399 	 0.00232095	0.00484888
755 	 465 	 0.844085 	 0.00231837	0.0048435
755 	 470 	 0.844179 	 0.00231578	0.00483809
755 	 475 	 0.844271 	 0.00231318	0.00483265
755 	 480 	 0.844361 	 0.00231057	0.00482719
755 	 485 	 0.84445 	 0.00230795	0.00482173
755 	 490 	 0.844537 	 0.00230533	0.00481626
755 	 495 	 0.844623 	 0.00230271	0.00481079
755 	 500 	 0.844706 	 0.0023001	0.00480533
755 	 505 	 0.844789 	 0.00229749	0.00479988
755 	 510 	 0.84487 	 0.00229489	0.00479445
755 	 515 	 0.84495 	 0.0022923	0.00478904
755 	 520 	 0.845028 	 0.00228973	0.00478366
755 	 525 	 0.845105 	 0.00228717	0.00477831
755 	 530 	 0.845181 	 0.00228463	0.004773
755 	 535 	 0.845255 	 0.0022821	0.00476772
755 	 540 	 0.845328 	 0.00227959	0.00476249
755 	 545 	 0.8454 	 0.00227711	0.0047573
755 	 550 	 0.845471 	 0.00227465	0.00475216
755 	 555 	 0.845541 	 0.00227221	0.00474707
755 	 560 	 0.84561 	 0.0022698	0.00474203
755 	 565 	 0.845677 	 0.00226742	0.00473705
755 	 570 	 0.845744 	 0.00226506	0.00473212
755 	 575 	 0.845809 	 0.00226273	0.00472726
755 	 580 	 0.845873 	 0.00226043	0.00472246
755 	 585 	 0.845937 	 0.00225817	0.00471772
755 	 590 	 0.845999 	 0.00225593	0.00471305
755 	 595 	 0.846061 	 0.00225372	0.00470844
755 	 600 	 0.846121 	 0.00225155	0.0047039
755 	 605 	 0.846181 	 0.00224941	0.00469944
755 	 610 	 0.84624 	 0.00224731	0.00469504
755 	 615 	 0.846298 	 0.00224524	0.00469071
755 	 620 	 0.846355 	 0.0022432	0.00468646
755 	 625 	 0.846411 	 0.0022412	0.00468227
755 	 630 	 0.846466 	 0.00223923	0.00467817
755 	 635 	 0.846521 	 0.0022373	0.00467413
755 	 640 	 0.846575 	 0.00223541	0.00467018
755 	 645 	 0.846628 	 0.00223355	0.00466629
755 	 650 	 0.846681 	 0.00223173	0.00466249
755 	 655 	 0.846732 	 0.00222994	0.00465876
755 	 660 	 0.846783 	 0.0022282	0.00465511
755 	 665 	 0.846833 	 0.00222648	0.00465153
755 	 670 	 0.846883 	 0.00222481	0.00464803
755 	 675 	 0.846932 	 0.00222317	0.00464461
755 	 680 	 0.84698 	 0.00222157	0.00464126
755 	 685 	 0.847028 	 0.00222	0.00463799
755 	 690 	 0.847075 	 0.00221848	0.0046348
755 	 695 	 0.847121 	 0.00221698	0.00463168
755 	 700 	 0.847167 	 0.00221553	0.00462865
755 	 705 	 0.847212 	 0.00221411	0.00462568
755 	 710 	 0.847257 	 0.00221273	0.0046228
755 	 715 	 0.847301 	 0.00221139	0.00461999
755 	 720 	 0.847344 	 0.00221008	0.00461725
755 	 725 	 0.847387 	 0.0022088	0.00461459
755 	 730 	 0.84743 	 0.00220757	0.00461201
755 	 735 	 0.847472 	 0.00220637	0.0046095
755 	 740 	 0.847513 	 0.0022052	0.00460706
755 	 745 	 0.847554 	 0.00220407	0.0046047
755 	 750 	 0.847594 	 0.00220297	0.00460241
755 	 755 	 0.847634 	 0.00220191	0.0046002
755 	 760 	 0.847673 	 0.00220089	0.00459805
755 	 765 	 0.847712 	 0.00219989	0.00459598
755 	 770 	 0.847751 	 0.00219894	0.00459398
755 	 775 	 0.847789 	 0.00219801	0.00459205
755 	 780 	 0.847826 	 0.00219712	0.00459019
755 	 785 	 0.847863 	 0.00219626	0.00458839
755 	 790 	 0.8479 	 0.00219544	0.00458667
755 	 795 	 0.847936 	 0.00219465	0.00458502
755 	 800 	 0.847972 	 0.00219389	0.00458343
755 	 805 	 0.848008 	 0.00219316	0.00458191
755 	 810 	 0.848043 	 0.00219246	0.00458046
755 	 815 	 0.848077 	 0.0021918	0.00457907
755 	 820 	 0.848112 	 0.00219117	0.00457775
755 	 825 	 0.848146 	 0.00219056	0.00457649
755 	 830 	 0.848179 	 0.00218999	0.00457529
755 	 835 	 0.848212 	 0.00218945	0.00457416
755 	 840 	 0.848245 	 0.00218894	0.00457309
755 	 845 	 0.848277 	 0.00218846	0.00457208
755 	 850 	 0.84831 	 0.002188	0.00457114
755 	 855 	 0.848341 	 0.00218758	0.00457025
755 	 860 	 0.848373 	 0.00218718	0.00456942
755 	 865 	 0.848404 	 0.00218682	0.00456866
755 	 870 	 0.848434 	 0.00218648	0.00456795
755 	 875 	 0.848465 	 0.00218616	0.0045673
755 	 880 	 0.848495 	 0.00218588	0.0045667
755 	 885 	 0.848525 	 0.00218562	0.00456616
755 	 890 	 0.848554 	 0.00218539	0.00456568
755 	 895 	 0.848583 	 0.00218519	0.00456525
755 	 900 	 0.848612 	 0.00218501	0.00456488
755 	 905 	 0.848641 	 0.00218485	0.00456456
755 	 910 	 0.848669 	 0.00218473	0.00456429
755 	 915 	 0.848697 	 0.00218462	0.00456408
755 	 920 	 0.848725 	 0.00218454	0.00456391
755 	 925 	 0.848752 	 0.00218449	0.0045638
755 	 930 	 0.848779 	 0.00218446	0.00456374
755 	 935 	 0.848806 	 0.00218445	0.00456372
755 	 940 	 0.848833 	 0.00218447	0.00456376
755 	 945 	 0.848859 	 0.00218451	0.00456384
755 	 950 	 0.848886 	 0.00218457	0.00456397
755 	 955 	 0.848911 	 0.00218466	0.00456415
755 	 960 	 0.848937 	 0.00218477	0.00456438
755 	 965 	 0.848962 	 0.0021849	0.00456465
755 	 970 	 0.848988 	 0.00218505	0.00456496
755 	 975 	 0.849012 	 0.00218522	0.00456532
755 	 980 	 0.849037 	 0.00218541	0.00456573
755 	 985 	 0.849062 	 0.00218563	0.00456617
755 	 990 	 0.849086 	 0.00218586	0.00456666
755 	 995 	 0.84911 	 0.00218612	0.0045672
755 	 1000 	 0.849134 	 0.00218639	0.00456777
755 	 1005 	 0.849157 	 0.00218668	0.00456838
755 	 1010 	 0.84918 	 0.002187	0.00456904
755 	 1015 	 0.849204 	 0.00218733	0.00456973
755 	 1020 	 0.849227 	 0.00218768	0.00457046
755 	 1025 	 0.849249 	 0.00218805	0.00457123
755 	 1030 	 0.849272 	 0.00218844	0.00457204
755 	 1035 	 0.849294 	 0.00218884	0.00457289
755 	 1040 	 0.849316 	 0.00218926	0.00457377
755 	 1045 	 0.849338 	 0.0021897	0.00457469
755 	 1050 	 0.84936 	 0.00219016	0.00457564
755 	 1055 	 0.849381 	 0.00219063	0.00457663
755 	 1060 	 0.849403 	 0.00219112	0.00457766
755 	 1065 	 0.849424 	 0.00219163	0.00457872
755 	 1070 	 0.849445 	 0.00219215	0.00457981
755 	 1075 	 0.849466 	 0.00219269	0.00458093
755 	 1080 	 0.849486 	 0.00219325	0.00458209
755 	 1085 	 0.849507 	 0.00219382	0.00458328
755 	 1090 	 0.849527 	 0.0021944	0.0045845
755 	 1095 	 0.849547 	 0.002195	0.00458575
755 	 1100 	 0.849567 	 0.00219561	0.00458703
755 	 1105 	 0.849587 	 0.00219624	0.00458835
755 	 1110 	 0.849606 	 0.00219688	0.00458969
755 	 1115 	 0.849626 	 0.00219754	0.00459106
755 	 1120 	 0.849645 	 0.00219821	0.00459246
755 	 1125 	 0.849664 	 0.00219889	0.00459389
755 	 1130 	 0.849683 	 0.00219959	0.00459534
755 	 1135 	 0.849702 	 0.0022003	0.00459682
755 	 1140 	 0.849721 	 0.00220102	0.00459833
755 	 1145 	 0.849739 	 0.00220176	0.00459987
755 	 1150 	 0.849757 	 0.0022025	0.00460143
755 	 1155 	 0.849776 	 0.00220326	0.00460302
755 	 1160 	 0.849794 	 0.00220403	0.00460463
755 	 1165 	 0.849812 	 0.00220482	0.00460627
755 	 1170 	 0.849829 	 0.00220561	0.00460793
755 	 1175 	 0.849847 	 0.00220642	0.00460961
755 	 1180 	 0.849865 	 0.00220724	0.00461132
755 	 1185 	 0.849882 	 0.00220807	0.00461305
755 	 1190 	 0.849899 	 0.00220891	0.00461481
755 	 1195 	 0.849916 	 0.00220976	0.00461658
755 	 1200 	 0.849933 	 0.00221062	0.00461838
755 	 1205 	 0.84995 	 0.00221149	0.0046202
755 	 1210 	 0.849967 	 0.00221237	0.00462204
755 	 1215 	 0.849983 	 0.00221326	0.0046239
755 	 1220 	 0.85 	 0.00221416	0.00462578
755 	 1225 	 0.850016 	 0.00221507	0.00462768
755 	 1230 	 0.850032 	 0.00221599	0.00462961
755 	 1235 	 0.850048 	 0.00221692	0.00463155
755 	 1240 	 0.850064 	 0.00221786	0.00463351
755 	 1245 	 0.85008 	 0.0022188	0.00463548
755 	 1250 	 0.850096 	 0.00221976	0.00463748
755 	 1255 	 0.850112 	 0.00222072	0.00463949
755 	 1260 	 0.850127 	 0.0022217	0.00464153
755 	 1265 	 0.850143 	 0.00222268	0.00464358
755 	 1270 	 0.850158 	 0.00222367	0.00464564
755 	 1275 	 0.850173 	 0.00222466	0.00464773
755 	 1280 	 0.850188 	 0.00222567	0.00464982
755 	 1285 	 0.850203 	 0.00222668	0.00465194
755 	 1290 	 0.850218 	 0.0022277	0.00465407
755 	 1295 	 0.850233 	 0.00222873	0.00465622
755 	 1300 	 0.850247 	 0.00222976	0.00465838
755 	 1305 	 0.850262 	 0.0022308	0.00466056
755 	 1310 	 0.850276 	 0.00223185	0.00466275
755 	 1315 	 0.85029 	 0.00223291	0.00466495
755 	 1320 	 0.850305 	 0.00223397	0.00466717
755 	 1325 	 0.850319 	 0.00223504	0.00466941
755 	 1330 	 0.850333 	 0.00223612	0.00467165
755 	 1335 	 0.850347 	 0.0022372	0.00467392
755 	 1340 	 0.850361 	 0.00223829	0.00467619
755 	 1345 	 0.850374 	 0.00223938	0.00467847
755 	 1350 	 0.850388 	 0.00224048	0.00468077
755 	 1355 	 0.850402 	 0.00224159	0.00468308
755 	 1360 	 0.850415 	 0.0022427	0.00468541
755 	 1365 	 0.850428 	 0.00224382	0.00468774
755 	 1370 	 0.850442 	 0.00224494	0.00469009
755 	 1375 	 0.850455 	 0.00224607	0.00469245
755 	 1380 	 0.850468 	 0.0022472	0.00469481
755 	 1385 	 0.850481 	 0.00224834	0.00469719
755 	 1390 	 0.850494 	 0.00224948	0.00469958
755 	 1395 	 0.850507 	 0.00225063	0.00470198
755 	 1400 	 0.850519 	 0.00225179	0.00470439
755 	 1405 	 0.850532 	 0.00225295	0.00470681
755 	 1410 	 0.850545 	 0.00225411	0.00470924
755 	 1415 	 0.850557 	 0.00225528	0.00471168
755 	 1420 	 0.85057 	 0.00225645	0.00471413
755 	 1425 	 0.850582 	 0.00225762	0.00471659
755 	 1430 	 0.850594 	 0.0022588	0.00471905
755 	 1435 	 0.850606 	 0.00225999	0.00472153
755 	 1440 	 0.850619 	 0.00226118	0.00472401
755 	 1445 	 0.850631 	 0.00226237	0.00472651
755 	 1450 	 0.850642 	 0.00226357	0.00472901
755 	 1455 	 0.850654 	 0.00226477	0.00473151
755 	 1460 	 0.850666 	 0.00226597	0.00473403
755 	 1465 	 0.850678 	 0.00226718	0.00473655
755 	 1470 	 0.85069 	 0.00226839	0.00473908
755 	 1475 	 0.850701 	 0.00226961	0.00474162
755 	 1480 	 0.850713 	 0.00227082	0.00474417
755 	 1485 	 0.850724 	 0.00227205	0.00474672
755 	 1490 	 0.850735 	 0.00227327	0.00474928
755 	 1495 	 0.850747 	 0.0022745	0.00475184
755 	 1500 	 0.850758 	 0.00227573	0.00475441
755 	 1505 	 0.850769 	 0.00227696	0.00475699
755 	 1510 	 0.85078 	 0.0022782	0.00475957
755 	 1515 	 0.850791 	 0.00227944	0.00476216
755 	 1520 	 0.850802 	 0.00228068	0.00476476
755 	 1525 	 0.850813 	 0.00228193	0.00476736
755 	 1530 	 0.850824 	 0.00228317	0.00476997
755 	 1535 	 0.850835 	 0.00228442	0.00477258
755 	 1540 	 0.850845 	 0.00228568	0.00477519
755 	 1545 	 0.850856 	 0.00228693	0.00477782
755 	 1550 	 0.850866 	 0.00228819	0.00478044
755 	 1555 	 0.850877 	 0.00228945	0.00478307
755 	 1560 	 0.850887 	 0.00229071	0.00478571
755 	 1565 	 0.850898 	 0.00229197	0.00478835
755 	 1570 	 0.850908 	 0.00229324	0.00479099
755 	 1575 	 0.850918 	 0.00229451	0.00479364
755 	 1580 	 0.850929 	 0.00229578	0.00479629
755 	 1585 	 0.850939 	 0.00229705	0.00479895
755 	 1590 	 0.850949 	 0.00229832	0.00480161
755 	 1595 	 0.850959 	 0.0022996	0.00480427
755 	 1600 	 0.850969 	 0.00230087	0.00480694
755 	 1605 	 0.850979 	 0.00230215	0.00480961
755 	 1610 	 0.850988 	 0.00230343	0.00481229
755 	 1615 	 0.850998 	 0.00230471	0.00481496
755 	 1620 	 0.851008 	 0.002306	0.00481764
755 	 1625 	 0.851018 	 0.00230728	0.00482033
755 	 1630 	 0.851027 	 0.00230857	0.00482301
755 	 1635 	 0.851037 	 0.00230985	0.0048257
755 	 1640 	 0.851046 	 0.00231114	0.0048284
755 	 1645 	 0.851056 	 0.00231243	0.00483109
755 	 1650 	 0.851065 	 0.00231372	0.00483379
755 	 1655 	 0.851075 	 0.00231501	0.00483648
755 	 1660 	 0.851084 	 0.00231631	0.00483919
755 	 1665 	 0.851093 	 0.0023176	0.00484189
755 	 1670 	 0.851102 	 0.0023189	0.00484459
755 	 1675 	 0.851111 	 0.00232019	0.0048473
755 	 1680 	 0.851121 	 0.00232149	0.00485001
755 	 1685 	 0.85113 	 0.00232279	0.00485272
755 	 1690 	 0.851139 	 0.00232408	0.00485543
755 	 1695 	 0.851148 	 0.00232538	0.00485815
755 	 1700 	 0.851156 	 0.00232668	0.00486086
755 	 1705 	 0.851165 	 0.00232798	0.00486358
755 	 1710 	 0.851174 	 0.00232928	0.0048663
755 	 1715 	 0.851183 	 0.00233059	0.00486902
755 	 1720 	 0.851192 	 0.00233189	0.00487174
755 	 1725 	 0.8512 	 0.00233319	0.00487446
755 	 1730 	 0.851209 	 0.00233449	0.00487718
755 	 1735 	 0.851217 	 0.0023358	0.00487991
755 	 1740 	 0.851226 	 0.0023371	0.00488263
755 	 1745 	 0.851234 	 0.00233841	0.00488536
755 	 1750 	 0.851243 	 0.00233971	0.00488808
755 	 1755 	 0.851251 	 0.00234102	0.00489081
755 	 1760 	 0.85126 	 0.00234232	0.00489354
755 	 1765 	 0.851268 	 0.00234363	0.00489626
755 	 1770 	 0.851276 	 0.00234493	0.00489899
755 	 1775 	 0.851284 	 0.00234624	0.00490172
755 	 1780 	 0.851293 	 0.00234754	0.00490445
755 	 1785 	 0.851301 	 0.00234885	0.00490717
755 	 1790 	 0.851309 	 0.00235016	0.0049099
755 	 1795 	 0.851317 	 0.00235146	0.00491263
755 	 1800 	 0.851325 	 0.00235277	0.00491536
755 	 1805 	 0.851333 	 0.00235407	0.00491809
755 	 1810 	 0.851341 	 0.00235538	0.00492082
755 	 1815 	 0.851349 	 0.00235668	0.00492354
755 	 1820 	 0.851356 	 0.00235799	0.00492627
755 	 1825 	 0.851364 	 0.0023593	0.004929
755 	 1830 	 0.851372 	 0.0023606	0.00493172
755 	 1835 	 0.85138 	 0.00236191	0.00493445
755 	 1840 	 0.851387 	 0.00236321	0.00493718
755 	 1845 	 0.851395 	 0.00236451	0.0049399
755 	 1850 	 0.851403 	 0.00236582	0.00494263
755 	 1855 	 0.85141 	 0.00236712	0.00494535
755 	 1860 	 0.851418 	 0.00236843	0.00494807
755 	 1865 	 0.851425 	 0.00236973	0.0049508
755 	 1870 	 0.851433 	 0.00237103	0.00495352
755 	 1875 	 0.85144 	 0.00237233	0.00495624
755 	 1880 	 0.851447 	 0.00237364	0.00495896
755 	 1885 	 0.851455 	 0.00237494	0.00496168
755 	 1890 	 0.851462 	 0.00237624	0.00496439
755 	 1895 	 0.851469 	 0.00237754	0.00496711
755 	 1900 	 0.851477 	 0.00237884	0.00496983
755 	 1905 	 0.851484 	 0.00238014	0.00497254
755 	 1910 	 0.851491 	 0.00238144	0.00497525
755 	 1915 	 0.851498 	 0.00238273	0.00497797
755 	 1920 	 0.851505 	 0.00238403	0.00498068
755 	 1925 	 0.851512 	 0.00238533	0.00498338
755 	 1930 	 0.851519 	 0.00238662	0.00498609
755 	 1935 	 0.851526 	 0.00238792	0.0049888
755 	 1940 	 0.851533 	 0.00238921	0.0049915
755 	 1945 	 0.85154 	 0.00239051	0.00499421
755 	 1950 	 0.851547 	 0.0023918	0.00499691
755 	 1955 	 0.851554 	 0.00239309	0.00499961
755 	 1960 	 0.851561 	 0.00239439	0.00500231
755 	 1965 	 0.851568 	 0.00239568	0.005005
755 	 1970 	 0.851574 	 0.00239697	0.0050077
755 	 1975 	 0.851581 	 0.00239825	0.00501039
755 	 1980 	 0.851588 	 0.00239954	0.00501308
755 	 1985 	 0.851595 	 0.00240083	0.00501577
755 	 1990 	 0.851601 	 0.00240212	0.00501846
755 	 1995 	 0.851608 	 0.0024034	0.00502115
755 	 2000 	 0.851614 	 0.00240469	0.00502383
755 	 2005 	 0.851621 	 0.00240597	0.00502651
755 	 2010 	 0.851627 	 0.00240725	0.00502919
755 	 2015 	 0.851634 	 0.00240854	0.00503187
755 	 2020 	 0.85164 	 0.00240982	0.00503455
755 	 2025 	 0.851647 	 0.0024111	0.00503722
755 	 2030 	 0.851653 	 0.00241238	0.00503989
755 	 2035 	 0.85166 	 0.00241365	0.00504256
755 	 2040 	 0.851666 	 0.00241493	0.00504523
755 	 2045 	 0.851672 	 0.00241621	0.00504789
755 	 2050 	 0.851679 	 0.00241748	0.00505056
755 	 2055 	 0.851685 	 0.00241875	0.00505322
755 	 2060 	 0.851691 	 0.00242003	0.00505588
755 	 2065 	 0.851697 	 0.0024213	0.00505853
755 	 2070 	 0.851703 	 0.00242257	0.00506119
755 	 2075 	 0.85171 	 0.00242384	0.00506384
755 	 2080 	 0.851716 	 0.00242511	0.00506649
755 	 2085 	 0.851722 	 0.00242637	0.00506913
755 	 2090 	 0.851728 	 0.00242764	0.00507178
755 	 2095 	 0.851734 	 0.0024289	0.00507442
755 	 2100 	 0.85174 	 0.00243017	0.00507706
755 	 2105 	 0.851746 	 0.00243143	0.0050797
755 	 2110 	 0.851752 	 0.00243269	0.00508233
755 	 2115 	 0.851758 	 0.00243395	0.00508496
755 	 2120 	 0.851764 	 0.00243521	0.00508759
755 	 2125 	 0.85177 	 0.00243646	0.00509022
755 	 2130 	 0.851776 	 0.00243772	0.00509284
755 	 2135 	 0.851781 	 0.00243898	0.00509546
755 	 2140 	 0.851787 	 0.00244023	0.00509808
755 	 2145 	 0.851793 	 0.00244148	0.0051007
755 	 2150 	 0.851799 	 0.00244273	0.00510331
755 	 2155 	 0.851804 	 0.00244398	0.00510592
755 	 2160 	 0.85181 	 0.00244523	0.00510853
755 	 2165 	 0.851816 	 0.00244648	0.00511114
755 	 2170 	 0.851821 	 0.00244772	0.00511374
755 	 2175 	 0.851827 	 0.00244897	0.00511634
755 	 2180 	 0.851833 	 0.00245021	0.00511894
755 	 2185 	 0.851838 	 0.00245145	0.00512153
755 	 2190 	 0.851844 	 0.00245269	0.00512412
755 	 2195 	 0.851849 	 0.00245393	0.00512671
755 	 2200 	 0.851855 	 0.00245517	0.0051293
755 	 2205 	 0.85186 	 0.00245641	0.00513188
755 	 2210 	 0.851866 	 0.00245764	0.00513446
755 	 2215 	 0.851871 	 0.00245887	0.00513704
755 	 2220 	 0.851877 	 0.00246011	0.00513961
755 	 2225 	 0.851882 	 0.00246134	0.00514218
755 	 2230 	 0.851888 	 0.00246257	0.00514475
755 	 2235 	 0.851893 	 0.00246379	0.00514732
755 	 2240 	 0.851898 	 0.00246502	0.00514988
755 	 2245 	 0.851904 	 0.00246625	0.00515244
755 	 2250 	 0.851909 	 0.00246747	0.00515499
755 	 2255 	 0.851914 	 0.00246869	0.00515755
755 	 2260 	 0.851919 	 0.00246991	0.0051601
755 	 2265 	 0.851925 	 0.00247113	0.00516265
755 	 2270 	 0.85193 	 0.00247235	0.00516519
755 	 2275 	 0.851935 	 0.00247357	0.00516773
755 	 2280 	 0.85194 	 0.00247478	0.00517027
755 	 2285 	 0.851945 	 0.002476	0.00517281
755 	 2290 	 0.85195 	 0.00247721	0.00517534
755 	 2295 	 0.851956 	 0.00247842	0.00517787
755 	 2300 	 0.851961 	 0.00247963	0.00518039
755 	 2305 	 0.851966 	 0.00248083	0.00518292
755 	 2310 	 0.851971 	 0.00248204	0.00518543
755 	 2315 	 0.851976 	 0.00248325	0.00518795
755 	 2320 	 0.851981 	 0.00248445	0.00519046
755 	 2325 	 0.851986 	 0.00248565	0.00519298
755 	 2330 	 0.851991 	 0.00248685	0.00519548
755 	 2335 	 0.851996 	 0.00248805	0.00519799
755 	 2340 	 0.852001 	 0.00248925	0.00520049
755 	 2345 	 0.852005 	 0.00249044	0.00520299
755 	 2350 	 0.85201 	 0.00249164	0.00520548
755 	 2355 	 0.852015 	 0.00249283	0.00520797
755 	 2360 	 0.85202 	 0.00249402	0.00521046
755 	 2365 	 0.852025 	 0.00249521	0.00521294
755 	 2370 	 0.85203 	 0.0024964	0.00521543
755 	 2375 	 0.852034 	 0.00249758	0.0052179
755 	 2380 	 0.852039 	 0.00249877	0.00522038
755 	 2385 	 0.852044 	 0.00249995	0.00522285
755 	 2390 	 0.852049 	 0.00250113	0.00522532
755 	 2395 	 0.852053 	 0.00250231	0.00522779
755 	 2400 	 0.852058 	 0.00250349	0.00523025
755 	 2405 	 0.852063 	 0.00250467	0.00523271
755 	 2410 	 0.852068 	 0.00250584	0.00523516
755 	 2415 	 0.852072 	 0.00250702	0.00523762
755 	 2420 	 0.852077 	 0.00250819	0.00524007
755 	 2425 	 0.852081 	 0.00250936	0.00524251
755 	 2430 	 0.852086 	 0.00251053	0.00524495
755 	 2435 	 0.852091 	 0.0025117	0.00524739
755 	 2440 	 0.852095 	 0.00251286	0.00524983
755 	 2445 	 0.8521 	 0.00251403	0.00525226
755 	 2450 	 0.852104 	 0.00251519	0.00525469
755 	 2455 	 0.852109 	 0.00251635	0.00525712
755 	 2460 	 0.852113 	 0.00251751	0.00525954
755 	 2465 	 0.852118 	 0.00251867	0.00526196
755 	 2470 	 0.852122 	 0.00251983	0.00526438
755 	 2475 	 0.852127 	 0.00252098	0.00526679
755 	 2480 	 0.852131 	 0.00252214	0.0052692
755 	 2485 	 0.852135 	 0.00252329	0.00527161
755 	 2490 	 0.85214 	 0.00252444	0.00527401
755 	 2495 	 0.852144 	 0.00252559	0.00527641
755 	 2500 	 0.852148 	 0.00252673	0.00527881
755 	 2505 	 0.852153 	 0.00252788	0.0052812
755 	 2510 	 0.852157 	 0.00252902	0.00528359
755 	 2515 	 0.852161 	 0.00253017	0.00528598
755 	 2520 	 0.852166 	 0.00253131	0.00528836
755 	 2525 	 0.85217 	 0.00253245	0.00529074
755 	 2530 	 0.852174 	 0.00253358	0.00529312
755 	 2535 	 0.852178 	 0.00253472	0.00529549
755 	 2540 	 0.852183 	 0.00253585	0.00529786
755 	 2545 	 0.852187 	 0.00253699	0.00530023
755 	 2550 	 0.852191 	 0.00253812	0.00530259
755 	 2555 	 0.852195 	 0.00253925	0.00530495
755 	 2560 	 0.852199 	 0.00254037	0.00530731
755 	 2565 	 0.852204 	 0.0025415	0.00530966
755 	 2570 	 0.852208 	 0.00254263	0.00531201
755 	 2575 	 0.852212 	 0.00254375	0.00531436
755 	 2580 	 0.852216 	 0.00254487	0.0053167
755 	 2585 	 0.85222 	 0.00254599	0.00531904
755 	 2590 	 0.852224 	 0.00254711	0.00532137
755 	 2595 	 0.852228 	 0.00254823	0.00532371
755 	 2600 	 0.852232 	 0.00254934	0.00532604
755 	 2605 	 0.852236 	 0.00255045	0.00532836
755 	 2610 	 0.85224 	 0.00255157	0.00533069
755 	 2615 	 0.852244 	 0.00255268	0.00533301
755 	 2620 	 0.852248 	 0.00255379	0.00533532
755 	 2625 	 0.852252 	 0.00255489	0.00533764
755 	 2630 	 0.852256 	 0.002556	0.00533995
755 	 2635 	 0.85226 	 0.0025571	0.00534225
755 	 2640 	 0.852264 	 0.0025582	0.00534456
755 	 2645 	 0.852268 	 0.00255931	0.00534686
755 	 2650 	 0.852272 	 0.0025604	0.00534915
755 	 2655 	 0.852276 	 0.0025615	0.00535144
755 	 2660 	 0.85228 	 0.0025626	0.00535373
755 	 2665 	 0.852284 	 0.00256369	0.00535602
755 	 2670 	 0.852288 	 0.00256479	0.0053583
755 	 2675 	 0.852291 	 0.00256588	0.00536058
755 	 2680 	 0.852295 	 0.00256697	0.00536286
755 	 2685 	 0.852299 	 0.00256805	0.00536513
755 	 2690 	 0.852303 	 0.00256914	0.0053674
755 	 2695 	 0.852307 	 0.00257023	0.00536967
755 	 2700 	 0.85231 	 0.00257131	0.00537193
755 	 2705 	 0.852314 	 0.00257239	0.00537419
755 	 2710 	 0.852318 	 0.00257347	0.00537645
755 	 2715 	 0.852322 	 0.00257455	0.0053787
755 	 2720 	 0.852325 	 0.00257563	0.00538095
755 	 2725 	 0.852329 	 0.0025767	0.0053832
755 	 2730 	 0.852333 	 0.00257777	0.00538544
755 	 2735 	 0.852336 	 0.00257885	0.00538768
755 	 2740 	 0.85234 	 0.00257992	0.00538992
755 	 2745 	 0.852344 	 0.00258099	0.00539215
755 	 2750 	 0.852347 	 0.00258205	0.00539438
755 	 2755 	 0.852351 	 0.00258312	0.00539661
755 	 2760 	 0.852355 	 0.00258418	0.00539883
755 	 2765 	 0.852358 	 0.00258525	0.00540105
755 	 2770 	 0.852362 	 0.00258631	0.00540327
755 	 2775 	 0.852365 	 0.00258737	0.00540548
755 	 2780 	 0.852369 	 0.00258842	0.00540769
755 	 2785 	 0.852373 	 0.00258948	0.0054099
755 	 2790 	 0.852376 	 0.00259053	0.0054121
755 	 2795 	 0.85238 	 0.00259159	0.0054143
755 	 2800 	 0.852383 	 0.00259264	0.0054165
755 	 2805 	 0.852387 	 0.00259369	0.00541869
755 	 2810 	 0.85239 	 0.00259474	0.00542088
755 	 2815 	 0.852394 	 0.00259578	0.00542307
755 	 2820 	 0.852397 	 0.00259683	0.00542525
755 	 2825 	 0.852401 	 0.00259787	0.00542743
755 	 2830 	 0.852404 	 0.00259892	0.00542961
755 	 2835 	 0.852408 	 0.00259996	0.00543178
755 	 2840 	 0.852411 	 0.002601	0.00543395
755 	 2845 	 0.852415 	 0.00260203	0.00543612
755 	 2850 	 0.852418 	 0.00260307	0.00543829
755 	 2855 	 0.852421 	 0.0026041	0.00544045
755 	 2860 	 0.852425 	 0.00260514	0.0054426
755 	 2865 	 0.852428 	 0.00260617	0.00544476
755 	 2870 	 0.852432 	 0.0026072	0.00544691
755 	 2875 	 0.852435 	 0.00260823	0.00544906
755 	 2880 	 0.852438 	 0.00260925	0.0054512
755 	 2885 	 0.852442 	 0.00261028	0.00545334
755 	 2890 	 0.852445 	 0.0026113	0.00545548
755 	 2895 	 0.852448 	 0.00261232	0.00545762
755 	 2900 	 0.852452 	 0.00261334	0.00545975
755 	 2905 	 0.852455 	 0.00261436	0.00546188
755 	 2910 	 0.852458 	 0.00261538	0.005464
755 	 2915 	 0.852461 	 0.0026164	0.00546613
755 	 2920 	 0.852465 	 0.00261741	0.00546825
755 	 2925 	 0.852468 	 0.00261842	0.00547036
755 	 2930 	 0.852471 	 0.00261943	0.00547247
755 	 2935 	 0.852474 	 0.00262044	0.00547458
755 	 2940 	 0.852478 	 0.00262145	0.00547669
755 	 2945 	 0.852481 	 0.00262246	0.00547879
755 	 2950 	 0.852484 	 0.00262346	0.00548089
755 	 2955 	 0.852487 	 0.00262447	0.00548299
755 	 2960 	 0.85249 	 0.00262547	0.00548508
755 	 2965 	 0.852494 	 0.00262647	0.00548717
755 	 2970 	 0.852497 	 0.00262747	0.00548926
755 	 2975 	 0.8525 	 0.00262847	0.00549134
755 	 2980 	 0.852503 	 0.00262946	0.00549343
755 	 2985 	 0.852506 	 0.00263046	0.0054955
755 	 2990 	 0.852509 	 0.00263145	0.00549758
755 	 2995 	 0.852512 	 0.00263244	0.00549965
755 	 3000 	 0.852516 	 0.00263343	0.00550172
755 	 3005 	 0.852519 	 0.00263442	0.00550378
755 	 3010 	 0.852522 	 0.00263541	0.00550584
755 	 3015 	 0.852525 	 0.00263639	0.0055079
755 	 3020 	 0.852528 	 0.00263738	0.00550996
755 	 3025 	 0.852531 	 0.00263836	0.00551201
755 	 3030 	 0.852534 	 0.00263934	0.00551406
755 	 3035 	 0.852537 	 0.00264032	0.00551611
755 	 3040 	 0.85254 	 0.0026413	0.00551815
755 	 3045 	 0.852543 	 0.00264227	0.00552019
755 	 3050 	 0.852546 	 0.00264325	0.00552223
755 	 3055 	 0.852549 	 0.00264422	0.00552426
755 	 3060 	 0.852552 	 0.00264519	0.00552629
755 	 3065 	 0.852555 	 0.00264617	0.00552832
755 	 3070 	 0.852558 	 0.00264713	0.00553035
755 	 3075 	 0.852561 	 0.0026481	0.00553237
755 	 3080 	 0.852564 	 0.00264907	0.00553439
755 	 3085 	 0.852567 	 0.00265003	0.0055364
755 	 3090 	 0.85257 	 0.002651	0.00553842
755 	 3095 	 0.852573 	 0.00265196	0.00554043
755 	 3100 	 0.852576 	 0.00265292	0.00554243
755 	 3105 	 0.852579 	 0.00265388	0.00554444
755 	 3110 	 0.852582 	 0.00265484	0.00554644
755 	 3115 	 0.852584 	 0.00265579	0.00554843
755 	 3120 	 0.852587 	 0.00265675	0.00555043
755 	 3125 	 0.85259 	 0.0026577	0.00555242
755 	 3130 	 0.852593 	 0.00265865	0.00555441
755 	 3135 	 0.852596 	 0.0026596	0.00555639
755 	 3140 	 0.852599 	 0.00266055	0.00555837
755 	 3145 	 0.852602 	 0.0026615	0.00556035
755 	 3150 	 0.852605 	 0.00266244	0.00556233
755 	 3155 	 0.852607 	 0.00266339	0.0055643
755 	 3160 	 0.85261 	 0.00266433	0.00556627
755 	 3165 	 0.852613 	 0.00266527	0.00556824
755 	 3170 	 0.852616 	 0.00266621	0.0055702
755 	 3175 	 0.852619 	 0.00266715	0.00557217
755 	 3180 	 0.852621 	 0.00266809	0.00557412
755 	 3185 	 0.852624 	 0.00266903	0.00557608
755 	 3190 	 0.852627 	 0.00266996	0.00557803
755 	 3195 	 0.85263 	 0.00267089	0.00557998
755 	 3200 	 0.852632 	 0.00267182	0.00558193
755 	 3205 	 0.852635 	 0.00267275	0.00558387
755 	 3210 	 0.852638 	 0.00267368	0.00558581
755 	 3215 	 0.852641 	 0.00267461	0.00558775
755 	 3220 	 0.852643 	 0.00267554	0.00558968
755 	 3225 	 0.852646 	 0.00267646	0.00559162
755 	 3230 	 0.852649 	 0.00267739	0.00559355
755 	 3235 	 0.852652 	 0.00267831	0.00559547
755 	 3240 	 0.852654 	 0.00267923	0.00559739
755 	 3245 	 0.852657 	 0.00268015	0.00559931
755 	 3250 	 0.85266 	 0.00268106	0.00560123
755 	 3255 	 0.852662 	 0.00268198	0.00560315
755 	 3260 	 0.852665 	 0.0026829	0.00560506
755 	 3265 	 0.852668 	 0.00268381	0.00560697
755 	 3270 	 0.85267 	 0.00268472	0.00560887
755 	 3275 	 0.852673 	 0.00268563	0.00561077
755 	 3280 	 0.852676 	 0.00268654	0.00561267
755 	 3285 	 0.852678 	 0.00268745	0.00561457
755 	 3290 	 0.852681 	 0.00268836	0.00561647
755 	 3295 	 0.852683 	 0.00268926	0.00561836
755 	 3300 	 0.852686 	 0.00269017	0.00562025
755 	 3305 	 0.852689 	 0.00269107	0.00562213
755 	 3310 	 0.852691 	 0.00269197	0.00562401
755 	 3315 	 0.852694 	 0.00269287	0.00562589
755 	 3320 	 0.852696 	 0.00269377	0.00562777
755 	 3325 	 0.852699 	 0.00269466	0.00562964
755 	 3330 	 0.852701 	 0.00269556	0.00563152
755 	 3335 	 0.852704 	 0.00269645	0.00563338
755 	 3340 	 0.852707 	 0.00269735	0.00563525
755 	 3345 	 0.852709 	 0.00269824	0.00563711
755 	 3350 	 0.852712 	 0.00269913	0.00563897
755 	 3355 	 0.852714 	 0.00270002	0.00564083
755 	 3360 	 0.852717 	 0.00270091	0.00564269
755 	 3365 	 0.852719 	 0.00270179	0.00564454
755 	 3370 	 0.852722 	 0.00270268	0.00564639
755 	 3375 	 0.852724 	 0.00270356	0.00564823
755 	 3380 	 0.852727 	 0.00270444	0.00565008
755 	 3385 	 0.852729 	 0.00270532	0.00565192
755 	 3390 	 0.852732 	 0.0027062	0.00565375
755 	 3395 	 0.852734 	 0.00270708	0.00565559
755 	 3400 	 0.852737 	 0.00270796	0.00565742
755 	 3405 	 0.852739 	 0.00270884	0.00565925
755 	 3410 	 0.852742 	 0.00270971	0.00566108
755 	 3415 	 0.852744 	 0.00271058	0.0056629
755 	 3420 	 0.852746 	 0.00271146	0.00566472
755 	 3425 	 0.852749 	 0.00271233	0.00566654
755 	 3430 	 0.852751 	 0.00271319	0.00566836
755 	 3435 	 0.852754 	 0.00271406	0.00567017
755 	 3440 	 0.852756 	 0.00271493	0.00567198
755 	 3445 	 0.852759 	 0.00271579	0.00567379
755 	 3450 	 0.852761 	 0.00271666	0.0056756
755 	 3455 	 0.852763 	 0.00271752	0.0056774
755 	 3460 	 0.852766 	 0.00271838	0.0056792
755 	 3465 	 0.852768 	 0.00271924	0.00568099
755 	 3470 	 0.85277 	 0.0027201	0.00568279
755 	 3475 	 0.852773 	 0.00272096	0.00568458
755 	 3480 	 0.852775 	 0.00272182	0.00568637
755 	 3485 	 0.852778 	 0.00272267	0.00568816
755 	 3490 	 0.85278 	 0.00272352	0.00568994
755 	 3495 	 0.852782 	 0.00272438	0.00569172
755 	 3500 	 0.852785 	 0.00272523	0.0056935
755 	 3505 	 0.852787 	 0.00272608	0.00569527
755 	 3510 	 0.852789 	 0.00272693	0.00569705
755 	 3515 	 0.852792 	 0.00272777	0.00569882
755 	 3520 	 0.852794 	 0.00272862	0.00570058
755 	 3525 	 0.852796 	 0.00272947	0.00570235
755 	 3530 	 0.852798 	 0.00273031	0.00570411
755 	 3535 	 0.852801 	 0.00273115	0.00570587
755 	 3540 	 0.852803 	 0.00273199	0.00570763
755 	 3545 	 0.852805 	 0.00273283	0.00570938
755 	 3550 	 0.852808 	 0.00273367	0.00571114
755 	 3555 	 0.85281 	 0.00273451	0.00571289
755 	 3560 	 0.852812 	 0.00273534	0.00571463
755 	 3565 	 0.852814 	 0.00273618	0.00571638
755 	 3570 	 0.852817 	 0.00273701	0.00571812
755 	 3575 	 0.852819 	 0.00273785	0.00571986
755 	 3580 	 0.852821 	 0.00273868	0.00572159
755 	 3585 	 0.852823 	 0.00273951	0.00572333
755 	 3590 	 0.852826 	 0.00274034	0.00572506
755 	 3595 	 0.852828 	 0.00274116	0.00572679
755 	 3600 	 0.85283 	 0.00274199	0.00572851
755 	 3605 	 0.852832 	 0.00274281	0.00573024
755 	 3610 	 0.852834 	 0.00274364	0.00573196
755 	 3615 	 0.852837 	 0.00274446	0.00573368
755 	 3620 	 0.852839 	 0.00274528	0.00573539
755 	 3625 	 0.852841 	 0.0027461	0.00573711
755 	 3630 	 0.852843 	 0.00274692	0.00573882
755 	 3635 	 0.852845 	 0.00274774	0.00574053
755 	 3640 	 0.852848 	 0.00274856	0.00574223
755 	 3645 	 0.85285 	 0.00274937	0.00574394
755 	 3650 	 0.852852 	 0.00275018	0.00574564
755 	 3655 	 0.852854 	 0.002751	0.00574734
755 	 3660 	 0.852856 	 0.00275181	0.00574903
755 	 3665 	 0.852858 	 0.00275262	0.00575072
755 	 3670 	 0.852861 	 0.00275343	0.00575242
755 	 3675 	 0.852863 	 0.00275424	0.0057541
755 	 3680 	 0.852865 	 0.00275504	0.00575579
755 	 3685 	 0.852867 	 0.00275585	0.00575747
755 	 3690 	 0.852869 	 0.00275666	0.00575915
755 	 3695 	 0.852871 	 0.00275746	0.00576083
755 	 3700 	 0.852873 	 0.00275826	0.00576251
755 	 3705 	 0.852875 	 0.00275906	0.00576418
755 	 3710 	 0.852877 	 0.00275986	0.00576585
755 	 3715 	 0.85288 	 0.00276066	0.00576752
755 	 3720 	 0.852882 	 0.00276146	0.00576919
755 	 3725 	 0.852884 	 0.00276225	0.00577085
755 	 3730 	 0.852886 	 0.00276305	0.00577251
755 	 3735 	 0.852888 	 0.00276384	0.00577417
755 	 3740 	 0.85289 	 0.00276464	0.00577583
755 	 3745 	 0.852892 	 0.00276543	0.00577748
755 	 3750 	 0.852894 	 0.00276622	0.00577914
755 	 3755 	 0.852896 	 0.00276701	0.00578079
755 	 3760 	 0.852898 	 0.0027678	0.00578243
755 	 3765 	 0.8529 	 0.00276858	0.00578408
755 	 3770 	 0.852902 	 0.00276937	0.00578572
755 	 3775 	 0.852904 	 0.00277016	0.00578736
755 	 3780 	 0.852906 	 0.00277094	0.005789
755 	 3785 	 0.852908 	 0.00277172	0.00579063
755 	 3790 	 0.85291 	 0.0027725	0.00579226
755 	 3795 	 0.852912 	 0.00277328	0.00579389
755 	 3800 	 0.852914 	 0.00277406	0.00579552
755 	 3805 	 0.852916 	 0.00277484	0.00579715
755 	 3810 	 0.852918 	 0.00277562	0.00579877
755 	 3815 	 0.85292 	 0.00277639	0.00580039
755 	 3820 	 0.852922 	 0.00277717	0.00580201
755 	 3825 	 0.852924 	 0.00277794	0.00580363
755 	 3830 	 0.852926 	 0.00277871	0.00580524
755 	 3835 	 0.852928 	 0.00277949	0.00580685
755 	 3840 	 0.85293 	 0.00278026	0.00580846
755 	 3845 	 0.852932 	 0.00278103	0.00581007
755 	 3850 	 0.852934 	 0.00278179	0.00581167
755 	 3855 	 0.852936 	 0.00278256	0.00581328
755 	 3860 	 0.852938 	 0.00278333	0.00581488
755 	 3865 	 0.85294 	 0.00278409	0.00581647
755 	 3870 	 0.852942 	 0.00278485	0.00581807
755 	 3875 	 0.852944 	 0.00278562	0.00581966
755 	 3880 	 0.852946 	 0.00278638	0.00582125
755 	 3885 	 0.852948 	 0.00278714	0.00582284
755 	 3890 	 0.85295 	 0.0027879	0.00582443
755 	 3895 	 0.852952 	 0.00278866	0.00582601
755 	 3900 	 0.852953 	 0.00278941	0.00582759
755 	 3905 	 0.852955 	 0.00279017	0.00582917
755 	 3910 	 0.852957 	 0.00279092	0.00583075
755 	 3915 	 0.852959 	 0.00279168	0.00583232
755 	 3920 	 0.852961 	 0.00279243	0.0058339
755 	 3925 	 0.852963 	 0.00279318	0.00583547
755 	 3930 	 0.852965 	 0.00279393	0.00583703
755 	 3935 	 0.852967 	 0.00279468	0.0058386
755 	 3940 	 0.852969 	 0.00279543	0.00584016
755 	 3945 	 0.852971 	 0.00279618	0.00584172
755 	 3950 	 0.852972 	 0.00279692	0.00584328
755 	 3955 	 0.852974 	 0.00279767	0.00584484
755 	 3960 	 0.852976 	 0.00279841	0.0058464
755 	 3965 	 0.852978 	 0.00279916	0.00584795
755 	 3970 	 0.85298 	 0.0027999	0.0058495
755 	 3975 	 0.852982 	 0.00280064	0.00585105
755 	 3980 	 0.852983 	 0.00280138	0.00585259
755 	 3985 	 0.852985 	 0.00280212	0.00585414
755 	 3990 	 0.852987 	 0.00280286	0.00585568
755 	 3995 	 0.852989 	 0.00280359	0.00585722
755 	 4000 	 0.852991 	 0.00280433	0.00585875
755 	 4005 	 0.852993 	 0.00280506	0.00586029
755 	 4010 	 0.852994 	 0.0028058	0.00586182
755 	 4015 	 0.852996 	 0.00280653	0.00586335
755 	 4020 	 0.852998 	 0.00280726	0.00586488
755 	 4025 	 0.853 	 0.00280799	0.00586641
755 	 4030 	 0.853002 	 0.00280872	0.00586793
755 	 4035 	 0.853003 	 0.00280945	0.00586945
755 	 4040 	 0.853005 	 0.00281018	0.00587097
755 	 4045 	 0.853007 	 0.0028109	0.00587249
755 	 4050 	 0.853009 	 0.00281163	0.005874
755 	 4055 	 0.853011 	 0.00281235	0.00587552
755 	 4060 	 0.853012 	 0.00281308	0.00587703
755 	 4065 	 0.853014 	 0.0028138	0.00587854
755 	 4070 	 0.853016 	 0.00281452	0.00588005
755 	 4075 	 0.853018 	 0.00281524	0.00588155
755 	 4080 	 0.853019 	 0.00281596	0.00588305
755 	 4085 	 0.853021 	 0.00281668	0.00588455
755 	 4090 	 0.853023 	 0.0028174	0.00588605
755 	 4095 	 0.853025 	 0.00281811	0.00588755
755 	 4100 	 0.853026 	 0.00281883	0.00588904
755 	 4105 	 0.853028 	 0.00281954	0.00589053
755 	 4110 	 0.85303 	 0.00282025	0.00589203
755 	 4115 	 0.853032 	 0.00282097	0.00589351
755 	 4120 	 0.853033 	 0.00282168	0.005895
755 	 4125 	 0.853035 	 0.00282239	0.00589648
755 	 4130 	 0.853037 	 0.0028231	0.00589796
755 	 4135 	 0.853039 	 0.00282381	0.00589944
755 	 4140 	 0.85304 	 0.00282451	0.00590092
755 	 4145 	 0.853042 	 0.00282522	0.0059024
755 	 4150 	 0.853044 	 0.00282592	0.00590387
755 	 4155 	 0.853045 	 0.00282663	0.00590534
755 	 4160 	 0.853047 	 0.00282733	0.00590681
755 	 4165 	 0.853049 	 0.00282803	0.00590828
755 	 4170 	 0.85305 	 0.00282874	0.00590974
755 	 4175 	 0.853052 	 0.00282944	0.00591121
755 	 4180 	 0.853054 	 0.00283014	0.00591267
755 	 4185 	 0.853056 	 0.00283083	0.00591413
755 	 4190 	 0.853057 	 0.00283153	0.00591559
755 	 4195 	 0.853059 	 0.00283223	0.00591704
755 	 4200 	 0.853061 	 0.00283292	0.00591849
755 	 4205 	 0.853062 	 0.00283362	0.00591995
755 	 4210 	 0.853064 	 0.00283431	0.00592139
755 	 4215 	 0.853066 	 0.002835	0.00592284
755 	 4220 	 0.853067 	 0.0028357	0.00592429
755 	 4225 	 0.853069 	 0.00283639	0.00592573
755 	 4230 	 0.85307 	 0.00283708	0.00592717
755 	 4235 	 0.853072 	 0.00283777	0.00592861
755 	 4240 	 0.853074 	 0.00283845	0.00593005
755 	 4245 	 0.853075 	 0.00283914	0.00593148
755 	 4250 	 0.853077 	 0.00283983	0.00593292
755 	 4255 	 0.853079 	 0.00284051	0.00593435
755 	 4260 	 0.85308 	 0.0028412	0.00593578
755 	 4265 	 0.853082 	 0.00284188	0.0059372
755 	 4270 	 0.853084 	 0.00284256	0.00593863
755 	 4275 	 0.853085 	 0.00284324	0.00594005
755 	 4280 	 0.853087 	 0.00284392	0.00594147
755 	 4285 	 0.853088 	 0.0028446	0.00594289
755 	 4290 	 0.85309 	 0.00284528	0.00594431
755 	 4295 	 0.853092 	 0.00284596	0.00594573
755 	 4300 	 0.853093 	 0.00284664	0.00594714
755 	 4305 	 0.853095 	 0.00284731	0.00594855
755 	 4310 	 0.853096 	 0.00284799	0.00594996
755 	 4315 	 0.853098 	 0.00284866	0.00595137
755 	 4320 	 0.8531 	 0.00284933	0.00595278
755 	 4325 	 0.853101 	 0.00285	0.00595418
755 	 4330 	 0.853103 	 0.00285068	0.00595558
755 	 4335 	 0.853104 	 0.00285135	0.00595698
755 	 4340 	 0.853106 	 0.00285202	0.00595838
755 	 4345 	 0.853107 	 0.00285268	0.00595978
755 	 4350 	 0.853109 	 0.00285335	0.00596117
755 	 4355 	 0.853111 	 0.00285402	0.00596256
755 	 4360 	 0.853112 	 0.00285468	0.00596395
755 	 4365 	 0.853114 	 0.00285535	0.00596534
755 	 4370 	 0.853115 	 0.00285601	0.00596673
755 	 4375 	 0.853117 	 0.00285668	0.00596812
755 	 4380 	 0.853118 	 0.00285734	0.0059695
755 	 4385 	 0.85312 	 0.002858	0.00597088
755 	 4390 	 0.853121 	 0.00285866	0.00597226
755 	 4395 	 0.853123 	 0.00285932	0.00597364
755 	 4400 	 0.853124 	 0.00285998	0.00597501
755 	 4405 	 0.853126 	 0.00286063	0.00597639
755 	 4410 	 0.853127 	 0.00286129	0.00597776
755 	 4415 	 0.853129 	 0.00286195	0.00597913
755 	 4420 	 0.853131 	 0.0028626	0.0059805
755 	 4425 	 0.853132 	 0.00286326	0.00598186
755 	 4430 	 0.853134 	 0.00286391	0.00598323
755 	 4435 	 0.853135 	 0.00286456	0.00598459
755 	 4440 	 0.853137 	 0.00286521	0.00598595
755 	 4445 	 0.853138 	 0.00286586	0.00598731
755 	 4450 	 0.85314 	 0.00286651	0.00598867
755 	 4455 	 0.853141 	 0.00286716	0.00599002
755 	 4460 	 0.853143 	 0.00286781	0.00599138
755 	 4465 	 0.853144 	 0.00286846	0.00599273
755 	 4470 	 0.853146 	 0.0028691	0.00599408
755 	 4475 	 0.853147 	 0.00286975	0.00599543
755 	 4480 	 0.853148 	 0.00287039	0.00599677
755 	 4485 	 0.85315 	 0.00287104	0.00599812
755 	 4490 	 0.853151 	 0.00287168	0.00599946
755 	 4495 	 0.853153 	 0.00287232	0.0060008
755 	 4500 	 0.853154 	 0.00287296	0.00600214
755 	 4505 	 0.853156 	 0.0028736	0.00600348
755 	 4510 	 0.853157 	 0.00287424	0.00600481
755 	 4515 	 0.853159 	 0.00287488	0.00600615
755 	 4520 	 0.85316 	 0.00287552	0.00600748
755 	 4525 	 0.853162 	 0.00287615	0.00600881
755 	 4530 	 0.853163 	 0.00287679	0.00601014
755 	 4535 	 0.853165 	 0.00287743	0.00601147
755 	 4540 	 0.853166 	 0.00287806	0.00601279
755 	 4545 	 0.853167 	 0.00287869	0.00601411
755 	 4550 	 0.853169 	 0.00287933	0.00601544
755 	 4555 	 0.85317 	 0.00287996	0.00601676
755 	 4560 	 0.853172 	 0.00288059	0.00601807
755 	 4565 	 0.853173 	 0.00288122	0.00601939
755 	 4570 	 0.853175 	 0.00288185	0.0060207
755 	 4575 	 0.853176 	 0.00288248	0.00602202
755 	 4580 	 0.853177 	 0.0028831	0.00602333
755 	 4585 	 0.853179 	 0.00288373	0.00602464
755 	 4590 	 0.85318 	 0.00288436	0.00602595
755 	 4595 	 0.853182 	 0.00288498	0.00602725
755 	 4600 	 0.853183 	 0.00288561	0.00602856
755 	 4605 	 0.853185 	 0.00288623	0.00602986
755 	 4610 	 0.853186 	 0.00288685	0.00603116
755 	 4615 	 0.853187 	 0.00288747	0.00603246
755 	 4620 	 0.853189 	 0.00288809	0.00603375
755 	 4625 	 0.85319 	 0.00288871	0.00603505
755 	 4630 	 0.853192 	 0.00288933	0.00603634
755 	 4635 	 0.853193 	 0.00288995	0.00603764
755 	 4640 	 0.853194 	 0.00289057	0.00603893
755 	 4645 	 0.853196 	 0.00289119	0.00604022
755 	 4650 	 0.853197 	 0.0028918	0.0060415
755 	 4655 	 0.853198 	 0.00289242	0.00604279
755 	 4660 	 0.8532 	 0.00289303	0.00604407
755 	 4665 	 0.853201 	 0.00289365	0.00604535
755 	 4670 	 0.853203 	 0.00289426	0.00604663
755 	 4675 	 0.853204 	 0.00289487	0.00604791
755 	 4680 	 0.853205 	 0.00289548	0.00604919
755 	 4685 	 0.853207 	 0.00289609	0.00605047
755 	 4690 	 0.853208 	 0.0028967	0.00605174
755 	 4695 	 0.853209 	 0.00289731	0.00605301
755 	 4700 	 0.853211 	 0.00289792	0.00605428
755 	 4705 	 0.853212 	 0.00289853	0.00605555
755 	 4710 	 0.853213 	 0.00289913	0.00605682
755 	 4715 	 0.853215 	 0.00289974	0.00605808
755 	 4720 	 0.853216 	 0.00290034	0.00605935
755 	 4725 	 0.853218 	 0.00290095	0.00606061
755 	 4730 	 0.853219 	 0.00290155	0.00606187
755 	 4735 	 0.85322 	 0.00290215	0.00606313
755 	 4740 	 0.853222 	 0.00290276	0.00606439
755 	 4745 	 0.853223 	 0.00290336	0.00606564
755 	 4750 	 0.853224 	 0.00290396	0.0060669
755 	 4755 	 0.853226 	 0.00290456	0.00606815
755 	 4760 	 0.853227 	 0.00290516	0.0060694
755 	 4765 	 0.853228 	 0.00290575	0.00607065
755 	 4770 	 0.853229 	 0.00290635	0.0060719
755 	 4775 	 0.853231 	 0.00290695	0.00607314
755 	 4780 	 0.853232 	 0.00290754	0.00607439
755 	 4785 	 0.853233 	 0.00290814	0.00607563
755 	 4790 	 0.853235 	 0.00290873	0.00607687
755 	 4795 	 0.853236 	 0.00290932	0.00607811
755 	 4800 	 0.853237 	 0.00290992	0.00607935
755 	 4805 	 0.853239 	 0.00291051	0.00608058
755 	 4810 	 0.85324 	 0.0029111	0.00608182
755 	 4815 	 0.853241 	 0.00291169	0.00608305
755 	 4820 	 0.853243 	 0.00291228	0.00608428
755 	 4825 	 0.853244 	 0.00291287	0.00608551
755 	 4830 	 0.853245 	 0.00291346	0.00608674
755 	 4835 	 0.853246 	 0.00291404	0.00608797
755 	 4840 	 0.853248 	 0.00291463	0.00608919
755 	 4845 	 0.853249 	 0.00291522	0.00609042
755 	 4850 	 0.85325 	 0.0029158	0.00609164
755 	 4855 	 0.853252 	 0.00291639	0.00609286
755 	 4860 	 0.853253 	 0.00291697	0.00609408
755 	 4865 	 0.853254 	 0.00291755	0.0060953
755 	 4870 	 0.853255 	 0.00291813	0.00609651
755 	 4875 	 0.853257 	 0.00291872	0.00609773
755 	 4880 	 0.853258 	 0.0029193	0.00609894
755 	 4885 	 0.853259 	 0.00291988	0.00610015
755 	 4890 	 0.85326 	 0.00292045	0.00610136
755 	 4895 	 0.853262 	 0.00292103	0.00610257
755 	 4900 	 0.853263 	 0.00292161	0.00610378
755 	 4905 	 0.853264 	 0.00292219	0.00610498
755 	 4910 	 0.853265 	 0.00292276	0.00610619
755 	 4915 	 0.853267 	 0.00292334	0.00610739
755 	 4920 	 0.853268 	 0.00292391	0.00610859
755 	 4925 	 0.853269 	 0.00292449	0.00610979
755 	 4930 	 0.85327 	 0.00292506	0.00611099
755 	 4935 	 0.853272 	 0.00292563	0.00611218
755 	 4940 	 0.853273 	 0.00292621	0.00611338
755 	 4945 	 0.853274 	 0.00292678	0.00611457
755 	 4950 	 0.853275 	 0.00292735	0.00611576
755 	 4955 	 0.853277 	 0.00292792	0.00611695
755 	 4960 	 0.853278 	 0.00292849	0.00611814
755 	 4965 	 0.853279 	 0.00292905	0.00611933
755 	 4970 	 0.85328 	 0.00292962	0.00612051
755 	 4975 	 0.853281 	 0.00293019	0.0061217
755 	 4980 	 0.853283 	 0.00293075	0.00612288
755 	 4985 	 0.853284 	 0.00293132	0.00612406
755 	 4990 	 0.853285 	 0.00293188	0.00612524
755 	 4995 	 0.853286 	 0.00293245	0.00612642
755 	 5000 	 0.853288 	 0.00293301	0.0061276
