2845 	 5 	 0.728856 	 0.00668383	0.0139637
2845 	 10 	 0.729458 	 0.00628991	0.0131408
2845 	 15 	 0.730595 	 0.00567657	0.0118594
2845 	 20 	 0.732706 	 0.00481491	0.0100592
2845 	 25 	 0.736499 	 0.00384533	0.00803359
2845 	 30 	 0.742924 	 0.00322217	0.0067317
2845 	 35 	 0.752791 	 0.00311017	0.00649772
2845 	 40 	 0.765879 	 0.00276745	0.00578171
2845 	 45 	 0.781248 	 0.00301166	0.00629191
2845 	 50 	 0.795429 	 0.00295691	0.00617752
2845 	 55 	 0.806123 	 0.00268772	0.00561514
2845 	 60 	 0.81334 	 0.00230745	0.00482068
2845 	 65 	 0.817966 	 0.00208383	0.00435349
2845 	 70 	 0.820945 	 0.00205938	0.00430242
2845 	 75 	 0.822961 	 0.00211847	0.00442586
2845 	 80 	 0.824433 	 0.00218163	0.00455783
2845 	 85 	 0.8256 	 0.00222828	0.00465528
2845 	 90 	 0.82659 	 0.00226096	0.00472357
2845 	 95 	 0.827472 	 0.00228563	0.0047751
2845 	 100 	 0.828285 	 0.00230613	0.00481792
2845 	 105 	 0.829047 	 0.00232402	0.00485531
2845 	 110 	 0.829771 	 0.00233959	0.00488783
2845 	 115 	 0.830462 	 0.00235258	0.00491498
2845 	 120 	 0.831123 	 0.0023627	0.00493611
2845 	 125 	 0.831759 	 0.00236974	0.00495082
2845 	 130 	 0.832369 	 0.00237369	0.00495906
2845 	 135 	 0.832957 	 0.00237465	0.00496108
2845 	 140 	 0.833522 	 0.00237286	0.00495734
2845 	 145 	 0.834067 	 0.0023686	0.00494844
2845 	 150 	 0.834592 	 0.0023622	0.00493507
2845 	 155 	 0.835097 	 0.00235398	0.0049179
2845 	 160 	 0.835584 	 0.00234428	0.00489763
2845 	 165 	 0.836054 	 0.0023334	0.00487489
2845 	 170 	 0.836508 	 0.00232162	0.00485028
2845 	 175 	 0.836945 	 0.0023092	0.00482433
2845 	 180 	 0.837367 	 0.00229636	0.00479752
2845 	 185 	 0.837775 	 0.00228331	0.00477026
2845 	 190 	 0.838169 	 0.00227022	0.00474291
2845 	 195 	 0.83855 	 0.00225723	0.00471577
2845 	 200 	 0.838918 	 0.00224447	0.00468911
2845 	 205 	 0.839274 	 0.00223204	0.00466315
2845 	 210 	 0.839618 	 0.00222003	0.00463804
2845 	 215 	 0.839951 	 0.00220849	0.00461395
2845 	 220 	 0.840274 	 0.00219749	0.00459096
2845 	 225 	 0.840586 	 0.00218707	0.00456918
2845 	 230 	 0.840889 	 0.00217724	0.00454866
2845 	 235 	 0.841182 	 0.00216804	0.00452944
2845 	 240 	 0.841466 	 0.00215948	0.00451154
2845 	 245 	 0.841742 	 0.00215155	0.00449498
2845 	 250 	 0.84201 	 0.00214427	0.00447976
2845 	 255 	 0.842269 	 0.00213761	0.00446586
2845 	 260 	 0.842522 	 0.00213158	0.00445327
2845 	 265 	 0.842766 	 0.00212617	0.00444195
2845 	 270 	 0.843004 	 0.00212135	0.00443189
2845 	 275 	 0.843236 	 0.00211712	0.00442304
2845 	 280 	 0.843461 	 0.00211344	0.00441537
2845 	 285 	 0.843679 	 0.00211032	0.00440884
2845 	 290 	 0.843892 	 0.00210772	0.0044034
2845 	 295 	 0.844099 	 0.00210562	0.00439902
2845 	 300 	 0.844301 	 0.00210401	0.00439566
2845 	 305 	 0.844497 	 0.00210286	0.00439326
2845 	 310 	 0.844688 	 0.00210216	0.00439179
2845 	 315 	 0.844874 	 0.00210188	0.00439121
2845 	 320 	 0.845056 	 0.00210201	0.00439148
2845 	 325 	 0.845233 	 0.00210252	0.00439255
2845 	 330 	 0.845405 	 0.0021034	0.00439439
2845 	 335 	 0.845574 	 0.00210464	0.00439697
2845 	 340 	 0.845738 	 0.0021062	0.00440024
2845 	 345 	 0.845898 	 0.00210808	0.00440417
2845 	 350 	 0.846055 	 0.00211026	0.00440873
2845 	 355 	 0.846208 	 0.00211273	0.00441388
2845 	 360 	 0.846357 	 0.00211547	0.0044196
2845 	 365 	 0.846503 	 0.00211846	0.00442585
2845 	 370 	 0.846645 	 0.0021217	0.00443261
2845 	 375 	 0.846785 	 0.00212516	0.00443985
2845 	 380 	 0.846921 	 0.00212885	0.00444755
2845 	 385 	 0.847054 	 0.00213274	0.00445567
2845 	 390 	 0.847185 	 0.00213682	0.0044642
2845 	 395 	 0.847312 	 0.00214109	0.00447312
2845 	 400 	 0.847437 	 0.00214553	0.0044824
2845 	 405 	 0.847559 	 0.00215014	0.00449203
2845 	 410 	 0.847679 	 0.0021549	0.00450197
2845 	 415 	 0.847796 	 0.00215981	0.00451223
2845 	 420 	 0.84791 	 0.00216485	0.00452277
2845 	 425 	 0.848023 	 0.00217003	0.00453359
2845 	 430 	 0.848133 	 0.00217533	0.00454466
2845 	 435 	 0.848241 	 0.00218075	0.00455598
2845 	 440 	 0.848347 	 0.00218627	0.00456752
2845 	 445 	 0.84845 	 0.0021919	0.00457928
2845 	 450 	 0.848552 	 0.00219763	0.00459124
2845 	 455 	 0.848652 	 0.00220344	0.00460339
2845 	 460 	 0.84875 	 0.00220934	0.00461572
2845 	 465 	 0.848846 	 0.00221532	0.00462821
2845 	 470 	 0.84894 	 0.00222138	0.00464086
2845 	 475 	 0.849033 	 0.0022275	0.00465366
2845 	 480 	 0.849123 	 0.0022337	0.0046666
2845 	 485 	 0.849212 	 0.00223995	0.00467966
2845 	 490 	 0.8493 	 0.00224626	0.00469285
2845 	 495 	 0.849386 	 0.00225262	0.00470614
2845 	 500 	 0.84947 	 0.00225904	0.00471954
2845 	 505 	 0.849553 	 0.0022655	0.00473304
2845 	 510 	 0.849635 	 0.002272	0.00474662
2845 	 515 	 0.849715 	 0.00227854	0.00476029
2845 	 520 	 0.849794 	 0.00228512	0.00477403
2845 	 525 	 0.849871 	 0.00229173	0.00478785
2845 	 530 	 0.849947 	 0.00229838	0.00480173
2845 	 535 	 0.850022 	 0.00230505	0.00481567
2845 	 540 	 0.850096 	 0.00231175	0.00482966
2845 	 545 	 0.850168 	 0.00231847	0.0048437
2845 	 550 	 0.85024 	 0.00232521	0.00485779
2845 	 555 	 0.85031 	 0.00233197	0.00487191
2845 	 560 	 0.850379 	 0.00233875	0.00488608
2845 	 565 	 0.850447 	 0.00234554	0.00490027
2845 	 570 	 0.850513 	 0.00235235	0.00491449
2845 	 575 	 0.850579 	 0.00235917	0.00492873
2845 	 580 	 0.850644 	 0.00236599	0.00494299
2845 	 585 	 0.850708 	 0.00237283	0.00495727
2845 	 590 	 0.850771 	 0.00237967	0.00497156
2845 	 595 	 0.850832 	 0.00238652	0.00498587
2845 	 600 	 0.850893 	 0.00239336	0.00500018
2845 	 605 	 0.850953 	 0.00240022	0.00501449
2845 	 610 	 0.851012 	 0.00240707	0.0050288
2845 	 615 	 0.851071 	 0.00241392	0.00504312
2845 	 620 	 0.851128 	 0.00242077	0.00505743
2845 	 625 	 0.851185 	 0.00242762	0.00507174
2845 	 630 	 0.85124 	 0.00243446	0.00508603
2845 	 635 	 0.851295 	 0.0024413	0.00510032
2845 	 640 	 0.85135 	 0.00244813	0.0051146
2845 	 645 	 0.851403 	 0.00245496	0.00512886
2845 	 650 	 0.851456 	 0.00246178	0.0051431
2845 	 655 	 0.851508 	 0.00246859	0.00515733
2845 	 660 	 0.851559 	 0.00247539	0.00517154
2845 	 665 	 0.851609 	 0.00248218	0.00518573
2845 	 670 	 0.851659 	 0.00248896	0.00519989
2845 	 675 	 0.851709 	 0.00249573	0.00521403
2845 	 680 	 0.851757 	 0.00250249	0.00522815
2845 	 685 	 0.851805 	 0.00250923	0.00524224
2845 	 690 	 0.851852 	 0.00251596	0.0052563
2845 	 695 	 0.851899 	 0.00252268	0.00527034
2845 	 700 	 0.851945 	 0.00252938	0.00528434
2845 	 705 	 0.85199 	 0.00253607	0.00529831
2845 	 710 	 0.852035 	 0.00254274	0.00531225
2845 	 715 	 0.85208 	 0.0025494	0.00532616
2845 	 720 	 0.852123 	 0.00255604	0.00534003
2845 	 725 	 0.852166 	 0.00256266	0.00535387
2845 	 730 	 0.852209 	 0.00256927	0.00536767
2845 	 735 	 0.852251 	 0.00257586	0.00538144
2845 	 740 	 0.852293 	 0.00258243	0.00539517
2845 	 745 	 0.852334 	 0.00258898	0.00540886
2845 	 750 	 0.852374 	 0.00259552	0.00542251
2845 	 755 	 0.852415 	 0.00260203	0.00543612
2845 	 760 	 0.852454 	 0.00260853	0.00544969
2845 	 765 	 0.852493 	 0.00261501	0.00546323
2845 	 770 	 0.852532 	 0.00262147	0.00547672
2845 	 775 	 0.85257 	 0.0026279	0.00549017
2845 	 780 	 0.852608 	 0.00263432	0.00550358
2845 	 785 	 0.852645 	 0.00264072	0.00551694
2845 	 790 	 0.852682 	 0.0026471	0.00553027
2845 	 795 	 0.852719 	 0.00265345	0.00554355
2845 	 800 	 0.852755 	 0.00265979	0.00555679
2845 	 805 	 0.85279 	 0.0026661	0.00556998
2845 	 810 	 0.852826 	 0.0026724	0.00558313
2845 	 815 	 0.85286 	 0.00267867	0.00559623
2845 	 820 	 0.852895 	 0.00268492	0.00560929
2845 	 825 	 0.852929 	 0.00269115	0.00562231
2845 	 830 	 0.852963 	 0.00269736	0.00563528
2845 	 835 	 0.852996 	 0.00270355	0.0056482
2845 	 840 	 0.853029 	 0.00270971	0.00566108
2845 	 845 	 0.853062 	 0.00271586	0.00567392
2845 	 850 	 0.853094 	 0.00272198	0.00568671
2845 	 855 	 0.853126 	 0.00272808	0.00569945
2845 	 860 	 0.853157 	 0.00273415	0.00571214
2845 	 865 	 0.853189 	 0.00274021	0.00572479
2845 	 870 	 0.853219 	 0.00274624	0.0057374
2845 	 875 	 0.85325 	 0.00275225	0.00574995
2845 	 880 	 0.85328 	 0.00275824	0.00576247
2845 	 885 	 0.85331 	 0.00276421	0.00577493
2845 	 890 	 0.85334 	 0.00277015	0.00578735
2845 	 895 	 0.853369 	 0.00277607	0.00579972
2845 	 900 	 0.853398 	 0.00278197	0.00581204
2845 	 905 	 0.853427 	 0.00278785	0.00582432
2845 	 910 	 0.853455 	 0.0027937	0.00583655
2845 	 915 	 0.853484 	 0.00279953	0.00584874
2845 	 920 	 0.853511 	 0.00280534	0.00586087
2845 	 925 	 0.853539 	 0.00281113	0.00587296
2845 	 930 	 0.853566 	 0.0028169	0.00588501
2845 	 935 	 0.853593 	 0.00282264	0.00589701
2845 	 940 	 0.85362 	 0.00282836	0.00590896
2845 	 945 	 0.853647 	 0.00283406	0.00592086
2845 	 950 	 0.853673 	 0.00283973	0.00593272
2845 	 955 	 0.853699 	 0.00284539	0.00594454
2845 	 960 	 0.853725 	 0.00285102	0.0059563
2845 	 965 	 0.85375 	 0.00285663	0.00596802
2845 	 970 	 0.853776 	 0.00286222	0.0059797
2845 	 975 	 0.853801 	 0.00286778	0.00599133
2845 	 980 	 0.853826 	 0.00287333	0.00600291
2845 	 985 	 0.85385 	 0.00287885	0.00601444
2845 	 990 	 0.853874 	 0.00288435	0.00602594
2845 	 995 	 0.853899 	 0.00288983	0.00603738
2845 	 1000 	 0.853923 	 0.00289529	0.00604878
2845 	 1005 	 0.853946 	 0.00290072	0.00606014
2845 	 1010 	 0.85397 	 0.00290613	0.00607144
2845 	 1015 	 0.853993 	 0.00291153	0.00608271
2845 	 1020 	 0.854016 	 0.0029169	0.00609393
2845 	 1025 	 0.854039 	 0.00292225	0.0061051
2845 	 1030 	 0.854061 	 0.00292757	0.00611623
2845 	 1035 	 0.854084 	 0.00293288	0.00612732
2845 	 1040 	 0.854106 	 0.00293816	0.00613836
2845 	 1045 	 0.854128 	 0.00294343	0.00614936
2845 	 1050 	 0.85415 	 0.00294867	0.00616031
2845 	 1055 	 0.854172 	 0.00295389	0.00617122
2845 	 1060 	 0.854193 	 0.00295909	0.00618209
2845 	 1065 	 0.854214 	 0.00296427	0.00619291
2845 	 1070 	 0.854236 	 0.00296943	0.00620369
2845 	 1075 	 0.854256 	 0.00297457	0.00621442
2845 	 1080 	 0.854277 	 0.00297969	0.00622512
2845 	 1085 	 0.854298 	 0.00298479	0.00623577
2845 	 1090 	 0.854318 	 0.00298986	0.00624637
2845 	 1095 	 0.854338 	 0.00299492	0.00625694
2845 	 1100 	 0.854358 	 0.00299996	0.00626746
2845 	 1105 	 0.854378 	 0.00300497	0.00627794
2845 	 1110 	 0.854398 	 0.00300997	0.00628838
2845 	 1115 	 0.854418 	 0.00301495	0.00629877
2845 	 1120 	 0.854437 	 0.0030199	0.00630913
2845 	 1125 	 0.854456 	 0.00302484	0.00631944
2845 	 1130 	 0.854475 	 0.00302975	0.00632971
2845 	 1135 	 0.854494 	 0.00303465	0.00633994
2845 	 1140 	 0.854513 	 0.00303953	0.00635013
2845 	 1145 	 0.854531 	 0.00304439	0.00636028
2845 	 1150 	 0.85455 	 0.00304922	0.00637038
2845 	 1155 	 0.854568 	 0.00305404	0.00638045
2845 	 1160 	 0.854586 	 0.00305884	0.00639048
2845 	 1165 	 0.854604 	 0.00306362	0.00640047
2845 	 1170 	 0.854622 	 0.00306838	0.00641041
2845 	 1175 	 0.85464 	 0.00307313	0.00642032
2845 	 1180 	 0.854658 	 0.00307785	0.00643019
2845 	 1185 	 0.854675 	 0.00308255	0.00644002
2845 	 1190 	 0.854692 	 0.00308724	0.00644981
2845 	 1195 	 0.85471 	 0.00309191	0.00645956
2845 	 1200 	 0.854727 	 0.00309656	0.00646927
2845 	 1205 	 0.854744 	 0.00310119	0.00647894
2845 	 1210 	 0.85476 	 0.0031058	0.00648858
2845 	 1215 	 0.854777 	 0.00311039	0.00649817
2845 	 1220 	 0.854794 	 0.00311497	0.00650773
2845 	 1225 	 0.85481 	 0.00311952	0.00651725
2845 	 1230 	 0.854826 	 0.00312406	0.00652674
2845 	 1235 	 0.854843 	 0.00312858	0.00653618
2845 	 1240 	 0.854859 	 0.00313309	0.00654559
2845 	 1245 	 0.854875 	 0.00313757	0.00655496
2845 	 1250 	 0.85489 	 0.00314204	0.0065643
2845 	 1255 	 0.854906 	 0.00314649	0.0065736
2845 	 1260 	 0.854922 	 0.00315093	0.00658286
2845 	 1265 	 0.854937 	 0.00315534	0.00659208
2845 	 1270 	 0.854953 	 0.00315974	0.00660127
2845 	 1275 	 0.854968 	 0.00316412	0.00661042
2845 	 1280 	 0.854983 	 0.00316848	0.00661954
2845 	 1285 	 0.854998 	 0.00317283	0.00662862
2845 	 1290 	 0.855013 	 0.00317716	0.00663767
2845 	 1295 	 0.855028 	 0.00318147	0.00664668
2845 	 1300 	 0.855042 	 0.00318577	0.00665566
2845 	 1305 	 0.855057 	 0.00319005	0.0066646
2845 	 1310 	 0.855072 	 0.00319431	0.0066735
2845 	 1315 	 0.855086 	 0.00319856	0.00668237
2845 	 1320 	 0.8551 	 0.00320279	0.00669121
2845 	 1325 	 0.855114 	 0.003207	0.00670001
2845 	 1330 	 0.855129 	 0.0032112	0.00670878
2845 	 1335 	 0.855143 	 0.00321538	0.00671752
2845 	 1340 	 0.855156 	 0.00321955	0.00672622
2845 	 1345 	 0.85517 	 0.0032237	0.00673489
2845 	 1350 	 0.855184 	 0.00322783	0.00674352
2845 	 1355 	 0.855198 	 0.00323195	0.00675212
2845 	 1360 	 0.855211 	 0.00323605	0.00676069
2845 	 1365 	 0.855225 	 0.00324013	0.00676923
2845 	 1370 	 0.855238 	 0.0032442	0.00677773
2845 	 1375 	 0.855251 	 0.00324826	0.0067862
2845 	 1380 	 0.855264 	 0.0032523	0.00679464
2845 	 1385 	 0.855277 	 0.00325632	0.00680305
2845 	 1390 	 0.85529 	 0.00326033	0.00681142
2845 	 1395 	 0.855303 	 0.00326432	0.00681977
2845 	 1400 	 0.855316 	 0.0032683	0.00682808
2845 	 1405 	 0.855329 	 0.00327226	0.00683636
2845 	 1410 	 0.855342 	 0.00327621	0.00684461
2845 	 1415 	 0.855354 	 0.00328015	0.00685282
2845 	 1420 	 0.855367 	 0.00328406	0.00686101
2845 	 1425 	 0.855379 	 0.00328797	0.00686917
2845 	 1430 	 0.855391 	 0.00329186	0.00687729
2845 	 1435 	 0.855404 	 0.00329573	0.00688539
2845 	 1440 	 0.855416 	 0.00329959	0.00689345
2845 	 1445 	 0.855428 	 0.00330344	0.00690148
2845 	 1450 	 0.85544 	 0.00330727	0.00690949
2845 	 1455 	 0.855452 	 0.00331109	0.00691746
2845 	 1460 	 0.855464 	 0.00331489	0.00692541
2845 	 1465 	 0.855476 	 0.00331868	0.00693332
2845 	 1470 	 0.855487 	 0.00332245	0.00694121
2845 	 1475 	 0.855499 	 0.00332621	0.00694907
2845 	 1480 	 0.85551 	 0.00332996	0.00695689
2845 	 1485 	 0.855522 	 0.00333369	0.00696469
2845 	 1490 	 0.855533 	 0.00333741	0.00697246
2845 	 1495 	 0.855545 	 0.00334112	0.00698021
2845 	 1500 	 0.855556 	 0.00334481	0.00698792
2845 	 1505 	 0.855567 	 0.00334849	0.0069956
2845 	 1510 	 0.855578 	 0.00335215	0.00700326
2845 	 1515 	 0.855589 	 0.00335581	0.00701089
2845 	 1520 	 0.8556 	 0.00335944	0.00701849
2845 	 1525 	 0.855611 	 0.00336307	0.00702606
2845 	 1530 	 0.855622 	 0.00336668	0.00703361
2845 	 1535 	 0.855633 	 0.00337028	0.00704113
2845 	 1540 	 0.855644 	 0.00337387	0.00704862
2845 	 1545 	 0.855655 	 0.00337744	0.00705608
2845 	 1550 	 0.855665 	 0.003381	0.00706352
2845 	 1555 	 0.855676 	 0.00338455	0.00707093
2845 	 1560 	 0.855686 	 0.00338808	0.00707831
2845 	 1565 	 0.855697 	 0.0033916	0.00708567
2845 	 1570 	 0.855707 	 0.00339511	0.007093
2845 	 1575 	 0.855717 	 0.00339861	0.00710031
2845 	 1580 	 0.855728 	 0.00340209	0.00710759
2845 	 1585 	 0.855738 	 0.00340556	0.00711484
2845 	 1590 	 0.855748 	 0.00340902	0.00712207
2845 	 1595 	 0.855758 	 0.00341247	0.00712927
2845 	 1600 	 0.855768 	 0.0034159	0.00713644
2845 	 1605 	 0.855778 	 0.00341932	0.00714359
2845 	 1610 	 0.855788 	 0.00342273	0.00715072
2845 	 1615 	 0.855798 	 0.00342613	0.00715782
2845 	 1620 	 0.855807 	 0.00342952	0.00716489
2845 	 1625 	 0.855817 	 0.00343289	0.00717194
2845 	 1630 	 0.855827 	 0.00343626	0.00717896
2845 	 1635 	 0.855837 	 0.00343961	0.00718596
2845 	 1640 	 0.855846 	 0.00344295	0.00719294
2845 	 1645 	 0.855856 	 0.00344627	0.00719989
2845 	 1650 	 0.855865 	 0.00344959	0.00720682
2845 	 1655 	 0.855874 	 0.00345289	0.00721372
2845 	 1660 	 0.855884 	 0.00345618	0.0072206
2845 	 1665 	 0.855893 	 0.00345947	0.00722745
2845 	 1670 	 0.855902 	 0.00346274	0.00723429
2845 	 1675 	 0.855912 	 0.00346599	0.00724109
2845 	 1680 	 0.855921 	 0.00346924	0.00724788
2845 	 1685 	 0.85593 	 0.00347248	0.00725464
2845 	 1690 	 0.855939 	 0.0034757	0.00726137
2845 	 1695 	 0.855948 	 0.00347892	0.00726809
2845 	 1700 	 0.855957 	 0.00348212	0.00727478
2845 	 1705 	 0.855966 	 0.00348531	0.00728145
2845 	 1710 	 0.855975 	 0.00348849	0.00728809
2845 	 1715 	 0.855983 	 0.00349166	0.00729472
2845 	 1720 	 0.855992 	 0.00349482	0.00730132
2845 	 1725 	 0.856001 	 0.00349797	0.00730789
2845 	 1730 	 0.856009 	 0.00350111	0.00731445
2845 	 1735 	 0.856018 	 0.00350423	0.00732098
2845 	 1740 	 0.856027 	 0.00350735	0.00732749
2845 	 1745 	 0.856035 	 0.00351046	0.00733398
2845 	 1750 	 0.856044 	 0.00351355	0.00734045
2845 	 1755 	 0.856052 	 0.00351664	0.00734689
2845 	 1760 	 0.85606 	 0.00351971	0.00735332
2845 	 1765 	 0.856069 	 0.00352278	0.00735972
2845 	 1770 	 0.856077 	 0.00352583	0.0073661
2845 	 1775 	 0.856085 	 0.00352887	0.00737246
2845 	 1780 	 0.856094 	 0.00353191	0.0073788
2845 	 1785 	 0.856102 	 0.00353493	0.00738512
2845 	 1790 	 0.85611 	 0.00353795	0.00739141
2845 	 1795 	 0.856118 	 0.00354095	0.00739769
2845 	 1800 	 0.856126 	 0.00354394	0.00740394
2845 	 1805 	 0.856134 	 0.00354693	0.00741017
2845 	 1810 	 0.856142 	 0.0035499	0.00741639
2845 	 1815 	 0.85615 	 0.00355286	0.00742258
2845 	 1820 	 0.856158 	 0.00355582	0.00742875
2845 	 1825 	 0.856166 	 0.00355876	0.0074349
2845 	 1830 	 0.856174 	 0.0035617	0.00744104
2845 	 1835 	 0.856181 	 0.00356462	0.00744715
2845 	 1840 	 0.856189 	 0.00356754	0.00745324
2845 	 1845 	 0.856197 	 0.00357045	0.00745931
2845 	 1850 	 0.856204 	 0.00357334	0.00746536
2845 	 1855 	 0.856212 	 0.00357623	0.0074714
2845 	 1860 	 0.85622 	 0.00357911	0.00747741
2845 	 1865 	 0.856227 	 0.00358198	0.0074834
2845 	 1870 	 0.856235 	 0.00358484	0.00748938
2845 	 1875 	 0.856242 	 0.00358769	0.00749533
2845 	 1880 	 0.856249 	 0.00359053	0.00750127
2845 	 1885 	 0.856257 	 0.00359336	0.00750718
2845 	 1890 	 0.856264 	 0.00359618	0.00751308
2845 	 1895 	 0.856272 	 0.003599	0.00751896
2845 	 1900 	 0.856279 	 0.0036018	0.00752482
2845 	 1905 	 0.856286 	 0.0036046	0.00753066
2845 	 1910 	 0.856293 	 0.00360738	0.00753648
2845 	 1915 	 0.8563 	 0.00361016	0.00754228
2845 	 1920 	 0.856308 	 0.00361293	0.00754807
2845 	 1925 	 0.856315 	 0.00361569	0.00755383
2845 	 1930 	 0.856322 	 0.00361844	0.00755958
2845 	 1935 	 0.856329 	 0.00362118	0.00756531
2845 	 1940 	 0.856336 	 0.00362392	0.00757103
2845 	 1945 	 0.856343 	 0.00362664	0.00757672
2845 	 1950 	 0.85635 	 0.00362936	0.0075824
2845 	 1955 	 0.856357 	 0.00363207	0.00758805
2845 	 1960 	 0.856363 	 0.00363477	0.0075937
2845 	 1965 	 0.85637 	 0.00363746	0.00759932
2845 	 1970 	 0.856377 	 0.00364014	0.00760492
2845 	 1975 	 0.856384 	 0.00364282	0.00761051
2845 	 1980 	 0.856391 	 0.00364549	0.00761608
2845 	 1985 	 0.856397 	 0.00364814	0.00762164
2845 	 1990 	 0.856404 	 0.00365079	0.00762717
2845 	 1995 	 0.856411 	 0.00365343	0.00763269
2845 	 2000 	 0.856417 	 0.00365607	0.00763819
2845 	 2005 	 0.856424 	 0.00365869	0.00764368
2845 	 2010 	 0.85643 	 0.00366131	0.00764915
2845 	 2015 	 0.856437 	 0.00366392	0.0076546
2845 	 2020 	 0.856444 	 0.00366652	0.00766003
2845 	 2025 	 0.85645 	 0.00366911	0.00766545
2845 	 2030 	 0.856456 	 0.0036717	0.00767085
2845 	 2035 	 0.856463 	 0.00367428	0.00767623
2845 	 2040 	 0.856469 	 0.00367685	0.0076816
2845 	 2045 	 0.856476 	 0.00367941	0.00768695
2845 	 2050 	 0.856482 	 0.00368196	0.00769229
2845 	 2055 	 0.856488 	 0.00368451	0.00769761
2845 	 2060 	 0.856494 	 0.00368705	0.00770291
2845 	 2065 	 0.856501 	 0.00368958	0.0077082
2845 	 2070 	 0.856507 	 0.0036921	0.00771347
2845 	 2075 	 0.856513 	 0.00369462	0.00771873
2845 	 2080 	 0.856519 	 0.00369712	0.00772397
2845 	 2085 	 0.856525 	 0.00369962	0.00772919
2845 	 2090 	 0.856531 	 0.00370212	0.0077344
2845 	 2095 	 0.856538 	 0.0037046	0.00773959
2845 	 2100 	 0.856544 	 0.00370708	0.00774477
2845 	 2105 	 0.85655 	 0.00370955	0.00774993
2845 	 2110 	 0.856556 	 0.00371201	0.00775507
2845 	 2115 	 0.856562 	 0.00371447	0.0077602
2845 	 2120 	 0.856568 	 0.00371692	0.00776532
2845 	 2125 	 0.856573 	 0.00371936	0.00777042
2845 	 2130 	 0.856579 	 0.00372179	0.00777551
2845 	 2135 	 0.856585 	 0.00372422	0.00778058
2845 	 2140 	 0.856591 	 0.00372664	0.00778563
2845 	 2145 	 0.856597 	 0.00372905	0.00779067
2845 	 2150 	 0.856603 	 0.00373146	0.0077957
2845 	 2155 	 0.856608 	 0.00373386	0.00780071
2845 	 2160 	 0.856614 	 0.00373625	0.0078057
2845 	 2165 	 0.85662 	 0.00373863	0.00781068
2845 	 2170 	 0.856626 	 0.00374101	0.00781565
2845 	 2175 	 0.856631 	 0.00374338	0.0078206
2845 	 2180 	 0.856637 	 0.00374574	0.00782554
2845 	 2185 	 0.856643 	 0.0037481	0.00783047
2845 	 2190 	 0.856648 	 0.00375045	0.00783537
2845 	 2195 	 0.856654 	 0.00375279	0.00784027
2845 	 2200 	 0.856659 	 0.00375513	0.00784515
2845 	 2205 	 0.856665 	 0.00375746	0.00785002
2845 	 2210 	 0.85667 	 0.00375978	0.00785487
2845 	 2215 	 0.856676 	 0.0037621	0.00785971
2845 	 2220 	 0.856681 	 0.00376441	0.00786453
2845 	 2225 	 0.856687 	 0.00376671	0.00786934
2845 	 2230 	 0.856692 	 0.00376901	0.00787414
2845 	 2235 	 0.856697 	 0.0037713	0.00787893
2845 	 2240 	 0.856703 	 0.00377358	0.0078837
2845 	 2245 	 0.856708 	 0.00377586	0.00788845
2845 	 2250 	 0.856713 	 0.00377813	0.00789319
2845 	 2255 	 0.856719 	 0.00378039	0.00789792
2845 	 2260 	 0.856724 	 0.00378265	0.00790264
2845 	 2265 	 0.856729 	 0.0037849	0.00790734
2845 	 2270 	 0.856735 	 0.00378714	0.00791203
2845 	 2275 	 0.85674 	 0.00378938	0.00791671
2845 	 2280 	 0.856745 	 0.00379161	0.00792137
2845 	 2285 	 0.85675 	 0.00379384	0.00792602
2845 	 2290 	 0.856755 	 0.00379606	0.00793066
2845 	 2295 	 0.85676 	 0.00379827	0.00793528
2845 	 2300 	 0.856766 	 0.00380048	0.00793989
2845 	 2305 	 0.856771 	 0.00380268	0.00794449
2845 	 2310 	 0.856776 	 0.00380487	0.00794907
2845 	 2315 	 0.856781 	 0.00380706	0.00795365
2845 	 2320 	 0.856786 	 0.00380924	0.00795821
2845 	 2325 	 0.856791 	 0.00381142	0.00796275
2845 	 2330 	 0.856796 	 0.00381359	0.00796729
2845 	 2335 	 0.856801 	 0.00381576	0.00797181
2845 	 2340 	 0.856806 	 0.00381791	0.00797632
2845 	 2345 	 0.856811 	 0.00382007	0.00798081
2845 	 2350 	 0.856816 	 0.00382221	0.0079853
2845 	 2355 	 0.85682 	 0.00382435	0.00798977
2845 	 2360 	 0.856825 	 0.00382649	0.00799423
2845 	 2365 	 0.85683 	 0.00382862	0.00799868
2845 	 2370 	 0.856835 	 0.00383074	0.00800311
2845 	 2375 	 0.85684 	 0.00383286	0.00800754
2845 	 2380 	 0.856845 	 0.00383497	0.00801195
2845 	 2385 	 0.856849 	 0.00383707	0.00801635
2845 	 2390 	 0.856854 	 0.00383917	0.00802073
2845 	 2395 	 0.856859 	 0.00384127	0.00802511
2845 	 2400 	 0.856864 	 0.00384336	0.00802947
2845 	 2405 	 0.856868 	 0.00384544	0.00803382
2845 	 2410 	 0.856873 	 0.00384752	0.00803816
2845 	 2415 	 0.856878 	 0.00384959	0.00804249
2845 	 2420 	 0.856882 	 0.00385165	0.00804681
2845 	 2425 	 0.856887 	 0.00385371	0.00805111
2845 	 2430 	 0.856892 	 0.00385577	0.0080554
2845 	 2435 	 0.856896 	 0.00385782	0.00805969
2845 	 2440 	 0.856901 	 0.00385986	0.00806396
2845 	 2445 	 0.856905 	 0.0038619	0.00806821
2845 	 2450 	 0.85691 	 0.00386393	0.00807246
2845 	 2455 	 0.856914 	 0.00386596	0.0080767
2845 	 2460 	 0.856919 	 0.00386798	0.00808092
2845 	 2465 	 0.856923 	 0.00387	0.00808514
2845 	 2470 	 0.856928 	 0.00387201	0.00808934
2845 	 2475 	 0.856932 	 0.00387402	0.00809353
2845 	 2480 	 0.856937 	 0.00387602	0.00809771
2845 	 2485 	 0.856941 	 0.00387801	0.00810188
2845 	 2490 	 0.856946 	 0.00388	0.00810604
2845 	 2495 	 0.85695 	 0.00388199	0.00811018
2845 	 2500 	 0.856954 	 0.00388397	0.00811432
2845 	 2505 	 0.856959 	 0.00388594	0.00811845
2845 	 2510 	 0.856963 	 0.00388791	0.00812256
2845 	 2515 	 0.856967 	 0.00388988	0.00812666
2845 	 2520 	 0.856972 	 0.00389184	0.00813076
2845 	 2525 	 0.856976 	 0.00389379	0.00813484
2845 	 2530 	 0.85698 	 0.00389574	0.00813891
2845 	 2535 	 0.856985 	 0.00389768	0.00814297
2845 	 2540 	 0.856989 	 0.00389962	0.00814702
2845 	 2545 	 0.856993 	 0.00390156	0.00815106
2845 	 2550 	 0.856997 	 0.00390349	0.00815509
2845 	 2555 	 0.857002 	 0.00390541	0.00815911
2845 	 2560 	 0.857006 	 0.00390733	0.00816312
2845 	 2565 	 0.85701 	 0.00390924	0.00816712
2845 	 2570 	 0.857014 	 0.00391115	0.00817111
2845 	 2575 	 0.857018 	 0.00391305	0.00817508
2845 	 2580 	 0.857022 	 0.00391495	0.00817905
2845 	 2585 	 0.857026 	 0.00391685	0.00818301
2845 	 2590 	 0.857031 	 0.00391874	0.00818696
2845 	 2595 	 0.857035 	 0.00392062	0.00819089
2845 	 2600 	 0.857039 	 0.0039225	0.00819482
2845 	 2605 	 0.857043 	 0.00392438	0.00819874
2845 	 2610 	 0.857047 	 0.00392625	0.00820265
2845 	 2615 	 0.857051 	 0.00392811	0.00820654
2845 	 2620 	 0.857055 	 0.00392997	0.00821043
2845 	 2625 	 0.857059 	 0.00393183	0.00821431
2845 	 2630 	 0.857063 	 0.00393368	0.00821818
2845 	 2635 	 0.857067 	 0.00393553	0.00822204
2845 	 2640 	 0.857071 	 0.00393737	0.00822588
2845 	 2645 	 0.857075 	 0.00393921	0.00822972
2845 	 2650 	 0.857079 	 0.00394104	0.00823355
2845 	 2655 	 0.857083 	 0.00394287	0.00823737
2845 	 2660 	 0.857086 	 0.00394469	0.00824118
2845 	 2665 	 0.85709 	 0.00394651	0.00824498
2845 	 2670 	 0.857094 	 0.00394833	0.00824877
2845 	 2675 	 0.857098 	 0.00395014	0.00825255
2845 	 2680 	 0.857102 	 0.00395194	0.00825633
2845 	 2685 	 0.857106 	 0.00395374	0.00826009
2845 	 2690 	 0.85711 	 0.00395554	0.00826384
2845 	 2695 	 0.857113 	 0.00395733	0.00826759
2845 	 2700 	 0.857117 	 0.00395912	0.00827132
2845 	 2705 	 0.857121 	 0.0039609	0.00827505
2845 	 2710 	 0.857125 	 0.00396268	0.00827876
2845 	 2715 	 0.857129 	 0.00396446	0.00828247
2845 	 2720 	 0.857132 	 0.00396623	0.00828617
2845 	 2725 	 0.857136 	 0.00396799	0.00828986
2845 	 2730 	 0.85714 	 0.00396975	0.00829354
2845 	 2735 	 0.857143 	 0.00397151	0.00829721
2845 	 2740 	 0.857147 	 0.00397326	0.00830087
2845 	 2745 	 0.857151 	 0.00397501	0.00830452
2845 	 2750 	 0.857154 	 0.00397675	0.00830817
2845 	 2755 	 0.857158 	 0.00397849	0.0083118
2845 	 2760 	 0.857162 	 0.00398023	0.00831543
2845 	 2765 	 0.857165 	 0.00398196	0.00831904
2845 	 2770 	 0.857169 	 0.00398369	0.00832265
2845 	 2775 	 0.857173 	 0.00398541	0.00832625
2845 	 2780 	 0.857176 	 0.00398713	0.00832984
2845 	 2785 	 0.85718 	 0.00398885	0.00833343
2845 	 2790 	 0.857183 	 0.00399056	0.008337
2845 	 2795 	 0.857187 	 0.00399226	0.00834057
2845 	 2800 	 0.857191 	 0.00399397	0.00834412
2845 	 2805 	 0.857194 	 0.00399566	0.00834767
2845 	 2810 	 0.857198 	 0.00399736	0.00835121
2845 	 2815 	 0.857201 	 0.00399905	0.00835474
2845 	 2820 	 0.857205 	 0.00400073	0.00835826
2845 	 2825 	 0.857208 	 0.00400242	0.00836178
2845 	 2830 	 0.857212 	 0.00400409	0.00836528
2845 	 2835 	 0.857215 	 0.00400577	0.00836878
2845 	 2840 	 0.857219 	 0.00400744	0.00837227
2845 	 2845 	 0.857222 	 0.00400911	0.00837575
2845 	 2850 	 0.857225 	 0.00401077	0.00837922
2845 	 2855 	 0.857229 	 0.00401243	0.00838269
2845 	 2860 	 0.857232 	 0.00401408	0.00838615
2845 	 2865 	 0.857236 	 0.00401573	0.00838959
2845 	 2870 	 0.857239 	 0.00401738	0.00839303
2845 	 2875 	 0.857242 	 0.00401902	0.00839647
2845 	 2880 	 0.857246 	 0.00402066	0.00839989
2845 	 2885 	 0.857249 	 0.00402229	0.0084033
2845 	 2890 	 0.857253 	 0.00402393	0.00840671
2845 	 2895 	 0.857256 	 0.00402555	0.00841011
2845 	 2900 	 0.857259 	 0.00402718	0.0084135
2845 	 2905 	 0.857262 	 0.0040288	0.00841689
2845 	 2910 	 0.857266 	 0.00403041	0.00842026
2845 	 2915 	 0.857269 	 0.00403202	0.00842363
2845 	 2920 	 0.857272 	 0.00403363	0.00842699
2845 	 2925 	 0.857276 	 0.00403524	0.00843035
2845 	 2930 	 0.857279 	 0.00403684	0.00843369
2845 	 2935 	 0.857282 	 0.00403844	0.00843703
2845 	 2940 	 0.857285 	 0.00404003	0.00844036
2845 	 2945 	 0.857289 	 0.00404162	0.00844368
2845 	 2950 	 0.857292 	 0.0040432	0.00844699
2845 	 2955 	 0.857295 	 0.00404479	0.0084503
2845 	 2960 	 0.857298 	 0.00404637	0.0084536
2845 	 2965 	 0.857301 	 0.00404794	0.00845689
2845 	 2970 	 0.857305 	 0.00404951	0.00846017
2845 	 2975 	 0.857308 	 0.00405108	0.00846345
2845 	 2980 	 0.857311 	 0.00405265	0.00846672
2845 	 2985 	 0.857314 	 0.00405421	0.00846998
2845 	 2990 	 0.857317 	 0.00405576	0.00847323
2845 	 2995 	 0.85732 	 0.00405732	0.00847648
2845 	 3000 	 0.857324 	 0.00405887	0.00847972
2845 	 3005 	 0.857327 	 0.00406042	0.00848295
2845 	 3010 	 0.85733 	 0.00406196	0.00848617
2845 	 3015 	 0.857333 	 0.0040635	0.00848939
2845 	 3020 	 0.857336 	 0.00406503	0.0084926
2845 	 3025 	 0.857339 	 0.00406657	0.0084958
2845 	 3030 	 0.857342 	 0.0040681	0.008499
2845 	 3035 	 0.857345 	 0.00406962	0.00850218
2845 	 3040 	 0.857348 	 0.00407115	0.00850536
2845 	 3045 	 0.857351 	 0.00407266	0.00850854
2845 	 3050 	 0.857354 	 0.00407418	0.0085117
2845 	 3055 	 0.857357 	 0.00407569	0.00851486
2845 	 3060 	 0.85736 	 0.0040772	0.00851802
2845 	 3065 	 0.857363 	 0.00407871	0.00852116
2845 	 3070 	 0.857366 	 0.00408021	0.0085243
2845 	 3075 	 0.857369 	 0.00408171	0.00852743
2845 	 3080 	 0.857372 	 0.0040832	0.00853056
2845 	 3085 	 0.857375 	 0.0040847	0.00853367
2845 	 3090 	 0.857378 	 0.00408618	0.00853678
2845 	 3095 	 0.857381 	 0.00408767	0.00853989
2845 	 3100 	 0.857384 	 0.00408915	0.00854298
2845 	 3105 	 0.857387 	 0.00409063	0.00854607
2845 	 3110 	 0.85739 	 0.00409211	0.00854916
2845 	 3115 	 0.857393 	 0.00409358	0.00855223
2845 	 3120 	 0.857396 	 0.00409505	0.0085553
2845 	 3125 	 0.857399 	 0.00409651	0.00855836
2845 	 3130 	 0.857402 	 0.00409798	0.00856142
2845 	 3135 	 0.857404 	 0.00409944	0.00856447
2845 	 3140 	 0.857407 	 0.00410089	0.00856751
2845 	 3145 	 0.85741 	 0.00410235	0.00857055
2845 	 3150 	 0.857413 	 0.0041038	0.00857358
2845 	 3155 	 0.857416 	 0.00410524	0.0085766
2845 	 3160 	 0.857419 	 0.00410669	0.00857962
2845 	 3165 	 0.857422 	 0.00410813	0.00858263
2845 	 3170 	 0.857424 	 0.00410956	0.00858563
2845 	 3175 	 0.857427 	 0.004111	0.00858862
2845 	 3180 	 0.85743 	 0.00411243	0.00859161
2845 	 3185 	 0.857433 	 0.00411386	0.0085946
2845 	 3190 	 0.857436 	 0.00411528	0.00859757
2845 	 3195 	 0.857438 	 0.0041167	0.00860055
2845 	 3200 	 0.857441 	 0.00411812	0.00860351
2845 	 3205 	 0.857444 	 0.00411954	0.00860647
2845 	 3210 	 0.857447 	 0.00412095	0.00860942
2845 	 3215 	 0.857449 	 0.00412236	0.00861236
2845 	 3220 	 0.857452 	 0.00412377	0.0086153
2845 	 3225 	 0.857455 	 0.00412517	0.00861824
2845 	 3230 	 0.857458 	 0.00412657	0.00862116
2845 	 3235 	 0.85746 	 0.00412797	0.00862408
2845 	 3240 	 0.857463 	 0.00412936	0.00862699
2845 	 3245 	 0.857466 	 0.00413076	0.0086299
2845 	 3250 	 0.857468 	 0.00413214	0.0086328
2845 	 3255 	 0.857471 	 0.00413353	0.0086357
2845 	 3260 	 0.857474 	 0.00413491	0.00863859
2845 	 3265 	 0.857476 	 0.00413629	0.00864147
2845 	 3270 	 0.857479 	 0.00413767	0.00864435
2845 	 3275 	 0.857482 	 0.00413904	0.00864722
2845 	 3280 	 0.857484 	 0.00414042	0.00865008
2845 	 3285 	 0.857487 	 0.00414178	0.00865294
2845 	 3290 	 0.85749 	 0.00414315	0.00865579
2845 	 3295 	 0.857492 	 0.00414451	0.00865864
2845 	 3300 	 0.857495 	 0.00414587	0.00866148
2845 	 3305 	 0.857498 	 0.00414723	0.00866431
2845 	 3310 	 0.8575 	 0.00414858	0.00866714
2845 	 3315 	 0.857503 	 0.00414993	0.00866997
2845 	 3320 	 0.857505 	 0.00415128	0.00867278
2845 	 3325 	 0.857508 	 0.00415263	0.00867559
2845 	 3330 	 0.857511 	 0.00415397	0.0086784
2845 	 3335 	 0.857513 	 0.00415531	0.0086812
2845 	 3340 	 0.857516 	 0.00415665	0.00868399
2845 	 3345 	 0.857518 	 0.00415798	0.00868678
2845 	 3350 	 0.857521 	 0.00415931	0.00868956
2845 	 3355 	 0.857523 	 0.00416064	0.00869234
2845 	 3360 	 0.857526 	 0.00416197	0.00869511
2845 	 3365 	 0.857528 	 0.00416329	0.00869787
2845 	 3370 	 0.857531 	 0.00416461	0.00870063
2845 	 3375 	 0.857533 	 0.00416593	0.00870338
2845 	 3380 	 0.857536 	 0.00416724	0.00870613
2845 	 3385 	 0.857538 	 0.00416856	0.00870887
2845 	 3390 	 0.857541 	 0.00416987	0.00871161
2845 	 3395 	 0.857543 	 0.00417117	0.00871434
2845 	 3400 	 0.857546 	 0.00417248	0.00871706
2845 	 3405 	 0.857548 	 0.00417378	0.00871978
2845 	 3410 	 0.857551 	 0.00417508	0.0087225
2845 	 3415 	 0.857553 	 0.00417637	0.00872521
2845 	 3420 	 0.857556 	 0.00417767	0.00872791
2845 	 3425 	 0.857558 	 0.00417896	0.00873061
2845 	 3430 	 0.857561 	 0.00418025	0.0087333
2845 	 3435 	 0.857563 	 0.00418153	0.00873598
2845 	 3440 	 0.857565 	 0.00418282	0.00873866
2845 	 3445 	 0.857568 	 0.0041841	0.00874134
2845 	 3450 	 0.85757 	 0.00418537	0.00874401
2845 	 3455 	 0.857573 	 0.00418665	0.00874667
2845 	 3460 	 0.857575 	 0.00418792	0.00874933
2845 	 3465 	 0.857578 	 0.00418919	0.00875199
2845 	 3470 	 0.85758 	 0.00419046	0.00875464
2845 	 3475 	 0.857582 	 0.00419173	0.00875728
2845 	 3480 	 0.857585 	 0.00419299	0.00875992
2845 	 3485 	 0.857587 	 0.00419425	0.00876255
2845 	 3490 	 0.857589 	 0.00419551	0.00876518
2845 	 3495 	 0.857592 	 0.00419676	0.0087678
2845 	 3500 	 0.857594 	 0.00419801	0.00877042
2845 	 3505 	 0.857596 	 0.00419926	0.00877303
2845 	 3510 	 0.857599 	 0.00420051	0.00877563
2845 	 3515 	 0.857601 	 0.00420176	0.00877823
2845 	 3520 	 0.857603 	 0.004203	0.00878083
2845 	 3525 	 0.857606 	 0.00420424	0.00878342
2845 	 3530 	 0.857608 	 0.00420548	0.00878601
2845 	 3535 	 0.85761 	 0.00420671	0.00878859
2845 	 3540 	 0.857613 	 0.00420794	0.00879116
2845 	 3545 	 0.857615 	 0.00420917	0.00879373
2845 	 3550 	 0.857617 	 0.0042104	0.0087963
2845 	 3555 	 0.85762 	 0.00421163	0.00879886
2845 	 3560 	 0.857622 	 0.00421285	0.00880141
2845 	 3565 	 0.857624 	 0.00421407	0.00880396
2845 	 3570 	 0.857626 	 0.00421529	0.00880651
2845 	 3575 	 0.857629 	 0.00421651	0.00880905
2845 	 3580 	 0.857631 	 0.00421772	0.00881158
2845 	 3585 	 0.857633 	 0.00421893	0.00881411
2845 	 3590 	 0.857635 	 0.00422014	0.00881664
2845 	 3595 	 0.857638 	 0.00422134	0.00881916
2845 	 3600 	 0.85764 	 0.00422255	0.00882167
2845 	 3605 	 0.857642 	 0.00422375	0.00882418
2845 	 3610 	 0.857644 	 0.00422495	0.00882669
2845 	 3615 	 0.857646 	 0.00422615	0.00882919
2845 	 3620 	 0.857649 	 0.00422734	0.00883169
2845 	 3625 	 0.857651 	 0.00422853	0.00883418
2845 	 3630 	 0.857653 	 0.00422972	0.00883666
2845 	 3635 	 0.857655 	 0.00423091	0.00883914
2845 	 3640 	 0.857657 	 0.0042321	0.00884162
2845 	 3645 	 0.85766 	 0.00423328	0.00884409
2845 	 3650 	 0.857662 	 0.00423446	0.00884656
2845 	 3655 	 0.857664 	 0.00423564	0.00884902
2845 	 3660 	 0.857666 	 0.00423682	0.00885148
2845 	 3665 	 0.857668 	 0.00423799	0.00885393
2845 	 3670 	 0.85767 	 0.00423916	0.00885638
2845 	 3675 	 0.857673 	 0.00424033	0.00885882
2845 	 3680 	 0.857675 	 0.0042415	0.00886126
2845 	 3685 	 0.857677 	 0.00424266	0.00886369
2845 	 3690 	 0.857679 	 0.00424383	0.00886612
2845 	 3695 	 0.857681 	 0.00424499	0.00886855
2845 	 3700 	 0.857683 	 0.00424614	0.00887097
2845 	 3705 	 0.857685 	 0.0042473	0.00887338
2845 	 3710 	 0.857688 	 0.00424845	0.00887579
2845 	 3715 	 0.85769 	 0.00424961	0.0088782
2845 	 3720 	 0.857692 	 0.00425076	0.0088806
2845 	 3725 	 0.857694 	 0.0042519	0.008883
2845 	 3730 	 0.857696 	 0.00425305	0.00888539
2845 	 3735 	 0.857698 	 0.00425419	0.00888778
2845 	 3740 	 0.8577 	 0.00425533	0.00889016
2845 	 3745 	 0.857702 	 0.00425647	0.00889254
2845 	 3750 	 0.857704 	 0.00425761	0.00889492
2845 	 3755 	 0.857706 	 0.00425874	0.00889729
2845 	 3760 	 0.857708 	 0.00425987	0.00889965
2845 	 3765 	 0.85771 	 0.004261	0.00890201
2845 	 3770 	 0.857712 	 0.00426213	0.00890437
2845 	 3775 	 0.857714 	 0.00426326	0.00890672
2845 	 3780 	 0.857717 	 0.00426438	0.00890907
2845 	 3785 	 0.857719 	 0.0042655	0.00891141
2845 	 3790 	 0.857721 	 0.00426662	0.00891375
2845 	 3795 	 0.857723 	 0.00426774	0.00891609
2845 	 3800 	 0.857725 	 0.00426886	0.00891842
2845 	 3805 	 0.857727 	 0.00426997	0.00892074
2845 	 3810 	 0.857729 	 0.00427108	0.00892307
2845 	 3815 	 0.857731 	 0.00427219	0.00892538
2845 	 3820 	 0.857733 	 0.0042733	0.0089277
2845 	 3825 	 0.857735 	 0.0042744	0.00893
2845 	 3830 	 0.857737 	 0.00427551	0.00893231
2845 	 3835 	 0.857739 	 0.00427661	0.00893461
2845 	 3840 	 0.857741 	 0.00427771	0.00893691
2845 	 3845 	 0.857743 	 0.0042788	0.0089392
2845 	 3850 	 0.857745 	 0.0042799	0.00894148
2845 	 3855 	 0.857746 	 0.00428099	0.00894377
2845 	 3860 	 0.857748 	 0.00428208	0.00894605
2845 	 3865 	 0.85775 	 0.00428317	0.00894832
2845 	 3870 	 0.857752 	 0.00428426	0.00895059
2845 	 3875 	 0.857754 	 0.00428534	0.00895286
2845 	 3880 	 0.857756 	 0.00428642	0.00895512
2845 	 3885 	 0.857758 	 0.00428751	0.00895738
2845 	 3890 	 0.85776 	 0.00428858	0.00895963
2845 	 3895 	 0.857762 	 0.00428966	0.00896188
2845 	 3900 	 0.857764 	 0.00429074	0.00896413
2845 	 3905 	 0.857766 	 0.00429181	0.00896637
2845 	 3910 	 0.857768 	 0.00429288	0.00896861
2845 	 3915 	 0.85777 	 0.00429395	0.00897084
2845 	 3920 	 0.857772 	 0.00429502	0.00897307
2845 	 3925 	 0.857774 	 0.00429608	0.0089753
2845 	 3930 	 0.857775 	 0.00429715	0.00897752
2845 	 3935 	 0.857777 	 0.00429821	0.00897974
2845 	 3940 	 0.857779 	 0.00429927	0.00898195
2845 	 3945 	 0.857781 	 0.00430032	0.00898416
2845 	 3950 	 0.857783 	 0.00430138	0.00898637
2845 	 3955 	 0.857785 	 0.00430243	0.00898857
2845 	 3960 	 0.857787 	 0.00430349	0.00899077
2845 	 3965 	 0.857789 	 0.00430454	0.00899296
2845 	 3970 	 0.85779 	 0.00430558	0.00899515
2845 	 3975 	 0.857792 	 0.00430663	0.00899733
2845 	 3980 	 0.857794 	 0.00430767	0.00899952
2845 	 3985 	 0.857796 	 0.00430872	0.00900169
2845 	 3990 	 0.857798 	 0.00430976	0.00900387
2845 	 3995 	 0.8578 	 0.0043108	0.00900604
2845 	 4000 	 0.857802 	 0.00431183	0.00900821
2845 	 4005 	 0.857803 	 0.00431287	0.00901037
2845 	 4010 	 0.857805 	 0.0043139	0.00901253
2845 	 4015 	 0.857807 	 0.00431493	0.00901468
2845 	 4020 	 0.857809 	 0.00431596	0.00901683
2845 	 4025 	 0.857811 	 0.00431699	0.00901898
2845 	 4030 	 0.857812 	 0.00431802	0.00902112
2845 	 4035 	 0.857814 	 0.00431904	0.00902326
2845 	 4040 	 0.857816 	 0.00432006	0.0090254
2845 	 4045 	 0.857818 	 0.00432108	0.00902753
2845 	 4050 	 0.85782 	 0.0043221	0.00902966
2845 	 4055 	 0.857821 	 0.00432312	0.00903178
2845 	 4060 	 0.857823 	 0.00432413	0.0090339
2845 	 4065 	 0.857825 	 0.00432515	0.00903602
2845 	 4070 	 0.857827 	 0.00432616	0.00903813
2845 	 4075 	 0.857829 	 0.00432717	0.00904024
2845 	 4080 	 0.85783 	 0.00432818	0.00904235
2845 	 4085 	 0.857832 	 0.00432918	0.00904445
2845 	 4090 	 0.857834 	 0.00433019	0.00904655
2845 	 4095 	 0.857836 	 0.00433119	0.00904864
2845 	 4100 	 0.857837 	 0.00433219	0.00905074
2845 	 4105 	 0.857839 	 0.00433319	0.00905282
2845 	 4110 	 0.857841 	 0.00433419	0.00905491
2845 	 4115 	 0.857843 	 0.00433518	0.00905699
2845 	 4120 	 0.857844 	 0.00433618	0.00905906
2845 	 4125 	 0.857846 	 0.00433717	0.00906114
2845 	 4130 	 0.857848 	 0.00433816	0.00906321
2845 	 4135 	 0.85785 	 0.00433915	0.00906527
2845 	 4140 	 0.857851 	 0.00434014	0.00906734
2845 	 4145 	 0.857853 	 0.00434112	0.00906939
2845 	 4150 	 0.857855 	 0.00434211	0.00907145
2845 	 4155 	 0.857856 	 0.00434309	0.0090735
2845 	 4160 	 0.857858 	 0.00434407	0.00907555
2845 	 4165 	 0.85786 	 0.00434505	0.00907759
2845 	 4170 	 0.857862 	 0.00434602	0.00907963
2845 	 4175 	 0.857863 	 0.004347	0.00908167
2845 	 4180 	 0.857865 	 0.00434797	0.00908371
2845 	 4185 	 0.857867 	 0.00434894	0.00908574
2845 	 4190 	 0.857868 	 0.00434991	0.00908776
2845 	 4195 	 0.85787 	 0.00435088	0.00908979
2845 	 4200 	 0.857872 	 0.00435185	0.00909181
2845 	 4205 	 0.857873 	 0.00435282	0.00909382
2845 	 4210 	 0.857875 	 0.00435378	0.00909584
2845 	 4215 	 0.857877 	 0.00435474	0.00909785
2845 	 4220 	 0.857878 	 0.0043557	0.00909985
2845 	 4225 	 0.85788 	 0.00435666	0.00910186
2845 	 4230 	 0.857882 	 0.00435762	0.00910386
2845 	 4235 	 0.857883 	 0.00435857	0.00910585
2845 	 4240 	 0.857885 	 0.00435953	0.00910785
2845 	 4245 	 0.857887 	 0.00436048	0.00910983
2845 	 4250 	 0.857888 	 0.00436143	0.00911182
2845 	 4255 	 0.85789 	 0.00436238	0.0091138
2845 	 4260 	 0.857892 	 0.00436333	0.00911578
2845 	 4265 	 0.857893 	 0.00436427	0.00911776
2845 	 4270 	 0.857895 	 0.00436522	0.00911973
2845 	 4275 	 0.857896 	 0.00436616	0.0091217
2845 	 4280 	 0.857898 	 0.0043671	0.00912367
2845 	 4285 	 0.8579 	 0.00436804	0.00912563
2845 	 4290 	 0.857901 	 0.00436898	0.00912759
2845 	 4295 	 0.857903 	 0.00436991	0.00912955
2845 	 4300 	 0.857904 	 0.00437085	0.0091315
2845 	 4305 	 0.857906 	 0.00437178	0.00913345
2845 	 4310 	 0.857908 	 0.00437271	0.00913539
2845 	 4315 	 0.857909 	 0.00437364	0.00913734
2845 	 4320 	 0.857911 	 0.00437457	0.00913928
2845 	 4325 	 0.857912 	 0.0043755	0.00914121
2845 	 4330 	 0.857914 	 0.00437642	0.00914315
2845 	 4335 	 0.857916 	 0.00437735	0.00914508
2845 	 4340 	 0.857917 	 0.00437827	0.009147
2845 	 4345 	 0.857919 	 0.00437919	0.00914893
2845 	 4350 	 0.85792 	 0.00438011	0.00915085
2845 	 4355 	 0.857922 	 0.00438103	0.00915277
2845 	 4360 	 0.857923 	 0.00438194	0.00915468
2845 	 4365 	 0.857925 	 0.00438286	0.00915659
2845 	 4370 	 0.857927 	 0.00438377	0.0091585
2845 	 4375 	 0.857928 	 0.00438468	0.0091604
2845 	 4380 	 0.85793 	 0.00438559	0.00916231
2845 	 4385 	 0.857931 	 0.0043865	0.0091642
2845 	 4390 	 0.857933 	 0.00438741	0.0091661
2845 	 4395 	 0.857934 	 0.00438832	0.00916799
2845 	 4400 	 0.857936 	 0.00438922	0.00916988
2845 	 4405 	 0.857937 	 0.00439012	0.00917177
2845 	 4410 	 0.857939 	 0.00439102	0.00917365
2845 	 4415 	 0.85794 	 0.00439192	0.00917553
2845 	 4420 	 0.857942 	 0.00439282	0.00917741
2845 	 4425 	 0.857944 	 0.00439372	0.00917928
2845 	 4430 	 0.857945 	 0.00439462	0.00918115
2845 	 4435 	 0.857947 	 0.00439551	0.00918302
2845 	 4440 	 0.857948 	 0.0043964	0.00918488
2845 	 4445 	 0.85795 	 0.00439729	0.00918675
2845 	 4450 	 0.857951 	 0.00439818	0.0091886
2845 	 4455 	 0.857953 	 0.00439907	0.00919046
2845 	 4460 	 0.857954 	 0.00439996	0.00919231
2845 	 4465 	 0.857956 	 0.00440084	0.00919416
2845 	 4470 	 0.857957 	 0.00440173	0.00919601
2845 	 4475 	 0.857959 	 0.00440261	0.00919785
2845 	 4480 	 0.85796 	 0.00440349	0.00919969
2845 	 4485 	 0.857962 	 0.00440437	0.00920153
2845 	 4490 	 0.857963 	 0.00440525	0.00920337
2845 	 4495 	 0.857965 	 0.00440612	0.0092052
2845 	 4500 	 0.857966 	 0.004407	0.00920703
2845 	 4505 	 0.857967 	 0.00440787	0.00920885
2845 	 4510 	 0.857969 	 0.00440875	0.00921067
2845 	 4515 	 0.85797 	 0.00440962	0.00921249
2845 	 4520 	 0.857972 	 0.00441049	0.00921431
2845 	 4525 	 0.857973 	 0.00441136	0.00921613
2845 	 4530 	 0.857975 	 0.00441222	0.00921794
2845 	 4535 	 0.857976 	 0.00441309	0.00921975
2845 	 4540 	 0.857978 	 0.00441395	0.00922155
2845 	 4545 	 0.857979 	 0.00441482	0.00922335
2845 	 4550 	 0.857981 	 0.00441568	0.00922515
2845 	 4555 	 0.857982 	 0.00441654	0.00922695
2845 	 4560 	 0.857984 	 0.0044174	0.00922874
2845 	 4565 	 0.857985 	 0.00441825	0.00923054
2845 	 4570 	 0.857986 	 0.00441911	0.00923232
2845 	 4575 	 0.857988 	 0.00441996	0.00923411
2845 	 4580 	 0.857989 	 0.00442082	0.00923589
2845 	 4585 	 0.857991 	 0.00442167	0.00923767
2845 	 4590 	 0.857992 	 0.00442252	0.00923945
2845 	 4595 	 0.857994 	 0.00442337	0.00924122
2845 	 4600 	 0.857995 	 0.00442422	0.00924299
2845 	 4605 	 0.857996 	 0.00442506	0.00924476
2845 	 4610 	 0.857998 	 0.00442591	0.00924653
2845 	 4615 	 0.857999 	 0.00442675	0.00924829
2845 	 4620 	 0.858001 	 0.00442759	0.00925005
2845 	 4625 	 0.858002 	 0.00442844	0.00925181
2845 	 4630 	 0.858003 	 0.00442928	0.00925356
2845 	 4635 	 0.858005 	 0.00443011	0.00925532
2845 	 4640 	 0.858006 	 0.00443095	0.00925707
2845 	 4645 	 0.858008 	 0.00443179	0.00925881
2845 	 4650 	 0.858009 	 0.00443262	0.00926056
2845 	 4655 	 0.85801 	 0.00443346	0.0092623
2845 	 4660 	 0.858012 	 0.00443429	0.00926404
2845 	 4665 	 0.858013 	 0.00443512	0.00926577
2845 	 4670 	 0.858014 	 0.00443595	0.0092675
2845 	 4675 	 0.858016 	 0.00443678	0.00926923
2845 	 4680 	 0.858017 	 0.0044376	0.00927096
2845 	 4685 	 0.858019 	 0.00443843	0.00927269
2845 	 4690 	 0.85802 	 0.00443925	0.00927441
2845 	 4695 	 0.858021 	 0.00444008	0.00927613
2845 	 4700 	 0.858023 	 0.0044409	0.00927785
2845 	 4705 	 0.858024 	 0.00444172	0.00927956
2845 	 4710 	 0.858025 	 0.00444254	0.00928127
2845 	 4715 	 0.858027 	 0.00444336	0.00928298
2845 	 4720 	 0.858028 	 0.00444417	0.00928469
2845 	 4725 	 0.858029 	 0.00444499	0.00928639
2845 	 4730 	 0.858031 	 0.0044458	0.00928809
2845 	 4735 	 0.858032 	 0.00444662	0.00928979
2845 	 4740 	 0.858034 	 0.00444743	0.00929149
2845 	 4745 	 0.858035 	 0.00444824	0.00929318
2845 	 4750 	 0.858036 	 0.00444905	0.00929487
2845 	 4755 	 0.858038 	 0.00444985	0.00929656
2845 	 4760 	 0.858039 	 0.00445066	0.00929824
2845 	 4765 	 0.85804 	 0.00445147	0.00929993
2845 	 4770 	 0.858042 	 0.00445227	0.00930161
2845 	 4775 	 0.858043 	 0.00445307	0.00930328
2845 	 4780 	 0.858044 	 0.00445388	0.00930496
2845 	 4785 	 0.858045 	 0.00445468	0.00930663
2845 	 4790 	 0.858047 	 0.00445548	0.0093083
2845 	 4795 	 0.858048 	 0.00445627	0.00930997
2845 	 4800 	 0.858049 	 0.00445707	0.00931163
2845 	 4805 	 0.858051 	 0.00445787	0.0093133
2845 	 4810 	 0.858052 	 0.00445866	0.00931496
2845 	 4815 	 0.858053 	 0.00445946	0.00931661
2845 	 4820 	 0.858055 	 0.00446025	0.00931827
2845 	 4825 	 0.858056 	 0.00446104	0.00931992
2845 	 4830 	 0.858057 	 0.00446183	0.00932157
2845 	 4835 	 0.858059 	 0.00446262	0.00932322
2845 	 4840 	 0.85806 	 0.0044634	0.00932486
2845 	 4845 	 0.858061 	 0.00446419	0.00932651
2845 	 4850 	 0.858062 	 0.00446497	0.00932815
2845 	 4855 	 0.858064 	 0.00446576	0.00932978
2845 	 4860 	 0.858065 	 0.00446654	0.00933142
2845 	 4865 	 0.858066 	 0.00446732	0.00933305
2845 	 4870 	 0.858068 	 0.0044681	0.00933468
2845 	 4875 	 0.858069 	 0.00446888	0.00933631
2845 	 4880 	 0.85807 	 0.00446966	0.00933793
2845 	 4885 	 0.858071 	 0.00447044	0.00933956
2845 	 4890 	 0.858073 	 0.00447121	0.00934118
2845 	 4895 	 0.858074 	 0.00447199	0.0093428
2845 	 4900 	 0.858075 	 0.00447276	0.00934441
2845 	 4905 	 0.858076 	 0.00447353	0.00934602
2845 	 4910 	 0.858078 	 0.0044743	0.00934764
2845 	 4915 	 0.858079 	 0.00447507	0.00934924
2845 	 4920 	 0.85808 	 0.00447584	0.00935085
2845 	 4925 	 0.858081 	 0.00447661	0.00935245
2845 	 4930 	 0.858083 	 0.00447738	0.00935405
2845 	 4935 	 0.858084 	 0.00447814	0.00935565
2845 	 4940 	 0.858085 	 0.00447891	0.00935725
2845 	 4945 	 0.858086 	 0.00447967	0.00935884
2845 	 4950 	 0.858088 	 0.00448043	0.00936044
2845 	 4955 	 0.858089 	 0.00448119	0.00936203
2845 	 4960 	 0.85809 	 0.00448195	0.00936361
2845 	 4965 	 0.858091 	 0.00448271	0.0093652
2845 	 4970 	 0.858093 	 0.00448347	0.00936678
2845 	 4975 	 0.858094 	 0.00448422	0.00936836
2845 	 4980 	 0.858095 	 0.00448498	0.00936994
2845 	 4985 	 0.858096 	 0.00448573	0.00937151
2845 	 4990 	 0.858097 	 0.00448649	0.00937309
2845 	 4995 	 0.858099 	 0.00448724	0.00937466
2845 	 5000 	 0.8581 	 0.00448799	0.00937623
