615 	 5 	 0.723626 	 0.00646176	0.0134998
615 	 10 	 0.724223 	 0.00605691	0.012654
615 	 15 	 0.725352 	 0.00542286	0.0113293
615 	 20 	 0.727448 	 0.00452161	0.00944646
615 	 25 	 0.731214 	 0.00348513	0.00728107
615 	 30 	 0.737593 	 0.00281601	0.00588315
615 	 35 	 0.747389 	 0.00278559	0.0058196
615 	 40 	 0.760384 	 0.00265339	0.00554341
615 	 45 	 0.775642 	 0.00256468	0.00535809
615 	 50 	 0.789721 	 0.00239977	0.00501355
615 	 55 	 0.800339 	 0.00211585	0.0044204
615 	 60 	 0.807504 	 0.00165422	0.00345596
615 	 65 	 0.812096 	 0.00130235	0.00272085
615 	 70 	 0.815054 	 0.00118545	0.00247662
615 	 75 	 0.817055 	 0.00119812	0.00250308
615 	 80 	 0.818517 	 0.00123544	0.00258106
615 	 85 	 0.819675 	 0.00127028	0.00265384
615 	 90 	 0.820658 	 0.00130757	0.00273176
615 	 95 	 0.821535 	 0.00135448	0.00282975
615 	 100 	 0.822341 	 0.00141291	0.00295183
615 	 105 	 0.823098 	 0.00148068	0.0030934
615 	 110 	 0.823817 	 0.001554	0.00324658
615 	 115 	 0.824502 	 0.00162924	0.00340378
615 	 120 	 0.825159 	 0.00170361	0.00355916
615 	 125 	 0.82579 	 0.00177524	0.00370879
615 	 130 	 0.826396 	 0.00184299	0.00385034
615 	 135 	 0.82698 	 0.0019063	0.00398261
615 	 140 	 0.827541 	 0.00196497	0.00410518
615 	 145 	 0.828082 	 0.00201903	0.00421813
615 	 150 	 0.828603 	 0.00206866	0.00432182
615 	 155 	 0.829105 	 0.00211412	0.00441677
615 	 160 	 0.829588 	 0.00215568	0.0045036
615 	 165 	 0.830055 	 0.00219365	0.00458293
615 	 170 	 0.830505 	 0.00222832	0.00465536
615 	 175 	 0.830939 	 0.00225997	0.00472149
615 	 180 	 0.831359 	 0.00228886	0.00478185
615 	 185 	 0.831763 	 0.00231524	0.00483695
615 	 190 	 0.832155 	 0.00233931	0.00488724
615 	 195 	 0.832532 	 0.00236127	0.00493313
615 	 200 	 0.832898 	 0.00238131	0.00497499
615 	 205 	 0.833251 	 0.00239958	0.00501316
615 	 210 	 0.833593 	 0.00241623	0.00504794
615 	 215 	 0.833924 	 0.00243138	0.0050796
615 	 220 	 0.834244 	 0.00244516	0.00510839
615 	 225 	 0.834554 	 0.00245767	0.00513451
615 	 230 	 0.834854 	 0.002469	0.00515819
615 	 235 	 0.835146 	 0.00247924	0.00517958
615 	 240 	 0.835428 	 0.00248847	0.00519887
615 	 245 	 0.835702 	 0.00249676	0.00521619
615 	 250 	 0.835968 	 0.00250417	0.00523168
615 	 255 	 0.836225 	 0.00251077	0.00524546
615 	 260 	 0.836476 	 0.00251661	0.00525766
615 	 265 	 0.836719 	 0.00252174	0.00526838
615 	 270 	 0.836955 	 0.0025262	0.0052777
615 	 275 	 0.837185 	 0.00253005	0.00528573
615 	 280 	 0.837408 	 0.00253331	0.00529254
615 	 285 	 0.837625 	 0.00253603	0.00529822
615 	 290 	 0.837836 	 0.00253823	0.00530283
615 	 295 	 0.838042 	 0.00253996	0.00530645
615 	 300 	 0.838242 	 0.00254125	0.00530913
615 	 305 	 0.838437 	 0.00254211	0.00531093
615 	 310 	 0.838627 	 0.00254258	0.00531192
615 	 315 	 0.838811 	 0.00254268	0.00531213
615 	 320 	 0.838992 	 0.00254244	0.00531162
615 	 325 	 0.839167 	 0.00254188	0.00531044
615 	 330 	 0.839339 	 0.00254101	0.00530863
615 	 335 	 0.839506 	 0.00253986	0.00530623
615 	 340 	 0.839669 	 0.00253844	0.00530327
615 	 345 	 0.839828 	 0.00253678	0.0052998
615 	 350 	 0.839984 	 0.00253489	0.00529584
615 	 355 	 0.840135 	 0.00253278	0.00529144
615 	 360 	 0.840284 	 0.00253047	0.00528662
615 	 365 	 0.840428 	 0.00252798	0.0052814
615 	 370 	 0.84057 	 0.00252531	0.00527583
615 	 375 	 0.840708 	 0.00252248	0.00526991
615 	 380 	 0.840844 	 0.0025195	0.00526369
615 	 385 	 0.840976 	 0.00251638	0.00525717
615 	 390 	 0.841105 	 0.00251313	0.00525039
615 	 395 	 0.841232 	 0.00250977	0.00524336
615 	 400 	 0.841356 	 0.00250629	0.0052361
615 	 405 	 0.841477 	 0.00250272	0.00522863
615 	 410 	 0.841596 	 0.00249905	0.00522098
615 	 415 	 0.841712 	 0.0024953	0.00521314
615 	 420 	 0.841826 	 0.00249148	0.00520515
615 	 425 	 0.841938 	 0.00248759	0.00519702
615 	 430 	 0.842047 	 0.00248363	0.00518876
615 	 435 	 0.842154 	 0.00247962	0.00518038
615 	 440 	 0.842259 	 0.00247556	0.0051719
615 	 445 	 0.842362 	 0.00247146	0.00516332
615 	 450 	 0.842463 	 0.00246731	0.00515467
615 	 455 	 0.842562 	 0.00246314	0.00514595
615 	 460 	 0.842659 	 0.00245894	0.00513717
615 	 465 	 0.842755 	 0.00245471	0.00512834
615 	 470 	 0.842848 	 0.00245046	0.00511946
615 	 475 	 0.84294 	 0.0024462	0.00511056
615 	 480 	 0.84303 	 0.00244193	0.00510164
615 	 485 	 0.843119 	 0.00243765	0.00509269
615 	 490 	 0.843206 	 0.00243337	0.00508374
615 	 495 	 0.843291 	 0.00242908	0.00507479
615 	 500 	 0.843375 	 0.0024248	0.00506584
615 	 505 	 0.843457 	 0.00242052	0.00505691
615 	 510 	 0.843538 	 0.00241625	0.00504799
615 	 515 	 0.843618 	 0.00241199	0.00503909
615 	 520 	 0.843696 	 0.00240775	0.00503022
615 	 525 	 0.843773 	 0.00240351	0.00502138
615 	 530 	 0.843848 	 0.0023993	0.00501258
615 	 535 	 0.843923 	 0.00239511	0.00500381
615 	 540 	 0.843996 	 0.00239093	0.00499509
615 	 545 	 0.844068 	 0.00238678	0.00498642
615 	 550 	 0.844138 	 0.00238266	0.00497781
615 	 555 	 0.844208 	 0.00237856	0.00496924
615 	 560 	 0.844276 	 0.00237449	0.00496074
615 	 565 	 0.844344 	 0.00237045	0.00495229
615 	 570 	 0.84441 	 0.00236643	0.00494391
615 	 575 	 0.844476 	 0.00236245	0.0049356
615 	 580 	 0.84454 	 0.00235851	0.00492735
615 	 585 	 0.844603 	 0.00235459	0.00491917
615 	 590 	 0.844665 	 0.00235071	0.00491107
615 	 595 	 0.844727 	 0.00234687	0.00490304
615 	 600 	 0.844787 	 0.00234306	0.00489508
615 	 605 	 0.844847 	 0.00233929	0.00488721
615 	 610 	 0.844906 	 0.00233556	0.00487941
615 	 615 	 0.844963 	 0.00233186	0.00487169
615 	 620 	 0.84502 	 0.00232821	0.00486405
615 	 625 	 0.845077 	 0.00232459	0.0048565
615 	 630 	 0.845132 	 0.00232102	0.00484903
615 	 635 	 0.845187 	 0.00231748	0.00484164
615 	 640 	 0.84524 	 0.00231399	0.00483434
615 	 645 	 0.845293 	 0.00231053	0.00482713
615 	 650 	 0.845346 	 0.00230712	0.00482
615 	 655 	 0.845397 	 0.00230375	0.00481296
615 	 660 	 0.845448 	 0.00230042	0.00480601
615 	 665 	 0.845498 	 0.00229714	0.00479914
615 	 670 	 0.845548 	 0.00229389	0.00479236
615 	 675 	 0.845597 	 0.00229069	0.00478567
615 	 680 	 0.845645 	 0.00228753	0.00477907
615 	 685 	 0.845692 	 0.00228442	0.00477256
615 	 690 	 0.845739 	 0.00228134	0.00476614
615 	 695 	 0.845786 	 0.00227831	0.00475981
615 	 700 	 0.845831 	 0.00227532	0.00475356
615 	 705 	 0.845877 	 0.00227238	0.00474741
615 	 710 	 0.845921 	 0.00226947	0.00474134
615 	 715 	 0.845965 	 0.00226661	0.00473536
615 	 720 	 0.846008 	 0.00226379	0.00472948
615 	 725 	 0.846051 	 0.00226102	0.00472368
615 	 730 	 0.846094 	 0.00225828	0.00471796
615 	 735 	 0.846136 	 0.00225559	0.00471234
615 	 740 	 0.846177 	 0.00225294	0.0047068
615 	 745 	 0.846218 	 0.00225033	0.00470135
615 	 750 	 0.846258 	 0.00224776	0.00469599
615 	 755 	 0.846298 	 0.00224524	0.00469071
615 	 760 	 0.846337 	 0.00224275	0.00468552
615 	 765 	 0.846376 	 0.00224031	0.00468041
615 	 770 	 0.846414 	 0.00223791	0.00467539
615 	 775 	 0.846452 	 0.00223554	0.00467046
615 	 780 	 0.84649 	 0.00223322	0.00466561
615 	 785 	 0.846527 	 0.00223094	0.00466084
615 	 790 	 0.846563 	 0.0022287	0.00465615
615 	 795 	 0.8466 	 0.00222649	0.00465155
615 	 800 	 0.846635 	 0.00222433	0.00464703
615 	 805 	 0.846671 	 0.0022222	0.00464259
615 	 810 	 0.846706 	 0.00222012	0.00463823
615 	 815 	 0.84674 	 0.00221807	0.00463395
615 	 820 	 0.846775 	 0.00221606	0.00462975
615 	 825 	 0.846808 	 0.00221409	0.00462563
615 	 830 	 0.846842 	 0.00221215	0.00462159
615 	 835 	 0.846875 	 0.00221025	0.00461762
615 	 840 	 0.846908 	 0.00220839	0.00461373
615 	 845 	 0.84694 	 0.00220657	0.00460992
615 	 850 	 0.846972 	 0.00220478	0.00460618
615 	 855 	 0.847004 	 0.00220303	0.00460252
615 	 860 	 0.847035 	 0.00220131	0.00459894
615 	 865 	 0.847066 	 0.00219963	0.00459542
615 	 870 	 0.847097 	 0.00219798	0.00459198
615 	 875 	 0.847127 	 0.00219637	0.00458861
615 	 880 	 0.847157 	 0.00219479	0.00458532
615 	 885 	 0.847187 	 0.00219325	0.00458209
615 	 890 	 0.847216 	 0.00219174	0.00457894
615 	 895 	 0.847246 	 0.00219026	0.00457585
615 	 900 	 0.847274 	 0.00218881	0.00457283
615 	 905 	 0.847303 	 0.0021874	0.00456988
615 	 910 	 0.847331 	 0.00218602	0.004567
615 	 915 	 0.847359 	 0.00218468	0.00456419
615 	 920 	 0.847387 	 0.00218336	0.00456144
615 	 925 	 0.847414 	 0.00218208	0.00455875
615 	 930 	 0.847441 	 0.00218082	0.00455614
615 	 935 	 0.847468 	 0.0021796	0.00455358
615 	 940 	 0.847495 	 0.00217841	0.00455109
615 	 945 	 0.847521 	 0.00217724	0.00454866
615 	 950 	 0.847547 	 0.00217611	0.00454629
615 	 955 	 0.847573 	 0.00217501	0.00454399
615 	 960 	 0.847599 	 0.00217393	0.00454174
615 	 965 	 0.847624 	 0.00217289	0.00453956
615 	 970 	 0.847649 	 0.00217187	0.00453743
615 	 975 	 0.847674 	 0.00217088	0.00453537
615 	 980 	 0.847699 	 0.00216992	0.00453336
615 	 985 	 0.847723 	 0.00216899	0.00453141
615 	 990 	 0.847747 	 0.00216808	0.00452951
615 	 995 	 0.847771 	 0.0021672	0.00452767
615 	 1000 	 0.847795 	 0.00216634	0.00452589
615 	 1005 	 0.847818 	 0.00216552	0.00452416
615 	 1010 	 0.847842 	 0.00216472	0.00452248
615 	 1015 	 0.847865 	 0.00216394	0.00452086
615 	 1020 	 0.847888 	 0.00216319	0.00451929
615 	 1025 	 0.84791 	 0.00216246	0.00451778
615 	 1030 	 0.847933 	 0.00216176	0.00451631
615 	 1035 	 0.847955 	 0.00216108	0.0045149
615 	 1040 	 0.847977 	 0.00216043	0.00451354
615 	 1045 	 0.847999 	 0.0021598	0.00451222
615 	 1050 	 0.848021 	 0.0021592	0.00451096
615 	 1055 	 0.848042 	 0.00215862	0.00450974
615 	 1060 	 0.848064 	 0.00215806	0.00450857
615 	 1065 	 0.848085 	 0.00215752	0.00450745
615 	 1070 	 0.848106 	 0.00215701	0.00450638
615 	 1075 	 0.848126 	 0.00215651	0.00450535
615 	 1080 	 0.848147 	 0.00215604	0.00450437
615 	 1085 	 0.848167 	 0.0021556	0.00450343
615 	 1090 	 0.848188 	 0.00215517	0.00450254
615 	 1095 	 0.848208 	 0.00215476	0.00450169
615 	 1100 	 0.848228 	 0.00215438	0.00450089
615 	 1105 	 0.848247 	 0.00215401	0.00450013
615 	 1110 	 0.848267 	 0.00215367	0.00449941
615 	 1115 	 0.848286 	 0.00215334	0.00449873
615 	 1120 	 0.848306 	 0.00215304	0.00449809
615 	 1125 	 0.848325 	 0.00215275	0.0044975
615 	 1130 	 0.848344 	 0.00215249	0.00449694
615 	 1135 	 0.848362 	 0.00215224	0.00449643
615 	 1140 	 0.848381 	 0.00215201	0.00449595
615 	 1145 	 0.848399 	 0.0021518	0.00449551
615 	 1150 	 0.848418 	 0.00215161	0.00449511
615 	 1155 	 0.848436 	 0.00215144	0.00449475
615 	 1160 	 0.848454 	 0.00215128	0.00449442
615 	 1165 	 0.848472 	 0.00215115	0.00449414
615 	 1170 	 0.84849 	 0.00215103	0.00449388
615 	 1175 	 0.848507 	 0.00215092	0.00449367
615 	 1180 	 0.848525 	 0.00215084	0.00449349
615 	 1185 	 0.848542 	 0.00215077	0.00449334
615 	 1190 	 0.848559 	 0.00215071	0.00449323
615 	 1195 	 0.848576 	 0.00215068	0.00449315
615 	 1200 	 0.848593 	 0.00215065	0.00449311
615 	 1205 	 0.84861 	 0.00215065	0.0044931
615 	 1210 	 0.848627 	 0.00215066	0.00449312
615 	 1215 	 0.848643 	 0.00215068	0.00449317
615 	 1220 	 0.84866 	 0.00215073	0.00449326
615 	 1225 	 0.848676 	 0.00215078	0.00449337
615 	 1230 	 0.848692 	 0.00215085	0.00449352
615 	 1235 	 0.848708 	 0.00215094	0.0044937
615 	 1240 	 0.848724 	 0.00215104	0.00449391
615 	 1245 	 0.84874 	 0.00215115	0.00449415
615 	 1250 	 0.848756 	 0.00215128	0.00449441
615 	 1255 	 0.848771 	 0.00215142	0.00449471
615 	 1260 	 0.848787 	 0.00215158	0.00449503
615 	 1265 	 0.848802 	 0.00215174	0.00449539
615 	 1270 	 0.848818 	 0.00215193	0.00449577
615 	 1275 	 0.848833 	 0.00215212	0.00449617
615 	 1280 	 0.848848 	 0.00215233	0.00449661
615 	 1285 	 0.848863 	 0.00215255	0.00449707
615 	 1290 	 0.848877 	 0.00215278	0.00449756
615 	 1295 	 0.848892 	 0.00215303	0.00449807
615 	 1300 	 0.848907 	 0.00215329	0.00449861
615 	 1305 	 0.848921 	 0.00215356	0.00449917
615 	 1310 	 0.848936 	 0.00215384	0.00449976
615 	 1315 	 0.84895 	 0.00215413	0.00450037
615 	 1320 	 0.848964 	 0.00215443	0.00450101
615 	 1325 	 0.848978 	 0.00215475	0.00450167
615 	 1330 	 0.848992 	 0.00215508	0.00450235
615 	 1335 	 0.849006 	 0.00215542	0.00450306
615 	 1340 	 0.84902 	 0.00215577	0.00450379
615 	 1345 	 0.849034 	 0.00215613	0.00450454
615 	 1350 	 0.849047 	 0.0021565	0.00450531
615 	 1355 	 0.849061 	 0.00215688	0.00450611
615 	 1360 	 0.849074 	 0.00215727	0.00450693
615 	 1365 	 0.849088 	 0.00215767	0.00450777
615 	 1370 	 0.849101 	 0.00215808	0.00450863
615 	 1375 	 0.849114 	 0.0021585	0.00450951
615 	 1380 	 0.849127 	 0.00215893	0.00451041
615 	 1385 	 0.84914 	 0.00215937	0.00451133
615 	 1390 	 0.849153 	 0.00215982	0.00451227
615 	 1395 	 0.849166 	 0.00216028	0.00451323
615 	 1400 	 0.849179 	 0.00216075	0.0045142
615 	 1405 	 0.849191 	 0.00216123	0.0045152
615 	 1410 	 0.849204 	 0.00216172	0.00451622
615 	 1415 	 0.849216 	 0.00216221	0.00451725
615 	 1420 	 0.849229 	 0.00216271	0.00451831
615 	 1425 	 0.849241 	 0.00216323	0.00451938
615 	 1430 	 0.849253 	 0.00216375	0.00452046
615 	 1435 	 0.849265 	 0.00216428	0.00452157
615 	 1440 	 0.849277 	 0.00216481	0.00452269
615 	 1445 	 0.849289 	 0.00216536	0.00452383
615 	 1450 	 0.849301 	 0.00216591	0.00452498
615 	 1455 	 0.849313 	 0.00216647	0.00452616
615 	 1460 	 0.849325 	 0.00216704	0.00452734
615 	 1465 	 0.849337 	 0.00216762	0.00452855
615 	 1470 	 0.849348 	 0.0021682	0.00452976
615 	 1475 	 0.84936 	 0.00216879	0.004531
615 	 1480 	 0.849371 	 0.00216939	0.00453225
615 	 1485 	 0.849383 	 0.00216999	0.00453351
615 	 1490 	 0.849394 	 0.00217061	0.00453479
615 	 1495 	 0.849405 	 0.00217122	0.00453608
615 	 1500 	 0.849417 	 0.00217185	0.00453739
615 	 1505 	 0.849428 	 0.00217248	0.00453871
615 	 1510 	 0.849439 	 0.00217312	0.00454005
615 	 1515 	 0.84945 	 0.00217377	0.00454139
615 	 1520 	 0.849461 	 0.00217442	0.00454276
615 	 1525 	 0.849472 	 0.00217508	0.00454413
615 	 1530 	 0.849482 	 0.00217574	0.00454552
615 	 1535 	 0.849493 	 0.00217641	0.00454692
615 	 1540 	 0.849504 	 0.00217709	0.00454833
615 	 1545 	 0.849514 	 0.00217777	0.00454976
615 	 1550 	 0.849525 	 0.00217846	0.00455119
615 	 1555 	 0.849536 	 0.00217915	0.00455264
615 	 1560 	 0.849546 	 0.00217985	0.00455411
615 	 1565 	 0.849556 	 0.00218056	0.00455558
615 	 1570 	 0.849567 	 0.00218127	0.00455706
615 	 1575 	 0.849577 	 0.00218198	0.00455856
615 	 1580 	 0.849587 	 0.0021827	0.00456006
615 	 1585 	 0.849597 	 0.00218343	0.00456158
615 	 1590 	 0.849607 	 0.00218416	0.00456311
615 	 1595 	 0.849617 	 0.0021849	0.00456465
615 	 1600 	 0.849627 	 0.00218564	0.00456619
615 	 1605 	 0.849637 	 0.00218638	0.00456775
615 	 1610 	 0.849647 	 0.00218713	0.00456932
615 	 1615 	 0.849657 	 0.00218789	0.0045709
615 	 1620 	 0.849666 	 0.00218865	0.00457249
615 	 1625 	 0.849676 	 0.00218941	0.00457409
615 	 1630 	 0.849686 	 0.00219018	0.00457569
615 	 1635 	 0.849695 	 0.00219096	0.00457731
615 	 1640 	 0.849705 	 0.00219174	0.00457894
615 	 1645 	 0.849714 	 0.00219252	0.00458057
615 	 1650 	 0.849723 	 0.0021933	0.00458221
615 	 1655 	 0.849733 	 0.00219409	0.00458386
615 	 1660 	 0.849742 	 0.00219489	0.00458552
615 	 1665 	 0.849751 	 0.00219569	0.00458719
615 	 1670 	 0.84976 	 0.00219649	0.00458887
615 	 1675 	 0.84977 	 0.0021973	0.00459055
615 	 1680 	 0.849779 	 0.00219811	0.00459224
615 	 1685 	 0.849788 	 0.00219892	0.00459394
615 	 1690 	 0.849797 	 0.00219974	0.00459565
615 	 1695 	 0.849806 	 0.00220056	0.00459737
615 	 1700 	 0.849815 	 0.00220138	0.00459909
615 	 1705 	 0.849823 	 0.00220221	0.00460082
615 	 1710 	 0.849832 	 0.00220304	0.00460256
615 	 1715 	 0.849841 	 0.00220388	0.0046043
615 	 1720 	 0.84985 	 0.00220471	0.00460605
615 	 1725 	 0.849858 	 0.00220556	0.00460781
615 	 1730 	 0.849867 	 0.0022064	0.00460957
615 	 1735 	 0.849875 	 0.00220725	0.00461134
615 	 1740 	 0.849884 	 0.0022081	0.00461312
615 	 1745 	 0.849892 	 0.00220895	0.0046149
615 	 1750 	 0.849901 	 0.00220981	0.00461669
615 	 1755 	 0.849909 	 0.00221067	0.00461848
615 	 1760 	 0.849917 	 0.00221153	0.00462028
615 	 1765 	 0.849926 	 0.00221239	0.00462209
615 	 1770 	 0.849934 	 0.00221326	0.0046239
615 	 1775 	 0.849942 	 0.00221413	0.00462572
615 	 1780 	 0.84995 	 0.002215	0.00462754
615 	 1785 	 0.849959 	 0.00221588	0.00462937
615 	 1790 	 0.849967 	 0.00221676	0.00463121
615 	 1795 	 0.849975 	 0.00221764	0.00463305
615 	 1800 	 0.849983 	 0.00221852	0.00463489
615 	 1805 	 0.849991 	 0.0022194	0.00463674
615 	 1810 	 0.849998 	 0.00222029	0.00463859
615 	 1815 	 0.850006 	 0.00222118	0.00464045
615 	 1820 	 0.850014 	 0.00222207	0.00464231
615 	 1825 	 0.850022 	 0.00222297	0.00464418
615 	 1830 	 0.85003 	 0.00222386	0.00464605
615 	 1835 	 0.850037 	 0.00222476	0.00464793
615 	 1840 	 0.850045 	 0.00222566	0.00464981
615 	 1845 	 0.850053 	 0.00222656	0.0046517
615 	 1850 	 0.85006 	 0.00222747	0.00465359
615 	 1855 	 0.850068 	 0.00222837	0.00465548
615 	 1860 	 0.850075 	 0.00222928	0.00465738
615 	 1865 	 0.850083 	 0.00223019	0.00465928
615 	 1870 	 0.85009 	 0.0022311	0.00466118
615 	 1875 	 0.850098 	 0.00223202	0.00466309
615 	 1880 	 0.850105 	 0.00223293	0.004665
615 	 1885 	 0.850112 	 0.00223385	0.00466692
615 	 1890 	 0.85012 	 0.00223477	0.00466884
615 	 1895 	 0.850127 	 0.00223569	0.00467076
615 	 1900 	 0.850134 	 0.00223661	0.00467268
615 	 1905 	 0.850141 	 0.00223753	0.00467461
615 	 1910 	 0.850149 	 0.00223846	0.00467654
615 	 1915 	 0.850156 	 0.00223938	0.00467848
615 	 1920 	 0.850163 	 0.00224031	0.00468041
615 	 1925 	 0.85017 	 0.00224124	0.00468236
615 	 1930 	 0.850177 	 0.00224217	0.0046843
615 	 1935 	 0.850184 	 0.0022431	0.00468624
615 	 1940 	 0.850191 	 0.00224403	0.00468819
615 	 1945 	 0.850198 	 0.00224497	0.00469015
615 	 1950 	 0.850205 	 0.0022459	0.0046921
615 	 1955 	 0.850211 	 0.00224684	0.00469406
615 	 1960 	 0.850218 	 0.00224778	0.00469601
615 	 1965 	 0.850225 	 0.00224871	0.00469798
615 	 1970 	 0.850232 	 0.00224965	0.00469994
615 	 1975 	 0.850239 	 0.0022506	0.0047019
615 	 1980 	 0.850245 	 0.00225154	0.00470387
615 	 1985 	 0.850252 	 0.00225248	0.00470584
615 	 1990 	 0.850259 	 0.00225342	0.00470781
615 	 1995 	 0.850265 	 0.00225437	0.00470979
615 	 2000 	 0.850272 	 0.00225531	0.00471176
615 	 2005 	 0.850278 	 0.00225626	0.00471374
615 	 2010 	 0.850285 	 0.00225721	0.00471572
615 	 2015 	 0.850291 	 0.00225816	0.0047177
615 	 2020 	 0.850298 	 0.00225911	0.00471968
615 	 2025 	 0.850304 	 0.00226006	0.00472167
615 	 2030 	 0.850311 	 0.00226101	0.00472365
615 	 2035 	 0.850317 	 0.00226196	0.00472564
615 	 2040 	 0.850323 	 0.00226291	0.00472763
615 	 2045 	 0.85033 	 0.00226386	0.00472962
615 	 2050 	 0.850336 	 0.00226482	0.00473161
615 	 2055 	 0.850342 	 0.00226577	0.0047336
615 	 2060 	 0.850348 	 0.00226672	0.0047356
615 	 2065 	 0.850355 	 0.00226768	0.00473759
615 	 2070 	 0.850361 	 0.00226863	0.00473959
615 	 2075 	 0.850367 	 0.00226959	0.00474159
615 	 2080 	 0.850373 	 0.00227055	0.00474359
615 	 2085 	 0.850379 	 0.0022715	0.00474559
615 	 2090 	 0.850385 	 0.00227246	0.00474759
615 	 2095 	 0.850391 	 0.00227342	0.00474959
615 	 2100 	 0.850397 	 0.00227438	0.00475159
615 	 2105 	 0.850403 	 0.00227534	0.00475359
615 	 2110 	 0.850409 	 0.0022763	0.0047556
615 	 2115 	 0.850415 	 0.00227726	0.0047576
615 	 2120 	 0.850421 	 0.00227822	0.00475961
615 	 2125 	 0.850427 	 0.00227918	0.00476161
615 	 2130 	 0.850433 	 0.00228014	0.00476362
615 	 2135 	 0.850438 	 0.0022811	0.00476563
615 	 2140 	 0.850444 	 0.00228206	0.00476763
615 	 2145 	 0.85045 	 0.00228302	0.00476964
615 	 2150 	 0.850456 	 0.00228398	0.00477165
615 	 2155 	 0.850462 	 0.00228494	0.00477366
615 	 2160 	 0.850467 	 0.0022859	0.00477567
615 	 2165 	 0.850473 	 0.00228686	0.00477768
615 	 2170 	 0.850479 	 0.00228783	0.00477969
615 	 2175 	 0.850484 	 0.00228879	0.0047817
615 	 2180 	 0.85049 	 0.00228975	0.00478371
615 	 2185 	 0.850495 	 0.00229071	0.00478572
615 	 2190 	 0.850501 	 0.00229168	0.00478773
615 	 2195 	 0.850506 	 0.00229264	0.00478974
615 	 2200 	 0.850512 	 0.0022936	0.00479175
615 	 2205 	 0.850517 	 0.00229456	0.00479376
615 	 2210 	 0.850523 	 0.00229553	0.00479577
615 	 2215 	 0.850528 	 0.00229649	0.00479778
615 	 2220 	 0.850534 	 0.00229745	0.00479979
615 	 2225 	 0.850539 	 0.00229841	0.0048018
615 	 2230 	 0.850545 	 0.00229937	0.00480381
615 	 2235 	 0.85055 	 0.00230034	0.00480582
615 	 2240 	 0.850555 	 0.0023013	0.00480783
615 	 2245 	 0.850561 	 0.00230226	0.00480984
615 	 2250 	 0.850566 	 0.00230322	0.00481185
615 	 2255 	 0.850571 	 0.00230418	0.00481386
615 	 2260 	 0.850576 	 0.00230515	0.00481587
615 	 2265 	 0.850582 	 0.00230611	0.00481788
615 	 2270 	 0.850587 	 0.00230707	0.00481989
615 	 2275 	 0.850592 	 0.00230803	0.00482189
615 	 2280 	 0.850597 	 0.00230899	0.0048239
615 	 2285 	 0.850602 	 0.00230995	0.00482591
615 	 2290 	 0.850607 	 0.00231091	0.00482791
615 	 2295 	 0.850612 	 0.00231187	0.00482992
615 	 2300 	 0.850617 	 0.00231283	0.00483192
615 	 2305 	 0.850623 	 0.00231379	0.00483393
615 	 2310 	 0.850628 	 0.00231475	0.00483593
615 	 2315 	 0.850633 	 0.00231571	0.00483794
615 	 2320 	 0.850638 	 0.00231667	0.00483994
615 	 2325 	 0.850643 	 0.00231762	0.00484194
615 	 2330 	 0.850647 	 0.00231858	0.00484394
615 	 2335 	 0.850652 	 0.00231954	0.00484594
615 	 2340 	 0.850657 	 0.0023205	0.00484794
615 	 2345 	 0.850662 	 0.00232145	0.00484994
615 	 2350 	 0.850667 	 0.00232241	0.00485194
615 	 2355 	 0.850672 	 0.00232337	0.00485394
615 	 2360 	 0.850677 	 0.00232432	0.00485593
615 	 2365 	 0.850682 	 0.00232528	0.00485793
615 	 2370 	 0.850686 	 0.00232623	0.00485992
615 	 2375 	 0.850691 	 0.00232719	0.00486192
615 	 2380 	 0.850696 	 0.00232814	0.00486391
615 	 2385 	 0.850701 	 0.00232909	0.0048659
615 	 2390 	 0.850705 	 0.00233005	0.00486789
615 	 2395 	 0.85071 	 0.002331	0.00486988
615 	 2400 	 0.850715 	 0.00233195	0.00487187
615 	 2405 	 0.85072 	 0.0023329	0.00487386
615 	 2410 	 0.850724 	 0.00233385	0.00487585
615 	 2415 	 0.850729 	 0.00233481	0.00487783
615 	 2420 	 0.850733 	 0.00233576	0.00487982
615 	 2425 	 0.850738 	 0.0023367	0.0048818
615 	 2430 	 0.850743 	 0.00233765	0.00488379
615 	 2435 	 0.850747 	 0.0023386	0.00488577
615 	 2440 	 0.850752 	 0.00233955	0.00488775
615 	 2445 	 0.850756 	 0.0023405	0.00488973
615 	 2450 	 0.850761 	 0.00234144	0.0048917
615 	 2455 	 0.850765 	 0.00234239	0.00489368
615 	 2460 	 0.85077 	 0.00234334	0.00489566
615 	 2465 	 0.850774 	 0.00234428	0.00489763
615 	 2470 	 0.850779 	 0.00234523	0.0048996
615 	 2475 	 0.850783 	 0.00234617	0.00490158
615 	 2480 	 0.850787 	 0.00234711	0.00490355
615 	 2485 	 0.850792 	 0.00234806	0.00490552
615 	 2490 	 0.850796 	 0.002349	0.00490748
615 	 2495 	 0.850801 	 0.00234994	0.00490945
615 	 2500 	 0.850805 	 0.00235088	0.00491142
615 	 2505 	 0.850809 	 0.00235182	0.00491338
615 	 2510 	 0.850814 	 0.00235276	0.00491534
615 	 2515 	 0.850818 	 0.0023537	0.0049173
615 	 2520 	 0.850822 	 0.00235464	0.00491926
615 	 2525 	 0.850826 	 0.00235557	0.00492122
615 	 2530 	 0.850831 	 0.00235651	0.00492318
615 	 2535 	 0.850835 	 0.00235745	0.00492513
615 	 2540 	 0.850839 	 0.00235838	0.00492709
615 	 2545 	 0.850843 	 0.00235932	0.00492904
615 	 2550 	 0.850848 	 0.00236025	0.00493099
615 	 2555 	 0.850852 	 0.00236118	0.00493294
615 	 2560 	 0.850856 	 0.00236211	0.00493489
615 	 2565 	 0.85086 	 0.00236305	0.00493683
615 	 2570 	 0.850864 	 0.00236398	0.00493878
615 	 2575 	 0.850868 	 0.00236491	0.00494072
615 	 2580 	 0.850872 	 0.00236584	0.00494266
615 	 2585 	 0.850877 	 0.00236677	0.0049446
615 	 2590 	 0.850881 	 0.00236769	0.00494654
615 	 2595 	 0.850885 	 0.00236862	0.00494848
615 	 2600 	 0.850889 	 0.00236955	0.00495042
615 	 2605 	 0.850893 	 0.00237047	0.00495235
615 	 2610 	 0.850897 	 0.0023714	0.00495428
615 	 2615 	 0.850901 	 0.00237232	0.00495621
615 	 2620 	 0.850905 	 0.00237325	0.00495814
615 	 2625 	 0.850909 	 0.00237417	0.00496007
615 	 2630 	 0.850913 	 0.00237509	0.004962
615 	 2635 	 0.850917 	 0.00237601	0.00496392
615 	 2640 	 0.850921 	 0.00237693	0.00496584
615 	 2645 	 0.850924 	 0.00237785	0.00496776
615 	 2650 	 0.850928 	 0.00237877	0.00496968
615 	 2655 	 0.850932 	 0.00237969	0.0049716
615 	 2660 	 0.850936 	 0.0023806	0.00497351
615 	 2665 	 0.85094 	 0.00238152	0.00497543
615 	 2670 	 0.850944 	 0.00238243	0.00497734
615 	 2675 	 0.850948 	 0.00238335	0.00497925
615 	 2680 	 0.850951 	 0.00238426	0.00498116
615 	 2685 	 0.850955 	 0.00238518	0.00498307
615 	 2690 	 0.850959 	 0.00238609	0.00498497
615 	 2695 	 0.850963 	 0.002387	0.00498687
615 	 2700 	 0.850967 	 0.00238791	0.00498878
615 	 2705 	 0.85097 	 0.00238882	0.00499068
615 	 2710 	 0.850974 	 0.00238973	0.00499257
615 	 2715 	 0.850978 	 0.00239063	0.00499447
615 	 2720 	 0.850982 	 0.00239154	0.00499636
615 	 2725 	 0.850985 	 0.00239245	0.00499826
615 	 2730 	 0.850989 	 0.00239335	0.00500015
615 	 2735 	 0.850993 	 0.00239426	0.00500204
615 	 2740 	 0.850996 	 0.00239516	0.00500392
615 	 2745 	 0.851 	 0.00239606	0.00500581
615 	 2750 	 0.851004 	 0.00239696	0.00500769
615 	 2755 	 0.851007 	 0.00239786	0.00500957
615 	 2760 	 0.851011 	 0.00239876	0.00501145
615 	 2765 	 0.851015 	 0.00239966	0.00501333
615 	 2770 	 0.851018 	 0.00240056	0.00501521
615 	 2775 	 0.851022 	 0.00240146	0.00501708
615 	 2780 	 0.851025 	 0.00240235	0.00501895
615 	 2785 	 0.851029 	 0.00240325	0.00502082
615 	 2790 	 0.851032 	 0.00240414	0.00502269
615 	 2795 	 0.851036 	 0.00240504	0.00502456
615 	 2800 	 0.851039 	 0.00240593	0.00502642
615 	 2805 	 0.851043 	 0.00240682	0.00502829
615 	 2810 	 0.851046 	 0.00240771	0.00503015
615 	 2815 	 0.85105 	 0.0024086	0.00503201
615 	 2820 	 0.851053 	 0.00240949	0.00503386
615 	 2825 	 0.851057 	 0.00241038	0.00503572
615 	 2830 	 0.85106 	 0.00241126	0.00503757
615 	 2835 	 0.851064 	 0.00241215	0.00503942
615 	 2840 	 0.851067 	 0.00241304	0.00504127
615 	 2845 	 0.851071 	 0.00241392	0.00504312
615 	 2850 	 0.851074 	 0.0024148	0.00504496
615 	 2855 	 0.851077 	 0.00241569	0.00504681
615 	 2860 	 0.851081 	 0.00241657	0.00504865
615 	 2865 	 0.851084 	 0.00241745	0.00505049
615 	 2870 	 0.851088 	 0.00241833	0.00505233
615 	 2875 	 0.851091 	 0.00241921	0.00505416
615 	 2880 	 0.851094 	 0.00242008	0.005056
615 	 2885 	 0.851098 	 0.00242096	0.00505783
615 	 2890 	 0.851101 	 0.00242184	0.00505966
615 	 2895 	 0.851104 	 0.00242271	0.00506148
615 	 2900 	 0.851108 	 0.00242358	0.00506331
615 	 2905 	 0.851111 	 0.00242446	0.00506513
615 	 2910 	 0.851114 	 0.00242533	0.00506696
615 	 2915 	 0.851117 	 0.0024262	0.00506877
615 	 2920 	 0.851121 	 0.00242707	0.00507059
615 	 2925 	 0.851124 	 0.00242794	0.00507241
615 	 2930 	 0.851127 	 0.00242881	0.00507422
615 	 2935 	 0.85113 	 0.00242967	0.00507603
615 	 2940 	 0.851134 	 0.00243054	0.00507784
615 	 2945 	 0.851137 	 0.00243141	0.00507965
615 	 2950 	 0.85114 	 0.00243227	0.00508146
615 	 2955 	 0.851143 	 0.00243313	0.00508326
615 	 2960 	 0.851146 	 0.002434	0.00508506
615 	 2965 	 0.85115 	 0.00243486	0.00508686
615 	 2970 	 0.851153 	 0.00243572	0.00508866
615 	 2975 	 0.851156 	 0.00243658	0.00509045
615 	 2980 	 0.851159 	 0.00243744	0.00509225
615 	 2985 	 0.851162 	 0.00243829	0.00509404
615 	 2990 	 0.851165 	 0.00243915	0.00509583
615 	 2995 	 0.851168 	 0.00244001	0.00509762
615 	 3000 	 0.851172 	 0.00244086	0.0050994
615 	 3005 	 0.851175 	 0.00244171	0.00510118
615 	 3010 	 0.851178 	 0.00244257	0.00510297
615 	 3015 	 0.851181 	 0.00244342	0.00510475
615 	 3020 	 0.851184 	 0.00244427	0.00510652
615 	 3025 	 0.851187 	 0.00244512	0.0051083
615 	 3030 	 0.85119 	 0.00244597	0.00511007
615 	 3035 	 0.851193 	 0.00244681	0.00511184
615 	 3040 	 0.851196 	 0.00244766	0.00511361
615 	 3045 	 0.851199 	 0.00244851	0.00511538
615 	 3050 	 0.851202 	 0.00244935	0.00511714
615 	 3055 	 0.851205 	 0.0024502	0.00511891
615 	 3060 	 0.851208 	 0.00245104	0.00512067
615 	 3065 	 0.851211 	 0.00245188	0.00512243
615 	 3070 	 0.851214 	 0.00245272	0.00512418
615 	 3075 	 0.851217 	 0.00245356	0.00512594
615 	 3080 	 0.85122 	 0.0024544	0.00512769
615 	 3085 	 0.851223 	 0.00245524	0.00512944
615 	 3090 	 0.851226 	 0.00245608	0.00513119
615 	 3095 	 0.851229 	 0.00245691	0.00513294
615 	 3100 	 0.851232 	 0.00245775	0.00513468
615 	 3105 	 0.851235 	 0.00245858	0.00513642
615 	 3110 	 0.851237 	 0.00245941	0.00513816
615 	 3115 	 0.85124 	 0.00246025	0.0051399
615 	 3120 	 0.851243 	 0.00246108	0.00514164
615 	 3125 	 0.851246 	 0.00246191	0.00514337
615 	 3130 	 0.851249 	 0.00246274	0.0051451
615 	 3135 	 0.851252 	 0.00246356	0.00514683
615 	 3140 	 0.851255 	 0.00246439	0.00514856
615 	 3145 	 0.851258 	 0.00246522	0.00515029
615 	 3150 	 0.85126 	 0.00246604	0.00515201
615 	 3155 	 0.851263 	 0.00246687	0.00515373
615 	 3160 	 0.851266 	 0.00246769	0.00515545
615 	 3165 	 0.851269 	 0.00246851	0.00515717
615 	 3170 	 0.851272 	 0.00246933	0.00515889
615 	 3175 	 0.851274 	 0.00247015	0.0051606
615 	 3180 	 0.851277 	 0.00247097	0.00516231
615 	 3185 	 0.85128 	 0.00247179	0.00516402
615 	 3190 	 0.851283 	 0.00247261	0.00516573
615 	 3195 	 0.851285 	 0.00247342	0.00516743
615 	 3200 	 0.851288 	 0.00247424	0.00516914
615 	 3205 	 0.851291 	 0.00247505	0.00517084
615 	 3210 	 0.851294 	 0.00247587	0.00517254
615 	 3215 	 0.851296 	 0.00247668	0.00517423
615 	 3220 	 0.851299 	 0.00247749	0.00517593
615 	 3225 	 0.851302 	 0.0024783	0.00517762
615 	 3230 	 0.851305 	 0.00247911	0.00517931
615 	 3235 	 0.851307 	 0.00247992	0.005181
615 	 3240 	 0.85131 	 0.00248073	0.00518269
615 	 3245 	 0.851313 	 0.00248153	0.00518437
615 	 3250 	 0.851315 	 0.00248234	0.00518606
615 	 3255 	 0.851318 	 0.00248314	0.00518774
615 	 3260 	 0.851321 	 0.00248395	0.00518941
615 	 3265 	 0.851323 	 0.00248475	0.00519109
615 	 3270 	 0.851326 	 0.00248555	0.00519277
615 	 3275 	 0.851329 	 0.00248635	0.00519444
615 	 3280 	 0.851331 	 0.00248715	0.00519611
615 	 3285 	 0.851334 	 0.00248795	0.00519778
615 	 3290 	 0.851336 	 0.00248875	0.00519944
615 	 3295 	 0.851339 	 0.00248954	0.00520111
615 	 3300 	 0.851342 	 0.00249034	0.00520277
615 	 3305 	 0.851344 	 0.00249113	0.00520443
615 	 3310 	 0.851347 	 0.00249193	0.00520609
615 	 3315 	 0.851349 	 0.00249272	0.00520774
615 	 3320 	 0.851352 	 0.00249351	0.0052094
615 	 3325 	 0.851355 	 0.0024943	0.00521105
615 	 3330 	 0.851357 	 0.00249509	0.0052127
615 	 3335 	 0.85136 	 0.00249588	0.00521435
615 	 3340 	 0.851362 	 0.00249667	0.00521599
615 	 3345 	 0.851365 	 0.00249745	0.00521764
615 	 3350 	 0.851367 	 0.00249824	0.00521928
615 	 3355 	 0.85137 	 0.00249902	0.00522092
615 	 3360 	 0.851372 	 0.00249981	0.00522256
615 	 3365 	 0.851375 	 0.00250059	0.00522419
615 	 3370 	 0.851377 	 0.00250137	0.00522582
615 	 3375 	 0.85138 	 0.00250215	0.00522746
615 	 3380 	 0.851382 	 0.00250293	0.00522909
615 	 3385 	 0.851385 	 0.00250371	0.00523071
615 	 3390 	 0.851387 	 0.00250449	0.00523234
615 	 3395 	 0.85139 	 0.00250527	0.00523396
615 	 3400 	 0.851392 	 0.00250604	0.00523558
615 	 3405 	 0.851395 	 0.00250682	0.0052372
615 	 3410 	 0.851397 	 0.00250759	0.00523882
615 	 3415 	 0.8514 	 0.00250837	0.00524044
615 	 3420 	 0.851402 	 0.00250914	0.00524205
615 	 3425 	 0.851404 	 0.00250991	0.00524366
615 	 3430 	 0.851407 	 0.00251068	0.00524527
615 	 3435 	 0.851409 	 0.00251145	0.00524688
615 	 3440 	 0.851412 	 0.00251222	0.00524848
615 	 3445 	 0.851414 	 0.00251299	0.00525009
615 	 3450 	 0.851416 	 0.00251375	0.00525169
615 	 3455 	 0.851419 	 0.00251452	0.00525329
615 	 3460 	 0.851421 	 0.00251528	0.00525488
615 	 3465 	 0.851424 	 0.00251605	0.00525648
615 	 3470 	 0.851426 	 0.00251681	0.00525807
615 	 3475 	 0.851428 	 0.00251757	0.00525966
615 	 3480 	 0.851431 	 0.00251833	0.00526125
615 	 3485 	 0.851433 	 0.00251909	0.00526284
615 	 3490 	 0.851435 	 0.00251985	0.00526442
615 	 3495 	 0.851438 	 0.00252061	0.00526601
615 	 3500 	 0.85144 	 0.00252136	0.00526759
615 	 3505 	 0.851442 	 0.00252212	0.00526917
615 	 3510 	 0.851445 	 0.00252288	0.00527075
615 	 3515 	 0.851447 	 0.00252363	0.00527232
615 	 3520 	 0.851449 	 0.00252438	0.00527389
615 	 3525 	 0.851452 	 0.00252513	0.00527547
615 	 3530 	 0.851454 	 0.00252589	0.00527704
615 	 3535 	 0.851456 	 0.00252664	0.0052786
615 	 3540 	 0.851459 	 0.00252739	0.00528017
615 	 3545 	 0.851461 	 0.00252813	0.00528173
615 	 3550 	 0.851463 	 0.00252888	0.00528329
615 	 3555 	 0.851465 	 0.00252963	0.00528485
615 	 3560 	 0.851468 	 0.00253037	0.00528641
615 	 3565 	 0.85147 	 0.00253112	0.00528797
615 	 3570 	 0.851472 	 0.00253186	0.00528952
615 	 3575 	 0.851474 	 0.0025326	0.00529107
615 	 3580 	 0.851477 	 0.00253335	0.00529262
615 	 3585 	 0.851479 	 0.00253409	0.00529417
615 	 3590 	 0.851481 	 0.00253483	0.00529571
615 	 3595 	 0.851483 	 0.00253557	0.00529726
615 	 3600 	 0.851486 	 0.0025363	0.0052988
615 	 3605 	 0.851488 	 0.00253704	0.00530034
615 	 3610 	 0.85149 	 0.00253778	0.00530188
615 	 3615 	 0.851492 	 0.00253851	0.00530341
615 	 3620 	 0.851494 	 0.00253925	0.00530495
615 	 3625 	 0.851496 	 0.00253998	0.00530648
615 	 3630 	 0.851499 	 0.00254071	0.00530801
615 	 3635 	 0.851501 	 0.00254144	0.00530954
615 	 3640 	 0.851503 	 0.00254217	0.00531106
615 	 3645 	 0.851505 	 0.0025429	0.00531259
615 	 3650 	 0.851507 	 0.00254363	0.00531411
615 	 3655 	 0.851509 	 0.00254436	0.00531563
615 	 3660 	 0.851512 	 0.00254509	0.00531715
615 	 3665 	 0.851514 	 0.00254581	0.00531867
615 	 3670 	 0.851516 	 0.00254654	0.00532018
615 	 3675 	 0.851518 	 0.00254726	0.0053217
615 	 3680 	 0.85152 	 0.00254799	0.00532321
615 	 3685 	 0.851522 	 0.00254871	0.00532472
615 	 3690 	 0.851524 	 0.00254943	0.00532622
615 	 3695 	 0.851527 	 0.00255015	0.00532773
615 	 3700 	 0.851529 	 0.00255087	0.00532923
615 	 3705 	 0.851531 	 0.00255159	0.00533073
615 	 3710 	 0.851533 	 0.00255231	0.00533223
615 	 3715 	 0.851535 	 0.00255302	0.00533373
615 	 3720 	 0.851537 	 0.00255374	0.00533522
615 	 3725 	 0.851539 	 0.00255445	0.00533672
615 	 3730 	 0.851541 	 0.00255517	0.00533821
615 	 3735 	 0.851543 	 0.00255588	0.0053397
615 	 3740 	 0.851545 	 0.00255659	0.00534119
615 	 3745 	 0.851547 	 0.0025573	0.00534268
615 	 3750 	 0.851549 	 0.00255802	0.00534416
615 	 3755 	 0.851551 	 0.00255872	0.00534564
615 	 3760 	 0.851553 	 0.00255943	0.00534712
615 	 3765 	 0.851556 	 0.00256014	0.0053486
615 	 3770 	 0.851558 	 0.00256085	0.00535008
615 	 3775 	 0.85156 	 0.00256155	0.00535155
615 	 3780 	 0.851562 	 0.00256226	0.00535303
615 	 3785 	 0.851564 	 0.00256296	0.0053545
615 	 3790 	 0.851566 	 0.00256367	0.00535597
615 	 3795 	 0.851568 	 0.00256437	0.00535743
615 	 3800 	 0.85157 	 0.00256507	0.0053589
615 	 3805 	 0.851572 	 0.00256577	0.00536036
615 	 3810 	 0.851574 	 0.00256647	0.00536183
615 	 3815 	 0.851576 	 0.00256717	0.00536329
615 	 3820 	 0.851578 	 0.00256787	0.00536474
615 	 3825 	 0.85158 	 0.00256857	0.0053662
615 	 3830 	 0.851582 	 0.00256926	0.00536765
615 	 3835 	 0.851584 	 0.00256996	0.00536911
615 	 3840 	 0.851586 	 0.00257065	0.00537056
615 	 3845 	 0.851587 	 0.00257134	0.00537201
615 	 3850 	 0.851589 	 0.00257204	0.00537345
615 	 3855 	 0.851591 	 0.00257273	0.0053749
615 	 3860 	 0.851593 	 0.00257342	0.00537634
615 	 3865 	 0.851595 	 0.00257411	0.00537779
615 	 3870 	 0.851597 	 0.0025748	0.00537923
615 	 3875 	 0.851599 	 0.00257549	0.00538066
615 	 3880 	 0.851601 	 0.00257618	0.0053821
615 	 3885 	 0.851603 	 0.00257686	0.00538353
615 	 3890 	 0.851605 	 0.00257755	0.00538497
615 	 3895 	 0.851607 	 0.00257823	0.0053864
615 	 3900 	 0.851609 	 0.00257892	0.00538783
615 	 3905 	 0.851611 	 0.0025796	0.00538925
615 	 3910 	 0.851613 	 0.00258028	0.00539068
615 	 3915 	 0.851614 	 0.00258096	0.0053921
615 	 3920 	 0.851616 	 0.00258164	0.00539352
615 	 3925 	 0.851618 	 0.00258232	0.00539494
615 	 3930 	 0.85162 	 0.002583	0.00539636
615 	 3935 	 0.851622 	 0.00258368	0.00539778
615 	 3940 	 0.851624 	 0.00258436	0.00539919
615 	 3945 	 0.851626 	 0.00258503	0.00540061
615 	 3950 	 0.851628 	 0.00258571	0.00540202
615 	 3955 	 0.851629 	 0.00258638	0.00540343
615 	 3960 	 0.851631 	 0.00258706	0.00540483
615 	 3965 	 0.851633 	 0.00258773	0.00540624
615 	 3970 	 0.851635 	 0.0025884	0.00540764
615 	 3975 	 0.851637 	 0.00258907	0.00540905
615 	 3980 	 0.851639 	 0.00258974	0.00541045
615 	 3985 	 0.851641 	 0.00259041	0.00541184
615 	 3990 	 0.851642 	 0.00259108	0.00541324
615 	 3995 	 0.851644 	 0.00259175	0.00541464
615 	 4000 	 0.851646 	 0.00259242	0.00541603
615 	 4005 	 0.851648 	 0.00259308	0.00541742
615 	 4010 	 0.85165 	 0.00259375	0.00541881
615 	 4015 	 0.851651 	 0.00259441	0.0054202
615 	 4020 	 0.851653 	 0.00259508	0.00542159
615 	 4025 	 0.851655 	 0.00259574	0.00542297
615 	 4030 	 0.851657 	 0.0025964	0.00542435
615 	 4035 	 0.851659 	 0.00259706	0.00542573
615 	 4040 	 0.85166 	 0.00259772	0.00542711
615 	 4045 	 0.851662 	 0.00259838	0.00542849
615 	 4050 	 0.851664 	 0.00259904	0.00542987
615 	 4055 	 0.851666 	 0.0025997	0.00543124
615 	 4060 	 0.851668 	 0.00260035	0.00543261
615 	 4065 	 0.851669 	 0.00260101	0.00543398
615 	 4070 	 0.851671 	 0.00260167	0.00543535
615 	 4075 	 0.851673 	 0.00260232	0.00543672
615 	 4080 	 0.851675 	 0.00260297	0.00543809
615 	 4085 	 0.851676 	 0.00260363	0.00543945
615 	 4090 	 0.851678 	 0.00260428	0.00544081
615 	 4095 	 0.85168 	 0.00260493	0.00544217
615 	 4100 	 0.851682 	 0.00260558	0.00544353
615 	 4105 	 0.851683 	 0.00260623	0.00544489
615 	 4110 	 0.851685 	 0.00260688	0.00544624
615 	 4115 	 0.851687 	 0.00260753	0.0054476
615 	 4120 	 0.851689 	 0.00260817	0.00544895
615 	 4125 	 0.85169 	 0.00260882	0.0054503
615 	 4130 	 0.851692 	 0.00260946	0.00545165
615 	 4135 	 0.851694 	 0.00261011	0.00545299
615 	 4140 	 0.851695 	 0.00261075	0.00545434
615 	 4145 	 0.851697 	 0.0026114	0.00545568
615 	 4150 	 0.851699 	 0.00261204	0.00545702
615 	 4155 	 0.851701 	 0.00261268	0.00545836
615 	 4160 	 0.851702 	 0.00261332	0.0054597
615 	 4165 	 0.851704 	 0.00261396	0.00546104
615 	 4170 	 0.851706 	 0.0026146	0.00546237
615 	 4175 	 0.851707 	 0.00261524	0.00546371
615 	 4180 	 0.851709 	 0.00261587	0.00546504
615 	 4185 	 0.851711 	 0.00261651	0.00546637
615 	 4190 	 0.851712 	 0.00261715	0.0054677
615 	 4195 	 0.851714 	 0.00261778	0.00546902
615 	 4200 	 0.851716 	 0.00261842	0.00547035
615 	 4205 	 0.851717 	 0.00261905	0.00547167
615 	 4210 	 0.851719 	 0.00261968	0.00547299
615 	 4215 	 0.851721 	 0.00262031	0.00547431
615 	 4220 	 0.851722 	 0.00262095	0.00547563
615 	 4225 	 0.851724 	 0.00262158	0.00547695
615 	 4230 	 0.851726 	 0.00262221	0.00547826
615 	 4235 	 0.851727 	 0.00262283	0.00547958
615 	 4240 	 0.851729 	 0.00262346	0.00548089
615 	 4245 	 0.85173 	 0.00262409	0.0054822
615 	 4250 	 0.851732 	 0.00262472	0.00548351
615 	 4255 	 0.851734 	 0.00262534	0.00548482
615 	 4260 	 0.851735 	 0.00262597	0.00548612
615 	 4265 	 0.851737 	 0.00262659	0.00548742
615 	 4270 	 0.851739 	 0.00262721	0.00548873
615 	 4275 	 0.85174 	 0.00262784	0.00549003
615 	 4280 	 0.851742 	 0.00262846	0.00549133
615 	 4285 	 0.851743 	 0.00262908	0.00549262
615 	 4290 	 0.851745 	 0.0026297	0.00549392
615 	 4295 	 0.851747 	 0.00263032	0.00549521
615 	 4300 	 0.851748 	 0.00263094	0.00549651
615 	 4305 	 0.85175 	 0.00263155	0.0054978
615 	 4310 	 0.851751 	 0.00263217	0.00549909
615 	 4315 	 0.851753 	 0.00263279	0.00550037
615 	 4320 	 0.851755 	 0.0026334	0.00550166
615 	 4325 	 0.851756 	 0.00263402	0.00550294
615 	 4330 	 0.851758 	 0.00263463	0.00550423
615 	 4335 	 0.851759 	 0.00263525	0.00550551
615 	 4340 	 0.851761 	 0.00263586	0.00550679
615 	 4345 	 0.851762 	 0.00263647	0.00550807
615 	 4350 	 0.851764 	 0.00263708	0.00550934
615 	 4355 	 0.851766 	 0.00263769	0.00551062
615 	 4360 	 0.851767 	 0.0026383	0.00551189
615 	 4365 	 0.851769 	 0.00263891	0.00551316
615 	 4370 	 0.85177 	 0.00263952	0.00551443
615 	 4375 	 0.851772 	 0.00264012	0.0055157
615 	 4380 	 0.851773 	 0.00264073	0.00551697
615 	 4385 	 0.851775 	 0.00264134	0.00551823
615 	 4390 	 0.851776 	 0.00264194	0.0055195
615 	 4395 	 0.851778 	 0.00264255	0.00552076
615 	 4400 	 0.851779 	 0.00264315	0.00552202
615 	 4405 	 0.851781 	 0.00264375	0.00552328
615 	 4410 	 0.851782 	 0.00264435	0.00552454
615 	 4415 	 0.851784 	 0.00264496	0.00552579
615 	 4420 	 0.851786 	 0.00264556	0.00552705
615 	 4425 	 0.851787 	 0.00264616	0.0055283
615 	 4430 	 0.851789 	 0.00264676	0.00552955
615 	 4435 	 0.85179 	 0.00264735	0.0055308
615 	 4440 	 0.851792 	 0.00264795	0.00553205
615 	 4445 	 0.851793 	 0.00264855	0.0055333
615 	 4450 	 0.851795 	 0.00264914	0.00553455
615 	 4455 	 0.851796 	 0.00264974	0.00553579
615 	 4460 	 0.851798 	 0.00265033	0.00553703
615 	 4465 	 0.851799 	 0.00265093	0.00553827
615 	 4470 	 0.8518 	 0.00265152	0.00553951
615 	 4475 	 0.851802 	 0.00265211	0.00554075
615 	 4480 	 0.851803 	 0.00265271	0.00554199
615 	 4485 	 0.851805 	 0.0026533	0.00554322
615 	 4490 	 0.851806 	 0.00265389	0.00554445
615 	 4495 	 0.851808 	 0.00265448	0.00554569
615 	 4500 	 0.851809 	 0.00265507	0.00554692
615 	 4505 	 0.851811 	 0.00265565	0.00554815
615 	 4510 	 0.851812 	 0.00265624	0.00554937
615 	 4515 	 0.851814 	 0.00265683	0.0055506
615 	 4520 	 0.851815 	 0.00265741	0.00555182
615 	 4525 	 0.851817 	 0.002658	0.00555305
615 	 4530 	 0.851818 	 0.00265858	0.00555427
615 	 4535 	 0.85182 	 0.00265917	0.00555549
615 	 4540 	 0.851821 	 0.00265975	0.00555671
615 	 4545 	 0.851822 	 0.00266033	0.00555792
615 	 4550 	 0.851824 	 0.00266092	0.00555914
615 	 4555 	 0.851825 	 0.0026615	0.00556035
615 	 4560 	 0.851827 	 0.00266208	0.00556156
615 	 4565 	 0.851828 	 0.00266266	0.00556278
615 	 4570 	 0.85183 	 0.00266324	0.00556398
615 	 4575 	 0.851831 	 0.00266381	0.00556519
615 	 4580 	 0.851832 	 0.00266439	0.0055664
615 	 4585 	 0.851834 	 0.00266497	0.0055676
615 	 4590 	 0.851835 	 0.00266554	0.00556881
615 	 4595 	 0.851837 	 0.00266612	0.00557001
615 	 4600 	 0.851838 	 0.00266669	0.00557121
615 	 4605 	 0.851839 	 0.00266727	0.00557241
615 	 4610 	 0.851841 	 0.00266784	0.00557361
615 	 4615 	 0.851842 	 0.00266841	0.0055748
615 	 4620 	 0.851844 	 0.00266899	0.005576
615 	 4625 	 0.851845 	 0.00266956	0.00557719
615 	 4630 	 0.851846 	 0.00267013	0.00557839
615 	 4635 	 0.851848 	 0.0026707	0.00557958
615 	 4640 	 0.851849 	 0.00267127	0.00558076
615 	 4645 	 0.851851 	 0.00267184	0.00558195
615 	 4650 	 0.851852 	 0.0026724	0.00558314
615 	 4655 	 0.851853 	 0.00267297	0.00558432
615 	 4660 	 0.851855 	 0.00267354	0.00558551
615 	 4665 	 0.851856 	 0.0026741	0.00558669
615 	 4670 	 0.851857 	 0.00267467	0.00558787
615 	 4675 	 0.851859 	 0.00267523	0.00558905
615 	 4680 	 0.85186 	 0.0026758	0.00559023
615 	 4685 	 0.851862 	 0.00267636	0.0055914
615 	 4690 	 0.851863 	 0.00267692	0.00559258
615 	 4695 	 0.851864 	 0.00267748	0.00559375
615 	 4700 	 0.851866 	 0.00267804	0.00559492
615 	 4705 	 0.851867 	 0.00267861	0.00559609
615 	 4710 	 0.851868 	 0.00267917	0.00559726
615 	 4715 	 0.85187 	 0.00267972	0.00559843
615 	 4720 	 0.851871 	 0.00268028	0.0055996
615 	 4725 	 0.851872 	 0.00268084	0.00560076
615 	 4730 	 0.851874 	 0.0026814	0.00560193
615 	 4735 	 0.851875 	 0.00268195	0.00560309
615 	 4740 	 0.851876 	 0.00268251	0.00560425
615 	 4745 	 0.851878 	 0.00268306	0.00560541
615 	 4750 	 0.851879 	 0.00268362	0.00560657
615 	 4755 	 0.85188 	 0.00268417	0.00560772
615 	 4760 	 0.851882 	 0.00268473	0.00560888
615 	 4765 	 0.851883 	 0.00268528	0.00561003
615 	 4770 	 0.851884 	 0.00268583	0.00561119
615 	 4775 	 0.851886 	 0.00268638	0.00561234
615 	 4780 	 0.851887 	 0.00268693	0.00561349
615 	 4785 	 0.851888 	 0.00268748	0.00561464
615 	 4790 	 0.85189 	 0.00268803	0.00561578
615 	 4795 	 0.851891 	 0.00268858	0.00561693
615 	 4800 	 0.851892 	 0.00268913	0.00561807
615 	 4805 	 0.851893 	 0.00268967	0.00561922
615 	 4810 	 0.851895 	 0.00269022	0.00562036
615 	 4815 	 0.851896 	 0.00269077	0.0056215
615 	 4820 	 0.851897 	 0.00269131	0.00562264
615 	 4825 	 0.851899 	 0.00269186	0.00562378
615 	 4830 	 0.8519 	 0.0026924	0.00562491
615 	 4835 	 0.851901 	 0.00269294	0.00562605
615 	 4840 	 0.851902 	 0.00269348	0.00562718
615 	 4845 	 0.851904 	 0.00269403	0.00562831
615 	 4850 	 0.851905 	 0.00269457	0.00562944
615 	 4855 	 0.851906 	 0.00269511	0.00563057
615 	 4860 	 0.851908 	 0.00269565	0.0056317
615 	 4865 	 0.851909 	 0.00269619	0.00563283
615 	 4870 	 0.85191 	 0.00269673	0.00563395
615 	 4875 	 0.851911 	 0.00269727	0.00563508
615 	 4880 	 0.851913 	 0.0026978	0.0056362
615 	 4885 	 0.851914 	 0.00269834	0.00563732
615 	 4890 	 0.851915 	 0.00269888	0.00563844
615 	 4895 	 0.851916 	 0.00269941	0.00563956
615 	 4900 	 0.851918 	 0.00269995	0.00564068
615 	 4905 	 0.851919 	 0.00270048	0.0056418
615 	 4910 	 0.85192 	 0.00270101	0.00564291
615 	 4915 	 0.851921 	 0.00270155	0.00564402
615 	 4920 	 0.851923 	 0.00270208	0.00564514
615 	 4925 	 0.851924 	 0.00270261	0.00564625
615 	 4930 	 0.851925 	 0.00270314	0.00564736
615 	 4935 	 0.851926 	 0.00270367	0.00564847
615 	 4940 	 0.851928 	 0.0027042	0.00564957
615 	 4945 	 0.851929 	 0.00270473	0.00565068
615 	 4950 	 0.85193 	 0.00270526	0.00565178
615 	 4955 	 0.851931 	 0.00270579	0.00565289
615 	 4960 	 0.851933 	 0.00270632	0.00565399
615 	 4965 	 0.851934 	 0.00270684	0.00565509
615 	 4970 	 0.851935 	 0.00270737	0.00565619
615 	 4975 	 0.851936 	 0.0027079	0.00565729
615 	 4980 	 0.851937 	 0.00270842	0.00565838
615 	 4985 	 0.851939 	 0.00270895	0.00565948
615 	 4990 	 0.85194 	 0.00270947	0.00566057
615 	 4995 	 0.851941 	 0.00270999	0.00566167
615 	 5000 	 0.851942 	 0.00271051	0.00566276
