3565 	 5 	 0.729198 	 0.00674717	0.0140961
3565 	 10 	 0.7298 	 0.00635637	0.0132796
3565 	 15 	 0.730937 	 0.00574884	0.0120104
3565 	 20 	 0.73305 	 0.00489797	0.0102327
3565 	 25 	 0.736845 	 0.003946	0.00824392
3565 	 30 	 0.743272 	 0.00333727	0.00697216
3565 	 35 	 0.753144 	 0.00321959	0.0067263
3565 	 40 	 0.766239 	 0.00286311	0.00598157
3565 	 45 	 0.781614 	 0.00315154	0.00658415
3565 	 50 	 0.795802 	 0.00311089	0.00649922
3565 	 55 	 0.806502 	 0.00284321	0.00593998
3565 	 60 	 0.813722 	 0.00247244	0.00516537
3565 	 65 	 0.818349 	 0.00225961	0.00472075
3565 	 70 	 0.82133 	 0.00224034	0.00468048
3565 	 75 	 0.823347 	 0.00230256	0.00481046
3565 	 80 	 0.82482 	 0.00236972	0.00495078
3565 	 85 	 0.825987 	 0.00242096	0.00505783
3565 	 90 	 0.826977 	 0.00245782	0.00513484
3565 	 95 	 0.827861 	 0.00248555	0.00519276
3565 	 100 	 0.828674 	 0.00250771	0.00523907
3565 	 105 	 0.829436 	 0.00252594	0.00527715
3565 	 110 	 0.83016 	 0.00254068	0.00530795
3565 	 115 	 0.830851 	 0.00255194	0.00533146
3565 	 120 	 0.831513 	 0.0025596	0.00534747
3565 	 125 	 0.832149 	 0.00256368	0.00535599
3565 	 130 	 0.83276 	 0.00256428	0.00535725
3565 	 135 	 0.833348 	 0.00256165	0.00535175
3565 	 140 	 0.833913 	 0.00255608	0.00534012
3565 	 145 	 0.834458 	 0.00254794	0.00532312
3565 	 150 	 0.834983 	 0.0025376	0.0053015
3565 	 155 	 0.835489 	 0.00252542	0.00527606
3565 	 160 	 0.835976 	 0.00251176	0.00524752
3565 	 165 	 0.836447 	 0.00249695	0.00521659
3565 	 170 	 0.8369 	 0.0024813	0.00518389
3565 	 175 	 0.837338 	 0.00246507	0.00514998
3565 	 180 	 0.83776 	 0.0024485	0.00511537
3565 	 185 	 0.838168 	 0.00243181	0.00508049
3565 	 190 	 0.838562 	 0.00241517	0.00504573
3565 	 195 	 0.838943 	 0.00239873	0.00501139
3565 	 200 	 0.839311 	 0.00238264	0.00497776
3565 	 205 	 0.839667 	 0.00236698	0.00494505
3565 	 210 	 0.840012 	 0.00235185	0.00491345
3565 	 215 	 0.840345 	 0.00233733	0.00488311
3565 	 220 	 0.840668 	 0.00232346	0.00485413
3565 	 225 	 0.84098 	 0.00231029	0.00482661
3565 	 230 	 0.841283 	 0.00229785	0.00480062
3565 	 235 	 0.841576 	 0.00228615	0.00477618
3565 	 240 	 0.841861 	 0.00227521	0.00475334
3565 	 245 	 0.842137 	 0.00226504	0.00473208
3565 	 250 	 0.842405 	 0.00225563	0.00471243
3565 	 255 	 0.842665 	 0.00224698	0.00469435
3565 	 260 	 0.842917 	 0.00223907	0.00467783
3565 	 265 	 0.843162 	 0.00223189	0.00466283
3565 	 270 	 0.8434 	 0.00222543	0.00464933
3565 	 275 	 0.843631 	 0.00221966	0.00463728
3565 	 280 	 0.843856 	 0.00221457	0.00462664
3565 	 285 	 0.844075 	 0.00221013	0.00461736
3565 	 290 	 0.844288 	 0.00220632	0.0046094
3565 	 295 	 0.844495 	 0.00220311	0.00460271
3565 	 300 	 0.844697 	 0.00220049	0.00459723
3565 	 305 	 0.844893 	 0.00219843	0.00459292
3565 	 310 	 0.845084 	 0.0021969	0.00458973
3565 	 315 	 0.845271 	 0.00219589	0.00458762
3565 	 320 	 0.845452 	 0.00219537	0.00458652
3565 	 325 	 0.845629 	 0.00219531	0.0045864
3565 	 330 	 0.845802 	 0.0021957	0.00458721
3565 	 335 	 0.84597 	 0.00219651	0.00458891
3565 	 340 	 0.846135 	 0.00219773	0.00459145
3565 	 345 	 0.846295 	 0.00219932	0.00459479
3565 	 350 	 0.846452 	 0.00220129	0.00459889
3565 	 355 	 0.846605 	 0.0022036	0.00460371
3565 	 360 	 0.846754 	 0.00220623	0.00460922
3565 	 365 	 0.8469 	 0.00220918	0.00461538
3565 	 370 	 0.847043 	 0.00221242	0.00462216
3565 	 375 	 0.847182 	 0.00221594	0.00462951
3565 	 380 	 0.847318 	 0.00221973	0.00463742
3565 	 385 	 0.847452 	 0.00222377	0.00464585
3565 	 390 	 0.847582 	 0.00222804	0.00465477
3565 	 395 	 0.84771 	 0.00223253	0.00466416
3565 	 400 	 0.847834 	 0.00223723	0.00467399
3565 	 405 	 0.847957 	 0.00224214	0.00468424
3565 	 410 	 0.848076 	 0.00224723	0.00469487
3565 	 415 	 0.848193 	 0.0022525	0.00470588
3565 	 420 	 0.848308 	 0.00225793	0.00471723
3565 	 425 	 0.848421 	 0.00226352	0.00472891
3565 	 430 	 0.848531 	 0.00226926	0.0047409
3565 	 435 	 0.848639 	 0.00227514	0.00475318
3565 	 440 	 0.848745 	 0.00228114	0.00476573
3565 	 445 	 0.848848 	 0.00228727	0.00477853
3565 	 450 	 0.84895 	 0.00229352	0.00479158
3565 	 455 	 0.84905 	 0.00229987	0.00480485
3565 	 460 	 0.849148 	 0.00230633	0.00481833
3565 	 465 	 0.849244 	 0.00231287	0.00483201
3565 	 470 	 0.849338 	 0.00231951	0.00484588
3565 	 475 	 0.849431 	 0.00232623	0.00485992
3565 	 480 	 0.849522 	 0.00233302	0.00487411
3565 	 485 	 0.849611 	 0.00233989	0.00488846
3565 	 490 	 0.849698 	 0.00234682	0.00490294
3565 	 495 	 0.849784 	 0.00235382	0.00491756
3565 	 500 	 0.849869 	 0.00236087	0.00493229
3565 	 505 	 0.849952 	 0.00236798	0.00494713
3565 	 510 	 0.850034 	 0.00237513	0.00496208
3565 	 515 	 0.850114 	 0.00238233	0.00497712
3565 	 520 	 0.850193 	 0.00238957	0.00499224
3565 	 525 	 0.85027 	 0.00239685	0.00500745
3565 	 530 	 0.850346 	 0.00240416	0.00502272
3565 	 535 	 0.850421 	 0.0024115	0.00503806
3565 	 540 	 0.850495 	 0.00241887	0.00505346
3565 	 545 	 0.850567 	 0.00242626	0.00506891
3565 	 550 	 0.850638 	 0.00243368	0.00508441
3565 	 555 	 0.850709 	 0.00244112	0.00509994
3565 	 560 	 0.850778 	 0.00244857	0.00511552
3565 	 565 	 0.850846 	 0.00245604	0.00513112
3565 	 570 	 0.850912 	 0.00246353	0.00514676
3565 	 575 	 0.850978 	 0.00247102	0.00516241
3565 	 580 	 0.851043 	 0.00247852	0.00517808
3565 	 585 	 0.851107 	 0.00248603	0.00519377
3565 	 590 	 0.85117 	 0.00249354	0.00520946
3565 	 595 	 0.851231 	 0.00250106	0.00522516
3565 	 600 	 0.851292 	 0.00250857	0.00524087
3565 	 605 	 0.851352 	 0.00251609	0.00525657
3565 	 610 	 0.851412 	 0.00252361	0.00527227
3565 	 615 	 0.85147 	 0.00253112	0.00528797
3565 	 620 	 0.851527 	 0.00253862	0.00530365
3565 	 625 	 0.851584 	 0.00254613	0.00531932
3565 	 630 	 0.85164 	 0.00255362	0.00533498
3565 	 635 	 0.851695 	 0.00256111	0.00535062
3565 	 640 	 0.851749 	 0.00256859	0.00536624
3565 	 645 	 0.851802 	 0.00257605	0.00538184
3565 	 650 	 0.851855 	 0.00258351	0.00539742
3565 	 655 	 0.851907 	 0.00259095	0.00541297
3565 	 660 	 0.851958 	 0.00259838	0.00542849
3565 	 665 	 0.852009 	 0.0026058	0.00544399
3565 	 670 	 0.852059 	 0.0026132	0.00545945
3565 	 675 	 0.852108 	 0.00262059	0.00547488
3565 	 680 	 0.852157 	 0.00262796	0.00549028
3565 	 685 	 0.852205 	 0.00263531	0.00550564
3565 	 690 	 0.852252 	 0.00264265	0.00552097
3565 	 695 	 0.852298 	 0.00264996	0.00553626
3565 	 700 	 0.852345 	 0.00265726	0.00555151
3565 	 705 	 0.85239 	 0.00266454	0.00556671
3565 	 710 	 0.852435 	 0.0026718	0.00558188
3565 	 715 	 0.852479 	 0.00267904	0.00559701
3565 	 720 	 0.852523 	 0.00268626	0.00561209
3565 	 725 	 0.852566 	 0.00269346	0.00562712
3565 	 730 	 0.852609 	 0.00270063	0.00564212
3565 	 735 	 0.852651 	 0.00270779	0.00565706
3565 	 740 	 0.852693 	 0.00271492	0.00567196
3565 	 745 	 0.852734 	 0.00272203	0.00568682
3565 	 750 	 0.852774 	 0.00272912	0.00570162
3565 	 755 	 0.852814 	 0.00273618	0.00571638
3565 	 760 	 0.852854 	 0.00274322	0.00573108
3565 	 765 	 0.852893 	 0.00275023	0.00574574
3565 	 770 	 0.852932 	 0.00275723	0.00576035
3565 	 775 	 0.85297 	 0.00276419	0.0057749
3565 	 780 	 0.853008 	 0.00277114	0.00578941
3565 	 785 	 0.853045 	 0.00277806	0.00580386
3565 	 790 	 0.853082 	 0.00278495	0.00581827
3565 	 795 	 0.853119 	 0.00279182	0.00583262
3565 	 800 	 0.853155 	 0.00279866	0.00584691
3565 	 805 	 0.85319 	 0.00280548	0.00586116
3565 	 810 	 0.853226 	 0.00281227	0.00587535
3565 	 815 	 0.853261 	 0.00281904	0.00588949
3565 	 820 	 0.853295 	 0.00282578	0.00590357
3565 	 825 	 0.853329 	 0.0028325	0.00591761
3565 	 830 	 0.853363 	 0.00283919	0.00593158
3565 	 835 	 0.853396 	 0.00284585	0.00594551
3565 	 840 	 0.853429 	 0.00285249	0.00595938
3565 	 845 	 0.853462 	 0.00285911	0.00597319
3565 	 850 	 0.853494 	 0.00286569	0.00598695
3565 	 855 	 0.853526 	 0.00287225	0.00600066
3565 	 860 	 0.853558 	 0.00287879	0.00601431
3565 	 865 	 0.853589 	 0.0028853	0.00602791
3565 	 870 	 0.85362 	 0.00289178	0.00604145
3565 	 875 	 0.85365 	 0.00289824	0.00605494
3565 	 880 	 0.853681 	 0.00290467	0.00606838
3565 	 885 	 0.853711 	 0.00291107	0.00608176
3565 	 890 	 0.85374 	 0.00291745	0.00609508
3565 	 895 	 0.85377 	 0.0029238	0.00610835
3565 	 900 	 0.853799 	 0.00293013	0.00612157
3565 	 905 	 0.853827 	 0.00293643	0.00613473
3565 	 910 	 0.853856 	 0.0029427	0.00614784
3565 	 915 	 0.853884 	 0.00294895	0.00616089
3565 	 920 	 0.853912 	 0.00295517	0.00617389
3565 	 925 	 0.853939 	 0.00296137	0.00618683
3565 	 930 	 0.853967 	 0.00296754	0.00619972
3565 	 935 	 0.853994 	 0.00297368	0.00621256
3565 	 940 	 0.854021 	 0.0029798	0.00622534
3565 	 945 	 0.854047 	 0.00298589	0.00623807
3565 	 950 	 0.854074 	 0.00299196	0.00625075
3565 	 955 	 0.8541 	 0.002998	0.00626337
3565 	 960 	 0.854125 	 0.00300402	0.00627594
3565 	 965 	 0.854151 	 0.00301001	0.00628846
3565 	 970 	 0.854176 	 0.00301598	0.00630093
3565 	 975 	 0.854201 	 0.00302192	0.00631334
3565 	 980 	 0.854226 	 0.00302783	0.0063257
3565 	 985 	 0.854251 	 0.00303372	0.006338
3565 	 990 	 0.854275 	 0.00303959	0.00635026
3565 	 995 	 0.854299 	 0.00304543	0.00636246
3565 	 1000 	 0.854323 	 0.00305125	0.00637461
3565 	 1005 	 0.854347 	 0.00305704	0.00638671
3565 	 1010 	 0.85437 	 0.0030628	0.00639876
3565 	 1015 	 0.854394 	 0.00306855	0.00641075
3565 	 1020 	 0.854417 	 0.00307426	0.0064227
3565 	 1025 	 0.854439 	 0.00307996	0.00643459
3565 	 1030 	 0.854462 	 0.00308563	0.00644643
3565 	 1035 	 0.854485 	 0.00309127	0.00645823
3565 	 1040 	 0.854507 	 0.00309689	0.00646997
3565 	 1045 	 0.854529 	 0.00310249	0.00648166
3565 	 1050 	 0.854551 	 0.00310806	0.00649331
3565 	 1055 	 0.854572 	 0.00311361	0.0065049
3565 	 1060 	 0.854594 	 0.00311914	0.00651644
3565 	 1065 	 0.854615 	 0.00312464	0.00652794
3565 	 1070 	 0.854636 	 0.00313012	0.00653939
3565 	 1075 	 0.854657 	 0.00313557	0.00655078
3565 	 1080 	 0.854678 	 0.00314101	0.00656213
3565 	 1085 	 0.854698 	 0.00314641	0.00657343
3565 	 1090 	 0.854719 	 0.0031518	0.00658469
3565 	 1095 	 0.854739 	 0.00315716	0.00659589
3565 	 1100 	 0.854759 	 0.0031625	0.00660705
3565 	 1105 	 0.854779 	 0.00316782	0.00661816
3565 	 1110 	 0.854799 	 0.00317312	0.00662922
3565 	 1115 	 0.854818 	 0.00317839	0.00664024
3565 	 1120 	 0.854838 	 0.00318364	0.00665121
3565 	 1125 	 0.854857 	 0.00318887	0.00666213
3565 	 1130 	 0.854876 	 0.00319408	0.006673
3565 	 1135 	 0.854895 	 0.00319926	0.00668384
3565 	 1140 	 0.854914 	 0.00320442	0.00669462
3565 	 1145 	 0.854932 	 0.00320956	0.00670536
3565 	 1150 	 0.854951 	 0.00321468	0.00671605
3565 	 1155 	 0.854969 	 0.00321978	0.0067267
3565 	 1160 	 0.854987 	 0.00322485	0.00673731
3565 	 1165 	 0.855005 	 0.00322991	0.00674787
3565 	 1170 	 0.855023 	 0.00323494	0.00675838
3565 	 1175 	 0.855041 	 0.00323995	0.00676885
3565 	 1180 	 0.855059 	 0.00324495	0.00677928
3565 	 1185 	 0.855076 	 0.00324992	0.00678967
3565 	 1190 	 0.855093 	 0.00325486	0.00680001
3565 	 1195 	 0.855111 	 0.00325979	0.0068103
3565 	 1200 	 0.855128 	 0.0032647	0.00682056
3565 	 1205 	 0.855145 	 0.00326959	0.00683077
3565 	 1210 	 0.855161 	 0.00327446	0.00684094
3565 	 1215 	 0.855178 	 0.0032793	0.00685106
3565 	 1220 	 0.855195 	 0.00328413	0.00686115
3565 	 1225 	 0.855211 	 0.00328894	0.00687119
3565 	 1230 	 0.855227 	 0.00329373	0.00688119
3565 	 1235 	 0.855244 	 0.00329849	0.00689115
3565 	 1240 	 0.85526 	 0.00330324	0.00690107
3565 	 1245 	 0.855276 	 0.00330797	0.00691095
3565 	 1250 	 0.855291 	 0.00331268	0.00692079
3565 	 1255 	 0.855307 	 0.00331737	0.00693058
3565 	 1260 	 0.855323 	 0.00332204	0.00694034
3565 	 1265 	 0.855338 	 0.00332669	0.00695006
3565 	 1270 	 0.855354 	 0.00333132	0.00695973
3565 	 1275 	 0.855369 	 0.00333593	0.00696937
3565 	 1280 	 0.855384 	 0.00334053	0.00697897
3565 	 1285 	 0.855399 	 0.0033451	0.00698853
3565 	 1290 	 0.855414 	 0.00334966	0.00699805
3565 	 1295 	 0.855429 	 0.0033542	0.00700753
3565 	 1300 	 0.855444 	 0.00335872	0.00701697
3565 	 1305 	 0.855458 	 0.00336322	0.00702638
3565 	 1310 	 0.855473 	 0.0033677	0.00703574
3565 	 1315 	 0.855487 	 0.00337217	0.00704507
3565 	 1320 	 0.855501 	 0.00337661	0.00705436
3565 	 1325 	 0.855516 	 0.00338104	0.00706362
3565 	 1330 	 0.85553 	 0.00338545	0.00707283
3565 	 1335 	 0.855544 	 0.00338985	0.00708201
3565 	 1340 	 0.855558 	 0.00339422	0.00709115
3565 	 1345 	 0.855571 	 0.00339858	0.00710026
3565 	 1350 	 0.855585 	 0.00340292	0.00710933
3565 	 1355 	 0.855599 	 0.00340725	0.00711836
3565 	 1360 	 0.855612 	 0.00341156	0.00712736
3565 	 1365 	 0.855626 	 0.00341584	0.00713632
3565 	 1370 	 0.855639 	 0.00342012	0.00714525
3565 	 1375 	 0.855652 	 0.00342437	0.00715414
3565 	 1380 	 0.855666 	 0.00342861	0.00716299
3565 	 1385 	 0.855679 	 0.00343283	0.00717181
3565 	 1390 	 0.855692 	 0.00343704	0.0071806
3565 	 1395 	 0.855705 	 0.00344123	0.00718935
3565 	 1400 	 0.855717 	 0.0034454	0.00719807
3565 	 1405 	 0.85573 	 0.00344956	0.00720675
3565 	 1410 	 0.855743 	 0.0034537	0.0072154
3565 	 1415 	 0.855755 	 0.00345782	0.00722401
3565 	 1420 	 0.855768 	 0.00346193	0.00723259
3565 	 1425 	 0.85578 	 0.00346602	0.00724114
3565 	 1430 	 0.855793 	 0.00347009	0.00724966
3565 	 1435 	 0.855805 	 0.00347415	0.00725814
3565 	 1440 	 0.855817 	 0.0034782	0.00726659
3565 	 1445 	 0.855829 	 0.00348222	0.007275
3565 	 1450 	 0.855841 	 0.00348624	0.00728339
3565 	 1455 	 0.855853 	 0.00349023	0.00729174
3565 	 1460 	 0.855865 	 0.00349422	0.00730006
3565 	 1465 	 0.855877 	 0.00349818	0.00730834
3565 	 1470 	 0.855889 	 0.00350213	0.0073166
3565 	 1475 	 0.8559 	 0.00350607	0.00732482
3565 	 1480 	 0.855912 	 0.00350999	0.00733301
3565 	 1485 	 0.855923 	 0.0035139	0.00734117
3565 	 1490 	 0.855935 	 0.00351779	0.0073493
3565 	 1495 	 0.855946 	 0.00352167	0.0073574
3565 	 1500 	 0.855957 	 0.00352553	0.00736547
3565 	 1505 	 0.855969 	 0.00352938	0.00737351
3565 	 1510 	 0.85598 	 0.00353321	0.00738152
3565 	 1515 	 0.855991 	 0.00353703	0.00738949
3565 	 1520 	 0.856002 	 0.00354083	0.00739744
3565 	 1525 	 0.856013 	 0.00354462	0.00740536
3565 	 1530 	 0.856024 	 0.0035484	0.00741324
3565 	 1535 	 0.856035 	 0.00355216	0.0074211
3565 	 1540 	 0.856045 	 0.0035559	0.00742893
3565 	 1545 	 0.856056 	 0.00355964	0.00743673
3565 	 1550 	 0.856067 	 0.00356336	0.0074445
3565 	 1555 	 0.856077 	 0.00356706	0.00745224
3565 	 1560 	 0.856088 	 0.00357075	0.00745995
3565 	 1565 	 0.856098 	 0.00357443	0.00746764
3565 	 1570 	 0.856108 	 0.0035781	0.00747529
3565 	 1575 	 0.856119 	 0.00358175	0.00748292
3565 	 1580 	 0.856129 	 0.00358538	0.00749052
3565 	 1585 	 0.856139 	 0.00358901	0.00749809
3565 	 1590 	 0.856149 	 0.00359262	0.00750563
3565 	 1595 	 0.856159 	 0.00359622	0.00751315
3565 	 1600 	 0.856169 	 0.0035998	0.00752064
3565 	 1605 	 0.856179 	 0.00360337	0.0075281
3565 	 1610 	 0.856189 	 0.00360693	0.00753553
3565 	 1615 	 0.856199 	 0.00361047	0.00754294
3565 	 1620 	 0.856209 	 0.00361401	0.00755032
3565 	 1625 	 0.856219 	 0.00361753	0.00755767
3565 	 1630 	 0.856228 	 0.00362103	0.007565
3565 	 1635 	 0.856238 	 0.00362453	0.0075723
3565 	 1640 	 0.856248 	 0.00362801	0.00757957
3565 	 1645 	 0.856257 	 0.00363148	0.00758682
3565 	 1650 	 0.856267 	 0.00363494	0.00759404
3565 	 1655 	 0.856276 	 0.00363838	0.00760124
3565 	 1660 	 0.856285 	 0.00364181	0.00760841
3565 	 1665 	 0.856295 	 0.00364523	0.00761555
3565 	 1670 	 0.856304 	 0.00364864	0.00762267
3565 	 1675 	 0.856313 	 0.00365203	0.00762976
3565 	 1680 	 0.856322 	 0.00365542	0.00763683
3565 	 1685 	 0.856331 	 0.00365879	0.00764388
3565 	 1690 	 0.85634 	 0.00366215	0.00765089
3565 	 1695 	 0.856349 	 0.0036655	0.00765789
3565 	 1700 	 0.856358 	 0.00366883	0.00766486
3565 	 1705 	 0.856367 	 0.00367216	0.0076718
3565 	 1710 	 0.856376 	 0.00367547	0.00767872
3565 	 1715 	 0.856385 	 0.00367877	0.00768562
3565 	 1720 	 0.856394 	 0.00368206	0.00769249
3565 	 1725 	 0.856402 	 0.00368533	0.00769934
3565 	 1730 	 0.856411 	 0.0036886	0.00770616
3565 	 1735 	 0.85642 	 0.00369186	0.00771296
3565 	 1740 	 0.856428 	 0.0036951	0.00771974
3565 	 1745 	 0.856437 	 0.00369833	0.00772649
3565 	 1750 	 0.856445 	 0.00370155	0.00773322
3565 	 1755 	 0.856454 	 0.00370476	0.00773992
3565 	 1760 	 0.856462 	 0.00370796	0.00774661
3565 	 1765 	 0.85647 	 0.00371115	0.00775327
3565 	 1770 	 0.856479 	 0.00371433	0.00775991
3565 	 1775 	 0.856487 	 0.00371749	0.00776652
3565 	 1780 	 0.856495 	 0.00372065	0.00777311
3565 	 1785 	 0.856503 	 0.00372379	0.00777968
3565 	 1790 	 0.856512 	 0.00372693	0.00778623
3565 	 1795 	 0.85652 	 0.00373005	0.00779275
3565 	 1800 	 0.856528 	 0.00373316	0.00779926
3565 	 1805 	 0.856536 	 0.00373626	0.00780574
3565 	 1810 	 0.856544 	 0.00373936	0.00781219
3565 	 1815 	 0.856552 	 0.00374244	0.00781863
3565 	 1820 	 0.856559 	 0.00374551	0.00782505
3565 	 1825 	 0.856567 	 0.00374857	0.00783144
3565 	 1830 	 0.856575 	 0.00375162	0.00783781
3565 	 1835 	 0.856583 	 0.00375466	0.00784416
3565 	 1840 	 0.856591 	 0.00375769	0.00785049
3565 	 1845 	 0.856598 	 0.00376071	0.0078568
3565 	 1850 	 0.856606 	 0.00376372	0.00786309
3565 	 1855 	 0.856614 	 0.00376671	0.00786935
3565 	 1860 	 0.856621 	 0.0037697	0.0078756
3565 	 1865 	 0.856629 	 0.00377268	0.00788182
3565 	 1870 	 0.856636 	 0.00377565	0.00788803
3565 	 1875 	 0.856644 	 0.00377861	0.00789421
3565 	 1880 	 0.856651 	 0.00378156	0.00790037
3565 	 1885 	 0.856659 	 0.0037845	0.00790652
3565 	 1890 	 0.856666 	 0.00378743	0.00791264
3565 	 1895 	 0.856673 	 0.00379036	0.00791874
3565 	 1900 	 0.85668 	 0.00379327	0.00792483
3565 	 1905 	 0.856688 	 0.00379617	0.00793089
3565 	 1910 	 0.856695 	 0.00379906	0.00793693
3565 	 1915 	 0.856702 	 0.00380194	0.00794295
3565 	 1920 	 0.856709 	 0.00380482	0.00794896
3565 	 1925 	 0.856716 	 0.00380768	0.00795494
3565 	 1930 	 0.856723 	 0.00381054	0.00796091
3565 	 1935 	 0.85673 	 0.00381338	0.00796685
3565 	 1940 	 0.856738 	 0.00381622	0.00797278
3565 	 1945 	 0.856744 	 0.00381905	0.00797869
3565 	 1950 	 0.856751 	 0.00382187	0.00798457
3565 	 1955 	 0.856758 	 0.00382468	0.00799044
3565 	 1960 	 0.856765 	 0.00382748	0.00799629
3565 	 1965 	 0.856772 	 0.00383027	0.00800213
3565 	 1970 	 0.856779 	 0.00383305	0.00800794
3565 	 1975 	 0.856786 	 0.00383582	0.00801373
3565 	 1980 	 0.856792 	 0.00383859	0.00801951
3565 	 1985 	 0.856799 	 0.00384134	0.00802527
3565 	 1990 	 0.856806 	 0.00384409	0.00803101
3565 	 1995 	 0.856812 	 0.00384683	0.00803673
3565 	 2000 	 0.856819 	 0.00384956	0.00804243
3565 	 2005 	 0.856826 	 0.00385228	0.00804812
3565 	 2010 	 0.856832 	 0.00385499	0.00805379
3565 	 2015 	 0.856839 	 0.0038577	0.00805943
3565 	 2020 	 0.856845 	 0.00386039	0.00806507
3565 	 2025 	 0.856852 	 0.00386308	0.00807068
3565 	 2030 	 0.856858 	 0.00386576	0.00807628
3565 	 2035 	 0.856865 	 0.00386843	0.00808186
3565 	 2040 	 0.856871 	 0.00387109	0.00808742
3565 	 2045 	 0.856877 	 0.00387375	0.00809296
3565 	 2050 	 0.856884 	 0.00387639	0.00809849
3565 	 2055 	 0.85689 	 0.00387903	0.008104
3565 	 2060 	 0.856896 	 0.00388166	0.00810949
3565 	 2065 	 0.856902 	 0.00388428	0.00811497
3565 	 2070 	 0.856909 	 0.00388689	0.00812043
3565 	 2075 	 0.856915 	 0.0038895	0.00812587
3565 	 2080 	 0.856921 	 0.0038921	0.0081313
3565 	 2085 	 0.856927 	 0.00389469	0.00813671
3565 	 2090 	 0.856933 	 0.00389727	0.0081421
3565 	 2095 	 0.856939 	 0.00389984	0.00814748
3565 	 2100 	 0.856945 	 0.00390241	0.00815284
3565 	 2105 	 0.856951 	 0.00390496	0.00815818
3565 	 2110 	 0.856957 	 0.00390751	0.00816351
3565 	 2115 	 0.856963 	 0.00391006	0.00816882
3565 	 2120 	 0.856969 	 0.00391259	0.00817411
3565 	 2125 	 0.856975 	 0.00391512	0.00817939
3565 	 2130 	 0.856981 	 0.00391764	0.00818466
3565 	 2135 	 0.856987 	 0.00392015	0.0081899
3565 	 2140 	 0.856993 	 0.00392265	0.00819513
3565 	 2145 	 0.856999 	 0.00392515	0.00820035
3565 	 2150 	 0.857005 	 0.00392764	0.00820555
3565 	 2155 	 0.85701 	 0.00393012	0.00821074
3565 	 2160 	 0.857016 	 0.00393259	0.0082159
3565 	 2165 	 0.857022 	 0.00393506	0.00822106
3565 	 2170 	 0.857027 	 0.00393752	0.0082262
3565 	 2175 	 0.857033 	 0.00393997	0.00823132
3565 	 2180 	 0.857039 	 0.00394242	0.00823643
3565 	 2185 	 0.857044 	 0.00394485	0.00824152
3565 	 2190 	 0.85705 	 0.00394729	0.0082466
3565 	 2195 	 0.857056 	 0.00394971	0.00825166
3565 	 2200 	 0.857061 	 0.00395212	0.00825671
3565 	 2205 	 0.857067 	 0.00395453	0.00826174
3565 	 2210 	 0.857072 	 0.00395694	0.00826676
3565 	 2215 	 0.857078 	 0.00395933	0.00827176
3565 	 2220 	 0.857083 	 0.00396172	0.00827675
3565 	 2225 	 0.857089 	 0.0039641	0.00828173
3565 	 2230 	 0.857094 	 0.00396647	0.00828669
3565 	 2235 	 0.857099 	 0.00396884	0.00829163
3565 	 2240 	 0.857105 	 0.0039712	0.00829656
3565 	 2245 	 0.85711 	 0.00397355	0.00830148
3565 	 2250 	 0.857115 	 0.0039759	0.00830638
3565 	 2255 	 0.857121 	 0.00397824	0.00831127
3565 	 2260 	 0.857126 	 0.00398057	0.00831614
3565 	 2265 	 0.857131 	 0.0039829	0.008321
3565 	 2270 	 0.857136 	 0.00398522	0.00832585
3565 	 2275 	 0.857142 	 0.00398753	0.00833068
3565 	 2280 	 0.857147 	 0.00398984	0.0083355
3565 	 2285 	 0.857152 	 0.00399214	0.0083403
3565 	 2290 	 0.857157 	 0.00399443	0.00834509
3565 	 2295 	 0.857162 	 0.00399672	0.00834987
3565 	 2300 	 0.857167 	 0.003999	0.00835464
3565 	 2305 	 0.857173 	 0.00400127	0.00835939
3565 	 2310 	 0.857178 	 0.00400354	0.00836412
3565 	 2315 	 0.857183 	 0.0040058	0.00836884
3565 	 2320 	 0.857188 	 0.00400805	0.00837355
3565 	 2325 	 0.857193 	 0.0040103	0.00837825
3565 	 2330 	 0.857198 	 0.00401254	0.00838293
3565 	 2335 	 0.857203 	 0.00401478	0.0083876
3565 	 2340 	 0.857208 	 0.00401701	0.00839226
3565 	 2345 	 0.857213 	 0.00401923	0.0083969
3565 	 2350 	 0.857217 	 0.00402145	0.00840153
3565 	 2355 	 0.857222 	 0.00402366	0.00840615
3565 	 2360 	 0.857227 	 0.00402586	0.00841076
3565 	 2365 	 0.857232 	 0.00402806	0.00841535
3565 	 2370 	 0.857237 	 0.00403025	0.00841993
3565 	 2375 	 0.857242 	 0.00403244	0.0084245
3565 	 2380 	 0.857247 	 0.00403462	0.00842905
3565 	 2385 	 0.857251 	 0.00403679	0.00843359
3565 	 2390 	 0.857256 	 0.00403896	0.00843812
3565 	 2395 	 0.857261 	 0.00404112	0.00844263
3565 	 2400 	 0.857266 	 0.00404328	0.00844714
3565 	 2405 	 0.85727 	 0.00404543	0.00845163
3565 	 2410 	 0.857275 	 0.00404757	0.00845611
3565 	 2415 	 0.85728 	 0.00404971	0.00846058
3565 	 2420 	 0.857284 	 0.00405184	0.00846503
3565 	 2425 	 0.857289 	 0.00405397	0.00846947
3565 	 2430 	 0.857294 	 0.00405609	0.0084739
3565 	 2435 	 0.857298 	 0.0040582	0.00847832
3565 	 2440 	 0.857303 	 0.00406031	0.00848273
3565 	 2445 	 0.857307 	 0.00406241	0.00848712
3565 	 2450 	 0.857312 	 0.00406451	0.0084915
3565 	 2455 	 0.857316 	 0.0040666	0.00849587
3565 	 2460 	 0.857321 	 0.00406869	0.00850023
3565 	 2465 	 0.857325 	 0.00407077	0.00850458
3565 	 2470 	 0.85733 	 0.00407284	0.00850891
3565 	 2475 	 0.857334 	 0.00407491	0.00851324
3565 	 2480 	 0.857339 	 0.00407698	0.00851755
3565 	 2485 	 0.857343 	 0.00407904	0.00852185
3565 	 2490 	 0.857348 	 0.00408109	0.00852614
3565 	 2495 	 0.857352 	 0.00408314	0.00853041
3565 	 2500 	 0.857356 	 0.00408518	0.00853468
3565 	 2505 	 0.857361 	 0.00408721	0.00853893
3565 	 2510 	 0.857365 	 0.00408924	0.00854318
3565 	 2515 	 0.857369 	 0.00409127	0.00854741
3565 	 2520 	 0.857374 	 0.00409329	0.00855163
3565 	 2525 	 0.857378 	 0.00409531	0.00855584
3565 	 2530 	 0.857382 	 0.00409731	0.00856004
3565 	 2535 	 0.857387 	 0.00409932	0.00856422
3565 	 2540 	 0.857391 	 0.00410132	0.0085684
3565 	 2545 	 0.857395 	 0.00410331	0.00857257
3565 	 2550 	 0.857399 	 0.0041053	0.00857672
3565 	 2555 	 0.857404 	 0.00410728	0.00858086
3565 	 2560 	 0.857408 	 0.00410926	0.008585
3565 	 2565 	 0.857412 	 0.00411123	0.00858912
3565 	 2570 	 0.857416 	 0.0041132	0.00859323
3565 	 2575 	 0.85742 	 0.00411516	0.00859733
3565 	 2580 	 0.857424 	 0.00411712	0.00860142
3565 	 2585 	 0.857428 	 0.00411907	0.0086055
3565 	 2590 	 0.857433 	 0.00412102	0.00860956
3565 	 2595 	 0.857437 	 0.00412296	0.00861362
3565 	 2600 	 0.857441 	 0.0041249	0.00861767
3565 	 2605 	 0.857445 	 0.00412683	0.00862171
3565 	 2610 	 0.857449 	 0.00412876	0.00862573
3565 	 2615 	 0.857453 	 0.00413068	0.00862975
3565 	 2620 	 0.857457 	 0.0041326	0.00863375
3565 	 2625 	 0.857461 	 0.00413451	0.00863775
3565 	 2630 	 0.857465 	 0.00413642	0.00864173
3565 	 2635 	 0.857469 	 0.00413832	0.00864571
3565 	 2640 	 0.857473 	 0.00414022	0.00864967
3565 	 2645 	 0.857477 	 0.00414211	0.00865363
3565 	 2650 	 0.857481 	 0.004144	0.00865757
3565 	 2655 	 0.857485 	 0.00414588	0.00866151
3565 	 2660 	 0.857489 	 0.00414776	0.00866543
3565 	 2665 	 0.857492 	 0.00414964	0.00866935
3565 	 2670 	 0.857496 	 0.00415151	0.00867325
3565 	 2675 	 0.8575 	 0.00415337	0.00867715
3565 	 2680 	 0.857504 	 0.00415523	0.00868103
3565 	 2685 	 0.857508 	 0.00415708	0.00868491
3565 	 2690 	 0.857512 	 0.00415893	0.00868877
3565 	 2695 	 0.857515 	 0.00416078	0.00869263
3565 	 2700 	 0.857519 	 0.00416262	0.00869647
3565 	 2705 	 0.857523 	 0.00416446	0.00870031
3565 	 2710 	 0.857527 	 0.00416629	0.00870414
3565 	 2715 	 0.857531 	 0.00416812	0.00870795
3565 	 2720 	 0.857534 	 0.00416994	0.00871176
3565 	 2725 	 0.857538 	 0.00417176	0.00871556
3565 	 2730 	 0.857542 	 0.00417357	0.00871935
3565 	 2735 	 0.857546 	 0.00417538	0.00872313
3565 	 2740 	 0.857549 	 0.00417718	0.0087269
3565 	 2745 	 0.857553 	 0.00417898	0.00873066
3565 	 2750 	 0.857557 	 0.00418078	0.00873441
3565 	 2755 	 0.85756 	 0.00418257	0.00873815
3565 	 2760 	 0.857564 	 0.00418436	0.00874188
3565 	 2765 	 0.857568 	 0.00418614	0.00874561
3565 	 2770 	 0.857571 	 0.00418792	0.00874932
3565 	 2775 	 0.857575 	 0.00418969	0.00875303
3565 	 2780 	 0.857578 	 0.00419146	0.00875672
3565 	 2785 	 0.857582 	 0.00419322	0.00876041
3565 	 2790 	 0.857586 	 0.00419499	0.00876409
3565 	 2795 	 0.857589 	 0.00419674	0.00876776
3565 	 2800 	 0.857593 	 0.00419849	0.00877142
3565 	 2805 	 0.857596 	 0.00420024	0.00877507
3565 	 2810 	 0.8576 	 0.00420198	0.00877871
3565 	 2815 	 0.857603 	 0.00420372	0.00878234
3565 	 2820 	 0.857607 	 0.00420546	0.00878597
3565 	 2825 	 0.85761 	 0.00420719	0.00878959
3565 	 2830 	 0.857614 	 0.00420892	0.00879319
3565 	 2835 	 0.857617 	 0.00421064	0.00879679
3565 	 2840 	 0.857621 	 0.00421236	0.00880038
3565 	 2845 	 0.857624 	 0.00421407	0.00880396
3565 	 2850 	 0.857628 	 0.00421578	0.00880754
3565 	 2855 	 0.857631 	 0.00421749	0.0088111
3565 	 2860 	 0.857634 	 0.00421919	0.00881466
3565 	 2865 	 0.857638 	 0.00422089	0.0088182
3565 	 2870 	 0.857641 	 0.00422258	0.00882174
3565 	 2875 	 0.857645 	 0.00422427	0.00882527
3565 	 2880 	 0.857648 	 0.00422596	0.00882879
3565 	 2885 	 0.857651 	 0.00422764	0.00883231
3565 	 2890 	 0.857655 	 0.00422932	0.00883581
3565 	 2895 	 0.857658 	 0.00423099	0.00883931
3565 	 2900 	 0.857661 	 0.00423266	0.0088428
3565 	 2905 	 0.857665 	 0.00423433	0.00884628
3565 	 2910 	 0.857668 	 0.00423599	0.00884975
3565 	 2915 	 0.857671 	 0.00423765	0.00885321
3565 	 2920 	 0.857675 	 0.0042393	0.00885667
3565 	 2925 	 0.857678 	 0.00424095	0.00886012
3565 	 2930 	 0.857681 	 0.0042426	0.00886356
3565 	 2935 	 0.857684 	 0.00424424	0.00886699
3565 	 2940 	 0.857688 	 0.00424588	0.00887041
3565 	 2945 	 0.857691 	 0.00424751	0.00887383
3565 	 2950 	 0.857694 	 0.00424914	0.00887723
3565 	 2955 	 0.857697 	 0.00425077	0.00888063
3565 	 2960 	 0.8577 	 0.00425239	0.00888402
3565 	 2965 	 0.857704 	 0.00425401	0.00888741
3565 	 2970 	 0.857707 	 0.00425563	0.00889078
3565 	 2975 	 0.85771 	 0.00425724	0.00889415
3565 	 2980 	 0.857713 	 0.00425885	0.00889751
3565 	 2985 	 0.857716 	 0.00426045	0.00890086
3565 	 2990 	 0.857719 	 0.00426205	0.00890421
3565 	 2995 	 0.857723 	 0.00426365	0.00890755
3565 	 3000 	 0.857726 	 0.00426525	0.00891088
3565 	 3005 	 0.857729 	 0.00426684	0.0089142
3565 	 3010 	 0.857732 	 0.00426842	0.00891751
3565 	 3015 	 0.857735 	 0.00427	0.00892082
3565 	 3020 	 0.857738 	 0.00427158	0.00892412
3565 	 3025 	 0.857741 	 0.00427316	0.00892741
3565 	 3030 	 0.857744 	 0.00427473	0.00893069
3565 	 3035 	 0.857747 	 0.0042763	0.00893397
3565 	 3040 	 0.85775 	 0.00427786	0.00893724
3565 	 3045 	 0.857753 	 0.00427942	0.0089405
3565 	 3050 	 0.857756 	 0.00428098	0.00894375
3565 	 3055 	 0.85776 	 0.00428254	0.008947
3565 	 3060 	 0.857763 	 0.00428409	0.00895024
3565 	 3065 	 0.857766 	 0.00428563	0.00895347
3565 	 3070 	 0.857769 	 0.00428718	0.00895669
3565 	 3075 	 0.857772 	 0.00428872	0.00895991
3565 	 3080 	 0.857774 	 0.00429025	0.00896312
3565 	 3085 	 0.857777 	 0.00429179	0.00896632
3565 	 3090 	 0.85778 	 0.00429332	0.00896952
3565 	 3095 	 0.857783 	 0.00429484	0.00897271
3565 	 3100 	 0.857786 	 0.00429637	0.00897589
3565 	 3105 	 0.857789 	 0.00429788	0.00897906
3565 	 3110 	 0.857792 	 0.0042994	0.00898223
3565 	 3115 	 0.857795 	 0.00430091	0.00898539
3565 	 3120 	 0.857798 	 0.00430242	0.00898855
3565 	 3125 	 0.857801 	 0.00430393	0.00899169
3565 	 3130 	 0.857804 	 0.00430543	0.00899483
3565 	 3135 	 0.857807 	 0.00430693	0.00899796
3565 	 3140 	 0.85781 	 0.00430843	0.00900109
3565 	 3145 	 0.857812 	 0.00430992	0.00900421
3565 	 3150 	 0.857815 	 0.00431141	0.00900732
3565 	 3155 	 0.857818 	 0.00431289	0.00901042
3565 	 3160 	 0.857821 	 0.00431438	0.00901352
3565 	 3165 	 0.857824 	 0.00431586	0.00901661
3565 	 3170 	 0.857827 	 0.00431733	0.00901969
3565 	 3175 	 0.857829 	 0.00431881	0.00902277
3565 	 3180 	 0.857832 	 0.00432028	0.00902584
3565 	 3185 	 0.857835 	 0.00432174	0.00902891
3565 	 3190 	 0.857838 	 0.00432321	0.00903196
3565 	 3195 	 0.857841 	 0.00432467	0.00903501
3565 	 3200 	 0.857843 	 0.00432612	0.00903806
3565 	 3205 	 0.857846 	 0.00432758	0.00904109
3565 	 3210 	 0.857849 	 0.00432903	0.00904413
3565 	 3215 	 0.857852 	 0.00433047	0.00904715
3565 	 3220 	 0.857854 	 0.00433192	0.00905017
3565 	 3225 	 0.857857 	 0.00433336	0.00905318
3565 	 3230 	 0.85786 	 0.0043348	0.00905618
3565 	 3235 	 0.857863 	 0.00433623	0.00905918
3565 	 3240 	 0.857865 	 0.00433766	0.00906217
3565 	 3245 	 0.857868 	 0.00433909	0.00906516
3565 	 3250 	 0.857871 	 0.00434052	0.00906813
3565 	 3255 	 0.857873 	 0.00434194	0.00907111
3565 	 3260 	 0.857876 	 0.00434336	0.00907407
3565 	 3265 	 0.857879 	 0.00434478	0.00907703
3565 	 3270 	 0.857881 	 0.00434619	0.00907998
3565 	 3275 	 0.857884 	 0.0043476	0.00908293
3565 	 3280 	 0.857887 	 0.00434901	0.00908587
3565 	 3285 	 0.857889 	 0.00435041	0.00908881
3565 	 3290 	 0.857892 	 0.00435181	0.00909173
3565 	 3295 	 0.857895 	 0.00435321	0.00909466
3565 	 3300 	 0.857897 	 0.00435461	0.00909757
3565 	 3305 	 0.8579 	 0.004356	0.00910048
3565 	 3310 	 0.857902 	 0.00435739	0.00910338
3565 	 3315 	 0.857905 	 0.00435878	0.00910628
3565 	 3320 	 0.857908 	 0.00436016	0.00910917
3565 	 3325 	 0.85791 	 0.00436154	0.00911206
3565 	 3330 	 0.857913 	 0.00436292	0.00911494
3565 	 3335 	 0.857915 	 0.0043643	0.00911781
3565 	 3340 	 0.857918 	 0.00436567	0.00912067
3565 	 3345 	 0.85792 	 0.00436704	0.00912354
3565 	 3350 	 0.857923 	 0.0043684	0.00912639
3565 	 3355 	 0.857926 	 0.00436977	0.00912924
3565 	 3360 	 0.857928 	 0.00437113	0.00913208
3565 	 3365 	 0.857931 	 0.00437248	0.00913492
3565 	 3370 	 0.857933 	 0.00437384	0.00913775
3565 	 3375 	 0.857936 	 0.00437519	0.00914057
3565 	 3380 	 0.857938 	 0.00437654	0.00914339
3565 	 3385 	 0.857941 	 0.00437789	0.00914621
3565 	 3390 	 0.857943 	 0.00437923	0.00914901
3565 	 3395 	 0.857946 	 0.00438057	0.00915181
3565 	 3400 	 0.857948 	 0.00438191	0.00915461
3565 	 3405 	 0.857951 	 0.00438325	0.0091574
3565 	 3410 	 0.857953 	 0.00438458	0.00916018
3565 	 3415 	 0.857956 	 0.00438591	0.00916296
3565 	 3420 	 0.857958 	 0.00438724	0.00916573
3565 	 3425 	 0.85796 	 0.00438856	0.0091685
3565 	 3430 	 0.857963 	 0.00438988	0.00917126
3565 	 3435 	 0.857965 	 0.0043912	0.00917402
3565 	 3440 	 0.857968 	 0.00439252	0.00917677
3565 	 3445 	 0.85797 	 0.00439383	0.00917951
3565 	 3450 	 0.857973 	 0.00439514	0.00918225
3565 	 3455 	 0.857975 	 0.00439645	0.00918498
3565 	 3460 	 0.857977 	 0.00439776	0.00918771
3565 	 3465 	 0.85798 	 0.00439906	0.00919043
3565 	 3470 	 0.857982 	 0.00440036	0.00919315
3565 	 3475 	 0.857985 	 0.00440166	0.00919586
3565 	 3480 	 0.857987 	 0.00440295	0.00919857
3565 	 3485 	 0.857989 	 0.00440424	0.00920127
3565 	 3490 	 0.857992 	 0.00440553	0.00920396
3565 	 3495 	 0.857994 	 0.00440682	0.00920665
3565 	 3500 	 0.857996 	 0.0044081	0.00920933
3565 	 3505 	 0.857999 	 0.00440939	0.00921201
3565 	 3510 	 0.858001 	 0.00441067	0.00921468
3565 	 3515 	 0.858003 	 0.00441194	0.00921735
3565 	 3520 	 0.858006 	 0.00441322	0.00922001
3565 	 3525 	 0.858008 	 0.00441449	0.00922267
3565 	 3530 	 0.85801 	 0.00441576	0.00922532
3565 	 3535 	 0.858013 	 0.00441702	0.00922797
3565 	 3540 	 0.858015 	 0.00441829	0.00923061
3565 	 3545 	 0.858017 	 0.00441955	0.00923324
3565 	 3550 	 0.85802 	 0.00442081	0.00923587
3565 	 3555 	 0.858022 	 0.00442207	0.0092385
3565 	 3560 	 0.858024 	 0.00442332	0.00924112
3565 	 3565 	 0.858026 	 0.00442457	0.00924373
3565 	 3570 	 0.858029 	 0.00442582	0.00924634
3565 	 3575 	 0.858031 	 0.00442707	0.00924895
3565 	 3580 	 0.858033 	 0.00442831	0.00925155
3565 	 3585 	 0.858035 	 0.00442955	0.00925414
3565 	 3590 	 0.858038 	 0.00443079	0.00925673
3565 	 3595 	 0.85804 	 0.00443203	0.00925931
3565 	 3600 	 0.858042 	 0.00443326	0.00926189
3565 	 3605 	 0.858044 	 0.00443449	0.00926446
3565 	 3610 	 0.858047 	 0.00443572	0.00926703
3565 	 3615 	 0.858049 	 0.00443695	0.0092696
3565 	 3620 	 0.858051 	 0.00443817	0.00927215
3565 	 3625 	 0.858053 	 0.0044394	0.00927471
3565 	 3630 	 0.858055 	 0.00444062	0.00927726
3565 	 3635 	 0.858058 	 0.00444183	0.0092798
3565 	 3640 	 0.85806 	 0.00444305	0.00928234
3565 	 3645 	 0.858062 	 0.00444426	0.00928487
3565 	 3650 	 0.858064 	 0.00444547	0.0092874
3565 	 3655 	 0.858066 	 0.00444668	0.00928992
3565 	 3660 	 0.858068 	 0.00444789	0.00929244
3565 	 3665 	 0.858071 	 0.00444909	0.00929496
3565 	 3670 	 0.858073 	 0.00445029	0.00929746
3565 	 3675 	 0.858075 	 0.00445149	0.00929997
3565 	 3680 	 0.858077 	 0.00445268	0.00930247
3565 	 3685 	 0.858079 	 0.00445388	0.00930496
3565 	 3690 	 0.858081 	 0.00445507	0.00930745
3565 	 3695 	 0.858083 	 0.00445626	0.00930994
3565 	 3700 	 0.858086 	 0.00445745	0.00931242
3565 	 3705 	 0.858088 	 0.00445863	0.00931489
3565 	 3710 	 0.85809 	 0.00445981	0.00931736
3565 	 3715 	 0.858092 	 0.00446099	0.00931983
3565 	 3720 	 0.858094 	 0.00446217	0.00932229
3565 	 3725 	 0.858096 	 0.00446335	0.00932475
3565 	 3730 	 0.858098 	 0.00446452	0.0093272
3565 	 3735 	 0.8581 	 0.00446569	0.00932964
3565 	 3740 	 0.858102 	 0.00446686	0.00933209
3565 	 3745 	 0.858104 	 0.00446803	0.00933452
3565 	 3750 	 0.858107 	 0.00446919	0.00933696
3565 	 3755 	 0.858109 	 0.00447035	0.00933938
3565 	 3760 	 0.858111 	 0.00447151	0.00934181
3565 	 3765 	 0.858113 	 0.00447267	0.00934423
3565 	 3770 	 0.858115 	 0.00447383	0.00934664
3565 	 3775 	 0.858117 	 0.00447498	0.00934905
3565 	 3780 	 0.858119 	 0.00447613	0.00935146
3565 	 3785 	 0.858121 	 0.00447728	0.00935386
3565 	 3790 	 0.858123 	 0.00447843	0.00935625
3565 	 3795 	 0.858125 	 0.00447957	0.00935865
3565 	 3800 	 0.858127 	 0.00448072	0.00936103
3565 	 3805 	 0.858129 	 0.00448186	0.00936342
3565 	 3810 	 0.858131 	 0.004483	0.00936579
3565 	 3815 	 0.858133 	 0.00448413	0.00936817
3565 	 3820 	 0.858135 	 0.00448527	0.00937054
3565 	 3825 	 0.858137 	 0.0044864	0.0093729
3565 	 3830 	 0.858139 	 0.00448753	0.00937526
3565 	 3835 	 0.858141 	 0.00448866	0.00937762
3565 	 3840 	 0.858143 	 0.00448978	0.00937997
3565 	 3845 	 0.858145 	 0.0044909	0.00938232
3565 	 3850 	 0.858147 	 0.00449203	0.00938466
3565 	 3855 	 0.858149 	 0.00449315	0.009387
3565 	 3860 	 0.858151 	 0.00449426	0.00938933
3565 	 3865 	 0.858153 	 0.00449538	0.00939166
3565 	 3870 	 0.858155 	 0.00449649	0.00939399
3565 	 3875 	 0.858157 	 0.0044976	0.00939631
3565 	 3880 	 0.858159 	 0.00449871	0.00939863
3565 	 3885 	 0.858161 	 0.00449982	0.00940094
3565 	 3890 	 0.858162 	 0.00450092	0.00940325
3565 	 3895 	 0.858164 	 0.00450203	0.00940555
3565 	 3900 	 0.858166 	 0.00450313	0.00940785
3565 	 3905 	 0.858168 	 0.00450423	0.00941015
3565 	 3910 	 0.85817 	 0.00450532	0.00941244
3565 	 3915 	 0.858172 	 0.00450642	0.00941473
3565 	 3920 	 0.858174 	 0.00450751	0.00941701
3565 	 3925 	 0.858176 	 0.0045086	0.00941929
3565 	 3930 	 0.858178 	 0.00450969	0.00942157
3565 	 3935 	 0.85818 	 0.00451078	0.00942384
3565 	 3940 	 0.858182 	 0.00451186	0.0094261
3565 	 3945 	 0.858183 	 0.00451295	0.00942837
3565 	 3950 	 0.858185 	 0.00451403	0.00943063
3565 	 3955 	 0.858187 	 0.00451511	0.00943288
3565 	 3960 	 0.858189 	 0.00451618	0.00943513
3565 	 3965 	 0.858191 	 0.00451726	0.00943738
3565 	 3970 	 0.858193 	 0.00451833	0.00943962
3565 	 3975 	 0.858195 	 0.0045194	0.00944186
3565 	 3980 	 0.858197 	 0.00452047	0.00944409
3565 	 3985 	 0.858198 	 0.00452154	0.00944632
3565 	 3990 	 0.8582 	 0.0045226	0.00944855
3565 	 3995 	 0.858202 	 0.00452367	0.00945077
3565 	 4000 	 0.858204 	 0.00452473	0.00945299
3565 	 4005 	 0.858206 	 0.00452579	0.0094552
3565 	 4010 	 0.858208 	 0.00452685	0.00945741
3565 	 4015 	 0.858209 	 0.0045279	0.00945962
3565 	 4020 	 0.858211 	 0.00452896	0.00946182
3565 	 4025 	 0.858213 	 0.00453001	0.00946402
3565 	 4030 	 0.858215 	 0.00453106	0.00946621
3565 	 4035 	 0.858217 	 0.00453211	0.0094684
3565 	 4040 	 0.858218 	 0.00453315	0.00947059
3565 	 4045 	 0.85822 	 0.0045342	0.00947277
3565 	 4050 	 0.858222 	 0.00453524	0.00947495
3565 	 4055 	 0.858224 	 0.00453628	0.00947712
3565 	 4060 	 0.858226 	 0.00453732	0.00947929
3565 	 4065 	 0.858227 	 0.00453836	0.00948146
3565 	 4070 	 0.858229 	 0.00453939	0.00948362
3565 	 4075 	 0.858231 	 0.00454043	0.00948578
3565 	 4080 	 0.858233 	 0.00454146	0.00948794
3565 	 4085 	 0.858235 	 0.00454249	0.00949009
3565 	 4090 	 0.858236 	 0.00454352	0.00949224
3565 	 4095 	 0.858238 	 0.00454454	0.00949438
3565 	 4100 	 0.85824 	 0.00454557	0.00949652
3565 	 4105 	 0.858242 	 0.00454659	0.00949866
3565 	 4110 	 0.858243 	 0.00454761	0.00950079
3565 	 4115 	 0.858245 	 0.00454863	0.00950292
3565 	 4120 	 0.858247 	 0.00454965	0.00950505
3565 	 4125 	 0.858249 	 0.00455066	0.00950717
3565 	 4130 	 0.85825 	 0.00455168	0.00950929
3565 	 4135 	 0.858252 	 0.00455269	0.0095114
3565 	 4140 	 0.858254 	 0.0045537	0.00951351
3565 	 4145 	 0.858255 	 0.00455471	0.00951562
3565 	 4150 	 0.858257 	 0.00455572	0.00951772
3565 	 4155 	 0.858259 	 0.00455672	0.00951982
3565 	 4160 	 0.858261 	 0.00455772	0.00952192
3565 	 4165 	 0.858262 	 0.00455873	0.00952401
3565 	 4170 	 0.858264 	 0.00455972	0.0095261
3565 	 4175 	 0.858266 	 0.00456072	0.00952818
3565 	 4180 	 0.858267 	 0.00456172	0.00953026
3565 	 4185 	 0.858269 	 0.00456271	0.00953234
3565 	 4190 	 0.858271 	 0.00456371	0.00953441
3565 	 4195 	 0.858272 	 0.0045647	0.00953649
3565 	 4200 	 0.858274 	 0.00456569	0.00953855
3565 	 4205 	 0.858276 	 0.00456667	0.00954062
3565 	 4210 	 0.858277 	 0.00456766	0.00954268
3565 	 4215 	 0.858279 	 0.00456865	0.00954473
3565 	 4220 	 0.858281 	 0.00456963	0.00954679
3565 	 4225 	 0.858282 	 0.00457061	0.00954883
3565 	 4230 	 0.858284 	 0.00457159	0.00955088
3565 	 4235 	 0.858286 	 0.00457257	0.00955292
3565 	 4240 	 0.858287 	 0.00457354	0.00955496
3565 	 4245 	 0.858289 	 0.00457452	0.009557
3565 	 4250 	 0.858291 	 0.00457549	0.00955903
3565 	 4255 	 0.858292 	 0.00457646	0.00956106
3565 	 4260 	 0.858294 	 0.00457743	0.00956308
3565 	 4265 	 0.858296 	 0.0045784	0.0095651
3565 	 4270 	 0.858297 	 0.00457936	0.00956712
3565 	 4275 	 0.858299 	 0.00458033	0.00956914
3565 	 4280 	 0.8583 	 0.00458129	0.00957115
3565 	 4285 	 0.858302 	 0.00458225	0.00957316
3565 	 4290 	 0.858304 	 0.00458321	0.00957516
3565 	 4295 	 0.858305 	 0.00458417	0.00957716
3565 	 4300 	 0.858307 	 0.00458512	0.00957916
3565 	 4305 	 0.858308 	 0.00458608	0.00958115
3565 	 4310 	 0.85831 	 0.00458703	0.00958314
3565 	 4315 	 0.858312 	 0.00458798	0.00958513
3565 	 4320 	 0.858313 	 0.00458893	0.00958712
3565 	 4325 	 0.858315 	 0.00458988	0.0095891
3565 	 4330 	 0.858316 	 0.00459083	0.00959108
3565 	 4335 	 0.858318 	 0.00459177	0.00959305
3565 	 4340 	 0.85832 	 0.00459272	0.00959502
3565 	 4345 	 0.858321 	 0.00459366	0.00959699
3565 	 4350 	 0.858323 	 0.0045946	0.00959895
3565 	 4355 	 0.858324 	 0.00459554	0.00960091
3565 	 4360 	 0.858326 	 0.00459647	0.00960287
3565 	 4365 	 0.858327 	 0.00459741	0.00960483
3565 	 4370 	 0.858329 	 0.00459834	0.00960678
3565 	 4375 	 0.858331 	 0.00459928	0.00960873
3565 	 4380 	 0.858332 	 0.00460021	0.00961067
3565 	 4385 	 0.858334 	 0.00460114	0.00961261
3565 	 4390 	 0.858335 	 0.00460206	0.00961455
3565 	 4395 	 0.858337 	 0.00460299	0.00961649
3565 	 4400 	 0.858338 	 0.00460392	0.00961842
3565 	 4405 	 0.85834 	 0.00460484	0.00962035
3565 	 4410 	 0.858341 	 0.00460576	0.00962227
3565 	 4415 	 0.858343 	 0.00460668	0.0096242
3565 	 4420 	 0.858344 	 0.0046076	0.00962612
3565 	 4425 	 0.858346 	 0.00460852	0.00962803
3565 	 4430 	 0.858348 	 0.00460943	0.00962994
3565 	 4435 	 0.858349 	 0.00461035	0.00963185
3565 	 4440 	 0.858351 	 0.00461126	0.00963376
3565 	 4445 	 0.858352 	 0.00461217	0.00963567
3565 	 4450 	 0.858354 	 0.00461308	0.00963757
3565 	 4455 	 0.858355 	 0.00461399	0.00963946
3565 	 4460 	 0.858357 	 0.0046149	0.00964136
3565 	 4465 	 0.858358 	 0.0046158	0.00964325
3565 	 4470 	 0.85836 	 0.0046167	0.00964514
3565 	 4475 	 0.858361 	 0.00461761	0.00964702
3565 	 4480 	 0.858363 	 0.00461851	0.0096489
3565 	 4485 	 0.858364 	 0.00461941	0.00965078
3565 	 4490 	 0.858366 	 0.00462031	0.00965266
3565 	 4495 	 0.858367 	 0.0046212	0.00965453
3565 	 4500 	 0.858368 	 0.0046221	0.0096564
3565 	 4505 	 0.85837 	 0.00462299	0.00965827
3565 	 4510 	 0.858371 	 0.00462388	0.00966013
3565 	 4515 	 0.858373 	 0.00462477	0.00966199
3565 	 4520 	 0.858374 	 0.00462566	0.00966385
3565 	 4525 	 0.858376 	 0.00462655	0.00966571
3565 	 4530 	 0.858377 	 0.00462744	0.00966756
3565 	 4535 	 0.858379 	 0.00462832	0.00966941
3565 	 4540 	 0.85838 	 0.0046292	0.00967125
3565 	 4545 	 0.858382 	 0.00463009	0.0096731
3565 	 4550 	 0.858383 	 0.00463097	0.00967494
3565 	 4555 	 0.858385 	 0.00463185	0.00967677
3565 	 4560 	 0.858386 	 0.00463272	0.00967861
3565 	 4565 	 0.858387 	 0.0046336	0.00968044
3565 	 4570 	 0.858389 	 0.00463448	0.00968227
3565 	 4575 	 0.85839 	 0.00463535	0.00968409
3565 	 4580 	 0.858392 	 0.00463622	0.00968591
3565 	 4585 	 0.858393 	 0.00463709	0.00968773
3565 	 4590 	 0.858395 	 0.00463796	0.00968955
3565 	 4595 	 0.858396 	 0.00463883	0.00969136
3565 	 4600 	 0.858397 	 0.0046397	0.00969317
3565 	 4605 	 0.858399 	 0.00464056	0.00969498
3565 	 4610 	 0.8584 	 0.00464143	0.00969679
3565 	 4615 	 0.858402 	 0.00464229	0.00969859
3565 	 4620 	 0.858403 	 0.00464315	0.00970039
3565 	 4625 	 0.858404 	 0.00464401	0.00970218
3565 	 4630 	 0.858406 	 0.00464487	0.00970398
3565 	 4635 	 0.858407 	 0.00464573	0.00970577
3565 	 4640 	 0.858409 	 0.00464658	0.00970756
3565 	 4645 	 0.85841 	 0.00464744	0.00970934
3565 	 4650 	 0.858411 	 0.00464829	0.00971112
3565 	 4655 	 0.858413 	 0.00464914	0.0097129
3565 	 4660 	 0.858414 	 0.00464999	0.00971468
3565 	 4665 	 0.858416 	 0.00465084	0.00971646
3565 	 4670 	 0.858417 	 0.00465169	0.00971823
3565 	 4675 	 0.858418 	 0.00465254	0.00971999
3565 	 4680 	 0.85842 	 0.00465338	0.00972176
3565 	 4685 	 0.858421 	 0.00465422	0.00972352
3565 	 4690 	 0.858422 	 0.00465507	0.00972528
3565 	 4695 	 0.858424 	 0.00465591	0.00972704
3565 	 4700 	 0.858425 	 0.00465675	0.0097288
3565 	 4705 	 0.858427 	 0.00465759	0.00973055
3565 	 4710 	 0.858428 	 0.00465842	0.0097323
3565 	 4715 	 0.858429 	 0.00465926	0.00973404
3565 	 4720 	 0.858431 	 0.00466009	0.00973579
3565 	 4725 	 0.858432 	 0.00466093	0.00973753
3565 	 4730 	 0.858433 	 0.00466176	0.00973927
3565 	 4735 	 0.858435 	 0.00466259	0.009741
3565 	 4740 	 0.858436 	 0.00466342	0.00974273
3565 	 4745 	 0.858437 	 0.00466425	0.00974447
3565 	 4750 	 0.858439 	 0.00466508	0.00974619
3565 	 4755 	 0.85844 	 0.0046659	0.00974792
3565 	 4760 	 0.858441 	 0.00466673	0.00974964
3565 	 4765 	 0.858443 	 0.00466755	0.00975136
3565 	 4770 	 0.858444 	 0.00466837	0.00975308
3565 	 4775 	 0.858445 	 0.00466919	0.00975479
3565 	 4780 	 0.858447 	 0.00467001	0.0097565
3565 	 4785 	 0.858448 	 0.00467083	0.00975821
3565 	 4790 	 0.858449 	 0.00467165	0.00975992
3565 	 4795 	 0.858451 	 0.00467246	0.00976162
3565 	 4800 	 0.858452 	 0.00467328	0.00976332
3565 	 4805 	 0.858453 	 0.00467409	0.00976502
3565 	 4810 	 0.858455 	 0.0046749	0.00976672
3565 	 4815 	 0.858456 	 0.00467571	0.00976841
3565 	 4820 	 0.858457 	 0.00467652	0.0097701
3565 	 4825 	 0.858458 	 0.00467733	0.00977179
3565 	 4830 	 0.85846 	 0.00467814	0.00977348
3565 	 4835 	 0.858461 	 0.00467894	0.00977516
3565 	 4840 	 0.858462 	 0.00467975	0.00977684
3565 	 4845 	 0.858464 	 0.00468055	0.00977852
3565 	 4850 	 0.858465 	 0.00468135	0.00978019
3565 	 4855 	 0.858466 	 0.00468215	0.00978187
3565 	 4860 	 0.858467 	 0.00468295	0.00978354
3565 	 4865 	 0.858469 	 0.00468375	0.00978521
3565 	 4870 	 0.85847 	 0.00468455	0.00978687
3565 	 4875 	 0.858471 	 0.00468534	0.00978853
3565 	 4880 	 0.858473 	 0.00468614	0.0097902
3565 	 4885 	 0.858474 	 0.00468693	0.00979185
3565 	 4890 	 0.858475 	 0.00468772	0.00979351
3565 	 4895 	 0.858476 	 0.00468851	0.00979516
3565 	 4900 	 0.858478 	 0.0046893	0.00979681
3565 	 4905 	 0.858479 	 0.00469009	0.00979846
3565 	 4910 	 0.85848 	 0.00469088	0.00980011
3565 	 4915 	 0.858481 	 0.00469167	0.00980175
3565 	 4920 	 0.858483 	 0.00469245	0.00980339
3565 	 4925 	 0.858484 	 0.00469324	0.00980503
3565 	 4930 	 0.858485 	 0.00469402	0.00980666
3565 	 4935 	 0.858486 	 0.0046948	0.0098083
3565 	 4940 	 0.858488 	 0.00469558	0.00980993
3565 	 4945 	 0.858489 	 0.00469636	0.00981156
3565 	 4950 	 0.85849 	 0.00469714	0.00981318
3565 	 4955 	 0.858491 	 0.00469792	0.00981481
3565 	 4960 	 0.858493 	 0.00469869	0.00981643
3565 	 4965 	 0.858494 	 0.00469947	0.00981805
3565 	 4970 	 0.858495 	 0.00470024	0.00981966
3565 	 4975 	 0.858496 	 0.00470101	0.00982128
3565 	 4980 	 0.858498 	 0.00470179	0.00982289
3565 	 4985 	 0.858499 	 0.00470256	0.0098245
3565 	 4990 	 0.8585 	 0.00470333	0.0098261
3565 	 4995 	 0.858501 	 0.00470409	0.00982771
3565 	 5000 	 0.858502 	 0.00470486	0.00982931
