105 	 5 	 0.704901 	 0.00604782	0.012635
105 	 10 	 0.705482 	 0.00566711	0.0118396
105 	 15 	 0.706582 	 0.00507563	0.0106039
105 	 20 	 0.708624 	 0.00425096	0.00888102
105 	 25 	 0.712293 	 0.0033525	0.00700397
105 	 30 	 0.718506 	 0.00286931	0.0059945
105 	 35 	 0.728049 	 0.00288868	0.00603498
105 	 40 	 0.740707 	 0.00253808	0.00530251
105 	 45 	 0.75557 	 0.00248034	0.00518188
105 	 50 	 0.769285 	 0.00211381	0.00441613
105 	 55 	 0.779628 	 0.00162671	0.00339849
105 	 60 	 0.786608 	 0.00106275	0.00222027
105 	 65 	 0.791082 	 0.000848186	0.00177202
105 	 70 	 0.793963 	 0.0010629	0.00222059
105 	 75 	 0.795912 	 0.00133308	0.00278504
105 	 80 	 0.797337 	 0.00153525	0.00320741
105 	 85 	 0.798465 	 0.00167557	0.00350058
105 	 90 	 0.799422 	 0.00177725	0.00371299
105 	 95 	 0.800276 	 0.00185738	0.00388041
105 	 100 	 0.801062 	 0.00192544	0.00402259
105 	 105 	 0.801799 	 0.00198573	0.00414855
105 	 110 	 0.802499 	 0.00203986	0.00426165
105 	 115 	 0.803167 	 0.00208829	0.00436281
105 	 120 	 0.803807 	 0.00213106	0.00445217
105 	 125 	 0.804421 	 0.00216824	0.00452985
105 	 130 	 0.805012 	 0.00219998	0.00459616
105 	 135 	 0.80558 	 0.00222652	0.00465161
105 	 140 	 0.806127 	 0.00224821	0.00469692
105 	 145 	 0.806654 	 0.00226544	0.00473291
105 	 150 	 0.807161 	 0.00227861	0.00476043
105 	 155 	 0.80765 	 0.00228814	0.00478034
105 	 160 	 0.808121 	 0.00229443	0.00479347
105 	 165 	 0.808576 	 0.00229785	0.00480062
105 	 170 	 0.809014 	 0.00229875	0.0048025
105 	 175 	 0.809437 	 0.00229745	0.00479978
105 	 180 	 0.809846 	 0.00229423	0.00479305
105 	 185 	 0.81024 	 0.00228934	0.00478285
105 	 190 	 0.810621 	 0.00228302	0.00476965
105 	 195 	 0.810989 	 0.00227547	0.00475386
105 	 200 	 0.811345 	 0.00226685	0.00473587
105 	 205 	 0.811689 	 0.00225734	0.00471598
105 	 210 	 0.812022 	 0.00224705	0.0046945
105 	 215 	 0.812344 	 0.00223612	0.00467166
105 	 220 	 0.812656 	 0.00222464	0.00464768
105 	 225 	 0.812958 	 0.00221271	0.00462275
105 	 230 	 0.813251 	 0.0022004	0.00459703
105 	 235 	 0.813535 	 0.00218778	0.00457068
105 	 240 	 0.81381 	 0.00217492	0.0045438
105 	 245 	 0.814076 	 0.00216186	0.00451652
105 	 250 	 0.814335 	 0.00214865	0.00448892
105 	 255 	 0.814586 	 0.00213533	0.00446109
105 	 260 	 0.81483 	 0.00212193	0.0044331
105 	 265 	 0.815067 	 0.00210849	0.00440502
105 	 270 	 0.815297 	 0.00209502	0.00437689
105 	 275 	 0.815521 	 0.00208156	0.00434876
105 	 280 	 0.815738 	 0.00206812	0.00432068
105 	 285 	 0.81595 	 0.00205472	0.00429268
105 	 290 	 0.816156 	 0.00204137	0.0042648
105 	 295 	 0.816356 	 0.00202809	0.00423706
105 	 300 	 0.816551 	 0.0020149	0.00420948
105 	 305 	 0.816741 	 0.00200179	0.0041821
105 	 310 	 0.816925 	 0.00198878	0.00415492
105 	 315 	 0.817106 	 0.00197588	0.00412797
105 	 320 	 0.817281 	 0.00196309	0.00410126
105 	 325 	 0.817452 	 0.00195043	0.0040748
105 	 330 	 0.817619 	 0.00193789	0.0040486
105 	 335 	 0.817782 	 0.00192548	0.00402268
105 	 340 	 0.817941 	 0.00191321	0.00399705
105 	 345 	 0.818096 	 0.00190108	0.00397171
105 	 350 	 0.818247 	 0.0018891	0.00394667
105 	 355 	 0.818395 	 0.00187726	0.00392193
105 	 360 	 0.81854 	 0.00186557	0.00389751
105 	 365 	 0.818681 	 0.00185403	0.0038734
105 	 370 	 0.818819 	 0.00184264	0.00384962
105 	 375 	 0.818953 	 0.00183142	0.00382616
105 	 380 	 0.819085 	 0.00182035	0.00380303
105 	 385 	 0.819214 	 0.00180943	0.00378024
105 	 390 	 0.81934 	 0.00179868	0.00375778
105 	 395 	 0.819463 	 0.00178809	0.00373565
105 	 400 	 0.819584 	 0.00177767	0.00371387
105 	 405 	 0.819702 	 0.0017674	0.00369243
105 	 410 	 0.819818 	 0.0017573	0.00367132
105 	 415 	 0.819931 	 0.00174737	0.00365057
105 	 420 	 0.820042 	 0.00173759	0.00363015
105 	 425 	 0.820151 	 0.00172799	0.00361008
105 	 430 	 0.820257 	 0.00171855	0.00359036
105 	 435 	 0.820362 	 0.00170927	0.00357098
105 	 440 	 0.820464 	 0.00170016	0.00355194
105 	 445 	 0.820564 	 0.00169121	0.00353326
105 	 450 	 0.820663 	 0.00168243	0.00351491
105 	 455 	 0.820759 	 0.00167382	0.00349691
105 	 460 	 0.820854 	 0.00166537	0.00347925
105 	 465 	 0.820947 	 0.00165708	0.00346194
105 	 470 	 0.821038 	 0.00164896	0.00344497
105 	 475 	 0.821127 	 0.001641	0.00342834
105 	 480 	 0.821215 	 0.0016332	0.00341205
105 	 485 	 0.821301 	 0.00162556	0.00339609
105 	 490 	 0.821386 	 0.00161809	0.00338048
105 	 495 	 0.821469 	 0.00161077	0.00336519
105 	 500 	 0.821551 	 0.00160362	0.00335025
105 	 505 	 0.821631 	 0.00159662	0.00333563
105 	 510 	 0.82171 	 0.00158978	0.00332134
105 	 515 	 0.821787 	 0.0015831	0.00330738
105 	 520 	 0.821864 	 0.00157657	0.00329375
105 	 525 	 0.821938 	 0.0015702	0.00328044
105 	 530 	 0.822012 	 0.00156399	0.00326745
105 	 535 	 0.822084 	 0.00155792	0.00325478
105 	 540 	 0.822156 	 0.00155201	0.00324243
105 	 545 	 0.822226 	 0.00154625	0.0032304
105 	 550 	 0.822295 	 0.00154064	0.00321867
105 	 555 	 0.822362 	 0.00153517	0.00320725
105 	 560 	 0.822429 	 0.00152986	0.00319615
105 	 565 	 0.822495 	 0.00152468	0.00318534
105 	 570 	 0.822559 	 0.00151966	0.00317484
105 	 575 	 0.822623 	 0.00151477	0.00316463
105 	 580 	 0.822686 	 0.00151003	0.00315472
105 	 585 	 0.822747 	 0.00150543	0.00314511
105 	 590 	 0.822808 	 0.00150096	0.00313578
105 	 595 	 0.822868 	 0.00149664	0.00312675
105 	 600 	 0.822927 	 0.00149245	0.00311799
105 	 605 	 0.822985 	 0.00148839	0.00310952
105 	 610 	 0.823042 	 0.00148447	0.00310132
105 	 615 	 0.823098 	 0.00148068	0.0030934
105 	 620 	 0.823154 	 0.00147701	0.00308575
105 	 625 	 0.823209 	 0.00147348	0.00307837
105 	 630 	 0.823262 	 0.00147008	0.00307126
105 	 635 	 0.823316 	 0.0014668	0.00306441
105 	 640 	 0.823368 	 0.00146364	0.00305781
105 	 645 	 0.82342 	 0.00146061	0.00305148
105 	 650 	 0.823471 	 0.0014577	0.00304539
105 	 655 	 0.823521 	 0.0014549	0.00303956
105 	 660 	 0.823571 	 0.00145223	0.00303397
105 	 665 	 0.823619 	 0.00144967	0.00302862
105 	 670 	 0.823668 	 0.00144722	0.00302351
105 	 675 	 0.823715 	 0.00144489	0.00301864
105 	 680 	 0.823762 	 0.00144267	0.003014
105 	 685 	 0.823808 	 0.00144056	0.00300959
105 	 690 	 0.823854 	 0.00143856	0.00300541
105 	 695 	 0.823899 	 0.00143666	0.00300145
105 	 700 	 0.823944 	 0.00143487	0.00299771
105 	 705 	 0.823988 	 0.00143319	0.00299419
105 	 710 	 0.824031 	 0.0014316	0.00299088
105 	 715 	 0.824074 	 0.00143012	0.00298778
105 	 720 	 0.824116 	 0.00142873	0.00298488
105 	 725 	 0.824158 	 0.00142744	0.00298219
105 	 730 	 0.824199 	 0.00142625	0.0029797
105 	 735 	 0.82424 	 0.00142515	0.0029774
105 	 740 	 0.82428 	 0.00142415	0.0029753
105 	 745 	 0.82432 	 0.00142323	0.00297339
105 	 750 	 0.824359 	 0.00142241	0.00297167
105 	 755 	 0.824398 	 0.00142167	0.00297013
105 	 760 	 0.824436 	 0.00142102	0.00296877
105 	 765 	 0.824474 	 0.00142046	0.00296759
105 	 770 	 0.824512 	 0.00141997	0.00296658
105 	 775 	 0.824549 	 0.00141957	0.00296575
105 	 780 	 0.824585 	 0.00141925	0.00296508
105 	 785 	 0.824621 	 0.00141901	0.00296458
105 	 790 	 0.824657 	 0.00141885	0.00296424
105 	 795 	 0.824692 	 0.00141877	0.00296406
105 	 800 	 0.824727 	 0.00141876	0.00296404
105 	 805 	 0.824762 	 0.00141882	0.00296417
105 	 810 	 0.824796 	 0.00141895	0.00296445
105 	 815 	 0.824829 	 0.00141916	0.00296488
105 	 820 	 0.824863 	 0.00141943	0.00296545
105 	 825 	 0.824896 	 0.00141978	0.00296617
105 	 830 	 0.824928 	 0.00142018	0.00296702
105 	 835 	 0.82496 	 0.00142066	0.00296802
105 	 840 	 0.824992 	 0.0014212	0.00296914
105 	 845 	 0.825024 	 0.0014218	0.0029704
105 	 850 	 0.825055 	 0.00142246	0.00297178
105 	 855 	 0.825086 	 0.00142319	0.0029733
105 	 860 	 0.825116 	 0.00142397	0.00297493
105 	 865 	 0.825147 	 0.00142481	0.00297669
105 	 870 	 0.825176 	 0.00142571	0.00297856
105 	 875 	 0.825206 	 0.00142666	0.00298055
105 	 880 	 0.825235 	 0.00142766	0.00298265
105 	 885 	 0.825264 	 0.00142872	0.00298487
105 	 890 	 0.825293 	 0.00142984	0.00298719
105 	 895 	 0.825321 	 0.001431	0.00298962
105 	 900 	 0.825349 	 0.00143221	0.00299215
105 	 905 	 0.825377 	 0.00143347	0.00299478
105 	 910 	 0.825405 	 0.00143478	0.00299752
105 	 915 	 0.825432 	 0.00143613	0.00300035
105 	 920 	 0.825459 	 0.00143753	0.00300327
105 	 925 	 0.825486 	 0.00143898	0.00300629
105 	 930 	 0.825512 	 0.00144047	0.0030094
105 	 935 	 0.825538 	 0.001442	0.0030126
105 	 940 	 0.825564 	 0.00144357	0.00301588
105 	 945 	 0.82559 	 0.00144518	0.00301925
105 	 950 	 0.825615 	 0.00144683	0.0030227
105 	 955 	 0.82564 	 0.00144852	0.00302623
105 	 960 	 0.825665 	 0.00145025	0.00302984
105 	 965 	 0.82569 	 0.00145202	0.00303353
105 	 970 	 0.825714 	 0.00145382	0.00303729
105 	 975 	 0.825739 	 0.00145565	0.00304112
105 	 980 	 0.825763 	 0.00145752	0.00304503
105 	 985 	 0.825786 	 0.00145942	0.003049
105 	 990 	 0.82581 	 0.00146136	0.00305305
105 	 995 	 0.825833 	 0.00146333	0.00305716
105 	 1000 	 0.825856 	 0.00146532	0.00306133
105 	 1005 	 0.825879 	 0.00146735	0.00306557
105 	 1010 	 0.825902 	 0.00146941	0.00306986
105 	 1015 	 0.825925 	 0.00147149	0.00307422
105 	 1020 	 0.825947 	 0.00147361	0.00307864
105 	 1025 	 0.825969 	 0.00147575	0.00308311
105 	 1030 	 0.825991 	 0.00147792	0.00308764
105 	 1035 	 0.826013 	 0.00148011	0.00309222
105 	 1040 	 0.826034 	 0.00148233	0.00309685
105 	 1045 	 0.826055 	 0.00148457	0.00310153
105 	 1050 	 0.826076 	 0.00148683	0.00310627
105 	 1055 	 0.826097 	 0.00148912	0.00311105
105 	 1060 	 0.826118 	 0.00149143	0.00311587
105 	 1065 	 0.826139 	 0.00149376	0.00312075
105 	 1070 	 0.826159 	 0.00149612	0.00312566
105 	 1075 	 0.826179 	 0.00149849	0.00313062
105 	 1080 	 0.826199 	 0.00150089	0.00313562
105 	 1085 	 0.826219 	 0.0015033	0.00314067
105 	 1090 	 0.826239 	 0.00150573	0.00314575
105 	 1095 	 0.826259 	 0.00150818	0.00315087
105 	 1100 	 0.826278 	 0.00151065	0.00315602
105 	 1105 	 0.826297 	 0.00151313	0.00316121
105 	 1110 	 0.826316 	 0.00151564	0.00316644
105 	 1115 	 0.826335 	 0.00151815	0.0031717
105 	 1120 	 0.826354 	 0.00152069	0.00317699
105 	 1125 	 0.826373 	 0.00152324	0.00318232
105 	 1130 	 0.826391 	 0.0015258	0.00318767
105 	 1135 	 0.826409 	 0.00152838	0.00319305
105 	 1140 	 0.826427 	 0.00153097	0.00319847
105 	 1145 	 0.826445 	 0.00153357	0.00320391
105 	 1150 	 0.826463 	 0.00153619	0.00320937
105 	 1155 	 0.826481 	 0.00153882	0.00321487
105 	 1160 	 0.826499 	 0.00154146	0.00322039
105 	 1165 	 0.826516 	 0.00154411	0.00322593
105 	 1170 	 0.826533 	 0.00154677	0.00323149
105 	 1175 	 0.82655 	 0.00154945	0.00323708
105 	 1180 	 0.826567 	 0.00155213	0.00324269
105 	 1185 	 0.826584 	 0.00155483	0.00324832
105 	 1190 	 0.826601 	 0.00155753	0.00325397
105 	 1195 	 0.826618 	 0.00156025	0.00325964
105 	 1200 	 0.826634 	 0.00156297	0.00326533
105 	 1205 	 0.826651 	 0.0015657	0.00327103
105 	 1210 	 0.826667 	 0.00156844	0.00327675
105 	 1215 	 0.826683 	 0.00157119	0.00328249
105 	 1220 	 0.826699 	 0.00157394	0.00328825
105 	 1225 	 0.826715 	 0.0015767	0.00329402
105 	 1230 	 0.826731 	 0.00157947	0.0032998
105 	 1235 	 0.826746 	 0.00158224	0.0033056
105 	 1240 	 0.826762 	 0.00158503	0.00331141
105 	 1245 	 0.826777 	 0.00158781	0.00331723
105 	 1250 	 0.826793 	 0.00159061	0.00332307
105 	 1255 	 0.826808 	 0.0015934	0.00332891
105 	 1260 	 0.826823 	 0.00159621	0.00333477
105 	 1265 	 0.826838 	 0.00159902	0.00334064
105 	 1270 	 0.826853 	 0.00160183	0.00334651
105 	 1275 	 0.826867 	 0.00160465	0.0033524
105 	 1280 	 0.826882 	 0.00160747	0.00335829
105 	 1285 	 0.826897 	 0.00161029	0.00336419
105 	 1290 	 0.826911 	 0.00161312	0.0033701
105 	 1295 	 0.826925 	 0.00161595	0.00337602
105 	 1300 	 0.82694 	 0.00161879	0.00338194
105 	 1305 	 0.826954 	 0.00162163	0.00338787
105 	 1310 	 0.826968 	 0.00162447	0.00339381
105 	 1315 	 0.826982 	 0.00162731	0.00339975
105 	 1320 	 0.826995 	 0.00163016	0.00340569
105 	 1325 	 0.827009 	 0.001633	0.00341164
105 	 1330 	 0.827023 	 0.00163585	0.0034176
105 	 1335 	 0.827036 	 0.0016387	0.00342355
105 	 1340 	 0.82705 	 0.00164156	0.00342951
105 	 1345 	 0.827063 	 0.00164441	0.00343547
105 	 1350 	 0.827076 	 0.00164727	0.00344144
105 	 1355 	 0.82709 	 0.00165012	0.00344741
105 	 1360 	 0.827103 	 0.00165298	0.00345337
105 	 1365 	 0.827116 	 0.00165584	0.00345934
105 	 1370 	 0.827129 	 0.00165869	0.00346531
105 	 1375 	 0.827141 	 0.00166155	0.00347128
105 	 1380 	 0.827154 	 0.00166441	0.00347726
105 	 1385 	 0.827167 	 0.00166727	0.00348323
105 	 1390 	 0.827179 	 0.00167013	0.0034892
105 	 1395 	 0.827192 	 0.00167298	0.00349517
105 	 1400 	 0.827204 	 0.00167584	0.00350114
105 	 1405 	 0.827217 	 0.0016787	0.0035071
105 	 1410 	 0.827229 	 0.00168155	0.00351307
105 	 1415 	 0.827241 	 0.00168441	0.00351903
105 	 1420 	 0.827253 	 0.00168726	0.003525
105 	 1425 	 0.827265 	 0.00169011	0.00353095
105 	 1430 	 0.827277 	 0.00169296	0.00353691
105 	 1435 	 0.827289 	 0.00169581	0.00354287
105 	 1440 	 0.827301 	 0.00169866	0.00354882
105 	 1445 	 0.827312 	 0.00170151	0.00355476
105 	 1450 	 0.827324 	 0.00170436	0.00356071
105 	 1455 	 0.827336 	 0.0017072	0.00356665
105 	 1460 	 0.827347 	 0.00171004	0.00357258
105 	 1465 	 0.827358 	 0.00171288	0.00357852
105 	 1470 	 0.82737 	 0.00171572	0.00358444
105 	 1475 	 0.827381 	 0.00171855	0.00359037
105 	 1480 	 0.827392 	 0.00172138	0.00359628
105 	 1485 	 0.827403 	 0.00172421	0.0036022
105 	 1490 	 0.827414 	 0.00172704	0.0036081
105 	 1495 	 0.827425 	 0.00172987	0.003614
105 	 1500 	 0.827436 	 0.00173269	0.0036199
105 	 1505 	 0.827447 	 0.00173551	0.00362579
105 	 1510 	 0.827458 	 0.00173832	0.00363167
105 	 1515 	 0.827469 	 0.00174114	0.00363755
105 	 1520 	 0.827479 	 0.00174395	0.00364342
105 	 1525 	 0.82749 	 0.00174675	0.00364929
105 	 1530 	 0.8275 	 0.00174956	0.00365515
105 	 1535 	 0.827511 	 0.00175236	0.003661
105 	 1540 	 0.827521 	 0.00175516	0.00366684
105 	 1545 	 0.827532 	 0.00175795	0.00367268
105 	 1550 	 0.827542 	 0.00176074	0.00367851
105 	 1555 	 0.827552 	 0.00176353	0.00368433
105 	 1560 	 0.827562 	 0.00176631	0.00369015
105 	 1565 	 0.827572 	 0.00176909	0.00369596
105 	 1570 	 0.827582 	 0.00177187	0.00370176
105 	 1575 	 0.827592 	 0.00177464	0.00370755
105 	 1580 	 0.827602 	 0.00177741	0.00371333
105 	 1585 	 0.827612 	 0.00178017	0.00371911
105 	 1590 	 0.827622 	 0.00178293	0.00372488
105 	 1595 	 0.827632 	 0.00178569	0.00373064
105 	 1600 	 0.827641 	 0.00178844	0.00373639
105 	 1605 	 0.827651 	 0.00179119	0.00374213
105 	 1610 	 0.82766 	 0.00179394	0.00374786
105 	 1615 	 0.82767 	 0.00179668	0.00375359
105 	 1620 	 0.827679 	 0.00179941	0.0037593
105 	 1625 	 0.827689 	 0.00180215	0.00376501
105 	 1630 	 0.827698 	 0.00180487	0.00377071
105 	 1635 	 0.827708 	 0.0018076	0.0037764
105 	 1640 	 0.827717 	 0.00181032	0.00378208
105 	 1645 	 0.827726 	 0.00181303	0.00378775
105 	 1650 	 0.827735 	 0.00181574	0.00379341
105 	 1655 	 0.827744 	 0.00181845	0.00379906
105 	 1660 	 0.827753 	 0.00182115	0.00380471
105 	 1665 	 0.827762 	 0.00182384	0.00381034
105 	 1670 	 0.827771 	 0.00182653	0.00381596
105 	 1675 	 0.82778 	 0.00182922	0.00382158
105 	 1680 	 0.827789 	 0.0018319	0.00382718
105 	 1685 	 0.827798 	 0.00183458	0.00383277
105 	 1690 	 0.827807 	 0.00183725	0.00383836
105 	 1695 	 0.827815 	 0.00183992	0.00384393
105 	 1700 	 0.827824 	 0.00184259	0.0038495
105 	 1705 	 0.827832 	 0.00184524	0.00385505
105 	 1710 	 0.827841 	 0.0018479	0.0038606
105 	 1715 	 0.82785 	 0.00185055	0.00386613
105 	 1720 	 0.827858 	 0.00185319	0.00387166
105 	 1725 	 0.827866 	 0.00185583	0.00387717
105 	 1730 	 0.827875 	 0.00185847	0.00388267
105 	 1735 	 0.827883 	 0.0018611	0.00388817
105 	 1740 	 0.827891 	 0.00186372	0.00389365
105 	 1745 	 0.8279 	 0.00186634	0.00389912
105 	 1750 	 0.827908 	 0.00186895	0.00390458
105 	 1755 	 0.827916 	 0.00187156	0.00391004
105 	 1760 	 0.827924 	 0.00187417	0.00391548
105 	 1765 	 0.827932 	 0.00187677	0.00392091
105 	 1770 	 0.82794 	 0.00187936	0.00392633
105 	 1775 	 0.827948 	 0.00188195	0.00393174
105 	 1780 	 0.827956 	 0.00188454	0.00393714
105 	 1785 	 0.827964 	 0.00188711	0.00394253
105 	 1790 	 0.827972 	 0.00188969	0.0039479
105 	 1795 	 0.82798 	 0.00189226	0.00395327
105 	 1800 	 0.827988 	 0.00189482	0.00395863
105 	 1805 	 0.827995 	 0.00189738	0.00396397
105 	 1810 	 0.828003 	 0.00189993	0.00396931
105 	 1815 	 0.828011 	 0.00190248	0.00397463
105 	 1820 	 0.828018 	 0.00190502	0.00397994
105 	 1825 	 0.828026 	 0.00190756	0.00398525
105 	 1830 	 0.828033 	 0.0019101	0.00399054
105 	 1835 	 0.828041 	 0.00191262	0.00399582
105 	 1840 	 0.828048 	 0.00191515	0.00400109
105 	 1845 	 0.828056 	 0.00191766	0.00400635
105 	 1850 	 0.828063 	 0.00192017	0.0040116
105 	 1855 	 0.828071 	 0.00192268	0.00401683
105 	 1860 	 0.828078 	 0.00192518	0.00402206
105 	 1865 	 0.828085 	 0.00192768	0.00402727
105 	 1870 	 0.828093 	 0.00193017	0.00403248
105 	 1875 	 0.8281 	 0.00193266	0.00403767
105 	 1880 	 0.828107 	 0.00193514	0.00404285
105 	 1885 	 0.828114 	 0.00193761	0.00404803
105 	 1890 	 0.828121 	 0.00194008	0.00405319
105 	 1895 	 0.828128 	 0.00194255	0.00405834
105 	 1900 	 0.828135 	 0.00194501	0.00406348
105 	 1905 	 0.828142 	 0.00194746	0.0040686
105 	 1910 	 0.828149 	 0.00194991	0.00407372
105 	 1915 	 0.828156 	 0.00195236	0.00407883
105 	 1920 	 0.828163 	 0.00195479	0.00408392
105 	 1925 	 0.82817 	 0.00195723	0.00408901
105 	 1930 	 0.828177 	 0.00195966	0.00409408
105 	 1935 	 0.828184 	 0.00196208	0.00409914
105 	 1940 	 0.82819 	 0.0019645	0.00410419
105 	 1945 	 0.828197 	 0.00196691	0.00410923
105 	 1950 	 0.828204 	 0.00196932	0.00411426
105 	 1955 	 0.828211 	 0.00197172	0.00411928
105 	 1960 	 0.828217 	 0.00197412	0.00412429
105 	 1965 	 0.828224 	 0.00197651	0.00412928
105 	 1970 	 0.82823 	 0.00197889	0.00413427
105 	 1975 	 0.828237 	 0.00198127	0.00413924
105 	 1980 	 0.828243 	 0.00198365	0.00414421
105 	 1985 	 0.82825 	 0.00198602	0.00414916
105 	 1990 	 0.828256 	 0.00198839	0.0041541
105 	 1995 	 0.828263 	 0.00199075	0.00415903
105 	 2000 	 0.828269 	 0.0019931	0.00416395
105 	 2005 	 0.828276 	 0.00199545	0.00416886
105 	 2010 	 0.828282 	 0.0019978	0.00417376
105 	 2015 	 0.828288 	 0.00200014	0.00417865
105 	 2020 	 0.828295 	 0.00200247	0.00418352
105 	 2025 	 0.828301 	 0.0020048	0.00418839
105 	 2030 	 0.828307 	 0.00200712	0.00419325
105 	 2035 	 0.828313 	 0.00200944	0.00419809
105 	 2040 	 0.828319 	 0.00201176	0.00420292
105 	 2045 	 0.828326 	 0.00201406	0.00420775
105 	 2050 	 0.828332 	 0.00201637	0.00421256
105 	 2055 	 0.828338 	 0.00201867	0.00421736
105 	 2060 	 0.828344 	 0.00202096	0.00422215
105 	 2065 	 0.82835 	 0.00202325	0.00422693
105 	 2070 	 0.828356 	 0.00202553	0.0042317
105 	 2075 	 0.828362 	 0.00202781	0.00423646
105 	 2080 	 0.828368 	 0.00203008	0.00424121
105 	 2085 	 0.828374 	 0.00203235	0.00424594
105 	 2090 	 0.82838 	 0.00203461	0.00425067
105 	 2095 	 0.828386 	 0.00203687	0.00425539
105 	 2100 	 0.828391 	 0.00203912	0.00426009
105 	 2105 	 0.828397 	 0.00204137	0.00426479
105 	 2110 	 0.828403 	 0.00204361	0.00426947
105 	 2115 	 0.828409 	 0.00204585	0.00427414
105 	 2120 	 0.828415 	 0.00204808	0.00427881
105 	 2125 	 0.82842 	 0.0020503	0.00428346
105 	 2130 	 0.828426 	 0.00205253	0.0042881
105 	 2135 	 0.828432 	 0.00205474	0.00429273
105 	 2140 	 0.828437 	 0.00205696	0.00429735
105 	 2145 	 0.828443 	 0.00205916	0.00430197
105 	 2150 	 0.828449 	 0.00206136	0.00430657
105 	 2155 	 0.828454 	 0.00206356	0.00431116
105 	 2160 	 0.82846 	 0.00206575	0.00431574
105 	 2165 	 0.828465 	 0.00206794	0.0043203
105 	 2170 	 0.828471 	 0.00207012	0.00432486
105 	 2175 	 0.828476 	 0.0020723	0.00432941
105 	 2180 	 0.828482 	 0.00207447	0.00433395
105 	 2185 	 0.828487 	 0.00207664	0.00433848
105 	 2190 	 0.828492 	 0.0020788	0.004343
105 	 2195 	 0.828498 	 0.00208096	0.0043475
105 	 2200 	 0.828503 	 0.00208311	0.004352
105 	 2205 	 0.828509 	 0.00208526	0.00435649
105 	 2210 	 0.828514 	 0.0020874	0.00436097
105 	 2215 	 0.828519 	 0.00208954	0.00436543
105 	 2220 	 0.828524 	 0.00209167	0.00436989
105 	 2225 	 0.82853 	 0.0020938	0.00437434
105 	 2230 	 0.828535 	 0.00209593	0.00437877
105 	 2235 	 0.82854 	 0.00209805	0.0043832
105 	 2240 	 0.828545 	 0.00210016	0.00438762
105 	 2245 	 0.828551 	 0.00210227	0.00439202
105 	 2250 	 0.828556 	 0.00210437	0.00439642
105 	 2255 	 0.828561 	 0.00210647	0.00440081
105 	 2260 	 0.828566 	 0.00210857	0.00440518
105 	 2265 	 0.828571 	 0.00211066	0.00440955
105 	 2270 	 0.828576 	 0.00211274	0.00441391
105 	 2275 	 0.828581 	 0.00211482	0.00441825
105 	 2280 	 0.828586 	 0.0021169	0.00442259
105 	 2285 	 0.828591 	 0.00211897	0.00442692
105 	 2290 	 0.828596 	 0.00212104	0.00443124
105 	 2295 	 0.828601 	 0.0021231	0.00443554
105 	 2300 	 0.828606 	 0.00212516	0.00443984
105 	 2305 	 0.828611 	 0.00212721	0.00444413
105 	 2310 	 0.828616 	 0.00212926	0.00444841
105 	 2315 	 0.828621 	 0.0021313	0.00445268
105 	 2320 	 0.828626 	 0.00213334	0.00445694
105 	 2325 	 0.82863 	 0.00213537	0.00446119
105 	 2330 	 0.828635 	 0.0021374	0.00446543
105 	 2335 	 0.82864 	 0.00213943	0.00446966
105 	 2340 	 0.828645 	 0.00214145	0.00447388
105 	 2345 	 0.82865 	 0.00214347	0.00447809
105 	 2350 	 0.828654 	 0.00214548	0.00448229
105 	 2355 	 0.828659 	 0.00214748	0.00448648
105 	 2360 	 0.828664 	 0.00214949	0.00449067
105 	 2365 	 0.828669 	 0.00215148	0.00449484
105 	 2370 	 0.828673 	 0.00215348	0.004499
105 	 2375 	 0.828678 	 0.00215547	0.00450316
105 	 2380 	 0.828682 	 0.00215745	0.0045073
105 	 2385 	 0.828687 	 0.00215943	0.00451144
105 	 2390 	 0.828692 	 0.0021614	0.00451557
105 	 2395 	 0.828696 	 0.00216338	0.00451969
105 	 2400 	 0.828701 	 0.00216534	0.00452379
105 	 2405 	 0.828705 	 0.0021673	0.00452789
105 	 2410 	 0.82871 	 0.00216926	0.00453198
105 	 2415 	 0.828714 	 0.00217121	0.00453606
105 	 2420 	 0.828719 	 0.00217316	0.00454013
105 	 2425 	 0.828723 	 0.00217511	0.0045442
105 	 2430 	 0.828728 	 0.00217705	0.00454825
105 	 2435 	 0.828732 	 0.00217898	0.00455229
105 	 2440 	 0.828737 	 0.00218092	0.00455633
105 	 2445 	 0.828741 	 0.00218284	0.00456035
105 	 2450 	 0.828746 	 0.00218476	0.00456437
105 	 2455 	 0.82875 	 0.00218668	0.00456838
105 	 2460 	 0.828754 	 0.0021886	0.00457238
105 	 2465 	 0.828759 	 0.00219051	0.00457637
105 	 2470 	 0.828763 	 0.00219241	0.00458035
105 	 2475 	 0.828767 	 0.00219431	0.00458432
105 	 2480 	 0.828772 	 0.00219621	0.00458829
105 	 2485 	 0.828776 	 0.0021981	0.00459224
105 	 2490 	 0.82878 	 0.00219999	0.00459619
105 	 2495 	 0.828784 	 0.00220188	0.00460012
105 	 2500 	 0.828789 	 0.00220376	0.00460405
105 	 2505 	 0.828793 	 0.00220563	0.00460797
105 	 2510 	 0.828797 	 0.00220751	0.00461188
105 	 2515 	 0.828801 	 0.00220937	0.00461578
105 	 2520 	 0.828805 	 0.00221124	0.00461968
105 	 2525 	 0.82881 	 0.0022131	0.00462356
105 	 2530 	 0.828814 	 0.00221495	0.00462744
105 	 2535 	 0.828818 	 0.0022168	0.00463131
105 	 2540 	 0.828822 	 0.00221865	0.00463517
105 	 2545 	 0.828826 	 0.00222049	0.00463902
105 	 2550 	 0.82883 	 0.00222233	0.00464286
105 	 2555 	 0.828834 	 0.00222417	0.00464669
105 	 2560 	 0.828838 	 0.002226	0.00465052
105 	 2565 	 0.828842 	 0.00222783	0.00465433
105 	 2570 	 0.828846 	 0.00222965	0.00465814
105 	 2575 	 0.82885 	 0.00223147	0.00466194
105 	 2580 	 0.828854 	 0.00223328	0.00466573
105 	 2585 	 0.828858 	 0.00223509	0.00466951
105 	 2590 	 0.828862 	 0.0022369	0.00467329
105 	 2595 	 0.828866 	 0.0022387	0.00467706
105 	 2600 	 0.82887 	 0.0022405	0.00468081
105 	 2605 	 0.828874 	 0.0022423	0.00468456
105 	 2610 	 0.828878 	 0.00224409	0.00468831
105 	 2615 	 0.828882 	 0.00224587	0.00469204
105 	 2620 	 0.828886 	 0.00224766	0.00469576
105 	 2625 	 0.82889 	 0.00224944	0.00469948
105 	 2630 	 0.828894 	 0.00225121	0.00470319
105 	 2635 	 0.828897 	 0.00225298	0.00470689
105 	 2640 	 0.828901 	 0.00225475	0.00471058
105 	 2645 	 0.828905 	 0.00225651	0.00471427
105 	 2650 	 0.828909 	 0.00225827	0.00471794
105 	 2655 	 0.828913 	 0.00226003	0.00472161
105 	 2660 	 0.828916 	 0.00226178	0.00472527
105 	 2665 	 0.82892 	 0.00226353	0.00472893
105 	 2670 	 0.828924 	 0.00226527	0.00473257
105 	 2675 	 0.828928 	 0.00226702	0.00473621
105 	 2680 	 0.828931 	 0.00226875	0.00473984
105 	 2685 	 0.828935 	 0.00227049	0.00474346
105 	 2690 	 0.828939 	 0.00227221	0.00474707
105 	 2695 	 0.828942 	 0.00227394	0.00475068
105 	 2700 	 0.828946 	 0.00227566	0.00475427
105 	 2705 	 0.82895 	 0.00227738	0.00475786
105 	 2710 	 0.828953 	 0.0022791	0.00476144
105 	 2715 	 0.828957 	 0.00228081	0.00476502
105 	 2720 	 0.828961 	 0.00228251	0.00476859
105 	 2725 	 0.828964 	 0.00228422	0.00477214
105 	 2730 	 0.828968 	 0.00228592	0.0047757
105 	 2735 	 0.828972 	 0.00228761	0.00477924
105 	 2740 	 0.828975 	 0.0022893	0.00478277
105 	 2745 	 0.828979 	 0.00229099	0.0047863
105 	 2750 	 0.828982 	 0.00229268	0.00478982
105 	 2755 	 0.828986 	 0.00229436	0.00479334
105 	 2760 	 0.828989 	 0.00229604	0.00479684
105 	 2765 	 0.828993 	 0.00229771	0.00480034
105 	 2770 	 0.828996 	 0.00229938	0.00480383
105 	 2775 	 0.829 	 0.00230105	0.00480731
105 	 2780 	 0.829003 	 0.00230271	0.00481079
105 	 2785 	 0.829007 	 0.00230437	0.00481426
105 	 2790 	 0.82901 	 0.00230603	0.00481772
105 	 2795 	 0.829014 	 0.00230768	0.00482117
105 	 2800 	 0.829017 	 0.00230933	0.00482462
105 	 2805 	 0.82902 	 0.00231098	0.00482806
105 	 2810 	 0.829024 	 0.00231262	0.00483149
105 	 2815 	 0.829027 	 0.00231426	0.00483491
105 	 2820 	 0.829031 	 0.0023159	0.00483833
105 	 2825 	 0.829034 	 0.00231753	0.00484174
105 	 2830 	 0.829037 	 0.00231916	0.00484514
105 	 2835 	 0.829041 	 0.00232078	0.00484854
105 	 2840 	 0.829044 	 0.0023224	0.00485192
105 	 2845 	 0.829047 	 0.00232402	0.00485531
105 	 2850 	 0.829051 	 0.00232564	0.00485868
105 	 2855 	 0.829054 	 0.00232725	0.00486205
105 	 2860 	 0.829057 	 0.00232886	0.00486541
105 	 2865 	 0.829061 	 0.00233046	0.00486876
105 	 2870 	 0.829064 	 0.00233206	0.0048721
105 	 2875 	 0.829067 	 0.00233366	0.00487544
105 	 2880 	 0.829071 	 0.00233525	0.00487877
105 	 2885 	 0.829074 	 0.00233685	0.0048821
105 	 2890 	 0.829077 	 0.00233843	0.00488541
105 	 2895 	 0.82908 	 0.00234002	0.00488873
105 	 2900 	 0.829083 	 0.0023416	0.00489203
105 	 2905 	 0.829087 	 0.00234318	0.00489533
105 	 2910 	 0.82909 	 0.00234475	0.00489861
105 	 2915 	 0.829093 	 0.00234632	0.0049019
105 	 2920 	 0.829096 	 0.00234789	0.00490517
105 	 2925 	 0.829099 	 0.00234946	0.00490844
105 	 2930 	 0.829103 	 0.00235102	0.00491171
105 	 2935 	 0.829106 	 0.00235258	0.00491496
105 	 2940 	 0.829109 	 0.00235413	0.00491821
105 	 2945 	 0.829112 	 0.00235568	0.00492145
105 	 2950 	 0.829115 	 0.00235723	0.00492469
105 	 2955 	 0.829118 	 0.00235878	0.00492792
105 	 2960 	 0.829121 	 0.00236032	0.00493114
105 	 2965 	 0.829124 	 0.00236186	0.00493435
105 	 2970 	 0.829127 	 0.00236339	0.00493756
105 	 2975 	 0.829131 	 0.00236493	0.00494076
105 	 2980 	 0.829134 	 0.00236646	0.00494396
105 	 2985 	 0.829137 	 0.00236798	0.00494715
105 	 2990 	 0.82914 	 0.00236951	0.00495033
105 	 2995 	 0.829143 	 0.00237103	0.00495351
105 	 3000 	 0.829146 	 0.00237254	0.00495667
105 	 3005 	 0.829149 	 0.00237406	0.00495984
105 	 3010 	 0.829152 	 0.00237557	0.00496299
105 	 3015 	 0.829155 	 0.00237708	0.00496614
105 	 3020 	 0.829158 	 0.00237858	0.00496929
105 	 3025 	 0.829161 	 0.00238008	0.00497242
105 	 3030 	 0.829164 	 0.00238158	0.00497555
105 	 3035 	 0.829167 	 0.00238308	0.00497868
105 	 3040 	 0.82917 	 0.00238457	0.0049818
105 	 3045 	 0.829173 	 0.00238606	0.00498491
105 	 3050 	 0.829175 	 0.00238754	0.00498801
105 	 3055 	 0.829178 	 0.00238903	0.00499111
105 	 3060 	 0.829181 	 0.00239051	0.0049942
105 	 3065 	 0.829184 	 0.00239198	0.00499729
105 	 3070 	 0.829187 	 0.00239346	0.00500037
105 	 3075 	 0.82919 	 0.00239493	0.00500344
105 	 3080 	 0.829193 	 0.0023964	0.00500651
105 	 3085 	 0.829196 	 0.00239786	0.00500957
105 	 3090 	 0.829199 	 0.00239932	0.00501263
105 	 3095 	 0.829201 	 0.00240078	0.00501567
105 	 3100 	 0.829204 	 0.00240224	0.00501872
105 	 3105 	 0.829207 	 0.00240369	0.00502175
105 	 3110 	 0.82921 	 0.00240514	0.00502478
105 	 3115 	 0.829213 	 0.00240659	0.00502781
105 	 3120 	 0.829216 	 0.00240804	0.00503083
105 	 3125 	 0.829218 	 0.00240948	0.00503384
105 	 3130 	 0.829221 	 0.00241092	0.00503684
105 	 3135 	 0.829224 	 0.00241235	0.00503985
105 	 3140 	 0.829227 	 0.00241379	0.00504284
105 	 3145 	 0.82923 	 0.00241522	0.00504583
105 	 3150 	 0.829232 	 0.00241664	0.00504881
105 	 3155 	 0.829235 	 0.00241807	0.00505179
105 	 3160 	 0.829238 	 0.00241949	0.00505476
105 	 3165 	 0.829241 	 0.00242091	0.00505772
105 	 3170 	 0.829243 	 0.00242233	0.00506068
105 	 3175 	 0.829246 	 0.00242374	0.00506363
105 	 3180 	 0.829249 	 0.00242515	0.00506658
105 	 3185 	 0.829251 	 0.00242656	0.00506952
105 	 3190 	 0.829254 	 0.00242796	0.00507245
105 	 3195 	 0.829257 	 0.00242936	0.00507538
105 	 3200 	 0.829259 	 0.00243076	0.00507831
105 	 3205 	 0.829262 	 0.00243216	0.00508122
105 	 3210 	 0.829265 	 0.00243355	0.00508414
105 	 3215 	 0.829267 	 0.00243494	0.00508704
105 	 3220 	 0.82927 	 0.00243633	0.00508994
105 	 3225 	 0.829273 	 0.00243772	0.00509284
105 	 3230 	 0.829275 	 0.0024391	0.00509573
105 	 3235 	 0.829278 	 0.00244048	0.00509861
105 	 3240 	 0.829281 	 0.00244186	0.00510149
105 	 3245 	 0.829283 	 0.00244323	0.00510436
105 	 3250 	 0.829286 	 0.00244461	0.00510723
105 	 3255 	 0.829288 	 0.00244597	0.00511009
105 	 3260 	 0.829291 	 0.00244734	0.00511294
105 	 3265 	 0.829294 	 0.00244871	0.00511579
105 	 3270 	 0.829296 	 0.00245007	0.00511864
105 	 3275 	 0.829299 	 0.00245143	0.00512147
105 	 3280 	 0.829301 	 0.00245278	0.00512431
105 	 3285 	 0.829304 	 0.00245413	0.00512713
105 	 3290 	 0.829306 	 0.00245549	0.00512996
105 	 3295 	 0.829309 	 0.00245683	0.00513277
105 	 3300 	 0.829312 	 0.00245818	0.00513558
105 	 3305 	 0.829314 	 0.00245952	0.00513839
105 	 3310 	 0.829317 	 0.00246086	0.00514119
105 	 3315 	 0.829319 	 0.0024622	0.00514398
105 	 3320 	 0.829322 	 0.00246353	0.00514677
105 	 3325 	 0.829324 	 0.00246487	0.00514956
105 	 3330 	 0.829327 	 0.0024662	0.00515234
105 	 3335 	 0.829329 	 0.00246752	0.00515511
105 	 3340 	 0.829332 	 0.00246885	0.00515788
105 	 3345 	 0.829334 	 0.00247017	0.00516064
105 	 3350 	 0.829336 	 0.00247149	0.0051634
105 	 3355 	 0.829339 	 0.00247281	0.00516615
105 	 3360 	 0.829341 	 0.00247412	0.0051689
105 	 3365 	 0.829344 	 0.00247544	0.00517164
105 	 3370 	 0.829346 	 0.00247675	0.00517437
105 	 3375 	 0.829349 	 0.00247805	0.0051771
105 	 3380 	 0.829351 	 0.00247936	0.00517983
105 	 3385 	 0.829354 	 0.00248066	0.00518255
105 	 3390 	 0.829356 	 0.00248196	0.00518527
105 	 3395 	 0.829358 	 0.00248326	0.00518798
105 	 3400 	 0.829361 	 0.00248455	0.00519068
105 	 3405 	 0.829363 	 0.00248584	0.00519338
105 	 3410 	 0.829366 	 0.00248713	0.00519607
105 	 3415 	 0.829368 	 0.00248842	0.00519876
105 	 3420 	 0.82937 	 0.00248971	0.00520145
105 	 3425 	 0.829373 	 0.00249099	0.00520413
105 	 3430 	 0.829375 	 0.00249227	0.0052068
105 	 3435 	 0.829377 	 0.00249355	0.00520947
105 	 3440 	 0.82938 	 0.00249482	0.00521214
105 	 3445 	 0.829382 	 0.00249609	0.0052148
105 	 3450 	 0.829384 	 0.00249736	0.00521745
105 	 3455 	 0.829387 	 0.00249863	0.0052201
105 	 3460 	 0.829389 	 0.0024999	0.00522274
105 	 3465 	 0.829391 	 0.00250116	0.00522538
105 	 3470 	 0.829394 	 0.00250242	0.00522802
105 	 3475 	 0.829396 	 0.00250368	0.00523065
105 	 3480 	 0.829398 	 0.00250494	0.00523327
105 	 3485 	 0.829401 	 0.00250619	0.00523589
105 	 3490 	 0.829403 	 0.00250744	0.0052385
105 	 3495 	 0.829405 	 0.00250869	0.00524111
105 	 3500 	 0.829407 	 0.00250994	0.00524372
105 	 3505 	 0.82941 	 0.00251118	0.00524632
105 	 3510 	 0.829412 	 0.00251243	0.00524891
105 	 3515 	 0.829414 	 0.00251367	0.00525151
105 	 3520 	 0.829416 	 0.0025149	0.00525409
105 	 3525 	 0.829419 	 0.00251614	0.00525667
105 	 3530 	 0.829421 	 0.00251737	0.00525925
105 	 3535 	 0.829423 	 0.0025186	0.00526182
105 	 3540 	 0.829425 	 0.00251983	0.00526439
105 	 3545 	 0.829428 	 0.00252106	0.00526695
105 	 3550 	 0.82943 	 0.00252228	0.0052695
105 	 3555 	 0.829432 	 0.0025235	0.00527206
105 	 3560 	 0.829434 	 0.00252472	0.0052746
105 	 3565 	 0.829436 	 0.00252594	0.00527715
105 	 3570 	 0.829439 	 0.00252715	0.00527968
105 	 3575 	 0.829441 	 0.00252837	0.00528222
105 	 3580 	 0.829443 	 0.00252958	0.00528475
105 	 3585 	 0.829445 	 0.00253078	0.00528727
105 	 3590 	 0.829447 	 0.00253199	0.00528979
105 	 3595 	 0.829449 	 0.00253319	0.00529231
105 	 3600 	 0.829452 	 0.0025344	0.00529482
105 	 3605 	 0.829454 	 0.0025356	0.00529732
105 	 3610 	 0.829456 	 0.00253679	0.00529982
105 	 3615 	 0.829458 	 0.00253799	0.00530232
105 	 3620 	 0.82946 	 0.00253918	0.00530481
105 	 3625 	 0.829462 	 0.00254037	0.0053073
105 	 3630 	 0.829464 	 0.00254156	0.00530978
105 	 3635 	 0.829467 	 0.00254275	0.00531226
105 	 3640 	 0.829469 	 0.00254393	0.00531473
105 	 3645 	 0.829471 	 0.00254511	0.0053172
105 	 3650 	 0.829473 	 0.00254629	0.00531967
105 	 3655 	 0.829475 	 0.00254747	0.00532213
105 	 3660 	 0.829477 	 0.00254865	0.00532459
105 	 3665 	 0.829479 	 0.00254982	0.00532704
105 	 3670 	 0.829481 	 0.00255099	0.00532948
105 	 3675 	 0.829483 	 0.00255216	0.00533193
105 	 3680 	 0.829485 	 0.00255333	0.00533437
105 	 3685 	 0.829487 	 0.00255449	0.0053368
105 	 3690 	 0.82949 	 0.00255566	0.00533923
105 	 3695 	 0.829492 	 0.00255682	0.00534165
105 	 3700 	 0.829494 	 0.00255797	0.00534408
105 	 3705 	 0.829496 	 0.00255913	0.00534649
105 	 3710 	 0.829498 	 0.00256029	0.0053489
105 	 3715 	 0.8295 	 0.00256144	0.00535131
105 	 3720 	 0.829502 	 0.00256259	0.00535372
105 	 3725 	 0.829504 	 0.00256374	0.00535612
105 	 3730 	 0.829506 	 0.00256488	0.00535851
105 	 3735 	 0.829508 	 0.00256603	0.0053609
105 	 3740 	 0.82951 	 0.00256717	0.00536329
105 	 3745 	 0.829512 	 0.00256831	0.00536567
105 	 3750 	 0.829514 	 0.00256945	0.00536805
105 	 3755 	 0.829516 	 0.00257059	0.00537042
105 	 3760 	 0.829518 	 0.00257172	0.00537279
105 	 3765 	 0.82952 	 0.00257285	0.00537516
105 	 3770 	 0.829522 	 0.00257398	0.00537752
105 	 3775 	 0.829524 	 0.00257511	0.00537988
105 	 3780 	 0.829526 	 0.00257624	0.00538223
105 	 3785 	 0.829528 	 0.00257736	0.00538458
105 	 3790 	 0.82953 	 0.00257848	0.00538692
105 	 3795 	 0.829532 	 0.0025796	0.00538926
105 	 3800 	 0.829534 	 0.00258072	0.0053916
105 	 3805 	 0.829536 	 0.00258184	0.00539393
105 	 3810 	 0.829537 	 0.00258295	0.00539626
105 	 3815 	 0.829539 	 0.00258407	0.00539858
105 	 3820 	 0.829541 	 0.00258518	0.0054009
105 	 3825 	 0.829543 	 0.00258628	0.00540322
105 	 3830 	 0.829545 	 0.00258739	0.00540553
105 	 3835 	 0.829547 	 0.0025885	0.00540784
105 	 3840 	 0.829549 	 0.0025896	0.00541014
105 	 3845 	 0.829551 	 0.0025907	0.00541244
105 	 3850 	 0.829553 	 0.0025918	0.00541474
105 	 3855 	 0.829555 	 0.0025929	0.00541703
105 	 3860 	 0.829557 	 0.00259399	0.00541932
105 	 3865 	 0.829559 	 0.00259508	0.0054216
105 	 3870 	 0.82956 	 0.00259617	0.00542388
105 	 3875 	 0.829562 	 0.00259726	0.00542616
105 	 3880 	 0.829564 	 0.00259835	0.00542843
105 	 3885 	 0.829566 	 0.00259944	0.0054307
105 	 3890 	 0.829568 	 0.00260052	0.00543296
105 	 3895 	 0.82957 	 0.0026016	0.00543522
105 	 3900 	 0.829572 	 0.00260268	0.00543748
105 	 3905 	 0.829574 	 0.00260376	0.00543973
105 	 3910 	 0.829575 	 0.00260484	0.00544198
105 	 3915 	 0.829577 	 0.00260591	0.00544422
105 	 3920 	 0.829579 	 0.00260698	0.00544646
105 	 3925 	 0.829581 	 0.00260805	0.0054487
105 	 3930 	 0.829583 	 0.00260912	0.00545093
105 	 3935 	 0.829585 	 0.00261019	0.00545316
105 	 3940 	 0.829586 	 0.00261126	0.00545539
105 	 3945 	 0.829588 	 0.00261232	0.00545761
105 	 3950 	 0.82959 	 0.00261338	0.00545983
105 	 3955 	 0.829592 	 0.00261444	0.00546204
105 	 3960 	 0.829594 	 0.0026155	0.00546425
105 	 3965 	 0.829595 	 0.00261655	0.00546646
105 	 3970 	 0.829597 	 0.00261761	0.00546866
105 	 3975 	 0.829599 	 0.00261866	0.00547086
105 	 3980 	 0.829601 	 0.00261971	0.00547306
105 	 3985 	 0.829603 	 0.00262076	0.00547525
105 	 3990 	 0.829604 	 0.00262181	0.00547744
105 	 3995 	 0.829606 	 0.00262285	0.00547962
105 	 4000 	 0.829608 	 0.0026239	0.0054818
105 	 4005 	 0.82961 	 0.00262494	0.00548398
105 	 4010 	 0.829612 	 0.00262598	0.00548615
105 	 4015 	 0.829613 	 0.00262702	0.00548832
105 	 4020 	 0.829615 	 0.00262805	0.00549049
105 	 4025 	 0.829617 	 0.00262909	0.00549265
105 	 4030 	 0.829619 	 0.00263012	0.00549481
105 	 4035 	 0.82962 	 0.00263115	0.00549696
105 	 4040 	 0.829622 	 0.00263218	0.00549911
105 	 4045 	 0.829624 	 0.00263321	0.00550126
105 	 4050 	 0.829626 	 0.00263424	0.0055034
105 	 4055 	 0.829627 	 0.00263526	0.00550554
105 	 4060 	 0.829629 	 0.00263629	0.00550768
105 	 4065 	 0.829631 	 0.00263731	0.00550981
105 	 4070 	 0.829632 	 0.00263833	0.00551194
105 	 4075 	 0.829634 	 0.00263934	0.00551407
105 	 4080 	 0.829636 	 0.00264036	0.00551619
105 	 4085 	 0.829638 	 0.00264137	0.00551831
105 	 4090 	 0.829639 	 0.00264239	0.00552043
105 	 4095 	 0.829641 	 0.0026434	0.00552254
105 	 4100 	 0.829643 	 0.00264441	0.00552465
105 	 4105 	 0.829644 	 0.00264541	0.00552675
105 	 4110 	 0.829646 	 0.00264642	0.00552885
105 	 4115 	 0.829648 	 0.00264742	0.00553095
105 	 4120 	 0.829649 	 0.00264843	0.00553304
105 	 4125 	 0.829651 	 0.00264943	0.00553514
105 	 4130 	 0.829653 	 0.00265043	0.00553722
105 	 4135 	 0.829654 	 0.00265142	0.00553931
105 	 4140 	 0.829656 	 0.00265242	0.00554139
105 	 4145 	 0.829658 	 0.00265341	0.00554346
105 	 4150 	 0.829659 	 0.00265441	0.00554554
105 	 4155 	 0.829661 	 0.0026554	0.00554761
105 	 4160 	 0.829663 	 0.00265639	0.00554968
105 	 4165 	 0.829664 	 0.00265737	0.00555174
105 	 4170 	 0.829666 	 0.00265836	0.0055538
105 	 4175 	 0.829668 	 0.00265934	0.00555586
105 	 4180 	 0.829669 	 0.00266033	0.00555791
105 	 4185 	 0.829671 	 0.00266131	0.00555996
105 	 4190 	 0.829673 	 0.00266229	0.00556201
105 	 4195 	 0.829674 	 0.00266327	0.00556405
105 	 4200 	 0.829676 	 0.00266424	0.00556609
105 	 4205 	 0.829677 	 0.00266522	0.00556813
105 	 4210 	 0.829679 	 0.00266619	0.00557016
105 	 4215 	 0.829681 	 0.00266716	0.00557219
105 	 4220 	 0.829682 	 0.00266813	0.00557422
105 	 4225 	 0.829684 	 0.0026691	0.00557624
105 	 4230 	 0.829685 	 0.00267007	0.00557826
105 	 4235 	 0.829687 	 0.00267103	0.00558028
105 	 4240 	 0.829689 	 0.002672	0.00558229
105 	 4245 	 0.82969 	 0.00267296	0.0055843
105 	 4250 	 0.829692 	 0.00267392	0.00558631
105 	 4255 	 0.829693 	 0.00267488	0.00558831
105 	 4260 	 0.829695 	 0.00267584	0.00559031
105 	 4265 	 0.829697 	 0.00267679	0.00559231
105 	 4270 	 0.829698 	 0.00267775	0.0055943
105 	 4275 	 0.8297 	 0.0026787	0.0055963
105 	 4280 	 0.829701 	 0.00267965	0.00559828
105 	 4285 	 0.829703 	 0.0026806	0.00560027
105 	 4290 	 0.829704 	 0.00268155	0.00560225
105 	 4295 	 0.829706 	 0.0026825	0.00560423
105 	 4300 	 0.829708 	 0.00268344	0.0056062
105 	 4305 	 0.829709 	 0.00268439	0.00560817
105 	 4310 	 0.829711 	 0.00268533	0.00561014
105 	 4315 	 0.829712 	 0.00268627	0.00561211
105 	 4320 	 0.829714 	 0.00268721	0.00561407
105 	 4325 	 0.829715 	 0.00268815	0.00561603
105 	 4330 	 0.829717 	 0.00268908	0.00561799
105 	 4335 	 0.829718 	 0.00269002	0.00561994
105 	 4340 	 0.82972 	 0.00269095	0.00562189
105 	 4345 	 0.829721 	 0.00269188	0.00562384
105 	 4350 	 0.829723 	 0.00269281	0.00562578
105 	 4355 	 0.829724 	 0.00269374	0.00562772
105 	 4360 	 0.829726 	 0.00269467	0.00562966
105 	 4365 	 0.829727 	 0.0026956	0.00563159
105 	 4370 	 0.829729 	 0.00269652	0.00563353
105 	 4375 	 0.82973 	 0.00269745	0.00563545
105 	 4380 	 0.829732 	 0.00269837	0.00563738
105 	 4385 	 0.829733 	 0.00269929	0.0056393
105 	 4390 	 0.829735 	 0.00270021	0.00564122
105 	 4395 	 0.829736 	 0.00270112	0.00564314
105 	 4400 	 0.829738 	 0.00270204	0.00564505
105 	 4405 	 0.829739 	 0.00270295	0.00564696
105 	 4410 	 0.829741 	 0.00270387	0.00564887
105 	 4415 	 0.829742 	 0.00270478	0.00565077
105 	 4420 	 0.829744 	 0.00270569	0.00565267
105 	 4425 	 0.829745 	 0.0027066	0.00565457
105 	 4430 	 0.829747 	 0.0027075	0.00565647
105 	 4435 	 0.829748 	 0.00270841	0.00565836
105 	 4440 	 0.82975 	 0.00270931	0.00566025
105 	 4445 	 0.829751 	 0.00271022	0.00566214
105 	 4450 	 0.829753 	 0.00271112	0.00566402
105 	 4455 	 0.829754 	 0.00271202	0.0056659
105 	 4460 	 0.829756 	 0.00271292	0.00566778
105 	 4465 	 0.829757 	 0.00271381	0.00566965
105 	 4470 	 0.829758 	 0.00271471	0.00567153
105 	 4475 	 0.82976 	 0.00271561	0.00567339
105 	 4480 	 0.829761 	 0.0027165	0.00567526
105 	 4485 	 0.829763 	 0.00271739	0.00567712
105 	 4490 	 0.829764 	 0.00271828	0.00567898
105 	 4495 	 0.829766 	 0.00271917	0.00568084
105 	 4500 	 0.829767 	 0.00272006	0.0056827
105 	 4505 	 0.829768 	 0.00272094	0.00568455
105 	 4510 	 0.82977 	 0.00272183	0.0056864
105 	 4515 	 0.829771 	 0.00272271	0.00568824
105 	 4520 	 0.829773 	 0.00272359	0.00569009
105 	 4525 	 0.829774 	 0.00272448	0.00569193
105 	 4530 	 0.829776 	 0.00272535	0.00569376
105 	 4535 	 0.829777 	 0.00272623	0.0056956
105 	 4540 	 0.829778 	 0.00272711	0.00569743
105 	 4545 	 0.82978 	 0.00272799	0.00569926
105 	 4550 	 0.829781 	 0.00272886	0.00570108
105 	 4555 	 0.829783 	 0.00272973	0.00570291
105 	 4560 	 0.829784 	 0.0027306	0.00570473
105 	 4565 	 0.829785 	 0.00273147	0.00570655
105 	 4570 	 0.829787 	 0.00273234	0.00570836
105 	 4575 	 0.829788 	 0.00273321	0.00571017
105 	 4580 	 0.82979 	 0.00273408	0.00571198
105 	 4585 	 0.829791 	 0.00273494	0.00571379
105 	 4590 	 0.829792 	 0.0027358	0.00571559
105 	 4595 	 0.829794 	 0.00273667	0.0057174
105 	 4600 	 0.829795 	 0.00273753	0.00571919
105 	 4605 	 0.829796 	 0.00273839	0.00572099
105 	 4610 	 0.829798 	 0.00273925	0.00572278
105 	 4615 	 0.829799 	 0.0027401	0.00572457
105 	 4620 	 0.8298 	 0.00274096	0.00572636
105 	 4625 	 0.829802 	 0.00274181	0.00572815
105 	 4630 	 0.829803 	 0.00274267	0.00572993
105 	 4635 	 0.829805 	 0.00274352	0.00573171
105 	 4640 	 0.829806 	 0.00274437	0.00573349
105 	 4645 	 0.829807 	 0.00274522	0.00573526
105 	 4650 	 0.829809 	 0.00274607	0.00573703
105 	 4655 	 0.82981 	 0.00274691	0.0057388
105 	 4660 	 0.829811 	 0.00274776	0.00574057
105 	 4665 	 0.829813 	 0.0027486	0.00574233
105 	 4670 	 0.829814 	 0.00274944	0.00574409
105 	 4675 	 0.829815 	 0.00275029	0.00574585
105 	 4680 	 0.829817 	 0.00275113	0.00574761
105 	 4685 	 0.829818 	 0.00275197	0.00574936
105 	 4690 	 0.829819 	 0.0027528	0.00575111
105 	 4695 	 0.829821 	 0.00275364	0.00575286
105 	 4700 	 0.829822 	 0.00275448	0.0057546
105 	 4705 	 0.829823 	 0.00275531	0.00575634
105 	 4710 	 0.829825 	 0.00275614	0.00575808
105 	 4715 	 0.829826 	 0.00275697	0.00575982
105 	 4720 	 0.829827 	 0.0027578	0.00576156
105 	 4725 	 0.829828 	 0.00275863	0.00576329
105 	 4730 	 0.82983 	 0.00275946	0.00576502
105 	 4735 	 0.829831 	 0.00276029	0.00576675
105 	 4740 	 0.829832 	 0.00276111	0.00576847
105 	 4745 	 0.829834 	 0.00276194	0.00577019
105 	 4750 	 0.829835 	 0.00276276	0.00577191
105 	 4755 	 0.829836 	 0.00276358	0.00577363
105 	 4760 	 0.829838 	 0.0027644	0.00577534
105 	 4765 	 0.829839 	 0.00276522	0.00577706
105 	 4770 	 0.82984 	 0.00276604	0.00577876
105 	 4775 	 0.829841 	 0.00276686	0.00578047
105 	 4780 	 0.829843 	 0.00276767	0.00578218
105 	 4785 	 0.829844 	 0.00276849	0.00578388
105 	 4790 	 0.829845 	 0.0027693	0.00578558
105 	 4795 	 0.829846 	 0.00277011	0.00578727
105 	 4800 	 0.829848 	 0.00277093	0.00578897
105 	 4805 	 0.829849 	 0.00277174	0.00579066
105 	 4810 	 0.82985 	 0.00277254	0.00579235
105 	 4815 	 0.829852 	 0.00277335	0.00579404
105 	 4820 	 0.829853 	 0.00277416	0.00579572
105 	 4825 	 0.829854 	 0.00277496	0.0057974
105 	 4830 	 0.829855 	 0.00277577	0.00579908
105 	 4835 	 0.829857 	 0.00277657	0.00580076
105 	 4840 	 0.829858 	 0.00277737	0.00580243
105 	 4845 	 0.829859 	 0.00277817	0.00580411
105 	 4850 	 0.82986 	 0.00277897	0.00580578
105 	 4855 	 0.829862 	 0.00277977	0.00580744
105 	 4860 	 0.829863 	 0.00278057	0.00580911
105 	 4865 	 0.829864 	 0.00278136	0.00581077
105 	 4870 	 0.829865 	 0.00278216	0.00581243
105 	 4875 	 0.829866 	 0.00278295	0.00581409
105 	 4880 	 0.829868 	 0.00278374	0.00581574
105 	 4885 	 0.829869 	 0.00278453	0.0058174
105 	 4890 	 0.82987 	 0.00278532	0.00581905
105 	 4895 	 0.829871 	 0.00278611	0.0058207
105 	 4900 	 0.829873 	 0.0027869	0.00582234
105 	 4905 	 0.829874 	 0.00278769	0.00582398
105 	 4910 	 0.829875 	 0.00278847	0.00582563
105 	 4915 	 0.829876 	 0.00278926	0.00582726
105 	 4920 	 0.829877 	 0.00279004	0.0058289
105 	 4925 	 0.829879 	 0.00279082	0.00583053
105 	 4930 	 0.82988 	 0.0027916	0.00583217
105 	 4935 	 0.829881 	 0.00279238	0.0058338
105 	 4940 	 0.829882 	 0.00279316	0.00583542
105 	 4945 	 0.829883 	 0.00279394	0.00583705
105 	 4950 	 0.829885 	 0.00279472	0.00583867
105 	 4955 	 0.829886 	 0.00279549	0.00584029
105 	 4960 	 0.829887 	 0.00279626	0.00584191
105 	 4965 	 0.829888 	 0.00279704	0.00584352
105 	 4970 	 0.829889 	 0.00279781	0.00584513
105 	 4975 	 0.829891 	 0.00279858	0.00584675
105 	 4980 	 0.829892 	 0.00279935	0.00584835
105 	 4985 	 0.829893 	 0.00280012	0.00584996
105 	 4990 	 0.829894 	 0.00280089	0.00585156
105 	 4995 	 0.829895 	 0.00280165	0.00585317
105 	 5000 	 0.829897 	 0.00280242	0.00585477
