2025 	 5 	 0.7282 	 0.0065928	0.0137736
2025 	 10 	 0.728801 	 0.00619434	0.0129411
2025 	 15 	 0.729937 	 0.00557246	0.0116419
2025 	 20 	 0.732046 	 0.00469476	0.0098082
2025 	 25 	 0.735836 	 0.00369835	0.00772653
2025 	 30 	 0.742255 	 0.00305308	0.00637843
2025 	 35 	 0.752113 	 0.00295287	0.00616909
2025 	 40 	 0.76519 	 0.00263977	0.00551496
2025 	 45 	 0.780544 	 0.00280497	0.00586009
2025 	 50 	 0.794713 	 0.00272522	0.00569347
2025 	 55 	 0.805397 	 0.00245374	0.00512631
2025 	 60 	 0.812608 	 0.00205583	0.00429501
2025 	 65 	 0.817229 	 0.00181029	0.00378202
2025 	 70 	 0.820205 	 0.00177448	0.00370722
2025 	 75 	 0.82222 	 0.00182711	0.00381717
2025 	 80 	 0.823691 	 0.00188289	0.00393369
2025 	 85 	 0.824856 	 0.00192144	0.00401424
2025 	 90 	 0.825845 	 0.00194716	0.00406796
2025 	 95 	 0.826727 	 0.00196724	0.00410992
2025 	 100 	 0.827539 	 0.00198597	0.00414906
2025 	 105 	 0.828301 	 0.0020048	0.00418839
2025 	 110 	 0.829024 	 0.00202356	0.00422758
2025 	 115 	 0.829714 	 0.00204151	0.00426509
2025 	 120 	 0.830375 	 0.00205789	0.0042993
2025 	 125 	 0.83101 	 0.00207212	0.00432904
2025 	 130 	 0.83162 	 0.00208389	0.00435364
2025 	 135 	 0.832207 	 0.0020931	0.00437286
2025 	 140 	 0.832772 	 0.00209979	0.00438684
2025 	 145 	 0.833316 	 0.00210413	0.00439591
2025 	 150 	 0.83384 	 0.00210635	0.00440056
2025 	 155 	 0.834345 	 0.00210673	0.00440134
2025 	 160 	 0.834832 	 0.00210552	0.00439881
2025 	 165 	 0.835301 	 0.00210299	0.00439353
2025 	 170 	 0.835754 	 0.0020994	0.00438603
2025 	 175 	 0.836191 	 0.00209498	0.00437679
2025 	 180 	 0.836613 	 0.00208993	0.00436624
2025 	 185 	 0.837021 	 0.00208443	0.00435476
2025 	 190 	 0.837414 	 0.00207865	0.00434268
2025 	 195 	 0.837795 	 0.00207272	0.00433029
2025 	 200 	 0.838162 	 0.00206675	0.00431781
2025 	 205 	 0.838518 	 0.00206084	0.00430547
2025 	 210 	 0.838862 	 0.00205507	0.00429341
2025 	 215 	 0.839195 	 0.0020495	0.00428178
2025 	 220 	 0.839517 	 0.00204418	0.00427067
2025 	 225 	 0.839829 	 0.00203916	0.00426017
2025 	 230 	 0.840131 	 0.00203446	0.00425035
2025 	 235 	 0.840424 	 0.0020301	0.00424124
2025 	 240 	 0.840708 	 0.0020261	0.00423289
2025 	 245 	 0.840984 	 0.00202246	0.00422529
2025 	 250 	 0.841251 	 0.0020192	0.00421848
2025 	 255 	 0.841511 	 0.00201631	0.00421243
2025 	 260 	 0.841763 	 0.00201378	0.00420715
2025 	 265 	 0.842008 	 0.00201161	0.00420262
2025 	 270 	 0.842245 	 0.0020098	0.00419884
2025 	 275 	 0.842476 	 0.00200833	0.00419577
2025 	 280 	 0.842701 	 0.00200719	0.00419339
2025 	 285 	 0.842919 	 0.00200638	0.00419169
2025 	 290 	 0.843132 	 0.00200588	0.00419064
2025 	 295 	 0.843339 	 0.00200567	0.00419021
2025 	 300 	 0.84354 	 0.00200575	0.00419038
2025 	 305 	 0.843736 	 0.0020061	0.00419112
2025 	 310 	 0.843927 	 0.00200672	0.0041924
2025 	 315 	 0.844113 	 0.00200758	0.00419421
2025 	 320 	 0.844295 	 0.00200868	0.00419651
2025 	 325 	 0.844472 	 0.00201001	0.00419928
2025 	 330 	 0.844644 	 0.00201156	0.00420251
2025 	 335 	 0.844812 	 0.00201331	0.00420617
2025 	 340 	 0.844976 	 0.00201525	0.00421023
2025 	 345 	 0.845136 	 0.00201738	0.00421468
2025 	 350 	 0.845293 	 0.00201969	0.0042195
2025 	 355 	 0.845446 	 0.00202216	0.00422467
2025 	 360 	 0.845595 	 0.0020248	0.00423017
2025 	 365 	 0.84574 	 0.00202758	0.00423599
2025 	 370 	 0.845883 	 0.00203051	0.00424211
2025 	 375 	 0.846022 	 0.00203358	0.00424851
2025 	 380 	 0.846158 	 0.00203677	0.00425519
2025 	 385 	 0.846291 	 0.00204009	0.00426212
2025 	 390 	 0.846422 	 0.00204353	0.0042693
2025 	 395 	 0.846549 	 0.00204707	0.00427671
2025 	 400 	 0.846674 	 0.00205073	0.00428434
2025 	 405 	 0.846796 	 0.00205448	0.00429218
2025 	 410 	 0.846915 	 0.00205833	0.00430022
2025 	 415 	 0.847032 	 0.00206227	0.00430846
2025 	 420 	 0.847147 	 0.0020663	0.00431687
2025 	 425 	 0.847259 	 0.0020704	0.00432545
2025 	 430 	 0.847369 	 0.00207459	0.0043342
2025 	 435 	 0.847477 	 0.00207885	0.0043431
2025 	 440 	 0.847583 	 0.00208318	0.00435215
2025 	 445 	 0.847686 	 0.00208758	0.00436134
2025 	 450 	 0.847788 	 0.00209204	0.00437066
2025 	 455 	 0.847888 	 0.00209657	0.00438011
2025 	 460 	 0.847985 	 0.00210115	0.00438968
2025 	 465 	 0.848081 	 0.00210578	0.00439937
2025 	 470 	 0.848176 	 0.00211047	0.00440916
2025 	 475 	 0.848268 	 0.00211521	0.00441906
2025 	 480 	 0.848359 	 0.00211999	0.00442905
2025 	 485 	 0.848448 	 0.00212482	0.00443914
2025 	 490 	 0.848535 	 0.00212969	0.00444932
2025 	 495 	 0.848621 	 0.0021346	0.00445957
2025 	 500 	 0.848705 	 0.00213955	0.00446991
2025 	 505 	 0.848788 	 0.00214454	0.00448033
2025 	 510 	 0.84887 	 0.00214955	0.00449081
2025 	 515 	 0.84895 	 0.00215461	0.00450136
2025 	 520 	 0.849029 	 0.00215969	0.00451198
2025 	 525 	 0.849106 	 0.0021648	0.00452265
2025 	 530 	 0.849182 	 0.00216993	0.00453338
2025 	 535 	 0.849257 	 0.00217509	0.00454417
2025 	 540 	 0.84933 	 0.00218028	0.004555
2025 	 545 	 0.849403 	 0.00218549	0.00456588
2025 	 550 	 0.849474 	 0.00219072	0.00457681
2025 	 555 	 0.849544 	 0.00219597	0.00458777
2025 	 560 	 0.849613 	 0.00220123	0.00459878
2025 	 565 	 0.849681 	 0.00220652	0.00460982
2025 	 570 	 0.849747 	 0.00221182	0.00462089
2025 	 575 	 0.849813 	 0.00221713	0.004632
2025 	 580 	 0.849878 	 0.00222246	0.00464313
2025 	 585 	 0.849942 	 0.0022278	0.00465429
2025 	 590 	 0.850004 	 0.00223316	0.00466547
2025 	 595 	 0.850066 	 0.00223852	0.00467667
2025 	 600 	 0.850127 	 0.00224389	0.0046879
2025 	 605 	 0.850187 	 0.00224927	0.00469914
2025 	 610 	 0.850246 	 0.00225466	0.0047104
2025 	 615 	 0.850304 	 0.00226006	0.00472167
2025 	 620 	 0.850362 	 0.00226546	0.00473295
2025 	 625 	 0.850418 	 0.00227086	0.00474425
2025 	 630 	 0.850474 	 0.00227627	0.00475555
2025 	 635 	 0.850529 	 0.00228169	0.00476686
2025 	 640 	 0.850583 	 0.0022871	0.00477818
2025 	 645 	 0.850636 	 0.00229252	0.0047895
2025 	 650 	 0.850689 	 0.00229794	0.00480082
2025 	 655 	 0.850741 	 0.00230336	0.00481215
2025 	 660 	 0.850792 	 0.00230879	0.00482347
2025 	 665 	 0.850843 	 0.00231421	0.0048348
2025 	 670 	 0.850892 	 0.00231963	0.00484612
2025 	 675 	 0.850941 	 0.00232504	0.00485744
2025 	 680 	 0.85099 	 0.00233046	0.00486875
2025 	 685 	 0.851038 	 0.00233587	0.00488006
2025 	 690 	 0.851085 	 0.00234128	0.00489136
2025 	 695 	 0.851132 	 0.00234669	0.00490266
2025 	 700 	 0.851178 	 0.00235209	0.00491394
2025 	 705 	 0.851223 	 0.00235748	0.00492521
2025 	 710 	 0.851268 	 0.00236288	0.00493648
2025 	 715 	 0.851312 	 0.00236826	0.00494773
2025 	 720 	 0.851356 	 0.00237364	0.00495897
2025 	 725 	 0.851399 	 0.00237901	0.00497019
2025 	 730 	 0.851442 	 0.00238438	0.00498141
2025 	 735 	 0.851484 	 0.00238974	0.0049926
2025 	 740 	 0.851525 	 0.00239509	0.00500378
2025 	 745 	 0.851566 	 0.00240043	0.00501495
2025 	 750 	 0.851607 	 0.00240577	0.00502609
2025 	 755 	 0.851647 	 0.0024111	0.00503722
2025 	 760 	 0.851686 	 0.00241641	0.00504833
2025 	 765 	 0.851726 	 0.00242172	0.00505942
2025 	 770 	 0.851764 	 0.00242702	0.00507049
2025 	 775 	 0.851802 	 0.00243231	0.00508154
2025 	 780 	 0.85184 	 0.00243759	0.00509257
2025 	 785 	 0.851877 	 0.00244286	0.00510358
2025 	 790 	 0.851914 	 0.00244812	0.00511456
2025 	 795 	 0.851951 	 0.00245337	0.00512553
2025 	 800 	 0.851987 	 0.0024586	0.00513647
2025 	 805 	 0.852022 	 0.00246383	0.00514738
2025 	 810 	 0.852058 	 0.00246904	0.00515828
2025 	 815 	 0.852092 	 0.00247424	0.00516914
2025 	 820 	 0.852127 	 0.00247943	0.00517999
2025 	 825 	 0.852161 	 0.00248461	0.00519081
2025 	 830 	 0.852195 	 0.00248978	0.0052016
2025 	 835 	 0.852228 	 0.00249493	0.00521237
2025 	 840 	 0.852261 	 0.00250007	0.00522311
2025 	 845 	 0.852293 	 0.0025052	0.00523382
2025 	 850 	 0.852326 	 0.00251032	0.00524451
2025 	 855 	 0.852357 	 0.00251542	0.00525517
2025 	 860 	 0.852389 	 0.00252051	0.0052658
2025 	 865 	 0.85242 	 0.00252559	0.00527641
2025 	 870 	 0.852451 	 0.00253065	0.00528699
2025 	 875 	 0.852482 	 0.0025357	0.00529753
2025 	 880 	 0.852512 	 0.00254073	0.00530806
2025 	 885 	 0.852542 	 0.00254576	0.00531855
2025 	 890 	 0.852571 	 0.00255076	0.00532901
2025 	 895 	 0.852601 	 0.00255576	0.00533944
2025 	 900 	 0.85263 	 0.00256074	0.00534985
2025 	 905 	 0.852658 	 0.0025657	0.00536022
2025 	 910 	 0.852687 	 0.00257066	0.00537057
2025 	 915 	 0.852715 	 0.00257559	0.00538089
2025 	 920 	 0.852743 	 0.00258052	0.00539117
2025 	 925 	 0.85277 	 0.00258543	0.00540143
2025 	 930 	 0.852798 	 0.00259032	0.00541166
2025 	 935 	 0.852825 	 0.0025952	0.00542185
2025 	 940 	 0.852852 	 0.00260007	0.00543202
2025 	 945 	 0.852878 	 0.00260492	0.00544215
2025 	 950 	 0.852904 	 0.00260976	0.00545226
2025 	 955 	 0.85293 	 0.00261458	0.00546233
2025 	 960 	 0.852956 	 0.00261938	0.00547237
2025 	 965 	 0.852982 	 0.00262418	0.00548238
2025 	 970 	 0.853007 	 0.00262895	0.00549236
2025 	 975 	 0.853032 	 0.00263372	0.00550231
2025 	 980 	 0.853057 	 0.00263846	0.00551223
2025 	 985 	 0.853081 	 0.0026432	0.00552212
2025 	 990 	 0.853106 	 0.00264791	0.00553198
2025 	 995 	 0.85313 	 0.00265262	0.0055418
2025 	 1000 	 0.853154 	 0.00265731	0.0055516
2025 	 1005 	 0.853177 	 0.00266198	0.00556136
2025 	 1010 	 0.853201 	 0.00266664	0.00557109
2025 	 1015 	 0.853224 	 0.00267128	0.00558079
2025 	 1020 	 0.853247 	 0.00267591	0.00559046
2025 	 1025 	 0.85327 	 0.00268052	0.0056001
2025 	 1030 	 0.853292 	 0.00268512	0.0056097
2025 	 1035 	 0.853315 	 0.0026897	0.00561928
2025 	 1040 	 0.853337 	 0.00269427	0.00562882
2025 	 1045 	 0.853359 	 0.00269882	0.00563833
2025 	 1050 	 0.853381 	 0.00270336	0.00564781
2025 	 1055 	 0.853402 	 0.00270788	0.00565726
2025 	 1060 	 0.853424 	 0.00271239	0.00566668
2025 	 1065 	 0.853445 	 0.00271689	0.00567607
2025 	 1070 	 0.853466 	 0.00272136	0.00568543
2025 	 1075 	 0.853487 	 0.00272583	0.00569475
2025 	 1080 	 0.853508 	 0.00273028	0.00570404
2025 	 1085 	 0.853528 	 0.00273471	0.00571331
2025 	 1090 	 0.853549 	 0.00273913	0.00572254
2025 	 1095 	 0.853569 	 0.00274353	0.00573174
2025 	 1100 	 0.853589 	 0.00274792	0.00574091
2025 	 1105 	 0.853609 	 0.0027523	0.00575005
2025 	 1110 	 0.853629 	 0.00275666	0.00575915
2025 	 1115 	 0.853648 	 0.002761	0.00576823
2025 	 1120 	 0.853667 	 0.00276533	0.00577728
2025 	 1125 	 0.853687 	 0.00276965	0.00578629
2025 	 1130 	 0.853706 	 0.00277395	0.00579528
2025 	 1135 	 0.853725 	 0.00277823	0.00580423
2025 	 1140 	 0.853743 	 0.0027825	0.00581316
2025 	 1145 	 0.853762 	 0.00278676	0.00582205
2025 	 1150 	 0.85378 	 0.002791	0.00583091
2025 	 1155 	 0.853799 	 0.00279523	0.00583975
2025 	 1160 	 0.853817 	 0.00279944	0.00584855
2025 	 1165 	 0.853835 	 0.00280364	0.00585732
2025 	 1170 	 0.853853 	 0.00280783	0.00586606
2025 	 1175 	 0.85387 	 0.002812	0.00587477
2025 	 1180 	 0.853888 	 0.00281615	0.00588346
2025 	 1185 	 0.853905 	 0.00282029	0.00589211
2025 	 1190 	 0.853923 	 0.00282442	0.00590073
2025 	 1195 	 0.85394 	 0.00282854	0.00590933
2025 	 1200 	 0.853957 	 0.00283263	0.00591789
2025 	 1205 	 0.853974 	 0.00283672	0.00592642
2025 	 1210 	 0.853991 	 0.00284079	0.00593493
2025 	 1215 	 0.854007 	 0.00284485	0.0059434
2025 	 1220 	 0.854024 	 0.00284889	0.00595185
2025 	 1225 	 0.85404 	 0.00285292	0.00596027
2025 	 1230 	 0.854057 	 0.00285693	0.00596866
2025 	 1235 	 0.854073 	 0.00286094	0.00597701
2025 	 1240 	 0.854089 	 0.00286492	0.00598535
2025 	 1245 	 0.854105 	 0.0028689	0.00599365
2025 	 1250 	 0.854121 	 0.00287286	0.00600192
2025 	 1255 	 0.854136 	 0.0028768	0.00601016
2025 	 1260 	 0.854152 	 0.00288074	0.00601838
2025 	 1265 	 0.854167 	 0.00288465	0.00602657
2025 	 1270 	 0.854183 	 0.00288856	0.00603473
2025 	 1275 	 0.854198 	 0.00289245	0.00604286
2025 	 1280 	 0.854213 	 0.00289633	0.00605096
2025 	 1285 	 0.854228 	 0.0029002	0.00605904
2025 	 1290 	 0.854243 	 0.00290405	0.00606709
2025 	 1295 	 0.854258 	 0.00290789	0.00607511
2025 	 1300 	 0.854272 	 0.00291171	0.0060831
2025 	 1305 	 0.854287 	 0.00291552	0.00609106
2025 	 1310 	 0.854301 	 0.00291932	0.006099
2025 	 1315 	 0.854316 	 0.00292311	0.00610691
2025 	 1320 	 0.85433 	 0.00292688	0.00611479
2025 	 1325 	 0.854344 	 0.00293064	0.00612265
2025 	 1330 	 0.854358 	 0.00293439	0.00613048
2025 	 1335 	 0.854372 	 0.00293812	0.00613828
2025 	 1340 	 0.854386 	 0.00294185	0.00614605
2025 	 1345 	 0.8544 	 0.00294555	0.0061538
2025 	 1350 	 0.854414 	 0.00294925	0.00616152
2025 	 1355 	 0.854427 	 0.00295293	0.00616922
2025 	 1360 	 0.854441 	 0.0029566	0.00617688
2025 	 1365 	 0.854454 	 0.00296026	0.00618453
2025 	 1370 	 0.854468 	 0.00296391	0.00619214
2025 	 1375 	 0.854481 	 0.00296754	0.00619973
2025 	 1380 	 0.854494 	 0.00297116	0.0062073
2025 	 1385 	 0.854507 	 0.00297477	0.00621484
2025 	 1390 	 0.85452 	 0.00297837	0.00622235
2025 	 1395 	 0.854533 	 0.00298195	0.00622983
2025 	 1400 	 0.854546 	 0.00298552	0.0062373
2025 	 1405 	 0.854559 	 0.00298908	0.00624473
2025 	 1410 	 0.854571 	 0.00299263	0.00625214
2025 	 1415 	 0.854584 	 0.00299616	0.00625953
2025 	 1420 	 0.854596 	 0.00299968	0.00626689
2025 	 1425 	 0.854609 	 0.0030032	0.00627422
2025 	 1430 	 0.854621 	 0.0030067	0.00628153
2025 	 1435 	 0.854633 	 0.00301018	0.00628882
2025 	 1440 	 0.854645 	 0.00301366	0.00629608
2025 	 1445 	 0.854658 	 0.00301712	0.00630332
2025 	 1450 	 0.85467 	 0.00302057	0.00631053
2025 	 1455 	 0.854681 	 0.00302401	0.00631772
2025 	 1460 	 0.854693 	 0.00302744	0.00632488
2025 	 1465 	 0.854705 	 0.00303086	0.00633202
2025 	 1470 	 0.854717 	 0.00303427	0.00633913
2025 	 1475 	 0.854728 	 0.00303766	0.00634622
2025 	 1480 	 0.85474 	 0.00304104	0.00635329
2025 	 1485 	 0.854752 	 0.00304441	0.00636033
2025 	 1490 	 0.854763 	 0.00304777	0.00636735
2025 	 1495 	 0.854774 	 0.00305112	0.00637435
2025 	 1500 	 0.854786 	 0.00305446	0.00638132
2025 	 1505 	 0.854797 	 0.00305779	0.00638827
2025 	 1510 	 0.854808 	 0.0030611	0.0063952
2025 	 1515 	 0.854819 	 0.00306441	0.0064021
2025 	 1520 	 0.85483 	 0.0030677	0.00640898
2025 	 1525 	 0.854841 	 0.00307098	0.00641584
2025 	 1530 	 0.854852 	 0.00307425	0.00642267
2025 	 1535 	 0.854863 	 0.00307751	0.00642949
2025 	 1540 	 0.854873 	 0.00308076	0.00643627
2025 	 1545 	 0.854884 	 0.003084	0.00644304
2025 	 1550 	 0.854895 	 0.00308723	0.00644978
2025 	 1555 	 0.854905 	 0.00309045	0.00645651
2025 	 1560 	 0.854916 	 0.00309365	0.00646321
2025 	 1565 	 0.854926 	 0.00309685	0.00646988
2025 	 1570 	 0.854936 	 0.00310004	0.00647654
2025 	 1575 	 0.854947 	 0.00310321	0.00648317
2025 	 1580 	 0.854957 	 0.00310637	0.00648978
2025 	 1585 	 0.854967 	 0.00310953	0.00649637
2025 	 1590 	 0.854977 	 0.00311267	0.00650294
2025 	 1595 	 0.854987 	 0.00311581	0.00650949
2025 	 1600 	 0.854997 	 0.00311893	0.00651601
2025 	 1605 	 0.855007 	 0.00312204	0.00652252
2025 	 1610 	 0.855017 	 0.00312515	0.006529
2025 	 1615 	 0.855027 	 0.00312824	0.00653546
2025 	 1620 	 0.855037 	 0.00313132	0.0065419
2025 	 1625 	 0.855046 	 0.00313439	0.00654832
2025 	 1630 	 0.855056 	 0.00313746	0.00655472
2025 	 1635 	 0.855066 	 0.00314051	0.0065611
2025 	 1640 	 0.855075 	 0.00314355	0.00656745
2025 	 1645 	 0.855085 	 0.00314659	0.00657379
2025 	 1650 	 0.855094 	 0.00314961	0.00658011
2025 	 1655 	 0.855104 	 0.00315262	0.0065864
2025 	 1660 	 0.855113 	 0.00315563	0.00659268
2025 	 1665 	 0.855122 	 0.00315862	0.00659893
2025 	 1670 	 0.855132 	 0.0031616	0.00660517
2025 	 1675 	 0.855141 	 0.00316458	0.00661138
2025 	 1680 	 0.85515 	 0.00316754	0.00661758
2025 	 1685 	 0.855159 	 0.0031705	0.00662375
2025 	 1690 	 0.855168 	 0.00317345	0.00662991
2025 	 1695 	 0.855177 	 0.00317638	0.00663604
2025 	 1700 	 0.855186 	 0.00317931	0.00664216
2025 	 1705 	 0.855195 	 0.00318223	0.00664826
2025 	 1710 	 0.855204 	 0.00318514	0.00665433
2025 	 1715 	 0.855212 	 0.00318804	0.00666039
2025 	 1720 	 0.855221 	 0.00319093	0.00666643
2025 	 1725 	 0.85523 	 0.00319381	0.00667245
2025 	 1730 	 0.855239 	 0.00319668	0.00667845
2025 	 1735 	 0.855247 	 0.00319954	0.00668443
2025 	 1740 	 0.855256 	 0.0032024	0.00669039
2025 	 1745 	 0.855264 	 0.00320524	0.00669634
2025 	 1750 	 0.855273 	 0.00320808	0.00670226
2025 	 1755 	 0.855281 	 0.00321091	0.00670817
2025 	 1760 	 0.85529 	 0.00321373	0.00671406
2025 	 1765 	 0.855298 	 0.00321654	0.00671993
2025 	 1770 	 0.855306 	 0.00321934	0.00672578
2025 	 1775 	 0.855314 	 0.00322213	0.00673161
2025 	 1780 	 0.855323 	 0.00322491	0.00673743
2025 	 1785 	 0.855331 	 0.00322769	0.00674322
2025 	 1790 	 0.855339 	 0.00323045	0.006749
2025 	 1795 	 0.855347 	 0.00323321	0.00675476
2025 	 1800 	 0.855355 	 0.00323596	0.0067605
2025 	 1805 	 0.855363 	 0.0032387	0.00676623
2025 	 1810 	 0.855371 	 0.00324143	0.00677194
2025 	 1815 	 0.855379 	 0.00324415	0.00677763
2025 	 1820 	 0.855387 	 0.00324687	0.0067833
2025 	 1825 	 0.855395 	 0.00324957	0.00678895
2025 	 1830 	 0.855402 	 0.00325227	0.00679459
2025 	 1835 	 0.85541 	 0.00325496	0.00680021
2025 	 1840 	 0.855418 	 0.00325764	0.00680581
2025 	 1845 	 0.855426 	 0.00326032	0.0068114
2025 	 1850 	 0.855433 	 0.00326298	0.00681696
2025 	 1855 	 0.855441 	 0.00326564	0.00682251
2025 	 1860 	 0.855448 	 0.00326829	0.00682805
2025 	 1865 	 0.855456 	 0.00327093	0.00683357
2025 	 1870 	 0.855463 	 0.00327356	0.00683907
2025 	 1875 	 0.855471 	 0.00327619	0.00684455
2025 	 1880 	 0.855478 	 0.0032788	0.00685002
2025 	 1885 	 0.855486 	 0.00328141	0.00685547
2025 	 1890 	 0.855493 	 0.00328401	0.0068609
2025 	 1895 	 0.8555 	 0.00328661	0.00686632
2025 	 1900 	 0.855508 	 0.00328919	0.00687172
2025 	 1905 	 0.855515 	 0.00329177	0.00687711
2025 	 1910 	 0.855522 	 0.00329434	0.00688248
2025 	 1915 	 0.855529 	 0.0032969	0.00688783
2025 	 1920 	 0.855536 	 0.00329946	0.00689316
2025 	 1925 	 0.855544 	 0.003302	0.00689849
2025 	 1930 	 0.855551 	 0.00330454	0.00690379
2025 	 1935 	 0.855558 	 0.00330707	0.00690908
2025 	 1940 	 0.855565 	 0.0033096	0.00691435
2025 	 1945 	 0.855572 	 0.00331211	0.00691961
2025 	 1950 	 0.855579 	 0.00331462	0.00692485
2025 	 1955 	 0.855585 	 0.00331712	0.00693008
2025 	 1960 	 0.855592 	 0.00331962	0.00693529
2025 	 1965 	 0.855599 	 0.00332211	0.00694048
2025 	 1970 	 0.855606 	 0.00332458	0.00694566
2025 	 1975 	 0.855613 	 0.00332706	0.00695083
2025 	 1980 	 0.855619 	 0.00332952	0.00695598
2025 	 1985 	 0.855626 	 0.00333198	0.00696111
2025 	 1990 	 0.855633 	 0.00333443	0.00696623
2025 	 1995 	 0.855639 	 0.00333687	0.00697134
2025 	 2000 	 0.855646 	 0.00333931	0.00697642
2025 	 2005 	 0.855653 	 0.00334174	0.0069815
2025 	 2010 	 0.855659 	 0.00334416	0.00698656
2025 	 2015 	 0.855666 	 0.00334657	0.0069916
2025 	 2020 	 0.855672 	 0.00334898	0.00699663
2025 	 2025 	 0.855679 	 0.00335138	0.00700165
2025 	 2030 	 0.855685 	 0.00335378	0.00700665
2025 	 2035 	 0.855692 	 0.00335616	0.00701164
2025 	 2040 	 0.855698 	 0.00335854	0.00701661
2025 	 2045 	 0.855704 	 0.00336092	0.00702157
2025 	 2050 	 0.855711 	 0.00336328	0.00702651
2025 	 2055 	 0.855717 	 0.00336564	0.00703144
2025 	 2060 	 0.855723 	 0.00336799	0.00703635
2025 	 2065 	 0.855729 	 0.00337034	0.00704125
2025 	 2070 	 0.855736 	 0.00337268	0.00704614
2025 	 2075 	 0.855742 	 0.00337501	0.00705101
2025 	 2080 	 0.855748 	 0.00337734	0.00705587
2025 	 2085 	 0.855754 	 0.00337966	0.00706072
2025 	 2090 	 0.85576 	 0.00338197	0.00706555
2025 	 2095 	 0.855766 	 0.00338427	0.00707036
2025 	 2100 	 0.855772 	 0.00338657	0.00707517
2025 	 2105 	 0.855778 	 0.00338887	0.00707996
2025 	 2110 	 0.855784 	 0.00339115	0.00708473
2025 	 2115 	 0.85579 	 0.00339343	0.0070895
2025 	 2120 	 0.855796 	 0.00339571	0.00709425
2025 	 2125 	 0.855802 	 0.00339797	0.00709898
2025 	 2130 	 0.855808 	 0.00340023	0.00710371
2025 	 2135 	 0.855814 	 0.00340249	0.00710841
2025 	 2140 	 0.85582 	 0.00340473	0.00711311
2025 	 2145 	 0.855825 	 0.00340698	0.00711779
2025 	 2150 	 0.855831 	 0.00340921	0.00712246
2025 	 2155 	 0.855837 	 0.00341144	0.00712712
2025 	 2160 	 0.855843 	 0.00341366	0.00713176
2025 	 2165 	 0.855848 	 0.00341588	0.00713639
2025 	 2170 	 0.855854 	 0.00341809	0.00714101
2025 	 2175 	 0.85586 	 0.00342029	0.00714562
2025 	 2180 	 0.855865 	 0.00342249	0.00715021
2025 	 2185 	 0.855871 	 0.00342468	0.00715479
2025 	 2190 	 0.855877 	 0.00342687	0.00715936
2025 	 2195 	 0.855882 	 0.00342905	0.00716391
2025 	 2200 	 0.855888 	 0.00343122	0.00716845
2025 	 2205 	 0.855893 	 0.00343339	0.00717298
2025 	 2210 	 0.855899 	 0.00343555	0.0071775
2025 	 2215 	 0.855904 	 0.00343771	0.007182
2025 	 2220 	 0.85591 	 0.00343986	0.00718649
2025 	 2225 	 0.855915 	 0.003442	0.00719097
2025 	 2230 	 0.855921 	 0.00344414	0.00719544
2025 	 2235 	 0.855926 	 0.00344627	0.00719989
2025 	 2240 	 0.855931 	 0.0034484	0.00720434
2025 	 2245 	 0.855937 	 0.00345052	0.00720877
2025 	 2250 	 0.855942 	 0.00345264	0.00721319
2025 	 2255 	 0.855947 	 0.00345475	0.00721759
2025 	 2260 	 0.855953 	 0.00345685	0.00722199
2025 	 2265 	 0.855958 	 0.00345895	0.00722637
2025 	 2270 	 0.855963 	 0.00346104	0.00723074
2025 	 2275 	 0.855968 	 0.00346313	0.0072351
2025 	 2280 	 0.855973 	 0.00346521	0.00723945
2025 	 2285 	 0.855979 	 0.00346728	0.00724378
2025 	 2290 	 0.855984 	 0.00346935	0.00724811
2025 	 2295 	 0.855989 	 0.00347142	0.00725242
2025 	 2300 	 0.855994 	 0.00347347	0.00725672
2025 	 2305 	 0.855999 	 0.00347553	0.00726101
2025 	 2310 	 0.856004 	 0.00347757	0.00726529
2025 	 2315 	 0.856009 	 0.00347962	0.00726955
2025 	 2320 	 0.856014 	 0.00348165	0.00727381
2025 	 2325 	 0.856019 	 0.00348368	0.00727805
2025 	 2330 	 0.856024 	 0.00348571	0.00728228
2025 	 2335 	 0.856029 	 0.00348773	0.00728651
2025 	 2340 	 0.856034 	 0.00348975	0.00729072
2025 	 2345 	 0.856039 	 0.00349176	0.00729491
2025 	 2350 	 0.856044 	 0.00349376	0.0072991
2025 	 2355 	 0.856049 	 0.00349576	0.00730328
2025 	 2360 	 0.856054 	 0.00349775	0.00730744
2025 	 2365 	 0.856059 	 0.00349974	0.0073116
2025 	 2370 	 0.856063 	 0.00350173	0.00731574
2025 	 2375 	 0.856068 	 0.0035037	0.00731988
2025 	 2380 	 0.856073 	 0.00350568	0.007324
2025 	 2385 	 0.856078 	 0.00350764	0.00732811
2025 	 2390 	 0.856082 	 0.00350961	0.00733221
2025 	 2395 	 0.856087 	 0.00351157	0.0073363
2025 	 2400 	 0.856092 	 0.00351352	0.00734038
2025 	 2405 	 0.856097 	 0.00351547	0.00734445
2025 	 2410 	 0.856101 	 0.00351741	0.00734851
2025 	 2415 	 0.856106 	 0.00351935	0.00735255
2025 	 2420 	 0.856111 	 0.00352128	0.00735659
2025 	 2425 	 0.856115 	 0.0035232	0.00736062
2025 	 2430 	 0.85612 	 0.00352513	0.00736463
2025 	 2435 	 0.856124 	 0.00352704	0.00736864
2025 	 2440 	 0.856129 	 0.00352896	0.00737263
2025 	 2445 	 0.856134 	 0.00353086	0.00737662
2025 	 2450 	 0.856138 	 0.00353277	0.00738059
2025 	 2455 	 0.856143 	 0.00353467	0.00738456
2025 	 2460 	 0.856147 	 0.00353656	0.00738851
2025 	 2465 	 0.856152 	 0.00353845	0.00739246
2025 	 2470 	 0.856156 	 0.00354033	0.00739639
2025 	 2475 	 0.856161 	 0.00354221	0.00740032
2025 	 2480 	 0.856165 	 0.00354408	0.00740423
2025 	 2485 	 0.856169 	 0.00354595	0.00740814
2025 	 2490 	 0.856174 	 0.00354781	0.00741203
2025 	 2495 	 0.856178 	 0.00354967	0.00741592
2025 	 2500 	 0.856183 	 0.00355153	0.00741979
2025 	 2505 	 0.856187 	 0.00355338	0.00742366
2025 	 2510 	 0.856191 	 0.00355522	0.00742751
2025 	 2515 	 0.856196 	 0.00355707	0.00743136
2025 	 2520 	 0.8562 	 0.0035589	0.00743519
2025 	 2525 	 0.856204 	 0.00356073	0.00743902
2025 	 2530 	 0.856209 	 0.00356256	0.00744284
2025 	 2535 	 0.856213 	 0.00356438	0.00744664
2025 	 2540 	 0.856217 	 0.0035662	0.00745044
2025 	 2545 	 0.856221 	 0.00356801	0.00745423
2025 	 2550 	 0.856226 	 0.00356982	0.00745801
2025 	 2555 	 0.85623 	 0.00357163	0.00746178
2025 	 2560 	 0.856234 	 0.00357343	0.00746554
2025 	 2565 	 0.856238 	 0.00357522	0.00746929
2025 	 2570 	 0.856242 	 0.00357701	0.00747303
2025 	 2575 	 0.856246 	 0.0035788	0.00747676
2025 	 2580 	 0.856251 	 0.00358058	0.00748048
2025 	 2585 	 0.856255 	 0.00358236	0.0074842
2025 	 2590 	 0.856259 	 0.00358413	0.0074879
2025 	 2595 	 0.856263 	 0.0035859	0.0074916
2025 	 2600 	 0.856267 	 0.00358766	0.00749528
2025 	 2605 	 0.856271 	 0.00358942	0.00749896
2025 	 2610 	 0.856275 	 0.00359118	0.00750263
2025 	 2615 	 0.856279 	 0.00359293	0.00750629
2025 	 2620 	 0.856283 	 0.00359468	0.00750994
2025 	 2625 	 0.856287 	 0.00359642	0.00751358
2025 	 2630 	 0.856291 	 0.00359816	0.00751721
2025 	 2635 	 0.856295 	 0.00359989	0.00752083
2025 	 2640 	 0.856299 	 0.00360162	0.00752445
2025 	 2645 	 0.856303 	 0.00360335	0.00752805
2025 	 2650 	 0.856307 	 0.00360507	0.00753165
2025 	 2655 	 0.856311 	 0.00360679	0.00753524
2025 	 2660 	 0.856315 	 0.0036085	0.00753882
2025 	 2665 	 0.856318 	 0.00361021	0.00754239
2025 	 2670 	 0.856322 	 0.00361192	0.00754595
2025 	 2675 	 0.856326 	 0.00361362	0.00754951
2025 	 2680 	 0.85633 	 0.00361531	0.00755305
2025 	 2685 	 0.856334 	 0.00361701	0.00755659
2025 	 2690 	 0.856338 	 0.0036187	0.00756012
2025 	 2695 	 0.856342 	 0.00362038	0.00756364
2025 	 2700 	 0.856345 	 0.00362206	0.00756715
2025 	 2705 	 0.856349 	 0.00362374	0.00757065
2025 	 2710 	 0.856353 	 0.00362541	0.00757414
2025 	 2715 	 0.856357 	 0.00362708	0.00757763
2025 	 2720 	 0.85636 	 0.00362874	0.00758111
2025 	 2725 	 0.856364 	 0.00363041	0.00758458
2025 	 2730 	 0.856368 	 0.00363206	0.00758804
2025 	 2735 	 0.856372 	 0.00363372	0.00759149
2025 	 2740 	 0.856375 	 0.00363536	0.00759494
2025 	 2745 	 0.856379 	 0.00363701	0.00759838
2025 	 2750 	 0.856383 	 0.00363865	0.0076018
2025 	 2755 	 0.856386 	 0.00364029	0.00760522
2025 	 2760 	 0.85639 	 0.00364192	0.00760864
2025 	 2765 	 0.856393 	 0.00364355	0.00761204
2025 	 2770 	 0.856397 	 0.00364518	0.00761544
2025 	 2775 	 0.856401 	 0.0036468	0.00761883
2025 	 2780 	 0.856404 	 0.00364842	0.00762221
2025 	 2785 	 0.856408 	 0.00365003	0.00762558
2025 	 2790 	 0.856411 	 0.00365164	0.00762895
2025 	 2795 	 0.856415 	 0.00365325	0.0076323
2025 	 2800 	 0.856419 	 0.00365485	0.00763565
2025 	 2805 	 0.856422 	 0.00365645	0.00763899
2025 	 2810 	 0.856426 	 0.00365805	0.00764233
2025 	 2815 	 0.856429 	 0.00365964	0.00764565
2025 	 2820 	 0.856433 	 0.00366123	0.00764897
2025 	 2825 	 0.856436 	 0.00366281	0.00765228
2025 	 2830 	 0.85644 	 0.00366439	0.00765559
2025 	 2835 	 0.856443 	 0.00366597	0.00765888
2025 	 2840 	 0.856447 	 0.00366754	0.00766217
2025 	 2845 	 0.85645 	 0.00366911	0.00766545
2025 	 2850 	 0.856453 	 0.00367068	0.00766872
2025 	 2855 	 0.856457 	 0.00367224	0.00767199
2025 	 2860 	 0.85646 	 0.0036738	0.00767524
2025 	 2865 	 0.856464 	 0.00367536	0.00767849
2025 	 2870 	 0.856467 	 0.00367691	0.00768174
2025 	 2875 	 0.85647 	 0.00367846	0.00768497
2025 	 2880 	 0.856474 	 0.00368	0.0076882
2025 	 2885 	 0.856477 	 0.00368155	0.00769142
2025 	 2890 	 0.85648 	 0.00368308	0.00769463
2025 	 2895 	 0.856484 	 0.00368462	0.00769784
2025 	 2900 	 0.856487 	 0.00368615	0.00770104
2025 	 2905 	 0.85649 	 0.00368768	0.00770423
2025 	 2910 	 0.856494 	 0.0036892	0.00770741
2025 	 2915 	 0.856497 	 0.00369072	0.00771059
2025 	 2920 	 0.8565 	 0.00369224	0.00771376
2025 	 2925 	 0.856504 	 0.00369375	0.00771692
2025 	 2930 	 0.856507 	 0.00369526	0.00772008
2025 	 2935 	 0.85651 	 0.00369677	0.00772323
2025 	 2940 	 0.856513 	 0.00369827	0.00772637
2025 	 2945 	 0.856517 	 0.00369978	0.0077295
2025 	 2950 	 0.85652 	 0.00370127	0.00773263
2025 	 2955 	 0.856523 	 0.00370277	0.00773575
2025 	 2960 	 0.856526 	 0.00370426	0.00773887
2025 	 2965 	 0.856529 	 0.00370574	0.00774197
2025 	 2970 	 0.856533 	 0.00370723	0.00774507
2025 	 2975 	 0.856536 	 0.00370871	0.00774816
2025 	 2980 	 0.856539 	 0.00371018	0.00775125
2025 	 2985 	 0.856542 	 0.00371166	0.00775433
2025 	 2990 	 0.856545 	 0.00371313	0.0077574
2025 	 2995 	 0.856548 	 0.0037146	0.00776047
2025 	 3000 	 0.856551 	 0.00371606	0.00776353
2025 	 3005 	 0.856555 	 0.00371752	0.00776658
2025 	 3010 	 0.856558 	 0.00371898	0.00776962
2025 	 3015 	 0.856561 	 0.00372043	0.00777266
2025 	 3020 	 0.856564 	 0.00372188	0.00777569
2025 	 3025 	 0.856567 	 0.00372333	0.00777872
2025 	 3030 	 0.85657 	 0.00372478	0.00778174
2025 	 3035 	 0.856573 	 0.00372622	0.00778475
2025 	 3040 	 0.856576 	 0.00372766	0.00778775
2025 	 3045 	 0.856579 	 0.00372909	0.00779075
2025 	 3050 	 0.856582 	 0.00373052	0.00779374
2025 	 3055 	 0.856585 	 0.00373195	0.00779673
2025 	 3060 	 0.856588 	 0.00373338	0.00779971
2025 	 3065 	 0.856591 	 0.0037348	0.00780268
2025 	 3070 	 0.856594 	 0.00373622	0.00780565
2025 	 3075 	 0.856597 	 0.00373764	0.00780861
2025 	 3080 	 0.8566 	 0.00373905	0.00781156
2025 	 3085 	 0.856603 	 0.00374046	0.00781451
2025 	 3090 	 0.856606 	 0.00374187	0.00781745
2025 	 3095 	 0.856609 	 0.00374327	0.00782038
2025 	 3100 	 0.856612 	 0.00374468	0.00782331
2025 	 3105 	 0.856615 	 0.00374607	0.00782623
2025 	 3110 	 0.856618 	 0.00374747	0.00782915
2025 	 3115 	 0.856621 	 0.00374886	0.00783206
2025 	 3120 	 0.856624 	 0.00375025	0.00783496
2025 	 3125 	 0.856627 	 0.00375164	0.00783786
2025 	 3130 	 0.856629 	 0.00375302	0.00784075
2025 	 3135 	 0.856632 	 0.0037544	0.00784363
2025 	 3140 	 0.856635 	 0.00375578	0.00784651
2025 	 3145 	 0.856638 	 0.00375715	0.00784938
2025 	 3150 	 0.856641 	 0.00375853	0.00785225
2025 	 3155 	 0.856644 	 0.00375989	0.00785511
2025 	 3160 	 0.856647 	 0.00376126	0.00785796
2025 	 3165 	 0.856649 	 0.00376262	0.00786081
2025 	 3170 	 0.856652 	 0.00376398	0.00786365
2025 	 3175 	 0.856655 	 0.00376534	0.00786648
2025 	 3180 	 0.856658 	 0.0037667	0.00786931
2025 	 3185 	 0.856661 	 0.00376805	0.00787214
2025 	 3190 	 0.856663 	 0.0037694	0.00787496
2025 	 3195 	 0.856666 	 0.00377074	0.00787777
2025 	 3200 	 0.856669 	 0.00377209	0.00788057
2025 	 3205 	 0.856672 	 0.00377343	0.00788337
2025 	 3210 	 0.856674 	 0.00377476	0.00788617
2025 	 3215 	 0.856677 	 0.0037761	0.00788896
2025 	 3220 	 0.85668 	 0.00377743	0.00789174
2025 	 3225 	 0.856683 	 0.00377876	0.00789451
2025 	 3230 	 0.856685 	 0.00378008	0.00789729
2025 	 3235 	 0.856688 	 0.00378141	0.00790005
2025 	 3240 	 0.856691 	 0.00378273	0.00790281
2025 	 3245 	 0.856694 	 0.00378405	0.00790556
2025 	 3250 	 0.856696 	 0.00378536	0.00790831
2025 	 3255 	 0.856699 	 0.00378667	0.00791105
2025 	 3260 	 0.856702 	 0.00378798	0.00791379
2025 	 3265 	 0.856704 	 0.00378929	0.00791652
2025 	 3270 	 0.856707 	 0.0037906	0.00791925
2025 	 3275 	 0.85671 	 0.0037919	0.00792197
2025 	 3280 	 0.856712 	 0.0037932	0.00792468
2025 	 3285 	 0.856715 	 0.00379449	0.00792739
2025 	 3290 	 0.856718 	 0.00379579	0.00793009
2025 	 3295 	 0.85672 	 0.00379708	0.00793279
2025 	 3300 	 0.856723 	 0.00379837	0.00793548
2025 	 3305 	 0.856725 	 0.00379965	0.00793817
2025 	 3310 	 0.856728 	 0.00380094	0.00794085
2025 	 3315 	 0.856731 	 0.00380222	0.00794352
2025 	 3320 	 0.856733 	 0.00380349	0.00794619
2025 	 3325 	 0.856736 	 0.00380477	0.00794886
2025 	 3330 	 0.856738 	 0.00380604	0.00795152
2025 	 3335 	 0.856741 	 0.00380731	0.00795417
2025 	 3340 	 0.856743 	 0.00380858	0.00795682
2025 	 3345 	 0.856746 	 0.00380985	0.00795946
2025 	 3350 	 0.856749 	 0.00381111	0.0079621
2025 	 3355 	 0.856751 	 0.00381237	0.00796473
2025 	 3360 	 0.856754 	 0.00381362	0.00796736
2025 	 3365 	 0.856756 	 0.00381488	0.00796998
2025 	 3370 	 0.856759 	 0.00381613	0.0079726
2025 	 3375 	 0.856761 	 0.00381738	0.00797521
2025 	 3380 	 0.856764 	 0.00381863	0.00797781
2025 	 3385 	 0.856766 	 0.00381987	0.00798041
2025 	 3390 	 0.856769 	 0.00382112	0.00798301
2025 	 3395 	 0.856771 	 0.00382236	0.0079856
2025 	 3400 	 0.856774 	 0.00382359	0.00798818
2025 	 3405 	 0.856776 	 0.00382483	0.00799076
2025 	 3410 	 0.856779 	 0.00382606	0.00799334
2025 	 3415 	 0.856781 	 0.00382729	0.00799591
2025 	 3420 	 0.856783 	 0.00382852	0.00799847
2025 	 3425 	 0.856786 	 0.00382974	0.00800103
2025 	 3430 	 0.856788 	 0.00383097	0.00800358
2025 	 3435 	 0.856791 	 0.00383219	0.00800613
2025 	 3440 	 0.856793 	 0.0038334	0.00800868
2025 	 3445 	 0.856796 	 0.00383462	0.00801122
2025 	 3450 	 0.856798 	 0.00383583	0.00801375
2025 	 3455 	 0.8568 	 0.00383704	0.00801628
2025 	 3460 	 0.856803 	 0.00383825	0.0080188
2025 	 3465 	 0.856805 	 0.00383946	0.00802132
2025 	 3470 	 0.856808 	 0.00384066	0.00802384
2025 	 3475 	 0.85681 	 0.00384186	0.00802635
2025 	 3480 	 0.856812 	 0.00384306	0.00802885
2025 	 3485 	 0.856815 	 0.00384425	0.00803135
2025 	 3490 	 0.856817 	 0.00384545	0.00803384
2025 	 3495 	 0.856819 	 0.00384664	0.00803633
2025 	 3500 	 0.856822 	 0.00384783	0.00803882
2025 	 3505 	 0.856824 	 0.00384902	0.0080413
2025 	 3510 	 0.856826 	 0.0038502	0.00804377
2025 	 3515 	 0.856829 	 0.00385138	0.00804624
2025 	 3520 	 0.856831 	 0.00385256	0.00804871
2025 	 3525 	 0.856833 	 0.00385374	0.00805117
2025 	 3530 	 0.856836 	 0.00385492	0.00805362
2025 	 3535 	 0.856838 	 0.00385609	0.00805607
2025 	 3540 	 0.85684 	 0.00385726	0.00805852
2025 	 3545 	 0.856843 	 0.00385843	0.00806096
2025 	 3550 	 0.856845 	 0.0038596	0.0080634
2025 	 3555 	 0.856847 	 0.00386076	0.00806583
2025 	 3560 	 0.856849 	 0.00386192	0.00806826
2025 	 3565 	 0.856852 	 0.00386308	0.00807068
2025 	 3570 	 0.856854 	 0.00386424	0.0080731
2025 	 3575 	 0.856856 	 0.00386539	0.00807551
2025 	 3580 	 0.856859 	 0.00386655	0.00807792
2025 	 3585 	 0.856861 	 0.0038677	0.00808033
2025 	 3590 	 0.856863 	 0.00386885	0.00808273
2025 	 3595 	 0.856865 	 0.00386999	0.00808512
2025 	 3600 	 0.856867 	 0.00387114	0.00808751
2025 	 3605 	 0.85687 	 0.00387228	0.0080899
2025 	 3610 	 0.856872 	 0.00387342	0.00809228
2025 	 3615 	 0.856874 	 0.00387456	0.00809465
2025 	 3620 	 0.856876 	 0.00387569	0.00809703
2025 	 3625 	 0.856879 	 0.00387683	0.00809939
2025 	 3630 	 0.856881 	 0.00387796	0.00810176
2025 	 3635 	 0.856883 	 0.00387909	0.00810412
2025 	 3640 	 0.856885 	 0.00388021	0.00810647
2025 	 3645 	 0.856887 	 0.00388134	0.00810882
2025 	 3650 	 0.856889 	 0.00388246	0.00811117
2025 	 3655 	 0.856892 	 0.00388358	0.00811351
2025 	 3660 	 0.856894 	 0.0038847	0.00811584
2025 	 3665 	 0.856896 	 0.00388582	0.00811818
2025 	 3670 	 0.856898 	 0.00388693	0.0081205
2025 	 3675 	 0.8569 	 0.00388804	0.00812283
2025 	 3680 	 0.856902 	 0.00388915	0.00812515
2025 	 3685 	 0.856905 	 0.00389026	0.00812746
2025 	 3690 	 0.856907 	 0.00389137	0.00812977
2025 	 3695 	 0.856909 	 0.00389247	0.00813208
2025 	 3700 	 0.856911 	 0.00389357	0.00813438
2025 	 3705 	 0.856913 	 0.00389467	0.00813668
2025 	 3710 	 0.856915 	 0.00389577	0.00813897
2025 	 3715 	 0.856917 	 0.00389686	0.00814126
2025 	 3720 	 0.856919 	 0.00389796	0.00814354
2025 	 3725 	 0.856921 	 0.00389905	0.00814582
2025 	 3730 	 0.856923 	 0.00390014	0.0081481
2025 	 3735 	 0.856926 	 0.00390123	0.00815037
2025 	 3740 	 0.856928 	 0.00390231	0.00815264
2025 	 3745 	 0.85693 	 0.00390339	0.0081549
2025 	 3750 	 0.856932 	 0.00390448	0.00815716
2025 	 3755 	 0.856934 	 0.00390556	0.00815942
2025 	 3760 	 0.856936 	 0.00390663	0.00816167
2025 	 3765 	 0.856938 	 0.00390771	0.00816392
2025 	 3770 	 0.85694 	 0.00390878	0.00816616
2025 	 3775 	 0.856942 	 0.00390985	0.0081684
2025 	 3780 	 0.856944 	 0.00391092	0.00817063
2025 	 3785 	 0.856946 	 0.00391199	0.00817286
2025 	 3790 	 0.856948 	 0.00391306	0.00817509
2025 	 3795 	 0.85695 	 0.00391412	0.00817731
2025 	 3800 	 0.856952 	 0.00391518	0.00817953
2025 	 3805 	 0.856954 	 0.00391624	0.00818174
2025 	 3810 	 0.856956 	 0.0039173	0.00818395
2025 	 3815 	 0.856958 	 0.00391836	0.00818616
2025 	 3820 	 0.85696 	 0.00391941	0.00818836
2025 	 3825 	 0.856962 	 0.00392046	0.00819056
2025 	 3830 	 0.856964 	 0.00392151	0.00819275
2025 	 3835 	 0.856966 	 0.00392256	0.00819495
2025 	 3840 	 0.856968 	 0.00392361	0.00819713
2025 	 3845 	 0.85697 	 0.00392465	0.00819931
2025 	 3850 	 0.856972 	 0.00392569	0.00820149
2025 	 3855 	 0.856974 	 0.00392674	0.00820367
2025 	 3860 	 0.856976 	 0.00392777	0.00820584
2025 	 3865 	 0.856978 	 0.00392881	0.008208
2025 	 3870 	 0.85698 	 0.00392985	0.00821017
2025 	 3875 	 0.856982 	 0.00393088	0.00821232
2025 	 3880 	 0.856984 	 0.00393191	0.00821448
2025 	 3885 	 0.856986 	 0.00393294	0.00821663
2025 	 3890 	 0.856988 	 0.00393397	0.00821878
2025 	 3895 	 0.85699 	 0.00393499	0.00822092
2025 	 3900 	 0.856991 	 0.00393602	0.00822306
2025 	 3905 	 0.856993 	 0.00393704	0.0082252
2025 	 3910 	 0.856995 	 0.00393806	0.00822733
2025 	 3915 	 0.856997 	 0.00393908	0.00822946
2025 	 3920 	 0.856999 	 0.0039401	0.00823158
2025 	 3925 	 0.857001 	 0.00394111	0.0082337
2025 	 3930 	 0.857003 	 0.00394213	0.00823582
2025 	 3935 	 0.857005 	 0.00394314	0.00823793
2025 	 3940 	 0.857007 	 0.00394415	0.00824004
2025 	 3945 	 0.857009 	 0.00394515	0.00824215
2025 	 3950 	 0.85701 	 0.00394616	0.00824425
2025 	 3955 	 0.857012 	 0.00394716	0.00824635
2025 	 3960 	 0.857014 	 0.00394817	0.00824844
2025 	 3965 	 0.857016 	 0.00394917	0.00825053
2025 	 3970 	 0.857018 	 0.00395017	0.00825262
2025 	 3975 	 0.85702 	 0.00395116	0.0082547
2025 	 3980 	 0.857022 	 0.00395216	0.00825678
2025 	 3985 	 0.857023 	 0.00395315	0.00825886
2025 	 3990 	 0.857025 	 0.00395415	0.00826093
2025 	 3995 	 0.857027 	 0.00395514	0.008263
2025 	 4000 	 0.857029 	 0.00395612	0.00826506
2025 	 4005 	 0.857031 	 0.00395711	0.00826713
2025 	 4010 	 0.857033 	 0.0039581	0.00826918
2025 	 4015 	 0.857034 	 0.00395908	0.00827124
2025 	 4020 	 0.857036 	 0.00396006	0.00827329
2025 	 4025 	 0.857038 	 0.00396104	0.00827534
2025 	 4030 	 0.85704 	 0.00396202	0.00827738
2025 	 4035 	 0.857042 	 0.003963	0.00827942
2025 	 4040 	 0.857044 	 0.00396397	0.00828146
2025 	 4045 	 0.857045 	 0.00396494	0.00828349
2025 	 4050 	 0.857047 	 0.00396592	0.00828552
2025 	 4055 	 0.857049 	 0.00396688	0.00828755
2025 	 4060 	 0.857051 	 0.00396785	0.00828957
2025 	 4065 	 0.857052 	 0.00396882	0.00829159
2025 	 4070 	 0.857054 	 0.00396978	0.0082936
2025 	 4075 	 0.857056 	 0.00397075	0.00829561
2025 	 4080 	 0.857058 	 0.00397171	0.00829762
2025 	 4085 	 0.85706 	 0.00397267	0.00829963
2025 	 4090 	 0.857061 	 0.00397363	0.00830163
2025 	 4095 	 0.857063 	 0.00397458	0.00830363
2025 	 4100 	 0.857065 	 0.00397554	0.00830562
2025 	 4105 	 0.857067 	 0.00397649	0.00830761
2025 	 4110 	 0.857068 	 0.00397744	0.0083096
2025 	 4115 	 0.85707 	 0.00397839	0.00831159
2025 	 4120 	 0.857072 	 0.00397934	0.00831357
2025 	 4125 	 0.857074 	 0.00398029	0.00831555
2025 	 4130 	 0.857075 	 0.00398123	0.00831752
2025 	 4135 	 0.857077 	 0.00398218	0.00831949
2025 	 4140 	 0.857079 	 0.00398312	0.00832146
2025 	 4145 	 0.85708 	 0.00398406	0.00832342
2025 	 4150 	 0.857082 	 0.003985	0.00832539
2025 	 4155 	 0.857084 	 0.00398593	0.00832734
2025 	 4160 	 0.857086 	 0.00398687	0.0083293
2025 	 4165 	 0.857087 	 0.0039878	0.00833125
2025 	 4170 	 0.857089 	 0.00398874	0.0083332
2025 	 4175 	 0.857091 	 0.00398967	0.00833514
2025 	 4180 	 0.857092 	 0.0039906	0.00833708
2025 	 4185 	 0.857094 	 0.00399152	0.00833902
2025 	 4190 	 0.857096 	 0.00399245	0.00834096
2025 	 4195 	 0.857097 	 0.00399337	0.00834289
2025 	 4200 	 0.857099 	 0.0039943	0.00834482
2025 	 4205 	 0.857101 	 0.00399522	0.00834674
2025 	 4210 	 0.857102 	 0.00399614	0.00834866
2025 	 4215 	 0.857104 	 0.00399706	0.00835058
2025 	 4220 	 0.857106 	 0.00399797	0.0083525
2025 	 4225 	 0.857107 	 0.00399889	0.00835441
2025 	 4230 	 0.857109 	 0.0039998	0.00835632
2025 	 4235 	 0.857111 	 0.00400072	0.00835822
2025 	 4240 	 0.857112 	 0.00400163	0.00836013
2025 	 4245 	 0.857114 	 0.00400254	0.00836203
2025 	 4250 	 0.857116 	 0.00400344	0.00836392
2025 	 4255 	 0.857117 	 0.00400435	0.00836582
2025 	 4260 	 0.857119 	 0.00400525	0.00836771
2025 	 4265 	 0.857121 	 0.00400616	0.00836959
2025 	 4270 	 0.857122 	 0.00400706	0.00837148
2025 	 4275 	 0.857124 	 0.00400796	0.00837336
2025 	 4280 	 0.857125 	 0.00400886	0.00837524
2025 	 4285 	 0.857127 	 0.00400976	0.00837711
2025 	 4290 	 0.857129 	 0.00401065	0.00837898
2025 	 4295 	 0.85713 	 0.00401155	0.00838085
2025 	 4300 	 0.857132 	 0.00401244	0.00838271
2025 	 4305 	 0.857133 	 0.00401333	0.00838458
2025 	 4310 	 0.857135 	 0.00401422	0.00838644
2025 	 4315 	 0.857137 	 0.00401511	0.00838829
2025 	 4320 	 0.857138 	 0.004016	0.00839015
2025 	 4325 	 0.85714 	 0.00401688	0.008392
2025 	 4330 	 0.857141 	 0.00401776	0.00839384
2025 	 4335 	 0.857143 	 0.00401865	0.00839569
2025 	 4340 	 0.857145 	 0.00401953	0.00839753
2025 	 4345 	 0.857146 	 0.00402041	0.00839937
2025 	 4350 	 0.857148 	 0.00402129	0.0084012
2025 	 4355 	 0.857149 	 0.00402216	0.00840303
2025 	 4360 	 0.857151 	 0.00402304	0.00840486
2025 	 4365 	 0.857152 	 0.00402391	0.00840669
2025 	 4370 	 0.857154 	 0.00402479	0.00840851
2025 	 4375 	 0.857156 	 0.00402566	0.00841033
2025 	 4380 	 0.857157 	 0.00402653	0.00841215
2025 	 4385 	 0.857159 	 0.0040274	0.00841396
2025 	 4390 	 0.85716 	 0.00402826	0.00841577
2025 	 4395 	 0.857162 	 0.00402913	0.00841758
2025 	 4400 	 0.857163 	 0.00402999	0.00841939
2025 	 4405 	 0.857165 	 0.00403085	0.00842119
2025 	 4410 	 0.857166 	 0.00403172	0.00842299
2025 	 4415 	 0.857168 	 0.00403258	0.00842479
2025 	 4420 	 0.857169 	 0.00403343	0.00842658
2025 	 4425 	 0.857171 	 0.00403429	0.00842837
2025 	 4430 	 0.857172 	 0.00403515	0.00843016
2025 	 4435 	 0.857174 	 0.004036	0.00843194
2025 	 4440 	 0.857175 	 0.00403686	0.00843373
2025 	 4445 	 0.857177 	 0.00403771	0.00843551
2025 	 4450 	 0.857178 	 0.00403856	0.00843728
2025 	 4455 	 0.85718 	 0.00403941	0.00843906
2025 	 4460 	 0.857181 	 0.00404025	0.00844083
2025 	 4465 	 0.857183 	 0.0040411	0.0084426
2025 	 4470 	 0.857184 	 0.00404195	0.00844436
2025 	 4475 	 0.857186 	 0.00404279	0.00844612
2025 	 4480 	 0.857187 	 0.00404363	0.00844788
2025 	 4485 	 0.857189 	 0.00404447	0.00844964
2025 	 4490 	 0.85719 	 0.00404531	0.0084514
2025 	 4495 	 0.857192 	 0.00404615	0.00845315
2025 	 4500 	 0.857193 	 0.00404699	0.0084549
2025 	 4505 	 0.857195 	 0.00404782	0.00845664
2025 	 4510 	 0.857196 	 0.00404866	0.00845838
2025 	 4515 	 0.857198 	 0.00404949	0.00846013
2025 	 4520 	 0.857199 	 0.00405032	0.00846186
2025 	 4525 	 0.857201 	 0.00405115	0.0084636
2025 	 4530 	 0.857202 	 0.00405198	0.00846533
2025 	 4535 	 0.857204 	 0.00405281	0.00846706
2025 	 4540 	 0.857205 	 0.00405364	0.00846879
2025 	 4545 	 0.857206 	 0.00405446	0.00847051
2025 	 4550 	 0.857208 	 0.00405529	0.00847223
2025 	 4555 	 0.857209 	 0.00405611	0.00847395
2025 	 4560 	 0.857211 	 0.00405693	0.00847567
2025 	 4565 	 0.857212 	 0.00405775	0.00847738
2025 	 4570 	 0.857214 	 0.00405857	0.00847909
2025 	 4575 	 0.857215 	 0.00405939	0.0084808
2025 	 4580 	 0.857217 	 0.0040602	0.0084825
2025 	 4585 	 0.857218 	 0.00406102	0.00848421
2025 	 4590 	 0.857219 	 0.00406183	0.00848591
2025 	 4595 	 0.857221 	 0.00406264	0.0084876
2025 	 4600 	 0.857222 	 0.00406346	0.0084893
2025 	 4605 	 0.857224 	 0.00406427	0.00849099
2025 	 4610 	 0.857225 	 0.00406507	0.00849268
2025 	 4615 	 0.857226 	 0.00406588	0.00849437
2025 	 4620 	 0.857228 	 0.00406669	0.00849605
2025 	 4625 	 0.857229 	 0.00406749	0.00849773
2025 	 4630 	 0.857231 	 0.0040683	0.00849941
2025 	 4635 	 0.857232 	 0.0040691	0.00850109
2025 	 4640 	 0.857233 	 0.0040699	0.00850276
2025 	 4645 	 0.857235 	 0.0040707	0.00850443
2025 	 4650 	 0.857236 	 0.0040715	0.0085061
2025 	 4655 	 0.857238 	 0.0040723	0.00850777
2025 	 4660 	 0.857239 	 0.00407309	0.00850943
2025 	 4665 	 0.85724 	 0.00407389	0.00851109
2025 	 4670 	 0.857242 	 0.00407468	0.00851275
2025 	 4675 	 0.857243 	 0.00407547	0.00851441
2025 	 4680 	 0.857245 	 0.00407627	0.00851606
2025 	 4685 	 0.857246 	 0.00407706	0.00851771
2025 	 4690 	 0.857247 	 0.00407784	0.00851936
2025 	 4695 	 0.857249 	 0.00407863	0.00852101
2025 	 4700 	 0.85725 	 0.00407942	0.00852265
2025 	 4705 	 0.857251 	 0.0040802	0.00852429
2025 	 4710 	 0.857253 	 0.00408099	0.00852593
2025 	 4715 	 0.857254 	 0.00408177	0.00852756
2025 	 4720 	 0.857255 	 0.00408255	0.0085292
2025 	 4725 	 0.857257 	 0.00408333	0.00853083
2025 	 4730 	 0.857258 	 0.00408411	0.00853246
2025 	 4735 	 0.857259 	 0.00408489	0.00853408
2025 	 4740 	 0.857261 	 0.00408567	0.00853571
2025 	 4745 	 0.857262 	 0.00408644	0.00853733
2025 	 4750 	 0.857263 	 0.00408722	0.00853895
2025 	 4755 	 0.857265 	 0.00408799	0.00854056
2025 	 4760 	 0.857266 	 0.00408877	0.00854218
2025 	 4765 	 0.857267 	 0.00408954	0.00854379
2025 	 4770 	 0.857269 	 0.00409031	0.0085454
2025 	 4775 	 0.85727 	 0.00409108	0.008547
2025 	 4780 	 0.857271 	 0.00409184	0.00854861
2025 	 4785 	 0.857273 	 0.00409261	0.00855021
2025 	 4790 	 0.857274 	 0.00409338	0.00855181
2025 	 4795 	 0.857275 	 0.00409414	0.0085534
2025 	 4800 	 0.857277 	 0.0040949	0.008555
2025 	 4805 	 0.857278 	 0.00409567	0.00855659
2025 	 4810 	 0.857279 	 0.00409643	0.00855818
2025 	 4815 	 0.857281 	 0.00409719	0.00855977
2025 	 4820 	 0.857282 	 0.00409794	0.00856135
2025 	 4825 	 0.857283 	 0.0040987	0.00856294
2025 	 4830 	 0.857285 	 0.00409946	0.00856452
2025 	 4835 	 0.857286 	 0.00410021	0.00856609
2025 	 4840 	 0.857287 	 0.00410097	0.00856767
2025 	 4845 	 0.857288 	 0.00410172	0.00856924
2025 	 4850 	 0.85729 	 0.00410247	0.00857081
2025 	 4855 	 0.857291 	 0.00410322	0.00857238
2025 	 4860 	 0.857292 	 0.00410397	0.00857395
2025 	 4865 	 0.857293 	 0.00410472	0.00857551
2025 	 4870 	 0.857295 	 0.00410547	0.00857707
2025 	 4875 	 0.857296 	 0.00410622	0.00857863
2025 	 4880 	 0.857297 	 0.00410696	0.00858019
2025 	 4885 	 0.857299 	 0.00410771	0.00858175
2025 	 4890 	 0.8573 	 0.00410845	0.0085833
2025 	 4895 	 0.857301 	 0.00410919	0.00858485
2025 	 4900 	 0.857302 	 0.00410993	0.0085864
2025 	 4905 	 0.857304 	 0.00411067	0.00858794
2025 	 4910 	 0.857305 	 0.00411141	0.00858948
2025 	 4915 	 0.857306 	 0.00411215	0.00859103
2025 	 4920 	 0.857307 	 0.00411288	0.00859256
2025 	 4925 	 0.857309 	 0.00411362	0.0085941
2025 	 4930 	 0.85731 	 0.00411435	0.00859564
2025 	 4935 	 0.857311 	 0.00411509	0.00859717
2025 	 4940 	 0.857312 	 0.00411582	0.0085987
2025 	 4945 	 0.857314 	 0.00411655	0.00860022
2025 	 4950 	 0.857315 	 0.00411728	0.00860175
2025 	 4955 	 0.857316 	 0.00411801	0.00860327
2025 	 4960 	 0.857317 	 0.00411874	0.00860479
2025 	 4965 	 0.857319 	 0.00411947	0.00860631
2025 	 4970 	 0.85732 	 0.00412019	0.00860783
2025 	 4975 	 0.857321 	 0.00412092	0.00860934
2025 	 4980 	 0.857322 	 0.00412164	0.00861086
2025 	 4985 	 0.857323 	 0.00412236	0.00861237
2025 	 4990 	 0.857325 	 0.00412308	0.00861387
2025 	 4995 	 0.857326 	 0.0041238	0.00861538
2025 	 5000 	 0.857327 	 0.00412452	0.00861688
