4995 	 5 	 0.729602 	 0.00684066	0.0142914
4995 	 10 	 0.730204 	 0.00645437	0.0134844
4995 	 15 	 0.731342 	 0.00585522	0.0122326
4995 	 20 	 0.733455 	 0.00501969	0.010487
4995 	 25 	 0.737253 	 0.00409224	0.00854943
4995 	 30 	 0.743684 	 0.00350328	0.007319
4995 	 35 	 0.753561 	 0.00337949	0.00706036
4995 	 40 	 0.766663 	 0.00300881	0.00628595
4995 	 45 	 0.782047 	 0.00335175	0.00700242
4995 	 50 	 0.796242 	 0.00332865	0.00695415
4995 	 55 	 0.806948 	 0.00306294	0.00639905
4995 	 60 	 0.814172 	 0.00270334	0.00564778
4995 	 65 	 0.818802 	 0.00250246	0.00522809
4995 	 70 	 0.821784 	 0.00248863	0.00519921
4995 	 75 	 0.823802 	 0.00255439	0.00533658
4995 	 80 	 0.825277 	 0.00262642	0.00548707
4995 	 85 	 0.826444 	 0.00268342	0.00560616
4995 	 90 	 0.827435 	 0.00272568	0.00569443
4995 	 95 	 0.828319 	 0.00275757	0.00576106
4995 	 100 	 0.829132 	 0.00278234	0.00581282
4995 	 105 	 0.829895 	 0.00280165	0.00585317
4995 	 110 	 0.83062 	 0.00281615	0.00588345
4995 	 115 	 0.831311 	 0.00282607	0.00590418
4995 	 120 	 0.831973 	 0.00283157	0.00591566
4995 	 125 	 0.832609 	 0.00283284	0.00591832
4995 	 130 	 0.833221 	 0.00283018	0.00591276
4995 	 135 	 0.833809 	 0.00282394	0.00589973
4995 	 140 	 0.834375 	 0.00281454	0.00588009
4995 	 145 	 0.83492 	 0.0028024	0.00585473
4995 	 150 	 0.835445 	 0.00278796	0.00582456
4995 	 155 	 0.835951 	 0.00277163	0.00579045
4995 	 160 	 0.836439 	 0.00275381	0.00575321
4995 	 165 	 0.836909 	 0.00273484	0.00571359
4995 	 170 	 0.837363 	 0.00271507	0.00567227
4995 	 175 	 0.837801 	 0.00269476	0.00562985
4995 	 180 	 0.838224 	 0.00267419	0.00558687
4995 	 185 	 0.838632 	 0.00265357	0.00554378
4995 	 190 	 0.839026 	 0.00263308	0.00550099
4995 	 195 	 0.839407 	 0.0026129	0.00545883
4995 	 200 	 0.839776 	 0.00259316	0.00541759
4995 	 205 	 0.840132 	 0.00257397	0.0053775
4995 	 210 	 0.840477 	 0.00255543	0.00533875
4995 	 215 	 0.84081 	 0.0025376	0.00530151
4995 	 220 	 0.841133 	 0.00252055	0.00526589
4995 	 225 	 0.841446 	 0.00250432	0.00523199
4995 	 230 	 0.841749 	 0.00248895	0.00519987
4995 	 235 	 0.842042 	 0.00247445	0.00516958
4995 	 240 	 0.842327 	 0.00246084	0.00514113
4995 	 245 	 0.842603 	 0.00244811	0.00511455
4995 	 250 	 0.842871 	 0.00243628	0.00508983
4995 	 255 	 0.843131 	 0.00242533	0.00506695
4995 	 260 	 0.843383 	 0.00241525	0.00504589
4995 	 265 	 0.843628 	 0.00240602	0.00502661
4995 	 270 	 0.843867 	 0.00239763	0.00500908
4995 	 275 	 0.844098 	 0.00239005	0.00499325
4995 	 280 	 0.844323 	 0.00238326	0.00497907
4995 	 285 	 0.844542 	 0.00237724	0.00496649
4995 	 290 	 0.844755 	 0.00237196	0.00495546
4995 	 295 	 0.844962 	 0.0023674	0.00494592
4995 	 300 	 0.845164 	 0.00236352	0.00493783
4995 	 305 	 0.84536 	 0.0023603	0.00493111
4995 	 310 	 0.845552 	 0.00235772	0.00492571
4995 	 315 	 0.845738 	 0.00235575	0.00492159
4995 	 320 	 0.84592 	 0.00235435	0.00491868
4995 	 325 	 0.846097 	 0.00235352	0.00491692
4995 	 330 	 0.84627 	 0.00235321	0.00491628
4995 	 335 	 0.846438 	 0.0023534	0.00491669
4995 	 340 	 0.846603 	 0.00235408	0.00491811
4995 	 345 	 0.846763 	 0.00235522	0.00492048
4995 	 350 	 0.84692 	 0.00235679	0.00492376
4995 	 355 	 0.847073 	 0.00235878	0.00492791
4995 	 360 	 0.847223 	 0.00236115	0.00493288
4995 	 365 	 0.847369 	 0.0023639	0.00493862
4995 	 370 	 0.847511 	 0.00236701	0.00494511
4995 	 375 	 0.847651 	 0.00237044	0.00495229
4995 	 380 	 0.847787 	 0.0023742	0.00496013
4995 	 385 	 0.847921 	 0.00237825	0.0049686
4995 	 390 	 0.848051 	 0.00238259	0.00497766
4995 	 395 	 0.848179 	 0.00238719	0.00498728
4995 	 400 	 0.848304 	 0.00239205	0.00499743
4995 	 405 	 0.848426 	 0.00239715	0.00500808
4995 	 410 	 0.848546 	 0.00240247	0.00501919
4995 	 415 	 0.848663 	 0.002408	0.00503075
4995 	 420 	 0.848778 	 0.00241373	0.00504273
4995 	 425 	 0.84889 	 0.00241965	0.0050551
4995 	 430 	 0.849 	 0.00242575	0.00506784
4995 	 435 	 0.849108 	 0.00243201	0.00508092
4995 	 440 	 0.849214 	 0.00243843	0.00509433
4995 	 445 	 0.849318 	 0.002445	0.00510805
4995 	 450 	 0.84942 	 0.0024517	0.00512205
4995 	 455 	 0.84952 	 0.00245853	0.00513633
4995 	 460 	 0.849618 	 0.00246549	0.00515085
4995 	 465 	 0.849714 	 0.00247255	0.00516561
4995 	 470 	 0.849808 	 0.00247972	0.00518059
4995 	 475 	 0.849901 	 0.00248699	0.00519577
4995 	 480 	 0.849992 	 0.00249434	0.00521114
4995 	 485 	 0.850081 	 0.00250179	0.00522669
4995 	 490 	 0.850169 	 0.00250931	0.0052424
4995 	 495 	 0.850255 	 0.0025169	0.00525826
4995 	 500 	 0.850339 	 0.00252456	0.00527427
4995 	 505 	 0.850422 	 0.00253228	0.0052904
4995 	 510 	 0.850504 	 0.00254006	0.00530665
4995 	 515 	 0.850584 	 0.00254789	0.00532301
4995 	 520 	 0.850663 	 0.00255577	0.00533948
4995 	 525 	 0.850741 	 0.0025637	0.00535603
4995 	 530 	 0.850817 	 0.00257166	0.00537266
4995 	 535 	 0.850892 	 0.00257966	0.00538937
4995 	 540 	 0.850965 	 0.00258769	0.00540615
4995 	 545 	 0.851038 	 0.00259574	0.00542298
4995 	 550 	 0.851109 	 0.00260383	0.00543987
4995 	 555 	 0.851179 	 0.00261193	0.00545681
4995 	 560 	 0.851248 	 0.00262006	0.00547378
4995 	 565 	 0.851316 	 0.0026282	0.00549079
4995 	 570 	 0.851383 	 0.00263636	0.00550783
4995 	 575 	 0.851449 	 0.00264452	0.00552489
4995 	 580 	 0.851514 	 0.0026527	0.00554197
4995 	 585 	 0.851578 	 0.00266088	0.00555906
4995 	 590 	 0.851641 	 0.00266906	0.00557616
4995 	 595 	 0.851703 	 0.00267725	0.00559327
4995 	 600 	 0.851763 	 0.00268544	0.00561038
4995 	 605 	 0.851824 	 0.00269363	0.00562748
4995 	 610 	 0.851883 	 0.00270181	0.00564458
4995 	 615 	 0.851941 	 0.00270999	0.00566167
4995 	 620 	 0.851999 	 0.00271816	0.00567874
4995 	 625 	 0.852055 	 0.00272633	0.0056958
4995 	 630 	 0.852111 	 0.00273448	0.00571284
4995 	 635 	 0.852166 	 0.00274263	0.00572985
4995 	 640 	 0.85222 	 0.00275076	0.00574684
4995 	 645 	 0.852274 	 0.00275888	0.00576381
4995 	 650 	 0.852326 	 0.00276699	0.00578074
4995 	 655 	 0.852379 	 0.00277508	0.00579764
4995 	 660 	 0.85243 	 0.00278315	0.00581451
4995 	 665 	 0.85248 	 0.00279121	0.00583134
4995 	 670 	 0.85253 	 0.00279925	0.00584813
4995 	 675 	 0.85258 	 0.00280726	0.00586489
4995 	 680 	 0.852628 	 0.00281526	0.0058816
4995 	 685 	 0.852676 	 0.00282324	0.00589827
4995 	 690 	 0.852723 	 0.0028312	0.00591489
4995 	 695 	 0.85277 	 0.00283914	0.00593147
4995 	 700 	 0.852816 	 0.00284705	0.005948
4995 	 705 	 0.852862 	 0.00285494	0.00596449
4995 	 710 	 0.852907 	 0.0028628	0.00598092
4995 	 715 	 0.852951 	 0.00287065	0.0059973
4995 	 720 	 0.852995 	 0.00287846	0.00601363
4995 	 725 	 0.853038 	 0.00288625	0.00602991
4995 	 730 	 0.853081 	 0.00289402	0.00604613
4995 	 735 	 0.853123 	 0.00290176	0.0060623
4995 	 740 	 0.853164 	 0.00290947	0.00607842
4995 	 745 	 0.853206 	 0.00291716	0.00609447
4995 	 750 	 0.853246 	 0.00292482	0.00611047
4995 	 755 	 0.853286 	 0.00293245	0.00612642
4995 	 760 	 0.853326 	 0.00294005	0.0061423
4995 	 765 	 0.853365 	 0.00294763	0.00615813
4995 	 770 	 0.853404 	 0.00295518	0.0061739
4995 	 775 	 0.853442 	 0.00296269	0.00618961
4995 	 780 	 0.85348 	 0.00297018	0.00620526
4995 	 785 	 0.853517 	 0.00297765	0.00622085
4995 	 790 	 0.853554 	 0.00298508	0.00623637
4995 	 795 	 0.853591 	 0.00299248	0.00625184
4995 	 800 	 0.853627 	 0.00299986	0.00626725
4995 	 805 	 0.853663 	 0.0030072	0.00628259
4995 	 810 	 0.853698 	 0.00301452	0.00629787
4995 	 815 	 0.853733 	 0.0030218	0.00631309
4995 	 820 	 0.853767 	 0.00302906	0.00632825
4995 	 825 	 0.853801 	 0.00303628	0.00634335
4995 	 830 	 0.853835 	 0.00304348	0.00635838
4995 	 835 	 0.853868 	 0.00305065	0.00637335
4995 	 840 	 0.853901 	 0.00305778	0.00638826
4995 	 845 	 0.853934 	 0.00306489	0.00640311
4995 	 850 	 0.853966 	 0.00307196	0.00641789
4995 	 855 	 0.853998 	 0.00307901	0.00643261
4995 	 860 	 0.85403 	 0.00308603	0.00644727
4995 	 865 	 0.854061 	 0.00309301	0.00646187
4995 	 870 	 0.854092 	 0.00309997	0.0064764
4995 	 875 	 0.854123 	 0.0031069	0.00649087
4995 	 880 	 0.854153 	 0.00311379	0.00650528
4995 	 885 	 0.854183 	 0.00312066	0.00651962
4995 	 890 	 0.854213 	 0.00312749	0.00653391
4995 	 895 	 0.854242 	 0.0031343	0.00654813
4995 	 900 	 0.854271 	 0.00314108	0.00656228
4995 	 905 	 0.8543 	 0.00314783	0.00657638
4995 	 910 	 0.854328 	 0.00315454	0.00659041
4995 	 915 	 0.854356 	 0.00316123	0.00660439
4995 	 920 	 0.854384 	 0.00316789	0.0066183
4995 	 925 	 0.854412 	 0.00317452	0.00663215
4995 	 930 	 0.854439 	 0.00318112	0.00664593
4995 	 935 	 0.854466 	 0.00318769	0.00665966
4995 	 940 	 0.854493 	 0.00319423	0.00667333
4995 	 945 	 0.85452 	 0.00320074	0.00668693
4995 	 950 	 0.854546 	 0.00320722	0.00670048
4995 	 955 	 0.854572 	 0.00321368	0.00671396
4995 	 960 	 0.854598 	 0.0032201	0.00672738
4995 	 965 	 0.854624 	 0.0032265	0.00674075
4995 	 970 	 0.854649 	 0.00323287	0.00675405
4995 	 975 	 0.854674 	 0.00323921	0.0067673
4995 	 980 	 0.854699 	 0.00324552	0.00678048
4995 	 985 	 0.854723 	 0.0032518	0.00679361
4995 	 990 	 0.854748 	 0.00325806	0.00680667
4995 	 995 	 0.854772 	 0.00326428	0.00681968
4995 	 1000 	 0.854796 	 0.00327048	0.00683263
4995 	 1005 	 0.85482 	 0.00327665	0.00684553
4995 	 1010 	 0.854843 	 0.0032828	0.00685836
4995 	 1015 	 0.854866 	 0.00328891	0.00687114
4995 	 1020 	 0.854889 	 0.003295	0.00688386
4995 	 1025 	 0.854912 	 0.00330106	0.00689652
4995 	 1030 	 0.854935 	 0.0033071	0.00690912
4995 	 1035 	 0.854957 	 0.0033131	0.00692167
4995 	 1040 	 0.85498 	 0.00331908	0.00693417
4995 	 1045 	 0.855002 	 0.00332504	0.0069466
4995 	 1050 	 0.855024 	 0.00333096	0.00695899
4995 	 1055 	 0.855045 	 0.00333686	0.00697131
4995 	 1060 	 0.855067 	 0.00334274	0.00698358
4995 	 1065 	 0.855088 	 0.00334858	0.0069958
4995 	 1070 	 0.855109 	 0.0033544	0.00700796
4995 	 1075 	 0.85513 	 0.0033602	0.00702007
4995 	 1080 	 0.855151 	 0.00336597	0.00703212
4995 	 1085 	 0.855171 	 0.00337171	0.00704412
4995 	 1090 	 0.855192 	 0.00337743	0.00705607
4995 	 1095 	 0.855212 	 0.00338312	0.00706796
4995 	 1100 	 0.855232 	 0.00338879	0.0070798
4995 	 1105 	 0.855252 	 0.00339443	0.00709158
4995 	 1110 	 0.855272 	 0.00340005	0.00710332
4995 	 1115 	 0.855291 	 0.00340564	0.007115
4995 	 1120 	 0.855311 	 0.00341121	0.00712663
4995 	 1125 	 0.85533 	 0.00341675	0.00713821
4995 	 1130 	 0.855349 	 0.00342227	0.00714974
4995 	 1135 	 0.855368 	 0.00342776	0.00716122
4995 	 1140 	 0.855387 	 0.00343323	0.00717264
4995 	 1145 	 0.855405 	 0.00343868	0.00718402
4995 	 1150 	 0.855424 	 0.0034441	0.00719535
4995 	 1155 	 0.855442 	 0.00344949	0.00720662
4995 	 1160 	 0.85546 	 0.00345487	0.00721785
4995 	 1165 	 0.855478 	 0.00346022	0.00722903
4995 	 1170 	 0.855496 	 0.00346555	0.00724016
4995 	 1175 	 0.855514 	 0.00347085	0.00725124
4995 	 1180 	 0.855532 	 0.00347613	0.00726227
4995 	 1185 	 0.855549 	 0.00348139	0.00727325
4995 	 1190 	 0.855567 	 0.00348662	0.00728419
4995 	 1195 	 0.855584 	 0.00349183	0.00729508
4995 	 1200 	 0.855601 	 0.00349702	0.00730592
4995 	 1205 	 0.855618 	 0.00350219	0.00731671
4995 	 1210 	 0.855635 	 0.00350733	0.00732746
4995 	 1215 	 0.855651 	 0.00351245	0.00733816
4995 	 1220 	 0.855668 	 0.00351755	0.00734881
4995 	 1225 	 0.855684 	 0.00352263	0.00735942
4995 	 1230 	 0.855701 	 0.00352769	0.00736998
4995 	 1235 	 0.855717 	 0.00353272	0.0073805
4995 	 1240 	 0.855733 	 0.00353773	0.00739097
4995 	 1245 	 0.855749 	 0.00354273	0.0074014
4995 	 1250 	 0.855765 	 0.00354769	0.00741178
4995 	 1255 	 0.85578 	 0.00355264	0.00742212
4995 	 1260 	 0.855796 	 0.00355757	0.00743241
4995 	 1265 	 0.855812 	 0.00356248	0.00744266
4995 	 1270 	 0.855827 	 0.00356736	0.00745287
4995 	 1275 	 0.855842 	 0.00357223	0.00746303
4995 	 1280 	 0.855857 	 0.00357707	0.00747315
4995 	 1285 	 0.855872 	 0.0035819	0.00748323
4995 	 1290 	 0.855887 	 0.0035867	0.00749327
4995 	 1295 	 0.855902 	 0.00359148	0.00750326
4995 	 1300 	 0.855917 	 0.00359624	0.00751321
4995 	 1305 	 0.855932 	 0.00360099	0.00752312
4995 	 1310 	 0.855946 	 0.00360571	0.00753299
4995 	 1315 	 0.85596 	 0.00361041	0.00754281
4995 	 1320 	 0.855975 	 0.0036151	0.0075526
4995 	 1325 	 0.855989 	 0.00361976	0.00756234
4995 	 1330 	 0.856003 	 0.00362441	0.00757204
4995 	 1335 	 0.856017 	 0.00362903	0.00758171
4995 	 1340 	 0.856031 	 0.00363364	0.00759133
4995 	 1345 	 0.856045 	 0.00363822	0.00760091
4995 	 1350 	 0.856059 	 0.00364279	0.00761046
4995 	 1355 	 0.856072 	 0.00364734	0.00761996
4995 	 1360 	 0.856086 	 0.00365187	0.00762943
4995 	 1365 	 0.856099 	 0.00365638	0.00763885
4995 	 1370 	 0.856113 	 0.00366088	0.00764824
4995 	 1375 	 0.856126 	 0.00366535	0.00765759
4995 	 1380 	 0.856139 	 0.00366981	0.0076669
4995 	 1385 	 0.856152 	 0.00367425	0.00767617
4995 	 1390 	 0.856165 	 0.00367867	0.00768541
4995 	 1395 	 0.856178 	 0.00368307	0.0076946
4995 	 1400 	 0.856191 	 0.00368745	0.00770376
4995 	 1405 	 0.856204 	 0.00369182	0.00771289
4995 	 1410 	 0.856216 	 0.00369617	0.00772197
4995 	 1415 	 0.856229 	 0.0037005	0.00773102
4995 	 1420 	 0.856241 	 0.00370482	0.00774004
4995 	 1425 	 0.856254 	 0.00370911	0.00774901
4995 	 1430 	 0.856266 	 0.00371339	0.00775795
4995 	 1435 	 0.856279 	 0.00371765	0.00776686
4995 	 1440 	 0.856291 	 0.0037219	0.00777573
4995 	 1445 	 0.856303 	 0.00372613	0.00778456
4995 	 1450 	 0.856315 	 0.00373034	0.00779336
4995 	 1455 	 0.856327 	 0.00373454	0.00780212
4995 	 1460 	 0.856339 	 0.00373871	0.00781085
4995 	 1465 	 0.85635 	 0.00374287	0.00781955
4995 	 1470 	 0.856362 	 0.00374702	0.00782821
4995 	 1475 	 0.856374 	 0.00375115	0.00783683
4995 	 1480 	 0.856385 	 0.00375526	0.00784543
4995 	 1485 	 0.856397 	 0.00375936	0.00785398
4995 	 1490 	 0.856408 	 0.00376344	0.00786251
4995 	 1495 	 0.85642 	 0.0037675	0.007871
4995 	 1500 	 0.856431 	 0.00377155	0.00787946
4995 	 1505 	 0.856442 	 0.00377558	0.00788788
4995 	 1510 	 0.856453 	 0.0037796	0.00789628
4995 	 1515 	 0.856465 	 0.0037836	0.00790464
4995 	 1520 	 0.856476 	 0.00378759	0.00791296
4995 	 1525 	 0.856486 	 0.00379156	0.00792126
4995 	 1530 	 0.856497 	 0.00379551	0.00792952
4995 	 1535 	 0.856508 	 0.00379945	0.00793775
4995 	 1540 	 0.856519 	 0.00380338	0.00794595
4995 	 1545 	 0.85653 	 0.00380729	0.00795412
4995 	 1550 	 0.85654 	 0.00381118	0.00796226
4995 	 1555 	 0.856551 	 0.00381506	0.00797036
4995 	 1560 	 0.856561 	 0.00381893	0.00797844
4995 	 1565 	 0.856572 	 0.00382278	0.00798648
4995 	 1570 	 0.856582 	 0.00382661	0.00799449
4995 	 1575 	 0.856593 	 0.00383044	0.00800248
4995 	 1580 	 0.856603 	 0.00383424	0.00801043
4995 	 1585 	 0.856613 	 0.00383803	0.00801835
4995 	 1590 	 0.856623 	 0.00384181	0.00802625
4995 	 1595 	 0.856633 	 0.00384558	0.00803411
4995 	 1600 	 0.856643 	 0.00384933	0.00804194
4995 	 1605 	 0.856653 	 0.00385306	0.00804975
4995 	 1610 	 0.856663 	 0.00385678	0.00805752
4995 	 1615 	 0.856673 	 0.00386049	0.00806527
4995 	 1620 	 0.856683 	 0.00386418	0.00807299
4995 	 1625 	 0.856692 	 0.00386787	0.00808067
4995 	 1630 	 0.856702 	 0.00387153	0.00808833
4995 	 1635 	 0.856712 	 0.00387518	0.00809597
4995 	 1640 	 0.856721 	 0.00387882	0.00810357
4995 	 1645 	 0.856731 	 0.00388245	0.00811114
4995 	 1650 	 0.85674 	 0.00388606	0.00811869
4995 	 1655 	 0.85675 	 0.00388966	0.00812621
4995 	 1660 	 0.856759 	 0.00389325	0.0081337
4995 	 1665 	 0.856768 	 0.00389682	0.00814117
4995 	 1670 	 0.856778 	 0.00390038	0.00814861
4995 	 1675 	 0.856787 	 0.00390393	0.00815602
4995 	 1680 	 0.856796 	 0.00390746	0.0081634
4995 	 1685 	 0.856805 	 0.00391098	0.00817076
4995 	 1690 	 0.856814 	 0.00391449	0.00817809
4995 	 1695 	 0.856823 	 0.00391799	0.00818539
4995 	 1700 	 0.856832 	 0.00392147	0.00819267
4995 	 1705 	 0.856841 	 0.00392494	0.00819992
4995 	 1710 	 0.85685 	 0.0039284	0.00820714
4995 	 1715 	 0.856859 	 0.00393184	0.00821434
4995 	 1720 	 0.856868 	 0.00393528	0.00822151
4995 	 1725 	 0.856876 	 0.0039387	0.00822866
4995 	 1730 	 0.856885 	 0.00394211	0.00823578
4995 	 1735 	 0.856894 	 0.0039455	0.00824288
4995 	 1740 	 0.856902 	 0.00394889	0.00824995
4995 	 1745 	 0.856911 	 0.00395226	0.00825699
4995 	 1750 	 0.856919 	 0.00395562	0.00826401
4995 	 1755 	 0.856928 	 0.00395897	0.00827101
4995 	 1760 	 0.856936 	 0.00396231	0.00827798
4995 	 1765 	 0.856944 	 0.00396563	0.00828493
4995 	 1770 	 0.856953 	 0.00396895	0.00829185
4995 	 1775 	 0.856961 	 0.00397225	0.00829875
4995 	 1780 	 0.856969 	 0.00397554	0.00830562
4995 	 1785 	 0.856977 	 0.00397882	0.00831247
4995 	 1790 	 0.856985 	 0.00398208	0.0083193
4995 	 1795 	 0.856994 	 0.00398534	0.0083261
4995 	 1800 	 0.857002 	 0.00398859	0.00833288
4995 	 1805 	 0.85701 	 0.00399182	0.00833964
4995 	 1810 	 0.857018 	 0.00399504	0.00834637
4995 	 1815 	 0.857026 	 0.00399825	0.00835308
4995 	 1820 	 0.857033 	 0.00400145	0.00835976
4995 	 1825 	 0.857041 	 0.00400464	0.00836642
4995 	 1830 	 0.857049 	 0.00400782	0.00837306
4995 	 1835 	 0.857057 	 0.00401099	0.00837968
4995 	 1840 	 0.857065 	 0.00401414	0.00838627
4995 	 1845 	 0.857072 	 0.00401729	0.00839285
4995 	 1850 	 0.85708 	 0.00402042	0.0083994
4995 	 1855 	 0.857088 	 0.00402355	0.00840592
4995 	 1860 	 0.857095 	 0.00402666	0.00841243
4995 	 1865 	 0.857103 	 0.00402976	0.00841891
4995 	 1870 	 0.85711 	 0.00403286	0.00842537
4995 	 1875 	 0.857118 	 0.00403594	0.00843181
4995 	 1880 	 0.857125 	 0.00403901	0.00843823
4995 	 1885 	 0.857133 	 0.00404207	0.00844462
4995 	 1890 	 0.85714 	 0.00404512	0.008451
4995 	 1895 	 0.857147 	 0.00404816	0.00845735
4995 	 1900 	 0.857155 	 0.00405119	0.00846368
4995 	 1905 	 0.857162 	 0.00405421	0.00846999
4995 	 1910 	 0.857169 	 0.00405722	0.00847628
4995 	 1915 	 0.857176 	 0.00406023	0.00848255
4995 	 1920 	 0.857183 	 0.00406322	0.0084888
4995 	 1925 	 0.85719 	 0.0040662	0.00849502
4995 	 1930 	 0.857198 	 0.00406917	0.00850123
4995 	 1935 	 0.857205 	 0.00407213	0.00850742
4995 	 1940 	 0.857212 	 0.00407508	0.00851358
4995 	 1945 	 0.857219 	 0.00407802	0.00851973
4995 	 1950 	 0.857226 	 0.00408095	0.00852585
4995 	 1955 	 0.857232 	 0.00408387	0.00853196
4995 	 1960 	 0.857239 	 0.00408679	0.00853804
4995 	 1965 	 0.857246 	 0.00408969	0.00854411
4995 	 1970 	 0.857253 	 0.00409258	0.00855015
4995 	 1975 	 0.85726 	 0.00409547	0.00855618
4995 	 1980 	 0.857267 	 0.00409834	0.00856219
4995 	 1985 	 0.857273 	 0.00410121	0.00856817
4995 	 1990 	 0.85728 	 0.00410407	0.00857414
4995 	 1995 	 0.857287 	 0.00410691	0.00858009
4995 	 2000 	 0.857293 	 0.00410975	0.00858602
4995 	 2005 	 0.8573 	 0.00411258	0.00859193
4995 	 2010 	 0.857306 	 0.0041154	0.00859782
4995 	 2015 	 0.857313 	 0.00411821	0.00860369
4995 	 2020 	 0.857319 	 0.00412101	0.00860954
4995 	 2025 	 0.857326 	 0.0041238	0.00861538
4995 	 2030 	 0.857332 	 0.00412659	0.0086212
4995 	 2035 	 0.857339 	 0.00412936	0.00862699
4995 	 2040 	 0.857345 	 0.00413213	0.00863277
4995 	 2045 	 0.857352 	 0.00413489	0.00863853
4995 	 2050 	 0.857358 	 0.00413764	0.00864428
4995 	 2055 	 0.857364 	 0.00414038	0.00865
4995 	 2060 	 0.85737 	 0.00414311	0.00865571
4995 	 2065 	 0.857377 	 0.00414583	0.0086614
4995 	 2070 	 0.857383 	 0.00414855	0.00866707
4995 	 2075 	 0.857389 	 0.00415125	0.00867272
4995 	 2080 	 0.857395 	 0.00415395	0.00867835
4995 	 2085 	 0.857401 	 0.00415664	0.00868397
4995 	 2090 	 0.857407 	 0.00415932	0.00868957
4995 	 2095 	 0.857414 	 0.00416199	0.00869516
4995 	 2100 	 0.85742 	 0.00416465	0.00870072
4995 	 2105 	 0.857426 	 0.00416731	0.00870627
4995 	 2110 	 0.857432 	 0.00416996	0.0087118
4995 	 2115 	 0.857438 	 0.0041726	0.00871731
4995 	 2120 	 0.857444 	 0.00417523	0.00872281
4995 	 2125 	 0.85745 	 0.00417785	0.00872829
4995 	 2130 	 0.857455 	 0.00418047	0.00873375
4995 	 2135 	 0.857461 	 0.00418307	0.0087392
4995 	 2140 	 0.857467 	 0.00418567	0.00874463
4995 	 2145 	 0.857473 	 0.00418826	0.00875004
4995 	 2150 	 0.857479 	 0.00419085	0.00875544
4995 	 2155 	 0.857485 	 0.00419342	0.00876082
4995 	 2160 	 0.85749 	 0.00419599	0.00876618
4995 	 2165 	 0.857496 	 0.00419855	0.00877153
4995 	 2170 	 0.857502 	 0.0042011	0.00877686
4995 	 2175 	 0.857507 	 0.00420364	0.00878218
4995 	 2180 	 0.857513 	 0.00420618	0.00878748
4995 	 2185 	 0.857519 	 0.00420871	0.00879276
4995 	 2190 	 0.857524 	 0.00421123	0.00879803
4995 	 2195 	 0.85753 	 0.00421374	0.00880328
4995 	 2200 	 0.857535 	 0.00421625	0.00880851
4995 	 2205 	 0.857541 	 0.00421875	0.00881373
4995 	 2210 	 0.857546 	 0.00422124	0.00881894
4995 	 2215 	 0.857552 	 0.00422372	0.00882413
4995 	 2220 	 0.857557 	 0.0042262	0.0088293
4995 	 2225 	 0.857563 	 0.00422867	0.00883446
4995 	 2230 	 0.857568 	 0.00423113	0.0088396
4995 	 2235 	 0.857574 	 0.00423358	0.00884473
4995 	 2240 	 0.857579 	 0.00423603	0.00884984
4995 	 2245 	 0.857584 	 0.00423847	0.00885494
4995 	 2250 	 0.85759 	 0.0042409	0.00886002
4995 	 2255 	 0.857595 	 0.00424333	0.00886509
4995 	 2260 	 0.8576 	 0.00424575	0.00887014
4995 	 2265 	 0.857606 	 0.00424816	0.00887518
4995 	 2270 	 0.857611 	 0.00425056	0.0088802
4995 	 2275 	 0.857616 	 0.00425296	0.00888521
4995 	 2280 	 0.857621 	 0.00425535	0.0088902
4995 	 2285 	 0.857626 	 0.00425773	0.00889518
4995 	 2290 	 0.857632 	 0.00426011	0.00890015
4995 	 2295 	 0.857637 	 0.00426248	0.0089051
4995 	 2300 	 0.857642 	 0.00426484	0.00891003
4995 	 2305 	 0.857647 	 0.0042672	0.00891496
4995 	 2310 	 0.857652 	 0.00426955	0.00891986
4995 	 2315 	 0.857657 	 0.00427189	0.00892476
4995 	 2320 	 0.857662 	 0.00427423	0.00892964
4995 	 2325 	 0.857667 	 0.00427655	0.0089345
4995 	 2330 	 0.857672 	 0.00427888	0.00893935
4995 	 2335 	 0.857677 	 0.00428119	0.00894419
4995 	 2340 	 0.857682 	 0.0042835	0.00894901
4995 	 2345 	 0.857687 	 0.0042858	0.00895382
4995 	 2350 	 0.857692 	 0.0042881	0.00895862
4995 	 2355 	 0.857697 	 0.00429039	0.0089634
4995 	 2360 	 0.857702 	 0.00429267	0.00896817
4995 	 2365 	 0.857706 	 0.00429495	0.00897293
4995 	 2370 	 0.857711 	 0.00429722	0.00897767
4995 	 2375 	 0.857716 	 0.00429948	0.0089824
4995 	 2380 	 0.857721 	 0.00430174	0.00898711
4995 	 2385 	 0.857726 	 0.00430399	0.00899182
4995 	 2390 	 0.85773 	 0.00430623	0.0089965
4995 	 2395 	 0.857735 	 0.00430847	0.00900118
4995 	 2400 	 0.85774 	 0.0043107	0.00900584
4995 	 2405 	 0.857745 	 0.00431293	0.00901049
4995 	 2410 	 0.857749 	 0.00431515	0.00901513
4995 	 2415 	 0.857754 	 0.00431736	0.00901975
4995 	 2420 	 0.857759 	 0.00431957	0.00902436
4995 	 2425 	 0.857763 	 0.00432177	0.00902896
4995 	 2430 	 0.857768 	 0.00432396	0.00903355
4995 	 2435 	 0.857773 	 0.00432615	0.00903812
4995 	 2440 	 0.857777 	 0.00432833	0.00904268
4995 	 2445 	 0.857782 	 0.00433051	0.00904723
4995 	 2450 	 0.857786 	 0.00433268	0.00905176
4995 	 2455 	 0.857791 	 0.00433485	0.00905628
4995 	 2460 	 0.857795 	 0.00433701	0.00906079
4995 	 2465 	 0.8578 	 0.00433916	0.00906529
4995 	 2470 	 0.857804 	 0.00434131	0.00906978
4995 	 2475 	 0.857809 	 0.00434345	0.00907425
4995 	 2480 	 0.857813 	 0.00434558	0.00907871
4995 	 2485 	 0.857818 	 0.00434771	0.00908316
4995 	 2490 	 0.857822 	 0.00434983	0.0090876
4995 	 2495 	 0.857826 	 0.00435195	0.00909202
4995 	 2500 	 0.857831 	 0.00435406	0.00909643
4995 	 2505 	 0.857835 	 0.00435617	0.00910084
4995 	 2510 	 0.85784 	 0.00435827	0.00910522
4995 	 2515 	 0.857844 	 0.00436037	0.0091096
4995 	 2520 	 0.857848 	 0.00436246	0.00911397
4995 	 2525 	 0.857852 	 0.00436454	0.00911832
4995 	 2530 	 0.857857 	 0.00436662	0.00912266
4995 	 2535 	 0.857861 	 0.00436869	0.00912699
4995 	 2540 	 0.857865 	 0.00437076	0.00913131
4995 	 2545 	 0.85787 	 0.00437282	0.00913562
4995 	 2550 	 0.857874 	 0.00437488	0.00913991
4995 	 2555 	 0.857878 	 0.00437693	0.0091442
4995 	 2560 	 0.857882 	 0.00437897	0.00914847
4995 	 2565 	 0.857886 	 0.00438101	0.00915273
4995 	 2570 	 0.857891 	 0.00438305	0.00915698
4995 	 2575 	 0.857895 	 0.00438508	0.00916122
4995 	 2580 	 0.857899 	 0.0043871	0.00916545
4995 	 2585 	 0.857903 	 0.00438912	0.00916967
4995 	 2590 	 0.857907 	 0.00439113	0.00917387
4995 	 2595 	 0.857911 	 0.00439314	0.00917807
4995 	 2600 	 0.857915 	 0.00439514	0.00918225
4995 	 2605 	 0.857919 	 0.00439714	0.00918642
4995 	 2610 	 0.857923 	 0.00439913	0.00919058
4995 	 2615 	 0.857927 	 0.00440112	0.00919473
4995 	 2620 	 0.857931 	 0.0044031	0.00919887
4995 	 2625 	 0.857935 	 0.00440507	0.009203
4995 	 2630 	 0.857939 	 0.00440705	0.00920712
4995 	 2635 	 0.857943 	 0.00440901	0.00921123
4995 	 2640 	 0.857947 	 0.00441097	0.00921533
4995 	 2645 	 0.857951 	 0.00441293	0.00921941
4995 	 2650 	 0.857955 	 0.00441488	0.00922349
4995 	 2655 	 0.857959 	 0.00441683	0.00922755
4995 	 2660 	 0.857963 	 0.00441877	0.00923161
4995 	 2665 	 0.857967 	 0.0044207	0.00923565
4995 	 2670 	 0.857971 	 0.00442263	0.00923969
4995 	 2675 	 0.857975 	 0.00442456	0.00924371
4995 	 2680 	 0.857979 	 0.00442648	0.00924773
4995 	 2685 	 0.857982 	 0.0044284	0.00925173
4995 	 2690 	 0.857986 	 0.00443031	0.00925572
4995 	 2695 	 0.85799 	 0.00443221	0.0092597
4995 	 2700 	 0.857994 	 0.00443412	0.00926368
4995 	 2705 	 0.857998 	 0.00443601	0.00926764
4995 	 2710 	 0.858001 	 0.00443791	0.00927159
4995 	 2715 	 0.858005 	 0.00443979	0.00927553
4995 	 2720 	 0.858009 	 0.00444167	0.00927947
4995 	 2725 	 0.858013 	 0.00444355	0.00928339
4995 	 2730 	 0.858016 	 0.00444543	0.0092873
4995 	 2735 	 0.85802 	 0.00444729	0.00929121
4995 	 2740 	 0.858024 	 0.00444916	0.0092951
4995 	 2745 	 0.858027 	 0.00445102	0.00929898
4995 	 2750 	 0.858031 	 0.00445287	0.00930286
4995 	 2755 	 0.858035 	 0.00445472	0.00930672
4995 	 2760 	 0.858038 	 0.00445656	0.00931057
4995 	 2765 	 0.858042 	 0.0044584	0.00931442
4995 	 2770 	 0.858046 	 0.00446024	0.00931825
4995 	 2775 	 0.858049 	 0.00446207	0.00932208
4995 	 2780 	 0.858053 	 0.0044639	0.0093259
4995 	 2785 	 0.858057 	 0.00446572	0.0093297
4995 	 2790 	 0.85806 	 0.00446754	0.0093335
4995 	 2795 	 0.858064 	 0.00446935	0.00933729
4995 	 2800 	 0.858067 	 0.00447116	0.00934107
4995 	 2805 	 0.858071 	 0.00447296	0.00934483
4995 	 2810 	 0.858074 	 0.00447476	0.00934859
4995 	 2815 	 0.858078 	 0.00447656	0.00935235
4995 	 2820 	 0.858081 	 0.00447835	0.00935609
4995 	 2825 	 0.858085 	 0.00448014	0.00935982
4995 	 2830 	 0.858088 	 0.00448192	0.00936354
4995 	 2835 	 0.858092 	 0.0044837	0.00936726
4995 	 2840 	 0.858095 	 0.00448547	0.00937096
4995 	 2845 	 0.858099 	 0.00448724	0.00937466
4995 	 2850 	 0.858102 	 0.004489	0.00937834
4995 	 2855 	 0.858106 	 0.00449076	0.00938202
4995 	 2860 	 0.858109 	 0.00449252	0.00938569
4995 	 2865 	 0.858112 	 0.00449427	0.00938935
4995 	 2870 	 0.858116 	 0.00449602	0.009393
4995 	 2875 	 0.858119 	 0.00449776	0.00939665
4995 	 2880 	 0.858123 	 0.0044995	0.00940028
4995 	 2885 	 0.858126 	 0.00450124	0.0094039
4995 	 2890 	 0.858129 	 0.00450297	0.00940752
4995 	 2895 	 0.858133 	 0.00450469	0.00941113
4995 	 2900 	 0.858136 	 0.00450642	0.00941473
4995 	 2905 	 0.858139 	 0.00450814	0.00941832
4995 	 2910 	 0.858143 	 0.00450985	0.0094219
4995 	 2915 	 0.858146 	 0.00451156	0.00942547
4995 	 2920 	 0.858149 	 0.00451327	0.00942904
4995 	 2925 	 0.858152 	 0.00451497	0.00943259
4995 	 2930 	 0.858156 	 0.00451667	0.00943614
4995 	 2935 	 0.858159 	 0.00451836	0.00943968
4995 	 2940 	 0.858162 	 0.00452005	0.00944321
4995 	 2945 	 0.858165 	 0.00452174	0.00944673
4995 	 2950 	 0.858169 	 0.00452342	0.00945025
4995 	 2955 	 0.858172 	 0.0045251	0.00945376
4995 	 2960 	 0.858175 	 0.00452677	0.00945725
4995 	 2965 	 0.858178 	 0.00452844	0.00946074
4995 	 2970 	 0.858181 	 0.00453011	0.00946422
4995 	 2975 	 0.858185 	 0.00453177	0.0094677
4995 	 2980 	 0.858188 	 0.00453343	0.00947116
4995 	 2985 	 0.858191 	 0.00453509	0.00947462
4995 	 2990 	 0.858194 	 0.00453674	0.00947807
4995 	 2995 	 0.858197 	 0.00453838	0.00948151
4995 	 3000 	 0.8582 	 0.00454003	0.00948494
4995 	 3005 	 0.858203 	 0.00454167	0.00948837
4995 	 3010 	 0.858207 	 0.0045433	0.00949178
4995 	 3015 	 0.85821 	 0.00454493	0.00949519
4995 	 3020 	 0.858213 	 0.00454656	0.00949859
4995 	 3025 	 0.858216 	 0.00454818	0.00950199
4995 	 3030 	 0.858219 	 0.00454981	0.00950537
4995 	 3035 	 0.858222 	 0.00455142	0.00950875
4995 	 3040 	 0.858225 	 0.00455304	0.00951212
4995 	 3045 	 0.858228 	 0.00455464	0.00951548
4995 	 3050 	 0.858231 	 0.00455625	0.00951884
4995 	 3055 	 0.858234 	 0.00455785	0.00952218
4995 	 3060 	 0.858237 	 0.00455945	0.00952552
4995 	 3065 	 0.85824 	 0.00456104	0.00952885
4995 	 3070 	 0.858243 	 0.00456264	0.00953218
4995 	 3075 	 0.858246 	 0.00456422	0.00953549
4995 	 3080 	 0.858249 	 0.00456581	0.0095388
4995 	 3085 	 0.858252 	 0.00456739	0.0095421
4995 	 3090 	 0.858255 	 0.00456896	0.0095454
4995 	 3095 	 0.858258 	 0.00457054	0.00954868
4995 	 3100 	 0.858261 	 0.00457211	0.00955196
4995 	 3105 	 0.858264 	 0.00457367	0.00955523
4995 	 3110 	 0.858267 	 0.00457523	0.0095585
4995 	 3115 	 0.85827 	 0.00457679	0.00956175
4995 	 3120 	 0.858273 	 0.00457835	0.009565
4995 	 3125 	 0.858276 	 0.0045799	0.00956824
4995 	 3130 	 0.858278 	 0.00458145	0.00957148
4995 	 3135 	 0.858281 	 0.00458299	0.00957471
4995 	 3140 	 0.858284 	 0.00458453	0.00957793
4995 	 3145 	 0.858287 	 0.00458607	0.00958114
4995 	 3150 	 0.85829 	 0.00458761	0.00958434
4995 	 3155 	 0.858293 	 0.00458914	0.00958754
4995 	 3160 	 0.858296 	 0.00459066	0.00959073
4995 	 3165 	 0.858298 	 0.00459219	0.00959392
4995 	 3170 	 0.858301 	 0.00459371	0.0095971
4995 	 3175 	 0.858304 	 0.00459523	0.00960027
4995 	 3180 	 0.858307 	 0.00459674	0.00960343
4995 	 3185 	 0.85831 	 0.00459825	0.00960659
4995 	 3190 	 0.858313 	 0.00459976	0.00960973
4995 	 3195 	 0.858315 	 0.00460126	0.00961288
4995 	 3200 	 0.858318 	 0.00460276	0.00961601
4995 	 3205 	 0.858321 	 0.00460426	0.00961914
4995 	 3210 	 0.858324 	 0.00460576	0.00962226
4995 	 3215 	 0.858326 	 0.00460725	0.00962538
4995 	 3220 	 0.858329 	 0.00460873	0.00962849
4995 	 3225 	 0.858332 	 0.00461022	0.00963159
4995 	 3230 	 0.858335 	 0.0046117	0.00963468
4995 	 3235 	 0.858337 	 0.00461318	0.00963777
4995 	 3240 	 0.85834 	 0.00461465	0.00964085
4995 	 3245 	 0.858343 	 0.00461612	0.00964392
4995 	 3250 	 0.858345 	 0.00461759	0.00964699
4995 	 3255 	 0.858348 	 0.00461906	0.00965005
4995 	 3260 	 0.858351 	 0.00462052	0.00965311
4995 	 3265 	 0.858353 	 0.00462198	0.00965615
4995 	 3270 	 0.858356 	 0.00462343	0.00965919
4995 	 3275 	 0.858359 	 0.00462489	0.00966223
4995 	 3280 	 0.858361 	 0.00462633	0.00966526
4995 	 3285 	 0.858364 	 0.00462778	0.00966828
4995 	 3290 	 0.858367 	 0.00462922	0.00967129
4995 	 3295 	 0.858369 	 0.00463066	0.0096743
4995 	 3300 	 0.858372 	 0.0046321	0.0096773
4995 	 3305 	 0.858375 	 0.00463353	0.0096803
4995 	 3310 	 0.858377 	 0.00463496	0.00968329
4995 	 3315 	 0.85838 	 0.00463639	0.00968627
4995 	 3320 	 0.858382 	 0.00463782	0.00968924
4995 	 3325 	 0.858385 	 0.00463924	0.00969221
4995 	 3330 	 0.858388 	 0.00464066	0.00969518
4995 	 3335 	 0.85839 	 0.00464207	0.00969814
4995 	 3340 	 0.858393 	 0.00464349	0.00970109
4995 	 3345 	 0.858395 	 0.00464489	0.00970403
4995 	 3350 	 0.858398 	 0.0046463	0.00970697
4995 	 3355 	 0.8584 	 0.0046477	0.0097099
4995 	 3360 	 0.858403 	 0.00464911	0.00971283
4995 	 3365 	 0.858405 	 0.0046505	0.00971575
4995 	 3370 	 0.858408 	 0.0046519	0.00971866
4995 	 3375 	 0.85841 	 0.00465329	0.00972157
4995 	 3380 	 0.858413 	 0.00465468	0.00972447
4995 	 3385 	 0.858415 	 0.00465606	0.00972737
4995 	 3390 	 0.858418 	 0.00465745	0.00973026
4995 	 3395 	 0.85842 	 0.00465883	0.00973314
4995 	 3400 	 0.858423 	 0.0046602	0.00973602
4995 	 3405 	 0.858425 	 0.00466158	0.00973889
4995 	 3410 	 0.858428 	 0.00466295	0.00974175
4995 	 3415 	 0.85843 	 0.00466432	0.00974461
4995 	 3420 	 0.858433 	 0.00466568	0.00974746
4995 	 3425 	 0.858435 	 0.00466705	0.00975031
4995 	 3430 	 0.858438 	 0.00466841	0.00975315
4995 	 3435 	 0.85844 	 0.00466976	0.00975599
4995 	 3440 	 0.858443 	 0.00467112	0.00975882
4995 	 3445 	 0.858445 	 0.00467247	0.00976164
4995 	 3450 	 0.858447 	 0.00467382	0.00976446
4995 	 3455 	 0.85845 	 0.00467517	0.00976727
4995 	 3460 	 0.858452 	 0.00467651	0.00977008
4995 	 3465 	 0.858455 	 0.00467785	0.00977288
4995 	 3470 	 0.858457 	 0.00467919	0.00977567
4995 	 3475 	 0.858459 	 0.00468052	0.00977846
4995 	 3480 	 0.858462 	 0.00468185	0.00978125
4995 	 3485 	 0.858464 	 0.00468318	0.00978402
4995 	 3490 	 0.858466 	 0.00468451	0.0097868
4995 	 3495 	 0.858469 	 0.00468584	0.00978956
4995 	 3500 	 0.858471 	 0.00468716	0.00979232
4995 	 3505 	 0.858474 	 0.00468848	0.00979508
4995 	 3510 	 0.858476 	 0.00468979	0.00979783
4995 	 3515 	 0.858478 	 0.0046911	0.00980057
4995 	 3520 	 0.858481 	 0.00469242	0.00980331
4995 	 3525 	 0.858483 	 0.00469372	0.00980604
4995 	 3530 	 0.858485 	 0.00469503	0.00980877
4995 	 3535 	 0.858487 	 0.00469633	0.00981149
4995 	 3540 	 0.85849 	 0.00469763	0.00981421
4995 	 3545 	 0.858492 	 0.00469893	0.00981692
4995 	 3550 	 0.858494 	 0.00470022	0.00981962
4995 	 3555 	 0.858497 	 0.00470152	0.00982232
4995 	 3560 	 0.858499 	 0.00470281	0.00982502
4995 	 3565 	 0.858501 	 0.00470409	0.00982771
4995 	 3570 	 0.858503 	 0.00470538	0.00983039
4995 	 3575 	 0.858506 	 0.00470666	0.00983307
4995 	 3580 	 0.858508 	 0.00470794	0.00983574
4995 	 3585 	 0.85851 	 0.00470922	0.00983841
4995 	 3590 	 0.858512 	 0.00471049	0.00984107
4995 	 3595 	 0.858515 	 0.00471176	0.00984373
4995 	 3600 	 0.858517 	 0.00471303	0.00984638
4995 	 3605 	 0.858519 	 0.0047143	0.00984903
4995 	 3610 	 0.858521 	 0.00471556	0.00985167
4995 	 3615 	 0.858524 	 0.00471682	0.0098543
4995 	 3620 	 0.858526 	 0.00471808	0.00985694
4995 	 3625 	 0.858528 	 0.00471934	0.00985956
4995 	 3630 	 0.85853 	 0.00472059	0.00986218
4995 	 3635 	 0.858532 	 0.00472185	0.0098648
4995 	 3640 	 0.858535 	 0.0047231	0.00986741
4995 	 3645 	 0.858537 	 0.00472434	0.00987001
4995 	 3650 	 0.858539 	 0.00472559	0.00987261
4995 	 3655 	 0.858541 	 0.00472683	0.00987521
4995 	 3660 	 0.858543 	 0.00472807	0.00987779
4995 	 3665 	 0.858545 	 0.0047293	0.00988038
4995 	 3670 	 0.858548 	 0.00473054	0.00988296
4995 	 3675 	 0.85855 	 0.00473177	0.00988553
4995 	 3680 	 0.858552 	 0.004733	0.0098881
4995 	 3685 	 0.858554 	 0.00473423	0.00989067
4995 	 3690 	 0.858556 	 0.00473545	0.00989323
4995 	 3695 	 0.858558 	 0.00473668	0.00989578
4995 	 3700 	 0.85856 	 0.0047379	0.00989833
4995 	 3705 	 0.858563 	 0.00473911	0.00990087
4995 	 3710 	 0.858565 	 0.00474033	0.00990341
4995 	 3715 	 0.858567 	 0.00474154	0.00990595
4995 	 3720 	 0.858569 	 0.00474275	0.00990848
4995 	 3725 	 0.858571 	 0.00474396	0.009911
4995 	 3730 	 0.858573 	 0.00474517	0.00991352
4995 	 3735 	 0.858575 	 0.00474637	0.00991604
4995 	 3740 	 0.858577 	 0.00474757	0.00991855
4995 	 3745 	 0.858579 	 0.00474877	0.00992105
4995 	 3750 	 0.858581 	 0.00474997	0.00992355
4995 	 3755 	 0.858583 	 0.00475117	0.00992605
4995 	 3760 	 0.858586 	 0.00475236	0.00992854
4995 	 3765 	 0.858588 	 0.00475355	0.00993103
4995 	 3770 	 0.85859 	 0.00475474	0.00993351
4995 	 3775 	 0.858592 	 0.00475592	0.00993599
4995 	 3780 	 0.858594 	 0.0047571	0.00993846
4995 	 3785 	 0.858596 	 0.00475829	0.00994092
4995 	 3790 	 0.858598 	 0.00475946	0.00994339
4995 	 3795 	 0.8586 	 0.00476064	0.00994585
4995 	 3800 	 0.858602 	 0.00476181	0.0099483
4995 	 3805 	 0.858604 	 0.00476299	0.00995075
4995 	 3810 	 0.858606 	 0.00476416	0.00995319
4995 	 3815 	 0.858608 	 0.00476532	0.00995563
4995 	 3820 	 0.85861 	 0.00476649	0.00995807
4995 	 3825 	 0.858612 	 0.00476765	0.0099605
4995 	 3830 	 0.858614 	 0.00476881	0.00996292
4995 	 3835 	 0.858616 	 0.00476997	0.00996534
4995 	 3840 	 0.858618 	 0.00477113	0.00996776
4995 	 3845 	 0.85862 	 0.00477228	0.00997017
4995 	 3850 	 0.858622 	 0.00477344	0.00997258
4995 	 3855 	 0.858624 	 0.00477459	0.00997498
4995 	 3860 	 0.858626 	 0.00477573	0.00997738
4995 	 3865 	 0.858628 	 0.00477688	0.00997977
4995 	 3870 	 0.85863 	 0.00477802	0.00998216
4995 	 3875 	 0.858632 	 0.00477917	0.00998455
4995 	 3880 	 0.858633 	 0.0047803	0.00998693
4995 	 3885 	 0.858635 	 0.00478144	0.0099893
4995 	 3890 	 0.858637 	 0.00478258	0.00999168
4995 	 3895 	 0.858639 	 0.00478371	0.00999404
4995 	 3900 	 0.858641 	 0.00478484	0.00999641
4995 	 3905 	 0.858643 	 0.00478597	0.00999876
4995 	 3910 	 0.858645 	 0.0047871	0.0100011
4995 	 3915 	 0.858647 	 0.00478822	0.0100035
4995 	 3920 	 0.858649 	 0.00478934	0.0100058
4995 	 3925 	 0.858651 	 0.00479047	0.0100082
4995 	 3930 	 0.858653 	 0.00479158	0.0100105
4995 	 3935 	 0.858655 	 0.0047927	0.0100128
4995 	 3940 	 0.858656 	 0.00479381	0.0100152
4995 	 3945 	 0.858658 	 0.00479493	0.0100175
4995 	 3950 	 0.85866 	 0.00479604	0.0100198
4995 	 3955 	 0.858662 	 0.00479715	0.0100221
4995 	 3960 	 0.858664 	 0.00479825	0.0100244
4995 	 3965 	 0.858666 	 0.00479936	0.0100267
4995 	 3970 	 0.858668 	 0.00480046	0.010029
4995 	 3975 	 0.85867 	 0.00480156	0.0100313
4995 	 3980 	 0.858671 	 0.00480266	0.0100336
4995 	 3985 	 0.858673 	 0.00480375	0.0100359
4995 	 3990 	 0.858675 	 0.00480485	0.0100382
4995 	 3995 	 0.858677 	 0.00480594	0.0100405
4995 	 4000 	 0.858679 	 0.00480703	0.0100428
4995 	 4005 	 0.858681 	 0.00480812	0.010045
4995 	 4010 	 0.858682 	 0.0048092	0.0100473
4995 	 4015 	 0.858684 	 0.00481029	0.0100496
4995 	 4020 	 0.858686 	 0.00481137	0.0100518
4995 	 4025 	 0.858688 	 0.00481245	0.0100541
4995 	 4030 	 0.85869 	 0.00481353	0.0100563
4995 	 4035 	 0.858692 	 0.00481461	0.0100586
4995 	 4040 	 0.858693 	 0.00481568	0.0100608
4995 	 4045 	 0.858695 	 0.00481675	0.0100631
4995 	 4050 	 0.858697 	 0.00481783	0.0100653
4995 	 4055 	 0.858699 	 0.00481889	0.0100675
4995 	 4060 	 0.858701 	 0.00481996	0.0100698
4995 	 4065 	 0.858702 	 0.00482103	0.010072
4995 	 4070 	 0.858704 	 0.00482209	0.0100742
4995 	 4075 	 0.858706 	 0.00482315	0.0100764
4995 	 4080 	 0.858708 	 0.00482421	0.0100787
4995 	 4085 	 0.858709 	 0.00482527	0.0100809
4995 	 4090 	 0.858711 	 0.00482632	0.0100831
4995 	 4095 	 0.858713 	 0.00482738	0.0100853
4995 	 4100 	 0.858715 	 0.00482843	0.0100875
4995 	 4105 	 0.858716 	 0.00482948	0.0100897
4995 	 4110 	 0.858718 	 0.00483053	0.0100919
4995 	 4115 	 0.85872 	 0.00483157	0.010094
4995 	 4120 	 0.858722 	 0.00483262	0.0100962
4995 	 4125 	 0.858723 	 0.00483366	0.0100984
4995 	 4130 	 0.858725 	 0.0048347	0.0101006
4995 	 4135 	 0.858727 	 0.00483574	0.0101027
4995 	 4140 	 0.858729 	 0.00483678	0.0101049
4995 	 4145 	 0.85873 	 0.00483781	0.0101071
4995 	 4150 	 0.858732 	 0.00483885	0.0101092
4995 	 4155 	 0.858734 	 0.00483988	0.0101114
4995 	 4160 	 0.858735 	 0.00484091	0.0101135
4995 	 4165 	 0.858737 	 0.00484193	0.0101157
4995 	 4170 	 0.858739 	 0.00484296	0.0101178
4995 	 4175 	 0.858741 	 0.00484399	0.01012
4995 	 4180 	 0.858742 	 0.00484501	0.0101221
4995 	 4185 	 0.858744 	 0.00484603	0.0101242
4995 	 4190 	 0.858746 	 0.00484705	0.0101264
4995 	 4195 	 0.858747 	 0.00484807	0.0101285
4995 	 4200 	 0.858749 	 0.00484908	0.0101306
4995 	 4205 	 0.858751 	 0.00485009	0.0101327
4995 	 4210 	 0.858752 	 0.00485111	0.0101348
4995 	 4215 	 0.858754 	 0.00485212	0.010137
4995 	 4220 	 0.858756 	 0.00485313	0.0101391
4995 	 4225 	 0.858757 	 0.00485413	0.0101412
4995 	 4230 	 0.858759 	 0.00485514	0.0101433
4995 	 4235 	 0.858761 	 0.00485614	0.0101454
4995 	 4240 	 0.858762 	 0.00485714	0.0101475
4995 	 4245 	 0.858764 	 0.00485814	0.0101495
4995 	 4250 	 0.858766 	 0.00485914	0.0101516
4995 	 4255 	 0.858767 	 0.00486014	0.0101537
4995 	 4260 	 0.858769 	 0.00486113	0.0101558
4995 	 4265 	 0.858771 	 0.00486212	0.0101579
4995 	 4270 	 0.858772 	 0.00486312	0.0101599
4995 	 4275 	 0.858774 	 0.00486411	0.010162
4995 	 4280 	 0.858775 	 0.00486509	0.0101641
4995 	 4285 	 0.858777 	 0.00486608	0.0101661
4995 	 4290 	 0.858779 	 0.00486706	0.0101682
4995 	 4295 	 0.85878 	 0.00486805	0.0101702
4995 	 4300 	 0.858782 	 0.00486903	0.0101723
4995 	 4305 	 0.858783 	 0.00487001	0.0101743
4995 	 4310 	 0.858785 	 0.00487099	0.0101764
4995 	 4315 	 0.858787 	 0.00487196	0.0101784
4995 	 4320 	 0.858788 	 0.00487294	0.0101805
4995 	 4325 	 0.85879 	 0.00487391	0.0101825
4995 	 4330 	 0.858791 	 0.00487488	0.0101845
4995 	 4335 	 0.858793 	 0.00487585	0.0101865
4995 	 4340 	 0.858795 	 0.00487682	0.0101886
4995 	 4345 	 0.858796 	 0.00487778	0.0101906
4995 	 4350 	 0.858798 	 0.00487875	0.0101926
4995 	 4355 	 0.858799 	 0.00487971	0.0101946
4995 	 4360 	 0.858801 	 0.00488067	0.0101966
4995 	 4365 	 0.858802 	 0.00488163	0.0101986
4995 	 4370 	 0.858804 	 0.00488259	0.0102006
4995 	 4375 	 0.858806 	 0.00488355	0.0102026
4995 	 4380 	 0.858807 	 0.0048845	0.0102046
4995 	 4385 	 0.858809 	 0.00488546	0.0102066
4995 	 4390 	 0.85881 	 0.00488641	0.0102086
4995 	 4395 	 0.858812 	 0.00488736	0.0102106
4995 	 4400 	 0.858813 	 0.00488831	0.0102126
4995 	 4405 	 0.858815 	 0.00488926	0.0102145
4995 	 4410 	 0.858816 	 0.0048902	0.0102165
4995 	 4415 	 0.858818 	 0.00489115	0.0102185
4995 	 4420 	 0.858819 	 0.00489209	0.0102205
4995 	 4425 	 0.858821 	 0.00489303	0.0102224
4995 	 4430 	 0.858822 	 0.00489397	0.0102244
4995 	 4435 	 0.858824 	 0.00489491	0.0102264
4995 	 4440 	 0.858826 	 0.00489584	0.0102283
4995 	 4445 	 0.858827 	 0.00489678	0.0102303
4995 	 4450 	 0.858829 	 0.00489771	0.0102322
4995 	 4455 	 0.85883 	 0.00489864	0.0102342
4995 	 4460 	 0.858832 	 0.00489957	0.0102361
4995 	 4465 	 0.858833 	 0.0049005	0.010238
4995 	 4470 	 0.858835 	 0.00490143	0.01024
4995 	 4475 	 0.858836 	 0.00490235	0.0102419
4995 	 4480 	 0.858838 	 0.00490328	0.0102438
4995 	 4485 	 0.858839 	 0.0049042	0.0102458
4995 	 4490 	 0.858841 	 0.00490512	0.0102477
4995 	 4495 	 0.858842 	 0.00490604	0.0102496
4995 	 4500 	 0.858843 	 0.00490696	0.0102515
4995 	 4505 	 0.858845 	 0.00490787	0.0102534
4995 	 4510 	 0.858846 	 0.00490879	0.0102554
4995 	 4515 	 0.858848 	 0.0049097	0.0102573
4995 	 4520 	 0.858849 	 0.00491061	0.0102592
4995 	 4525 	 0.858851 	 0.00491153	0.0102611
4995 	 4530 	 0.858852 	 0.00491243	0.010263
4995 	 4535 	 0.858854 	 0.00491334	0.0102649
4995 	 4540 	 0.858855 	 0.00491425	0.0102668
4995 	 4545 	 0.858857 	 0.00491515	0.0102686
4995 	 4550 	 0.858858 	 0.00491606	0.0102705
4995 	 4555 	 0.85886 	 0.00491696	0.0102724
4995 	 4560 	 0.858861 	 0.00491786	0.0102743
4995 	 4565 	 0.858862 	 0.00491876	0.0102762
4995 	 4570 	 0.858864 	 0.00491965	0.0102781
4995 	 4575 	 0.858865 	 0.00492055	0.0102799
4995 	 4580 	 0.858867 	 0.00492144	0.0102818
4995 	 4585 	 0.858868 	 0.00492234	0.0102837
4995 	 4590 	 0.85887 	 0.00492323	0.0102855
4995 	 4595 	 0.858871 	 0.00492412	0.0102874
4995 	 4600 	 0.858872 	 0.00492501	0.0102892
4995 	 4605 	 0.858874 	 0.0049259	0.0102911
4995 	 4610 	 0.858875 	 0.00492678	0.0102929
4995 	 4615 	 0.858877 	 0.00492767	0.0102948
4995 	 4620 	 0.858878 	 0.00492855	0.0102966
4995 	 4625 	 0.858879 	 0.00492943	0.0102985
4995 	 4630 	 0.858881 	 0.00493031	0.0103003
4995 	 4635 	 0.858882 	 0.00493119	0.0103022
4995 	 4640 	 0.858884 	 0.00493207	0.010304
4995 	 4645 	 0.858885 	 0.00493294	0.0103058
4995 	 4650 	 0.858886 	 0.00493382	0.0103076
4995 	 4655 	 0.858888 	 0.00493469	0.0103095
4995 	 4660 	 0.858889 	 0.00493556	0.0103113
4995 	 4665 	 0.858891 	 0.00493643	0.0103131
4995 	 4670 	 0.858892 	 0.0049373	0.0103149
4995 	 4675 	 0.858893 	 0.00493817	0.0103167
4995 	 4680 	 0.858895 	 0.00493904	0.0103185
4995 	 4685 	 0.858896 	 0.0049399	0.0103204
4995 	 4690 	 0.858898 	 0.00494077	0.0103222
4995 	 4695 	 0.858899 	 0.00494163	0.010324
4995 	 4700 	 0.8589 	 0.00494249	0.0103258
4995 	 4705 	 0.858902 	 0.00494335	0.0103276
4995 	 4710 	 0.858903 	 0.00494421	0.0103294
4995 	 4715 	 0.858904 	 0.00494506	0.0103311
4995 	 4720 	 0.858906 	 0.00494592	0.0103329
4995 	 4725 	 0.858907 	 0.00494677	0.0103347
4995 	 4730 	 0.858908 	 0.00494763	0.0103365
4995 	 4735 	 0.85891 	 0.00494848	0.0103383
4995 	 4740 	 0.858911 	 0.00494933	0.0103401
4995 	 4745 	 0.858912 	 0.00495018	0.0103418
4995 	 4750 	 0.858914 	 0.00495103	0.0103436
4995 	 4755 	 0.858915 	 0.00495187	0.0103454
4995 	 4760 	 0.858916 	 0.00495272	0.0103471
4995 	 4765 	 0.858918 	 0.00495356	0.0103489
4995 	 4770 	 0.858919 	 0.0049544	0.0103507
4995 	 4775 	 0.85892 	 0.00495525	0.0103524
4995 	 4780 	 0.858922 	 0.00495609	0.0103542
4995 	 4785 	 0.858923 	 0.00495692	0.0103559
4995 	 4790 	 0.858924 	 0.00495776	0.0103577
4995 	 4795 	 0.858926 	 0.0049586	0.0103594
4995 	 4800 	 0.858927 	 0.00495943	0.0103612
4995 	 4805 	 0.858928 	 0.00496026	0.0103629
4995 	 4810 	 0.85893 	 0.0049611	0.0103646
4995 	 4815 	 0.858931 	 0.00496193	0.0103664
4995 	 4820 	 0.858932 	 0.00496276	0.0103681
4995 	 4825 	 0.858934 	 0.00496359	0.0103698
4995 	 4830 	 0.858935 	 0.00496441	0.0103716
4995 	 4835 	 0.858936 	 0.00496524	0.0103733
4995 	 4840 	 0.858937 	 0.00496606	0.010375
4995 	 4845 	 0.858939 	 0.00496689	0.0103767
4995 	 4850 	 0.85894 	 0.00496771	0.0103784
4995 	 4855 	 0.858941 	 0.00496853	0.0103802
4995 	 4860 	 0.858943 	 0.00496935	0.0103819
4995 	 4865 	 0.858944 	 0.00497017	0.0103836
4995 	 4870 	 0.858945 	 0.00497098	0.0103853
4995 	 4875 	 0.858946 	 0.0049718	0.010387
4995 	 4880 	 0.858948 	 0.00497261	0.0103887
4995 	 4885 	 0.858949 	 0.00497343	0.0103904
4995 	 4890 	 0.85895 	 0.00497424	0.0103921
4995 	 4895 	 0.858951 	 0.00497505	0.0103938
4995 	 4900 	 0.858953 	 0.00497586	0.0103955
4995 	 4905 	 0.858954 	 0.00497667	0.0103972
4995 	 4910 	 0.858955 	 0.00497747	0.0103989
4995 	 4915 	 0.858956 	 0.00497828	0.0104005
4995 	 4920 	 0.858958 	 0.00497909	0.0104022
4995 	 4925 	 0.858959 	 0.00497989	0.0104039
4995 	 4930 	 0.85896 	 0.00498069	0.0104056
4995 	 4935 	 0.858961 	 0.00498149	0.0104072
4995 	 4940 	 0.858963 	 0.00498229	0.0104089
4995 	 4945 	 0.858964 	 0.00498309	0.0104106
4995 	 4950 	 0.858965 	 0.00498389	0.0104123
4995 	 4955 	 0.858966 	 0.00498468	0.0104139
4995 	 4960 	 0.858968 	 0.00498548	0.0104156
4995 	 4965 	 0.858969 	 0.00498627	0.0104172
4995 	 4970 	 0.85897 	 0.00498707	0.0104189
4995 	 4975 	 0.858971 	 0.00498786	0.0104205
4995 	 4980 	 0.858973 	 0.00498865	0.0104222
4995 	 4985 	 0.858974 	 0.00498944	0.0104238
4995 	 4990 	 0.858975 	 0.00499023	0.0104255
4995 	 4995 	 0.858976 	 0.00499101	0.0104271
4995 	 5000 	 0.858977 	 0.0049918	0.0104288
