1570 	 5 	 0.727568 	 0.00653356	0.0136498
1570 	 10 	 0.728168 	 0.00613211	0.0128111
1570 	 15 	 0.729303 	 0.00550458	0.0115001
1570 	 20 	 0.731411 	 0.00461611	0.00964389
1570 	 25 	 0.735198 	 0.0036013	0.00752377
1570 	 30 	 0.741611 	 0.00294103	0.00614435
1570 	 35 	 0.75146 	 0.00285271	0.00595984
1570 	 40 	 0.764526 	 0.0025703	0.00536981
1570 	 45 	 0.779867 	 0.00266839	0.00557475
1570 	 50 	 0.794023 	 0.00256748	0.00536394
1570 	 55 	 0.804699 	 0.00229458	0.0047938
1570 	 60 	 0.811903 	 0.00188147	0.00393073
1570 	 65 	 0.81652 	 0.00161449	0.00337297
1570 	 70 	 0.819494 	 0.00156624	0.00327216
1570 	 75 	 0.821506 	 0.00161208	0.00336793
1570 	 80 	 0.822976 	 0.00166117	0.00347048
1570 	 85 	 0.824141 	 0.00169305	0.00353709
1570 	 90 	 0.825129 	 0.00171359	0.00358
1570 	 95 	 0.82601 	 0.00173107	0.00361653
1570 	 100 	 0.826821 	 0.0017501	0.00365627
1570 	 105 	 0.827582 	 0.00177187	0.00370176
1570 	 110 	 0.828304 	 0.00179573	0.0037516
1570 	 115 	 0.828994 	 0.00182039	0.00380312
1570 	 120 	 0.829655 	 0.00184459	0.00385368
1570 	 125 	 0.830289 	 0.00186738	0.00390129
1570 	 130 	 0.830898 	 0.00188814	0.00394467
1570 	 135 	 0.831485 	 0.00190656	0.00398315
1570 	 140 	 0.832049 	 0.00192254	0.00401654
1570 	 145 	 0.832593 	 0.00193614	0.00404495
1570 	 150 	 0.833117 	 0.00194751	0.0040687
1570 	 155 	 0.833621 	 0.00195686	0.00408823
1570 	 160 	 0.834108 	 0.00196442	0.00410402
1570 	 165 	 0.834577 	 0.00197042	0.00411657
1570 	 170 	 0.835029 	 0.0019751	0.00412634
1570 	 175 	 0.835466 	 0.00197866	0.00413379
1570 	 180 	 0.835888 	 0.00198131	0.00413932
1570 	 185 	 0.836295 	 0.00198321	0.00414329
1570 	 190 	 0.836688 	 0.00198451	0.00414601
1570 	 195 	 0.837068 	 0.00198535	0.00414777
1570 	 200 	 0.837435 	 0.00198584	0.00414878
1570 	 205 	 0.83779 	 0.00198607	0.00414927
1570 	 210 	 0.838134 	 0.00198613	0.00414938
1570 	 215 	 0.838467 	 0.00198607	0.00414926
1570 	 220 	 0.838789 	 0.00198595	0.00414901
1570 	 225 	 0.8391 	 0.00198582	0.00414874
1570 	 230 	 0.839403 	 0.00198571	0.00414851
1570 	 235 	 0.839695 	 0.00198565	0.00414838
1570 	 240 	 0.839979 	 0.00198565	0.00414839
1570 	 245 	 0.840255 	 0.00198575	0.00414859
1570 	 250 	 0.840522 	 0.00198594	0.00414898
1570 	 255 	 0.840781 	 0.00198623	0.0041496
1570 	 260 	 0.841033 	 0.00198664	0.00415045
1570 	 265 	 0.841277 	 0.00198715	0.00415153
1570 	 270 	 0.841515 	 0.00198779	0.00415285
1570 	 275 	 0.841746 	 0.00198854	0.00415441
1570 	 280 	 0.84197 	 0.0019894	0.00415621
1570 	 285 	 0.842188 	 0.00199037	0.00415824
1570 	 290 	 0.842401 	 0.00199145	0.0041605
1570 	 295 	 0.842607 	 0.00199263	0.00416297
1570 	 300 	 0.842808 	 0.00199392	0.00416566
1570 	 305 	 0.843004 	 0.0019953	0.00416855
1570 	 310 	 0.843195 	 0.00199678	0.00417163
1570 	 315 	 0.843381 	 0.00199834	0.00417491
1570 	 320 	 0.843562 	 0.002	0.00417836
1570 	 325 	 0.843739 	 0.00200174	0.00418199
1570 	 330 	 0.843911 	 0.00200355	0.00418578
1570 	 335 	 0.844079 	 0.00200544	0.00418974
1570 	 340 	 0.844243 	 0.00200741	0.00419384
1570 	 345 	 0.844403 	 0.00200945	0.0041981
1570 	 350 	 0.84456 	 0.00201155	0.00420249
1570 	 355 	 0.844712 	 0.00201372	0.00420702
1570 	 360 	 0.844861 	 0.00201595	0.00421168
1570 	 365 	 0.845007 	 0.00201824	0.00421646
1570 	 370 	 0.845149 	 0.00202058	0.00422137
1570 	 375 	 0.845288 	 0.00202299	0.00422639
1570 	 380 	 0.845424 	 0.00202544	0.00423152
1570 	 385 	 0.845557 	 0.00202795	0.00423676
1570 	 390 	 0.845687 	 0.00203051	0.00424211
1570 	 395 	 0.845815 	 0.00203312	0.00424756
1570 	 400 	 0.845939 	 0.00203578	0.00425311
1570 	 405 	 0.846061 	 0.00203848	0.00425875
1570 	 410 	 0.846181 	 0.00204122	0.00426448
1570 	 415 	 0.846297 	 0.00204401	0.00427031
1570 	 420 	 0.846412 	 0.00204684	0.00427623
1570 	 425 	 0.846524 	 0.00204971	0.00428223
1570 	 430 	 0.846634 	 0.00205263	0.00428831
1570 	 435 	 0.846742 	 0.00205558	0.00429448
1570 	 440 	 0.846847 	 0.00205857	0.00430072
1570 	 445 	 0.846951 	 0.00206159	0.00430705
1570 	 450 	 0.847053 	 0.00206466	0.00431345
1570 	 455 	 0.847152 	 0.00206776	0.00431992
1570 	 460 	 0.84725 	 0.00207089	0.00432646
1570 	 465 	 0.847346 	 0.00207405	0.00433308
1570 	 470 	 0.84744 	 0.00207725	0.00433976
1570 	 475 	 0.847532 	 0.00208049	0.00434651
1570 	 480 	 0.847623 	 0.00208375	0.00435333
1570 	 485 	 0.847712 	 0.00208704	0.00436021
1570 	 490 	 0.847799 	 0.00209037	0.00436716
1570 	 495 	 0.847885 	 0.00209372	0.00437416
1570 	 500 	 0.847969 	 0.0020971	0.00438123
1570 	 505 	 0.848052 	 0.00210051	0.00438835
1570 	 510 	 0.848133 	 0.00210395	0.00439553
1570 	 515 	 0.848213 	 0.00210741	0.00440277
1570 	 520 	 0.848292 	 0.0021109	0.00441005
1570 	 525 	 0.848369 	 0.00211441	0.0044174
1570 	 530 	 0.848445 	 0.00211795	0.00442479
1570 	 535 	 0.84852 	 0.00212152	0.00443223
1570 	 540 	 0.848594 	 0.0021251	0.00443972
1570 	 545 	 0.848666 	 0.00212871	0.00444726
1570 	 550 	 0.848737 	 0.00213234	0.00445485
1570 	 555 	 0.848807 	 0.00213599	0.00446248
1570 	 560 	 0.848876 	 0.00213967	0.00447015
1570 	 565 	 0.848944 	 0.00214336	0.00447787
1570 	 570 	 0.84901 	 0.00214707	0.00448562
1570 	 575 	 0.849076 	 0.0021508	0.00449342
1570 	 580 	 0.849141 	 0.00215455	0.00450125
1570 	 585 	 0.849204 	 0.00215832	0.00450912
1570 	 590 	 0.849267 	 0.0021621	0.00451703
1570 	 595 	 0.849329 	 0.00216591	0.00452497
1570 	 600 	 0.84939 	 0.00216972	0.00453295
1570 	 605 	 0.849449 	 0.00217356	0.00454095
1570 	 610 	 0.849508 	 0.0021774	0.00454899
1570 	 615 	 0.849567 	 0.00218127	0.00455706
1570 	 620 	 0.849624 	 0.00218514	0.00456516
1570 	 625 	 0.84968 	 0.00218903	0.00457329
1570 	 630 	 0.849736 	 0.00219293	0.00458144
1570 	 635 	 0.849791 	 0.00219685	0.00458962
1570 	 640 	 0.849845 	 0.00220077	0.00459782
1570 	 645 	 0.849898 	 0.00220471	0.00460604
1570 	 650 	 0.849951 	 0.00220866	0.00461429
1570 	 655 	 0.850003 	 0.00221262	0.00462256
1570 	 660 	 0.850054 	 0.00221659	0.00463085
1570 	 665 	 0.850104 	 0.00222056	0.00463916
1570 	 670 	 0.850154 	 0.00222455	0.00464749
1570 	 675 	 0.850203 	 0.00222854	0.00465583
1570 	 680 	 0.850252 	 0.00223255	0.00466419
1570 	 685 	 0.8503 	 0.00223656	0.00467257
1570 	 690 	 0.850347 	 0.00224057	0.00468096
1570 	 695 	 0.850393 	 0.0022446	0.00468937
1570 	 700 	 0.850439 	 0.00224862	0.00469779
1570 	 705 	 0.850485 	 0.00225266	0.00470622
1570 	 710 	 0.850529 	 0.0022567	0.00471466
1570 	 715 	 0.850574 	 0.00226075	0.00472311
1570 	 720 	 0.850617 	 0.0022648	0.00473157
1570 	 725 	 0.85066 	 0.00226885	0.00474004
1570 	 730 	 0.850703 	 0.00227291	0.00474852
1570 	 735 	 0.850745 	 0.00227697	0.004757
1570 	 740 	 0.850787 	 0.00228103	0.00476549
1570 	 745 	 0.850828 	 0.0022851	0.00477399
1570 	 750 	 0.850868 	 0.00228917	0.00478249
1570 	 755 	 0.850908 	 0.00229324	0.00479099
1570 	 760 	 0.850948 	 0.00229731	0.0047995
1570 	 765 	 0.850987 	 0.00230138	0.00480801
1570 	 770 	 0.851025 	 0.00230546	0.00481652
1570 	 775 	 0.851063 	 0.00230953	0.00482504
1570 	 780 	 0.851101 	 0.00231361	0.00483355
1570 	 785 	 0.851138 	 0.00231769	0.00484207
1570 	 790 	 0.851175 	 0.00232176	0.00485058
1570 	 795 	 0.851212 	 0.00232584	0.00485909
1570 	 800 	 0.851248 	 0.00232991	0.00486761
1570 	 805 	 0.851283 	 0.00233398	0.00487611
1570 	 810 	 0.851318 	 0.00233805	0.00488462
1570 	 815 	 0.851353 	 0.00234212	0.00489312
1570 	 820 	 0.851388 	 0.00234619	0.00490162
1570 	 825 	 0.851422 	 0.00235026	0.00491012
1570 	 830 	 0.851455 	 0.00235432	0.0049186
1570 	 835 	 0.851489 	 0.00235838	0.00492709
1570 	 840 	 0.851521 	 0.00236244	0.00493557
1570 	 845 	 0.851554 	 0.00236649	0.00494404
1570 	 850 	 0.851586 	 0.00237055	0.0049525
1570 	 855 	 0.851618 	 0.00237459	0.00496096
1570 	 860 	 0.85165 	 0.00237864	0.00496941
1570 	 865 	 0.851681 	 0.00238268	0.00497785
1570 	 870 	 0.851712 	 0.00238671	0.00498628
1570 	 875 	 0.851742 	 0.00239074	0.0049947
1570 	 880 	 0.851772 	 0.00239477	0.00500311
1570 	 885 	 0.851802 	 0.00239879	0.00501152
1570 	 890 	 0.851832 	 0.00240281	0.00501991
1570 	 895 	 0.851861 	 0.00240682	0.00502829
1570 	 900 	 0.85189 	 0.00241083	0.00503667
1570 	 905 	 0.851919 	 0.00241483	0.00504503
1570 	 910 	 0.851947 	 0.00241883	0.00505337
1570 	 915 	 0.851975 	 0.00242282	0.00506171
1570 	 920 	 0.852003 	 0.0024268	0.00507004
1570 	 925 	 0.852031 	 0.00243078	0.00507835
1570 	 930 	 0.852058 	 0.00243476	0.00508665
1570 	 935 	 0.852085 	 0.00243872	0.00509493
1570 	 940 	 0.852112 	 0.00244268	0.00510321
1570 	 945 	 0.852138 	 0.00244663	0.00511146
1570 	 950 	 0.852164 	 0.00245058	0.00511971
1570 	 955 	 0.85219 	 0.00245452	0.00512794
1570 	 960 	 0.852216 	 0.00245845	0.00513616
1570 	 965 	 0.852242 	 0.00246238	0.00514436
1570 	 970 	 0.852267 	 0.0024663	0.00515254
1570 	 975 	 0.852292 	 0.00247021	0.00516072
1570 	 980 	 0.852317 	 0.00247411	0.00516887
1570 	 985 	 0.852341 	 0.00247801	0.00517701
1570 	 990 	 0.852365 	 0.0024819	0.00518514
1570 	 995 	 0.85239 	 0.00248578	0.00519324
1570 	 1000 	 0.852413 	 0.00248965	0.00520134
1570 	 1005 	 0.852437 	 0.00249352	0.00520941
1570 	 1010 	 0.85246 	 0.00249738	0.00521747
1570 	 1015 	 0.852484 	 0.00250123	0.00522552
1570 	 1020 	 0.852507 	 0.00250507	0.00523354
1570 	 1025 	 0.85253 	 0.0025089	0.00524155
1570 	 1030 	 0.852552 	 0.00251273	0.00524954
1570 	 1035 	 0.852575 	 0.00251654	0.00525752
1570 	 1040 	 0.852597 	 0.00252035	0.00526547
1570 	 1045 	 0.852619 	 0.00252415	0.00527341
1570 	 1050 	 0.852641 	 0.00252794	0.00528134
1570 	 1055 	 0.852662 	 0.00253173	0.00528924
1570 	 1060 	 0.852684 	 0.0025355	0.00529713
1570 	 1065 	 0.852705 	 0.00253927	0.00530499
1570 	 1070 	 0.852726 	 0.00254302	0.00531284
1570 	 1075 	 0.852747 	 0.00254677	0.00532067
1570 	 1080 	 0.852767 	 0.00255051	0.00532849
1570 	 1085 	 0.852788 	 0.00255424	0.00533628
1570 	 1090 	 0.852808 	 0.00255797	0.00534406
1570 	 1095 	 0.852828 	 0.00256168	0.00535181
1570 	 1100 	 0.852848 	 0.00256538	0.00535955
1570 	 1105 	 0.852868 	 0.00256908	0.00536727
1570 	 1110 	 0.852888 	 0.00257276	0.00537497
1570 	 1115 	 0.852908 	 0.00257644	0.00538265
1570 	 1120 	 0.852927 	 0.00258011	0.00539032
1570 	 1125 	 0.852946 	 0.00258377	0.00539796
1570 	 1130 	 0.852965 	 0.00258742	0.00540558
1570 	 1135 	 0.852984 	 0.00259106	0.00541319
1570 	 1140 	 0.853003 	 0.00259469	0.00542077
1570 	 1145 	 0.853021 	 0.00259831	0.00542834
1570 	 1150 	 0.85304 	 0.00260192	0.00543589
1570 	 1155 	 0.853058 	 0.00260552	0.00544341
1570 	 1160 	 0.853076 	 0.00260912	0.00545092
1570 	 1165 	 0.853094 	 0.0026127	0.00545841
1570 	 1170 	 0.853112 	 0.00261628	0.00546588
1570 	 1175 	 0.85313 	 0.00261984	0.00547333
1570 	 1180 	 0.853147 	 0.0026234	0.00548076
1570 	 1185 	 0.853165 	 0.00262695	0.00548817
1570 	 1190 	 0.853182 	 0.00263048	0.00549556
1570 	 1195 	 0.853199 	 0.00263401	0.00550293
1570 	 1200 	 0.853216 	 0.00263753	0.00551028
1570 	 1205 	 0.853233 	 0.00264104	0.00551761
1570 	 1210 	 0.85325 	 0.00264454	0.00552492
1570 	 1215 	 0.853267 	 0.00264803	0.00553221
1570 	 1220 	 0.853283 	 0.00265151	0.00553949
1570 	 1225 	 0.853299 	 0.00265498	0.00554674
1570 	 1230 	 0.853316 	 0.00265844	0.00555397
1570 	 1235 	 0.853332 	 0.00266189	0.00556118
1570 	 1240 	 0.853348 	 0.00266534	0.00556838
1570 	 1245 	 0.853364 	 0.00266877	0.00557555
1570 	 1250 	 0.85338 	 0.00267219	0.0055827
1570 	 1255 	 0.853395 	 0.00267561	0.00558984
1570 	 1260 	 0.853411 	 0.00267901	0.00559695
1570 	 1265 	 0.853426 	 0.00268241	0.00560404
1570 	 1270 	 0.853442 	 0.0026858	0.00561112
1570 	 1275 	 0.853457 	 0.00268917	0.00561817
1570 	 1280 	 0.853472 	 0.00269254	0.00562521
1570 	 1285 	 0.853487 	 0.0026959	0.00563222
1570 	 1290 	 0.853502 	 0.00269925	0.00563922
1570 	 1295 	 0.853517 	 0.00270258	0.00564619
1570 	 1300 	 0.853531 	 0.00270591	0.00565315
1570 	 1305 	 0.853546 	 0.00270923	0.00566008
1570 	 1310 	 0.85356 	 0.00271254	0.005667
1570 	 1315 	 0.853575 	 0.00271585	0.0056739
1570 	 1320 	 0.853589 	 0.00271914	0.00568078
1570 	 1325 	 0.853603 	 0.00272242	0.00568763
1570 	 1330 	 0.853617 	 0.00272569	0.00569447
1570 	 1335 	 0.853631 	 0.00272896	0.00570129
1570 	 1340 	 0.853645 	 0.00273221	0.00570809
1570 	 1345 	 0.853659 	 0.00273546	0.00571487
1570 	 1350 	 0.853673 	 0.00273869	0.00572163
1570 	 1355 	 0.853686 	 0.00274192	0.00572837
1570 	 1360 	 0.8537 	 0.00274514	0.00573509
1570 	 1365 	 0.853713 	 0.00274835	0.0057418
1570 	 1370 	 0.853727 	 0.00275155	0.00574848
1570 	 1375 	 0.85374 	 0.00275474	0.00575514
1570 	 1380 	 0.853753 	 0.00275792	0.00576179
1570 	 1385 	 0.853766 	 0.00276109	0.00576842
1570 	 1390 	 0.853779 	 0.00276425	0.00577502
1570 	 1395 	 0.853792 	 0.0027674	0.00578161
1570 	 1400 	 0.853805 	 0.00277055	0.00578818
1570 	 1405 	 0.853817 	 0.00277368	0.00579473
1570 	 1410 	 0.85383 	 0.00277681	0.00580126
1570 	 1415 	 0.853843 	 0.00277993	0.00580777
1570 	 1420 	 0.853855 	 0.00278303	0.00581426
1570 	 1425 	 0.853867 	 0.00278613	0.00582074
1570 	 1430 	 0.85388 	 0.00278922	0.00582719
1570 	 1435 	 0.853892 	 0.0027923	0.00583363
1570 	 1440 	 0.853904 	 0.00279537	0.00584005
1570 	 1445 	 0.853916 	 0.00279844	0.00584645
1570 	 1450 	 0.853928 	 0.00280149	0.00585283
1570 	 1455 	 0.85394 	 0.00280454	0.00585919
1570 	 1460 	 0.853952 	 0.00280757	0.00586553
1570 	 1465 	 0.853964 	 0.0028106	0.00587186
1570 	 1470 	 0.853975 	 0.00281362	0.00587817
1570 	 1475 	 0.853987 	 0.00281663	0.00588445
1570 	 1480 	 0.853999 	 0.00281963	0.00589072
1570 	 1485 	 0.85401 	 0.00282262	0.00589698
1570 	 1490 	 0.854021 	 0.00282561	0.00590321
1570 	 1495 	 0.854033 	 0.00282858	0.00590943
1570 	 1500 	 0.854044 	 0.00283155	0.00591562
1570 	 1505 	 0.854055 	 0.00283451	0.0059218
1570 	 1510 	 0.854066 	 0.00283746	0.00592796
1570 	 1515 	 0.854077 	 0.0028404	0.00593411
1570 	 1520 	 0.854088 	 0.00284333	0.00594023
1570 	 1525 	 0.854099 	 0.00284625	0.00594634
1570 	 1530 	 0.85411 	 0.00284917	0.00595243
1570 	 1535 	 0.854121 	 0.00285207	0.0059585
1570 	 1540 	 0.854132 	 0.00285497	0.00596456
1570 	 1545 	 0.854142 	 0.00285786	0.0059706
1570 	 1550 	 0.854153 	 0.00286074	0.00597661
1570 	 1555 	 0.854164 	 0.00286362	0.00598262
1570 	 1560 	 0.854174 	 0.00286648	0.0059886
1570 	 1565 	 0.854184 	 0.00286934	0.00599457
1570 	 1570 	 0.854195 	 0.00287219	0.00600052
1570 	 1575 	 0.854205 	 0.00287502	0.00600645
1570 	 1580 	 0.854215 	 0.00287786	0.00601237
1570 	 1585 	 0.854225 	 0.00288068	0.00601826
1570 	 1590 	 0.854236 	 0.00288349	0.00602414
1570 	 1595 	 0.854246 	 0.0028863	0.00603001
1570 	 1600 	 0.854256 	 0.0028891	0.00603586
1570 	 1605 	 0.854266 	 0.00289189	0.00604168
1570 	 1610 	 0.854275 	 0.00289467	0.0060475
1570 	 1615 	 0.854285 	 0.00289745	0.00605329
1570 	 1620 	 0.854295 	 0.00290021	0.00605907
1570 	 1625 	 0.854305 	 0.00290297	0.00606484
1570 	 1630 	 0.854314 	 0.00290572	0.00607058
1570 	 1635 	 0.854324 	 0.00290846	0.00607631
1570 	 1640 	 0.854334 	 0.0029112	0.00608202
1570 	 1645 	 0.854343 	 0.00291392	0.00608772
1570 	 1650 	 0.854353 	 0.00291664	0.0060934
1570 	 1655 	 0.854362 	 0.00291935	0.00609906
1570 	 1660 	 0.854371 	 0.00292206	0.00610471
1570 	 1665 	 0.854381 	 0.00292475	0.00611034
1570 	 1670 	 0.85439 	 0.00292744	0.00611596
1570 	 1675 	 0.854399 	 0.00293012	0.00612155
1570 	 1680 	 0.854408 	 0.00293279	0.00612714
1570 	 1685 	 0.854417 	 0.00293546	0.0061327
1570 	 1690 	 0.854426 	 0.00293811	0.00613825
1570 	 1695 	 0.854435 	 0.00294076	0.00614379
1570 	 1700 	 0.854444 	 0.0029434	0.0061493
1570 	 1705 	 0.854453 	 0.00294604	0.00615481
1570 	 1710 	 0.854462 	 0.00294866	0.00616029
1570 	 1715 	 0.854471 	 0.00295128	0.00616576
1570 	 1720 	 0.854479 	 0.00295389	0.00617122
1570 	 1725 	 0.854488 	 0.0029565	0.00617666
1570 	 1730 	 0.854497 	 0.00295909	0.00618208
1570 	 1735 	 0.854505 	 0.00296168	0.00618749
1570 	 1740 	 0.854514 	 0.00296426	0.00619289
1570 	 1745 	 0.854522 	 0.00296684	0.00619826
1570 	 1750 	 0.854531 	 0.0029694	0.00620363
1570 	 1755 	 0.854539 	 0.00297196	0.00620897
1570 	 1760 	 0.854548 	 0.00297452	0.0062143
1570 	 1765 	 0.854556 	 0.00297706	0.00621962
1570 	 1770 	 0.854564 	 0.0029796	0.00622492
1570 	 1775 	 0.854572 	 0.00298213	0.00623021
1570 	 1780 	 0.854581 	 0.00298465	0.00623548
1570 	 1785 	 0.854589 	 0.00298717	0.00624074
1570 	 1790 	 0.854597 	 0.00298968	0.00624598
1570 	 1795 	 0.854605 	 0.00299218	0.00625121
1570 	 1800 	 0.854613 	 0.00299467	0.00625642
1570 	 1805 	 0.854621 	 0.00299716	0.00626162
1570 	 1810 	 0.854629 	 0.00299964	0.0062668
1570 	 1815 	 0.854637 	 0.00300212	0.00627197
1570 	 1820 	 0.854645 	 0.00300458	0.00627712
1570 	 1825 	 0.854653 	 0.00300704	0.00628226
1570 	 1830 	 0.85466 	 0.0030095	0.00628739
1570 	 1835 	 0.854668 	 0.00301194	0.0062925
1570 	 1840 	 0.854676 	 0.00301438	0.00629759
1570 	 1845 	 0.854684 	 0.00301681	0.00630267
1570 	 1850 	 0.854691 	 0.00301924	0.00630774
1570 	 1855 	 0.854699 	 0.00302166	0.00631279
1570 	 1860 	 0.854706 	 0.00302407	0.00631783
1570 	 1865 	 0.854714 	 0.00302648	0.00632286
1570 	 1870 	 0.854721 	 0.00302887	0.00632787
1570 	 1875 	 0.854729 	 0.00303127	0.00633287
1570 	 1880 	 0.854736 	 0.00303365	0.00633785
1570 	 1885 	 0.854744 	 0.00303603	0.00634282
1570 	 1890 	 0.854751 	 0.0030384	0.00634777
1570 	 1895 	 0.854758 	 0.00304077	0.00635272
1570 	 1900 	 0.854766 	 0.00304313	0.00635764
1570 	 1905 	 0.854773 	 0.00304548	0.00636256
1570 	 1910 	 0.85478 	 0.00304782	0.00636746
1570 	 1915 	 0.854787 	 0.00305016	0.00637235
1570 	 1920 	 0.854794 	 0.0030525	0.00637722
1570 	 1925 	 0.854801 	 0.00305482	0.00638208
1570 	 1930 	 0.854808 	 0.00305714	0.00638693
1570 	 1935 	 0.854815 	 0.00305946	0.00639176
1570 	 1940 	 0.854822 	 0.00306176	0.00639658
1570 	 1945 	 0.854829 	 0.00306406	0.00640139
1570 	 1950 	 0.854836 	 0.00306636	0.00640618
1570 	 1955 	 0.854843 	 0.00306865	0.00641096
1570 	 1960 	 0.85485 	 0.00307093	0.00641573
1570 	 1965 	 0.854857 	 0.0030732	0.00642048
1570 	 1970 	 0.854864 	 0.00307547	0.00642523
1570 	 1975 	 0.85487 	 0.00307774	0.00642995
1570 	 1980 	 0.854877 	 0.00307999	0.00643467
1570 	 1985 	 0.854884 	 0.00308225	0.00643937
1570 	 1990 	 0.854891 	 0.00308449	0.00644406
1570 	 1995 	 0.854897 	 0.00308673	0.00644874
1570 	 2000 	 0.854904 	 0.00308896	0.0064534
1570 	 2005 	 0.85491 	 0.00309119	0.00645806
1570 	 2010 	 0.854917 	 0.00309341	0.0064627
1570 	 2015 	 0.854923 	 0.00309562	0.00646732
1570 	 2020 	 0.85493 	 0.00309783	0.00647194
1570 	 2025 	 0.854936 	 0.00310004	0.00647654
1570 	 2030 	 0.854943 	 0.00310223	0.00648113
1570 	 2035 	 0.854949 	 0.00310442	0.0064857
1570 	 2040 	 0.854956 	 0.00310661	0.00649027
1570 	 2045 	 0.854962 	 0.00310879	0.00649482
1570 	 2050 	 0.854968 	 0.00311096	0.00649936
1570 	 2055 	 0.854975 	 0.00311313	0.00650389
1570 	 2060 	 0.854981 	 0.00311529	0.00650841
1570 	 2065 	 0.854987 	 0.00311744	0.00651291
1570 	 2070 	 0.854993 	 0.00311959	0.0065174
1570 	 2075 	 0.854999 	 0.00312174	0.00652188
1570 	 2080 	 0.855006 	 0.00312388	0.00652635
1570 	 2085 	 0.855012 	 0.00312601	0.0065308
1570 	 2090 	 0.855018 	 0.00312814	0.00653525
1570 	 2095 	 0.855024 	 0.00313026	0.00653968
1570 	 2100 	 0.85503 	 0.00313237	0.0065441
1570 	 2105 	 0.855036 	 0.00313448	0.00654851
1570 	 2110 	 0.855042 	 0.00313659	0.00655291
1570 	 2115 	 0.855048 	 0.00313869	0.00655729
1570 	 2120 	 0.855054 	 0.00314078	0.00656166
1570 	 2125 	 0.85506 	 0.00314287	0.00656603
1570 	 2130 	 0.855066 	 0.00314495	0.00657038
1570 	 2135 	 0.855071 	 0.00314703	0.00657472
1570 	 2140 	 0.855077 	 0.0031491	0.00657905
1570 	 2145 	 0.855083 	 0.00315117	0.00658336
1570 	 2150 	 0.855089 	 0.00315323	0.00658767
1570 	 2155 	 0.855095 	 0.00315528	0.00659196
1570 	 2160 	 0.8551 	 0.00315733	0.00659624
1570 	 2165 	 0.855106 	 0.00315938	0.00660051
1570 	 2170 	 0.855112 	 0.00316142	0.00660477
1570 	 2175 	 0.855117 	 0.00316345	0.00660902
1570 	 2180 	 0.855123 	 0.00316548	0.00661326
1570 	 2185 	 0.855129 	 0.0031675	0.00661749
1570 	 2190 	 0.855134 	 0.00316952	0.00662171
1570 	 2195 	 0.85514 	 0.00317153	0.00662591
1570 	 2200 	 0.855145 	 0.00317354	0.0066301
1570 	 2205 	 0.855151 	 0.00317554	0.00663429
1570 	 2210 	 0.855156 	 0.00317754	0.00663846
1570 	 2215 	 0.855162 	 0.00317953	0.00664262
1570 	 2220 	 0.855167 	 0.00318152	0.00664677
1570 	 2225 	 0.855173 	 0.0031835	0.00665091
1570 	 2230 	 0.855178 	 0.00318548	0.00665504
1570 	 2235 	 0.855183 	 0.00318745	0.00665916
1570 	 2240 	 0.855189 	 0.00318942	0.00666327
1570 	 2245 	 0.855194 	 0.00319138	0.00666737
1570 	 2250 	 0.855199 	 0.00319333	0.00667146
1570 	 2255 	 0.855205 	 0.00319529	0.00667553
1570 	 2260 	 0.85521 	 0.00319723	0.0066796
1570 	 2265 	 0.855215 	 0.00319917	0.00668366
1570 	 2270 	 0.85522 	 0.00320111	0.0066877
1570 	 2275 	 0.855226 	 0.00320304	0.00669174
1570 	 2280 	 0.855231 	 0.00320497	0.00669576
1570 	 2285 	 0.855236 	 0.00320689	0.00669978
1570 	 2290 	 0.855241 	 0.00320881	0.00670378
1570 	 2295 	 0.855246 	 0.00321072	0.00670778
1570 	 2300 	 0.855251 	 0.00321263	0.00671176
1570 	 2305 	 0.855256 	 0.00321453	0.00671574
1570 	 2310 	 0.855262 	 0.00321643	0.0067197
1570 	 2315 	 0.855267 	 0.00321832	0.00672366
1570 	 2320 	 0.855272 	 0.00322021	0.0067276
1570 	 2325 	 0.855277 	 0.00322209	0.00673154
1570 	 2330 	 0.855282 	 0.00322397	0.00673546
1570 	 2335 	 0.855287 	 0.00322584	0.00673938
1570 	 2340 	 0.855291 	 0.00322771	0.00674328
1570 	 2345 	 0.855296 	 0.00322958	0.00674718
1570 	 2350 	 0.855301 	 0.00323144	0.00675106
1570 	 2355 	 0.855306 	 0.00323329	0.00675494
1570 	 2360 	 0.855311 	 0.00323514	0.0067588
1570 	 2365 	 0.855316 	 0.00323699	0.00676266
1570 	 2370 	 0.855321 	 0.00323883	0.00676651
1570 	 2375 	 0.855326 	 0.00324067	0.00677035
1570 	 2380 	 0.85533 	 0.0032425	0.00677417
1570 	 2385 	 0.855335 	 0.00324433	0.00677799
1570 	 2390 	 0.85534 	 0.00324615	0.0067818
1570 	 2395 	 0.855345 	 0.00324797	0.0067856
1570 	 2400 	 0.855349 	 0.00324978	0.00678939
1570 	 2405 	 0.855354 	 0.00325159	0.00679317
1570 	 2410 	 0.855359 	 0.0032534	0.00679694
1570 	 2415 	 0.855363 	 0.0032552	0.00680071
1570 	 2420 	 0.855368 	 0.003257	0.00680446
1570 	 2425 	 0.855373 	 0.00325879	0.0068082
1570 	 2430 	 0.855377 	 0.00326058	0.00681194
1570 	 2435 	 0.855382 	 0.00326236	0.00681566
1570 	 2440 	 0.855386 	 0.00326414	0.00681938
1570 	 2445 	 0.855391 	 0.00326591	0.00682309
1570 	 2450 	 0.855395 	 0.00326768	0.00682679
1570 	 2455 	 0.8554 	 0.00326945	0.00683047
1570 	 2460 	 0.855404 	 0.00327121	0.00683416
1570 	 2465 	 0.855409 	 0.00327297	0.00683783
1570 	 2470 	 0.855413 	 0.00327472	0.00684149
1570 	 2475 	 0.855418 	 0.00327647	0.00684514
1570 	 2480 	 0.855422 	 0.00327821	0.00684879
1570 	 2485 	 0.855427 	 0.00327996	0.00685242
1570 	 2490 	 0.855431 	 0.00328169	0.00685605
1570 	 2495 	 0.855436 	 0.00328342	0.00685967
1570 	 2500 	 0.85544 	 0.00328515	0.00686328
1570 	 2505 	 0.855444 	 0.00328687	0.00686688
1570 	 2510 	 0.855449 	 0.00328859	0.00687047
1570 	 2515 	 0.855453 	 0.00329031	0.00687406
1570 	 2520 	 0.855457 	 0.00329202	0.00687763
1570 	 2525 	 0.855462 	 0.00329373	0.0068812
1570 	 2530 	 0.855466 	 0.00329543	0.00688476
1570 	 2535 	 0.85547 	 0.00329713	0.00688831
1570 	 2540 	 0.855474 	 0.00329883	0.00689185
1570 	 2545 	 0.855479 	 0.00330052	0.00689538
1570 	 2550 	 0.855483 	 0.0033022	0.0068989
1570 	 2555 	 0.855487 	 0.00330389	0.00690242
1570 	 2560 	 0.855491 	 0.00330557	0.00690593
1570 	 2565 	 0.855495 	 0.00330724	0.00690943
1570 	 2570 	 0.855499 	 0.00330891	0.00691292
1570 	 2575 	 0.855504 	 0.00331058	0.0069164
1570 	 2580 	 0.855508 	 0.00331224	0.00691988
1570 	 2585 	 0.855512 	 0.0033139	0.00692334
1570 	 2590 	 0.855516 	 0.00331556	0.0069268
1570 	 2595 	 0.85552 	 0.00331721	0.00693025
1570 	 2600 	 0.855524 	 0.00331886	0.00693369
1570 	 2605 	 0.855528 	 0.0033205	0.00693713
1570 	 2610 	 0.855532 	 0.00332214	0.00694055
1570 	 2615 	 0.855536 	 0.00332377	0.00694397
1570 	 2620 	 0.85554 	 0.00332541	0.00694738
1570 	 2625 	 0.855544 	 0.00332704	0.00695078
1570 	 2630 	 0.855548 	 0.00332866	0.00695418
1570 	 2635 	 0.855552 	 0.00333028	0.00695756
1570 	 2640 	 0.855556 	 0.0033319	0.00696094
1570 	 2645 	 0.85556 	 0.00333351	0.00696431
1570 	 2650 	 0.855564 	 0.00333512	0.00696767
1570 	 2655 	 0.855568 	 0.00333673	0.00697103
1570 	 2660 	 0.855572 	 0.00333833	0.00697438
1570 	 2665 	 0.855576 	 0.00333993	0.00697772
1570 	 2670 	 0.85558 	 0.00334152	0.00698105
1570 	 2675 	 0.855583 	 0.00334311	0.00698437
1570 	 2680 	 0.855587 	 0.0033447	0.00698769
1570 	 2685 	 0.855591 	 0.00334628	0.006991
1570 	 2690 	 0.855595 	 0.00334786	0.0069943
1570 	 2695 	 0.855599 	 0.00334944	0.00699759
1570 	 2700 	 0.855602 	 0.00335101	0.00700088
1570 	 2705 	 0.855606 	 0.00335258	0.00700416
1570 	 2710 	 0.85561 	 0.00335415	0.00700743
1570 	 2715 	 0.855614 	 0.00335571	0.00701069
1570 	 2720 	 0.855618 	 0.00335727	0.00701395
1570 	 2725 	 0.855621 	 0.00335882	0.00701719
1570 	 2730 	 0.855625 	 0.00336038	0.00702044
1570 	 2735 	 0.855629 	 0.00336192	0.00702367
1570 	 2740 	 0.855632 	 0.00336347	0.0070269
1570 	 2745 	 0.855636 	 0.00336501	0.00703012
1570 	 2750 	 0.85564 	 0.00336655	0.00703333
1570 	 2755 	 0.855643 	 0.00336808	0.00703653
1570 	 2760 	 0.855647 	 0.00336961	0.00703973
1570 	 2765 	 0.855651 	 0.00337114	0.00704292
1570 	 2770 	 0.855654 	 0.00337266	0.0070461
1570 	 2775 	 0.855658 	 0.00337418	0.00704928
1570 	 2780 	 0.855661 	 0.0033757	0.00705245
1570 	 2785 	 0.855665 	 0.00337721	0.00705561
1570 	 2790 	 0.855669 	 0.00337872	0.00705876
1570 	 2795 	 0.855672 	 0.00338023	0.00706191
1570 	 2800 	 0.855676 	 0.00338173	0.00706505
1570 	 2805 	 0.855679 	 0.00338323	0.00706818
1570 	 2810 	 0.855683 	 0.00338473	0.00707131
1570 	 2815 	 0.855686 	 0.00338622	0.00707443
1570 	 2820 	 0.85569 	 0.00338771	0.00707754
1570 	 2825 	 0.855693 	 0.0033892	0.00708065
1570 	 2830 	 0.855697 	 0.00339068	0.00708375
1570 	 2835 	 0.8557 	 0.00339216	0.00708684
1570 	 2840 	 0.855704 	 0.00339364	0.00708992
1570 	 2845 	 0.855707 	 0.00339511	0.007093
1570 	 2850 	 0.85571 	 0.00339658	0.00709607
1570 	 2855 	 0.855714 	 0.00339805	0.00709914
1570 	 2860 	 0.855717 	 0.00339951	0.0071022
1570 	 2865 	 0.855721 	 0.00340097	0.00710525
1570 	 2870 	 0.855724 	 0.00340243	0.00710829
1570 	 2875 	 0.855727 	 0.00340388	0.00711133
1570 	 2880 	 0.855731 	 0.00340533	0.00711436
1570 	 2885 	 0.855734 	 0.00340678	0.00711739
1570 	 2890 	 0.855738 	 0.00340823	0.0071204
1570 	 2895 	 0.855741 	 0.00340967	0.00712342
1570 	 2900 	 0.855744 	 0.00341111	0.00712642
1570 	 2905 	 0.855747 	 0.00341254	0.00712942
1570 	 2910 	 0.855751 	 0.00341397	0.00713241
1570 	 2915 	 0.855754 	 0.0034154	0.00713539
1570 	 2920 	 0.855757 	 0.00341683	0.00713837
1570 	 2925 	 0.855761 	 0.00341825	0.00714135
1570 	 2930 	 0.855764 	 0.00341967	0.00714431
1570 	 2935 	 0.855767 	 0.00342109	0.00714727
1570 	 2940 	 0.85577 	 0.0034225	0.00715022
1570 	 2945 	 0.855774 	 0.00342391	0.00715317
1570 	 2950 	 0.855777 	 0.00342532	0.00715611
1570 	 2955 	 0.85578 	 0.00342672	0.00715904
1570 	 2960 	 0.855783 	 0.00342812	0.00716197
1570 	 2965 	 0.855786 	 0.00342952	0.00716489
1570 	 2970 	 0.85579 	 0.00343092	0.00716781
1570 	 2975 	 0.855793 	 0.00343231	0.00717072
1570 	 2980 	 0.855796 	 0.0034337	0.00717362
1570 	 2985 	 0.855799 	 0.00343508	0.00717652
1570 	 2990 	 0.855802 	 0.00343647	0.00717941
1570 	 2995 	 0.855805 	 0.00343785	0.00718229
1570 	 3000 	 0.855808 	 0.00343923	0.00718517
1570 	 3005 	 0.855812 	 0.0034406	0.00718804
1570 	 3010 	 0.855815 	 0.00344197	0.00719091
1570 	 3015 	 0.855818 	 0.00344334	0.00719377
1570 	 3020 	 0.855821 	 0.00344471	0.00719662
1570 	 3025 	 0.855824 	 0.00344607	0.00719947
1570 	 3030 	 0.855827 	 0.00344743	0.00720231
1570 	 3035 	 0.85583 	 0.00344879	0.00720514
1570 	 3040 	 0.855833 	 0.00345014	0.00720797
1570 	 3045 	 0.855836 	 0.00345149	0.0072108
1570 	 3050 	 0.855839 	 0.00345284	0.00721361
1570 	 3055 	 0.855842 	 0.00345419	0.00721643
1570 	 3060 	 0.855845 	 0.00345553	0.00721923
1570 	 3065 	 0.855848 	 0.00345687	0.00722203
1570 	 3070 	 0.855851 	 0.00345821	0.00722482
1570 	 3075 	 0.855854 	 0.00345954	0.00722761
1570 	 3080 	 0.855857 	 0.00346087	0.0072304
1570 	 3085 	 0.85586 	 0.0034622	0.00723317
1570 	 3090 	 0.855863 	 0.00346353	0.00723594
1570 	 3095 	 0.855866 	 0.00346485	0.00723871
1570 	 3100 	 0.855869 	 0.00346617	0.00724147
1570 	 3105 	 0.855872 	 0.00346749	0.00724422
1570 	 3110 	 0.855875 	 0.00346881	0.00724697
1570 	 3115 	 0.855878 	 0.00347012	0.00724971
1570 	 3120 	 0.855881 	 0.00347143	0.00725245
1570 	 3125 	 0.855883 	 0.00347274	0.00725518
1570 	 3130 	 0.855886 	 0.00347404	0.0072579
1570 	 3135 	 0.855889 	 0.00347534	0.00726062
1570 	 3140 	 0.855892 	 0.00347664	0.00726334
1570 	 3145 	 0.855895 	 0.00347794	0.00726604
1570 	 3150 	 0.855898 	 0.00347923	0.00726875
1570 	 3155 	 0.855901 	 0.00348052	0.00727144
1570 	 3160 	 0.855903 	 0.00348181	0.00727414
1570 	 3165 	 0.855906 	 0.0034831	0.00727682
1570 	 3170 	 0.855909 	 0.00348438	0.0072795
1570 	 3175 	 0.855912 	 0.00348566	0.00728218
1570 	 3180 	 0.855915 	 0.00348694	0.00728485
1570 	 3185 	 0.855917 	 0.00348821	0.00728751
1570 	 3190 	 0.85592 	 0.00348948	0.00729017
1570 	 3195 	 0.855923 	 0.00349076	0.00729282
1570 	 3200 	 0.855926 	 0.00349202	0.00729547
1570 	 3205 	 0.855929 	 0.00349329	0.00729811
1570 	 3210 	 0.855931 	 0.00349455	0.00730075
1570 	 3215 	 0.855934 	 0.00349581	0.00730338
1570 	 3220 	 0.855937 	 0.00349707	0.00730601
1570 	 3225 	 0.85594 	 0.00349832	0.00730863
1570 	 3230 	 0.855942 	 0.00349957	0.00731125
1570 	 3235 	 0.855945 	 0.00350082	0.00731386
1570 	 3240 	 0.855948 	 0.00350207	0.00731646
1570 	 3245 	 0.85595 	 0.00350332	0.00731906
1570 	 3250 	 0.855953 	 0.00350456	0.00732166
1570 	 3255 	 0.855956 	 0.0035058	0.00732425
1570 	 3260 	 0.855958 	 0.00350703	0.00732683
1570 	 3265 	 0.855961 	 0.00350827	0.00732941
1570 	 3270 	 0.855964 	 0.0035095	0.00733199
1570 	 3275 	 0.855966 	 0.00351073	0.00733456
1570 	 3280 	 0.855969 	 0.00351196	0.00733712
1570 	 3285 	 0.855972 	 0.00351318	0.00733968
1570 	 3290 	 0.855974 	 0.00351441	0.00734223
1570 	 3295 	 0.855977 	 0.00351563	0.00734478
1570 	 3300 	 0.85598 	 0.00351684	0.00734733
1570 	 3305 	 0.855982 	 0.00351806	0.00734986
1570 	 3310 	 0.855985 	 0.00351927	0.0073524
1570 	 3315 	 0.855987 	 0.00352048	0.00735493
1570 	 3320 	 0.85599 	 0.00352169	0.00735745
1570 	 3325 	 0.855993 	 0.00352289	0.00735997
1570 	 3330 	 0.855995 	 0.0035241	0.00736248
1570 	 3335 	 0.855998 	 0.0035253	0.00736499
1570 	 3340 	 0.856 	 0.0035265	0.00736749
1570 	 3345 	 0.856003 	 0.00352769	0.00736999
1570 	 3350 	 0.856005 	 0.00352889	0.00737249
1570 	 3355 	 0.856008 	 0.00353008	0.00737498
1570 	 3360 	 0.85601 	 0.00353127	0.00737746
1570 	 3365 	 0.856013 	 0.00353245	0.00737994
1570 	 3370 	 0.856015 	 0.00353364	0.00738241
1570 	 3375 	 0.856018 	 0.00353482	0.00738488
1570 	 3380 	 0.85602 	 0.003536	0.00738735
1570 	 3385 	 0.856023 	 0.00353718	0.00738981
1570 	 3390 	 0.856025 	 0.00353835	0.00739226
1570 	 3395 	 0.856028 	 0.00353953	0.00739471
1570 	 3400 	 0.85603 	 0.0035407	0.00739716
1570 	 3405 	 0.856033 	 0.00354187	0.0073996
1570 	 3410 	 0.856035 	 0.00354303	0.00740204
1570 	 3415 	 0.856038 	 0.0035442	0.00740447
1570 	 3420 	 0.85604 	 0.00354536	0.0074069
1570 	 3425 	 0.856043 	 0.00354652	0.00740932
1570 	 3430 	 0.856045 	 0.00354767	0.00741174
1570 	 3435 	 0.856048 	 0.00354883	0.00741415
1570 	 3440 	 0.85605 	 0.00354998	0.00741656
1570 	 3445 	 0.856052 	 0.00355113	0.00741896
1570 	 3450 	 0.856055 	 0.00355228	0.00742136
1570 	 3455 	 0.856057 	 0.00355343	0.00742375
1570 	 3460 	 0.85606 	 0.00355457	0.00742614
1570 	 3465 	 0.856062 	 0.00355571	0.00742853
1570 	 3470 	 0.856064 	 0.00355685	0.00743091
1570 	 3475 	 0.856067 	 0.00355799	0.00743329
1570 	 3480 	 0.856069 	 0.00355912	0.00743566
1570 	 3485 	 0.856071 	 0.00356026	0.00743802
1570 	 3490 	 0.856074 	 0.00356139	0.00744039
1570 	 3495 	 0.856076 	 0.00356252	0.00744274
1570 	 3500 	 0.856079 	 0.00356364	0.0074451
1570 	 3505 	 0.856081 	 0.00356477	0.00744745
1570 	 3510 	 0.856083 	 0.00356589	0.00744979
1570 	 3515 	 0.856086 	 0.00356701	0.00745213
1570 	 3520 	 0.856088 	 0.00356813	0.00745447
1570 	 3525 	 0.85609 	 0.00356924	0.0074568
1570 	 3530 	 0.856092 	 0.00357036	0.00745913
1570 	 3535 	 0.856095 	 0.00357147	0.00746145
1570 	 3540 	 0.856097 	 0.00357258	0.00746377
1570 	 3545 	 0.856099 	 0.00357369	0.00746608
1570 	 3550 	 0.856102 	 0.00357479	0.00746839
1570 	 3555 	 0.856104 	 0.00357589	0.0074707
1570 	 3560 	 0.856106 	 0.003577	0.007473
1570 	 3565 	 0.856108 	 0.0035781	0.00747529
1570 	 3570 	 0.856111 	 0.00357919	0.00747759
1570 	 3575 	 0.856113 	 0.00358029	0.00747987
1570 	 3580 	 0.856115 	 0.00358138	0.00748216
1570 	 3585 	 0.856117 	 0.00358247	0.00748444
1570 	 3590 	 0.85612 	 0.00358356	0.00748671
1570 	 3595 	 0.856122 	 0.00358465	0.00748898
1570 	 3600 	 0.856124 	 0.00358573	0.00749125
1570 	 3605 	 0.856126 	 0.00358682	0.00749351
1570 	 3610 	 0.856129 	 0.0035879	0.00749577
1570 	 3615 	 0.856131 	 0.00358898	0.00749802
1570 	 3620 	 0.856133 	 0.00359005	0.00750027
1570 	 3625 	 0.856135 	 0.00359113	0.00750252
1570 	 3630 	 0.856137 	 0.0035922	0.00750476
1570 	 3635 	 0.85614 	 0.00359327	0.007507
1570 	 3640 	 0.856142 	 0.00359434	0.00750923
1570 	 3645 	 0.856144 	 0.00359541	0.00751146
1570 	 3650 	 0.856146 	 0.00359647	0.00751369
1570 	 3655 	 0.856148 	 0.00359754	0.00751591
1570 	 3660 	 0.85615 	 0.0035986	0.00751813
1570 	 3665 	 0.856153 	 0.00359966	0.00752034
1570 	 3670 	 0.856155 	 0.00360071	0.00752255
1570 	 3675 	 0.856157 	 0.00360177	0.00752475
1570 	 3680 	 0.856159 	 0.00360282	0.00752695
1570 	 3685 	 0.856161 	 0.00360387	0.00752915
1570 	 3690 	 0.856163 	 0.00360492	0.00753134
1570 	 3695 	 0.856165 	 0.00360597	0.00753353
1570 	 3700 	 0.856168 	 0.00360702	0.00753572
1570 	 3705 	 0.85617 	 0.00360806	0.0075379
1570 	 3710 	 0.856172 	 0.0036091	0.00754008
1570 	 3715 	 0.856174 	 0.00361014	0.00754225
1570 	 3720 	 0.856176 	 0.00361118	0.00754442
1570 	 3725 	 0.856178 	 0.00361222	0.00754658
1570 	 3730 	 0.85618 	 0.00361325	0.00754874
1570 	 3735 	 0.856182 	 0.00361429	0.0075509
1570 	 3740 	 0.856184 	 0.00361532	0.00755306
1570 	 3745 	 0.856186 	 0.00361635	0.00755521
1570 	 3750 	 0.856188 	 0.00361737	0.00755735
1570 	 3755 	 0.85619 	 0.0036184	0.00755949
1570 	 3760 	 0.856193 	 0.00361942	0.00756163
1570 	 3765 	 0.856195 	 0.00362044	0.00756377
1570 	 3770 	 0.856197 	 0.00362146	0.0075659
1570 	 3775 	 0.856199 	 0.00362248	0.00756802
1570 	 3780 	 0.856201 	 0.0036235	0.00757015
1570 	 3785 	 0.856203 	 0.00362451	0.00757226
1570 	 3790 	 0.856205 	 0.00362552	0.00757438
1570 	 3795 	 0.856207 	 0.00362653	0.00757649
1570 	 3800 	 0.856209 	 0.00362754	0.0075786
1570 	 3805 	 0.856211 	 0.00362855	0.0075807
1570 	 3810 	 0.856213 	 0.00362956	0.0075828
1570 	 3815 	 0.856215 	 0.00363056	0.0075849
1570 	 3820 	 0.856217 	 0.00363156	0.00758699
1570 	 3825 	 0.856219 	 0.00363256	0.00758908
1570 	 3830 	 0.856221 	 0.00363356	0.00759117
1570 	 3835 	 0.856223 	 0.00363456	0.00759325
1570 	 3840 	 0.856225 	 0.00363555	0.00759533
1570 	 3845 	 0.856227 	 0.00363654	0.0075974
1570 	 3850 	 0.856229 	 0.00363753	0.00759947
1570 	 3855 	 0.856231 	 0.00363852	0.00760154
1570 	 3860 	 0.856233 	 0.00363951	0.0076036
1570 	 3865 	 0.856235 	 0.0036405	0.00760566
1570 	 3870 	 0.856236 	 0.00364148	0.00760772
1570 	 3875 	 0.856238 	 0.00364246	0.00760977
1570 	 3880 	 0.85624 	 0.00364344	0.00761182
1570 	 3885 	 0.856242 	 0.00364442	0.00761387
1570 	 3890 	 0.856244 	 0.0036454	0.00761591
1570 	 3895 	 0.856246 	 0.00364638	0.00761795
1570 	 3900 	 0.856248 	 0.00364735	0.00761998
1570 	 3905 	 0.85625 	 0.00364832	0.00762201
1570 	 3910 	 0.856252 	 0.00364929	0.00762404
1570 	 3915 	 0.856254 	 0.00365026	0.00762606
1570 	 3920 	 0.856256 	 0.00365123	0.00762808
1570 	 3925 	 0.856258 	 0.0036522	0.0076301
1570 	 3930 	 0.85626 	 0.00365316	0.00763211
1570 	 3935 	 0.856261 	 0.00365412	0.00763412
1570 	 3940 	 0.856263 	 0.00365508	0.00763613
1570 	 3945 	 0.856265 	 0.00365604	0.00763813
1570 	 3950 	 0.856267 	 0.003657	0.00764013
1570 	 3955 	 0.856269 	 0.00365795	0.00764213
1570 	 3960 	 0.856271 	 0.00365891	0.00764412
1570 	 3965 	 0.856273 	 0.00365986	0.00764611
1570 	 3970 	 0.856274 	 0.00366081	0.0076481
1570 	 3975 	 0.856276 	 0.00366176	0.00765008
1570 	 3980 	 0.856278 	 0.00366271	0.00765206
1570 	 3985 	 0.85628 	 0.00366365	0.00765404
1570 	 3990 	 0.856282 	 0.0036646	0.00765601
1570 	 3995 	 0.856284 	 0.00366554	0.00765798
1570 	 4000 	 0.856286 	 0.00366648	0.00765994
1570 	 4005 	 0.856287 	 0.00366742	0.00766191
1570 	 4010 	 0.856289 	 0.00366836	0.00766386
1570 	 4015 	 0.856291 	 0.00366929	0.00766582
1570 	 4020 	 0.856293 	 0.00367023	0.00766777
1570 	 4025 	 0.856295 	 0.00367116	0.00766972
1570 	 4030 	 0.856296 	 0.00367209	0.00767167
1570 	 4035 	 0.856298 	 0.00367302	0.00767361
1570 	 4040 	 0.8563 	 0.00367395	0.00767555
1570 	 4045 	 0.856302 	 0.00367488	0.00767748
1570 	 4050 	 0.856304 	 0.0036758	0.00767942
1570 	 4055 	 0.856305 	 0.00367672	0.00768135
1570 	 4060 	 0.856307 	 0.00367765	0.00768327
1570 	 4065 	 0.856309 	 0.00367857	0.0076852
1570 	 4070 	 0.856311 	 0.00367949	0.00768712
1570 	 4075 	 0.856313 	 0.0036804	0.00768903
1570 	 4080 	 0.856314 	 0.00368132	0.00769094
1570 	 4085 	 0.856316 	 0.00368223	0.00769285
1570 	 4090 	 0.856318 	 0.00368315	0.00769476
1570 	 4095 	 0.85632 	 0.00368406	0.00769666
1570 	 4100 	 0.856321 	 0.00368497	0.00769857
1570 	 4105 	 0.856323 	 0.00368587	0.00770046
1570 	 4110 	 0.856325 	 0.00368678	0.00770236
1570 	 4115 	 0.856327 	 0.00368769	0.00770425
1570 	 4120 	 0.856328 	 0.00368859	0.00770613
1570 	 4125 	 0.85633 	 0.00368949	0.00770802
1570 	 4130 	 0.856332 	 0.00369039	0.0077099
1570 	 4135 	 0.856334 	 0.00369129	0.00771178
1570 	 4140 	 0.856335 	 0.00369219	0.00771365
1570 	 4145 	 0.856337 	 0.00369308	0.00771553
1570 	 4150 	 0.856339 	 0.00369398	0.00771739
1570 	 4155 	 0.85634 	 0.00369487	0.00771926
1570 	 4160 	 0.856342 	 0.00369576	0.00772112
1570 	 4165 	 0.856344 	 0.00369665	0.00772298
1570 	 4170 	 0.856345 	 0.00369754	0.00772484
1570 	 4175 	 0.856347 	 0.00369843	0.00772669
1570 	 4180 	 0.856349 	 0.00369932	0.00772854
1570 	 4185 	 0.856351 	 0.0037002	0.00773039
1570 	 4190 	 0.856352 	 0.00370108	0.00773224
1570 	 4195 	 0.856354 	 0.00370196	0.00773408
1570 	 4200 	 0.856356 	 0.00370284	0.00773591
1570 	 4205 	 0.856357 	 0.00370372	0.00773775
1570 	 4210 	 0.856359 	 0.0037046	0.00773958
1570 	 4215 	 0.856361 	 0.00370547	0.00774141
1570 	 4220 	 0.856362 	 0.00370635	0.00774324
1570 	 4225 	 0.856364 	 0.00370722	0.00774506
1570 	 4230 	 0.856366 	 0.00370809	0.00774688
1570 	 4235 	 0.856367 	 0.00370896	0.0077487
1570 	 4240 	 0.856369 	 0.00370983	0.00775051
1570 	 4245 	 0.85637 	 0.0037107	0.00775232
1570 	 4250 	 0.856372 	 0.00371156	0.00775413
1570 	 4255 	 0.856374 	 0.00371243	0.00775594
1570 	 4260 	 0.856375 	 0.00371329	0.00775774
1570 	 4265 	 0.856377 	 0.00371415	0.00775954
1570 	 4270 	 0.856379 	 0.00371501	0.00776134
1570 	 4275 	 0.85638 	 0.00371587	0.00776313
1570 	 4280 	 0.856382 	 0.00371673	0.00776492
1570 	 4285 	 0.856383 	 0.00371758	0.00776671
1570 	 4290 	 0.856385 	 0.00371844	0.0077685
1570 	 4295 	 0.856387 	 0.00371929	0.00777028
1570 	 4300 	 0.856388 	 0.00372014	0.00777206
1570 	 4305 	 0.85639 	 0.00372099	0.00777383
1570 	 4310 	 0.856392 	 0.00372184	0.00777561
1570 	 4315 	 0.856393 	 0.00372269	0.00777738
1570 	 4320 	 0.856395 	 0.00372354	0.00777915
1570 	 4325 	 0.856396 	 0.00372438	0.00778091
1570 	 4330 	 0.856398 	 0.00372523	0.00778268
1570 	 4335 	 0.856399 	 0.00372607	0.00778444
1570 	 4340 	 0.856401 	 0.00372691	0.00778619
1570 	 4345 	 0.856403 	 0.00372775	0.00778795
1570 	 4350 	 0.856404 	 0.00372859	0.0077897
1570 	 4355 	 0.856406 	 0.00372942	0.00779145
1570 	 4360 	 0.856407 	 0.00373026	0.00779319
1570 	 4365 	 0.856409 	 0.00373109	0.00779493
1570 	 4370 	 0.85641 	 0.00373193	0.00779667
1570 	 4375 	 0.856412 	 0.00373276	0.00779841
1570 	 4380 	 0.856414 	 0.00373359	0.00780015
1570 	 4385 	 0.856415 	 0.00373442	0.00780188
1570 	 4390 	 0.856417 	 0.00373524	0.00780361
1570 	 4395 	 0.856418 	 0.00373607	0.00780533
1570 	 4400 	 0.85642 	 0.0037369	0.00780706
1570 	 4405 	 0.856421 	 0.00373772	0.00780878
1570 	 4410 	 0.856423 	 0.00373854	0.0078105
1570 	 4415 	 0.856424 	 0.00373936	0.00781221
1570 	 4420 	 0.856426 	 0.00374018	0.00781392
1570 	 4425 	 0.856427 	 0.003741	0.00781563
1570 	 4430 	 0.856429 	 0.00374182	0.00781734
1570 	 4435 	 0.85643 	 0.00374263	0.00781905
1570 	 4440 	 0.856432 	 0.00374345	0.00782075
1570 	 4445 	 0.856433 	 0.00374426	0.00782245
1570 	 4450 	 0.856435 	 0.00374508	0.00782414
1570 	 4455 	 0.856436 	 0.00374589	0.00782584
1570 	 4460 	 0.856438 	 0.0037467	0.00782753
1570 	 4465 	 0.856439 	 0.0037475	0.00782922
1570 	 4470 	 0.856441 	 0.00374831	0.0078309
1570 	 4475 	 0.856442 	 0.00374912	0.00783259
1570 	 4480 	 0.856444 	 0.00374992	0.00783427
1570 	 4485 	 0.856445 	 0.00375072	0.00783595
1570 	 4490 	 0.856447 	 0.00375153	0.00783762
1570 	 4495 	 0.856448 	 0.00375233	0.0078393
1570 	 4500 	 0.85645 	 0.00375313	0.00784097
1570 	 4505 	 0.856451 	 0.00375393	0.00784263
1570 	 4510 	 0.856453 	 0.00375472	0.0078443
1570 	 4515 	 0.856454 	 0.00375552	0.00784596
1570 	 4520 	 0.856456 	 0.00375631	0.00784762
1570 	 4525 	 0.856457 	 0.00375711	0.00784928
1570 	 4530 	 0.856459 	 0.0037579	0.00785094
1570 	 4535 	 0.85646 	 0.00375869	0.00785259
1570 	 4540 	 0.856461 	 0.00375948	0.00785424
1570 	 4545 	 0.856463 	 0.00376027	0.00785589
1570 	 4550 	 0.856464 	 0.00376106	0.00785753
1570 	 4555 	 0.856466 	 0.00376184	0.00785917
1570 	 4560 	 0.856467 	 0.00376263	0.00786081
1570 	 4565 	 0.856469 	 0.00376341	0.00786245
1570 	 4570 	 0.85647 	 0.00376419	0.00786408
1570 	 4575 	 0.856472 	 0.00376497	0.00786572
1570 	 4580 	 0.856473 	 0.00376575	0.00786735
1570 	 4585 	 0.856474 	 0.00376653	0.00786897
1570 	 4590 	 0.856476 	 0.00376731	0.0078706
1570 	 4595 	 0.856477 	 0.00376809	0.00787222
1570 	 4600 	 0.856479 	 0.00376886	0.00787384
1570 	 4605 	 0.85648 	 0.00376964	0.00787546
1570 	 4610 	 0.856481 	 0.00377041	0.00787707
1570 	 4615 	 0.856483 	 0.00377118	0.00787869
1570 	 4620 	 0.856484 	 0.00377195	0.0078803
1570 	 4625 	 0.856486 	 0.00377272	0.0078819
1570 	 4630 	 0.856487 	 0.00377349	0.00788351
1570 	 4635 	 0.856488 	 0.00377426	0.00788511
1570 	 4640 	 0.85649 	 0.00377502	0.00788671
1570 	 4645 	 0.856491 	 0.00377579	0.00788831
1570 	 4650 	 0.856493 	 0.00377655	0.00788991
1570 	 4655 	 0.856494 	 0.00377732	0.0078915
1570 	 4660 	 0.856495 	 0.00377808	0.00789309
1570 	 4665 	 0.856497 	 0.00377884	0.00789468
1570 	 4670 	 0.856498 	 0.0037796	0.00789626
1570 	 4675 	 0.8565 	 0.00378035	0.00789785
1570 	 4680 	 0.856501 	 0.00378111	0.00789943
1570 	 4685 	 0.856502 	 0.00378187	0.00790101
1570 	 4690 	 0.856504 	 0.00378262	0.00790258
1570 	 4695 	 0.856505 	 0.00378337	0.00790416
1570 	 4700 	 0.856506 	 0.00378413	0.00790573
1570 	 4705 	 0.856508 	 0.00378488	0.0079073
1570 	 4710 	 0.856509 	 0.00378563	0.00790887
1570 	 4715 	 0.85651 	 0.00378638	0.00791043
1570 	 4720 	 0.856512 	 0.00378713	0.00791199
1570 	 4725 	 0.856513 	 0.00378787	0.00791355
1570 	 4730 	 0.856514 	 0.00378862	0.00791511
1570 	 4735 	 0.856516 	 0.00378936	0.00791667
1570 	 4740 	 0.856517 	 0.00379011	0.00791822
1570 	 4745 	 0.856518 	 0.00379085	0.00791977
1570 	 4750 	 0.85652 	 0.00379159	0.00792132
1570 	 4755 	 0.856521 	 0.00379233	0.00792287
1570 	 4760 	 0.856522 	 0.00379307	0.00792441
1570 	 4765 	 0.856524 	 0.00379381	0.00792595
1570 	 4770 	 0.856525 	 0.00379454	0.00792749
1570 	 4775 	 0.856526 	 0.00379528	0.00792903
1570 	 4780 	 0.856528 	 0.00379601	0.00793056
1570 	 4785 	 0.856529 	 0.00379675	0.0079321
1570 	 4790 	 0.85653 	 0.00379748	0.00793363
1570 	 4795 	 0.856532 	 0.00379821	0.00793516
1570 	 4800 	 0.856533 	 0.00379894	0.00793668
1570 	 4805 	 0.856534 	 0.00379967	0.0079382
1570 	 4810 	 0.856536 	 0.0038004	0.00793973
1570 	 4815 	 0.856537 	 0.00380113	0.00794125
1570 	 4820 	 0.856538 	 0.00380185	0.00794276
1570 	 4825 	 0.85654 	 0.00380258	0.00794428
1570 	 4830 	 0.856541 	 0.0038033	0.00794579
1570 	 4835 	 0.856542 	 0.00380402	0.0079473
1570 	 4840 	 0.856543 	 0.00380475	0.00794881
1570 	 4845 	 0.856545 	 0.00380547	0.00795031
1570 	 4850 	 0.856546 	 0.00380619	0.00795182
1570 	 4855 	 0.856547 	 0.00380691	0.00795332
1570 	 4860 	 0.856549 	 0.00380762	0.00795482
1570 	 4865 	 0.85655 	 0.00380834	0.00795632
1570 	 4870 	 0.856551 	 0.00380906	0.00795781
1570 	 4875 	 0.856552 	 0.00380977	0.0079593
1570 	 4880 	 0.856554 	 0.00381048	0.00796079
1570 	 4885 	 0.856555 	 0.0038112	0.00796228
1570 	 4890 	 0.856556 	 0.00381191	0.00796377
1570 	 4895 	 0.856557 	 0.00381262	0.00796525
1570 	 4900 	 0.856559 	 0.00381333	0.00796674
1570 	 4905 	 0.85656 	 0.00381404	0.00796822
1570 	 4910 	 0.856561 	 0.00381474	0.00796969
1570 	 4915 	 0.856562 	 0.00381545	0.00797117
1570 	 4920 	 0.856564 	 0.00381615	0.00797264
1570 	 4925 	 0.856565 	 0.00381686	0.00797411
1570 	 4930 	 0.856566 	 0.00381756	0.00797558
1570 	 4935 	 0.856567 	 0.00381826	0.00797705
1570 	 4940 	 0.856569 	 0.00381897	0.00797852
1570 	 4945 	 0.85657 	 0.00381967	0.00797998
1570 	 4950 	 0.856571 	 0.00382037	0.00798144
1570 	 4955 	 0.856572 	 0.00382106	0.0079829
1570 	 4960 	 0.856574 	 0.00382176	0.00798436
1570 	 4965 	 0.856575 	 0.00382246	0.00798581
1570 	 4970 	 0.856576 	 0.00382315	0.00798726
1570 	 4975 	 0.856577 	 0.00382385	0.00798871
1570 	 4980 	 0.856579 	 0.00382454	0.00799016
1570 	 4985 	 0.85658 	 0.00382523	0.00799161
1570 	 4990 	 0.856581 	 0.00382592	0.00799305
1570 	 4995 	 0.856582 	 0.00382661	0.00799449
1570 	 5000 	 0.856583 	 0.0038273	0.00799594
