85 	 5 	 0.701969 	 0.00591901	0.0123659
85 	 10 	 0.702549 	 0.00553806	0.01157
85 	 15 	 0.703644 	 0.00494435	0.0103296
85 	 20 	 0.705677 	 0.00411167	0.00859002
85 	 25 	 0.709331 	 0.00319318	0.00667114
85 	 30 	 0.715518 	 0.00268687	0.00561337
85 	 35 	 0.725021 	 0.00270343	0.00564796
85 	 40 	 0.737627 	 0.00237407	0.00495986
85 	 45 	 0.752428 	 0.00211212	0.0044126
85 	 50 	 0.766086 	 0.00173958	0.00363429
85 	 55 	 0.776386 	 0.00142429	0.00297561
85 	 60 	 0.783337 	 0.00112497	0.00235028
85 	 65 	 0.787792 	 0.00112739	0.00235533
85 	 70 	 0.790661 	 0.00133121	0.00278113
85 	 75 	 0.792603 	 0.00151411	0.00316326
85 	 80 	 0.794021 	 0.00162099	0.00338654
85 	 85 	 0.795144 	 0.00166832	0.00348543
85 	 90 	 0.796098 	 0.00168215	0.00351431
85 	 95 	 0.796948 	 0.00168167	0.00351332
85 	 100 	 0.79773 	 0.00167784	0.00350531
85 	 105 	 0.798465 	 0.00167557	0.00350058
85 	 110 	 0.799161 	 0.00167629	0.00350208
85 	 115 	 0.799827 	 0.00167969	0.00350918
85 	 120 	 0.800464 	 0.00168485	0.00351995
85 	 125 	 0.801076 	 0.00169077	0.00353233
85 	 130 	 0.801664 	 0.00169664	0.00354459
85 	 135 	 0.80223 	 0.00170186	0.0035555
85 	 140 	 0.802775 	 0.00170606	0.00356428
85 	 145 	 0.803299 	 0.00170904	0.0035705
85 	 150 	 0.803804 	 0.00171073	0.00357402
85 	 155 	 0.804291 	 0.00171113	0.00357486
85 	 160 	 0.804761 	 0.00171031	0.00357316
85 	 165 	 0.805213 	 0.00170839	0.00356914
85 	 170 	 0.80565 	 0.00170548	0.00356306
85 	 175 	 0.806071 	 0.0017017	0.00355516
85 	 180 	 0.806478 	 0.00169717	0.00354571
85 	 185 	 0.80687 	 0.00169202	0.00353493
85 	 190 	 0.80725 	 0.00168633	0.00352305
85 	 195 	 0.807616 	 0.00168021	0.00351027
85 	 200 	 0.807971 	 0.00167374	0.00349675
85 	 205 	 0.808314 	 0.00166699	0.00348265
85 	 210 	 0.808645 	 0.00166002	0.00346809
85 	 215 	 0.808966 	 0.00165289	0.00345318
85 	 220 	 0.809277 	 0.00164563	0.00343802
85 	 225 	 0.809577 	 0.00163829	0.00342268
85 	 230 	 0.809869 	 0.00163089	0.00340722
85 	 235 	 0.810151 	 0.00162346	0.00339171
85 	 240 	 0.810425 	 0.00161603	0.00337617
85 	 245 	 0.810691 	 0.0016086	0.00336066
85 	 250 	 0.810949 	 0.00160119	0.00334518
85 	 255 	 0.811199 	 0.00159382	0.00332977
85 	 260 	 0.811442 	 0.00158648	0.00331445
85 	 265 	 0.811678 	 0.00157919	0.00329922
85 	 270 	 0.811907 	 0.00157196	0.0032841
85 	 275 	 0.81213 	 0.00156478	0.0032691
85 	 280 	 0.812346 	 0.00155766	0.00325423
85 	 285 	 0.812557 	 0.0015506	0.00323948
85 	 290 	 0.812762 	 0.0015436	0.00322487
85 	 295 	 0.812961 	 0.00153667	0.00321039
85 	 300 	 0.813155 	 0.00152981	0.00319606
85 	 305 	 0.813344 	 0.00152302	0.00318186
85 	 310 	 0.813528 	 0.00151629	0.00316781
85 	 315 	 0.813708 	 0.00150964	0.00315391
85 	 320 	 0.813882 	 0.00150305	0.00314015
85 	 325 	 0.814053 	 0.00149654	0.00312655
85 	 330 	 0.814219 	 0.0014901	0.00311309
85 	 335 	 0.814381 	 0.00148373	0.00309979
85 	 340 	 0.814539 	 0.00147744	0.00308664
85 	 345 	 0.814694 	 0.00147122	0.00307365
85 	 350 	 0.814845 	 0.00146508	0.00306083
85 	 355 	 0.814992 	 0.00145902	0.00304816
85 	 360 	 0.815136 	 0.00145303	0.00303565
85 	 365 	 0.815276 	 0.00144713	0.00302331
85 	 370 	 0.815413 	 0.0014413	0.00301114
85 	 375 	 0.815548 	 0.00143556	0.00299914
85 	 380 	 0.815679 	 0.0014299	0.00298732
85 	 385 	 0.815807 	 0.00142432	0.00297567
85 	 390 	 0.815933 	 0.00141883	0.00296419
85 	 395 	 0.816056 	 0.00141342	0.0029529
85 	 400 	 0.816176 	 0.00140811	0.00294179
85 	 405 	 0.816293 	 0.00140288	0.00293087
85 	 410 	 0.816409 	 0.00139774	0.00292013
85 	 415 	 0.816521 	 0.00139269	0.00290958
85 	 420 	 0.816632 	 0.00138773	0.00289922
85 	 425 	 0.81674 	 0.00138286	0.00288905
85 	 430 	 0.816846 	 0.00137809	0.00287908
85 	 435 	 0.81695 	 0.00137341	0.00286931
85 	 440 	 0.817052 	 0.00136883	0.00285973
85 	 445 	 0.817152 	 0.00136434	0.00285036
85 	 450 	 0.81725 	 0.00135995	0.00284118
85 	 455 	 0.817346 	 0.00135566	0.00283221
85 	 460 	 0.81744 	 0.00135146	0.00282345
85 	 465 	 0.817533 	 0.00134736	0.00281488
85 	 470 	 0.817623 	 0.00134336	0.00280653
85 	 475 	 0.817713 	 0.00133946	0.00279838
85 	 480 	 0.8178 	 0.00133566	0.00279043
85 	 485 	 0.817886 	 0.00133196	0.0027827
85 	 490 	 0.81797 	 0.00132836	0.00277518
85 	 495 	 0.818053 	 0.00132485	0.00276786
85 	 500 	 0.818134 	 0.00132145	0.00276075
85 	 505 	 0.818214 	 0.00131815	0.00275385
85 	 510 	 0.818293 	 0.00131495	0.00274716
85 	 515 	 0.81837 	 0.00131185	0.00274068
85 	 520 	 0.818446 	 0.00130884	0.00273441
85 	 525 	 0.81852 	 0.00130594	0.00272835
85 	 530 	 0.818594 	 0.00130314	0.0027225
85 	 535 	 0.818666 	 0.00130044	0.00271685
85 	 540 	 0.818737 	 0.00129783	0.00271141
85 	 545 	 0.818806 	 0.00129533	0.00270617
85 	 550 	 0.818875 	 0.00129292	0.00270114
85 	 555 	 0.818943 	 0.00129061	0.00269632
85 	 560 	 0.819009 	 0.0012884	0.00269169
85 	 565 	 0.819074 	 0.00128628	0.00268727
85 	 570 	 0.819139 	 0.00128426	0.00268305
85 	 575 	 0.819202 	 0.00128233	0.00267903
85 	 580 	 0.819264 	 0.0012805	0.0026752
85 	 585 	 0.819326 	 0.00127877	0.00267158
85 	 590 	 0.819386 	 0.00127712	0.00266814
85 	 595 	 0.819446 	 0.00127557	0.0026649
85 	 600 	 0.819505 	 0.00127411	0.00266185
85 	 605 	 0.819562 	 0.00127274	0.002659
85 	 610 	 0.819619 	 0.00127147	0.00265632
85 	 615 	 0.819675 	 0.00127028	0.00265384
85 	 620 	 0.819731 	 0.00126917	0.00265154
85 	 625 	 0.819785 	 0.00126816	0.00264942
85 	 630 	 0.819839 	 0.00126723	0.00264748
85 	 635 	 0.819892 	 0.00126639	0.00264572
85 	 640 	 0.819944 	 0.00126563	0.00264413
85 	 645 	 0.819996 	 0.00126496	0.00264272
85 	 650 	 0.820046 	 0.00126436	0.00264148
85 	 655 	 0.820096 	 0.00126385	0.00264041
85 	 660 	 0.820146 	 0.00126342	0.00263951
85 	 665 	 0.820194 	 0.00126307	0.00263877
85 	 670 	 0.820242 	 0.00126279	0.0026382
85 	 675 	 0.82029 	 0.00126259	0.00263779
85 	 680 	 0.820337 	 0.00126247	0.00263753
85 	 685 	 0.820383 	 0.00126242	0.00263743
85 	 690 	 0.820428 	 0.00126245	0.00263748
85 	 695 	 0.820473 	 0.00126255	0.00263769
85 	 700 	 0.820517 	 0.00126272	0.00263804
85 	 705 	 0.820561 	 0.00126296	0.00263854
85 	 710 	 0.820604 	 0.00126326	0.00263919
85 	 715 	 0.820647 	 0.00126364	0.00263998
85 	 720 	 0.820689 	 0.00126408	0.0026409
85 	 725 	 0.820731 	 0.00126459	0.00264197
85 	 730 	 0.820772 	 0.00126517	0.00264316
85 	 735 	 0.820812 	 0.0012658	0.0026445
85 	 740 	 0.820852 	 0.0012665	0.00264596
85 	 745 	 0.820892 	 0.00126726	0.00264755
85 	 750 	 0.820931 	 0.00126808	0.00264926
85 	 755 	 0.82097 	 0.00126896	0.0026511
85 	 760 	 0.821008 	 0.0012699	0.00265306
85 	 765 	 0.821046 	 0.0012709	0.00265513
85 	 770 	 0.821083 	 0.00127195	0.00265733
85 	 775 	 0.82112 	 0.00127305	0.00265963
85 	 780 	 0.821156 	 0.00127421	0.00266205
85 	 785 	 0.821192 	 0.00127542	0.00266458
85 	 790 	 0.821227 	 0.00127668	0.00266722
85 	 795 	 0.821263 	 0.00127799	0.00266996
85 	 800 	 0.821297 	 0.00127935	0.0026728
85 	 805 	 0.821332 	 0.00128076	0.00267575
85 	 810 	 0.821366 	 0.00128222	0.00267879
85 	 815 	 0.821399 	 0.00128373	0.00268194
85 	 820 	 0.821432 	 0.00128527	0.00268517
85 	 825 	 0.821465 	 0.00128687	0.0026885
85 	 830 	 0.821498 	 0.0012885	0.00269192
85 	 835 	 0.82153 	 0.00129018	0.00269543
85 	 840 	 0.821561 	 0.0012919	0.00269902
85 	 845 	 0.821593 	 0.00129366	0.0027027
85 	 850 	 0.821624 	 0.00129546	0.00270646
85 	 855 	 0.821655 	 0.0012973	0.0027103
85 	 860 	 0.821685 	 0.00129918	0.00271422
85 	 865 	 0.821715 	 0.00130109	0.00271822
85 	 870 	 0.821745 	 0.00130304	0.00272229
85 	 875 	 0.821774 	 0.00130503	0.00272644
85 	 880 	 0.821804 	 0.00130705	0.00273066
85 	 885 	 0.821832 	 0.0013091	0.00273494
85 	 890 	 0.821861 	 0.00131118	0.0027393
85 	 895 	 0.821889 	 0.0013133	0.00274372
85 	 900 	 0.821917 	 0.00131545	0.00274821
85 	 905 	 0.821945 	 0.00131762	0.00275276
85 	 910 	 0.821972 	 0.00131983	0.00275737
85 	 915 	 0.821999 	 0.00132207	0.00276204
85 	 920 	 0.822026 	 0.00132433	0.00276677
85 	 925 	 0.822053 	 0.00132662	0.00277156
85 	 930 	 0.822079 	 0.00132894	0.0027764
85 	 935 	 0.822105 	 0.00133128	0.00278129
85 	 940 	 0.822131 	 0.00133365	0.00278624
85 	 945 	 0.822157 	 0.00133604	0.00279124
85 	 950 	 0.822182 	 0.00133846	0.00279628
85 	 955 	 0.822207 	 0.0013409	0.00280138
85 	 960 	 0.822232 	 0.00134336	0.00280652
85 	 965 	 0.822256 	 0.00134584	0.00281171
85 	 970 	 0.822281 	 0.00134835	0.00281694
85 	 975 	 0.822305 	 0.00135087	0.00282222
85 	 980 	 0.822329 	 0.00135342	0.00282753
85 	 985 	 0.822352 	 0.00135598	0.00283289
85 	 990 	 0.822376 	 0.00135856	0.00283828
85 	 995 	 0.822399 	 0.00136116	0.00284371
85 	 1000 	 0.822422 	 0.00136378	0.00284918
85 	 1005 	 0.822445 	 0.00136641	0.00285469
85 	 1010 	 0.822468 	 0.00136907	0.00286023
85 	 1015 	 0.82249 	 0.00137173	0.0028658
85 	 1020 	 0.822512 	 0.00137442	0.0028714
85 	 1025 	 0.822534 	 0.00137711	0.00287704
85 	 1030 	 0.822556 	 0.00137982	0.0028827
85 	 1035 	 0.822578 	 0.00138255	0.0028884
85 	 1040 	 0.822599 	 0.00138529	0.00289412
85 	 1045 	 0.82262 	 0.00138804	0.00289987
85 	 1050 	 0.822641 	 0.00139081	0.00290565
85 	 1055 	 0.822662 	 0.00139358	0.00291145
85 	 1060 	 0.822683 	 0.00139637	0.00291727
85 	 1065 	 0.822703 	 0.00139917	0.00292312
85 	 1070 	 0.822724 	 0.00140198	0.00292899
85 	 1075 	 0.822744 	 0.0014048	0.00293488
85 	 1080 	 0.822764 	 0.00140763	0.0029408
85 	 1085 	 0.822783 	 0.00141047	0.00294673
85 	 1090 	 0.822803 	 0.00141332	0.00295268
85 	 1095 	 0.822823 	 0.00141618	0.00295865
85 	 1100 	 0.822842 	 0.00141904	0.00296464
85 	 1105 	 0.822861 	 0.00142192	0.00297064
85 	 1110 	 0.82288 	 0.0014248	0.00297666
85 	 1115 	 0.822899 	 0.00142769	0.0029827
85 	 1120 	 0.822917 	 0.00143058	0.00298875
85 	 1125 	 0.822936 	 0.00143349	0.00299481
85 	 1130 	 0.822954 	 0.0014364	0.00300089
85 	 1135 	 0.822973 	 0.00143931	0.00300698
85 	 1140 	 0.822991 	 0.00144223	0.00301308
85 	 1145 	 0.823009 	 0.00144516	0.0030192
85 	 1150 	 0.823026 	 0.00144809	0.00302532
85 	 1155 	 0.823044 	 0.00145102	0.00303145
85 	 1160 	 0.823062 	 0.00145396	0.0030376
85 	 1165 	 0.823079 	 0.00145691	0.00304375
85 	 1170 	 0.823096 	 0.00145986	0.00304991
85 	 1175 	 0.823113 	 0.00146281	0.00305608
85 	 1180 	 0.82313 	 0.00146577	0.00306225
85 	 1185 	 0.823147 	 0.00146873	0.00306843
85 	 1190 	 0.823164 	 0.00147169	0.00307462
85 	 1195 	 0.82318 	 0.00147465	0.00308082
85 	 1200 	 0.823197 	 0.00147762	0.00308701
85 	 1205 	 0.823213 	 0.00148059	0.00309322
85 	 1210 	 0.823229 	 0.00148356	0.00309943
85 	 1215 	 0.823245 	 0.00148653	0.00310564
85 	 1220 	 0.823261 	 0.00148951	0.00311185
85 	 1225 	 0.823277 	 0.00149248	0.00311807
85 	 1230 	 0.823293 	 0.00149546	0.00312429
85 	 1235 	 0.823308 	 0.00149844	0.00313051
85 	 1240 	 0.823324 	 0.00150142	0.00313673
85 	 1245 	 0.823339 	 0.0015044	0.00314296
85 	 1250 	 0.823354 	 0.00150738	0.00314918
85 	 1255 	 0.823369 	 0.00151036	0.00315541
85 	 1260 	 0.823384 	 0.00151334	0.00316163
85 	 1265 	 0.823399 	 0.00151632	0.00316786
85 	 1270 	 0.823414 	 0.0015193	0.00317408
85 	 1275 	 0.823429 	 0.00152227	0.00318031
85 	 1280 	 0.823443 	 0.00152525	0.00318653
85 	 1285 	 0.823458 	 0.00152823	0.00319275
85 	 1290 	 0.823472 	 0.00153121	0.00319897
85 	 1295 	 0.823487 	 0.00153418	0.00320519
85 	 1300 	 0.823501 	 0.00153716	0.0032114
85 	 1305 	 0.823515 	 0.00154013	0.00321761
85 	 1310 	 0.823529 	 0.0015431	0.00322382
85 	 1315 	 0.823543 	 0.00154607	0.00323002
85 	 1320 	 0.823556 	 0.00154904	0.00323622
85 	 1325 	 0.82357 	 0.001552	0.00324242
85 	 1330 	 0.823584 	 0.00155497	0.00324861
85 	 1335 	 0.823597 	 0.00155793	0.0032548
85 	 1340 	 0.823611 	 0.00156089	0.00326098
85 	 1345 	 0.823624 	 0.00156385	0.00326716
85 	 1350 	 0.823637 	 0.0015668	0.00327333
85 	 1355 	 0.82365 	 0.00156975	0.0032795
85 	 1360 	 0.823663 	 0.0015727	0.00328566
85 	 1365 	 0.823676 	 0.00157565	0.00329182
85 	 1370 	 0.823689 	 0.00157859	0.00329797
85 	 1375 	 0.823702 	 0.00158153	0.00330411
85 	 1380 	 0.823714 	 0.00158447	0.00331025
85 	 1385 	 0.823727 	 0.0015874	0.00331638
85 	 1390 	 0.82374 	 0.00159033	0.0033225
85 	 1395 	 0.823752 	 0.00159326	0.00332861
85 	 1400 	 0.823764 	 0.00159619	0.00333472
85 	 1405 	 0.823777 	 0.00159911	0.00334082
85 	 1410 	 0.823789 	 0.00160202	0.00334692
85 	 1415 	 0.823801 	 0.00160494	0.003353
85 	 1420 	 0.823813 	 0.00160785	0.00335908
85 	 1425 	 0.823825 	 0.00161075	0.00336515
85 	 1430 	 0.823837 	 0.00161365	0.00337121
85 	 1435 	 0.823849 	 0.00161655	0.00337727
85 	 1440 	 0.82386 	 0.00161944	0.00338331
85 	 1445 	 0.823872 	 0.00162233	0.00338935
85 	 1450 	 0.823884 	 0.00162522	0.00339537
85 	 1455 	 0.823895 	 0.0016281	0.00340139
85 	 1460 	 0.823906 	 0.00163097	0.0034074
85 	 1465 	 0.823918 	 0.00163384	0.0034134
85 	 1470 	 0.823929 	 0.00163671	0.00341939
85 	 1475 	 0.82394 	 0.00163958	0.00342537
85 	 1480 	 0.823951 	 0.00164243	0.00343134
85 	 1485 	 0.823963 	 0.00164529	0.0034373
85 	 1490 	 0.823974 	 0.00164814	0.00344326
85 	 1495 	 0.823984 	 0.00165098	0.0034492
85 	 1500 	 0.823995 	 0.00165382	0.00345513
85 	 1505 	 0.824006 	 0.00165665	0.00346105
85 	 1510 	 0.824017 	 0.00165948	0.00346697
85 	 1515 	 0.824028 	 0.00166231	0.00347287
85 	 1520 	 0.824038 	 0.00166513	0.00347876
85 	 1525 	 0.824049 	 0.00166794	0.00348464
85 	 1530 	 0.824059 	 0.00167075	0.00349051
85 	 1535 	 0.82407 	 0.00167356	0.00349637
85 	 1540 	 0.82408 	 0.00167636	0.00350222
85 	 1545 	 0.82409 	 0.00167915	0.00350806
85 	 1550 	 0.8241 	 0.00168194	0.00351389
85 	 1555 	 0.824111 	 0.00168473	0.00351971
85 	 1560 	 0.824121 	 0.00168751	0.00352551
85 	 1565 	 0.824131 	 0.00169028	0.00353131
85 	 1570 	 0.824141 	 0.00169305	0.00353709
85 	 1575 	 0.824151 	 0.00169581	0.00354286
85 	 1580 	 0.824161 	 0.00169857	0.00354863
85 	 1585 	 0.82417 	 0.00170132	0.00355438
85 	 1590 	 0.82418 	 0.00170407	0.00356012
85 	 1595 	 0.82419 	 0.00170681	0.00356585
85 	 1600 	 0.824199 	 0.00170955	0.00357156
85 	 1605 	 0.824209 	 0.00171228	0.00357727
85 	 1610 	 0.824219 	 0.00171501	0.00358296
85 	 1615 	 0.824228 	 0.00171773	0.00358864
85 	 1620 	 0.824238 	 0.00172044	0.00359432
85 	 1625 	 0.824247 	 0.00172315	0.00359998
85 	 1630 	 0.824256 	 0.00172585	0.00360562
85 	 1635 	 0.824265 	 0.00172855	0.00361126
85 	 1640 	 0.824275 	 0.00173124	0.00361688
85 	 1645 	 0.824284 	 0.00173393	0.0036225
85 	 1650 	 0.824293 	 0.00173661	0.0036281
85 	 1655 	 0.824302 	 0.00173929	0.00363369
85 	 1660 	 0.824311 	 0.00174196	0.00363927
85 	 1665 	 0.82432 	 0.00174462	0.00364483
85 	 1670 	 0.824329 	 0.00174728	0.00365039
85 	 1675 	 0.824338 	 0.00174993	0.00365593
85 	 1680 	 0.824347 	 0.00175258	0.00366146
85 	 1685 	 0.824355 	 0.00175522	0.00366698
85 	 1690 	 0.824364 	 0.00175786	0.00367248
85 	 1695 	 0.824373 	 0.00176049	0.00367798
85 	 1700 	 0.824381 	 0.00176311	0.00368346
85 	 1705 	 0.82439 	 0.00176573	0.00368893
85 	 1710 	 0.824398 	 0.00176834	0.00369439
85 	 1715 	 0.824407 	 0.00177095	0.00369984
85 	 1720 	 0.824415 	 0.00177355	0.00370527
85 	 1725 	 0.824424 	 0.00177615	0.0037107
85 	 1730 	 0.824432 	 0.00177874	0.00371611
85 	 1735 	 0.82444 	 0.00178132	0.00372151
85 	 1740 	 0.824449 	 0.0017839	0.00372689
85 	 1745 	 0.824457 	 0.00178647	0.00373227
85 	 1750 	 0.824465 	 0.00178904	0.00373763
85 	 1755 	 0.824473 	 0.0017916	0.00374298
85 	 1760 	 0.824481 	 0.00179416	0.00374832
85 	 1765 	 0.824489 	 0.00179671	0.00375365
85 	 1770 	 0.824497 	 0.00179925	0.00375896
85 	 1775 	 0.824505 	 0.00180179	0.00376426
85 	 1780 	 0.824513 	 0.00180432	0.00376955
85 	 1785 	 0.824521 	 0.00180685	0.00377483
85 	 1790 	 0.824529 	 0.00180937	0.0037801
85 	 1795 	 0.824537 	 0.00181188	0.00378535
85 	 1800 	 0.824544 	 0.00181439	0.00379059
85 	 1805 	 0.824552 	 0.0018169	0.00379583
85 	 1810 	 0.82456 	 0.00181939	0.00380104
85 	 1815 	 0.824567 	 0.00182189	0.00380625
85 	 1820 	 0.824575 	 0.00182437	0.00381144
85 	 1825 	 0.824583 	 0.00182685	0.00381663
85 	 1830 	 0.82459 	 0.00182933	0.0038218
85 	 1835 	 0.824598 	 0.0018318	0.00382696
85 	 1840 	 0.824605 	 0.00183426	0.0038321
85 	 1845 	 0.824612 	 0.00183672	0.00383724
85 	 1850 	 0.82462 	 0.00183917	0.00384236
85 	 1855 	 0.824627 	 0.00184161	0.00384747
85 	 1860 	 0.824634 	 0.00184406	0.00385257
85 	 1865 	 0.824642 	 0.00184649	0.00385765
85 	 1870 	 0.824649 	 0.00184892	0.00386273
85 	 1875 	 0.824656 	 0.00185134	0.00386779
85 	 1880 	 0.824663 	 0.00185376	0.00387284
85 	 1885 	 0.82467 	 0.00185617	0.00387788
85 	 1890 	 0.824677 	 0.00185858	0.00388291
85 	 1895 	 0.824684 	 0.00186098	0.00388793
85 	 1900 	 0.824691 	 0.00186337	0.00389293
85 	 1905 	 0.824698 	 0.00186576	0.00389792
85 	 1910 	 0.824705 	 0.00186815	0.0039029
85 	 1915 	 0.824712 	 0.00187053	0.00390787
85 	 1920 	 0.824719 	 0.0018729	0.00391283
85 	 1925 	 0.824726 	 0.00187527	0.00391777
85 	 1930 	 0.824733 	 0.00187763	0.0039227
85 	 1935 	 0.82474 	 0.00187998	0.00392763
85 	 1940 	 0.824746 	 0.00188233	0.00393254
85 	 1945 	 0.824753 	 0.00188468	0.00393743
85 	 1950 	 0.82476 	 0.00188702	0.00394232
85 	 1955 	 0.824766 	 0.00188935	0.0039472
85 	 1960 	 0.824773 	 0.00189168	0.00395206
85 	 1965 	 0.82478 	 0.001894	0.00395691
85 	 1970 	 0.824786 	 0.00189632	0.00396175
85 	 1975 	 0.824793 	 0.00189863	0.00396658
85 	 1980 	 0.824799 	 0.00190093	0.0039714
85 	 1985 	 0.824806 	 0.00190323	0.0039762
85 	 1990 	 0.824812 	 0.00190553	0.003981
85 	 1995 	 0.824818 	 0.00190782	0.00398578
85 	 2000 	 0.824825 	 0.0019101	0.00399055
85 	 2005 	 0.824831 	 0.00191238	0.00399531
85 	 2010 	 0.824838 	 0.00191465	0.00400006
85 	 2015 	 0.824844 	 0.00191692	0.0040048
85 	 2020 	 0.82485 	 0.00191918	0.00400953
85 	 2025 	 0.824856 	 0.00192144	0.00401424
85 	 2030 	 0.824863 	 0.00192369	0.00401895
85 	 2035 	 0.824869 	 0.00192594	0.00402364
85 	 2040 	 0.824875 	 0.00192818	0.00402832
85 	 2045 	 0.824881 	 0.00193042	0.00403299
85 	 2050 	 0.824887 	 0.00193265	0.00403765
85 	 2055 	 0.824893 	 0.00193487	0.0040423
85 	 2060 	 0.824899 	 0.00193709	0.00404693
85 	 2065 	 0.824905 	 0.0019393	0.00405156
85 	 2070 	 0.824911 	 0.00194151	0.00405617
85 	 2075 	 0.824917 	 0.00194372	0.00406078
85 	 2080 	 0.824923 	 0.00194591	0.00406537
85 	 2085 	 0.824929 	 0.00194811	0.00406995
85 	 2090 	 0.824935 	 0.00195029	0.00407452
85 	 2095 	 0.824941 	 0.00195248	0.00407908
85 	 2100 	 0.824947 	 0.00195465	0.00408363
85 	 2105 	 0.824952 	 0.00195683	0.00408817
85 	 2110 	 0.824958 	 0.00195899	0.00409269
85 	 2115 	 0.824964 	 0.00196116	0.00409721
85 	 2120 	 0.82497 	 0.00196331	0.00410172
85 	 2125 	 0.824975 	 0.00196546	0.00410621
85 	 2130 	 0.824981 	 0.00196761	0.00411069
85 	 2135 	 0.824987 	 0.00196975	0.00411517
85 	 2140 	 0.824992 	 0.00197189	0.00411963
85 	 2145 	 0.824998 	 0.00197402	0.00412408
85 	 2150 	 0.825003 	 0.00197614	0.00412852
85 	 2155 	 0.825009 	 0.00197826	0.00413295
85 	 2160 	 0.825014 	 0.00198038	0.00413737
85 	 2165 	 0.82502 	 0.00198249	0.00414178
85 	 2170 	 0.825025 	 0.0019846	0.00414618
85 	 2175 	 0.825031 	 0.0019867	0.00415057
85 	 2180 	 0.825036 	 0.00198879	0.00415495
85 	 2185 	 0.825042 	 0.00199088	0.00415932
85 	 2190 	 0.825047 	 0.00199297	0.00416368
85 	 2195 	 0.825053 	 0.00199505	0.00416802
85 	 2200 	 0.825058 	 0.00199713	0.00417236
85 	 2205 	 0.825063 	 0.0019992	0.00417669
85 	 2210 	 0.825068 	 0.00200126	0.004181
85 	 2215 	 0.825074 	 0.00200332	0.00418531
85 	 2220 	 0.825079 	 0.00200538	0.0041896
85 	 2225 	 0.825084 	 0.00200743	0.00419389
85 	 2230 	 0.825089 	 0.00200948	0.00419816
85 	 2235 	 0.825095 	 0.00201152	0.00420243
85 	 2240 	 0.8251 	 0.00201355	0.00420668
85 	 2245 	 0.825105 	 0.00201559	0.00421093
85 	 2250 	 0.82511 	 0.00201761	0.00421516
85 	 2255 	 0.825115 	 0.00201964	0.00421939
85 	 2260 	 0.82512 	 0.00202165	0.0042236
85 	 2265 	 0.825125 	 0.00202367	0.00422781
85 	 2270 	 0.82513 	 0.00202567	0.004232
85 	 2275 	 0.825135 	 0.00202768	0.00423619
85 	 2280 	 0.82514 	 0.00202968	0.00424036
85 	 2285 	 0.825145 	 0.00203167	0.00424453
85 	 2290 	 0.82515 	 0.00203366	0.00424868
85 	 2295 	 0.825155 	 0.00203564	0.00425283
85 	 2300 	 0.82516 	 0.00203762	0.00425696
85 	 2305 	 0.825165 	 0.0020396	0.00426109
85 	 2310 	 0.82517 	 0.00204157	0.00426521
85 	 2315 	 0.825175 	 0.00204353	0.00426931
85 	 2320 	 0.82518 	 0.00204549	0.00427341
85 	 2325 	 0.825185 	 0.00204745	0.0042775
85 	 2330 	 0.825189 	 0.0020494	0.00428157
85 	 2335 	 0.825194 	 0.00205135	0.00428564
85 	 2340 	 0.825199 	 0.00205329	0.0042897
85 	 2345 	 0.825204 	 0.00205523	0.00429375
85 	 2350 	 0.825208 	 0.00205716	0.00429779
85 	 2355 	 0.825213 	 0.00205909	0.00430182
85 	 2360 	 0.825218 	 0.00206102	0.00430584
85 	 2365 	 0.825222 	 0.00206294	0.00430985
85 	 2370 	 0.825227 	 0.00206485	0.00431385
85 	 2375 	 0.825232 	 0.00206676	0.00431785
85 	 2380 	 0.825236 	 0.00206867	0.00432183
85 	 2385 	 0.825241 	 0.00207057	0.0043258
85 	 2390 	 0.825246 	 0.00207247	0.00432977
85 	 2395 	 0.82525 	 0.00207436	0.00433373
85 	 2400 	 0.825255 	 0.00207625	0.00433767
85 	 2405 	 0.825259 	 0.00207814	0.00434161
85 	 2410 	 0.825264 	 0.00208002	0.00434554
85 	 2415 	 0.825268 	 0.00208189	0.00434946
85 	 2420 	 0.825273 	 0.00208377	0.00435337
85 	 2425 	 0.825277 	 0.00208563	0.00435727
85 	 2430 	 0.825282 	 0.0020875	0.00436116
85 	 2435 	 0.825286 	 0.00208935	0.00436504
85 	 2440 	 0.82529 	 0.00209121	0.00436891
85 	 2445 	 0.825295 	 0.00209306	0.00437278
85 	 2450 	 0.825299 	 0.0020949	0.00437664
85 	 2455 	 0.825304 	 0.00209674	0.00438048
85 	 2460 	 0.825308 	 0.00209858	0.00438432
85 	 2465 	 0.825312 	 0.00210041	0.00438815
85 	 2470 	 0.825317 	 0.00210224	0.00439197
85 	 2475 	 0.825321 	 0.00210407	0.00439578
85 	 2480 	 0.825325 	 0.00210589	0.00439958
85 	 2485 	 0.825329 	 0.0021077	0.00440338
85 	 2490 	 0.825334 	 0.00210952	0.00440716
85 	 2495 	 0.825338 	 0.00211132	0.00441094
85 	 2500 	 0.825342 	 0.00211313	0.00441471
85 	 2505 	 0.825346 	 0.00211493	0.00441847
85 	 2510 	 0.825351 	 0.00211672	0.00442222
85 	 2515 	 0.825355 	 0.00211851	0.00442596
85 	 2520 	 0.825359 	 0.0021203	0.0044297
85 	 2525 	 0.825363 	 0.00212208	0.00443342
85 	 2530 	 0.825367 	 0.00212386	0.00443714
85 	 2535 	 0.825371 	 0.00212564	0.00444085
85 	 2540 	 0.825375 	 0.00212741	0.00444455
85 	 2545 	 0.825379 	 0.00212918	0.00444824
85 	 2550 	 0.825383 	 0.00213094	0.00445192
85 	 2555 	 0.825388 	 0.0021327	0.00445559
85 	 2560 	 0.825392 	 0.00213445	0.00445926
85 	 2565 	 0.825396 	 0.0021362	0.00446292
85 	 2570 	 0.8254 	 0.00213795	0.00446657
85 	 2575 	 0.825404 	 0.00213969	0.00447021
85 	 2580 	 0.825408 	 0.00214143	0.00447384
85 	 2585 	 0.825412 	 0.00214317	0.00447747
85 	 2590 	 0.825415 	 0.0021449	0.00448108
85 	 2595 	 0.825419 	 0.00214663	0.00448469
85 	 2600 	 0.825423 	 0.00214835	0.00448829
85 	 2605 	 0.825427 	 0.00215007	0.00449189
85 	 2610 	 0.825431 	 0.00215179	0.00449547
85 	 2615 	 0.825435 	 0.0021535	0.00449905
85 	 2620 	 0.825439 	 0.0021552	0.00450262
85 	 2625 	 0.825443 	 0.00215691	0.00450618
85 	 2630 	 0.825447 	 0.00215861	0.00450973
85 	 2635 	 0.82545 	 0.00216031	0.00451327
85 	 2640 	 0.825454 	 0.002162	0.00451681
85 	 2645 	 0.825458 	 0.00216369	0.00452034
85 	 2650 	 0.825462 	 0.00216537	0.00452386
85 	 2655 	 0.825466 	 0.00216705	0.00452737
85 	 2660 	 0.825469 	 0.00216873	0.00453088
85 	 2665 	 0.825473 	 0.00217041	0.00453437
85 	 2670 	 0.825477 	 0.00217208	0.00453786
85 	 2675 	 0.825481 	 0.00217374	0.00454134
85 	 2680 	 0.825484 	 0.00217541	0.00454482
85 	 2685 	 0.825488 	 0.00217706	0.00454828
85 	 2690 	 0.825492 	 0.00217872	0.00455174
85 	 2695 	 0.825495 	 0.00218037	0.00455519
85 	 2700 	 0.825499 	 0.00218202	0.00455864
85 	 2705 	 0.825503 	 0.00218366	0.00456207
85 	 2710 	 0.825506 	 0.00218531	0.0045655
85 	 2715 	 0.82551 	 0.00218694	0.00456892
85 	 2720 	 0.825513 	 0.00218858	0.00457234
85 	 2725 	 0.825517 	 0.00219021	0.00457574
85 	 2730 	 0.825521 	 0.00219183	0.00457914
85 	 2735 	 0.825524 	 0.00219346	0.00458253
85 	 2740 	 0.825528 	 0.00219508	0.00458591
85 	 2745 	 0.825531 	 0.00219669	0.00458929
85 	 2750 	 0.825535 	 0.0021983	0.00459266
85 	 2755 	 0.825538 	 0.00219991	0.00459602
85 	 2760 	 0.825542 	 0.00220152	0.00459937
85 	 2765 	 0.825545 	 0.00220312	0.00460272
85 	 2770 	 0.825549 	 0.00220472	0.00460606
85 	 2775 	 0.825552 	 0.00220631	0.00460939
85 	 2780 	 0.825556 	 0.0022079	0.00461271
85 	 2785 	 0.825559 	 0.00220949	0.00461603
85 	 2790 	 0.825563 	 0.00221108	0.00461934
85 	 2795 	 0.825566 	 0.00221266	0.00462264
85 	 2800 	 0.82557 	 0.00221423	0.00462594
85 	 2805 	 0.825573 	 0.00221581	0.00462923
85 	 2810 	 0.825576 	 0.00221738	0.00463251
85 	 2815 	 0.82558 	 0.00221895	0.00463578
85 	 2820 	 0.825583 	 0.00222051	0.00463905
85 	 2825 	 0.825586 	 0.00222207	0.00464231
85 	 2830 	 0.82559 	 0.00222363	0.00464556
85 	 2835 	 0.825593 	 0.00222518	0.00464881
85 	 2840 	 0.825597 	 0.00222673	0.00465205
85 	 2845 	 0.8256 	 0.00222828	0.00465528
85 	 2850 	 0.825603 	 0.00222982	0.0046585
85 	 2855 	 0.825606 	 0.00223136	0.00466172
85 	 2860 	 0.82561 	 0.0022329	0.00466493
85 	 2865 	 0.825613 	 0.00223443	0.00466814
85 	 2870 	 0.825616 	 0.00223596	0.00467134
85 	 2875 	 0.82562 	 0.00223749	0.00467453
85 	 2880 	 0.825623 	 0.00223902	0.00467771
85 	 2885 	 0.825626 	 0.00224054	0.00468089
85 	 2890 	 0.825629 	 0.00224205	0.00468406
85 	 2895 	 0.825632 	 0.00224357	0.00468722
85 	 2900 	 0.825636 	 0.00224508	0.00469038
85 	 2905 	 0.825639 	 0.00224659	0.00469353
85 	 2910 	 0.825642 	 0.00224809	0.00469667
85 	 2915 	 0.825645 	 0.00224959	0.00469981
85 	 2920 	 0.825648 	 0.00225109	0.00470294
85 	 2925 	 0.825652 	 0.00225259	0.00470606
85 	 2930 	 0.825655 	 0.00225408	0.00470918
85 	 2935 	 0.825658 	 0.00225557	0.00471229
85 	 2940 	 0.825661 	 0.00225705	0.00471539
85 	 2945 	 0.825664 	 0.00225854	0.00471849
85 	 2950 	 0.825667 	 0.00226001	0.00472158
85 	 2955 	 0.82567 	 0.00226149	0.00472467
85 	 2960 	 0.825673 	 0.00226296	0.00472775
85 	 2965 	 0.825676 	 0.00226443	0.00473082
85 	 2970 	 0.825679 	 0.0022659	0.00473388
85 	 2975 	 0.825683 	 0.00226737	0.00473694
85 	 2980 	 0.825686 	 0.00226883	0.00473999
85 	 2985 	 0.825689 	 0.00227028	0.00474304
85 	 2990 	 0.825692 	 0.00227174	0.00474608
85 	 2995 	 0.825695 	 0.00227319	0.00474911
85 	 3000 	 0.825698 	 0.00227464	0.00475214
85 	 3005 	 0.825701 	 0.00227609	0.00475516
85 	 3010 	 0.825704 	 0.00227753	0.00475817
85 	 3015 	 0.825707 	 0.00227897	0.00476118
85 	 3020 	 0.82571 	 0.0022804	0.00476418
85 	 3025 	 0.825713 	 0.00228184	0.00476718
85 	 3030 	 0.825716 	 0.00228327	0.00477017
85 	 3035 	 0.825718 	 0.0022847	0.00477315
85 	 3040 	 0.825721 	 0.00228612	0.00477613
85 	 3045 	 0.825724 	 0.00228754	0.0047791
85 	 3050 	 0.825727 	 0.00228896	0.00478206
85 	 3055 	 0.82573 	 0.00229038	0.00478502
85 	 3060 	 0.825733 	 0.00229179	0.00478797
85 	 3065 	 0.825736 	 0.0022932	0.00479092
85 	 3070 	 0.825739 	 0.00229461	0.00479386
85 	 3075 	 0.825742 	 0.00229601	0.00479679
85 	 3080 	 0.825745 	 0.00229742	0.00479972
85 	 3085 	 0.825747 	 0.00229881	0.00480264
85 	 3090 	 0.82575 	 0.00230021	0.00480556
85 	 3095 	 0.825753 	 0.0023016	0.00480847
85 	 3100 	 0.825756 	 0.00230299	0.00481137
85 	 3105 	 0.825759 	 0.00230438	0.00481427
85 	 3110 	 0.825762 	 0.00230577	0.00481716
85 	 3115 	 0.825764 	 0.00230715	0.00482005
85 	 3120 	 0.825767 	 0.00230853	0.00482293
85 	 3125 	 0.82577 	 0.0023099	0.00482581
85 	 3130 	 0.825773 	 0.00231128	0.00482868
85 	 3135 	 0.825776 	 0.00231265	0.00483154
85 	 3140 	 0.825778 	 0.00231401	0.0048344
85 	 3145 	 0.825781 	 0.00231538	0.00483725
85 	 3150 	 0.825784 	 0.00231674	0.00484009
85 	 3155 	 0.825787 	 0.0023181	0.00484293
85 	 3160 	 0.825789 	 0.00231946	0.00484577
85 	 3165 	 0.825792 	 0.00232081	0.0048486
85 	 3170 	 0.825795 	 0.00232216	0.00485142
85 	 3175 	 0.825797 	 0.00232351	0.00485424
85 	 3180 	 0.8258 	 0.00232486	0.00485705
85 	 3185 	 0.825803 	 0.0023262	0.00485986
85 	 3190 	 0.825806 	 0.00232754	0.00486266
85 	 3195 	 0.825808 	 0.00232888	0.00486545
85 	 3200 	 0.825811 	 0.00233021	0.00486824
85 	 3205 	 0.825814 	 0.00233155	0.00487102
85 	 3210 	 0.825816 	 0.00233288	0.0048738
85 	 3215 	 0.825819 	 0.0023342	0.00487657
85 	 3220 	 0.825822 	 0.00233553	0.00487934
85 	 3225 	 0.825824 	 0.00233685	0.0048821
85 	 3230 	 0.825827 	 0.00233817	0.00488486
85 	 3235 	 0.825829 	 0.00233948	0.00488761
85 	 3240 	 0.825832 	 0.0023408	0.00489036
85 	 3245 	 0.825835 	 0.00234211	0.00489309
85 	 3250 	 0.825837 	 0.00234342	0.00489583
85 	 3255 	 0.82584 	 0.00234473	0.00489856
85 	 3260 	 0.825842 	 0.00234603	0.00490128
85 	 3265 	 0.825845 	 0.00234733	0.004904
85 	 3270 	 0.825848 	 0.00234863	0.00490671
85 	 3275 	 0.82585 	 0.00234992	0.00490942
85 	 3280 	 0.825853 	 0.00235122	0.00491212
85 	 3285 	 0.825855 	 0.00235251	0.00491482
85 	 3290 	 0.825858 	 0.0023538	0.00491751
85 	 3295 	 0.82586 	 0.00235508	0.0049202
85 	 3300 	 0.825863 	 0.00235637	0.00492288
85 	 3305 	 0.825865 	 0.00235765	0.00492555
85 	 3310 	 0.825868 	 0.00235892	0.00492822
85 	 3315 	 0.82587 	 0.0023602	0.00493089
85 	 3320 	 0.825873 	 0.00236147	0.00493355
85 	 3325 	 0.825875 	 0.00236274	0.0049362
85 	 3330 	 0.825878 	 0.00236401	0.00493885
85 	 3335 	 0.82588 	 0.00236528	0.0049415
85 	 3340 	 0.825883 	 0.00236654	0.00494414
85 	 3345 	 0.825885 	 0.0023678	0.00494677
85 	 3350 	 0.825888 	 0.00236906	0.0049494
85 	 3355 	 0.82589 	 0.00237032	0.00495202
85 	 3360 	 0.825893 	 0.00237157	0.00495464
85 	 3365 	 0.825895 	 0.00237282	0.00495726
85 	 3370 	 0.825897 	 0.00237407	0.00495987
85 	 3375 	 0.8259 	 0.00237532	0.00496247
85 	 3380 	 0.825902 	 0.00237656	0.00496507
85 	 3385 	 0.825905 	 0.0023778	0.00496766
85 	 3390 	 0.825907 	 0.00237904	0.00497025
85 	 3395 	 0.825909 	 0.00238028	0.00497284
85 	 3400 	 0.825912 	 0.00238151	0.00497541
85 	 3405 	 0.825914 	 0.00238274	0.00497799
85 	 3410 	 0.825917 	 0.00238397	0.00498056
85 	 3415 	 0.825919 	 0.0023852	0.00498312
85 	 3420 	 0.825921 	 0.00238643	0.00498568
85 	 3425 	 0.825924 	 0.00238765	0.00498824
85 	 3430 	 0.825926 	 0.00238887	0.00499078
85 	 3435 	 0.825928 	 0.00239009	0.00499333
85 	 3440 	 0.825931 	 0.0023913	0.00499587
85 	 3445 	 0.825933 	 0.00239252	0.0049984
85 	 3450 	 0.825935 	 0.00239373	0.00500093
85 	 3455 	 0.825938 	 0.00239494	0.00500346
85 	 3460 	 0.82594 	 0.00239614	0.00500598
85 	 3465 	 0.825942 	 0.00239735	0.0050085
85 	 3470 	 0.825945 	 0.00239855	0.00501101
85 	 3475 	 0.825947 	 0.00239975	0.00501351
85 	 3480 	 0.825949 	 0.00240095	0.00501601
85 	 3485 	 0.825951 	 0.00240214	0.00501851
85 	 3490 	 0.825954 	 0.00240333	0.005021
85 	 3495 	 0.825956 	 0.00240452	0.00502349
85 	 3500 	 0.825958 	 0.00240571	0.00502597
85 	 3505 	 0.82596 	 0.0024069	0.00502845
85 	 3510 	 0.825963 	 0.00240808	0.00503092
85 	 3515 	 0.825965 	 0.00240927	0.00503339
85 	 3520 	 0.825967 	 0.00241044	0.00503586
85 	 3525 	 0.825969 	 0.00241162	0.00503832
85 	 3530 	 0.825972 	 0.0024128	0.00504077
85 	 3535 	 0.825974 	 0.00241397	0.00504322
85 	 3540 	 0.825976 	 0.00241514	0.00504567
85 	 3545 	 0.825978 	 0.00241631	0.00504811
85 	 3550 	 0.825981 	 0.00241748	0.00505055
85 	 3555 	 0.825983 	 0.00241864	0.00505298
85 	 3560 	 0.825985 	 0.0024198	0.00505541
85 	 3565 	 0.825987 	 0.00242096	0.00505783
85 	 3570 	 0.825989 	 0.00242212	0.00506025
85 	 3575 	 0.825991 	 0.00242327	0.00506266
85 	 3580 	 0.825994 	 0.00242443	0.00506507
85 	 3585 	 0.825996 	 0.00242558	0.00506748
85 	 3590 	 0.825998 	 0.00242673	0.00506988
85 	 3595 	 0.826 	 0.00242788	0.00507227
85 	 3600 	 0.826002 	 0.00242902	0.00507467
85 	 3605 	 0.826004 	 0.00243016	0.00507705
85 	 3610 	 0.826007 	 0.0024313	0.00507944
85 	 3615 	 0.826009 	 0.00243244	0.00508182
85 	 3620 	 0.826011 	 0.00243358	0.00508419
85 	 3625 	 0.826013 	 0.00243471	0.00508656
85 	 3630 	 0.826015 	 0.00243585	0.00508893
85 	 3635 	 0.826017 	 0.00243698	0.00509129
85 	 3640 	 0.826019 	 0.0024381	0.00509364
85 	 3645 	 0.826021 	 0.00243923	0.005096
85 	 3650 	 0.826023 	 0.00244035	0.00509835
85 	 3655 	 0.826026 	 0.00244148	0.00510069
85 	 3660 	 0.826028 	 0.0024426	0.00510303
85 	 3665 	 0.82603 	 0.00244372	0.00510537
85 	 3670 	 0.826032 	 0.00244483	0.0051077
85 	 3675 	 0.826034 	 0.00244595	0.00511002
85 	 3680 	 0.826036 	 0.00244706	0.00511235
85 	 3685 	 0.826038 	 0.00244817	0.00511467
85 	 3690 	 0.82604 	 0.00244927	0.00511698
85 	 3695 	 0.826042 	 0.00245038	0.00511929
85 	 3700 	 0.826044 	 0.00245148	0.0051216
85 	 3705 	 0.826046 	 0.00245259	0.0051239
85 	 3710 	 0.826048 	 0.00245369	0.0051262
85 	 3715 	 0.82605 	 0.00245478	0.00512849
85 	 3720 	 0.826052 	 0.00245588	0.00513078
85 	 3725 	 0.826054 	 0.00245697	0.00513307
85 	 3730 	 0.826056 	 0.00245807	0.00513535
85 	 3735 	 0.826058 	 0.00245916	0.00513763
85 	 3740 	 0.82606 	 0.00246024	0.0051399
85 	 3745 	 0.826062 	 0.00246133	0.00514217
85 	 3750 	 0.826064 	 0.00246242	0.00514443
85 	 3755 	 0.826066 	 0.0024635	0.00514669
85 	 3760 	 0.826068 	 0.00246458	0.00514895
85 	 3765 	 0.82607 	 0.00246566	0.00515121
85 	 3770 	 0.826072 	 0.00246673	0.00515345
85 	 3775 	 0.826074 	 0.00246781	0.0051557
85 	 3780 	 0.826076 	 0.00246888	0.00515794
85 	 3785 	 0.826078 	 0.00246995	0.00516018
85 	 3790 	 0.82608 	 0.00247102	0.00516241
85 	 3795 	 0.826082 	 0.00247209	0.00516464
85 	 3800 	 0.826084 	 0.00247315	0.00516687
85 	 3805 	 0.826086 	 0.00247422	0.00516909
85 	 3810 	 0.826088 	 0.00247528	0.0051713
85 	 3815 	 0.82609 	 0.00247634	0.00517352
85 	 3820 	 0.826092 	 0.00247739	0.00517573
85 	 3825 	 0.826094 	 0.00247845	0.00517793
85 	 3830 	 0.826095 	 0.0024795	0.00518013
85 	 3835 	 0.826097 	 0.00248056	0.00518233
85 	 3840 	 0.826099 	 0.00248161	0.00518453
85 	 3845 	 0.826101 	 0.00248265	0.00518672
85 	 3850 	 0.826103 	 0.0024837	0.0051889
85 	 3855 	 0.826105 	 0.00248475	0.00519109
85 	 3860 	 0.826107 	 0.00248579	0.00519326
85 	 3865 	 0.826109 	 0.00248683	0.00519544
85 	 3870 	 0.826111 	 0.00248787	0.00519761
85 	 3875 	 0.826113 	 0.00248891	0.00519978
85 	 3880 	 0.826114 	 0.00248994	0.00520194
85 	 3885 	 0.826116 	 0.00249098	0.0052041
85 	 3890 	 0.826118 	 0.00249201	0.00520626
85 	 3895 	 0.82612 	 0.00249304	0.00520841
85 	 3900 	 0.826122 	 0.00249407	0.00521056
85 	 3905 	 0.826124 	 0.00249509	0.0052127
85 	 3910 	 0.826126 	 0.00249612	0.00521484
85 	 3915 	 0.826127 	 0.00249714	0.00521698
85 	 3920 	 0.826129 	 0.00249816	0.00521911
85 	 3925 	 0.826131 	 0.00249918	0.00522124
85 	 3930 	 0.826133 	 0.0025002	0.00522337
85 	 3935 	 0.826135 	 0.00250122	0.00522549
85 	 3940 	 0.826137 	 0.00250223	0.00522761
85 	 3945 	 0.826138 	 0.00250324	0.00522973
85 	 3950 	 0.82614 	 0.00250425	0.00523184
85 	 3955 	 0.826142 	 0.00250526	0.00523395
85 	 3960 	 0.826144 	 0.00250627	0.00523605
85 	 3965 	 0.826146 	 0.00250727	0.00523815
85 	 3970 	 0.826147 	 0.00250828	0.00524025
85 	 3975 	 0.826149 	 0.00250928	0.00524234
85 	 3980 	 0.826151 	 0.00251028	0.00524443
85 	 3985 	 0.826153 	 0.00251128	0.00524652
85 	 3990 	 0.826154 	 0.00251228	0.0052486
85 	 3995 	 0.826156 	 0.00251327	0.00525068
85 	 4000 	 0.826158 	 0.00251427	0.00525276
85 	 4005 	 0.82616 	 0.00251526	0.00525483
85 	 4010 	 0.826162 	 0.00251625	0.0052569
85 	 4015 	 0.826163 	 0.00251724	0.00525897
85 	 4020 	 0.826165 	 0.00251822	0.00526103
85 	 4025 	 0.826167 	 0.00251921	0.00526309
85 	 4030 	 0.826169 	 0.00252019	0.00526514
85 	 4035 	 0.82617 	 0.00252117	0.00526719
85 	 4040 	 0.826172 	 0.00252215	0.00526924
85 	 4045 	 0.826174 	 0.00252313	0.00527129
85 	 4050 	 0.826175 	 0.00252411	0.00527333
85 	 4055 	 0.826177 	 0.00252509	0.00527536
85 	 4060 	 0.826179 	 0.00252606	0.0052774
85 	 4065 	 0.826181 	 0.00252703	0.00527943
85 	 4070 	 0.826182 	 0.002528	0.00528146
85 	 4075 	 0.826184 	 0.00252897	0.00528348
85 	 4080 	 0.826186 	 0.00252994	0.0052855
85 	 4085 	 0.826187 	 0.0025309	0.00528752
85 	 4090 	 0.826189 	 0.00253187	0.00528953
85 	 4095 	 0.826191 	 0.00253283	0.00529154
85 	 4100 	 0.826193 	 0.00253379	0.00529355
85 	 4105 	 0.826194 	 0.00253475	0.00529555
85 	 4110 	 0.826196 	 0.00253571	0.00529755
85 	 4115 	 0.826198 	 0.00253666	0.00529955
85 	 4120 	 0.826199 	 0.00253762	0.00530154
85 	 4125 	 0.826201 	 0.00253857	0.00530354
85 	 4130 	 0.826203 	 0.00253952	0.00530552
85 	 4135 	 0.826204 	 0.00254047	0.00530751
85 	 4140 	 0.826206 	 0.00254142	0.00530949
85 	 4145 	 0.826208 	 0.00254237	0.00531146
85 	 4150 	 0.826209 	 0.00254331	0.00531344
85 	 4155 	 0.826211 	 0.00254425	0.00531541
85 	 4160 	 0.826213 	 0.0025452	0.00531738
85 	 4165 	 0.826214 	 0.00254614	0.00531934
85 	 4170 	 0.826216 	 0.00254707	0.0053213
85 	 4175 	 0.826217 	 0.00254801	0.00532326
85 	 4180 	 0.826219 	 0.00254895	0.00532521
85 	 4185 	 0.826221 	 0.00254988	0.00532717
85 	 4190 	 0.826222 	 0.00255081	0.00532911
85 	 4195 	 0.826224 	 0.00255174	0.00533106
85 	 4200 	 0.826226 	 0.00255267	0.005333
85 	 4205 	 0.826227 	 0.0025536	0.00533494
85 	 4210 	 0.826229 	 0.00255453	0.00533687
85 	 4215 	 0.82623 	 0.00255545	0.00533881
85 	 4220 	 0.826232 	 0.00255638	0.00534074
85 	 4225 	 0.826234 	 0.0025573	0.00534266
85 	 4230 	 0.826235 	 0.00255822	0.00534458
85 	 4235 	 0.826237 	 0.00255914	0.0053465
85 	 4240 	 0.826238 	 0.00256005	0.00534842
85 	 4245 	 0.82624 	 0.00256097	0.00535033
85 	 4250 	 0.826242 	 0.00256189	0.00535224
85 	 4255 	 0.826243 	 0.0025628	0.00535415
85 	 4260 	 0.826245 	 0.00256371	0.00535606
85 	 4265 	 0.826246 	 0.00256462	0.00535796
85 	 4270 	 0.826248 	 0.00256553	0.00535986
85 	 4275 	 0.826249 	 0.00256644	0.00536175
85 	 4280 	 0.826251 	 0.00256734	0.00536364
85 	 4285 	 0.826252 	 0.00256824	0.00536553
85 	 4290 	 0.826254 	 0.00256915	0.00536742
85 	 4295 	 0.826256 	 0.00257005	0.0053693
85 	 4300 	 0.826257 	 0.00257095	0.00537118
85 	 4305 	 0.826259 	 0.00257185	0.00537306
85 	 4310 	 0.82626 	 0.00257274	0.00537493
85 	 4315 	 0.826262 	 0.00257364	0.0053768
85 	 4320 	 0.826263 	 0.00257453	0.00537867
85 	 4325 	 0.826265 	 0.00257543	0.00538053
85 	 4330 	 0.826266 	 0.00257632	0.0053824
85 	 4335 	 0.826268 	 0.00257721	0.00538425
85 	 4340 	 0.826269 	 0.00257809	0.00538611
85 	 4345 	 0.826271 	 0.00257898	0.00538796
85 	 4350 	 0.826272 	 0.00257987	0.00538981
85 	 4355 	 0.826274 	 0.00258075	0.00539166
85 	 4360 	 0.826275 	 0.00258163	0.0053935
85 	 4365 	 0.826277 	 0.00258252	0.00539534
85 	 4370 	 0.826278 	 0.00258339	0.00539718
85 	 4375 	 0.82628 	 0.00258427	0.00539902
85 	 4380 	 0.826281 	 0.00258515	0.00540085
85 	 4385 	 0.826283 	 0.00258603	0.00540268
85 	 4390 	 0.826284 	 0.0025869	0.00540451
85 	 4395 	 0.826286 	 0.00258777	0.00540633
85 	 4400 	 0.826287 	 0.00258864	0.00540815
85 	 4405 	 0.826289 	 0.00258952	0.00540997
85 	 4410 	 0.82629 	 0.00259038	0.00541178
85 	 4415 	 0.826292 	 0.00259125	0.0054136
85 	 4420 	 0.826293 	 0.00259212	0.00541541
85 	 4425 	 0.826295 	 0.00259298	0.00541721
85 	 4430 	 0.826296 	 0.00259385	0.00541902
85 	 4435 	 0.826298 	 0.00259471	0.00542082
85 	 4440 	 0.826299 	 0.00259557	0.00542261
85 	 4445 	 0.826301 	 0.00259643	0.00542441
85 	 4450 	 0.826302 	 0.00259729	0.0054262
85 	 4455 	 0.826304 	 0.00259814	0.00542799
85 	 4460 	 0.826305 	 0.002599	0.00542978
85 	 4465 	 0.826306 	 0.00259985	0.00543156
85 	 4470 	 0.826308 	 0.0026007	0.00543334
85 	 4475 	 0.826309 	 0.00260155	0.00543512
85 	 4480 	 0.826311 	 0.0026024	0.0054369
85 	 4485 	 0.826312 	 0.00260325	0.00543867
85 	 4490 	 0.826314 	 0.0026041	0.00544044
85 	 4495 	 0.826315 	 0.00260495	0.00544221
85 	 4500 	 0.826316 	 0.00260579	0.00544397
85 	 4505 	 0.826318 	 0.00260663	0.00544574
85 	 4510 	 0.826319 	 0.00260748	0.00544749
85 	 4515 	 0.826321 	 0.00260832	0.00544925
85 	 4520 	 0.826322 	 0.00260916	0.005451
85 	 4525 	 0.826323 	 0.00261	0.00545276
85 	 4530 	 0.826325 	 0.00261083	0.0054545
85 	 4535 	 0.826326 	 0.00261167	0.00545625
85 	 4540 	 0.826328 	 0.0026125	0.00545799
85 	 4545 	 0.826329 	 0.00261334	0.00545973
85 	 4550 	 0.82633 	 0.00261417	0.00546147
85 	 4555 	 0.826332 	 0.002615	0.00546321
85 	 4560 	 0.826333 	 0.00261583	0.00546494
85 	 4565 	 0.826335 	 0.00261665	0.00546667
85 	 4570 	 0.826336 	 0.00261748	0.0054684
85 	 4575 	 0.826337 	 0.00261831	0.00547012
85 	 4580 	 0.826339 	 0.00261913	0.00547184
85 	 4585 	 0.82634 	 0.00261995	0.00547356
85 	 4590 	 0.826342 	 0.00262078	0.00547528
85 	 4595 	 0.826343 	 0.0026216	0.00547699
85 	 4600 	 0.826344 	 0.00262241	0.0054787
85 	 4605 	 0.826346 	 0.00262323	0.00548041
85 	 4610 	 0.826347 	 0.00262405	0.00548212
85 	 4615 	 0.826348 	 0.00262486	0.00548382
85 	 4620 	 0.82635 	 0.00262568	0.00548552
85 	 4625 	 0.826351 	 0.00262649	0.00548722
85 	 4630 	 0.826352 	 0.0026273	0.00548892
85 	 4635 	 0.826354 	 0.00262811	0.00549061
85 	 4640 	 0.826355 	 0.00262892	0.0054923
85 	 4645 	 0.826356 	 0.00262973	0.00549399
85 	 4650 	 0.826358 	 0.00263054	0.00549567
85 	 4655 	 0.826359 	 0.00263134	0.00549736
85 	 4660 	 0.82636 	 0.00263215	0.00549904
85 	 4665 	 0.826362 	 0.00263295	0.00550071
85 	 4670 	 0.826363 	 0.00263375	0.00550239
85 	 4675 	 0.826364 	 0.00263455	0.00550406
85 	 4680 	 0.826366 	 0.00263535	0.00550573
85 	 4685 	 0.826367 	 0.00263615	0.0055074
85 	 4690 	 0.826368 	 0.00263695	0.00550907
85 	 4695 	 0.82637 	 0.00263774	0.00551073
85 	 4700 	 0.826371 	 0.00263854	0.00551239
85 	 4705 	 0.826372 	 0.00263933	0.00551405
85 	 4710 	 0.826374 	 0.00264013	0.0055157
85 	 4715 	 0.826375 	 0.00264092	0.00551736
85 	 4720 	 0.826376 	 0.00264171	0.00551901
85 	 4725 	 0.826378 	 0.0026425	0.00552066
85 	 4730 	 0.826379 	 0.00264328	0.0055223
85 	 4735 	 0.82638 	 0.00264407	0.00552394
85 	 4740 	 0.826381 	 0.00264486	0.00552558
85 	 4745 	 0.826383 	 0.00264564	0.00552722
85 	 4750 	 0.826384 	 0.00264642	0.00552886
85 	 4755 	 0.826385 	 0.0026472	0.00553049
85 	 4760 	 0.826387 	 0.00264799	0.00553212
85 	 4765 	 0.826388 	 0.00264876	0.00553375
85 	 4770 	 0.826389 	 0.00264954	0.00553538
85 	 4775 	 0.82639 	 0.00265032	0.005537
85 	 4780 	 0.826392 	 0.0026511	0.00553862
85 	 4785 	 0.826393 	 0.00265187	0.00554024
85 	 4790 	 0.826394 	 0.00265265	0.00554186
85 	 4795 	 0.826396 	 0.00265342	0.00554347
85 	 4800 	 0.826397 	 0.00265419	0.00554509
85 	 4805 	 0.826398 	 0.00265496	0.00554669
85 	 4810 	 0.826399 	 0.00265573	0.0055483
85 	 4815 	 0.826401 	 0.0026565	0.00554991
85 	 4820 	 0.826402 	 0.00265726	0.00555151
85 	 4825 	 0.826403 	 0.00265803	0.00555311
85 	 4830 	 0.826404 	 0.00265879	0.00555471
85 	 4835 	 0.826406 	 0.00265956	0.0055563
85 	 4840 	 0.826407 	 0.00266032	0.0055579
85 	 4845 	 0.826408 	 0.00266108	0.00555949
85 	 4850 	 0.826409 	 0.00266184	0.00556107
85 	 4855 	 0.82641 	 0.0026626	0.00556266
85 	 4860 	 0.826412 	 0.00266336	0.00556424
85 	 4865 	 0.826413 	 0.00266412	0.00556583
85 	 4870 	 0.826414 	 0.00266487	0.00556741
85 	 4875 	 0.826415 	 0.00266563	0.00556898
85 	 4880 	 0.826417 	 0.00266638	0.00557056
85 	 4885 	 0.826418 	 0.00266713	0.00557213
85 	 4890 	 0.826419 	 0.00266789	0.0055737
85 	 4895 	 0.82642 	 0.00266864	0.00557527
85 	 4900 	 0.826422 	 0.00266939	0.00557683
85 	 4905 	 0.826423 	 0.00267013	0.0055784
85 	 4910 	 0.826424 	 0.00267088	0.00557996
85 	 4915 	 0.826425 	 0.00267163	0.00558152
85 	 4920 	 0.826426 	 0.00267237	0.00558307
85 	 4925 	 0.826428 	 0.00267312	0.00558463
85 	 4930 	 0.826429 	 0.00267386	0.00558618
85 	 4935 	 0.82643 	 0.0026746	0.00558773
85 	 4940 	 0.826431 	 0.00267534	0.00558928
85 	 4945 	 0.826432 	 0.00267608	0.00559082
85 	 4950 	 0.826434 	 0.00267682	0.00559237
85 	 4955 	 0.826435 	 0.00267756	0.00559391
85 	 4960 	 0.826436 	 0.00267829	0.00559545
85 	 4965 	 0.826437 	 0.00267903	0.00559698
85 	 4970 	 0.826438 	 0.00267976	0.00559852
85 	 4975 	 0.826439 	 0.0026805	0.00560005
85 	 4980 	 0.826441 	 0.00268123	0.00560158
85 	 4985 	 0.826442 	 0.00268196	0.00560311
85 	 4990 	 0.826443 	 0.00268269	0.00560463
85 	 4995 	 0.826444 	 0.00268342	0.00560616
85 	 5000 	 0.826445 	 0.00268415	0.00560768
