375 	 5 	 0.728583 	 0.00359451 	 0.00748533
375 	 10 	 0.728583 	 0.00359431 	 0.0074849
375 	 15 	 0.728583 	 0.00359268 	 0.0074815
375 	 20 	 0.728588 	 0.00358005 	 0.0074552
375 	 25 	 0.728636 	 0.00349048 	 0.00726867
375 	 30 	 0.729092 	 0.00302598 	 0.00630139
375 	 35 	 0.733256 	 0.0037579 	 0.00782555
375 	 40 	 0.758433 	 0.00311381 	 0.0064843
375 	 45 	 0.79648 	 0.010973 	 0.0228506
375 	 50 	 0.807329 	 0.00302426 	 0.0062978
375 	 55 	 0.809407 	 0.000982814 	 0.00204664
375 	 60 	 0.810392 	 0.000917073 	 0.00190974
375 	 65 	 0.811244 	 0.00102722 	 0.00213911
375 	 70 	 0.812063 	 0.0011597 	 0.00241499
375 	 75 	 0.812861 	 0.00129603 	 0.00269888
375 	 80 	 0.813638 	 0.00143117 	 0.00298031
375 	 85 	 0.814397 	 0.0015631 	 0.00325505
375 	 90 	 0.815136 	 0.00169078 	 0.00352093
375 	 95 	 0.815857 	 0.00181362 	 0.00377674
375 	 100 	 0.816561 	 0.00193133 	 0.00402185
375 	 105 	 0.817246 	 0.00204374 	 0.00425595
375 	 110 	 0.817915 	 0.00215084 	 0.00447897
375 	 115 	 0.818567 	 0.00225265 	 0.00469098
375 	 120 	 0.819203 	 0.00234924 	 0.00489213
375 	 125 	 0.819823 	 0.00244073 	 0.00508265
375 	 130 	 0.820428 	 0.00252724 	 0.0052628
375 	 135 	 0.821017 	 0.00260891 	 0.00543287
375 	 140 	 0.821592 	 0.00268589 	 0.00559317
375 	 145 	 0.822153 	 0.00275833 	 0.00574403
375 	 150 	 0.8227 	 0.00282639 	 0.00588575
375 	 155 	 0.823233 	 0.00289022 	 0.00601867
375 	 160 	 0.823753 	 0.00294997 	 0.0061431
375 	 165 	 0.82426 	 0.0030058 	 0.00625937
375 	 170 	 0.824754 	 0.00305786 	 0.00636778
375 	 175 	 0.825236 	 0.0031063 	 0.00646864
375 	 180 	 0.825706 	 0.00315125 	 0.00656226
375 	 185 	 0.826165 	 0.00319286 	 0.00664891
375 	 190 	 0.826612 	 0.00323127 	 0.00672889
375 	 195 	 0.827048 	 0.0032666 	 0.00680247
375 	 200 	 0.827473 	 0.00329899 	 0.00686992
375 	 205 	 0.827887 	 0.00332857 	 0.00693151
375 	 210 	 0.828291 	 0.00335544 	 0.00698747
375 	 215 	 0.828686 	 0.00337974 	 0.00703807
375 	 220 	 0.82907 	 0.00340157 	 0.00708353
375 	 225 	 0.829445 	 0.00342104 	 0.00712408
375 	 230 	 0.82981 	 0.00343827 	 0.00715995
375 	 235 	 0.830167 	 0.00345335 	 0.00719135
375 	 240 	 0.830514 	 0.00346638 	 0.00721849
375 	 245 	 0.830853 	 0.00347746 	 0.00724156
375 	 250 	 0.831184 	 0.00348668 	 0.00726076
375 	 255 	 0.831506 	 0.00349413 	 0.00727628
375 	 260 	 0.83182 	 0.0034999 	 0.00728829
375 	 265 	 0.832127 	 0.00350406 	 0.00729697
375 	 270 	 0.832426 	 0.00350671 	 0.00730248
375 	 275 	 0.832717 	 0.00350791 	 0.00730499
375 	 280 	 0.833001 	 0.00350775 	 0.00730464
375 	 285 	 0.833278 	 0.00350629 	 0.0073016
375 	 290 	 0.833548 	 0.0035036 	 0.007296
375 	 295 	 0.833812 	 0.00349975 	 0.00728798
375 	 300 	 0.834069 	 0.0034948 	 0.00727767
375 	 305 	 0.83432 	 0.00348881 	 0.00726521
375 	 310 	 0.834564 	 0.00348185 	 0.00725071
375 	 315 	 0.834802 	 0.00347397 	 0.0072343
375 	 320 	 0.835034 	 0.00346523 	 0.00721609
375 	 325 	 0.835261 	 0.00345567 	 0.00719619
375 	 330 	 0.835482 	 0.00344535 	 0.0071747
375 	 335 	 0.835697 	 0.00343432 	 0.00715173
375 	 340 	 0.835908 	 0.00342262 	 0.00712737
375 	 345 	 0.836112 	 0.0034103 	 0.00710171
375 	 350 	 0.836312 	 0.0033974 	 0.00707485
375 	 355 	 0.836507 	 0.00338397 	 0.00704688
375 	 360 	 0.836697 	 0.00337003 	 0.00701786
375 	 365 	 0.836882 	 0.00335564 	 0.00698789
375 	 370 	 0.837063 	 0.00334083 	 0.00695704
375 	 375 	 0.837239 	 0.00332562 	 0.00692537
375 	 380 	 0.837411 	 0.00331006 	 0.00689297
375 	 385 	 0.837578 	 0.00329418 	 0.0068599
375 	 390 	 0.837742 	 0.003278 	 0.00682621
375 	 395 	 0.837901 	 0.00326156 	 0.00679198
375 	 400 	 0.838056 	 0.00324489 	 0.00675726
375 	 405 	 0.838208 	 0.00322801 	 0.0067221
375 	 410 	 0.838356 	 0.00321094 	 0.00668656
375 	 415 	 0.8385 	 0.00319371 	 0.00665069
375 	 420 	 0.83864 	 0.00317635 	 0.00661453
375 	 425 	 0.838777 	 0.00315888 	 0.00657814
375 	 430 	 0.838911 	 0.00314131 	 0.00654156
375 	 435 	 0.839041 	 0.00312367 	 0.00650482
375 	 440 	 0.839168 	 0.00310598 	 0.00646798
375 	 445 	 0.839292 	 0.00308825 	 0.00643105
375 	 450 	 0.839412 	 0.0030705 	 0.0063941
375 	 455 	 0.83953 	 0.00305275 	 0.00635713
375 	 460 	 0.839645 	 0.00303501 	 0.0063202
375 	 465 	 0.839757 	 0.0030173 	 0.00628332
375 	 470 	 0.839866 	 0.00299964 	 0.00624653
375 	 475 	 0.839973 	 0.00298203 	 0.00620986
375 	 480 	 0.840077 	 0.00296448 	 0.00617333
375 	 485 	 0.840178 	 0.00294702 	 0.00613696
375 	 490 	 0.840277 	 0.00292965 	 0.00610078
375 	 495 	 0.840373 	 0.00291237 	 0.00606481
375 	 500 	 0.840467 	 0.00289521 	 0.00602908
375 	 505 	 0.840558 	 0.00287817 	 0.00599359
375 	 510 	 0.840648 	 0.00286126 	 0.00595836
375 	 515 	 0.840735 	 0.00284448 	 0.00592342
375 	 520 	 0.84082 	 0.00282784 	 0.00588878
375 	 525 	 0.840902 	 0.00281136 	 0.00585446
375 	 530 	 0.840983 	 0.00279503 	 0.00582046
375 	 535 	 0.841062 	 0.00277887 	 0.00578679
375 	 540 	 0.841139 	 0.00276287 	 0.00575348
375 	 545 	 0.841213 	 0.00274705 	 0.00572053
375 	 550 	 0.841286 	 0.0027314 	 0.00568795
375 	 555 	 0.841358 	 0.00271594 	 0.00565575
375 	 560 	 0.841427 	 0.00270066 	 0.00562394
375 	 565 	 0.841495 	 0.00268557 	 0.00559252
375 	 570 	 0.841561 	 0.00267068 	 0.0055615
375 	 575 	 0.841625 	 0.00265598 	 0.00553089
375 	 580 	 0.841688 	 0.00264148 	 0.00550069
375 	 585 	 0.841749 	 0.00262717 	 0.0054709
375 	 590 	 0.841809 	 0.00261307 	 0.00544154
375 	 595 	 0.841867 	 0.00259917 	 0.00541259
375 	 600 	 0.841924 	 0.00258548 	 0.00538407
375 	 605 	 0.841979 	 0.00257199 	 0.00535598
375 	 610 	 0.842033 	 0.0025587 	 0.00532832
375 	 615 	 0.842086 	 0.00254563 	 0.00530109
375 	 620 	 0.842137 	 0.00253276 	 0.00527429
375 	 625 	 0.842187 	 0.00252009 	 0.00524792
375 	 630 	 0.842236 	 0.00250763 	 0.00522197
375 	 635 	 0.842284 	 0.00249538 	 0.00519646
375 	 640 	 0.84233 	 0.00248334 	 0.00517138
375 	 645 	 0.842375 	 0.0024715 	 0.00514672
375 	 650 	 0.842419 	 0.00245986 	 0.00512249
375 	 655 	 0.842462 	 0.00244843 	 0.00509868
375 	 660 	 0.842504 	 0.0024372 	 0.00507529
375 	 665 	 0.842545 	 0.00242617 	 0.00505232
375 	 670 	 0.842585 	 0.00241534 	 0.00502977
375 	 675 	 0.842624 	 0.0024047 	 0.00500763
375 	 680 	 0.842662 	 0.00239427 	 0.00498589
375 	 685 	 0.842699 	 0.00238402 	 0.00496456
375 	 690 	 0.842735 	 0.00237398 	 0.00494364
375 	 695 	 0.84277 	 0.00236412 	 0.00492311
375 	 700 	 0.842805 	 0.00235445 	 0.00490297
375 	 705 	 0.842838 	 0.00234496 	 0.00488322
375 	 710 	 0.842871 	 0.00233567 	 0.00486386
375 	 715 	 0.842902 	 0.00232655 	 0.00484488
375 	 720 	 0.842934 	 0.00231761 	 0.00482627
375 	 725 	 0.842964 	 0.00230886 	 0.00480803
375 	 730 	 0.842993 	 0.00230028 	 0.00479016
375 	 735 	 0.843022 	 0.00229187 	 0.00477265
375 	 740 	 0.84305 	 0.00228363 	 0.0047555
375 	 745 	 0.843077 	 0.00227556 	 0.00473869
375 	 750 	 0.843104 	 0.00226766 	 0.00472223
375 	 755 	 0.84313 	 0.00225992 	 0.00470612
375 	 760 	 0.843155 	 0.00225234 	 0.00469033
375 	 765 	 0.84318 	 0.00224492 	 0.00467488
375 	 770 	 0.843204 	 0.00223765 	 0.00465975
375 	 775 	 0.843228 	 0.00223054 	 0.00464495
375 	 780 	 0.843251 	 0.00222358 	 0.00463045
375 	 785 	 0.843273 	 0.00221677 	 0.00461626
375 	 790 	 0.843295 	 0.0022101 	 0.00460238
375 	 795 	 0.843316 	 0.00220358 	 0.0045888
375 	 800 	 0.843337 	 0.0021972 	 0.00457551
375 	 805 	 0.843357 	 0.00219095 	 0.0045625
375 	 810 	 0.843377 	 0.00218484 	 0.00454978
375 	 815 	 0.843396 	 0.00217887 	 0.00453734
375 	 820 	 0.843415 	 0.00217302 	 0.00452517
375 	 825 	 0.843433 	 0.00216731 	 0.00451326
375 	 830 	 0.843451 	 0.00216172 	 0.00450162
375 	 835 	 0.843468 	 0.00215625 	 0.00449023
375 	 840 	 0.843485 	 0.0021509 	 0.0044791
375 	 845 	 0.843502 	 0.00214567 	 0.00446821
375 	 850 	 0.843518 	 0.00214056 	 0.00445757
375 	 855 	 0.843534 	 0.00213556 	 0.00444716
375 	 860 	 0.843549 	 0.00213068 	 0.00443698
375 	 865 	 0.843564 	 0.0021259 	 0.00442704
375 	 870 	 0.843579 	 0.00212123 	 0.00441731
375 	 875 	 0.843593 	 0.00211666 	 0.0044078
375 	 880 	 0.843607 	 0.0021122 	 0.00439851
375 	 885 	 0.84362 	 0.00210784 	 0.00438943
375 	 890 	 0.843633 	 0.00210358 	 0.00438055
375 	 895 	 0.843646 	 0.00209941 	 0.00437187
375 	 900 	 0.843659 	 0.00209534 	 0.00436339
375 	 905 	 0.843671 	 0.00209135 	 0.0043551
375 	 910 	 0.843683 	 0.00208746 	 0.004347
375 	 915 	 0.843695 	 0.00208366 	 0.00433908
375 	 920 	 0.843706 	 0.00207995 	 0.00433134
375 	 925 	 0.843717 	 0.00207632 	 0.00432378
375 	 930 	 0.843728 	 0.00207277 	 0.00431639
375 	 935 	 0.843738 	 0.0020693 	 0.00430917
375 	 940 	 0.843749 	 0.00206591 	 0.00430211
375 	 945 	 0.843759 	 0.0020626 	 0.00429522
375 	 950 	 0.843768 	 0.00205936 	 0.00428848
375 	 955 	 0.843778 	 0.0020562 	 0.00428189
375 	 960 	 0.843787 	 0.00205311 	 0.00427546
375 	 965 	 0.843796 	 0.00205009 	 0.00426917
375 	 970 	 0.843805 	 0.00204714 	 0.00426302
375 	 975 	 0.843814 	 0.00204426 	 0.00425702
375 	 980 	 0.843822 	 0.00204144 	 0.00425115
375 	 985 	 0.84383 	 0.00203869 	 0.00424542
375 	 990 	 0.843838 	 0.00203599 	 0.00423982
375 	 995 	 0.843846 	 0.00203337 	 0.00423434
375 	 1000 	 0.843853 	 0.0020308 	 0.00422899
375 	 1005 	 0.843861 	 0.00202829 	 0.00422377
375 	 1010 	 0.843868 	 0.00202583 	 0.00421866
375 	 1015 	 0.843875 	 0.00202344 	 0.00421367
375 	 1020 	 0.843882 	 0.0020211 	 0.00420879
375 	 1025 	 0.843889 	 0.00201881 	 0.00420402
375 	 1030 	 0.843895 	 0.00201657 	 0.00419937
375 	 1035 	 0.843901 	 0.00201438 	 0.00419481
375 	 1040 	 0.843908 	 0.00201225 	 0.00419037
375 	 1045 	 0.843914 	 0.00201016 	 0.00418602
375 	 1050 	 0.84392 	 0.00200812 	 0.00418177
375 	 1055 	 0.843925 	 0.00200613 	 0.00417762
375 	 1060 	 0.843931 	 0.00200418 	 0.00417357
375 	 1065 	 0.843936 	 0.00200228 	 0.0041696
375 	 1070 	 0.843942 	 0.00200042 	 0.00416573
375 	 1075 	 0.843947 	 0.0019986 	 0.00416194
375 	 1080 	 0.843952 	 0.00199682 	 0.00415824
375 	 1085 	 0.843957 	 0.00199509 	 0.00415462
375 	 1090 	 0.843962 	 0.00199339 	 0.00415109
375 	 1095 	 0.843966 	 0.00199173 	 0.00414764
375 	 1100 	 0.843971 	 0.00199011 	 0.00414426
375 	 1105 	 0.843975 	 0.00198852 	 0.00414096
375 	 1110 	 0.84398 	 0.00198697 	 0.00413773
375 	 1115 	 0.843984 	 0.00198546 	 0.00413458
375 	 1120 	 0.843988 	 0.00198398 	 0.0041315
375 	 1125 	 0.843992 	 0.00198253 	 0.00412849
375 	 1130 	 0.843996 	 0.00198112 	 0.00412554
375 	 1135 	 0.844 	 0.00197974 	 0.00412267
375 	 1140 	 0.844004 	 0.00197839 	 0.00411985
375 	 1145 	 0.844007 	 0.00197707 	 0.0041171
375 	 1150 	 0.844011 	 0.00197578 	 0.00411441
375 	 1155 	 0.844014 	 0.00197451 	 0.00411179
375 	 1160 	 0.844018 	 0.00197328 	 0.00410922
375 	 1165 	 0.844021 	 0.00197207 	 0.00410671
375 	 1170 	 0.844024 	 0.0019709 	 0.00410425
375 	 1175 	 0.844028 	 0.00196974 	 0.00410185
375 	 1180 	 0.844031 	 0.00196862 	 0.0040995
375 	 1185 	 0.844034 	 0.00196751 	 0.00409721
375 	 1190 	 0.844037 	 0.00196644 	 0.00409497
375 	 1195 	 0.844039 	 0.00196538 	 0.00409277
375 	 1200 	 0.844042 	 0.00196435 	 0.00409063
375 	 1205 	 0.844045 	 0.00196335 	 0.00408853
375 	 1210 	 0.844047 	 0.00196236 	 0.00408648
375 	 1215 	 0.84405 	 0.0019614 	 0.00408448
375 	 1220 	 0.844053 	 0.00196046 	 0.00408252
375 	 1225 	 0.844055 	 0.00195954 	 0.00408061
375 	 1230 	 0.844057 	 0.00195864 	 0.00407873
375 	 1235 	 0.84406 	 0.00195776 	 0.0040769
375 	 1240 	 0.844062 	 0.0019569 	 0.00407511
375 	 1245 	 0.844064 	 0.00195606 	 0.00407336
375 	 1250 	 0.844066 	 0.00195524 	 0.00407164
375 	 1255 	 0.844068 	 0.00195443 	 0.00406997
375 	 1260 	 0.84407 	 0.00195365 	 0.00406833
375 	 1265 	 0.844072 	 0.00195288 	 0.00406673
375 	 1270 	 0.844074 	 0.00195212 	 0.00406516
375 	 1275 	 0.844076 	 0.00195139 	 0.00406363
375 	 1280 	 0.844078 	 0.00195067 	 0.00406213
375 	 1285 	 0.84408 	 0.00194997 	 0.00406067
375 	 1290 	 0.844082 	 0.00194928 	 0.00405923
375 	 1295 	 0.844083 	 0.0019486 	 0.00405783
375 	 1300 	 0.844085 	 0.00194795 	 0.00405646
375 	 1305 	 0.844087 	 0.0019473 	 0.00405512
375 	 1310 	 0.844088 	 0.00194667 	 0.00405381
375 	 1315 	 0.84409 	 0.00194606 	 0.00405253
375 	 1320 	 0.844091 	 0.00194545 	 0.00405127
375 	 1325 	 0.844093 	 0.00194487 	 0.00405005
375 	 1330 	 0.844094 	 0.00194429 	 0.00404885
375 	 1335 	 0.844096 	 0.00194373 	 0.00404767
375 	 1340 	 0.844097 	 0.00194317 	 0.00404653
375 	 1345 	 0.844098 	 0.00194264 	 0.0040454
375 	 1350 	 0.8441 	 0.00194211 	 0.0040443
375 	 1355 	 0.844101 	 0.00194159 	 0.00404323
375 	 1360 	 0.844102 	 0.00194109 	 0.00404218
375 	 1365 	 0.844103 	 0.00194059 	 0.00404115
375 	 1370 	 0.844105 	 0.00194011 	 0.00404015
375 	 1375 	 0.844106 	 0.00193964 	 0.00403916
375 	 1380 	 0.844107 	 0.00193918 	 0.0040382
375 	 1385 	 0.844108 	 0.00193873 	 0.00403726
375 	 1390 	 0.844109 	 0.00193828 	 0.00403634
375 	 1395 	 0.84411 	 0.00193785 	 0.00403544
375 	 1400 	 0.844111 	 0.00193743 	 0.00403456
375 	 1405 	 0.844112 	 0.00193701 	 0.0040337
375 	 1410 	 0.844113 	 0.00193661 	 0.00403285
375 	 1415 	 0.844114 	 0.00193621 	 0.00403203
375 	 1420 	 0.844115 	 0.00193583 	 0.00403122
375 	 1425 	 0.844116 	 0.00193545 	 0.00403043
375 	 1430 	 0.844117 	 0.00193508 	 0.00402966
375 	 1435 	 0.844117 	 0.00193471 	 0.00402891
375 	 1440 	 0.844118 	 0.00193436 	 0.00402817
375 	 1445 	 0.844119 	 0.00193401 	 0.00402745
375 	 1450 	 0.84412 	 0.00193367 	 0.00402674
375 	 1455 	 0.844121 	 0.00193334 	 0.00402605
375 	 1460 	 0.844121 	 0.00193302 	 0.00402537
375 	 1465 	 0.844122 	 0.0019327 	 0.00402471
375 	 1470 	 0.844123 	 0.00193239 	 0.00402406
375 	 1475 	 0.844124 	 0.00193208 	 0.00402343
375 	 1480 	 0.844124 	 0.00193179 	 0.00402281
375 	 1485 	 0.844125 	 0.0019315 	 0.0040222
375 	 1490 	 0.844126 	 0.00193121 	 0.00402161
375 	 1495 	 0.844126 	 0.00193093 	 0.00402103
375 	 1500 	 0.844127 	 0.00193066 	 0.00402046
375 	 1505 	 0.844127 	 0.00193039 	 0.00401991
375 	 1510 	 0.844128 	 0.00193013 	 0.00401936
375 	 1515 	 0.844129 	 0.00192988 	 0.00401883
375 	 1520 	 0.844129 	 0.00192963 	 0.00401831
375 	 1525 	 0.84413 	 0.00192938 	 0.0040178
375 	 1530 	 0.84413 	 0.00192914 	 0.00401731
375 	 1535 	 0.844131 	 0.00192891 	 0.00401682
375 	 1540 	 0.844131 	 0.00192868 	 0.00401634
375 	 1545 	 0.844132 	 0.00192846 	 0.00401588
375 	 1550 	 0.844132 	 0.00192824 	 0.00401542
375 	 1555 	 0.844133 	 0.00192803 	 0.00401498
375 	 1560 	 0.844133 	 0.00192782 	 0.00401454
375 	 1565 	 0.844133 	 0.00192761 	 0.00401411
375 	 1570 	 0.844134 	 0.00192741 	 0.0040137
375 	 1575 	 0.844134 	 0.00192721 	 0.00401329
375 	 1580 	 0.844135 	 0.00192702 	 0.00401289
375 	 1585 	 0.844135 	 0.00192683 	 0.0040125
375 	 1590 	 0.844136 	 0.00192665 	 0.00401212
375 	 1595 	 0.844136 	 0.00192647 	 0.00401174
375 	 1600 	 0.844136 	 0.0019263 	 0.00401138
375 	 1605 	 0.844137 	 0.00192612 	 0.00401102
375 	 1610 	 0.844137 	 0.00192596 	 0.00401067
375 	 1615 	 0.844137 	 0.00192579 	 0.00401033
375 	 1620 	 0.844138 	 0.00192563 	 0.00400999
375 	 1625 	 0.844138 	 0.00192547 	 0.00400966
375 	 1630 	 0.844138 	 0.00192532 	 0.00400934
375 	 1635 	 0.844139 	 0.00192517 	 0.00400903
375 	 1640 	 0.844139 	 0.00192502 	 0.00400872
375 	 1645 	 0.844139 	 0.00192488 	 0.00400842
375 	 1650 	 0.84414 	 0.00192474 	 0.00400813
375 	 1655 	 0.84414 	 0.0019246 	 0.00400784
375 	 1660 	 0.84414 	 0.00192446 	 0.00400756
375 	 1665 	 0.84414 	 0.00192433 	 0.00400728
375 	 1670 	 0.844141 	 0.0019242 	 0.00400701
375 	 1675 	 0.844141 	 0.00192407 	 0.00400675
375 	 1680 	 0.844141 	 0.00192395 	 0.00400649
375 	 1685 	 0.844141 	 0.00192383 	 0.00400624
375 	 1690 	 0.844142 	 0.00192371 	 0.004006
375 	 1695 	 0.844142 	 0.0019236 	 0.00400575
375 	 1700 	 0.844142 	 0.00192348 	 0.00400552
375 	 1705 	 0.844142 	 0.00192337 	 0.00400529
375 	 1710 	 0.844142 	 0.00192326 	 0.00400506
375 	 1715 	 0.844143 	 0.00192316 	 0.00400484
375 	 1720 	 0.844143 	 0.00192305 	 0.00400463
375 	 1725 	 0.844143 	 0.00192295 	 0.00400441
375 	 1730 	 0.844143 	 0.00192285 	 0.00400421
375 	 1735 	 0.844143 	 0.00192276 	 0.00400401
375 	 1740 	 0.844144 	 0.00192266 	 0.00400381
375 	 1745 	 0.844144 	 0.00192257 	 0.00400362
375 	 1750 	 0.844144 	 0.00192248 	 0.00400343
375 	 1755 	 0.844144 	 0.00192239 	 0.00400324
375 	 1760 	 0.844144 	 0.0019223 	 0.00400306
375 	 1765 	 0.844144 	 0.00192222 	 0.00400288
375 	 1770 	 0.844145 	 0.00192213 	 0.00400271
375 	 1775 	 0.844145 	 0.00192205 	 0.00400254
375 	 1780 	 0.844145 	 0.00192197 	 0.00400238
375 	 1785 	 0.844145 	 0.0019219 	 0.00400221
375 	 1790 	 0.844145 	 0.00192182 	 0.00400206
375 	 1795 	 0.844145 	 0.00192175 	 0.0040019
375 	 1800 	 0.844145 	 0.00192167 	 0.00400175
375 	 1805 	 0.844146 	 0.0019216 	 0.0040016
375 	 1810 	 0.844146 	 0.00192153 	 0.00400146
375 	 1815 	 0.844146 	 0.00192146 	 0.00400131
375 	 1820 	 0.844146 	 0.0019214 	 0.00400118
375 	 1825 	 0.844146 	 0.00192133 	 0.00400104
375 	 1830 	 0.844146 	 0.00192127 	 0.00400091
375 	 1835 	 0.844146 	 0.00192121 	 0.00400078
375 	 1840 	 0.844146 	 0.00192115 	 0.00400065
375 	 1845 	 0.844147 	 0.00192109 	 0.00400053
375 	 1850 	 0.844147 	 0.00192103 	 0.00400041
375 	 1855 	 0.844147 	 0.00192097 	 0.00400029
375 	 1860 	 0.844147 	 0.00192091 	 0.00400017
375 	 1865 	 0.844147 	 0.00192086 	 0.00400006
375 	 1870 	 0.844147 	 0.00192081 	 0.00399995
375 	 1875 	 0.844147 	 0.00192075 	 0.00399984
375 	 1880 	 0.844147 	 0.0019207 	 0.00399973
375 	 1885 	 0.844147 	 0.00192065 	 0.00399963
375 	 1890 	 0.844147 	 0.00192061 	 0.00399953
375 	 1895 	 0.844147 	 0.00192056 	 0.00399943
375 	 1900 	 0.844148 	 0.00192051 	 0.00399933
375 	 1905 	 0.844148 	 0.00192047 	 0.00399923
375 	 1910 	 0.844148 	 0.00192042 	 0.00399914
375 	 1915 	 0.844148 	 0.00192038 	 0.00399905
375 	 1920 	 0.844148 	 0.00192033 	 0.00399896
375 	 1925 	 0.844148 	 0.00192029 	 0.00399888
375 	 1930 	 0.844148 	 0.00192025 	 0.00399879
375 	 1935 	 0.844148 	 0.00192021 	 0.00399871
375 	 1940 	 0.844148 	 0.00192017 	 0.00399863
375 	 1945 	 0.844148 	 0.00192014 	 0.00399855
375 	 1950 	 0.844148 	 0.0019201 	 0.00399847
375 	 1955 	 0.844148 	 0.00192006 	 0.00399839
375 	 1960 	 0.844148 	 0.00192003 	 0.00399832
375 	 1965 	 0.844148 	 0.00191999 	 0.00399825
375 	 1970 	 0.844149 	 0.00191996 	 0.00399818
375 	 1975 	 0.844149 	 0.00191992 	 0.00399811
375 	 1980 	 0.844149 	 0.00191989 	 0.00399804
375 	 1985 	 0.844149 	 0.00191986 	 0.00399797
375 	 1990 	 0.844149 	 0.00191983 	 0.00399791
375 	 1995 	 0.844149 	 0.0019198 	 0.00399784
375 	 2000 	 0.844149 	 0.00191977 	 0.00399778
375 	 2005 	 0.844149 	 0.00191974 	 0.00399772
375 	 2010 	 0.844149 	 0.00191971 	 0.00399766
375 	 2015 	 0.844149 	 0.00191968 	 0.0039976
375 	 2020 	 0.844149 	 0.00191965 	 0.00399755
375 	 2025 	 0.844149 	 0.00191963 	 0.00399749
375 	 2030 	 0.844149 	 0.0019196 	 0.00399744
375 	 2035 	 0.844149 	 0.00191958 	 0.00399738
375 	 2040 	 0.844149 	 0.00191955 	 0.00399733
375 	 2045 	 0.844149 	 0.00191953 	 0.00399728
375 	 2050 	 0.844149 	 0.0019195 	 0.00399723
375 	 2055 	 0.844149 	 0.00191948 	 0.00399718
375 	 2060 	 0.844149 	 0.00191946 	 0.00399714
375 	 2065 	 0.844149 	 0.00191944 	 0.00399709
375 	 2070 	 0.844149 	 0.00191941 	 0.00399704
375 	 2075 	 0.844149 	 0.00191939 	 0.003997
375 	 2080 	 0.844149 	 0.00191937 	 0.00399696
375 	 2085 	 0.84415 	 0.00191935 	 0.00399691
375 	 2090 	 0.84415 	 0.00191933 	 0.00399687
375 	 2095 	 0.84415 	 0.00191931 	 0.00399683
375 	 2100 	 0.84415 	 0.00191929 	 0.00399679
375 	 2105 	 0.84415 	 0.00191927 	 0.00399675
375 	 2110 	 0.84415 	 0.00191926 	 0.00399672
375 	 2115 	 0.84415 	 0.00191924 	 0.00399668
375 	 2120 	 0.84415 	 0.00191922 	 0.00399664
375 	 2125 	 0.84415 	 0.0019192 	 0.00399661
375 	 2130 	 0.84415 	 0.00191919 	 0.00399657
375 	 2135 	 0.84415 	 0.00191917 	 0.00399654
375 	 2140 	 0.84415 	 0.00191916 	 0.00399651
375 	 2145 	 0.84415 	 0.00191914 	 0.00399648
375 	 2150 	 0.84415 	 0.00191913 	 0.00399644
375 	 2155 	 0.84415 	 0.00191911 	 0.00399641
375 	 2160 	 0.84415 	 0.0019191 	 0.00399638
375 	 2165 	 0.84415 	 0.00191908 	 0.00399635
375 	 2170 	 0.84415 	 0.00191907 	 0.00399633
375 	 2175 	 0.84415 	 0.00191905 	 0.0039963
375 	 2180 	 0.84415 	 0.00191904 	 0.00399627
375 	 2185 	 0.84415 	 0.00191903 	 0.00399624
375 	 2190 	 0.84415 	 0.00191902 	 0.00399622
375 	 2195 	 0.84415 	 0.001919 	 0.00399619
375 	 2200 	 0.84415 	 0.00191899 	 0.00399617
375 	 2205 	 0.84415 	 0.00191898 	 0.00399614
375 	 2210 	 0.84415 	 0.00191897 	 0.00399612
375 	 2215 	 0.84415 	 0.00191896 	 0.00399609
375 	 2220 	 0.84415 	 0.00191895 	 0.00399607
375 	 2225 	 0.84415 	 0.00191894 	 0.00399605
375 	 2230 	 0.84415 	 0.00191893 	 0.00399603
375 	 2235 	 0.84415 	 0.00191892 	 0.00399601
375 	 2240 	 0.84415 	 0.00191891 	 0.00399599
375 	 2245 	 0.84415 	 0.0019189 	 0.00399596
375 	 2250 	 0.84415 	 0.00191889 	 0.00399594
375 	 2255 	 0.84415 	 0.00191888 	 0.00399593
375 	 2260 	 0.84415 	 0.00191887 	 0.00399591
375 	 2265 	 0.84415 	 0.00191886 	 0.00399589
375 	 2270 	 0.84415 	 0.00191885 	 0.00399587
375 	 2275 	 0.84415 	 0.00191884 	 0.00399585
375 	 2280 	 0.84415 	 0.00191883 	 0.00399583
375 	 2285 	 0.84415 	 0.00191882 	 0.00399582
375 	 2290 	 0.84415 	 0.00191882 	 0.0039958
375 	 2295 	 0.84415 	 0.00191881 	 0.00399578
375 	 2300 	 0.84415 	 0.0019188 	 0.00399577
375 	 2305 	 0.84415 	 0.00191879 	 0.00399575
375 	 2310 	 0.84415 	 0.00191879 	 0.00399574
375 	 2315 	 0.84415 	 0.00191878 	 0.00399572
375 	 2320 	 0.84415 	 0.00191877 	 0.00399571
375 	 2325 	 0.84415 	 0.00191877 	 0.00399569
375 	 2330 	 0.84415 	 0.00191876 	 0.00399568
375 	 2335 	 0.84415 	 0.00191875 	 0.00399567
375 	 2340 	 0.84415 	 0.00191875 	 0.00399565
375 	 2345 	 0.84415 	 0.00191874 	 0.00399564
375 	 2350 	 0.84415 	 0.00191873 	 0.00399563
375 	 2355 	 0.84415 	 0.00191873 	 0.00399562
375 	 2360 	 0.84415 	 0.00191872 	 0.0039956
375 	 2365 	 0.84415 	 0.00191872 	 0.00399559
375 	 2370 	 0.84415 	 0.00191871 	 0.00399558
375 	 2375 	 0.84415 	 0.00191871 	 0.00399557
375 	 2380 	 0.84415 	 0.0019187 	 0.00399556
375 	 2385 	 0.844151 	 0.0019187 	 0.00399555
375 	 2390 	 0.844151 	 0.00191869 	 0.00399554
375 	 2395 	 0.844151 	 0.00191869 	 0.00399553
375 	 2400 	 0.844151 	 0.00191868 	 0.00399552
375 	 2405 	 0.844151 	 0.00191868 	 0.00399551
375 	 2410 	 0.844151 	 0.00191867 	 0.0039955
375 	 2415 	 0.844151 	 0.00191867 	 0.00399549
375 	 2420 	 0.844151 	 0.00191866 	 0.00399548
375 	 2425 	 0.844151 	 0.00191866 	 0.00399547
375 	 2430 	 0.844151 	 0.00191865 	 0.00399546
375 	 2435 	 0.844151 	 0.00191865 	 0.00399545
375 	 2440 	 0.844151 	 0.00191865 	 0.00399545
375 	 2445 	 0.844151 	 0.00191864 	 0.00399544
375 	 2450 	 0.844151 	 0.00191864 	 0.00399543
375 	 2455 	 0.844151 	 0.00191864 	 0.00399542
375 	 2460 	 0.844151 	 0.00191863 	 0.00399542
375 	 2465 	 0.844151 	 0.00191863 	 0.00399541
375 	 2470 	 0.844151 	 0.00191862 	 0.0039954
375 	 2475 	 0.844151 	 0.00191862 	 0.00399539
375 	 2480 	 0.844151 	 0.00191862 	 0.00399539
375 	 2485 	 0.844151 	 0.00191861 	 0.00399538
375 	 2490 	 0.844151 	 0.00191861 	 0.00399537
375 	 2495 	 0.844151 	 0.00191861 	 0.00399537
375 	 2500 	 0.844151 	 0.00191861 	 0.00399536
375 	 2505 	 0.844151 	 0.0019186 	 0.00399536
375 	 2510 	 0.844151 	 0.0019186 	 0.00399535
375 	 2515 	 0.844151 	 0.0019186 	 0.00399534
375 	 2520 	 0.844151 	 0.00191859 	 0.00399534
375 	 2525 	 0.844151 	 0.00191859 	 0.00399533
375 	 2530 	 0.844151 	 0.00191859 	 0.00399533
375 	 2535 	 0.844151 	 0.00191859 	 0.00399532
375 	 2540 	 0.844151 	 0.00191858 	 0.00399532
375 	 2545 	 0.844151 	 0.00191858 	 0.00399531
375 	 2550 	 0.844151 	 0.00191858 	 0.00399531
375 	 2555 	 0.844151 	 0.00191858 	 0.0039953
375 	 2560 	 0.844151 	 0.00191857 	 0.0039953
375 	 2565 	 0.844151 	 0.00191857 	 0.00399529
375 	 2570 	 0.844151 	 0.00191857 	 0.00399529
375 	 2575 	 0.844151 	 0.00191857 	 0.00399528
375 	 2580 	 0.844151 	 0.00191857 	 0.00399528
375 	 2585 	 0.844151 	 0.00191856 	 0.00399527
375 	 2590 	 0.844151 	 0.00191856 	 0.00399527
375 	 2595 	 0.844151 	 0.00191856 	 0.00399527
375 	 2600 	 0.844151 	 0.00191856 	 0.00399526
375 	 2605 	 0.844151 	 0.00191856 	 0.00399526
375 	 2610 	 0.844151 	 0.00191855 	 0.00399526
375 	 2615 	 0.844151 	 0.00191855 	 0.00399525
375 	 2620 	 0.844151 	 0.00191855 	 0.00399525
375 	 2625 	 0.844151 	 0.00191855 	 0.00399524
375 	 2630 	 0.844151 	 0.00191855 	 0.00399524
375 	 2635 	 0.844151 	 0.00191855 	 0.00399524
375 	 2640 	 0.844151 	 0.00191854 	 0.00399523
375 	 2645 	 0.844151 	 0.00191854 	 0.00399523
375 	 2650 	 0.844151 	 0.00191854 	 0.00399523
375 	 2655 	 0.844151 	 0.00191854 	 0.00399523
375 	 2660 	 0.844151 	 0.00191854 	 0.00399522
375 	 2665 	 0.844151 	 0.00191854 	 0.00399522
375 	 2670 	 0.844151 	 0.00191854 	 0.00399522
375 	 2675 	 0.844151 	 0.00191853 	 0.00399521
375 	 2680 	 0.844151 	 0.00191853 	 0.00399521
375 	 2685 	 0.844151 	 0.00191853 	 0.00399521
375 	 2690 	 0.844151 	 0.00191853 	 0.00399521
375 	 2695 	 0.844151 	 0.00191853 	 0.0039952
375 	 2700 	 0.844151 	 0.00191853 	 0.0039952
375 	 2705 	 0.844151 	 0.00191853 	 0.0039952
375 	 2710 	 0.844151 	 0.00191853 	 0.0039952
375 	 2715 	 0.844151 	 0.00191853 	 0.00399519
375 	 2720 	 0.844151 	 0.00191852 	 0.00399519
375 	 2725 	 0.844151 	 0.00191852 	 0.00399519
375 	 2730 	 0.844151 	 0.00191852 	 0.00399519
375 	 2735 	 0.844151 	 0.00191852 	 0.00399519
375 	 2740 	 0.844151 	 0.00191852 	 0.00399518
375 	 2745 	 0.844151 	 0.00191852 	 0.00399518
375 	 2750 	 0.844151 	 0.00191852 	 0.00399518
375 	 2755 	 0.844151 	 0.00191852 	 0.00399518
375 	 2760 	 0.844151 	 0.00191852 	 0.00399518
375 	 2765 	 0.844151 	 0.00191852 	 0.00399517
375 	 2770 	 0.844151 	 0.00191852 	 0.00399517
375 	 2775 	 0.844151 	 0.00191851 	 0.00399517
375 	 2780 	 0.844151 	 0.00191851 	 0.00399517
375 	 2785 	 0.844151 	 0.00191851 	 0.00399517
375 	 2790 	 0.844151 	 0.00191851 	 0.00399517
375 	 2795 	 0.844151 	 0.00191851 	 0.00399516
375 	 2800 	 0.844151 	 0.00191851 	 0.00399516
375 	 2805 	 0.844151 	 0.00191851 	 0.00399516
375 	 2810 	 0.844151 	 0.00191851 	 0.00399516
375 	 2815 	 0.844151 	 0.00191851 	 0.00399516
375 	 2820 	 0.844151 	 0.00191851 	 0.00399516
375 	 2825 	 0.844151 	 0.00191851 	 0.00399516
375 	 2830 	 0.844151 	 0.00191851 	 0.00399516
375 	 2835 	 0.844151 	 0.00191851 	 0.00399515
375 	 2840 	 0.844151 	 0.00191851 	 0.00399515
375 	 2845 	 0.844151 	 0.0019185 	 0.00399515
375 	 2850 	 0.844151 	 0.0019185 	 0.00399515
375 	 2855 	 0.844151 	 0.0019185 	 0.00399515
375 	 2860 	 0.844151 	 0.0019185 	 0.00399515
375 	 2865 	 0.844151 	 0.0019185 	 0.00399515
375 	 2870 	 0.844151 	 0.0019185 	 0.00399515
375 	 2875 	 0.844151 	 0.0019185 	 0.00399514
375 	 2880 	 0.844151 	 0.0019185 	 0.00399514
375 	 2885 	 0.844151 	 0.0019185 	 0.00399514
375 	 2890 	 0.844151 	 0.0019185 	 0.00399514
375 	 2895 	 0.844151 	 0.0019185 	 0.00399514
375 	 2900 	 0.844151 	 0.0019185 	 0.00399514
375 	 2905 	 0.844151 	 0.0019185 	 0.00399514
375 	 2910 	 0.844151 	 0.0019185 	 0.00399514
375 	 2915 	 0.844151 	 0.0019185 	 0.00399514
375 	 2920 	 0.844151 	 0.0019185 	 0.00399514
375 	 2925 	 0.844151 	 0.0019185 	 0.00399514
375 	 2930 	 0.844151 	 0.0019185 	 0.00399513
375 	 2935 	 0.844151 	 0.0019185 	 0.00399513
375 	 2940 	 0.844151 	 0.0019185 	 0.00399513
375 	 2945 	 0.844151 	 0.0019185 	 0.00399513
375 	 2950 	 0.844151 	 0.0019185 	 0.00399513
375 	 2955 	 0.844151 	 0.0019185 	 0.00399513
375 	 2960 	 0.844151 	 0.00191849 	 0.00399513
375 	 2965 	 0.844151 	 0.00191849 	 0.00399513
375 	 2970 	 0.844151 	 0.00191849 	 0.00399513
375 	 2975 	 0.844151 	 0.00191849 	 0.00399513
375 	 2980 	 0.844151 	 0.00191849 	 0.00399513
375 	 2985 	 0.844151 	 0.00191849 	 0.00399513
375 	 2990 	 0.844151 	 0.00191849 	 0.00399513
375 	 2995 	 0.844151 	 0.00191849 	 0.00399513
375 	 3000 	 0.844151 	 0.00191849 	 0.00399513
375 	 3005 	 0.844151 	 0.00191849 	 0.00399513
375 	 3010 	 0.844151 	 0.00191849 	 0.00399512
375 	 3015 	 0.844151 	 0.00191849 	 0.00399512
375 	 3020 	 0.844151 	 0.00191849 	 0.00399512
375 	 3025 	 0.844151 	 0.00191849 	 0.00399512
375 	 3030 	 0.844151 	 0.00191849 	 0.00399512
375 	 3035 	 0.844151 	 0.00191849 	 0.00399512
375 	 3040 	 0.844151 	 0.00191849 	 0.00399512
375 	 3045 	 0.844151 	 0.00191849 	 0.00399512
375 	 3050 	 0.844151 	 0.00191849 	 0.00399512
375 	 3055 	 0.844151 	 0.00191849 	 0.00399512
375 	 3060 	 0.844151 	 0.00191849 	 0.00399512
375 	 3065 	 0.844151 	 0.00191849 	 0.00399512
375 	 3070 	 0.844151 	 0.00191849 	 0.00399512
375 	 3075 	 0.844151 	 0.00191849 	 0.00399512
375 	 3080 	 0.844151 	 0.00191849 	 0.00399512
375 	 3085 	 0.844151 	 0.00191849 	 0.00399512
375 	 3090 	 0.844151 	 0.00191849 	 0.00399512
375 	 3095 	 0.844151 	 0.00191849 	 0.00399512
375 	 3100 	 0.844151 	 0.00191849 	 0.00399512
375 	 3105 	 0.844151 	 0.00191849 	 0.00399512
375 	 3110 	 0.844151 	 0.00191849 	 0.00399512
375 	 3115 	 0.844151 	 0.00191849 	 0.00399512
375 	 3120 	 0.844151 	 0.00191849 	 0.00399512
375 	 3125 	 0.844151 	 0.00191849 	 0.00399512
375 	 3130 	 0.844151 	 0.00191849 	 0.00399511
375 	 3135 	 0.844151 	 0.00191849 	 0.00399511
375 	 3140 	 0.844151 	 0.00191849 	 0.00399511
375 	 3145 	 0.844151 	 0.00191849 	 0.00399511
375 	 3150 	 0.844151 	 0.00191849 	 0.00399511
375 	 3155 	 0.844151 	 0.00191849 	 0.00399511
375 	 3160 	 0.844151 	 0.00191849 	 0.00399511
375 	 3165 	 0.844151 	 0.00191849 	 0.00399511
375 	 3170 	 0.844151 	 0.00191849 	 0.00399511
375 	 3175 	 0.844151 	 0.00191849 	 0.00399511
375 	 3180 	 0.844151 	 0.00191849 	 0.00399511
375 	 3185 	 0.844151 	 0.00191849 	 0.00399511
375 	 3190 	 0.844151 	 0.00191849 	 0.00399511
375 	 3195 	 0.844151 	 0.00191849 	 0.00399511
375 	 3200 	 0.844151 	 0.00191849 	 0.00399511
375 	 3205 	 0.844151 	 0.00191849 	 0.00399511
375 	 3210 	 0.844151 	 0.00191849 	 0.00399511
375 	 3215 	 0.844151 	 0.00191849 	 0.00399511
375 	 3220 	 0.844151 	 0.00191849 	 0.00399511
375 	 3225 	 0.844151 	 0.00191849 	 0.00399511
375 	 3230 	 0.844151 	 0.00191848 	 0.00399511
375 	 3235 	 0.844151 	 0.00191848 	 0.00399511
375 	 3240 	 0.844151 	 0.00191848 	 0.00399511
375 	 3245 	 0.844151 	 0.00191848 	 0.00399511
375 	 3250 	 0.844151 	 0.00191848 	 0.00399511
375 	 3255 	 0.844151 	 0.00191848 	 0.00399511
375 	 3260 	 0.844151 	 0.00191848 	 0.00399511
375 	 3265 	 0.844151 	 0.00191848 	 0.00399511
375 	 3270 	 0.844151 	 0.00191848 	 0.00399511
375 	 3275 	 0.844151 	 0.00191848 	 0.00399511
375 	 3280 	 0.844151 	 0.00191848 	 0.00399511
375 	 3285 	 0.844151 	 0.00191848 	 0.00399511
375 	 3290 	 0.844151 	 0.00191848 	 0.00399511
375 	 3295 	 0.844151 	 0.00191848 	 0.00399511
375 	 3300 	 0.844151 	 0.00191848 	 0.00399511
375 	 3305 	 0.844151 	 0.00191848 	 0.00399511
375 	 3310 	 0.844151 	 0.00191848 	 0.00399511
375 	 3315 	 0.844151 	 0.00191848 	 0.00399511
375 	 3320 	 0.844151 	 0.00191848 	 0.00399511
375 	 3325 	 0.844151 	 0.00191848 	 0.00399511
375 	 3330 	 0.844151 	 0.00191848 	 0.00399511
375 	 3335 	 0.844151 	 0.00191848 	 0.00399511
375 	 3340 	 0.844151 	 0.00191848 	 0.00399511
375 	 3345 	 0.844151 	 0.00191848 	 0.00399511
375 	 3350 	 0.844151 	 0.00191848 	 0.00399511
375 	 3355 	 0.844151 	 0.00191848 	 0.00399511
375 	 3360 	 0.844151 	 0.00191848 	 0.00399511
375 	 3365 	 0.844151 	 0.00191848 	 0.00399511
375 	 3370 	 0.844151 	 0.00191848 	 0.00399511
375 	 3375 	 0.844151 	 0.00191848 	 0.00399511
375 	 3380 	 0.844151 	 0.00191848 	 0.00399511
375 	 3385 	 0.844151 	 0.00191848 	 0.00399511
375 	 3390 	 0.844151 	 0.00191848 	 0.00399511
375 	 3395 	 0.844151 	 0.00191848 	 0.00399511
375 	 3400 	 0.844151 	 0.00191848 	 0.00399511
375 	 3405 	 0.844151 	 0.00191848 	 0.00399511
375 	 3410 	 0.844151 	 0.00191848 	 0.00399511
375 	 3415 	 0.844151 	 0.00191848 	 0.00399511
375 	 3420 	 0.844151 	 0.00191848 	 0.00399511
375 	 3425 	 0.844151 	 0.00191848 	 0.00399511
375 	 3430 	 0.844151 	 0.00191848 	 0.00399511
375 	 3435 	 0.844151 	 0.00191848 	 0.00399511
375 	 3440 	 0.844151 	 0.00191848 	 0.00399511
375 	 3445 	 0.844151 	 0.00191848 	 0.00399511
375 	 3450 	 0.844151 	 0.00191848 	 0.00399511
375 	 3455 	 0.844151 	 0.00191848 	 0.00399511
375 	 3460 	 0.844151 	 0.00191848 	 0.00399511
375 	 3465 	 0.844151 	 0.00191848 	 0.00399511
375 	 3470 	 0.844151 	 0.00191848 	 0.00399511
375 	 3475 	 0.844151 	 0.00191848 	 0.00399511
375 	 3480 	 0.844151 	 0.00191848 	 0.00399511
375 	 3485 	 0.844151 	 0.00191848 	 0.00399511
375 	 3490 	 0.844151 	 0.00191848 	 0.00399511
375 	 3495 	 0.844151 	 0.00191848 	 0.00399511
375 	 3500 	 0.844151 	 0.00191848 	 0.00399511
375 	 3505 	 0.844151 	 0.00191848 	 0.00399511
375 	 3510 	 0.844151 	 0.00191848 	 0.00399511
375 	 3515 	 0.844151 	 0.00191848 	 0.00399511
375 	 3520 	 0.844151 	 0.00191848 	 0.00399511
375 	 3525 	 0.844151 	 0.00191848 	 0.0039951
375 	 3530 	 0.844151 	 0.00191848 	 0.0039951
375 	 3535 	 0.844151 	 0.00191848 	 0.0039951
375 	 3540 	 0.844151 	 0.00191848 	 0.0039951
375 	 3545 	 0.844151 	 0.00191848 	 0.0039951
375 	 3550 	 0.844151 	 0.00191848 	 0.0039951
375 	 3555 	 0.844151 	 0.00191848 	 0.0039951
375 	 3560 	 0.844151 	 0.00191848 	 0.0039951
375 	 3565 	 0.844151 	 0.00191848 	 0.0039951
375 	 3570 	 0.844151 	 0.00191848 	 0.0039951
375 	 3575 	 0.844151 	 0.00191848 	 0.0039951
375 	 3580 	 0.844151 	 0.00191848 	 0.0039951
375 	 3585 	 0.844151 	 0.00191848 	 0.0039951
375 	 3590 	 0.844151 	 0.00191848 	 0.0039951
375 	 3595 	 0.844151 	 0.00191848 	 0.0039951
375 	 3600 	 0.844151 	 0.00191848 	 0.0039951
375 	 3605 	 0.844151 	 0.00191848 	 0.0039951
375 	 3610 	 0.844151 	 0.00191848 	 0.0039951
375 	 3615 	 0.844151 	 0.00191848 	 0.0039951
375 	 3620 	 0.844151 	 0.00191848 	 0.0039951
375 	 3625 	 0.844151 	 0.00191848 	 0.0039951
375 	 3630 	 0.844151 	 0.00191848 	 0.0039951
375 	 3635 	 0.844151 	 0.00191848 	 0.0039951
375 	 3640 	 0.844151 	 0.00191848 	 0.0039951
375 	 3645 	 0.844151 	 0.00191848 	 0.0039951
375 	 3650 	 0.844151 	 0.00191848 	 0.0039951
375 	 3655 	 0.844151 	 0.00191848 	 0.0039951
375 	 3660 	 0.844151 	 0.00191848 	 0.0039951
375 	 3665 	 0.844151 	 0.00191848 	 0.0039951
375 	 3670 	 0.844151 	 0.00191848 	 0.0039951
375 	 3675 	 0.844151 	 0.00191848 	 0.0039951
375 	 3680 	 0.844151 	 0.00191848 	 0.0039951
375 	 3685 	 0.844151 	 0.00191848 	 0.0039951
375 	 3690 	 0.844151 	 0.00191848 	 0.0039951
375 	 3695 	 0.844151 	 0.00191848 	 0.0039951
375 	 3700 	 0.844151 	 0.00191848 	 0.0039951
375 	 3705 	 0.844151 	 0.00191848 	 0.0039951
375 	 3710 	 0.844151 	 0.00191848 	 0.0039951
375 	 3715 	 0.844151 	 0.00191848 	 0.0039951
375 	 3720 	 0.844151 	 0.00191848 	 0.0039951
375 	 3725 	 0.844151 	 0.00191848 	 0.0039951
375 	 3730 	 0.844151 	 0.00191848 	 0.0039951
375 	 3735 	 0.844151 	 0.00191848 	 0.0039951
375 	 3740 	 0.844151 	 0.00191848 	 0.0039951
375 	 3745 	 0.844151 	 0.00191848 	 0.0039951
375 	 3750 	 0.844151 	 0.00191848 	 0.0039951
375 	 3755 	 0.844151 	 0.00191848 	 0.0039951
375 	 3760 	 0.844151 	 0.00191848 	 0.0039951
375 	 3765 	 0.844151 	 0.00191848 	 0.0039951
375 	 3770 	 0.844151 	 0.00191848 	 0.0039951
375 	 3775 	 0.844151 	 0.00191848 	 0.0039951
375 	 3780 	 0.844151 	 0.00191848 	 0.0039951
375 	 3785 	 0.844151 	 0.00191848 	 0.0039951
375 	 3790 	 0.844151 	 0.00191848 	 0.0039951
375 	 3795 	 0.844151 	 0.00191848 	 0.0039951
375 	 3800 	 0.844151 	 0.00191848 	 0.0039951
375 	 3805 	 0.844151 	 0.00191848 	 0.0039951
375 	 3810 	 0.844151 	 0.00191848 	 0.0039951
375 	 3815 	 0.844151 	 0.00191848 	 0.0039951
375 	 3820 	 0.844151 	 0.00191848 	 0.0039951
375 	 3825 	 0.844151 	 0.00191848 	 0.0039951
375 	 3830 	 0.844151 	 0.00191848 	 0.0039951
375 	 3835 	 0.844151 	 0.00191848 	 0.0039951
375 	 3840 	 0.844151 	 0.00191848 	 0.0039951
375 	 3845 	 0.844151 	 0.00191848 	 0.0039951
375 	 3850 	 0.844151 	 0.00191848 	 0.0039951
375 	 3855 	 0.844151 	 0.00191848 	 0.0039951
375 	 3860 	 0.844151 	 0.00191848 	 0.0039951
375 	 3865 	 0.844151 	 0.00191848 	 0.0039951
375 	 3870 	 0.844151 	 0.00191848 	 0.0039951
375 	 3875 	 0.844151 	 0.00191848 	 0.0039951
375 	 3880 	 0.844151 	 0.00191848 	 0.0039951
375 	 3885 	 0.844151 	 0.00191848 	 0.0039951
375 	 3890 	 0.844151 	 0.00191848 	 0.0039951
375 	 3895 	 0.844151 	 0.00191848 	 0.0039951
375 	 3900 	 0.844151 	 0.00191848 	 0.0039951
375 	 3905 	 0.844151 	 0.00191848 	 0.0039951
375 	 3910 	 0.844151 	 0.00191848 	 0.0039951
375 	 3915 	 0.844151 	 0.00191848 	 0.0039951
375 	 3920 	 0.844151 	 0.00191848 	 0.0039951
375 	 3925 	 0.844151 	 0.00191848 	 0.0039951
375 	 3930 	 0.844151 	 0.00191848 	 0.0039951
375 	 3935 	 0.844151 	 0.00191848 	 0.0039951
375 	 3940 	 0.844151 	 0.00191848 	 0.0039951
375 	 3945 	 0.844151 	 0.00191848 	 0.0039951
375 	 3950 	 0.844151 	 0.00191848 	 0.0039951
375 	 3955 	 0.844151 	 0.00191848 	 0.0039951
375 	 3960 	 0.844151 	 0.00191848 	 0.0039951
375 	 3965 	 0.844151 	 0.00191848 	 0.0039951
375 	 3970 	 0.844151 	 0.00191848 	 0.0039951
375 	 3975 	 0.844151 	 0.00191848 	 0.0039951
375 	 3980 	 0.844151 	 0.00191848 	 0.0039951
375 	 3985 	 0.844151 	 0.00191848 	 0.0039951
375 	 3990 	 0.844151 	 0.00191848 	 0.0039951
375 	 3995 	 0.844151 	 0.00191848 	 0.0039951
375 	 4000 	 0.844151 	 0.00191848 	 0.0039951
375 	 4005 	 0.844151 	 0.00191848 	 0.0039951
375 	 4010 	 0.844151 	 0.00191848 	 0.0039951
375 	 4015 	 0.844151 	 0.00191848 	 0.0039951
375 	 4020 	 0.844151 	 0.00191848 	 0.0039951
375 	 4025 	 0.844151 	 0.00191848 	 0.0039951
375 	 4030 	 0.844151 	 0.00191848 	 0.0039951
375 	 4035 	 0.844151 	 0.00191848 	 0.0039951
375 	 4040 	 0.844151 	 0.00191848 	 0.0039951
375 	 4045 	 0.844151 	 0.00191848 	 0.0039951
375 	 4050 	 0.844151 	 0.00191848 	 0.0039951
375 	 4055 	 0.844151 	 0.00191848 	 0.0039951
375 	 4060 	 0.844151 	 0.00191848 	 0.0039951
375 	 4065 	 0.844151 	 0.00191848 	 0.0039951
375 	 4070 	 0.844151 	 0.00191848 	 0.0039951
375 	 4075 	 0.844151 	 0.00191848 	 0.0039951
375 	 4080 	 0.844151 	 0.00191848 	 0.0039951
375 	 4085 	 0.844151 	 0.00191848 	 0.0039951
375 	 4090 	 0.844151 	 0.00191848 	 0.0039951
375 	 4095 	 0.844151 	 0.00191848 	 0.0039951
375 	 4100 	 0.844151 	 0.00191848 	 0.0039951
375 	 4105 	 0.844151 	 0.00191848 	 0.0039951
375 	 4110 	 0.844151 	 0.00191848 	 0.0039951
375 	 4115 	 0.844151 	 0.00191848 	 0.0039951
375 	 4120 	 0.844151 	 0.00191848 	 0.0039951
375 	 4125 	 0.844151 	 0.00191848 	 0.0039951
375 	 4130 	 0.844151 	 0.00191848 	 0.0039951
375 	 4135 	 0.844151 	 0.00191848 	 0.0039951
375 	 4140 	 0.844151 	 0.00191848 	 0.0039951
375 	 4145 	 0.844151 	 0.00191848 	 0.0039951
375 	 4150 	 0.844151 	 0.00191848 	 0.0039951
375 	 4155 	 0.844151 	 0.00191848 	 0.0039951
375 	 4160 	 0.844151 	 0.00191848 	 0.0039951
375 	 4165 	 0.844151 	 0.00191848 	 0.0039951
375 	 4170 	 0.844151 	 0.00191848 	 0.0039951
375 	 4175 	 0.844151 	 0.00191848 	 0.0039951
375 	 4180 	 0.844151 	 0.00191848 	 0.0039951
375 	 4185 	 0.844151 	 0.00191848 	 0.0039951
375 	 4190 	 0.844151 	 0.00191848 	 0.0039951
375 	 4195 	 0.844151 	 0.00191848 	 0.0039951
375 	 4200 	 0.844151 	 0.00191848 	 0.0039951
375 	 4205 	 0.844151 	 0.00191848 	 0.0039951
375 	 4210 	 0.844151 	 0.00191848 	 0.0039951
375 	 4215 	 0.844151 	 0.00191848 	 0.0039951
375 	 4220 	 0.844151 	 0.00191848 	 0.0039951
375 	 4225 	 0.844151 	 0.00191848 	 0.0039951
375 	 4230 	 0.844151 	 0.00191848 	 0.0039951
375 	 4235 	 0.844151 	 0.00191848 	 0.0039951
375 	 4240 	 0.844151 	 0.00191848 	 0.0039951
375 	 4245 	 0.844151 	 0.00191848 	 0.0039951
375 	 4250 	 0.844151 	 0.00191848 	 0.0039951
375 	 4255 	 0.844151 	 0.00191848 	 0.0039951
375 	 4260 	 0.844151 	 0.00191848 	 0.0039951
375 	 4265 	 0.844151 	 0.00191848 	 0.0039951
375 	 4270 	 0.844151 	 0.00191848 	 0.0039951
375 	 4275 	 0.844151 	 0.00191848 	 0.0039951
375 	 4280 	 0.844151 	 0.00191848 	 0.0039951
375 	 4285 	 0.844151 	 0.00191848 	 0.0039951
375 	 4290 	 0.844151 	 0.00191848 	 0.0039951
375 	 4295 	 0.844151 	 0.00191848 	 0.0039951
375 	 4300 	 0.844151 	 0.00191848 	 0.0039951
375 	 4305 	 0.844151 	 0.00191848 	 0.0039951
375 	 4310 	 0.844151 	 0.00191848 	 0.0039951
375 	 4315 	 0.844151 	 0.00191848 	 0.0039951
375 	 4320 	 0.844151 	 0.00191848 	 0.0039951
375 	 4325 	 0.844151 	 0.00191848 	 0.0039951
375 	 4330 	 0.844151 	 0.00191848 	 0.0039951
375 	 4335 	 0.844151 	 0.00191848 	 0.0039951
375 	 4340 	 0.844151 	 0.00191848 	 0.0039951
375 	 4345 	 0.844151 	 0.00191848 	 0.0039951
375 	 4350 	 0.844151 	 0.00191848 	 0.0039951
375 	 4355 	 0.844151 	 0.00191848 	 0.0039951
375 	 4360 	 0.844151 	 0.00191848 	 0.0039951
375 	 4365 	 0.844151 	 0.00191848 	 0.0039951
375 	 4370 	 0.844151 	 0.00191848 	 0.0039951
375 	 4375 	 0.844151 	 0.00191848 	 0.0039951
375 	 4380 	 0.844151 	 0.00191848 	 0.0039951
375 	 4385 	 0.844151 	 0.00191848 	 0.0039951
375 	 4390 	 0.844151 	 0.00191848 	 0.0039951
375 	 4395 	 0.844151 	 0.00191848 	 0.0039951
375 	 4400 	 0.844151 	 0.00191848 	 0.0039951
375 	 4405 	 0.844151 	 0.00191848 	 0.0039951
375 	 4410 	 0.844151 	 0.00191848 	 0.0039951
375 	 4415 	 0.844151 	 0.00191848 	 0.0039951
375 	 4420 	 0.844151 	 0.00191848 	 0.0039951
375 	 4425 	 0.844151 	 0.00191848 	 0.0039951
375 	 4430 	 0.844151 	 0.00191848 	 0.0039951
375 	 4435 	 0.844151 	 0.00191848 	 0.0039951
375 	 4440 	 0.844151 	 0.00191848 	 0.0039951
375 	 4445 	 0.844151 	 0.00191848 	 0.0039951
375 	 4450 	 0.844151 	 0.00191848 	 0.0039951
375 	 4455 	 0.844151 	 0.00191848 	 0.0039951
375 	 4460 	 0.844151 	 0.00191848 	 0.0039951
375 	 4465 	 0.844151 	 0.00191848 	 0.0039951
375 	 4470 	 0.844151 	 0.00191848 	 0.0039951
375 	 4475 	 0.844151 	 0.00191848 	 0.0039951
375 	 4480 	 0.844151 	 0.00191848 	 0.0039951
375 	 4485 	 0.844151 	 0.00191848 	 0.0039951
375 	 4490 	 0.844151 	 0.00191848 	 0.0039951
375 	 4495 	 0.844151 	 0.00191848 	 0.0039951
375 	 4500 	 0.844151 	 0.00191848 	 0.0039951
375 	 4505 	 0.844151 	 0.00191848 	 0.0039951
375 	 4510 	 0.844151 	 0.00191848 	 0.0039951
375 	 4515 	 0.844151 	 0.00191848 	 0.0039951
375 	 4520 	 0.844151 	 0.00191848 	 0.0039951
375 	 4525 	 0.844151 	 0.00191848 	 0.0039951
375 	 4530 	 0.844151 	 0.00191848 	 0.0039951
375 	 4535 	 0.844151 	 0.00191848 	 0.0039951
375 	 4540 	 0.844151 	 0.00191848 	 0.0039951
375 	 4545 	 0.844151 	 0.00191848 	 0.0039951
375 	 4550 	 0.844151 	 0.00191848 	 0.0039951
375 	 4555 	 0.844151 	 0.00191848 	 0.0039951
375 	 4560 	 0.844151 	 0.00191848 	 0.0039951
375 	 4565 	 0.844151 	 0.00191848 	 0.0039951
375 	 4570 	 0.844151 	 0.00191848 	 0.0039951
375 	 4575 	 0.844151 	 0.00191848 	 0.0039951
375 	 4580 	 0.844151 	 0.00191848 	 0.0039951
375 	 4585 	 0.844151 	 0.00191848 	 0.0039951
375 	 4590 	 0.844151 	 0.00191848 	 0.0039951
375 	 4595 	 0.844151 	 0.00191848 	 0.0039951
375 	 4600 	 0.844151 	 0.00191848 	 0.0039951
375 	 4605 	 0.844151 	 0.00191848 	 0.0039951
375 	 4610 	 0.844151 	 0.00191848 	 0.0039951
375 	 4615 	 0.844151 	 0.00191848 	 0.0039951
375 	 4620 	 0.844151 	 0.00191848 	 0.0039951
375 	 4625 	 0.844151 	 0.00191848 	 0.0039951
375 	 4630 	 0.844151 	 0.00191848 	 0.0039951
375 	 4635 	 0.844151 	 0.00191848 	 0.0039951
375 	 4640 	 0.844151 	 0.00191848 	 0.0039951
375 	 4645 	 0.844151 	 0.00191848 	 0.0039951
375 	 4650 	 0.844151 	 0.00191848 	 0.0039951
375 	 4655 	 0.844151 	 0.00191848 	 0.0039951
375 	 4660 	 0.844151 	 0.00191848 	 0.0039951
375 	 4665 	 0.844151 	 0.00191848 	 0.0039951
375 	 4670 	 0.844151 	 0.00191848 	 0.0039951
375 	 4675 	 0.844151 	 0.00191848 	 0.0039951
375 	 4680 	 0.844151 	 0.00191848 	 0.0039951
375 	 4685 	 0.844151 	 0.00191848 	 0.0039951
375 	 4690 	 0.844151 	 0.00191848 	 0.0039951
375 	 4695 	 0.844151 	 0.00191848 	 0.0039951
375 	 4700 	 0.844151 	 0.00191848 	 0.0039951
375 	 4705 	 0.844151 	 0.00191848 	 0.0039951
375 	 4710 	 0.844151 	 0.00191848 	 0.0039951
375 	 4715 	 0.844151 	 0.00191848 	 0.0039951
375 	 4720 	 0.844151 	 0.00191848 	 0.0039951
375 	 4725 	 0.844151 	 0.00191848 	 0.0039951
375 	 4730 	 0.844151 	 0.00191848 	 0.0039951
375 	 4735 	 0.844151 	 0.00191848 	 0.0039951
375 	 4740 	 0.844151 	 0.00191848 	 0.0039951
375 	 4745 	 0.844151 	 0.00191848 	 0.0039951
375 	 4750 	 0.844151 	 0.00191848 	 0.0039951
375 	 4755 	 0.844151 	 0.00191848 	 0.0039951
375 	 4760 	 0.844151 	 0.00191848 	 0.0039951
375 	 4765 	 0.844151 	 0.00191848 	 0.0039951
375 	 4770 	 0.844151 	 0.00191848 	 0.0039951
375 	 4775 	 0.844151 	 0.00191848 	 0.0039951
375 	 4780 	 0.844151 	 0.00191848 	 0.0039951
375 	 4785 	 0.844151 	 0.00191848 	 0.0039951
375 	 4790 	 0.844151 	 0.00191848 	 0.0039951
375 	 4795 	 0.844151 	 0.00191848 	 0.0039951
375 	 4800 	 0.844151 	 0.00191848 	 0.0039951
375 	 4805 	 0.844151 	 0.00191848 	 0.0039951
375 	 4810 	 0.844151 	 0.00191848 	 0.0039951
375 	 4815 	 0.844151 	 0.00191848 	 0.0039951
375 	 4820 	 0.844151 	 0.00191848 	 0.0039951
375 	 4825 	 0.844151 	 0.00191848 	 0.0039951
375 	 4830 	 0.844151 	 0.00191848 	 0.0039951
375 	 4835 	 0.844151 	 0.00191848 	 0.0039951
375 	 4840 	 0.844151 	 0.00191848 	 0.0039951
375 	 4845 	 0.844151 	 0.00191848 	 0.0039951
375 	 4850 	 0.844151 	 0.00191848 	 0.0039951
375 	 4855 	 0.844151 	 0.00191848 	 0.0039951
375 	 4860 	 0.844151 	 0.00191848 	 0.0039951
375 	 4865 	 0.844151 	 0.00191848 	 0.0039951
375 	 4870 	 0.844151 	 0.00191848 	 0.0039951
375 	 4875 	 0.844151 	 0.00191848 	 0.0039951
375 	 4880 	 0.844151 	 0.00191848 	 0.0039951
375 	 4885 	 0.844151 	 0.00191848 	 0.0039951
375 	 4890 	 0.844151 	 0.00191848 	 0.0039951
375 	 4895 	 0.844151 	 0.00191848 	 0.0039951
375 	 4900 	 0.844151 	 0.00191848 	 0.0039951
375 	 4905 	 0.844151 	 0.00191848 	 0.0039951
375 	 4910 	 0.844151 	 0.00191848 	 0.0039951
375 	 4915 	 0.844151 	 0.00191848 	 0.0039951
375 	 4920 	 0.844151 	 0.00191848 	 0.0039951
375 	 4925 	 0.844151 	 0.00191848 	 0.0039951
375 	 4930 	 0.844151 	 0.00191848 	 0.0039951
375 	 4935 	 0.844151 	 0.00191848 	 0.0039951
375 	 4940 	 0.844151 	 0.00191848 	 0.0039951
375 	 4945 	 0.844151 	 0.00191848 	 0.0039951
375 	 4950 	 0.844151 	 0.00191848 	 0.0039951
375 	 4955 	 0.844151 	 0.00191848 	 0.0039951
375 	 4960 	 0.844151 	 0.00191848 	 0.0039951
375 	 4965 	 0.844151 	 0.00191848 	 0.0039951
375 	 4970 	 0.844151 	 0.00191848 	 0.0039951
375 	 4975 	 0.844151 	 0.00191848 	 0.0039951
375 	 4980 	 0.844151 	 0.00191848 	 0.0039951
375 	 4985 	 0.844151 	 0.00191848 	 0.0039951
375 	 4990 	 0.844151 	 0.00191848 	 0.0039951
375 	 4995 	 0.844151 	 0.00191848 	 0.0039951
375 	 5000 	 0.844151 	 0.00191848 	 0.0039951
