2020 	 5 	 0.728194 	 0.00659218	0.0137723
2020 	 10 	 0.728795 	 0.00619368	0.0129397
2020 	 15 	 0.729931 	 0.00557174	0.0116404
2020 	 20 	 0.732041 	 0.00469393	0.00980648
2020 	 25 	 0.73583 	 0.00369734	0.00772441
2020 	 30 	 0.742249 	 0.00305191	0.00637599
2020 	 35 	 0.752107 	 0.00295181	0.00616686
2020 	 40 	 0.765184 	 0.00263896	0.00551328
2020 	 45 	 0.780538 	 0.00280353	0.0058571
2020 	 50 	 0.794707 	 0.00272359	0.00569007
2020 	 55 	 0.805391 	 0.0024521	0.00512287
2020 	 60 	 0.812602 	 0.00205405	0.00429128
2020 	 65 	 0.817223 	 0.00180831	0.00377789
2020 	 70 	 0.820199 	 0.00177241	0.00370288
2020 	 75 	 0.822213 	 0.00182498	0.00381272
2020 	 80 	 0.823685 	 0.00188069	0.00392911
2020 	 85 	 0.82485 	 0.00191918	0.00400953
2020 	 90 	 0.825839 	 0.00194485	0.00406314
2020 	 95 	 0.826721 	 0.0019649	0.00410503
2020 	 100 	 0.827533 	 0.00198363	0.00414416
2020 	 105 	 0.828295 	 0.00200247	0.00418352
2020 	 110 	 0.829017 	 0.00202126	0.00422279
2020 	 115 	 0.829707 	 0.00203927	0.0042604
2020 	 120 	 0.830369 	 0.00205571	0.00429474
2020 	 125 	 0.831003 	 0.00207001	0.00432463
2020 	 130 	 0.831613 	 0.00208185	0.00434937
2020 	 135 	 0.8322 	 0.00209113	0.00436876
2020 	 140 	 0.832765 	 0.0020979	0.00438289
2020 	 145 	 0.83331 	 0.00210232	0.00439213
2020 	 150 	 0.833834 	 0.00210462	0.00439694
2020 	 155 	 0.834339 	 0.00210507	0.00439787
2020 	 160 	 0.834826 	 0.00210393	0.0043955
2020 	 165 	 0.835295 	 0.00210148	0.00439038
2020 	 170 	 0.835748 	 0.00209796	0.00438303
2020 	 175 	 0.836185 	 0.00209361	0.00437393
2020 	 180 	 0.836607 	 0.00208863	0.00436352
2020 	 185 	 0.837014 	 0.0020832	0.00435218
2020 	 190 	 0.837408 	 0.00207748	0.00434023
2020 	 195 	 0.837788 	 0.0020716	0.00432796
2020 	 200 	 0.838156 	 0.00206569	0.00431561
2020 	 205 	 0.838511 	 0.00205984	0.00430338
2020 	 210 	 0.838855 	 0.00205412	0.00429143
2020 	 215 	 0.839188 	 0.0020486	0.0042799
2020 	 220 	 0.839511 	 0.00204333	0.00426889
2020 	 225 	 0.839823 	 0.00203835	0.00425849
2020 	 230 	 0.840125 	 0.00203369	0.00424875
2020 	 235 	 0.840418 	 0.00202937	0.00423973
2020 	 240 	 0.840702 	 0.00202541	0.00423145
2020 	 245 	 0.840978 	 0.00202181	0.00422393
2020 	 250 	 0.841245 	 0.00201858	0.00421718
2020 	 255 	 0.841505 	 0.00201572	0.0042112
2020 	 260 	 0.841756 	 0.00201322	0.00420598
2020 	 265 	 0.842001 	 0.00201108	0.0042015
2020 	 270 	 0.842239 	 0.00200929	0.00419777
2020 	 275 	 0.84247 	 0.00200784	0.00419474
2020 	 280 	 0.842695 	 0.00200672	0.00419241
2020 	 285 	 0.842913 	 0.00200593	0.00419075
2020 	 290 	 0.843126 	 0.00200544	0.00418973
2020 	 295 	 0.843332 	 0.00200525	0.00418933
2020 	 300 	 0.843534 	 0.00200534	0.00418952
2020 	 305 	 0.84373 	 0.0020057	0.00419028
2020 	 310 	 0.843921 	 0.00200633	0.00419158
2020 	 315 	 0.844107 	 0.0020072	0.0041934
2020 	 320 	 0.844288 	 0.00200831	0.00419572
2020 	 325 	 0.844465 	 0.00200964	0.00419851
2020 	 330 	 0.844638 	 0.00201119	0.00420174
2020 	 335 	 0.844806 	 0.00201294	0.0042054
2020 	 340 	 0.84497 	 0.00201489	0.00420947
2020 	 345 	 0.84513 	 0.00201702	0.00421392
2020 	 350 	 0.845286 	 0.00201933	0.00421874
2020 	 355 	 0.845439 	 0.0020218	0.00422391
2020 	 360 	 0.845588 	 0.00202443	0.0042294
2020 	 365 	 0.845734 	 0.00202721	0.00423521
2020 	 370 	 0.845877 	 0.00203014	0.00424133
2020 	 375 	 0.846016 	 0.0020332	0.00424772
2020 	 380 	 0.846152 	 0.00203639	0.00425438
2020 	 385 	 0.846285 	 0.0020397	0.0042613
2020 	 390 	 0.846415 	 0.00204313	0.00426847
2020 	 395 	 0.846543 	 0.00204667	0.00427586
2020 	 400 	 0.846667 	 0.00205031	0.00428348
2020 	 405 	 0.846789 	 0.00205406	0.0042913
2020 	 410 	 0.846909 	 0.0020579	0.00429932
2020 	 415 	 0.847026 	 0.00206183	0.00430754
2020 	 420 	 0.84714 	 0.00206585	0.00431593
2020 	 425 	 0.847253 	 0.00206994	0.00432449
2020 	 430 	 0.847363 	 0.00207412	0.00433321
2020 	 435 	 0.847471 	 0.00207837	0.00434209
2020 	 440 	 0.847576 	 0.00208269	0.00435112
2020 	 445 	 0.84768 	 0.00208708	0.00436029
2020 	 450 	 0.847782 	 0.00209153	0.00436958
2020 	 455 	 0.847881 	 0.00209604	0.00437901
2020 	 460 	 0.847979 	 0.00210061	0.00438855
2020 	 465 	 0.848075 	 0.00210523	0.00439821
2020 	 470 	 0.848169 	 0.00210991	0.00440798
2020 	 475 	 0.848262 	 0.00211463	0.00441785
2020 	 480 	 0.848352 	 0.0021194	0.00442782
2020 	 485 	 0.848441 	 0.00212422	0.00443788
2020 	 490 	 0.848529 	 0.00212908	0.00444803
2020 	 495 	 0.848615 	 0.00213397	0.00445826
2020 	 500 	 0.848699 	 0.00213891	0.00446857
2020 	 505 	 0.848782 	 0.00214388	0.00447896
2020 	 510 	 0.848863 	 0.00214889	0.00448941
2020 	 515 	 0.848943 	 0.00215392	0.00449994
2020 	 520 	 0.849022 	 0.00215899	0.00451053
2020 	 525 	 0.8491 	 0.00216409	0.00452117
2020 	 530 	 0.849176 	 0.00216921	0.00453187
2020 	 535 	 0.84925 	 0.00217436	0.00454263
2020 	 540 	 0.849324 	 0.00217953	0.00455344
2020 	 545 	 0.849396 	 0.00218473	0.00456429
2020 	 550 	 0.849468 	 0.00218994	0.00457519
2020 	 555 	 0.849538 	 0.00219518	0.00458612
2020 	 560 	 0.849606 	 0.00220043	0.0045971
2020 	 565 	 0.849674 	 0.0022057	0.00460811
2020 	 570 	 0.849741 	 0.00221099	0.00461916
2020 	 575 	 0.849807 	 0.00221629	0.00463023
2020 	 580 	 0.849871 	 0.0022216	0.00464134
2020 	 585 	 0.849935 	 0.00222693	0.00465247
2020 	 590 	 0.849998 	 0.00223227	0.00466362
2020 	 595 	 0.85006 	 0.00223762	0.0046748
2020 	 600 	 0.850121 	 0.00224298	0.00468599
2020 	 605 	 0.850181 	 0.00224835	0.00469721
2020 	 610 	 0.85024 	 0.00225372	0.00470844
2020 	 615 	 0.850298 	 0.00225911	0.00471968
2020 	 620 	 0.850355 	 0.00226449	0.00473094
2020 	 625 	 0.850412 	 0.00226989	0.00474221
2020 	 630 	 0.850467 	 0.00227529	0.00475349
2020 	 635 	 0.850522 	 0.00228069	0.00476477
2020 	 640 	 0.850576 	 0.00228609	0.00477606
2020 	 645 	 0.85063 	 0.0022915	0.00478735
2020 	 650 	 0.850682 	 0.0022969	0.00479865
2020 	 655 	 0.850734 	 0.00230231	0.00480995
2020 	 660 	 0.850786 	 0.00230772	0.00482125
2020 	 665 	 0.850836 	 0.00231313	0.00483255
2020 	 670 	 0.850886 	 0.00231854	0.00484385
2020 	 675 	 0.850935 	 0.00232394	0.00485514
2020 	 680 	 0.850984 	 0.00232935	0.00486643
2020 	 685 	 0.851031 	 0.00233475	0.00487771
2020 	 690 	 0.851079 	 0.00234015	0.00488899
2020 	 695 	 0.851125 	 0.00234554	0.00490026
2020 	 700 	 0.851171 	 0.00235093	0.00491152
2020 	 705 	 0.851217 	 0.00235631	0.00492277
2020 	 710 	 0.851261 	 0.00236169	0.00493401
2020 	 715 	 0.851306 	 0.00236707	0.00494524
2020 	 720 	 0.851349 	 0.00237244	0.00495645
2020 	 725 	 0.851393 	 0.0023778	0.00496766
2020 	 730 	 0.851435 	 0.00238315	0.00497884
2020 	 735 	 0.851477 	 0.0023885	0.00499002
2020 	 740 	 0.851519 	 0.00239384	0.00500117
2020 	 745 	 0.85156 	 0.00239918	0.00501232
2020 	 750 	 0.8516 	 0.0024045	0.00502344
2020 	 755 	 0.85164 	 0.00240982	0.00503455
2020 	 760 	 0.85168 	 0.00241512	0.00504563
2020 	 765 	 0.851719 	 0.00242042	0.0050567
2020 	 770 	 0.851758 	 0.00242571	0.00506775
2020 	 775 	 0.851796 	 0.00243099	0.00507878
2020 	 780 	 0.851834 	 0.00243626	0.00508979
2020 	 785 	 0.851871 	 0.00244152	0.00510078
2020 	 790 	 0.851908 	 0.00244677	0.00511174
2020 	 795 	 0.851944 	 0.002452	0.00512268
2020 	 800 	 0.85198 	 0.00245723	0.0051336
2020 	 805 	 0.852016 	 0.00246245	0.0051445
2020 	 810 	 0.852051 	 0.00246765	0.00515537
2020 	 815 	 0.852086 	 0.00247284	0.00516622
2020 	 820 	 0.85212 	 0.00247802	0.00517704
2020 	 825 	 0.852154 	 0.00248319	0.00518784
2020 	 830 	 0.852188 	 0.00248835	0.00519862
2020 	 835 	 0.852221 	 0.00249349	0.00520936
2020 	 840 	 0.852254 	 0.00249863	0.00522009
2020 	 845 	 0.852287 	 0.00250375	0.00523078
2020 	 850 	 0.852319 	 0.00250885	0.00524145
2020 	 855 	 0.852351 	 0.00251395	0.00525209
2020 	 860 	 0.852383 	 0.00251903	0.00526271
2020 	 865 	 0.852414 	 0.00252409	0.00527329
2020 	 870 	 0.852445 	 0.00252915	0.00528385
2020 	 875 	 0.852475 	 0.00253419	0.00529438
2020 	 880 	 0.852505 	 0.00253922	0.00530489
2020 	 885 	 0.852535 	 0.00254423	0.00531536
2020 	 890 	 0.852565 	 0.00254923	0.00532581
2020 	 895 	 0.852594 	 0.00255422	0.00533622
2020 	 900 	 0.852623 	 0.00255919	0.00534661
2020 	 905 	 0.852652 	 0.00256415	0.00535697
2020 	 910 	 0.85268 	 0.00256909	0.0053673
2020 	 915 	 0.852709 	 0.00257402	0.0053776
2020 	 920 	 0.852736 	 0.00257894	0.00538787
2020 	 925 	 0.852764 	 0.00258384	0.00539811
2020 	 930 	 0.852791 	 0.00258873	0.00540832
2020 	 935 	 0.852818 	 0.0025936	0.0054185
2020 	 940 	 0.852845 	 0.00259846	0.00542865
2020 	 945 	 0.852872 	 0.0026033	0.00543877
2020 	 950 	 0.852898 	 0.00260813	0.00544886
2020 	 955 	 0.852924 	 0.00261294	0.00545891
2020 	 960 	 0.85295 	 0.00261774	0.00546894
2020 	 965 	 0.852975 	 0.00262253	0.00547894
2020 	 970 	 0.853 	 0.0026273	0.0054889
2020 	 975 	 0.853025 	 0.00263205	0.00549884
2020 	 980 	 0.85305 	 0.00263679	0.00550874
2020 	 985 	 0.853075 	 0.00264152	0.00551862
2020 	 990 	 0.853099 	 0.00264623	0.00552846
2020 	 995 	 0.853123 	 0.00265093	0.00553827
2020 	 1000 	 0.853147 	 0.00265561	0.00554805
2020 	 1005 	 0.853171 	 0.00266027	0.0055578
2020 	 1010 	 0.853194 	 0.00266493	0.00556751
2020 	 1015 	 0.853217 	 0.00266956	0.0055772
2020 	 1020 	 0.85324 	 0.00267418	0.00558686
2020 	 1025 	 0.853263 	 0.00267879	0.00559648
2020 	 1030 	 0.853286 	 0.00268338	0.00560607
2020 	 1035 	 0.853308 	 0.00268796	0.00561563
2020 	 1040 	 0.853331 	 0.00269252	0.00562516
2020 	 1045 	 0.853353 	 0.00269707	0.00563466
2020 	 1050 	 0.853374 	 0.0027016	0.00564413
2020 	 1055 	 0.853396 	 0.00270612	0.00565357
2020 	 1060 	 0.853417 	 0.00271062	0.00566297
2020 	 1065 	 0.853439 	 0.0027151	0.00567235
2020 	 1070 	 0.85346 	 0.00271958	0.00568169
2020 	 1075 	 0.853481 	 0.00272403	0.005691
2020 	 1080 	 0.853501 	 0.00272848	0.00570028
2020 	 1085 	 0.853522 	 0.0027329	0.00570953
2020 	 1090 	 0.853542 	 0.00273732	0.00571875
2020 	 1095 	 0.853562 	 0.00274172	0.00572794
2020 	 1100 	 0.853583 	 0.0027461	0.0057371
2020 	 1105 	 0.853602 	 0.00275047	0.00574623
2020 	 1110 	 0.853622 	 0.00275482	0.00575532
2020 	 1115 	 0.853642 	 0.00275916	0.00576439
2020 	 1120 	 0.853661 	 0.00276348	0.00577342
2020 	 1125 	 0.85368 	 0.00276779	0.00578243
2020 	 1130 	 0.853699 	 0.00277209	0.0057914
2020 	 1135 	 0.853718 	 0.00277637	0.00580034
2020 	 1140 	 0.853737 	 0.00278064	0.00580926
2020 	 1145 	 0.853755 	 0.00278489	0.00581814
2020 	 1150 	 0.853774 	 0.00278912	0.00582699
2020 	 1155 	 0.853792 	 0.00279335	0.00583581
2020 	 1160 	 0.85381 	 0.00279756	0.0058446
2020 	 1165 	 0.853828 	 0.00280175	0.00585336
2020 	 1170 	 0.853846 	 0.00280593	0.0058621
2020 	 1175 	 0.853864 	 0.00281009	0.0058708
2020 	 1180 	 0.853882 	 0.00281424	0.00587947
2020 	 1185 	 0.853899 	 0.00281838	0.00588811
2020 	 1190 	 0.853916 	 0.0028225	0.00589673
2020 	 1195 	 0.853933 	 0.00282661	0.00590531
2020 	 1200 	 0.853951 	 0.00283071	0.00591386
2020 	 1205 	 0.853967 	 0.00283479	0.00592239
2020 	 1210 	 0.853984 	 0.00283885	0.00593088
2020 	 1215 	 0.854001 	 0.0028429	0.00593935
2020 	 1220 	 0.854017 	 0.00284694	0.00594778
2020 	 1225 	 0.854034 	 0.00285097	0.00595619
2020 	 1230 	 0.85405 	 0.00285498	0.00596457
2020 	 1235 	 0.854066 	 0.00285897	0.00597292
2020 	 1240 	 0.854082 	 0.00286296	0.00598124
2020 	 1245 	 0.854098 	 0.00286693	0.00598953
2020 	 1250 	 0.854114 	 0.00287088	0.00599779
2020 	 1255 	 0.85413 	 0.00287482	0.00600603
2020 	 1260 	 0.854145 	 0.00287875	0.00601424
2020 	 1265 	 0.854161 	 0.00288267	0.00602242
2020 	 1270 	 0.854176 	 0.00288657	0.00603057
2020 	 1275 	 0.854191 	 0.00289046	0.00603869
2020 	 1280 	 0.854207 	 0.00289433	0.00604678
2020 	 1285 	 0.854222 	 0.00289819	0.00605485
2020 	 1290 	 0.854236 	 0.00290204	0.00606289
2020 	 1295 	 0.854251 	 0.00290587	0.0060709
2020 	 1300 	 0.854266 	 0.00290969	0.00607888
2020 	 1305 	 0.854281 	 0.0029135	0.00608684
2020 	 1310 	 0.854295 	 0.0029173	0.00609477
2020 	 1315 	 0.854309 	 0.00292108	0.00610267
2020 	 1320 	 0.854324 	 0.00292485	0.00611054
2020 	 1325 	 0.854338 	 0.0029286	0.00611839
2020 	 1330 	 0.854352 	 0.00293235	0.00612621
2020 	 1335 	 0.854366 	 0.00293608	0.006134
2020 	 1340 	 0.85438 	 0.0029398	0.00614177
2020 	 1345 	 0.854394 	 0.0029435	0.00614951
2020 	 1350 	 0.854407 	 0.00294719	0.00615722
2020 	 1355 	 0.854421 	 0.00295087	0.00616491
2020 	 1360 	 0.854435 	 0.00295454	0.00617257
2020 	 1365 	 0.854448 	 0.00295819	0.0061802
2020 	 1370 	 0.854461 	 0.00296184	0.00618781
2020 	 1375 	 0.854475 	 0.00296546	0.0061954
2020 	 1380 	 0.854488 	 0.00296908	0.00620295
2020 	 1385 	 0.854501 	 0.00297269	0.00621048
2020 	 1390 	 0.854514 	 0.00297628	0.00621799
2020 	 1395 	 0.854527 	 0.00297986	0.00622547
2020 	 1400 	 0.854539 	 0.00298343	0.00623292
2020 	 1405 	 0.854552 	 0.00298698	0.00624035
2020 	 1410 	 0.854565 	 0.00299053	0.00624775
2020 	 1415 	 0.854577 	 0.00299406	0.00625513
2020 	 1420 	 0.85459 	 0.00299758	0.00626248
2020 	 1425 	 0.854602 	 0.00300108	0.00626981
2020 	 1430 	 0.854615 	 0.00300458	0.00627711
2020 	 1435 	 0.854627 	 0.00300806	0.00628439
2020 	 1440 	 0.854639 	 0.00301154	0.00629165
2020 	 1445 	 0.854651 	 0.003015	0.00629888
2020 	 1450 	 0.854663 	 0.00301844	0.00630608
2020 	 1455 	 0.854675 	 0.00302188	0.00631326
2020 	 1460 	 0.854687 	 0.00302531	0.00632042
2020 	 1465 	 0.854699 	 0.00302872	0.00632755
2020 	 1470 	 0.85471 	 0.00303212	0.00633466
2020 	 1475 	 0.854722 	 0.00303551	0.00634174
2020 	 1480 	 0.854734 	 0.00303889	0.0063488
2020 	 1485 	 0.854745 	 0.00304226	0.00635584
2020 	 1490 	 0.854756 	 0.00304562	0.00636285
2020 	 1495 	 0.854768 	 0.00304896	0.00636984
2020 	 1500 	 0.854779 	 0.0030523	0.00637681
2020 	 1505 	 0.85479 	 0.00305562	0.00638375
2020 	 1510 	 0.854801 	 0.00305893	0.00639067
2020 	 1515 	 0.854813 	 0.00306224	0.00639757
2020 	 1520 	 0.854824 	 0.00306553	0.00640444
2020 	 1525 	 0.854834 	 0.0030688	0.00641129
2020 	 1530 	 0.854845 	 0.00307207	0.00641812
2020 	 1535 	 0.854856 	 0.00307533	0.00642493
2020 	 1540 	 0.854867 	 0.00307858	0.00643171
2020 	 1545 	 0.854878 	 0.00308181	0.00643847
2020 	 1550 	 0.854888 	 0.00308504	0.00644521
2020 	 1555 	 0.854899 	 0.00308825	0.00645192
2020 	 1560 	 0.854909 	 0.00309146	0.00645862
2020 	 1565 	 0.85492 	 0.00309465	0.00646529
2020 	 1570 	 0.85493 	 0.00309783	0.00647194
2020 	 1575 	 0.85494 	 0.003101	0.00647856
2020 	 1580 	 0.85495 	 0.00310417	0.00648517
2020 	 1585 	 0.854961 	 0.00310732	0.00649175
2020 	 1590 	 0.854971 	 0.00311046	0.00649832
2020 	 1595 	 0.854981 	 0.00311359	0.00650486
2020 	 1600 	 0.854991 	 0.00311671	0.00651138
2020 	 1605 	 0.855001 	 0.00311982	0.00651787
2020 	 1610 	 0.855011 	 0.00312292	0.00652435
2020 	 1615 	 0.855021 	 0.00312601	0.00653081
2020 	 1620 	 0.85503 	 0.00312909	0.00653724
2020 	 1625 	 0.85504 	 0.00313216	0.00654366
2020 	 1630 	 0.85505 	 0.00313522	0.00655005
2020 	 1635 	 0.855059 	 0.00313827	0.00655642
2020 	 1640 	 0.855069 	 0.00314131	0.00656277
2020 	 1645 	 0.855078 	 0.00314434	0.0065691
2020 	 1650 	 0.855088 	 0.00314736	0.00657542
2020 	 1655 	 0.855097 	 0.00315037	0.00658171
2020 	 1660 	 0.855107 	 0.00315338	0.00658798
2020 	 1665 	 0.855116 	 0.00315637	0.00659423
2020 	 1670 	 0.855125 	 0.00315935	0.00660046
2020 	 1675 	 0.855134 	 0.00316232	0.00660666
2020 	 1680 	 0.855143 	 0.00316528	0.00661285
2020 	 1685 	 0.855153 	 0.00316824	0.00661902
2020 	 1690 	 0.855162 	 0.00317118	0.00662517
2020 	 1695 	 0.855171 	 0.00317412	0.00663131
2020 	 1700 	 0.855179 	 0.00317704	0.00663742
2020 	 1705 	 0.855188 	 0.00317996	0.00664351
2020 	 1710 	 0.855197 	 0.00318286	0.00664958
2020 	 1715 	 0.855206 	 0.00318576	0.00665563
2020 	 1720 	 0.855215 	 0.00318865	0.00666167
2020 	 1725 	 0.855223 	 0.00319153	0.00666768
2020 	 1730 	 0.855232 	 0.0031944	0.00667368
2020 	 1735 	 0.855241 	 0.00319726	0.00667965
2020 	 1740 	 0.855249 	 0.00320011	0.00668561
2020 	 1745 	 0.855258 	 0.00320295	0.00669155
2020 	 1750 	 0.855266 	 0.00320579	0.00669747
2020 	 1755 	 0.855275 	 0.00320861	0.00670337
2020 	 1760 	 0.855283 	 0.00321143	0.00670926
2020 	 1765 	 0.855291 	 0.00321423	0.00671512
2020 	 1770 	 0.8553 	 0.00321703	0.00672097
2020 	 1775 	 0.855308 	 0.00321982	0.0067268
2020 	 1780 	 0.855316 	 0.0032226	0.00673261
2020 	 1785 	 0.855324 	 0.00322538	0.0067384
2020 	 1790 	 0.855332 	 0.00322814	0.00674417
2020 	 1795 	 0.855341 	 0.00323089	0.00674993
2020 	 1800 	 0.855349 	 0.00323364	0.00675567
2020 	 1805 	 0.855357 	 0.00323638	0.00676139
2020 	 1810 	 0.855365 	 0.00323911	0.00676709
2020 	 1815 	 0.855372 	 0.00324183	0.00677277
2020 	 1820 	 0.85538 	 0.00324454	0.00677844
2020 	 1825 	 0.855388 	 0.00324725	0.00678409
2020 	 1830 	 0.855396 	 0.00324994	0.00678972
2020 	 1835 	 0.855404 	 0.00325263	0.00679534
2020 	 1840 	 0.855411 	 0.00325531	0.00680094
2020 	 1845 	 0.855419 	 0.00325798	0.00680652
2020 	 1850 	 0.855427 	 0.00326065	0.00681208
2020 	 1855 	 0.855434 	 0.0032633	0.00681763
2020 	 1860 	 0.855442 	 0.00326595	0.00682316
2020 	 1865 	 0.85545 	 0.00326859	0.00682867
2020 	 1870 	 0.855457 	 0.00327122	0.00683417
2020 	 1875 	 0.855464 	 0.00327384	0.00683965
2020 	 1880 	 0.855472 	 0.00327646	0.00684511
2020 	 1885 	 0.855479 	 0.00327906	0.00685056
2020 	 1890 	 0.855487 	 0.00328166	0.00685599
2020 	 1895 	 0.855494 	 0.00328425	0.0068614
2020 	 1900 	 0.855501 	 0.00328684	0.0068668
2020 	 1905 	 0.855508 	 0.00328941	0.00687218
2020 	 1910 	 0.855516 	 0.00329198	0.00687754
2020 	 1915 	 0.855523 	 0.00329454	0.00688289
2020 	 1920 	 0.85553 	 0.00329709	0.00688823
2020 	 1925 	 0.855537 	 0.00329964	0.00689354
2020 	 1930 	 0.855544 	 0.00330217	0.00689884
2020 	 1935 	 0.855551 	 0.0033047	0.00690413
2020 	 1940 	 0.855558 	 0.00330723	0.0069094
2020 	 1945 	 0.855565 	 0.00330974	0.00691465
2020 	 1950 	 0.855572 	 0.00331225	0.00691989
2020 	 1955 	 0.855579 	 0.00331475	0.00692511
2020 	 1960 	 0.855586 	 0.00331724	0.00693032
2020 	 1965 	 0.855593 	 0.00331973	0.00693551
2020 	 1970 	 0.855599 	 0.0033222	0.00694069
2020 	 1975 	 0.855606 	 0.00332467	0.00694585
2020 	 1980 	 0.855613 	 0.00332714	0.00695099
2020 	 1985 	 0.85562 	 0.00332959	0.00695613
2020 	 1990 	 0.855626 	 0.00333204	0.00696124
2020 	 1995 	 0.855633 	 0.00333448	0.00696634
2020 	 2000 	 0.85564 	 0.00333692	0.00697143
2020 	 2005 	 0.855646 	 0.00333934	0.0069765
2020 	 2010 	 0.855653 	 0.00334176	0.00698155
2020 	 2015 	 0.855659 	 0.00334418	0.00698659
2020 	 2020 	 0.855666 	 0.00334658	0.00699162
2020 	 2025 	 0.855672 	 0.00334898	0.00699663
2020 	 2030 	 0.855679 	 0.00335137	0.00700163
2020 	 2035 	 0.855685 	 0.00335376	0.00700661
2020 	 2040 	 0.855691 	 0.00335614	0.00701158
2020 	 2045 	 0.855698 	 0.00335851	0.00701654
2020 	 2050 	 0.855704 	 0.00336087	0.00702148
2020 	 2055 	 0.85571 	 0.00336323	0.0070264
2020 	 2060 	 0.855717 	 0.00336558	0.00703131
2020 	 2065 	 0.855723 	 0.00336793	0.00703621
2020 	 2070 	 0.855729 	 0.00337026	0.00704109
2020 	 2075 	 0.855735 	 0.00337259	0.00704596
2020 	 2080 	 0.855741 	 0.00337492	0.00705082
2020 	 2085 	 0.855748 	 0.00337724	0.00705566
2020 	 2090 	 0.855754 	 0.00337955	0.00706049
2020 	 2095 	 0.85576 	 0.00338185	0.0070653
2020 	 2100 	 0.855766 	 0.00338415	0.0070701
2020 	 2105 	 0.855772 	 0.00338644	0.00707489
2020 	 2110 	 0.855778 	 0.00338872	0.00707966
2020 	 2115 	 0.855784 	 0.003391	0.00708442
2020 	 2120 	 0.85579 	 0.00339327	0.00708917
2020 	 2125 	 0.855796 	 0.00339554	0.0070939
2020 	 2130 	 0.855801 	 0.0033978	0.00709862
2020 	 2135 	 0.855807 	 0.00340005	0.00710333
2020 	 2140 	 0.855813 	 0.0034023	0.00710802
2020 	 2145 	 0.855819 	 0.00340454	0.0071127
2020 	 2150 	 0.855825 	 0.00340677	0.00711737
2020 	 2155 	 0.855831 	 0.003409	0.00712202
2020 	 2160 	 0.855836 	 0.00341122	0.00712666
2020 	 2165 	 0.855842 	 0.00341343	0.00713129
2020 	 2170 	 0.855848 	 0.00341564	0.0071359
2020 	 2175 	 0.855853 	 0.00341785	0.0071405
2020 	 2180 	 0.855859 	 0.00342004	0.00714509
2020 	 2185 	 0.855865 	 0.00342223	0.00714967
2020 	 2190 	 0.85587 	 0.00342442	0.00715423
2020 	 2195 	 0.855876 	 0.0034266	0.00715878
2020 	 2200 	 0.855881 	 0.00342877	0.00716332
2020 	 2205 	 0.855887 	 0.00343094	0.00716785
2020 	 2210 	 0.855892 	 0.0034331	0.00717236
2020 	 2215 	 0.855898 	 0.00343525	0.00717686
2020 	 2220 	 0.855903 	 0.0034374	0.00718135
2020 	 2225 	 0.855909 	 0.00343954	0.00718583
2020 	 2230 	 0.855914 	 0.00344168	0.00719029
2020 	 2235 	 0.855919 	 0.00344381	0.00719475
2020 	 2240 	 0.855925 	 0.00344593	0.00719919
2020 	 2245 	 0.85593 	 0.00344805	0.00720361
2020 	 2250 	 0.855935 	 0.00345017	0.00720803
2020 	 2255 	 0.855941 	 0.00345228	0.00721243
2020 	 2260 	 0.855946 	 0.00345438	0.00721683
2020 	 2265 	 0.855951 	 0.00345647	0.00722121
2020 	 2270 	 0.855957 	 0.00345857	0.00722557
2020 	 2275 	 0.855962 	 0.00346065	0.00722993
2020 	 2280 	 0.855967 	 0.00346273	0.00723427
2020 	 2285 	 0.855972 	 0.0034648	0.00723861
2020 	 2290 	 0.855977 	 0.00346687	0.00724293
2020 	 2295 	 0.855982 	 0.00346894	0.00724724
2020 	 2300 	 0.855987 	 0.00347099	0.00725154
2020 	 2305 	 0.855993 	 0.00347304	0.00725582
2020 	 2310 	 0.855998 	 0.00347509	0.0072601
2020 	 2315 	 0.856003 	 0.00347713	0.00726436
2020 	 2320 	 0.856008 	 0.00347917	0.00726861
2020 	 2325 	 0.856013 	 0.0034812	0.00727286
2020 	 2330 	 0.856018 	 0.00348322	0.00727709
2020 	 2335 	 0.856023 	 0.00348524	0.0072813
2020 	 2340 	 0.856028 	 0.00348725	0.00728551
2020 	 2345 	 0.856033 	 0.00348926	0.00728971
2020 	 2350 	 0.856037 	 0.00349127	0.00729389
2020 	 2355 	 0.856042 	 0.00349326	0.00729807
2020 	 2360 	 0.856047 	 0.00349526	0.00730223
2020 	 2365 	 0.856052 	 0.00349724	0.00730638
2020 	 2370 	 0.856057 	 0.00349923	0.00731052
2020 	 2375 	 0.856062 	 0.0035012	0.00731465
2020 	 2380 	 0.856066 	 0.00350318	0.00731877
2020 	 2385 	 0.856071 	 0.00350514	0.00732288
2020 	 2390 	 0.856076 	 0.0035071	0.00732698
2020 	 2395 	 0.856081 	 0.00350906	0.00733107
2020 	 2400 	 0.856085 	 0.00351101	0.00733514
2020 	 2405 	 0.85609 	 0.00351296	0.00733921
2020 	 2410 	 0.856095 	 0.0035149	0.00734327
2020 	 2415 	 0.8561 	 0.00351684	0.00734731
2020 	 2420 	 0.856104 	 0.00351877	0.00735135
2020 	 2425 	 0.856109 	 0.00352069	0.00735537
2020 	 2430 	 0.856113 	 0.00352261	0.00735938
2020 	 2435 	 0.856118 	 0.00352453	0.00736339
2020 	 2440 	 0.856123 	 0.00352644	0.00736738
2020 	 2445 	 0.856127 	 0.00352835	0.00737136
2020 	 2450 	 0.856132 	 0.00353025	0.00737534
2020 	 2455 	 0.856136 	 0.00353215	0.0073793
2020 	 2460 	 0.856141 	 0.00353404	0.00738325
2020 	 2465 	 0.856145 	 0.00353593	0.00738719
2020 	 2470 	 0.85615 	 0.00353781	0.00739113
2020 	 2475 	 0.856154 	 0.00353969	0.00739505
2020 	 2480 	 0.856159 	 0.00354156	0.00739896
2020 	 2485 	 0.856163 	 0.00354343	0.00740286
2020 	 2490 	 0.856167 	 0.00354529	0.00740675
2020 	 2495 	 0.856172 	 0.00354715	0.00741064
2020 	 2500 	 0.856176 	 0.003549	0.00741451
2020 	 2505 	 0.856181 	 0.00355085	0.00741837
2020 	 2510 	 0.856185 	 0.00355269	0.00742223
2020 	 2515 	 0.856189 	 0.00355453	0.00742607
2020 	 2520 	 0.856194 	 0.00355637	0.0074299
2020 	 2525 	 0.856198 	 0.0035582	0.00743373
2020 	 2530 	 0.856202 	 0.00356002	0.00743754
2020 	 2535 	 0.856206 	 0.00356185	0.00744135
2020 	 2540 	 0.856211 	 0.00356366	0.00744514
2020 	 2545 	 0.856215 	 0.00356548	0.00744893
2020 	 2550 	 0.856219 	 0.00356728	0.0074527
2020 	 2555 	 0.856223 	 0.00356909	0.00745647
2020 	 2560 	 0.856227 	 0.00357088	0.00746023
2020 	 2565 	 0.856232 	 0.00357268	0.00746398
2020 	 2570 	 0.856236 	 0.00357447	0.00746772
2020 	 2575 	 0.85624 	 0.00357625	0.00747145
2020 	 2580 	 0.856244 	 0.00357803	0.00747517
2020 	 2585 	 0.856248 	 0.00357981	0.00747888
2020 	 2590 	 0.856252 	 0.00358158	0.00748258
2020 	 2595 	 0.856256 	 0.00358335	0.00748627
2020 	 2600 	 0.85626 	 0.00358511	0.00748996
2020 	 2605 	 0.856264 	 0.00358687	0.00749363
2020 	 2610 	 0.856269 	 0.00358863	0.0074973
2020 	 2615 	 0.856273 	 0.00359038	0.00750095
2020 	 2620 	 0.856277 	 0.00359212	0.0075046
2020 	 2625 	 0.856281 	 0.00359387	0.00750824
2020 	 2630 	 0.856285 	 0.0035956	0.00751187
2020 	 2635 	 0.856288 	 0.00359734	0.00751549
2020 	 2640 	 0.856292 	 0.00359907	0.00751911
2020 	 2645 	 0.856296 	 0.00360079	0.00752271
2020 	 2650 	 0.8563 	 0.00360251	0.00752631
2020 	 2655 	 0.856304 	 0.00360423	0.00752989
2020 	 2660 	 0.856308 	 0.00360594	0.00753347
2020 	 2665 	 0.856312 	 0.00360765	0.00753704
2020 	 2670 	 0.856316 	 0.00360935	0.0075406
2020 	 2675 	 0.85632 	 0.00361105	0.00754415
2020 	 2680 	 0.856324 	 0.00361275	0.00754769
2020 	 2685 	 0.856327 	 0.00361444	0.00755123
2020 	 2690 	 0.856331 	 0.00361613	0.00755475
2020 	 2695 	 0.856335 	 0.00361781	0.00755827
2020 	 2700 	 0.856339 	 0.00361949	0.00756178
2020 	 2705 	 0.856343 	 0.00362117	0.00756528
2020 	 2710 	 0.856346 	 0.00362284	0.00756878
2020 	 2715 	 0.85635 	 0.00362451	0.00757226
2020 	 2720 	 0.856354 	 0.00362617	0.00757574
2020 	 2725 	 0.856358 	 0.00362783	0.0075792
2020 	 2730 	 0.856361 	 0.00362949	0.00758266
2020 	 2735 	 0.856365 	 0.00363114	0.00758612
2020 	 2740 	 0.856369 	 0.00363279	0.00758956
2020 	 2745 	 0.856372 	 0.00363443	0.00759299
2020 	 2750 	 0.856376 	 0.00363607	0.00759642
2020 	 2755 	 0.85638 	 0.00363771	0.00759984
2020 	 2760 	 0.856383 	 0.00363934	0.00760325
2020 	 2765 	 0.856387 	 0.00364097	0.00760665
2020 	 2770 	 0.856391 	 0.0036426	0.00761005
2020 	 2775 	 0.856394 	 0.00364422	0.00761343
2020 	 2780 	 0.856398 	 0.00364583	0.00761681
2020 	 2785 	 0.856401 	 0.00364745	0.00762018
2020 	 2790 	 0.856405 	 0.00364906	0.00762355
2020 	 2795 	 0.856409 	 0.00365066	0.0076269
2020 	 2800 	 0.856412 	 0.00365227	0.00763025
2020 	 2805 	 0.856416 	 0.00365387	0.00763359
2020 	 2810 	 0.856419 	 0.00365546	0.00763692
2020 	 2815 	 0.856423 	 0.00365705	0.00764025
2020 	 2820 	 0.856426 	 0.00365864	0.00764356
2020 	 2825 	 0.85643 	 0.00366022	0.00764687
2020 	 2830 	 0.856433 	 0.0036618	0.00765017
2020 	 2835 	 0.856437 	 0.00366338	0.00765347
2020 	 2840 	 0.85644 	 0.00366495	0.00765675
2020 	 2845 	 0.856444 	 0.00366652	0.00766003
2020 	 2850 	 0.856447 	 0.00366809	0.0076633
2020 	 2855 	 0.85645 	 0.00366965	0.00766657
2020 	 2860 	 0.856454 	 0.00367121	0.00766982
2020 	 2865 	 0.856457 	 0.00367276	0.00767307
2020 	 2870 	 0.856461 	 0.00367431	0.00767631
2020 	 2875 	 0.856464 	 0.00367586	0.00767954
2020 	 2880 	 0.856467 	 0.00367741	0.00768277
2020 	 2885 	 0.856471 	 0.00367895	0.00768599
2020 	 2890 	 0.856474 	 0.00368048	0.0076892
2020 	 2895 	 0.856477 	 0.00368202	0.00769241
2020 	 2900 	 0.856481 	 0.00368355	0.0076956
2020 	 2905 	 0.856484 	 0.00368507	0.00769879
2020 	 2910 	 0.856487 	 0.0036866	0.00770197
2020 	 2915 	 0.856491 	 0.00368812	0.00770515
2020 	 2920 	 0.856494 	 0.00368963	0.00770832
2020 	 2925 	 0.856497 	 0.00369115	0.00771148
2020 	 2930 	 0.8565 	 0.00369266	0.00771463
2020 	 2935 	 0.856504 	 0.00369416	0.00771778
2020 	 2940 	 0.856507 	 0.00369567	0.00772092
2020 	 2945 	 0.85651 	 0.00369717	0.00772405
2020 	 2950 	 0.856513 	 0.00369866	0.00772718
2020 	 2955 	 0.856517 	 0.00370015	0.0077303
2020 	 2960 	 0.85652 	 0.00370164	0.00773341
2020 	 2965 	 0.856523 	 0.00370313	0.00773651
2020 	 2970 	 0.856526 	 0.00370461	0.00773961
2020 	 2975 	 0.856529 	 0.00370609	0.0077427
2020 	 2980 	 0.856532 	 0.00370757	0.00774579
2020 	 2985 	 0.856536 	 0.00370904	0.00774887
2020 	 2990 	 0.856539 	 0.00371051	0.00775194
2020 	 2995 	 0.856542 	 0.00371198	0.007755
2020 	 3000 	 0.856545 	 0.00371344	0.00775806
2020 	 3005 	 0.856548 	 0.0037149	0.00776111
2020 	 3010 	 0.856551 	 0.00371636	0.00776415
2020 	 3015 	 0.856554 	 0.00371781	0.00776719
2020 	 3020 	 0.856557 	 0.00371926	0.00777022
2020 	 3025 	 0.85656 	 0.00372071	0.00777324
2020 	 3030 	 0.856564 	 0.00372215	0.00777626
2020 	 3035 	 0.856567 	 0.0037236	0.00777927
2020 	 3040 	 0.85657 	 0.00372503	0.00778227
2020 	 3045 	 0.856573 	 0.00372647	0.00778527
2020 	 3050 	 0.856576 	 0.0037279	0.00778826
2020 	 3055 	 0.856579 	 0.00372933	0.00779124
2020 	 3060 	 0.856582 	 0.00373075	0.00779422
2020 	 3065 	 0.856585 	 0.00373217	0.00779719
2020 	 3070 	 0.856588 	 0.00373359	0.00780016
2020 	 3075 	 0.856591 	 0.00373501	0.00780312
2020 	 3080 	 0.856594 	 0.00373642	0.00780607
2020 	 3085 	 0.856597 	 0.00373783	0.00780901
2020 	 3090 	 0.8566 	 0.00373924	0.00781195
2020 	 3095 	 0.856603 	 0.00374064	0.00781488
2020 	 3100 	 0.856606 	 0.00374204	0.00781781
2020 	 3105 	 0.856608 	 0.00374344	0.00782073
2020 	 3110 	 0.856611 	 0.00374484	0.00782365
2020 	 3115 	 0.856614 	 0.00374623	0.00782655
2020 	 3120 	 0.856617 	 0.00374762	0.00782945
2020 	 3125 	 0.85662 	 0.003749	0.00783235
2020 	 3130 	 0.856623 	 0.00375039	0.00783524
2020 	 3135 	 0.856626 	 0.00375177	0.00783812
2020 	 3140 	 0.856629 	 0.00375314	0.007841
2020 	 3145 	 0.856632 	 0.00375452	0.00784387
2020 	 3150 	 0.856634 	 0.00375589	0.00784673
2020 	 3155 	 0.856637 	 0.00375726	0.00784959
2020 	 3160 	 0.85664 	 0.00375862	0.00785244
2020 	 3165 	 0.856643 	 0.00375998	0.00785529
2020 	 3170 	 0.856646 	 0.00376134	0.00785813
2020 	 3175 	 0.856649 	 0.0037627	0.00786097
2020 	 3180 	 0.856651 	 0.00376405	0.00786379
2020 	 3185 	 0.856654 	 0.0037654	0.00786662
2020 	 3190 	 0.856657 	 0.00376675	0.00786943
2020 	 3195 	 0.85666 	 0.0037681	0.00787224
2020 	 3200 	 0.856662 	 0.00376944	0.00787505
2020 	 3205 	 0.856665 	 0.00377078	0.00787785
2020 	 3210 	 0.856668 	 0.00377212	0.00788064
2020 	 3215 	 0.856671 	 0.00377345	0.00788343
2020 	 3220 	 0.856673 	 0.00377478	0.00788621
2020 	 3225 	 0.856676 	 0.00377611	0.00788898
2020 	 3230 	 0.856679 	 0.00377744	0.00789175
2020 	 3235 	 0.856682 	 0.00377876	0.00789452
2020 	 3240 	 0.856684 	 0.00378008	0.00789727
2020 	 3245 	 0.856687 	 0.0037814	0.00790003
2020 	 3250 	 0.85669 	 0.00378271	0.00790277
2020 	 3255 	 0.856692 	 0.00378402	0.00790551
2020 	 3260 	 0.856695 	 0.00378533	0.00790825
2020 	 3265 	 0.856698 	 0.00378664	0.00791098
2020 	 3270 	 0.8567 	 0.00378794	0.0079137
2020 	 3275 	 0.856703 	 0.00378924	0.00791642
2020 	 3280 	 0.856706 	 0.00379054	0.00791913
2020 	 3285 	 0.856708 	 0.00379184	0.00792184
2020 	 3290 	 0.856711 	 0.00379313	0.00792454
2020 	 3295 	 0.856714 	 0.00379442	0.00792724
2020 	 3300 	 0.856716 	 0.00379571	0.00792993
2020 	 3305 	 0.856719 	 0.00379699	0.00793261
2020 	 3310 	 0.856721 	 0.00379828	0.00793529
2020 	 3315 	 0.856724 	 0.00379956	0.00793797
2020 	 3320 	 0.856727 	 0.00380083	0.00794064
2020 	 3325 	 0.856729 	 0.00380211	0.0079433
2020 	 3330 	 0.856732 	 0.00380338	0.00794596
2020 	 3335 	 0.856734 	 0.00380465	0.00794861
2020 	 3340 	 0.856737 	 0.00380592	0.00795126
2020 	 3345 	 0.85674 	 0.00380718	0.0079539
2020 	 3350 	 0.856742 	 0.00380844	0.00795653
2020 	 3355 	 0.856745 	 0.0038097	0.00795916
2020 	 3360 	 0.856747 	 0.00381096	0.00796179
2020 	 3365 	 0.85675 	 0.00381221	0.00796441
2020 	 3370 	 0.856752 	 0.00381347	0.00796703
2020 	 3375 	 0.856755 	 0.00381472	0.00796964
2020 	 3380 	 0.856757 	 0.00381596	0.00797224
2020 	 3385 	 0.85676 	 0.00381721	0.00797484
2020 	 3390 	 0.856762 	 0.00381845	0.00797743
2020 	 3395 	 0.856765 	 0.00381969	0.00798002
2020 	 3400 	 0.856767 	 0.00382092	0.00798261
2020 	 3405 	 0.85677 	 0.00382216	0.00798518
2020 	 3410 	 0.856772 	 0.00382339	0.00798776
2020 	 3415 	 0.856775 	 0.00382462	0.00799033
2020 	 3420 	 0.856777 	 0.00382585	0.00799289
2020 	 3425 	 0.856779 	 0.00382707	0.00799545
2020 	 3430 	 0.856782 	 0.00382829	0.007998
2020 	 3435 	 0.856784 	 0.00382951	0.00800055
2020 	 3440 	 0.856787 	 0.00383073	0.00800309
2020 	 3445 	 0.856789 	 0.00383194	0.00800563
2020 	 3450 	 0.856792 	 0.00383316	0.00800816
2020 	 3455 	 0.856794 	 0.00383437	0.00801069
2020 	 3460 	 0.856796 	 0.00383557	0.00801321
2020 	 3465 	 0.856799 	 0.00383678	0.00801573
2020 	 3470 	 0.856801 	 0.00383798	0.00801824
2020 	 3475 	 0.856804 	 0.00383918	0.00802075
2020 	 3480 	 0.856806 	 0.00384038	0.00802325
2020 	 3485 	 0.856808 	 0.00384158	0.00802575
2020 	 3490 	 0.856811 	 0.00384277	0.00802825
2020 	 3495 	 0.856813 	 0.00384396	0.00803073
2020 	 3500 	 0.856815 	 0.00384515	0.00803322
2020 	 3505 	 0.856818 	 0.00384634	0.0080357
2020 	 3510 	 0.85682 	 0.00384752	0.00803817
2020 	 3515 	 0.856822 	 0.0038487	0.00804064
2020 	 3520 	 0.856825 	 0.00384988	0.0080431
2020 	 3525 	 0.856827 	 0.00385106	0.00804556
2020 	 3530 	 0.856829 	 0.00385223	0.00804802
2020 	 3535 	 0.856832 	 0.00385341	0.00805047
2020 	 3540 	 0.856834 	 0.00385458	0.00805291
2020 	 3545 	 0.856836 	 0.00385574	0.00805535
2020 	 3550 	 0.856838 	 0.00385691	0.00805779
2020 	 3555 	 0.856841 	 0.00385807	0.00806022
2020 	 3560 	 0.856843 	 0.00385924	0.00806265
2020 	 3565 	 0.856845 	 0.00386039	0.00806507
2020 	 3570 	 0.856848 	 0.00386155	0.00806748
2020 	 3575 	 0.85685 	 0.00386271	0.0080699
2020 	 3580 	 0.856852 	 0.00386386	0.0080723
2020 	 3585 	 0.856854 	 0.00386501	0.00807471
2020 	 3590 	 0.856857 	 0.00386616	0.00807711
2020 	 3595 	 0.856859 	 0.0038673	0.0080795
2020 	 3600 	 0.856861 	 0.00386845	0.00808189
2020 	 3605 	 0.856863 	 0.00386959	0.00808427
2020 	 3610 	 0.856865 	 0.00387073	0.00808665
2020 	 3615 	 0.856868 	 0.00387186	0.00808903
2020 	 3620 	 0.85687 	 0.003873	0.0080914
2020 	 3625 	 0.856872 	 0.00387413	0.00809377
2020 	 3630 	 0.856874 	 0.00387526	0.00809613
2020 	 3635 	 0.856876 	 0.00387639	0.00809849
2020 	 3640 	 0.856879 	 0.00387752	0.00810084
2020 	 3645 	 0.856881 	 0.00387864	0.00810319
2020 	 3650 	 0.856883 	 0.00387976	0.00810553
2020 	 3655 	 0.856885 	 0.00388088	0.00810787
2020 	 3660 	 0.856887 	 0.003882	0.00811021
2020 	 3665 	 0.856889 	 0.00388312	0.00811254
2020 	 3670 	 0.856892 	 0.00388423	0.00811487
2020 	 3675 	 0.856894 	 0.00388534	0.00811719
2020 	 3680 	 0.856896 	 0.00388645	0.00811951
2020 	 3685 	 0.856898 	 0.00388756	0.00812182
2020 	 3690 	 0.8569 	 0.00388867	0.00812413
2020 	 3695 	 0.856902 	 0.00388977	0.00812644
2020 	 3700 	 0.856904 	 0.00389087	0.00812874
2020 	 3705 	 0.856907 	 0.00389197	0.00813103
2020 	 3710 	 0.856909 	 0.00389307	0.00813333
2020 	 3715 	 0.856911 	 0.00389416	0.00813561
2020 	 3720 	 0.856913 	 0.00389525	0.0081379
2020 	 3725 	 0.856915 	 0.00389635	0.00814018
2020 	 3730 	 0.856917 	 0.00389743	0.00814245
2020 	 3735 	 0.856919 	 0.00389852	0.00814472
2020 	 3740 	 0.856921 	 0.00389961	0.00814699
2020 	 3745 	 0.856923 	 0.00390069	0.00814925
2020 	 3750 	 0.856925 	 0.00390177	0.00815151
2020 	 3755 	 0.856927 	 0.00390285	0.00815376
2020 	 3760 	 0.856929 	 0.00390393	0.00815601
2020 	 3765 	 0.856931 	 0.003905	0.00815826
2020 	 3770 	 0.856934 	 0.00390608	0.0081605
2020 	 3775 	 0.856936 	 0.00390715	0.00816274
2020 	 3780 	 0.856938 	 0.00390822	0.00816497
2020 	 3785 	 0.85694 	 0.00390928	0.0081672
2020 	 3790 	 0.856942 	 0.00391035	0.00816943
2020 	 3795 	 0.856944 	 0.00391141	0.00817165
2020 	 3800 	 0.856946 	 0.00391247	0.00817387
2020 	 3805 	 0.856948 	 0.00391353	0.00817608
2020 	 3810 	 0.85695 	 0.00391459	0.00817829
2020 	 3815 	 0.856952 	 0.00391564	0.0081805
2020 	 3820 	 0.856954 	 0.0039167	0.0081827
2020 	 3825 	 0.856956 	 0.00391775	0.00818489
2020 	 3830 	 0.856958 	 0.0039188	0.00818709
2020 	 3835 	 0.85696 	 0.00391985	0.00818928
2020 	 3840 	 0.856962 	 0.00392089	0.00819146
2020 	 3845 	 0.856964 	 0.00392194	0.00819364
2020 	 3850 	 0.856966 	 0.00392298	0.00819582
2020 	 3855 	 0.856968 	 0.00392402	0.00819799
2020 	 3860 	 0.85697 	 0.00392506	0.00820016
2020 	 3865 	 0.856971 	 0.0039261	0.00820233
2020 	 3870 	 0.856973 	 0.00392713	0.00820449
2020 	 3875 	 0.856975 	 0.00392816	0.00820665
2020 	 3880 	 0.856977 	 0.00392919	0.0082088
2020 	 3885 	 0.856979 	 0.00393022	0.00821095
2020 	 3890 	 0.856981 	 0.00393125	0.0082131
2020 	 3895 	 0.856983 	 0.00393228	0.00821524
2020 	 3900 	 0.856985 	 0.0039333	0.00821738
2020 	 3905 	 0.856987 	 0.00393432	0.00821952
2020 	 3910 	 0.856989 	 0.00393534	0.00822165
2020 	 3915 	 0.856991 	 0.00393636	0.00822377
2020 	 3920 	 0.856993 	 0.00393738	0.0082259
2020 	 3925 	 0.856995 	 0.00393839	0.00822802
2020 	 3930 	 0.856996 	 0.0039394	0.00823013
2020 	 3935 	 0.856998 	 0.00394041	0.00823224
2020 	 3940 	 0.857 	 0.00394142	0.00823435
2020 	 3945 	 0.857002 	 0.00394243	0.00823646
2020 	 3950 	 0.857004 	 0.00394344	0.00823856
2020 	 3955 	 0.857006 	 0.00394444	0.00824066
2020 	 3960 	 0.857008 	 0.00394544	0.00824275
2020 	 3965 	 0.85701 	 0.00394644	0.00824484
2020 	 3970 	 0.857011 	 0.00394744	0.00824693
2020 	 3975 	 0.857013 	 0.00394844	0.00824901
2020 	 3980 	 0.857015 	 0.00394943	0.00825109
2020 	 3985 	 0.857017 	 0.00395043	0.00825316
2020 	 3990 	 0.857019 	 0.00395142	0.00825523
2020 	 3995 	 0.857021 	 0.00395241	0.0082573
2020 	 4000 	 0.857023 	 0.0039534	0.00825937
2020 	 4005 	 0.857024 	 0.00395438	0.00826143
2020 	 4010 	 0.857026 	 0.00395537	0.00826348
2020 	 4015 	 0.857028 	 0.00395635	0.00826554
2020 	 4020 	 0.85703 	 0.00395733	0.00826759
2020 	 4025 	 0.857032 	 0.00395831	0.00826963
2020 	 4030 	 0.857033 	 0.00395929	0.00827168
2020 	 4035 	 0.857035 	 0.00396027	0.00827372
2020 	 4040 	 0.857037 	 0.00396124	0.00827575
2020 	 4045 	 0.857039 	 0.00396221	0.00827778
2020 	 4050 	 0.857041 	 0.00396318	0.00827981
2020 	 4055 	 0.857042 	 0.00396415	0.00828184
2020 	 4060 	 0.857044 	 0.00396512	0.00828386
2020 	 4065 	 0.857046 	 0.00396609	0.00828588
2020 	 4070 	 0.857048 	 0.00396705	0.00828789
2020 	 4075 	 0.85705 	 0.00396801	0.0082899
2020 	 4080 	 0.857051 	 0.00396897	0.00829191
2020 	 4085 	 0.857053 	 0.00396993	0.00829392
2020 	 4090 	 0.857055 	 0.00397089	0.00829592
2020 	 4095 	 0.857057 	 0.00397185	0.00829791
2020 	 4100 	 0.857058 	 0.0039728	0.00829991
2020 	 4105 	 0.85706 	 0.00397376	0.0083019
2020 	 4110 	 0.857062 	 0.00397471	0.00830389
2020 	 4115 	 0.857064 	 0.00397566	0.00830587
2020 	 4120 	 0.857065 	 0.0039766	0.00830785
2020 	 4125 	 0.857067 	 0.00397755	0.00830983
2020 	 4130 	 0.857069 	 0.0039785	0.0083118
2020 	 4135 	 0.857071 	 0.00397944	0.00831377
2020 	 4140 	 0.857072 	 0.00398038	0.00831574
2020 	 4145 	 0.857074 	 0.00398132	0.0083177
2020 	 4150 	 0.857076 	 0.00398226	0.00831966
2020 	 4155 	 0.857077 	 0.00398319	0.00832162
2020 	 4160 	 0.857079 	 0.00398413	0.00832357
2020 	 4165 	 0.857081 	 0.00398506	0.00832552
2020 	 4170 	 0.857082 	 0.003986	0.00832747
2020 	 4175 	 0.857084 	 0.00398693	0.00832941
2020 	 4180 	 0.857086 	 0.00398785	0.00833136
2020 	 4185 	 0.857088 	 0.00398878	0.00833329
2020 	 4190 	 0.857089 	 0.00398971	0.00833523
2020 	 4195 	 0.857091 	 0.00399063	0.00833716
2020 	 4200 	 0.857093 	 0.00399155	0.00833909
2020 	 4205 	 0.857094 	 0.00399248	0.00834101
2020 	 4210 	 0.857096 	 0.0039934	0.00834293
2020 	 4215 	 0.857098 	 0.00399431	0.00834485
2020 	 4220 	 0.857099 	 0.00399523	0.00834676
2020 	 4225 	 0.857101 	 0.00399614	0.00834867
2020 	 4230 	 0.857103 	 0.00399706	0.00835058
2020 	 4235 	 0.857104 	 0.00399797	0.00835249
2020 	 4240 	 0.857106 	 0.00399888	0.00835439
2020 	 4245 	 0.857108 	 0.00399979	0.00835629
2020 	 4250 	 0.857109 	 0.0040007	0.00835818
2020 	 4255 	 0.857111 	 0.0040016	0.00836008
2020 	 4260 	 0.857112 	 0.00400251	0.00836197
2020 	 4265 	 0.857114 	 0.00400341	0.00836385
2020 	 4270 	 0.857116 	 0.00400431	0.00836574
2020 	 4275 	 0.857117 	 0.00400521	0.00836762
2020 	 4280 	 0.857119 	 0.00400611	0.00836949
2020 	 4285 	 0.857121 	 0.00400701	0.00837137
2020 	 4290 	 0.857122 	 0.0040079	0.00837324
2020 	 4295 	 0.857124 	 0.0040088	0.0083751
2020 	 4300 	 0.857125 	 0.00400969	0.00837697
2020 	 4305 	 0.857127 	 0.00401058	0.00837883
2020 	 4310 	 0.857129 	 0.00401147	0.00838069
2020 	 4315 	 0.85713 	 0.00401236	0.00838254
2020 	 4320 	 0.857132 	 0.00401324	0.0083844
2020 	 4325 	 0.857133 	 0.00401413	0.00838625
2020 	 4330 	 0.857135 	 0.00401501	0.00838809
2020 	 4335 	 0.857137 	 0.00401589	0.00838994
2020 	 4340 	 0.857138 	 0.00401678	0.00839178
2020 	 4345 	 0.85714 	 0.00401765	0.00839361
2020 	 4350 	 0.857141 	 0.00401853	0.00839545
2020 	 4355 	 0.857143 	 0.00401941	0.00839728
2020 	 4360 	 0.857144 	 0.00402028	0.00839911
2020 	 4365 	 0.857146 	 0.00402116	0.00840093
2020 	 4370 	 0.857147 	 0.00402203	0.00840275
2020 	 4375 	 0.857149 	 0.0040229	0.00840457
2020 	 4380 	 0.857151 	 0.00402377	0.00840639
2020 	 4385 	 0.857152 	 0.00402464	0.0084082
2020 	 4390 	 0.857154 	 0.00402551	0.00841001
2020 	 4395 	 0.857155 	 0.00402637	0.00841182
2020 	 4400 	 0.857157 	 0.00402723	0.00841363
2020 	 4405 	 0.857158 	 0.0040281	0.00841543
2020 	 4410 	 0.85716 	 0.00402896	0.00841723
2020 	 4415 	 0.857161 	 0.00402982	0.00841902
2020 	 4420 	 0.857163 	 0.00403068	0.00842082
2020 	 4425 	 0.857164 	 0.00403153	0.00842261
2020 	 4430 	 0.857166 	 0.00403239	0.00842439
2020 	 4435 	 0.857167 	 0.00403324	0.00842618
2020 	 4440 	 0.857169 	 0.0040341	0.00842796
2020 	 4445 	 0.85717 	 0.00403495	0.00842974
2020 	 4450 	 0.857172 	 0.0040358	0.00843152
2020 	 4455 	 0.857173 	 0.00403665	0.00843329
2020 	 4460 	 0.857175 	 0.00403749	0.00843506
2020 	 4465 	 0.857176 	 0.00403834	0.00843683
2020 	 4470 	 0.857178 	 0.00403918	0.00843859
2020 	 4475 	 0.857179 	 0.00404003	0.00844035
2020 	 4480 	 0.857181 	 0.00404087	0.00844211
2020 	 4485 	 0.857182 	 0.00404171	0.00844387
2020 	 4490 	 0.857184 	 0.00404255	0.00844562
2020 	 4495 	 0.857185 	 0.00404339	0.00844737
2020 	 4500 	 0.857187 	 0.00404422	0.00844912
2020 	 4505 	 0.857188 	 0.00404506	0.00845087
2020 	 4510 	 0.85719 	 0.00404589	0.00845261
2020 	 4515 	 0.857191 	 0.00404673	0.00845435
2020 	 4520 	 0.857193 	 0.00404756	0.00845609
2020 	 4525 	 0.857194 	 0.00404839	0.00845782
2020 	 4530 	 0.857196 	 0.00404922	0.00845955
2020 	 4535 	 0.857197 	 0.00405004	0.00846128
2020 	 4540 	 0.857199 	 0.00405087	0.00846301
2020 	 4545 	 0.8572 	 0.0040517	0.00846473
2020 	 4550 	 0.857201 	 0.00405252	0.00846645
2020 	 4555 	 0.857203 	 0.00405334	0.00846817
2020 	 4560 	 0.857204 	 0.00405416	0.00846988
2020 	 4565 	 0.857206 	 0.00405498	0.0084716
2020 	 4570 	 0.857207 	 0.0040558	0.00847331
2020 	 4575 	 0.857209 	 0.00405662	0.00847501
2020 	 4580 	 0.85721 	 0.00405743	0.00847672
2020 	 4585 	 0.857212 	 0.00405825	0.00847842
2020 	 4590 	 0.857213 	 0.00405906	0.00848012
2020 	 4595 	 0.857214 	 0.00405987	0.00848182
2020 	 4600 	 0.857216 	 0.00406068	0.00848351
2020 	 4605 	 0.857217 	 0.00406149	0.0084852
2020 	 4610 	 0.857219 	 0.0040623	0.00848689
2020 	 4615 	 0.85722 	 0.00406311	0.00848858
2020 	 4620 	 0.857221 	 0.00406392	0.00849026
2020 	 4625 	 0.857223 	 0.00406472	0.00849194
2020 	 4630 	 0.857224 	 0.00406552	0.00849362
2020 	 4635 	 0.857226 	 0.00406633	0.0084953
2020 	 4640 	 0.857227 	 0.00406713	0.00849697
2020 	 4645 	 0.857228 	 0.00406793	0.00849864
2020 	 4650 	 0.85723 	 0.00406872	0.00850031
2020 	 4655 	 0.857231 	 0.00406952	0.00850197
2020 	 4660 	 0.857233 	 0.00407032	0.00850364
2020 	 4665 	 0.857234 	 0.00407111	0.0085053
2020 	 4670 	 0.857235 	 0.00407191	0.00850695
2020 	 4675 	 0.857237 	 0.0040727	0.00850861
2020 	 4680 	 0.857238 	 0.00407349	0.00851026
2020 	 4685 	 0.857239 	 0.00407428	0.00851191
2020 	 4690 	 0.857241 	 0.00407507	0.00851356
2020 	 4695 	 0.857242 	 0.00407586	0.00851521
2020 	 4700 	 0.857244 	 0.00407664	0.00851685
2020 	 4705 	 0.857245 	 0.00407743	0.00851849
2020 	 4710 	 0.857246 	 0.00407821	0.00852013
2020 	 4715 	 0.857248 	 0.00407899	0.00852176
2020 	 4720 	 0.857249 	 0.00407978	0.00852339
2020 	 4725 	 0.85725 	 0.00408056	0.00852503
2020 	 4730 	 0.857252 	 0.00408134	0.00852665
2020 	 4735 	 0.857253 	 0.00408211	0.00852828
2020 	 4740 	 0.857254 	 0.00408289	0.0085299
2020 	 4745 	 0.857256 	 0.00408367	0.00853152
2020 	 4750 	 0.857257 	 0.00408444	0.00853314
2020 	 4755 	 0.857258 	 0.00408521	0.00853476
2020 	 4760 	 0.85726 	 0.00408599	0.00853637
2020 	 4765 	 0.857261 	 0.00408676	0.00853798
2020 	 4770 	 0.857262 	 0.00408753	0.00853959
2020 	 4775 	 0.857264 	 0.0040883	0.00854119
2020 	 4780 	 0.857265 	 0.00408906	0.0085428
2020 	 4785 	 0.857266 	 0.00408983	0.0085444
2020 	 4790 	 0.857268 	 0.00409059	0.008546
2020 	 4795 	 0.857269 	 0.00409136	0.00854759
2020 	 4800 	 0.85727 	 0.00409212	0.00854919
2020 	 4805 	 0.857272 	 0.00409288	0.00855078
2020 	 4810 	 0.857273 	 0.00409364	0.00855237
2020 	 4815 	 0.857274 	 0.0040944	0.00855395
2020 	 4820 	 0.857275 	 0.00409516	0.00855554
2020 	 4825 	 0.857277 	 0.00409592	0.00855712
2020 	 4830 	 0.857278 	 0.00409667	0.0085587
2020 	 4835 	 0.857279 	 0.00409743	0.00856028
2020 	 4840 	 0.857281 	 0.00409818	0.00856185
2020 	 4845 	 0.857282 	 0.00409894	0.00856343
2020 	 4850 	 0.857283 	 0.00409969	0.008565
2020 	 4855 	 0.857284 	 0.00410044	0.00856656
2020 	 4860 	 0.857286 	 0.00410119	0.00856813
2020 	 4865 	 0.857287 	 0.00410194	0.00856969
2020 	 4870 	 0.857288 	 0.00410268	0.00857125
2020 	 4875 	 0.85729 	 0.00410343	0.00857281
2020 	 4880 	 0.857291 	 0.00410417	0.00857437
2020 	 4885 	 0.857292 	 0.00410492	0.00857592
2020 	 4890 	 0.857293 	 0.00410566	0.00857747
2020 	 4895 	 0.857295 	 0.0041064	0.00857902
2020 	 4900 	 0.857296 	 0.00410714	0.00858057
2020 	 4905 	 0.857297 	 0.00410788	0.00858212
2020 	 4910 	 0.857298 	 0.00410862	0.00858366
2020 	 4915 	 0.8573 	 0.00410936	0.0085852
2020 	 4920 	 0.857301 	 0.0041101	0.00858674
2020 	 4925 	 0.857302 	 0.00411083	0.00858827
2020 	 4930 	 0.857303 	 0.00411156	0.00858981
2020 	 4935 	 0.857305 	 0.0041123	0.00859134
2020 	 4940 	 0.857306 	 0.00411303	0.00859287
2020 	 4945 	 0.857307 	 0.00411376	0.0085944
2020 	 4950 	 0.857308 	 0.00411449	0.00859592
2020 	 4955 	 0.85731 	 0.00411522	0.00859744
2020 	 4960 	 0.857311 	 0.00411595	0.00859896
2020 	 4965 	 0.857312 	 0.00411667	0.00860048
2020 	 4970 	 0.857313 	 0.0041174	0.008602
2020 	 4975 	 0.857315 	 0.00411812	0.00860351
2020 	 4980 	 0.857316 	 0.00411885	0.00860502
2020 	 4985 	 0.857317 	 0.00411957	0.00860653
2020 	 4990 	 0.857318 	 0.00412029	0.00860804
2020 	 4995 	 0.857319 	 0.00412101	0.00860954
2020 	 5000 	 0.857321 	 0.00412173	0.00861105
