4045 	 5 	 0.729363 	 0.0067826	0.0141701
4045 	 10 	 0.729965 	 0.00639352	0.0133572
4045 	 15 	 0.731102 	 0.00578919	0.0120947
4045 	 20 	 0.733215 	 0.00494422	0.0103294
4045 	 25 	 0.737011 	 0.00400174	0.00836037
4045 	 30 	 0.74344 	 0.00340071	0.0071047
4045 	 35 	 0.753314 	 0.00328045	0.00685345
4045 	 40 	 0.766412 	 0.00291789	0.006096
4045 	 45 	 0.781791 	 0.00322828	0.00674446
4045 	 50 	 0.795982 	 0.00319467	0.00667425
4045 	 55 	 0.806684 	 0.00292777	0.00611664
4045 	 60 	 0.813906 	 0.00256158	0.00535161
4045 	 65 	 0.818534 	 0.00235375	0.0049174
4045 	 70 	 0.821515 	 0.00233678	0.00488196
4045 	 75 	 0.823533 	 0.00240046	0.005015
4045 	 80 	 0.825006 	 0.00246959	0.00515942
4045 	 85 	 0.826174 	 0.00252313	0.00527129
4045 	 90 	 0.827164 	 0.00256213	0.00535277
4045 	 95 	 0.828048 	 0.00259148	0.00541408
4045 	 100 	 0.828861 	 0.00261463	0.00546244
4045 	 105 	 0.829624 	 0.00263321	0.00550126
4045 	 110 	 0.830348 	 0.00264776	0.00553166
4045 	 115 	 0.831039 	 0.00265838	0.00555383
4045 	 120 	 0.831701 	 0.00266506	0.0055678
4045 	 125 	 0.832337 	 0.0026679	0.00557373
4045 	 130 	 0.832948 	 0.00266709	0.00557203
4045 	 135 	 0.833536 	 0.0026629	0.00556327
4045 	 140 	 0.834102 	 0.00265568	0.0055482
4045 	 145 	 0.834647 	 0.00264583	0.00552762
4045 	 150 	 0.835172 	 0.00263374	0.00550236
4045 	 155 	 0.835678 	 0.0026198	0.00547323
4045 	 160 	 0.836165 	 0.00260437	0.005441
4045 	 165 	 0.836636 	 0.0025878	0.00540639
4045 	 170 	 0.837089 	 0.0025704	0.00537004
4045 	 175 	 0.837527 	 0.00255245	0.00533254
4045 	 180 	 0.83795 	 0.00253419	0.00529439
4045 	 185 	 0.838358 	 0.00251584	0.00525606
4045 	 190 	 0.838752 	 0.00249759	0.00521791
4045 	 195 	 0.839133 	 0.00247958	0.00518029
4045 	 200 	 0.839501 	 0.00246195	0.00514346
4045 	 205 	 0.839857 	 0.00244481	0.00510765
4045 	 210 	 0.840202 	 0.00242825	0.00507306
4045 	 215 	 0.840535 	 0.00241235	0.00503983
4045 	 220 	 0.840858 	 0.00239715	0.00500808
4045 	 225 	 0.84117 	 0.0023827	0.00497789
4045 	 230 	 0.841473 	 0.00236903	0.00494934
4045 	 235 	 0.841767 	 0.00235617	0.00492247
4045 	 240 	 0.842051 	 0.00234412	0.0048973
4045 	 245 	 0.842327 	 0.00233289	0.00487383
4045 	 250 	 0.842595 	 0.00232248	0.00485208
4045 	 255 	 0.842855 	 0.00231287	0.00483201
4045 	 260 	 0.843107 	 0.00230407	0.00481362
4045 	 265 	 0.843352 	 0.00229605	0.00479686
4045 	 270 	 0.84359 	 0.00228879	0.0047817
4045 	 275 	 0.843822 	 0.00228228	0.0047681
4045 	 280 	 0.844047 	 0.0022765	0.00475601
4045 	 285 	 0.844266 	 0.00227141	0.00474539
4045 	 290 	 0.844479 	 0.002267	0.00473618
4045 	 295 	 0.844686 	 0.00226325	0.00472834
4045 	 300 	 0.844887 	 0.00226012	0.0047218
4045 	 305 	 0.845084 	 0.0022576	0.00471653
4045 	 310 	 0.845275 	 0.00225565	0.00471246
4045 	 315 	 0.845462 	 0.00225425	0.00470954
4045 	 320 	 0.845643 	 0.00225338	0.00470773
4045 	 325 	 0.84582 	 0.00225302	0.00470697
4045 	 330 	 0.845993 	 0.00225314	0.00470722
4045 	 335 	 0.846161 	 0.00225371	0.00470842
4045 	 340 	 0.846326 	 0.00225473	0.00471053
4045 	 345 	 0.846486 	 0.00225615	0.00471351
4045 	 350 	 0.846643 	 0.00225797	0.00471732
4045 	 355 	 0.846796 	 0.00226017	0.0047219
4045 	 360 	 0.846945 	 0.00226272	0.00472723
4045 	 365 	 0.847091 	 0.0022656	0.00473326
4045 	 370 	 0.847234 	 0.00226881	0.00473995
4045 	 375 	 0.847373 	 0.00227231	0.00474728
4045 	 380 	 0.84751 	 0.00227611	0.0047552
4045 	 385 	 0.847643 	 0.00228017	0.00476369
4045 	 390 	 0.847773 	 0.00228449	0.00477272
4045 	 395 	 0.847901 	 0.00228905	0.00478224
4045 	 400 	 0.848026 	 0.00229384	0.00479225
4045 	 405 	 0.848148 	 0.00229884	0.0048027
4045 	 410 	 0.848268 	 0.00230405	0.00481358
4045 	 415 	 0.848385 	 0.00230945	0.00482485
4045 	 420 	 0.8485 	 0.00231502	0.00483651
4045 	 425 	 0.848612 	 0.00232077	0.00484851
4045 	 430 	 0.848723 	 0.00232668	0.00486085
4045 	 435 	 0.848831 	 0.00233273	0.00487351
4045 	 440 	 0.848936 	 0.00233893	0.00488645
4045 	 445 	 0.84904 	 0.00234526	0.00489968
4045 	 450 	 0.849142 	 0.00235171	0.00491316
4045 	 455 	 0.849242 	 0.00235828	0.00492689
4045 	 460 	 0.84934 	 0.00236496	0.00494084
4045 	 465 	 0.849436 	 0.00237174	0.004955
4045 	 470 	 0.84953 	 0.00237862	0.00496937
4045 	 475 	 0.849623 	 0.00238558	0.00498391
4045 	 480 	 0.849714 	 0.00239263	0.00499863
4045 	 485 	 0.849803 	 0.00239975	0.00501351
4045 	 490 	 0.84989 	 0.00240694	0.00502854
4045 	 495 	 0.849976 	 0.0024142	0.00504371
4045 	 500 	 0.850061 	 0.00242152	0.005059
4045 	 505 	 0.850144 	 0.0024289	0.00507442
4045 	 510 	 0.850226 	 0.00243633	0.00508994
4045 	 515 	 0.850306 	 0.00244381	0.00510556
4045 	 520 	 0.850385 	 0.00245133	0.00512127
4045 	 525 	 0.850462 	 0.00245889	0.00513706
4045 	 530 	 0.850538 	 0.00246648	0.00515293
4045 	 535 	 0.850613 	 0.00247411	0.00516887
4045 	 540 	 0.850687 	 0.00248177	0.00518487
4045 	 545 	 0.850759 	 0.00248946	0.00520093
4045 	 550 	 0.850831 	 0.00249716	0.00521703
4045 	 555 	 0.850901 	 0.00250489	0.00523318
4045 	 560 	 0.85097 	 0.00251264	0.00524936
4045 	 565 	 0.851038 	 0.0025204	0.00526557
4045 	 570 	 0.851105 	 0.00252817	0.00528182
4045 	 575 	 0.85117 	 0.00253596	0.00529808
4045 	 580 	 0.851235 	 0.00254375	0.00531436
4045 	 585 	 0.851299 	 0.00255155	0.00533066
4045 	 590 	 0.851362 	 0.00255936	0.00534696
4045 	 595 	 0.851424 	 0.00256716	0.00536327
4045 	 600 	 0.851485 	 0.00257497	0.00537958
4045 	 605 	 0.851545 	 0.00258278	0.00539589
4045 	 610 	 0.851604 	 0.00259058	0.0054122
4045 	 615 	 0.851662 	 0.00259838	0.00542849
4045 	 620 	 0.85172 	 0.00260617	0.00544477
4045 	 625 	 0.851776 	 0.00261396	0.00546104
4045 	 630 	 0.851832 	 0.00262174	0.0054773
4045 	 635 	 0.851887 	 0.00262951	0.00549353
4045 	 640 	 0.851941 	 0.00263727	0.00550974
4045 	 645 	 0.851995 	 0.00264502	0.00552593
4045 	 650 	 0.852048 	 0.00265275	0.00554209
4045 	 655 	 0.8521 	 0.00266048	0.00555822
4045 	 660 	 0.852151 	 0.00266818	0.00557432
4045 	 665 	 0.852201 	 0.00267587	0.00559039
4045 	 670 	 0.852251 	 0.00268355	0.00560642
4045 	 675 	 0.852301 	 0.00269121	0.00562242
4045 	 680 	 0.852349 	 0.00269885	0.00563838
4045 	 685 	 0.852397 	 0.00270647	0.00565431
4045 	 690 	 0.852444 	 0.00271407	0.00567019
4045 	 695 	 0.852491 	 0.00272165	0.00568603
4045 	 700 	 0.852537 	 0.00272921	0.00570183
4045 	 705 	 0.852583 	 0.00273676	0.00571758
4045 	 710 	 0.852627 	 0.00274427	0.00573329
4045 	 715 	 0.852672 	 0.00275177	0.00574895
4045 	 720 	 0.852716 	 0.00275925	0.00576457
4045 	 725 	 0.852759 	 0.0027667	0.00578014
4045 	 730 	 0.852801 	 0.00277413	0.00579566
4045 	 735 	 0.852844 	 0.00278153	0.00581112
4045 	 740 	 0.852885 	 0.00278891	0.00582654
4045 	 745 	 0.852926 	 0.00279627	0.00584191
4045 	 750 	 0.852967 	 0.0028036	0.00585723
4045 	 755 	 0.853007 	 0.0028109	0.00587249
4045 	 760 	 0.853047 	 0.00281818	0.0058877
4045 	 765 	 0.853086 	 0.00282544	0.00590286
4045 	 770 	 0.853125 	 0.00283267	0.00591796
4045 	 775 	 0.853163 	 0.00283987	0.00593301
4045 	 780 	 0.853201 	 0.00284705	0.005948
4045 	 785 	 0.853238 	 0.0028542	0.00596294
4045 	 790 	 0.853275 	 0.00286132	0.00597782
4045 	 795 	 0.853311 	 0.00286842	0.00599265
4045 	 800 	 0.853347 	 0.00287549	0.00600741
4045 	 805 	 0.853383 	 0.00288253	0.00602213
4045 	 810 	 0.853418 	 0.00288954	0.00603678
4045 	 815 	 0.853453 	 0.00289653	0.00605138
4045 	 820 	 0.853488 	 0.00290349	0.00606592
4045 	 825 	 0.853522 	 0.00291043	0.00608041
4045 	 830 	 0.853556 	 0.00291733	0.00609484
4045 	 835 	 0.853589 	 0.00292421	0.00610921
4045 	 840 	 0.853622 	 0.00293106	0.00612352
4045 	 845 	 0.853655 	 0.00293788	0.00613777
4045 	 850 	 0.853687 	 0.00294468	0.00615197
4045 	 855 	 0.853719 	 0.00295144	0.0061661
4045 	 860 	 0.85375 	 0.00295818	0.00618018
4045 	 865 	 0.853782 	 0.00296489	0.0061942
4045 	 870 	 0.853813 	 0.00297158	0.00620817
4045 	 875 	 0.853843 	 0.00297823	0.00622207
4045 	 880 	 0.853873 	 0.00298486	0.00623592
4045 	 885 	 0.853903 	 0.00299146	0.00624971
4045 	 890 	 0.853933 	 0.00299803	0.00626344
4045 	 895 	 0.853962 	 0.00300458	0.00627711
4045 	 900 	 0.853991 	 0.0030111	0.00629073
4045 	 905 	 0.85402 	 0.00301759	0.00630429
4045 	 910 	 0.854049 	 0.00302405	0.00631779
4045 	 915 	 0.854077 	 0.00303048	0.00633123
4045 	 920 	 0.854105 	 0.00303689	0.00634462
4045 	 925 	 0.854132 	 0.00304327	0.00635794
4045 	 930 	 0.85416 	 0.00304962	0.00637121
4045 	 935 	 0.854187 	 0.00305595	0.00638443
4045 	 940 	 0.854214 	 0.00306224	0.00639759
4045 	 945 	 0.85424 	 0.00306851	0.00641069
4045 	 950 	 0.854266 	 0.00307476	0.00642373
4045 	 955 	 0.854293 	 0.00308097	0.00643672
4045 	 960 	 0.854318 	 0.00308716	0.00644965
4045 	 965 	 0.854344 	 0.00309333	0.00646252
4045 	 970 	 0.854369 	 0.00309946	0.00647534
4045 	 975 	 0.854394 	 0.00310557	0.00648811
4045 	 980 	 0.854419 	 0.00311166	0.00650082
4045 	 985 	 0.854444 	 0.00311771	0.00651347
4045 	 990 	 0.854468 	 0.00312374	0.00652607
4045 	 995 	 0.854492 	 0.00312975	0.00653861
4045 	 1000 	 0.854516 	 0.00313572	0.0065511
4045 	 1005 	 0.85454 	 0.00314168	0.00656353
4045 	 1010 	 0.854563 	 0.0031476	0.00657591
4045 	 1015 	 0.854587 	 0.0031535	0.00658824
4045 	 1020 	 0.85461 	 0.00315938	0.00660051
4045 	 1025 	 0.854633 	 0.00316522	0.00661273
4045 	 1030 	 0.854655 	 0.00317105	0.0066249
4045 	 1035 	 0.854678 	 0.00317684	0.00663701
4045 	 1040 	 0.8547 	 0.00318262	0.00664907
4045 	 1045 	 0.854722 	 0.00318836	0.00666107
4045 	 1050 	 0.854744 	 0.00319409	0.00667303
4045 	 1055 	 0.854765 	 0.00319978	0.00668493
4045 	 1060 	 0.854787 	 0.00320546	0.00669678
4045 	 1065 	 0.854808 	 0.0032111	0.00670858
4045 	 1070 	 0.854829 	 0.00321673	0.00672033
4045 	 1075 	 0.85485 	 0.00322233	0.00673203
4045 	 1080 	 0.854871 	 0.0032279	0.00674367
4045 	 1085 	 0.854892 	 0.00323345	0.00675527
4045 	 1090 	 0.854912 	 0.00323898	0.00676681
4045 	 1095 	 0.854932 	 0.00324448	0.00677831
4045 	 1100 	 0.854952 	 0.00324996	0.00678975
4045 	 1105 	 0.854972 	 0.00325541	0.00680115
4045 	 1110 	 0.854992 	 0.00326084	0.00681249
4045 	 1115 	 0.855011 	 0.00326625	0.00682379
4045 	 1120 	 0.855031 	 0.00327163	0.00683504
4045 	 1125 	 0.85505 	 0.00327699	0.00684624
4045 	 1130 	 0.855069 	 0.00328233	0.00685739
4045 	 1135 	 0.855088 	 0.00328765	0.00686849
4045 	 1140 	 0.855107 	 0.00329294	0.00687955
4045 	 1145 	 0.855125 	 0.00329821	0.00689055
4045 	 1150 	 0.855144 	 0.00330345	0.00690151
4045 	 1155 	 0.855162 	 0.00330868	0.00691243
4045 	 1160 	 0.85518 	 0.00331388	0.00692329
4045 	 1165 	 0.855199 	 0.00331906	0.00693411
4045 	 1170 	 0.855216 	 0.00332421	0.00694489
4045 	 1175 	 0.855234 	 0.00332935	0.00695561
4045 	 1180 	 0.855252 	 0.00333446	0.0069663
4045 	 1185 	 0.855269 	 0.00333955	0.00697693
4045 	 1190 	 0.855287 	 0.00334462	0.00698752
4045 	 1195 	 0.855304 	 0.00334967	0.00699807
4045 	 1200 	 0.855321 	 0.00335469	0.00700857
4045 	 1205 	 0.855338 	 0.0033597	0.00701903
4045 	 1210 	 0.855355 	 0.00336468	0.00702944
4045 	 1215 	 0.855371 	 0.00336965	0.00703981
4045 	 1220 	 0.855388 	 0.00337459	0.00705013
4045 	 1225 	 0.855404 	 0.00337951	0.00706041
4045 	 1230 	 0.855421 	 0.00338441	0.00707065
4045 	 1235 	 0.855437 	 0.00338929	0.00708084
4045 	 1240 	 0.855453 	 0.00339415	0.00709099
4045 	 1245 	 0.855469 	 0.00339899	0.0071011
4045 	 1250 	 0.855485 	 0.0034038	0.00711117
4045 	 1255 	 0.8555 	 0.0034086	0.00712119
4045 	 1260 	 0.855516 	 0.00341338	0.00713117
4045 	 1265 	 0.855531 	 0.00341814	0.00714111
4045 	 1270 	 0.855547 	 0.00342288	0.00715101
4045 	 1275 	 0.855562 	 0.0034276	0.00716087
4045 	 1280 	 0.855577 	 0.00343229	0.00717069
4045 	 1285 	 0.855592 	 0.00343697	0.00718047
4045 	 1290 	 0.855607 	 0.00344163	0.0071902
4045 	 1295 	 0.855622 	 0.00344628	0.0071999
4045 	 1300 	 0.855637 	 0.0034509	0.00720955
4045 	 1305 	 0.855651 	 0.0034555	0.00721917
4045 	 1310 	 0.855666 	 0.00346008	0.00722875
4045 	 1315 	 0.85568 	 0.00346465	0.00723828
4045 	 1320 	 0.855695 	 0.00346919	0.00724778
4045 	 1325 	 0.855709 	 0.00347372	0.00725724
4045 	 1330 	 0.855723 	 0.00347823	0.00726666
4045 	 1335 	 0.855737 	 0.00348272	0.00727604
4045 	 1340 	 0.855751 	 0.0034872	0.00728539
4045 	 1345 	 0.855765 	 0.00349165	0.00729469
4045 	 1350 	 0.855778 	 0.00349609	0.00730396
4045 	 1355 	 0.855792 	 0.0035005	0.00731319
4045 	 1360 	 0.855806 	 0.0035049	0.00732238
4045 	 1365 	 0.855819 	 0.00350929	0.00733154
4045 	 1370 	 0.855832 	 0.00351365	0.00734066
4045 	 1375 	 0.855846 	 0.003518	0.00734974
4045 	 1380 	 0.855859 	 0.00352233	0.00735879
4045 	 1385 	 0.855872 	 0.00352664	0.0073678
4045 	 1390 	 0.855885 	 0.00353094	0.00737677
4045 	 1395 	 0.855898 	 0.00353522	0.00738571
4045 	 1400 	 0.855911 	 0.00353948	0.00739461
4045 	 1405 	 0.855924 	 0.00354372	0.00740348
4045 	 1410 	 0.855936 	 0.00354795	0.00741231
4045 	 1415 	 0.855949 	 0.00355216	0.00742111
4045 	 1420 	 0.855961 	 0.00355635	0.00742987
4045 	 1425 	 0.855974 	 0.00356053	0.0074386
4045 	 1430 	 0.855986 	 0.00356469	0.00744729
4045 	 1435 	 0.855998 	 0.00356884	0.00745595
4045 	 1440 	 0.85601 	 0.00357296	0.00746457
4045 	 1445 	 0.856023 	 0.00357708	0.00747316
4045 	 1450 	 0.856035 	 0.00358117	0.00748172
4045 	 1455 	 0.856047 	 0.00358525	0.00749024
4045 	 1460 	 0.856058 	 0.00358932	0.00749874
4045 	 1465 	 0.85607 	 0.00359336	0.00750719
4045 	 1470 	 0.856082 	 0.0035974	0.00751562
4045 	 1475 	 0.856094 	 0.00360141	0.00752401
4045 	 1480 	 0.856105 	 0.00360541	0.00753237
4045 	 1485 	 0.856117 	 0.0036094	0.0075407
4045 	 1490 	 0.856128 	 0.00361337	0.00754899
4045 	 1495 	 0.856139 	 0.00361733	0.00755725
4045 	 1500 	 0.856151 	 0.00362127	0.00756548
4045 	 1505 	 0.856162 	 0.00362519	0.00757368
4045 	 1510 	 0.856173 	 0.0036291	0.00758185
4045 	 1515 	 0.856184 	 0.003633	0.00758999
4045 	 1520 	 0.856195 	 0.00363688	0.00759809
4045 	 1525 	 0.856206 	 0.00364074	0.00760617
4045 	 1530 	 0.856217 	 0.00364459	0.00761421
4045 	 1535 	 0.856228 	 0.00364843	0.00762223
4045 	 1540 	 0.856239 	 0.00365225	0.00763021
4045 	 1545 	 0.856249 	 0.00365605	0.00763816
4045 	 1550 	 0.85626 	 0.00365985	0.00764609
4045 	 1555 	 0.856271 	 0.00366363	0.00765398
4045 	 1560 	 0.856281 	 0.00366739	0.00766185
4045 	 1565 	 0.856291 	 0.00367114	0.00766968
4045 	 1570 	 0.856302 	 0.00367488	0.00767748
4045 	 1575 	 0.856312 	 0.0036786	0.00768526
4045 	 1580 	 0.856322 	 0.00368231	0.00769301
4045 	 1585 	 0.856333 	 0.003686	0.00770073
4045 	 1590 	 0.856343 	 0.00368968	0.00770842
4045 	 1595 	 0.856353 	 0.00369335	0.00771608
4045 	 1600 	 0.856363 	 0.003697	0.00772371
4045 	 1605 	 0.856373 	 0.00370064	0.00773131
4045 	 1610 	 0.856383 	 0.00370427	0.00773889
4045 	 1615 	 0.856393 	 0.00370788	0.00774644
4045 	 1620 	 0.856402 	 0.00371148	0.00775396
4045 	 1625 	 0.856412 	 0.00371507	0.00776145
4045 	 1630 	 0.856422 	 0.00371864	0.00776892
4045 	 1635 	 0.856431 	 0.0037222	0.00777635
4045 	 1640 	 0.856441 	 0.00372575	0.00778377
4045 	 1645 	 0.856451 	 0.00372928	0.00779115
4045 	 1650 	 0.85646 	 0.0037328	0.00779851
4045 	 1655 	 0.856469 	 0.00373631	0.00780584
4045 	 1660 	 0.856479 	 0.00373981	0.00781314
4045 	 1665 	 0.856488 	 0.00374329	0.00782042
4045 	 1670 	 0.856497 	 0.00374676	0.00782767
4045 	 1675 	 0.856507 	 0.00375022	0.0078349
4045 	 1680 	 0.856516 	 0.00375367	0.0078421
4045 	 1685 	 0.856525 	 0.0037571	0.00784927
4045 	 1690 	 0.856534 	 0.00376052	0.00785642
4045 	 1695 	 0.856543 	 0.00376393	0.00786354
4045 	 1700 	 0.856552 	 0.00376733	0.00787064
4045 	 1705 	 0.856561 	 0.00377072	0.00787771
4045 	 1710 	 0.85657 	 0.00377409	0.00788476
4045 	 1715 	 0.856578 	 0.00377745	0.00789178
4045 	 1720 	 0.856587 	 0.0037808	0.00789878
4045 	 1725 	 0.856596 	 0.00378414	0.00790575
4045 	 1730 	 0.856605 	 0.00378746	0.0079127
4045 	 1735 	 0.856613 	 0.00379078	0.00791962
4045 	 1740 	 0.856622 	 0.00379408	0.00792652
4045 	 1745 	 0.85663 	 0.00379737	0.00793339
4045 	 1750 	 0.856639 	 0.00380065	0.00794025
4045 	 1755 	 0.856647 	 0.00380392	0.00794707
4045 	 1760 	 0.856656 	 0.00380717	0.00795388
4045 	 1765 	 0.856664 	 0.00381042	0.00796066
4045 	 1770 	 0.856672 	 0.00381365	0.00796741
4045 	 1775 	 0.85668 	 0.00381687	0.00797414
4045 	 1780 	 0.856689 	 0.00382009	0.00798085
4045 	 1785 	 0.856697 	 0.00382329	0.00798754
4045 	 1790 	 0.856705 	 0.00382647	0.0079942
4045 	 1795 	 0.856713 	 0.00382965	0.00800084
4045 	 1800 	 0.856721 	 0.00383282	0.00800746
4045 	 1805 	 0.856729 	 0.00383598	0.00801406
4045 	 1810 	 0.856737 	 0.00383912	0.00802063
4045 	 1815 	 0.856745 	 0.00384226	0.00802718
4045 	 1820 	 0.856753 	 0.00384538	0.00803371
4045 	 1825 	 0.856761 	 0.0038485	0.00804021
4045 	 1830 	 0.856769 	 0.0038516	0.00804669
4045 	 1835 	 0.856776 	 0.00385469	0.00805316
4045 	 1840 	 0.856784 	 0.00385778	0.00805959
4045 	 1845 	 0.856792 	 0.00386085	0.00806601
4045 	 1850 	 0.8568 	 0.00386391	0.00807241
4045 	 1855 	 0.856807 	 0.00386696	0.00807878
4045 	 1860 	 0.856815 	 0.00387	0.00808514
4045 	 1865 	 0.856822 	 0.00387303	0.00809147
4045 	 1870 	 0.85683 	 0.00387605	0.00809778
4045 	 1875 	 0.856837 	 0.00387906	0.00810407
4045 	 1880 	 0.856845 	 0.00388206	0.00811034
4045 	 1885 	 0.856852 	 0.00388505	0.00811659
4045 	 1890 	 0.856859 	 0.00388804	0.00812281
4045 	 1895 	 0.856867 	 0.00389101	0.00812902
4045 	 1900 	 0.856874 	 0.00389397	0.00813521
4045 	 1905 	 0.856881 	 0.00389692	0.00814137
4045 	 1910 	 0.856888 	 0.00389986	0.00814752
4045 	 1915 	 0.856896 	 0.00390279	0.00815364
4045 	 1920 	 0.856903 	 0.00390571	0.00815975
4045 	 1925 	 0.85691 	 0.00390863	0.00816583
4045 	 1930 	 0.856917 	 0.00391153	0.0081719
4045 	 1935 	 0.856924 	 0.00391442	0.00817794
4045 	 1940 	 0.856931 	 0.00391731	0.00818397
4045 	 1945 	 0.856938 	 0.00392018	0.00818998
4045 	 1950 	 0.856945 	 0.00392305	0.00819596
4045 	 1955 	 0.856952 	 0.0039259	0.00820193
4045 	 1960 	 0.856959 	 0.00392875	0.00820788
4045 	 1965 	 0.856966 	 0.00393159	0.00821381
4045 	 1970 	 0.856972 	 0.00393442	0.00821972
4045 	 1975 	 0.856979 	 0.00393724	0.00822561
4045 	 1980 	 0.856986 	 0.00394005	0.00823148
4045 	 1985 	 0.856993 	 0.00394285	0.00823733
4045 	 1990 	 0.856999 	 0.00394564	0.00824317
4045 	 1995 	 0.857006 	 0.00394843	0.00824898
4045 	 2000 	 0.857013 	 0.0039512	0.00825478
4045 	 2005 	 0.857019 	 0.00395397	0.00826056
4045 	 2010 	 0.857026 	 0.00395672	0.00826632
4045 	 2015 	 0.857032 	 0.00395947	0.00827206
4045 	 2020 	 0.857039 	 0.00396221	0.00827778
4045 	 2025 	 0.857045 	 0.00396494	0.00828349
4045 	 2030 	 0.857052 	 0.00396767	0.00828918
4045 	 2035 	 0.857058 	 0.00397038	0.00829485
4045 	 2040 	 0.857065 	 0.00397309	0.0083005
4045 	 2045 	 0.857071 	 0.00397578	0.00830613
4045 	 2050 	 0.857077 	 0.00397847	0.00831175
4045 	 2055 	 0.857084 	 0.00398115	0.00831735
4045 	 2060 	 0.85709 	 0.00398382	0.00832293
4045 	 2065 	 0.857096 	 0.00398649	0.0083285
4045 	 2070 	 0.857102 	 0.00398914	0.00833404
4045 	 2075 	 0.857108 	 0.00399179	0.00833957
4045 	 2080 	 0.857115 	 0.00399443	0.00834509
4045 	 2085 	 0.857121 	 0.00399706	0.00835058
4045 	 2090 	 0.857127 	 0.00399968	0.00835606
4045 	 2095 	 0.857133 	 0.00400229	0.00836152
4045 	 2100 	 0.857139 	 0.0040049	0.00836697
4045 	 2105 	 0.857145 	 0.0040075	0.0083724
4045 	 2110 	 0.857151 	 0.00401009	0.00837781
4045 	 2115 	 0.857157 	 0.00401267	0.0083832
4045 	 2120 	 0.857163 	 0.00401525	0.00838858
4045 	 2125 	 0.857169 	 0.00401781	0.00839394
4045 	 2130 	 0.857175 	 0.00402037	0.00839929
4045 	 2135 	 0.857181 	 0.00402292	0.00840462
4045 	 2140 	 0.857187 	 0.00402547	0.00840993
4045 	 2145 	 0.857192 	 0.004028	0.00841523
4045 	 2150 	 0.857198 	 0.00403053	0.00842051
4045 	 2155 	 0.857204 	 0.00403305	0.00842578
4045 	 2160 	 0.85721 	 0.00403556	0.00843103
4045 	 2165 	 0.857215 	 0.00403807	0.00843626
4045 	 2170 	 0.857221 	 0.00404057	0.00844148
4045 	 2175 	 0.857227 	 0.00404306	0.00844668
4045 	 2180 	 0.857232 	 0.00404554	0.00845187
4045 	 2185 	 0.857238 	 0.00404802	0.00845704
4045 	 2190 	 0.857244 	 0.00405048	0.0084622
4045 	 2195 	 0.857249 	 0.00405294	0.00846734
4045 	 2200 	 0.857255 	 0.0040554	0.00847246
4045 	 2205 	 0.85726 	 0.00405784	0.00847758
4045 	 2210 	 0.857266 	 0.00406028	0.00848267
4045 	 2215 	 0.857271 	 0.00406271	0.00848775
4045 	 2220 	 0.857277 	 0.00406514	0.00849282
4045 	 2225 	 0.857282 	 0.00406756	0.00849787
4045 	 2230 	 0.857288 	 0.00406997	0.0085029
4045 	 2235 	 0.857293 	 0.00407237	0.00850792
4045 	 2240 	 0.857298 	 0.00407477	0.00851293
4045 	 2245 	 0.857304 	 0.00407716	0.00851792
4045 	 2250 	 0.857309 	 0.00407954	0.0085229
4045 	 2255 	 0.857314 	 0.00408191	0.00852786
4045 	 2260 	 0.85732 	 0.00408428	0.00853281
4045 	 2265 	 0.857325 	 0.00408664	0.00853774
4045 	 2270 	 0.85733 	 0.004089	0.00854266
4045 	 2275 	 0.857335 	 0.00409135	0.00854757
4045 	 2280 	 0.857341 	 0.00409369	0.00855246
4045 	 2285 	 0.857346 	 0.00409602	0.00855733
4045 	 2290 	 0.857351 	 0.00409835	0.0085622
4045 	 2295 	 0.857356 	 0.00410067	0.00856705
4045 	 2300 	 0.857361 	 0.00410298	0.00857188
4045 	 2305 	 0.857366 	 0.00410529	0.0085767
4045 	 2310 	 0.857371 	 0.00410759	0.00858151
4045 	 2315 	 0.857376 	 0.00410989	0.0085863
4045 	 2320 	 0.857381 	 0.00411217	0.00859108
4045 	 2325 	 0.857386 	 0.00411446	0.00859585
4045 	 2330 	 0.857391 	 0.00411673	0.0086006
4045 	 2335 	 0.857396 	 0.004119	0.00860534
4045 	 2340 	 0.857401 	 0.00412126	0.00861007
4045 	 2345 	 0.857406 	 0.00412352	0.00861478
4045 	 2350 	 0.857411 	 0.00412577	0.00861948
4045 	 2355 	 0.857416 	 0.00412801	0.00862416
4045 	 2360 	 0.857421 	 0.00413025	0.00862884
4045 	 2365 	 0.857426 	 0.00413248	0.0086335
4045 	 2370 	 0.857431 	 0.0041347	0.00863814
4045 	 2375 	 0.857435 	 0.00413692	0.00864278
4045 	 2380 	 0.85744 	 0.00413913	0.0086474
4045 	 2385 	 0.857445 	 0.00414134	0.00865201
4045 	 2390 	 0.85745 	 0.00414354	0.0086566
4045 	 2395 	 0.857455 	 0.00414573	0.00866118
4045 	 2400 	 0.857459 	 0.00414792	0.00866575
4045 	 2405 	 0.857464 	 0.0041501	0.00867031
4045 	 2410 	 0.857469 	 0.00415227	0.00867485
4045 	 2415 	 0.857473 	 0.00415444	0.00867938
4045 	 2420 	 0.857478 	 0.0041566	0.0086839
4045 	 2425 	 0.857483 	 0.00415876	0.00868841
4045 	 2430 	 0.857487 	 0.00416091	0.00869291
4045 	 2435 	 0.857492 	 0.00416306	0.00869739
4045 	 2440 	 0.857496 	 0.0041652	0.00870186
4045 	 2445 	 0.857501 	 0.00416733	0.00870631
4045 	 2450 	 0.857506 	 0.00416946	0.00871076
4045 	 2455 	 0.85751 	 0.00417158	0.00871519
4045 	 2460 	 0.857515 	 0.0041737	0.00871961
4045 	 2465 	 0.857519 	 0.00417581	0.00872402
4045 	 2470 	 0.857524 	 0.00417791	0.00872842
4045 	 2475 	 0.857528 	 0.00418001	0.00873281
4045 	 2480 	 0.857532 	 0.0041821	0.00873718
4045 	 2485 	 0.857537 	 0.00418419	0.00874154
4045 	 2490 	 0.857541 	 0.00418627	0.00874589
4045 	 2495 	 0.857546 	 0.00418835	0.00875023
4045 	 2500 	 0.85755 	 0.00419042	0.00875456
4045 	 2505 	 0.857554 	 0.00419249	0.00875887
4045 	 2510 	 0.857559 	 0.00419455	0.00876317
4045 	 2515 	 0.857563 	 0.0041966	0.00876747
4045 	 2520 	 0.857567 	 0.00419865	0.00877175
4045 	 2525 	 0.857572 	 0.00420069	0.00877601
4045 	 2530 	 0.857576 	 0.00420273	0.00878027
4045 	 2535 	 0.85758 	 0.00420476	0.00878452
4045 	 2540 	 0.857585 	 0.00420679	0.00878875
4045 	 2545 	 0.857589 	 0.00420881	0.00879298
4045 	 2550 	 0.857593 	 0.00421083	0.00879719
4045 	 2555 	 0.857597 	 0.00421284	0.00880139
4045 	 2560 	 0.857601 	 0.00421485	0.00880558
4045 	 2565 	 0.857606 	 0.00421685	0.00880976
4045 	 2570 	 0.85761 	 0.00421884	0.00881393
4045 	 2575 	 0.857614 	 0.00422083	0.00881809
4045 	 2580 	 0.857618 	 0.00422282	0.00882223
4045 	 2585 	 0.857622 	 0.0042248	0.00882637
4045 	 2590 	 0.857626 	 0.00422677	0.00883049
4045 	 2595 	 0.85763 	 0.00422874	0.00883461
4045 	 2600 	 0.857634 	 0.0042307	0.00883871
4045 	 2605 	 0.857639 	 0.00423266	0.00884281
4045 	 2610 	 0.857643 	 0.00423462	0.00884689
4045 	 2615 	 0.857647 	 0.00423657	0.00885096
4045 	 2620 	 0.857651 	 0.00423851	0.00885502
4045 	 2625 	 0.857655 	 0.00424045	0.00885907
4045 	 2630 	 0.857659 	 0.00424238	0.00886311
4045 	 2635 	 0.857663 	 0.00424431	0.00886714
4045 	 2640 	 0.857667 	 0.00424624	0.00887116
4045 	 2645 	 0.85767 	 0.00424815	0.00887517
4045 	 2650 	 0.857674 	 0.00425007	0.00887917
4045 	 2655 	 0.857678 	 0.00425198	0.00888316
4045 	 2660 	 0.857682 	 0.00425388	0.00888713
4045 	 2665 	 0.857686 	 0.00425578	0.0088911
4045 	 2670 	 0.85769 	 0.00425768	0.00889506
4045 	 2675 	 0.857694 	 0.00425957	0.00889901
4045 	 2680 	 0.857698 	 0.00426145	0.00890295
4045 	 2685 	 0.857702 	 0.00426333	0.00890688
4045 	 2690 	 0.857705 	 0.00426521	0.00891079
4045 	 2695 	 0.857709 	 0.00426708	0.0089147
4045 	 2700 	 0.857713 	 0.00426894	0.0089186
4045 	 2705 	 0.857717 	 0.0042708	0.00892249
4045 	 2710 	 0.857721 	 0.00427266	0.00892637
4045 	 2715 	 0.857724 	 0.00427451	0.00893024
4045 	 2720 	 0.857728 	 0.00427636	0.00893409
4045 	 2725 	 0.857732 	 0.0042782	0.00893794
4045 	 2730 	 0.857736 	 0.00428004	0.00894178
4045 	 2735 	 0.857739 	 0.00428187	0.00894561
4045 	 2740 	 0.857743 	 0.0042837	0.00894944
4045 	 2745 	 0.857747 	 0.00428553	0.00895325
4045 	 2750 	 0.85775 	 0.00428735	0.00895705
4045 	 2755 	 0.857754 	 0.00428916	0.00896084
4045 	 2760 	 0.857758 	 0.00429097	0.00896462
4045 	 2765 	 0.857761 	 0.00429278	0.0089684
4045 	 2770 	 0.857765 	 0.00429458	0.00897216
4045 	 2775 	 0.857769 	 0.00429638	0.00897592
4045 	 2780 	 0.857772 	 0.00429817	0.00897966
4045 	 2785 	 0.857776 	 0.00429996	0.0089834
4045 	 2790 	 0.857779 	 0.00430174	0.00898713
4045 	 2795 	 0.857783 	 0.00430352	0.00899084
4045 	 2800 	 0.857786 	 0.0043053	0.00899455
4045 	 2805 	 0.85779 	 0.00430707	0.00899825
4045 	 2810 	 0.857793 	 0.00430884	0.00900194
4045 	 2815 	 0.857797 	 0.0043106	0.00900563
4045 	 2820 	 0.8578 	 0.00431236	0.0090093
4045 	 2825 	 0.857804 	 0.00431411	0.00901296
4045 	 2830 	 0.857807 	 0.00431586	0.00901662
4045 	 2835 	 0.857811 	 0.00431761	0.00902026
4045 	 2840 	 0.857814 	 0.00431935	0.0090239
4045 	 2845 	 0.857818 	 0.00432108	0.00902753
4045 	 2850 	 0.857821 	 0.00432282	0.00903115
4045 	 2855 	 0.857825 	 0.00432454	0.00903476
4045 	 2860 	 0.857828 	 0.00432627	0.00903836
4045 	 2865 	 0.857832 	 0.00432799	0.00904196
4045 	 2870 	 0.857835 	 0.0043297	0.00904554
4045 	 2875 	 0.857838 	 0.00433142	0.00904912
4045 	 2880 	 0.857842 	 0.00433312	0.00905269
4045 	 2885 	 0.857845 	 0.00433483	0.00905625
4045 	 2890 	 0.857848 	 0.00433653	0.0090598
4045 	 2895 	 0.857852 	 0.00433822	0.00906334
4045 	 2900 	 0.857855 	 0.00433992	0.00906687
4045 	 2905 	 0.857858 	 0.0043416	0.0090704
4045 	 2910 	 0.857862 	 0.00434329	0.00907392
4045 	 2915 	 0.857865 	 0.00434497	0.00907743
4045 	 2920 	 0.857868 	 0.00434664	0.00908093
4045 	 2925 	 0.857872 	 0.00434831	0.00908442
4045 	 2930 	 0.857875 	 0.00434998	0.0090879
4045 	 2935 	 0.857878 	 0.00435164	0.00909138
4045 	 2940 	 0.857881 	 0.0043533	0.00909485
4045 	 2945 	 0.857885 	 0.00435496	0.00909831
4045 	 2950 	 0.857888 	 0.00435661	0.00910176
4045 	 2955 	 0.857891 	 0.00435826	0.0091052
4045 	 2960 	 0.857894 	 0.00435991	0.00910864
4045 	 2965 	 0.857897 	 0.00436155	0.00911206
4045 	 2970 	 0.857901 	 0.00436318	0.00911548
4045 	 2975 	 0.857904 	 0.00436482	0.00911889
4045 	 2980 	 0.857907 	 0.00436644	0.0091223
4045 	 2985 	 0.85791 	 0.00436807	0.00912569
4045 	 2990 	 0.857913 	 0.00436969	0.00912908
4045 	 2995 	 0.857916 	 0.00437131	0.00913246
4045 	 3000 	 0.85792 	 0.00437292	0.00913583
4045 	 3005 	 0.857923 	 0.00437453	0.0091392
4045 	 3010 	 0.857926 	 0.00437614	0.00914255
4045 	 3015 	 0.857929 	 0.00437774	0.0091459
4045 	 3020 	 0.857932 	 0.00437934	0.00914924
4045 	 3025 	 0.857935 	 0.00438094	0.00915258
4045 	 3030 	 0.857938 	 0.00438253	0.0091559
4045 	 3035 	 0.857941 	 0.00438412	0.00915922
4045 	 3040 	 0.857944 	 0.0043857	0.00916253
4045 	 3045 	 0.857947 	 0.00438728	0.00916583
4045 	 3050 	 0.85795 	 0.00438886	0.00916913
4045 	 3055 	 0.857953 	 0.00439043	0.00917242
4045 	 3060 	 0.857956 	 0.004392	0.0091757
4045 	 3065 	 0.857959 	 0.00439357	0.00917897
4045 	 3070 	 0.857962 	 0.00439513	0.00918224
4045 	 3075 	 0.857965 	 0.00439669	0.00918549
4045 	 3080 	 0.857968 	 0.00439825	0.00918874
4045 	 3085 	 0.857971 	 0.0043998	0.00919199
4045 	 3090 	 0.857974 	 0.00440135	0.00919522
4045 	 3095 	 0.857977 	 0.0044029	0.00919845
4045 	 3100 	 0.85798 	 0.00440444	0.00920167
4045 	 3105 	 0.857983 	 0.00440598	0.00920489
4045 	 3110 	 0.857986 	 0.00440751	0.00920809
4045 	 3115 	 0.857989 	 0.00440904	0.00921129
4045 	 3120 	 0.857992 	 0.00441057	0.00921449
4045 	 3125 	 0.857995 	 0.0044121	0.00921767
4045 	 3130 	 0.857998 	 0.00441362	0.00922085
4045 	 3135 	 0.858 	 0.00441514	0.00922402
4045 	 3140 	 0.858003 	 0.00441665	0.00922719
4045 	 3145 	 0.858006 	 0.00441816	0.00923034
4045 	 3150 	 0.858009 	 0.00441967	0.00923349
4045 	 3155 	 0.858012 	 0.00442117	0.00923664
4045 	 3160 	 0.858015 	 0.00442267	0.00923977
4045 	 3165 	 0.858018 	 0.00442417	0.0092429
4045 	 3170 	 0.85802 	 0.00442567	0.00924603
4045 	 3175 	 0.858023 	 0.00442716	0.00924914
4045 	 3180 	 0.858026 	 0.00442865	0.00925225
4045 	 3185 	 0.858029 	 0.00443013	0.00925535
4045 	 3190 	 0.858032 	 0.00443161	0.00925845
4045 	 3195 	 0.858034 	 0.00443309	0.00926153
4045 	 3200 	 0.858037 	 0.00443457	0.00926462
4045 	 3205 	 0.85804 	 0.00443604	0.00926769
4045 	 3210 	 0.858043 	 0.00443751	0.00927076
4045 	 3215 	 0.858045 	 0.00443897	0.00927382
4045 	 3220 	 0.858048 	 0.00444043	0.00927688
4045 	 3225 	 0.858051 	 0.00444189	0.00927992
4045 	 3230 	 0.858054 	 0.00444335	0.00928296
4045 	 3235 	 0.858056 	 0.0044448	0.009286
4045 	 3240 	 0.858059 	 0.00444625	0.00928903
4045 	 3245 	 0.858062 	 0.0044477	0.00929205
4045 	 3250 	 0.858065 	 0.00444914	0.00929506
4045 	 3255 	 0.858067 	 0.00445058	0.00929807
4045 	 3260 	 0.85807 	 0.00445202	0.00930107
4045 	 3265 	 0.858073 	 0.00445345	0.00930407
4045 	 3270 	 0.858075 	 0.00445488	0.00930706
4045 	 3275 	 0.858078 	 0.00445631	0.00931004
4045 	 3280 	 0.858081 	 0.00445773	0.00931302
4045 	 3285 	 0.858083 	 0.00445916	0.00931599
4045 	 3290 	 0.858086 	 0.00446057	0.00931895
4045 	 3295 	 0.858088 	 0.00446199	0.00932191
4045 	 3300 	 0.858091 	 0.0044634	0.00932486
4045 	 3305 	 0.858094 	 0.00446481	0.00932781
4045 	 3310 	 0.858096 	 0.00446622	0.00933074
4045 	 3315 	 0.858099 	 0.00446762	0.00933368
4045 	 3320 	 0.858101 	 0.00446902	0.0093366
4045 	 3325 	 0.858104 	 0.00447042	0.00933952
4045 	 3330 	 0.858107 	 0.00447181	0.00934244
4045 	 3335 	 0.858109 	 0.00447321	0.00934534
4045 	 3340 	 0.858112 	 0.0044746	0.00934824
4045 	 3345 	 0.858114 	 0.00447598	0.00935114
4045 	 3350 	 0.858117 	 0.00447736	0.00935403
4045 	 3355 	 0.858119 	 0.00447874	0.00935691
4045 	 3360 	 0.858122 	 0.00448012	0.00935979
4045 	 3365 	 0.858124 	 0.0044815	0.00936266
4045 	 3370 	 0.858127 	 0.00448287	0.00936552
4045 	 3375 	 0.85813 	 0.00448423	0.00936838
4045 	 3380 	 0.858132 	 0.0044856	0.00937124
4045 	 3385 	 0.858135 	 0.00448696	0.00937408
4045 	 3390 	 0.858137 	 0.00448832	0.00937692
4045 	 3395 	 0.85814 	 0.00448968	0.00937976
4045 	 3400 	 0.858142 	 0.00449103	0.00938259
4045 	 3405 	 0.858144 	 0.00449239	0.00938541
4045 	 3410 	 0.858147 	 0.00449373	0.00938823
4045 	 3415 	 0.858149 	 0.00449508	0.00939104
4045 	 3420 	 0.858152 	 0.00449642	0.00939385
4045 	 3425 	 0.858154 	 0.00449776	0.00939665
4045 	 3430 	 0.858157 	 0.0044991	0.00939944
4045 	 3435 	 0.858159 	 0.00450044	0.00940223
4045 	 3440 	 0.858162 	 0.00450177	0.00940501
4045 	 3445 	 0.858164 	 0.0045031	0.00940779
4045 	 3450 	 0.858166 	 0.00450442	0.00941056
4045 	 3455 	 0.858169 	 0.00450575	0.00941333
4045 	 3460 	 0.858171 	 0.00450707	0.00941609
4045 	 3465 	 0.858174 	 0.00450839	0.00941884
4045 	 3470 	 0.858176 	 0.0045097	0.00942159
4045 	 3475 	 0.858178 	 0.00451102	0.00942433
4045 	 3480 	 0.858181 	 0.00451233	0.00942707
4045 	 3485 	 0.858183 	 0.00451363	0.0094298
4045 	 3490 	 0.858186 	 0.00451494	0.00943253
4045 	 3495 	 0.858188 	 0.00451624	0.00943525
4045 	 3500 	 0.85819 	 0.00451754	0.00943796
4045 	 3505 	 0.858193 	 0.00451884	0.00944067
4045 	 3510 	 0.858195 	 0.00452013	0.00944338
4045 	 3515 	 0.858197 	 0.00452142	0.00944608
4045 	 3520 	 0.8582 	 0.00452271	0.00944877
4045 	 3525 	 0.858202 	 0.004524	0.00945146
4045 	 3530 	 0.858204 	 0.00452528	0.00945414
4045 	 3535 	 0.858207 	 0.00452656	0.00945682
4045 	 3540 	 0.858209 	 0.00452784	0.00945949
4045 	 3545 	 0.858211 	 0.00452912	0.00946216
4045 	 3550 	 0.858213 	 0.00453039	0.00946482
4045 	 3555 	 0.858216 	 0.00453166	0.00946747
4045 	 3560 	 0.858218 	 0.00453293	0.00947012
4045 	 3565 	 0.85822 	 0.0045342	0.00947277
4045 	 3570 	 0.858223 	 0.00453546	0.00947541
4045 	 3575 	 0.858225 	 0.00453672	0.00947804
4045 	 3580 	 0.858227 	 0.00453798	0.00948067
4045 	 3585 	 0.858229 	 0.00453924	0.0094833
4045 	 3590 	 0.858232 	 0.00454049	0.00948592
4045 	 3595 	 0.858234 	 0.00454174	0.00948853
4045 	 3600 	 0.858236 	 0.00454299	0.00949114
4045 	 3605 	 0.858238 	 0.00454424	0.00949374
4045 	 3610 	 0.85824 	 0.00454548	0.00949634
4045 	 3615 	 0.858243 	 0.00454672	0.00949893
4045 	 3620 	 0.858245 	 0.00454796	0.00950152
4045 	 3625 	 0.858247 	 0.0045492	0.0095041
4045 	 3630 	 0.858249 	 0.00455043	0.00950668
4045 	 3635 	 0.858251 	 0.00455166	0.00950925
4045 	 3640 	 0.858254 	 0.00455289	0.00951182
4045 	 3645 	 0.858256 	 0.00455412	0.00951439
4045 	 3650 	 0.858258 	 0.00455534	0.00951694
4045 	 3655 	 0.85826 	 0.00455657	0.0095195
4045 	 3660 	 0.858262 	 0.00455778	0.00952204
4045 	 3665 	 0.858265 	 0.004559	0.00952459
4045 	 3670 	 0.858267 	 0.00456022	0.00952712
4045 	 3675 	 0.858269 	 0.00456143	0.00952966
4045 	 3680 	 0.858271 	 0.00456264	0.00953218
4045 	 3685 	 0.858273 	 0.00456385	0.00953471
4045 	 3690 	 0.858275 	 0.00456505	0.00953723
4045 	 3695 	 0.858277 	 0.00456626	0.00953974
4045 	 3700 	 0.858279 	 0.00456746	0.00954225
4045 	 3705 	 0.858282 	 0.00456865	0.00954475
4045 	 3710 	 0.858284 	 0.00456985	0.00954725
4045 	 3715 	 0.858286 	 0.00457104	0.00954974
4045 	 3720 	 0.858288 	 0.00457224	0.00955223
4045 	 3725 	 0.85829 	 0.00457342	0.00955472
4045 	 3730 	 0.858292 	 0.00457461	0.0095572
4045 	 3735 	 0.858294 	 0.0045758	0.00955967
4045 	 3740 	 0.858296 	 0.00457698	0.00956214
4045 	 3745 	 0.858298 	 0.00457816	0.00956461
4045 	 3750 	 0.8583 	 0.00457934	0.00956707
4045 	 3755 	 0.858302 	 0.00458051	0.00956952
4045 	 3760 	 0.858305 	 0.00458169	0.00957198
4045 	 3765 	 0.858307 	 0.00458286	0.00957442
4045 	 3770 	 0.858309 	 0.00458403	0.00957686
4045 	 3775 	 0.858311 	 0.00458519	0.0095793
4045 	 3780 	 0.858313 	 0.00458636	0.00958173
4045 	 3785 	 0.858315 	 0.00458752	0.00958416
4045 	 3790 	 0.858317 	 0.00458868	0.00958659
4045 	 3795 	 0.858319 	 0.00458984	0.00958901
4045 	 3800 	 0.858321 	 0.00459099	0.00959142
4045 	 3805 	 0.858323 	 0.00459215	0.00959383
4045 	 3810 	 0.858325 	 0.0045933	0.00959623
4045 	 3815 	 0.858327 	 0.00459445	0.00959864
4045 	 3820 	 0.858329 	 0.00459559	0.00960103
4045 	 3825 	 0.858331 	 0.00459674	0.00960342
4045 	 3830 	 0.858333 	 0.00459788	0.00960581
4045 	 3835 	 0.858335 	 0.00459902	0.00960819
4045 	 3840 	 0.858337 	 0.00460016	0.00961057
4045 	 3845 	 0.858339 	 0.0046013	0.00961295
4045 	 3850 	 0.858341 	 0.00460243	0.00961532
4045 	 3855 	 0.858343 	 0.00460356	0.00961768
4045 	 3860 	 0.858345 	 0.00460469	0.00962004
4045 	 3865 	 0.858347 	 0.00460582	0.0096224
4045 	 3870 	 0.858349 	 0.00460695	0.00962475
4045 	 3875 	 0.858351 	 0.00460807	0.0096271
4045 	 3880 	 0.858353 	 0.00460919	0.00962944
4045 	 3885 	 0.858354 	 0.00461031	0.00963178
4045 	 3890 	 0.858356 	 0.00461143	0.00963411
4045 	 3895 	 0.858358 	 0.00461254	0.00963644
4045 	 3900 	 0.85836 	 0.00461366	0.00963877
4045 	 3905 	 0.858362 	 0.00461477	0.00964109
4045 	 3910 	 0.858364 	 0.00461588	0.00964341
4045 	 3915 	 0.858366 	 0.00461698	0.00964572
4045 	 3920 	 0.858368 	 0.00461809	0.00964803
4045 	 3925 	 0.85837 	 0.00461919	0.00965033
4045 	 3930 	 0.858372 	 0.00462029	0.00965263
4045 	 3935 	 0.858374 	 0.00462139	0.00965493
4045 	 3940 	 0.858375 	 0.00462249	0.00965722
4045 	 3945 	 0.858377 	 0.00462358	0.00965951
4045 	 3950 	 0.858379 	 0.00462468	0.00966179
4045 	 3955 	 0.858381 	 0.00462577	0.00966407
4045 	 3960 	 0.858383 	 0.00462686	0.00966635
4045 	 3965 	 0.858385 	 0.00462794	0.00966862
4045 	 3970 	 0.858387 	 0.00462903	0.00967089
4045 	 3975 	 0.858389 	 0.00463011	0.00967315
4045 	 3980 	 0.85839 	 0.00463119	0.00967541
4045 	 3985 	 0.858392 	 0.00463227	0.00967766
4045 	 3990 	 0.858394 	 0.00463335	0.00967991
4045 	 3995 	 0.858396 	 0.00463443	0.00968216
4045 	 4000 	 0.858398 	 0.0046355	0.0096844
4045 	 4005 	 0.8584 	 0.00463657	0.00968664
4045 	 4010 	 0.858401 	 0.00463764	0.00968888
4045 	 4015 	 0.858403 	 0.00463871	0.00969111
4045 	 4020 	 0.858405 	 0.00463977	0.00969333
4045 	 4025 	 0.858407 	 0.00464084	0.00969555
4045 	 4030 	 0.858409 	 0.0046419	0.00969777
4045 	 4035 	 0.858411 	 0.00464296	0.00969999
4045 	 4040 	 0.858412 	 0.00464402	0.0097022
4045 	 4045 	 0.858414 	 0.00464507	0.0097044
4045 	 4050 	 0.858416 	 0.00464613	0.00970661
4045 	 4055 	 0.858418 	 0.00464718	0.00970881
4045 	 4060 	 0.85842 	 0.00464823	0.009711
4045 	 4065 	 0.858421 	 0.00464928	0.00971319
4045 	 4070 	 0.858423 	 0.00465033	0.00971538
4045 	 4075 	 0.858425 	 0.00465137	0.00971756
4045 	 4080 	 0.858427 	 0.00465241	0.00971974
4045 	 4085 	 0.858428 	 0.00465345	0.00972192
4045 	 4090 	 0.85843 	 0.00465449	0.00972409
4045 	 4095 	 0.858432 	 0.00465553	0.00972625
4045 	 4100 	 0.858434 	 0.00465657	0.00972842
4045 	 4105 	 0.858435 	 0.0046576	0.00973058
4045 	 4110 	 0.858437 	 0.00465863	0.00973273
4045 	 4115 	 0.858439 	 0.00465966	0.00973489
4045 	 4120 	 0.858441 	 0.00466069	0.00973704
4045 	 4125 	 0.858442 	 0.00466172	0.00973918
4045 	 4130 	 0.858444 	 0.00466274	0.00974132
4045 	 4135 	 0.858446 	 0.00466377	0.00974346
4045 	 4140 	 0.858448 	 0.00466479	0.00974559
4045 	 4145 	 0.858449 	 0.00466581	0.00974772
4045 	 4150 	 0.858451 	 0.00466682	0.00974985
4045 	 4155 	 0.858453 	 0.00466784	0.00975197
4045 	 4160 	 0.858454 	 0.00466886	0.00975409
4045 	 4165 	 0.858456 	 0.00466987	0.0097562
4045 	 4170 	 0.858458 	 0.00467088	0.00975832
4045 	 4175 	 0.85846 	 0.00467189	0.00976042
4045 	 4180 	 0.858461 	 0.00467289	0.00976253
4045 	 4185 	 0.858463 	 0.0046739	0.00976463
4045 	 4190 	 0.858465 	 0.0046749	0.00976672
4045 	 4195 	 0.858466 	 0.0046759	0.00976882
4045 	 4200 	 0.858468 	 0.0046769	0.00977091
4045 	 4205 	 0.85847 	 0.0046779	0.00977299
4045 	 4210 	 0.858471 	 0.0046789	0.00977507
4045 	 4215 	 0.858473 	 0.00467989	0.00977715
4045 	 4220 	 0.858475 	 0.00468089	0.00977923
4045 	 4225 	 0.858476 	 0.00468188	0.0097813
4045 	 4230 	 0.858478 	 0.00468287	0.00978337
4045 	 4235 	 0.85848 	 0.00468386	0.00978543
4045 	 4240 	 0.858481 	 0.00468484	0.00978749
4045 	 4245 	 0.858483 	 0.00468583	0.00978955
4045 	 4250 	 0.858485 	 0.00468681	0.0097916
4045 	 4255 	 0.858486 	 0.00468779	0.00979365
4045 	 4260 	 0.858488 	 0.00468877	0.0097957
4045 	 4265 	 0.858489 	 0.00468975	0.00979774
4045 	 4270 	 0.858491 	 0.00469073	0.00979978
4045 	 4275 	 0.858493 	 0.0046917	0.00980182
4045 	 4280 	 0.858494 	 0.00469268	0.00980385
4045 	 4285 	 0.858496 	 0.00469365	0.00980588
4045 	 4290 	 0.858498 	 0.00469462	0.00980791
4045 	 4295 	 0.858499 	 0.00469558	0.00980993
4045 	 4300 	 0.858501 	 0.00469655	0.00981195
4045 	 4305 	 0.858502 	 0.00469752	0.00981397
4045 	 4310 	 0.858504 	 0.00469848	0.00981598
4045 	 4315 	 0.858506 	 0.00469944	0.00981799
4045 	 4320 	 0.858507 	 0.0047004	0.00981999
4045 	 4325 	 0.858509 	 0.00470136	0.009822
4045 	 4330 	 0.85851 	 0.00470232	0.00982399
4045 	 4335 	 0.858512 	 0.00470327	0.00982599
4045 	 4340 	 0.858514 	 0.00470422	0.00982798
4045 	 4345 	 0.858515 	 0.00470518	0.00982997
4045 	 4350 	 0.858517 	 0.00470613	0.00983196
4045 	 4355 	 0.858518 	 0.00470708	0.00983394
4045 	 4360 	 0.85852 	 0.00470802	0.00983592
4045 	 4365 	 0.858521 	 0.00470897	0.00983789
4045 	 4370 	 0.858523 	 0.00470991	0.00983986
4045 	 4375 	 0.858525 	 0.00471085	0.00984183
4045 	 4380 	 0.858526 	 0.0047118	0.0098438
4045 	 4385 	 0.858528 	 0.00471273	0.00984576
4045 	 4390 	 0.858529 	 0.00471367	0.00984772
4045 	 4395 	 0.858531 	 0.00471461	0.00984968
4045 	 4400 	 0.858532 	 0.00471554	0.00985163
4045 	 4405 	 0.858534 	 0.00471648	0.00985358
4045 	 4410 	 0.858535 	 0.00471741	0.00985552
4045 	 4415 	 0.858537 	 0.00471834	0.00985747
4045 	 4420 	 0.858538 	 0.00471927	0.00985941
4045 	 4425 	 0.85854 	 0.00472019	0.00986134
4045 	 4430 	 0.858541 	 0.00472112	0.00986328
4045 	 4435 	 0.858543 	 0.00472204	0.00986521
4045 	 4440 	 0.858544 	 0.00472296	0.00986713
4045 	 4445 	 0.858546 	 0.00472389	0.00986906
4045 	 4450 	 0.858547 	 0.0047248	0.00987098
4045 	 4455 	 0.858549 	 0.00472572	0.0098729
4045 	 4460 	 0.85855 	 0.00472664	0.00987481
4045 	 4465 	 0.858552 	 0.00472755	0.00987672
4045 	 4470 	 0.858553 	 0.00472847	0.00987863
4045 	 4475 	 0.858555 	 0.00472938	0.00988053
4045 	 4480 	 0.858556 	 0.00473029	0.00988244
4045 	 4485 	 0.858558 	 0.0047312	0.00988433
4045 	 4490 	 0.858559 	 0.00473211	0.00988623
4045 	 4495 	 0.858561 	 0.00473301	0.00988812
4045 	 4500 	 0.858562 	 0.00473392	0.00989001
4045 	 4505 	 0.858564 	 0.00473482	0.0098919
4045 	 4510 	 0.858565 	 0.00473572	0.00989378
4045 	 4515 	 0.858567 	 0.00473662	0.00989566
4045 	 4520 	 0.858568 	 0.00473752	0.00989754
4045 	 4525 	 0.85857 	 0.00473842	0.00989941
4045 	 4530 	 0.858571 	 0.00473931	0.00990129
4045 	 4535 	 0.858573 	 0.00474021	0.00990315
4045 	 4540 	 0.858574 	 0.0047411	0.00990502
4045 	 4545 	 0.858576 	 0.00474199	0.00990688
4045 	 4550 	 0.858577 	 0.00474288	0.00990874
4045 	 4555 	 0.858578 	 0.00474377	0.0099106
4045 	 4560 	 0.85858 	 0.00474466	0.00991245
4045 	 4565 	 0.858581 	 0.00474554	0.0099143
4045 	 4570 	 0.858583 	 0.00474643	0.00991615
4045 	 4575 	 0.858584 	 0.00474731	0.00991799
4045 	 4580 	 0.858586 	 0.00474819	0.00991983
4045 	 4585 	 0.858587 	 0.00474907	0.00992167
4045 	 4590 	 0.858589 	 0.00474995	0.00992351
4045 	 4595 	 0.85859 	 0.00475082	0.00992534
4045 	 4600 	 0.858591 	 0.0047517	0.00992717
4045 	 4605 	 0.858593 	 0.00475257	0.009929
4045 	 4610 	 0.858594 	 0.00475345	0.00993082
4045 	 4615 	 0.858596 	 0.00475432	0.00993264
4045 	 4620 	 0.858597 	 0.00475519	0.00993446
4045 	 4625 	 0.858598 	 0.00475606	0.00993627
4045 	 4630 	 0.8586 	 0.00475693	0.00993809
4045 	 4635 	 0.858601 	 0.00475779	0.00993989
4045 	 4640 	 0.858603 	 0.00475866	0.0099417
4045 	 4645 	 0.858604 	 0.00475952	0.0099435
4045 	 4650 	 0.858605 	 0.00476038	0.00994531
4045 	 4655 	 0.858607 	 0.00476124	0.0099471
4045 	 4660 	 0.858608 	 0.0047621	0.0099489
4045 	 4665 	 0.85861 	 0.00476296	0.00995069
4045 	 4670 	 0.858611 	 0.00476382	0.00995248
4045 	 4675 	 0.858612 	 0.00476467	0.00995427
4045 	 4680 	 0.858614 	 0.00476553	0.00995605
4045 	 4685 	 0.858615 	 0.00476638	0.00995783
4045 	 4690 	 0.858616 	 0.00476723	0.00995961
4045 	 4695 	 0.858618 	 0.00476808	0.00996139
4045 	 4700 	 0.858619 	 0.00476893	0.00996316
4045 	 4705 	 0.858621 	 0.00476977	0.00996493
4045 	 4710 	 0.858622 	 0.00477062	0.0099667
4045 	 4715 	 0.858623 	 0.00477147	0.00996846
4045 	 4720 	 0.858625 	 0.00477231	0.00997022
4045 	 4725 	 0.858626 	 0.00477315	0.00997198
4045 	 4730 	 0.858627 	 0.00477399	0.00997374
4045 	 4735 	 0.858629 	 0.00477483	0.00997549
4045 	 4740 	 0.85863 	 0.00477567	0.00997724
4045 	 4745 	 0.858631 	 0.00477651	0.00997899
4045 	 4750 	 0.858633 	 0.00477734	0.00998074
4045 	 4755 	 0.858634 	 0.00477817	0.00998248
4045 	 4760 	 0.858635 	 0.00477901	0.00998422
4045 	 4765 	 0.858637 	 0.00477984	0.00998596
4045 	 4770 	 0.858638 	 0.00478067	0.00998769
4045 	 4775 	 0.858639 	 0.0047815	0.00998942
4045 	 4780 	 0.858641 	 0.00478233	0.00999115
4045 	 4785 	 0.858642 	 0.00478315	0.00999288
4045 	 4790 	 0.858643 	 0.00478398	0.0099946
4045 	 4795 	 0.858645 	 0.0047848	0.00999632
4045 	 4800 	 0.858646 	 0.00478562	0.00999804
4045 	 4805 	 0.858647 	 0.00478645	0.00999976
4045 	 4810 	 0.858649 	 0.00478727	0.0100015
4045 	 4815 	 0.85865 	 0.00478808	0.0100032
4045 	 4820 	 0.858651 	 0.0047889	0.0100049
4045 	 4825 	 0.858652 	 0.00478972	0.0100066
4045 	 4830 	 0.858654 	 0.00479053	0.0100083
4045 	 4835 	 0.858655 	 0.00479135	0.01001
4045 	 4840 	 0.858656 	 0.00479216	0.0100117
4045 	 4845 	 0.858658 	 0.00479297	0.0100134
4045 	 4850 	 0.858659 	 0.00479378	0.0100151
4045 	 4855 	 0.85866 	 0.00479459	0.0100168
4045 	 4860 	 0.858661 	 0.0047954	0.0100185
4045 	 4865 	 0.858663 	 0.00479621	0.0100201
4045 	 4870 	 0.858664 	 0.00479701	0.0100218
4045 	 4875 	 0.858665 	 0.00479781	0.0100235
4045 	 4880 	 0.858667 	 0.00479862	0.0100252
4045 	 4885 	 0.858668 	 0.00479942	0.0100269
4045 	 4890 	 0.858669 	 0.00480022	0.0100285
4045 	 4895 	 0.85867 	 0.00480102	0.0100302
4045 	 4900 	 0.858672 	 0.00480182	0.0100319
4045 	 4905 	 0.858673 	 0.00480261	0.0100335
4045 	 4910 	 0.858674 	 0.00480341	0.0100352
4045 	 4915 	 0.858675 	 0.0048042	0.0100369
4045 	 4920 	 0.858677 	 0.004805	0.0100385
4045 	 4925 	 0.858678 	 0.00480579	0.0100402
4045 	 4930 	 0.858679 	 0.00480658	0.0100418
4045 	 4935 	 0.85868 	 0.00480737	0.0100435
4045 	 4940 	 0.858682 	 0.00480816	0.0100451
4045 	 4945 	 0.858683 	 0.00480895	0.0100468
4045 	 4950 	 0.858684 	 0.00480973	0.0100484
4045 	 4955 	 0.858685 	 0.00481052	0.01005
4045 	 4960 	 0.858687 	 0.0048113	0.0100517
4045 	 4965 	 0.858688 	 0.00481208	0.0100533
4045 	 4970 	 0.858689 	 0.00481286	0.010055
4045 	 4975 	 0.85869 	 0.00481364	0.0100566
4045 	 4980 	 0.858692 	 0.00481442	0.0100582
4045 	 4985 	 0.858693 	 0.0048152	0.0100598
4045 	 4990 	 0.858694 	 0.00481598	0.0100615
4045 	 4995 	 0.858695 	 0.00481675	0.0100631
4045 	 5000 	 0.858696 	 0.00481753	0.0100647
