4050 	 5 	 0.729364 	 0.00678295	0.0141708
4050 	 10 	 0.729966 	 0.00639388	0.013358
4050 	 15 	 0.731104 	 0.00578959	0.0120955
4050 	 20 	 0.733217 	 0.00494466	0.0103303
4050 	 25 	 0.737013 	 0.00400228	0.0083615
4050 	 30 	 0.743442 	 0.00340132	0.00710598
4050 	 35 	 0.753316 	 0.00328104	0.00685469
4050 	 40 	 0.766413 	 0.00291842	0.00609712
4050 	 45 	 0.781793 	 0.00322902	0.00674601
4050 	 50 	 0.795984 	 0.00319548	0.00667593
4050 	 55 	 0.806685 	 0.00292858	0.00611835
4050 	 60 	 0.813908 	 0.00256244	0.0053534
4050 	 65 	 0.818536 	 0.00235465	0.00491929
4050 	 70 	 0.821517 	 0.0023377	0.00488389
4050 	 75 	 0.823535 	 0.0024014	0.00501695
4050 	 80 	 0.825008 	 0.00247054	0.00516141
4050 	 85 	 0.826175 	 0.00252411	0.00527333
4050 	 90 	 0.827166 	 0.00256313	0.00535485
4050 	 95 	 0.828049 	 0.0025925	0.0054162
4050 	 100 	 0.828862 	 0.00261565	0.00546458
4050 	 105 	 0.829626 	 0.00263424	0.0055034
4050 	 110 	 0.830349 	 0.00264879	0.0055338
4050 	 115 	 0.831041 	 0.0026594	0.00555596
4050 	 120 	 0.831703 	 0.00266607	0.00556991
4050 	 125 	 0.832339 	 0.0026689	0.00557582
4050 	 130 	 0.83295 	 0.00266807	0.00557409
4050 	 135 	 0.833538 	 0.00266387	0.00556531
4050 	 140 	 0.834104 	 0.00265664	0.00555021
4050 	 145 	 0.834649 	 0.00264678	0.0055296
4050 	 150 	 0.835173 	 0.00263467	0.0055043
4050 	 155 	 0.835679 	 0.00262071	0.00547514
4050 	 160 	 0.836167 	 0.00260527	0.00544287
4050 	 165 	 0.836637 	 0.00258868	0.00540823
4050 	 170 	 0.837091 	 0.00257127	0.00537185
4050 	 175 	 0.837529 	 0.0025533	0.00533431
4050 	 180 	 0.837951 	 0.00253503	0.00529614
4050 	 185 	 0.838359 	 0.00251666	0.00525777
4050 	 190 	 0.838754 	 0.00249839	0.00521959
4050 	 195 	 0.839134 	 0.00248037	0.00518194
4050 	 200 	 0.839503 	 0.00246272	0.00514508
4050 	 205 	 0.839859 	 0.00244557	0.00510925
4050 	 210 	 0.840203 	 0.002429	0.00507463
4050 	 215 	 0.840537 	 0.00241308	0.00504137
4050 	 220 	 0.840859 	 0.00239787	0.00500959
4050 	 225 	 0.841172 	 0.00238341	0.00497938
4050 	 230 	 0.841475 	 0.00236974	0.00495081
4050 	 235 	 0.841768 	 0.00235686	0.00492391
4050 	 240 	 0.842053 	 0.0023448	0.00489872
4050 	 245 	 0.842329 	 0.00233356	0.00487524
4050 	 250 	 0.842597 	 0.00232314	0.00485346
4050 	 255 	 0.842857 	 0.00231353	0.00483338
4050 	 260 	 0.843109 	 0.00230471	0.00481497
4050 	 265 	 0.843354 	 0.00229668	0.00479819
4050 	 270 	 0.843592 	 0.00228942	0.00478302
4050 	 275 	 0.843824 	 0.0022829	0.0047694
4050 	 280 	 0.844049 	 0.00227711	0.0047573
4050 	 285 	 0.844267 	 0.00227202	0.00474667
4050 	 290 	 0.84448 	 0.00226761	0.00473745
4050 	 295 	 0.844688 	 0.00226385	0.00472959
4050 	 300 	 0.844889 	 0.00226072	0.00472305
4050 	 305 	 0.845086 	 0.00225819	0.00471776
4050 	 310 	 0.845277 	 0.00225623	0.00471368
4050 	 315 	 0.845463 	 0.00225484	0.00471076
4050 	 320 	 0.845645 	 0.00225396	0.00470894
4050 	 325 	 0.845822 	 0.0022536	0.00470818
4050 	 330 	 0.845995 	 0.00225371	0.00470842
4050 	 335 	 0.846163 	 0.00225429	0.00470962
4050 	 340 	 0.846328 	 0.0022553	0.00471173
4050 	 345 	 0.846488 	 0.00225672	0.0047147
4050 	 350 	 0.846645 	 0.00225854	0.0047185
4050 	 355 	 0.846798 	 0.00226073	0.00472308
4050 	 360 	 0.846947 	 0.00226328	0.00472841
4050 	 365 	 0.847093 	 0.00226617	0.00473444
4050 	 370 	 0.847236 	 0.00226937	0.00474113
4050 	 375 	 0.847375 	 0.00227288	0.00474846
4050 	 380 	 0.847511 	 0.00227667	0.00475638
4050 	 385 	 0.847645 	 0.00228073	0.00476487
4050 	 390 	 0.847775 	 0.00228505	0.00477389
4050 	 395 	 0.847903 	 0.00228961	0.00478342
4050 	 400 	 0.848028 	 0.0022944	0.00479343
4050 	 405 	 0.84815 	 0.00229941	0.00480388
4050 	 410 	 0.84827 	 0.00230461	0.00481476
4050 	 415 	 0.848387 	 0.00231001	0.00482604
4050 	 420 	 0.848502 	 0.00231559	0.00483769
4050 	 425 	 0.848614 	 0.00232134	0.0048497
4050 	 430 	 0.848724 	 0.00232725	0.00486205
4050 	 435 	 0.848832 	 0.00233331	0.0048747
4050 	 440 	 0.848938 	 0.00233951	0.00488766
4050 	 445 	 0.849042 	 0.00234584	0.00490088
4050 	 450 	 0.849144 	 0.00235229	0.00491437
4050 	 455 	 0.849244 	 0.00235886	0.0049281
4050 	 460 	 0.849342 	 0.00236555	0.00494206
4050 	 465 	 0.849438 	 0.00237233	0.00495622
4050 	 470 	 0.849532 	 0.0023792	0.00497059
4050 	 475 	 0.849625 	 0.00238617	0.00498514
4050 	 480 	 0.849715 	 0.00239322	0.00499987
4050 	 485 	 0.849805 	 0.00240034	0.00501475
4050 	 490 	 0.849892 	 0.00240754	0.00502979
4050 	 495 	 0.849978 	 0.0024148	0.00504496
4050 	 500 	 0.850063 	 0.00242212	0.00506026
4050 	 505 	 0.850146 	 0.0024295	0.00507568
4050 	 510 	 0.850227 	 0.00243693	0.0050912
4050 	 515 	 0.850308 	 0.00244441	0.00510683
4050 	 520 	 0.850386 	 0.00245194	0.00512254
4050 	 525 	 0.850464 	 0.0024595	0.00513834
4050 	 530 	 0.85054 	 0.0024671	0.00515422
4050 	 535 	 0.850615 	 0.00247473	0.00517016
4050 	 540 	 0.850689 	 0.00248239	0.00518617
4050 	 545 	 0.850761 	 0.00249008	0.00520223
4050 	 550 	 0.850832 	 0.00249779	0.00521833
4050 	 555 	 0.850903 	 0.00250552	0.00523449
4050 	 560 	 0.850972 	 0.00251327	0.00525067
4050 	 565 	 0.85104 	 0.00252103	0.0052669
4050 	 570 	 0.851106 	 0.00252881	0.00528314
4050 	 575 	 0.851172 	 0.0025366	0.00529941
4050 	 580 	 0.851237 	 0.00254439	0.0053157
4050 	 585 	 0.851301 	 0.0025522	0.005332
4050 	 590 	 0.851364 	 0.00256	0.00534831
4050 	 595 	 0.851426 	 0.00256781	0.00536463
4050 	 600 	 0.851487 	 0.00257562	0.00538094
4050 	 605 	 0.851547 	 0.00258343	0.00539726
4050 	 610 	 0.851606 	 0.00259124	0.00541357
4050 	 615 	 0.851664 	 0.00259904	0.00542987
4050 	 620 	 0.851721 	 0.00260684	0.00544616
4050 	 625 	 0.851778 	 0.00261463	0.00546243
4050 	 630 	 0.851834 	 0.00262241	0.00547869
4050 	 635 	 0.851889 	 0.00263018	0.00549493
4050 	 640 	 0.851943 	 0.00263794	0.00551114
4050 	 645 	 0.851997 	 0.00264569	0.00552733
4050 	 650 	 0.852049 	 0.00265343	0.0055435
4050 	 655 	 0.852101 	 0.00266115	0.00555964
4050 	 660 	 0.852153 	 0.00266886	0.00557574
4050 	 665 	 0.852203 	 0.00267656	0.00559182
4050 	 670 	 0.852253 	 0.00268424	0.00560786
4050 	 675 	 0.852302 	 0.0026919	0.00562386
4050 	 680 	 0.852351 	 0.00269954	0.00563983
4050 	 685 	 0.852399 	 0.00270716	0.00565575
4050 	 690 	 0.852446 	 0.00271477	0.00567164
4050 	 695 	 0.852493 	 0.00272235	0.00568749
4050 	 700 	 0.852539 	 0.00272992	0.00570329
4050 	 705 	 0.852584 	 0.00273746	0.00571905
4050 	 710 	 0.852629 	 0.00274498	0.00573476
4050 	 715 	 0.852674 	 0.00275248	0.00575043
4050 	 720 	 0.852717 	 0.00275996	0.00576605
4050 	 725 	 0.852761 	 0.00276741	0.00578162
4050 	 730 	 0.852803 	 0.00277484	0.00579715
4050 	 735 	 0.852845 	 0.00278225	0.00581262
4050 	 740 	 0.852887 	 0.00278963	0.00582804
4050 	 745 	 0.852928 	 0.00279699	0.00584342
4050 	 750 	 0.852969 	 0.00280432	0.00585874
4050 	 755 	 0.853009 	 0.00281163	0.005874
4050 	 760 	 0.853048 	 0.00281891	0.00588922
4050 	 765 	 0.853088 	 0.00282617	0.00590438
4050 	 770 	 0.853126 	 0.0028334	0.00591949
4050 	 775 	 0.853165 	 0.0028406	0.00593454
4050 	 780 	 0.853202 	 0.00284778	0.00594954
4050 	 785 	 0.85324 	 0.00285493	0.00596448
4050 	 790 	 0.853277 	 0.00286206	0.00597937
4050 	 795 	 0.853313 	 0.00286916	0.0059942
4050 	 800 	 0.853349 	 0.00287623	0.00600897
4050 	 805 	 0.853385 	 0.00288327	0.00602369
4050 	 810 	 0.85342 	 0.00289029	0.00603835
4050 	 815 	 0.853455 	 0.00289728	0.00605295
4050 	 820 	 0.85349 	 0.00290424	0.0060675
4050 	 825 	 0.853524 	 0.00291118	0.00608198
4050 	 830 	 0.853557 	 0.00291809	0.00609642
4050 	 835 	 0.853591 	 0.00292497	0.00611079
4050 	 840 	 0.853624 	 0.00293182	0.0061251
4050 	 845 	 0.853656 	 0.00293864	0.00613936
4050 	 850 	 0.853689 	 0.00294544	0.00615356
4050 	 855 	 0.853721 	 0.00295221	0.0061677
4050 	 860 	 0.853752 	 0.00295895	0.00618179
4050 	 865 	 0.853783 	 0.00296566	0.00619581
4050 	 870 	 0.853814 	 0.00297235	0.00620978
4050 	 875 	 0.853845 	 0.00297901	0.00622369
4050 	 880 	 0.853875 	 0.00298564	0.00623754
4050 	 885 	 0.853905 	 0.00299224	0.00625133
4050 	 890 	 0.853935 	 0.00299881	0.00626507
4050 	 895 	 0.853964 	 0.00300536	0.00627874
4050 	 900 	 0.853993 	 0.00301188	0.00629236
4050 	 905 	 0.854022 	 0.00301837	0.00630592
4050 	 910 	 0.85405 	 0.00302483	0.00631943
4050 	 915 	 0.854079 	 0.00303127	0.00633287
4050 	 920 	 0.854107 	 0.00303768	0.00634626
4050 	 925 	 0.854134 	 0.00304406	0.00635959
4050 	 930 	 0.854162 	 0.00305041	0.00637287
4050 	 935 	 0.854189 	 0.00305674	0.00638609
4050 	 940 	 0.854215 	 0.00306304	0.00639925
4050 	 945 	 0.854242 	 0.00306931	0.00641235
4050 	 950 	 0.854268 	 0.00307556	0.0064254
4050 	 955 	 0.854294 	 0.00308177	0.00643839
4050 	 960 	 0.85432 	 0.00308797	0.00645132
4050 	 965 	 0.854346 	 0.00309413	0.0064642
4050 	 970 	 0.854371 	 0.00310027	0.00647702
4050 	 975 	 0.854396 	 0.00310638	0.00648979
4050 	 980 	 0.854421 	 0.00311246	0.0065025
4050 	 985 	 0.854445 	 0.00311852	0.00651516
4050 	 990 	 0.85447 	 0.00312455	0.00652776
4050 	 995 	 0.854494 	 0.00313056	0.00654031
4050 	 1000 	 0.854518 	 0.00313654	0.0065528
4050 	 1005 	 0.854542 	 0.00314249	0.00656524
4050 	 1010 	 0.854565 	 0.00314842	0.00657762
4050 	 1015 	 0.854588 	 0.00315432	0.00658995
4050 	 1020 	 0.854611 	 0.00316019	0.00660222
4050 	 1025 	 0.854634 	 0.00316604	0.00661444
4050 	 1030 	 0.854657 	 0.00317187	0.00662661
4050 	 1035 	 0.854679 	 0.00317767	0.00663873
4050 	 1040 	 0.854702 	 0.00318344	0.00665079
4050 	 1045 	 0.854724 	 0.00318919	0.0066628
4050 	 1050 	 0.854746 	 0.00319491	0.00667476
4050 	 1055 	 0.854767 	 0.00320061	0.00668666
4050 	 1060 	 0.854789 	 0.00320629	0.00669852
4050 	 1065 	 0.85481 	 0.00321194	0.00671032
4050 	 1070 	 0.854831 	 0.00321756	0.00672207
4050 	 1075 	 0.854852 	 0.00322316	0.00673377
4050 	 1080 	 0.854873 	 0.00322874	0.00674542
4050 	 1085 	 0.854893 	 0.00323429	0.00675701
4050 	 1090 	 0.854914 	 0.00323981	0.00676856
4050 	 1095 	 0.854934 	 0.00324532	0.00678006
4050 	 1100 	 0.854954 	 0.0032508	0.00679151
4050 	 1105 	 0.854974 	 0.00325625	0.00680291
4050 	 1110 	 0.854994 	 0.00326168	0.00681425
4050 	 1115 	 0.855013 	 0.00326709	0.00682555
4050 	 1120 	 0.855033 	 0.00327248	0.0068368
4050 	 1125 	 0.855052 	 0.00327784	0.00684801
4050 	 1130 	 0.855071 	 0.00328318	0.00685916
4050 	 1135 	 0.85509 	 0.00328849	0.00687026
4050 	 1140 	 0.855109 	 0.00329379	0.00688132
4050 	 1145 	 0.855127 	 0.00329906	0.00689233
4050 	 1150 	 0.855146 	 0.0033043	0.00690329
4050 	 1155 	 0.855164 	 0.00330953	0.00691421
4050 	 1160 	 0.855182 	 0.00331473	0.00692508
4050 	 1165 	 0.8552 	 0.00331991	0.0069359
4050 	 1170 	 0.855218 	 0.00332507	0.00694668
4050 	 1175 	 0.855236 	 0.00333021	0.00695741
4050 	 1180 	 0.855254 	 0.00333532	0.00696809
4050 	 1185 	 0.855271 	 0.00334041	0.00697873
4050 	 1190 	 0.855288 	 0.00334548	0.00698932
4050 	 1195 	 0.855306 	 0.00335053	0.00699987
4050 	 1200 	 0.855323 	 0.00335556	0.00701037
4050 	 1205 	 0.85534 	 0.00336056	0.00702083
4050 	 1210 	 0.855356 	 0.00336555	0.00703125
4050 	 1215 	 0.855373 	 0.00337051	0.00704162
4050 	 1220 	 0.85539 	 0.00337546	0.00705194
4050 	 1225 	 0.855406 	 0.00338038	0.00706222
4050 	 1230 	 0.855422 	 0.00338528	0.00707246
4050 	 1235 	 0.855439 	 0.00339016	0.00708266
4050 	 1240 	 0.855455 	 0.00339502	0.00709281
4050 	 1245 	 0.855471 	 0.00339986	0.00710292
4050 	 1250 	 0.855486 	 0.00340468	0.00711299
4050 	 1255 	 0.855502 	 0.00340948	0.00712302
4050 	 1260 	 0.855518 	 0.00341426	0.007133
4050 	 1265 	 0.855533 	 0.00341902	0.00714295
4050 	 1270 	 0.855549 	 0.00342375	0.00715285
4050 	 1275 	 0.855564 	 0.00342847	0.00716271
4050 	 1280 	 0.855579 	 0.00343317	0.00717253
4050 	 1285 	 0.855594 	 0.00343785	0.0071823
4050 	 1290 	 0.855609 	 0.00344252	0.00719204
4050 	 1295 	 0.855624 	 0.00344716	0.00720174
4050 	 1300 	 0.855639 	 0.00345178	0.0072114
4050 	 1305 	 0.855653 	 0.00345638	0.00722102
4050 	 1310 	 0.855668 	 0.00346097	0.00723059
4050 	 1315 	 0.855682 	 0.00346553	0.00724013
4050 	 1320 	 0.855696 	 0.00347008	0.00724963
4050 	 1325 	 0.855711 	 0.00347461	0.00725909
4050 	 1330 	 0.855725 	 0.00347912	0.00726852
4050 	 1335 	 0.855739 	 0.00348361	0.0072779
4050 	 1340 	 0.855753 	 0.00348809	0.00728725
4050 	 1345 	 0.855767 	 0.00349254	0.00729655
4050 	 1350 	 0.85578 	 0.00349698	0.00730582
4050 	 1355 	 0.855794 	 0.0035014	0.00731506
4050 	 1360 	 0.855807 	 0.0035058	0.00732425
4050 	 1365 	 0.855821 	 0.00351018	0.00733341
4050 	 1370 	 0.855834 	 0.00351455	0.00734253
4050 	 1375 	 0.855848 	 0.0035189	0.00735162
4050 	 1380 	 0.855861 	 0.00352323	0.00736066
4050 	 1385 	 0.855874 	 0.00352754	0.00736967
4050 	 1390 	 0.855887 	 0.00353184	0.00737865
4050 	 1395 	 0.8559 	 0.00353612	0.00738759
4050 	 1400 	 0.855913 	 0.00354038	0.00739649
4050 	 1405 	 0.855925 	 0.00354462	0.00740536
4050 	 1410 	 0.855938 	 0.00354885	0.0074142
4050 	 1415 	 0.855951 	 0.00355306	0.00742299
4050 	 1420 	 0.855963 	 0.00355726	0.00743176
4050 	 1425 	 0.855975 	 0.00356144	0.00744049
4050 	 1430 	 0.855988 	 0.0035656	0.00744918
4050 	 1435 	 0.856 	 0.00356974	0.00745784
4050 	 1440 	 0.856012 	 0.00357387	0.00746647
4050 	 1445 	 0.856024 	 0.00357798	0.00747506
4050 	 1450 	 0.856036 	 0.00358208	0.00748362
4050 	 1455 	 0.856048 	 0.00358616	0.00749214
4050 	 1460 	 0.85606 	 0.00359023	0.00750064
4050 	 1465 	 0.856072 	 0.00359427	0.00750909
4050 	 1470 	 0.856084 	 0.00359831	0.00751752
4050 	 1475 	 0.856095 	 0.00360233	0.00752591
4050 	 1480 	 0.856107 	 0.00360633	0.00753427
4050 	 1485 	 0.856118 	 0.00361031	0.0075426
4050 	 1490 	 0.85613 	 0.00361428	0.0075509
4050 	 1495 	 0.856141 	 0.00361824	0.00755916
4050 	 1500 	 0.856153 	 0.00362218	0.0075674
4050 	 1505 	 0.856164 	 0.00362611	0.0075756
4050 	 1510 	 0.856175 	 0.00363002	0.00758377
4050 	 1515 	 0.856186 	 0.00363391	0.00759191
4050 	 1520 	 0.856197 	 0.00363779	0.00760001
4050 	 1525 	 0.856208 	 0.00364166	0.00760809
4050 	 1530 	 0.856219 	 0.00364551	0.00761614
4050 	 1535 	 0.85623 	 0.00364935	0.00762415
4050 	 1540 	 0.85624 	 0.00365317	0.00763214
4050 	 1545 	 0.856251 	 0.00365698	0.00764009
4050 	 1550 	 0.856262 	 0.00366077	0.00764802
4050 	 1555 	 0.856272 	 0.00366455	0.00765591
4050 	 1560 	 0.856283 	 0.00366831	0.00766378
4050 	 1565 	 0.856293 	 0.00367206	0.00767161
4050 	 1570 	 0.856304 	 0.0036758	0.00767942
4050 	 1575 	 0.856314 	 0.00367952	0.00768719
4050 	 1580 	 0.856324 	 0.00368323	0.00769494
4050 	 1585 	 0.856334 	 0.00368693	0.00770266
4050 	 1590 	 0.856345 	 0.00369061	0.00771035
4050 	 1595 	 0.856355 	 0.00369428	0.00771802
4050 	 1600 	 0.856365 	 0.00369793	0.00772565
4050 	 1605 	 0.856375 	 0.00370157	0.00773325
4050 	 1610 	 0.856385 	 0.0037052	0.00774083
4050 	 1615 	 0.856394 	 0.00370881	0.00774838
4050 	 1620 	 0.856404 	 0.00371241	0.0077559
4050 	 1625 	 0.856414 	 0.003716	0.0077634
4050 	 1630 	 0.856424 	 0.00371957	0.00777086
4050 	 1635 	 0.856433 	 0.00372313	0.0077783
4050 	 1640 	 0.856443 	 0.00372668	0.00778572
4050 	 1645 	 0.856452 	 0.00373022	0.0077931
4050 	 1650 	 0.856462 	 0.00373374	0.00780046
4050 	 1655 	 0.856471 	 0.00373725	0.00780779
4050 	 1660 	 0.856481 	 0.00374075	0.0078151
4050 	 1665 	 0.85649 	 0.00374423	0.00782238
4050 	 1670 	 0.856499 	 0.0037477	0.00782963
4050 	 1675 	 0.856508 	 0.00375116	0.00783686
4050 	 1680 	 0.856517 	 0.00375461	0.00784406
4050 	 1685 	 0.856527 	 0.00375804	0.00785123
4050 	 1690 	 0.856536 	 0.00376146	0.00785838
4050 	 1695 	 0.856545 	 0.00376487	0.00786551
4050 	 1700 	 0.856554 	 0.00376827	0.0078726
4050 	 1705 	 0.856562 	 0.00377166	0.00787968
4050 	 1710 	 0.856571 	 0.00377503	0.00788673
4050 	 1715 	 0.85658 	 0.00377839	0.00789375
4050 	 1720 	 0.856589 	 0.00378174	0.00790075
4050 	 1725 	 0.856598 	 0.00378508	0.00790772
4050 	 1730 	 0.856606 	 0.00378841	0.00791467
4050 	 1735 	 0.856615 	 0.00379172	0.00792159
4050 	 1740 	 0.856624 	 0.00379502	0.00792849
4050 	 1745 	 0.856632 	 0.00379831	0.00793537
4050 	 1750 	 0.856641 	 0.00380159	0.00794222
4050 	 1755 	 0.856649 	 0.00380486	0.00794905
4050 	 1760 	 0.856657 	 0.00380812	0.00795585
4050 	 1765 	 0.856666 	 0.00381136	0.00796264
4050 	 1770 	 0.856674 	 0.0038146	0.00796939
4050 	 1775 	 0.856682 	 0.00381782	0.00797613
4050 	 1780 	 0.856691 	 0.00382103	0.00798284
4050 	 1785 	 0.856699 	 0.00382424	0.00798952
4050 	 1790 	 0.856707 	 0.00382743	0.00799619
4050 	 1795 	 0.856715 	 0.0038306	0.00800283
4050 	 1800 	 0.856723 	 0.00383377	0.00800945
4050 	 1805 	 0.856731 	 0.00383693	0.00801604
4050 	 1810 	 0.856739 	 0.00384008	0.00802262
4050 	 1815 	 0.856747 	 0.00384321	0.00802917
4050 	 1820 	 0.856755 	 0.00384634	0.0080357
4050 	 1825 	 0.856763 	 0.00384945	0.0080422
4050 	 1830 	 0.85677 	 0.00385255	0.00804869
4050 	 1835 	 0.856778 	 0.00385565	0.00805515
4050 	 1840 	 0.856786 	 0.00385873	0.00806159
4050 	 1845 	 0.856794 	 0.0038618	0.00806801
4050 	 1850 	 0.856801 	 0.00386486	0.00807441
4050 	 1855 	 0.856809 	 0.00386792	0.00808078
4050 	 1860 	 0.856817 	 0.00387096	0.00808714
4050 	 1865 	 0.856824 	 0.00387399	0.00809347
4050 	 1870 	 0.856832 	 0.00387701	0.00809978
4050 	 1875 	 0.856839 	 0.00388002	0.00810607
4050 	 1880 	 0.856846 	 0.00388302	0.00811234
4050 	 1885 	 0.856854 	 0.00388601	0.00811859
4050 	 1890 	 0.856861 	 0.003889	0.00812482
4050 	 1895 	 0.856869 	 0.00389197	0.00813103
4050 	 1900 	 0.856876 	 0.00389493	0.00813721
4050 	 1905 	 0.856883 	 0.00389788	0.00814338
4050 	 1910 	 0.85689 	 0.00390082	0.00814953
4050 	 1915 	 0.856897 	 0.00390375	0.00815565
4050 	 1920 	 0.856905 	 0.00390668	0.00816176
4050 	 1925 	 0.856912 	 0.00390959	0.00816785
4050 	 1930 	 0.856919 	 0.00391249	0.00817391
4050 	 1935 	 0.856926 	 0.00391539	0.00817996
4050 	 1940 	 0.856933 	 0.00391827	0.00818598
4050 	 1945 	 0.85694 	 0.00392115	0.00819199
4050 	 1950 	 0.856947 	 0.00392401	0.00819798
4050 	 1955 	 0.856954 	 0.00392687	0.00820395
4050 	 1960 	 0.856961 	 0.00392972	0.0082099
4050 	 1965 	 0.856967 	 0.00393256	0.00821583
4050 	 1970 	 0.856974 	 0.00393539	0.00822174
4050 	 1975 	 0.856981 	 0.00393821	0.00822763
4050 	 1980 	 0.856988 	 0.00394102	0.0082335
4050 	 1985 	 0.856994 	 0.00394382	0.00823935
4050 	 1990 	 0.857001 	 0.00394661	0.00824519
4050 	 1995 	 0.857008 	 0.0039494	0.00825101
4050 	 2000 	 0.857014 	 0.00395217	0.0082568
4050 	 2005 	 0.857021 	 0.00395494	0.00826258
4050 	 2010 	 0.857028 	 0.00395769	0.00826834
4050 	 2015 	 0.857034 	 0.00396044	0.00827409
4050 	 2020 	 0.857041 	 0.00396318	0.00827981
4050 	 2025 	 0.857047 	 0.00396592	0.00828552
4050 	 2030 	 0.857054 	 0.00396864	0.00829121
4050 	 2035 	 0.85706 	 0.00397135	0.00829688
4050 	 2040 	 0.857066 	 0.00397406	0.00830253
4050 	 2045 	 0.857073 	 0.00397676	0.00830817
4050 	 2050 	 0.857079 	 0.00397944	0.00831378
4050 	 2055 	 0.857085 	 0.00398212	0.00831938
4050 	 2060 	 0.857092 	 0.0039848	0.00832497
4050 	 2065 	 0.857098 	 0.00398746	0.00833053
4050 	 2070 	 0.857104 	 0.00399012	0.00833608
4050 	 2075 	 0.85711 	 0.00399276	0.00834161
4050 	 2080 	 0.857116 	 0.0039954	0.00834712
4050 	 2085 	 0.857123 	 0.00399803	0.00835262
4050 	 2090 	 0.857129 	 0.00400066	0.0083581
4050 	 2095 	 0.857135 	 0.00400327	0.00836356
4050 	 2100 	 0.857141 	 0.00400588	0.00836901
4050 	 2105 	 0.857147 	 0.00400848	0.00837444
4050 	 2110 	 0.857153 	 0.00401107	0.00837985
4050 	 2115 	 0.857159 	 0.00401365	0.00838525
4050 	 2120 	 0.857165 	 0.00401623	0.00839063
4050 	 2125 	 0.857171 	 0.00401879	0.00839599
4050 	 2130 	 0.857177 	 0.00402135	0.00840134
4050 	 2135 	 0.857182 	 0.0040239	0.00840667
4050 	 2140 	 0.857188 	 0.00402645	0.00841198
4050 	 2145 	 0.857194 	 0.00402898	0.00841728
4050 	 2150 	 0.8572 	 0.00403151	0.00842256
4050 	 2155 	 0.857206 	 0.00403403	0.00842783
4050 	 2160 	 0.857211 	 0.00403655	0.00843308
4050 	 2165 	 0.857217 	 0.00403905	0.00843831
4050 	 2170 	 0.857223 	 0.00404155	0.00844353
4050 	 2175 	 0.857229 	 0.00404404	0.00844874
4050 	 2180 	 0.857234 	 0.00404652	0.00845392
4050 	 2185 	 0.85724 	 0.004049	0.0084591
4050 	 2190 	 0.857245 	 0.00405147	0.00846425
4050 	 2195 	 0.857251 	 0.00405393	0.0084694
4050 	 2200 	 0.857257 	 0.00405638	0.00847452
4050 	 2205 	 0.857262 	 0.00405883	0.00847963
4050 	 2210 	 0.857268 	 0.00406127	0.00848473
4050 	 2215 	 0.857273 	 0.0040637	0.00848981
4050 	 2220 	 0.857279 	 0.00406612	0.00849488
4050 	 2225 	 0.857284 	 0.00406854	0.00849993
4050 	 2230 	 0.857289 	 0.00407095	0.00850496
4050 	 2235 	 0.857295 	 0.00407336	0.00850998
4050 	 2240 	 0.8573 	 0.00407575	0.00851499
4050 	 2245 	 0.857305 	 0.00407814	0.00851998
4050 	 2250 	 0.857311 	 0.00408053	0.00852496
4050 	 2255 	 0.857316 	 0.0040829	0.00852992
4050 	 2260 	 0.857321 	 0.00408527	0.00853487
4050 	 2265 	 0.857327 	 0.00408763	0.00853981
4050 	 2270 	 0.857332 	 0.00408999	0.00854473
4050 	 2275 	 0.857337 	 0.00409233	0.00854963
4050 	 2280 	 0.857342 	 0.00409468	0.00855452
4050 	 2285 	 0.857347 	 0.00409701	0.0085594
4050 	 2290 	 0.857353 	 0.00409934	0.00856427
4050 	 2295 	 0.857358 	 0.00410166	0.00856912
4050 	 2300 	 0.857363 	 0.00410397	0.00857395
4050 	 2305 	 0.857368 	 0.00410628	0.00857877
4050 	 2310 	 0.857373 	 0.00410858	0.00858358
4050 	 2315 	 0.857378 	 0.00411088	0.00858837
4050 	 2320 	 0.857383 	 0.00411317	0.00859316
4050 	 2325 	 0.857388 	 0.00411545	0.00859792
4050 	 2330 	 0.857393 	 0.00411772	0.00860268
4050 	 2335 	 0.857398 	 0.00411999	0.00860742
4050 	 2340 	 0.857403 	 0.00412226	0.00861214
4050 	 2345 	 0.857408 	 0.00412451	0.00861686
4050 	 2350 	 0.857413 	 0.00412676	0.00862155
4050 	 2355 	 0.857418 	 0.004129	0.00862624
4050 	 2360 	 0.857423 	 0.00413124	0.00863091
4050 	 2365 	 0.857428 	 0.00413347	0.00863558
4050 	 2370 	 0.857432 	 0.0041357	0.00864022
4050 	 2375 	 0.857437 	 0.00413791	0.00864486
4050 	 2380 	 0.857442 	 0.00414013	0.00864948
4050 	 2385 	 0.857447 	 0.00414233	0.00865409
4050 	 2390 	 0.857452 	 0.00414453	0.00865868
4050 	 2395 	 0.857456 	 0.00414673	0.00866326
4050 	 2400 	 0.857461 	 0.00414891	0.00866783
4050 	 2405 	 0.857466 	 0.00415109	0.00867239
4050 	 2410 	 0.85747 	 0.00415327	0.00867694
4050 	 2415 	 0.857475 	 0.00415544	0.00868147
4050 	 2420 	 0.85748 	 0.0041576	0.00868599
4050 	 2425 	 0.857484 	 0.00415976	0.0086905
4050 	 2430 	 0.857489 	 0.00416191	0.00869499
4050 	 2435 	 0.857494 	 0.00416406	0.00869947
4050 	 2440 	 0.857498 	 0.0041662	0.00870394
4050 	 2445 	 0.857503 	 0.00416833	0.0087084
4050 	 2450 	 0.857507 	 0.00417046	0.00871285
4050 	 2455 	 0.857512 	 0.00417258	0.00871728
4050 	 2460 	 0.857516 	 0.0041747	0.0087217
4050 	 2465 	 0.857521 	 0.00417681	0.00872611
4050 	 2470 	 0.857525 	 0.00417891	0.00873051
4050 	 2475 	 0.85753 	 0.00418101	0.0087349
4050 	 2480 	 0.857534 	 0.00418311	0.00873927
4050 	 2485 	 0.857539 	 0.00418519	0.00874363
4050 	 2490 	 0.857543 	 0.00418728	0.00874798
4050 	 2495 	 0.857547 	 0.00418935	0.00875232
4050 	 2500 	 0.857552 	 0.00419142	0.00875665
4050 	 2505 	 0.857556 	 0.00419349	0.00876097
4050 	 2510 	 0.857561 	 0.00419555	0.00876527
4050 	 2515 	 0.857565 	 0.0041976	0.00876956
4050 	 2520 	 0.857569 	 0.00419965	0.00877384
4050 	 2525 	 0.857574 	 0.0042017	0.00877811
4050 	 2530 	 0.857578 	 0.00420374	0.00878237
4050 	 2535 	 0.857582 	 0.00420577	0.00878662
4050 	 2540 	 0.857586 	 0.0042078	0.00879085
4050 	 2545 	 0.857591 	 0.00420982	0.00879508
4050 	 2550 	 0.857595 	 0.00421183	0.00879929
4050 	 2555 	 0.857599 	 0.00421385	0.00880349
4050 	 2560 	 0.857603 	 0.00421585	0.00880768
4050 	 2565 	 0.857607 	 0.00421785	0.00881186
4050 	 2570 	 0.857612 	 0.00421985	0.00881603
4050 	 2575 	 0.857616 	 0.00422184	0.00882019
4050 	 2580 	 0.85762 	 0.00422382	0.00882434
4050 	 2585 	 0.857624 	 0.0042258	0.00882847
4050 	 2590 	 0.857628 	 0.00422778	0.0088326
4050 	 2595 	 0.857632 	 0.00422975	0.00883671
4050 	 2600 	 0.857636 	 0.00423171	0.00884082
4050 	 2605 	 0.85764 	 0.00423367	0.00884491
4050 	 2610 	 0.857644 	 0.00423563	0.00884899
4050 	 2615 	 0.857648 	 0.00423757	0.00885307
4050 	 2620 	 0.857652 	 0.00423952	0.00885713
4050 	 2625 	 0.857656 	 0.00424146	0.00886118
4050 	 2630 	 0.85766 	 0.00424339	0.00886522
4050 	 2635 	 0.857664 	 0.00424532	0.00886925
4050 	 2640 	 0.857668 	 0.00424725	0.00887327
4050 	 2645 	 0.857672 	 0.00424916	0.00887728
4050 	 2650 	 0.857676 	 0.00425108	0.00888128
4050 	 2655 	 0.85768 	 0.00425299	0.00888527
4050 	 2660 	 0.857684 	 0.00425489	0.00888925
4050 	 2665 	 0.857688 	 0.00425679	0.00889321
4050 	 2670 	 0.857692 	 0.00425869	0.00889717
4050 	 2675 	 0.857696 	 0.00426058	0.00890112
4050 	 2680 	 0.8577 	 0.00426246	0.00890506
4050 	 2685 	 0.857703 	 0.00426434	0.00890899
4050 	 2690 	 0.857707 	 0.00426622	0.00891291
4050 	 2695 	 0.857711 	 0.00426809	0.00891682
4050 	 2700 	 0.857715 	 0.00426996	0.00892071
4050 	 2705 	 0.857719 	 0.00427182	0.0089246
4050 	 2710 	 0.857722 	 0.00427367	0.00892848
4050 	 2715 	 0.857726 	 0.00427553	0.00893235
4050 	 2720 	 0.85773 	 0.00427737	0.00893621
4050 	 2725 	 0.857734 	 0.00427922	0.00894006
4050 	 2730 	 0.857737 	 0.00428105	0.0089439
4050 	 2735 	 0.857741 	 0.00428289	0.00894773
4050 	 2740 	 0.857745 	 0.00428472	0.00895155
4050 	 2745 	 0.857748 	 0.00428654	0.00895537
4050 	 2750 	 0.857752 	 0.00428836	0.00895917
4050 	 2755 	 0.857756 	 0.00429018	0.00896296
4050 	 2760 	 0.857759 	 0.00429199	0.00896674
4050 	 2765 	 0.857763 	 0.00429379	0.00897052
4050 	 2770 	 0.857767 	 0.0042956	0.00897428
4050 	 2775 	 0.85777 	 0.00429739	0.00897804
4050 	 2780 	 0.857774 	 0.00429919	0.00898178
4050 	 2785 	 0.857778 	 0.00430098	0.00898552
4050 	 2790 	 0.857781 	 0.00430276	0.00898925
4050 	 2795 	 0.857785 	 0.00430454	0.00899297
4050 	 2800 	 0.857788 	 0.00430632	0.00899668
4050 	 2805 	 0.857792 	 0.00430809	0.00900038
4050 	 2810 	 0.857795 	 0.00430985	0.00900407
4050 	 2815 	 0.857799 	 0.00431162	0.00900775
4050 	 2820 	 0.857802 	 0.00431337	0.00901142
4050 	 2825 	 0.857806 	 0.00431513	0.00901509
4050 	 2830 	 0.857809 	 0.00431688	0.00901874
4050 	 2835 	 0.857813 	 0.00431862	0.00902239
4050 	 2840 	 0.857816 	 0.00432036	0.00902603
4050 	 2845 	 0.85782 	 0.0043221	0.00902966
4050 	 2850 	 0.857823 	 0.00432383	0.00903328
4050 	 2855 	 0.857827 	 0.00432556	0.00903689
4050 	 2860 	 0.85783 	 0.00432729	0.00904049
4050 	 2865 	 0.857833 	 0.00432901	0.00904409
4050 	 2870 	 0.857837 	 0.00433072	0.00904767
4050 	 2875 	 0.85784 	 0.00433244	0.00905125
4050 	 2880 	 0.857843 	 0.00433414	0.00905482
4050 	 2885 	 0.857847 	 0.00433585	0.00905838
4050 	 2890 	 0.85785 	 0.00433755	0.00906193
4050 	 2895 	 0.857854 	 0.00433924	0.00906547
4050 	 2900 	 0.857857 	 0.00434094	0.00906901
4050 	 2905 	 0.85786 	 0.00434262	0.00907253
4050 	 2910 	 0.857864 	 0.00434431	0.00907605
4050 	 2915 	 0.857867 	 0.00434599	0.00907956
4050 	 2920 	 0.85787 	 0.00434766	0.00908306
4050 	 2925 	 0.857873 	 0.00434934	0.00908655
4050 	 2930 	 0.857877 	 0.004351	0.00909004
4050 	 2935 	 0.85788 	 0.00435267	0.00909351
4050 	 2940 	 0.857883 	 0.00435433	0.00909698
4050 	 2945 	 0.857886 	 0.00435598	0.00910044
4050 	 2950 	 0.85789 	 0.00435764	0.00910389
4050 	 2955 	 0.857893 	 0.00435928	0.00910734
4050 	 2960 	 0.857896 	 0.00436093	0.00911077
4050 	 2965 	 0.857899 	 0.00436257	0.0091142
4050 	 2970 	 0.857902 	 0.00436421	0.00911762
4050 	 2975 	 0.857906 	 0.00436584	0.00912103
4050 	 2980 	 0.857909 	 0.00436747	0.00912444
4050 	 2985 	 0.857912 	 0.00436909	0.00912783
4050 	 2990 	 0.857915 	 0.00437072	0.00913122
4050 	 2995 	 0.857918 	 0.00437233	0.0091346
4050 	 3000 	 0.857921 	 0.00437395	0.00913797
4050 	 3005 	 0.857924 	 0.00437556	0.00914134
4050 	 3010 	 0.857928 	 0.00437716	0.0091447
4050 	 3015 	 0.857931 	 0.00437877	0.00914804
4050 	 3020 	 0.857934 	 0.00438037	0.00915139
4050 	 3025 	 0.857937 	 0.00438196	0.00915472
4050 	 3030 	 0.85794 	 0.00438356	0.00915805
4050 	 3035 	 0.857943 	 0.00438514	0.00916136
4050 	 3040 	 0.857946 	 0.00438673	0.00916467
4050 	 3045 	 0.857949 	 0.00438831	0.00916798
4050 	 3050 	 0.857952 	 0.00438989	0.00917127
4050 	 3055 	 0.857955 	 0.00439146	0.00917456
4050 	 3060 	 0.857958 	 0.00439303	0.00917784
4050 	 3065 	 0.857961 	 0.0043946	0.00918112
4050 	 3070 	 0.857964 	 0.00439616	0.00918438
4050 	 3075 	 0.857967 	 0.00439772	0.00918764
4050 	 3080 	 0.85797 	 0.00439928	0.00919089
4050 	 3085 	 0.857973 	 0.00440083	0.00919413
4050 	 3090 	 0.857976 	 0.00440238	0.00919737
4050 	 3095 	 0.857979 	 0.00440392	0.0092006
4050 	 3100 	 0.857982 	 0.00440547	0.00920382
4050 	 3105 	 0.857985 	 0.00440701	0.00920704
4050 	 3110 	 0.857988 	 0.00440854	0.00921024
4050 	 3115 	 0.857991 	 0.00441007	0.00921344
4050 	 3120 	 0.857994 	 0.0044116	0.00921664
4050 	 3125 	 0.857996 	 0.00441313	0.00921982
4050 	 3130 	 0.857999 	 0.00441465	0.009223
4050 	 3135 	 0.858002 	 0.00441617	0.00922617
4050 	 3140 	 0.858005 	 0.00441768	0.00922934
4050 	 3145 	 0.858008 	 0.00441919	0.0092325
4050 	 3150 	 0.858011 	 0.0044207	0.00923565
4050 	 3155 	 0.858014 	 0.0044222	0.00923879
4050 	 3160 	 0.858017 	 0.00442371	0.00924193
4050 	 3165 	 0.858019 	 0.0044252	0.00924506
4050 	 3170 	 0.858022 	 0.0044267	0.00924818
4050 	 3175 	 0.858025 	 0.00442819	0.0092513
4050 	 3180 	 0.858028 	 0.00442968	0.0092544
4050 	 3185 	 0.858031 	 0.00443116	0.00925751
4050 	 3190 	 0.858033 	 0.00443264	0.0092606
4050 	 3195 	 0.858036 	 0.00443412	0.00926369
4050 	 3200 	 0.858039 	 0.0044356	0.00926677
4050 	 3205 	 0.858042 	 0.00443707	0.00926985
4050 	 3210 	 0.858045 	 0.00443854	0.00927292
4050 	 3215 	 0.858047 	 0.00444	0.00927598
4050 	 3220 	 0.85805 	 0.00444147	0.00927903
4050 	 3225 	 0.858053 	 0.00444293	0.00928208
4050 	 3230 	 0.858055 	 0.00444438	0.00928512
4050 	 3235 	 0.858058 	 0.00444583	0.00928816
4050 	 3240 	 0.858061 	 0.00444728	0.00929119
4050 	 3245 	 0.858064 	 0.00444873	0.00929421
4050 	 3250 	 0.858066 	 0.00445017	0.00929722
4050 	 3255 	 0.858069 	 0.00445161	0.00930023
4050 	 3260 	 0.858072 	 0.00445305	0.00930323
4050 	 3265 	 0.858074 	 0.00445448	0.00930623
4050 	 3270 	 0.858077 	 0.00445592	0.00930922
4050 	 3275 	 0.85808 	 0.00445734	0.0093122
4050 	 3280 	 0.858082 	 0.00445877	0.00931518
4050 	 3285 	 0.858085 	 0.00446019	0.00931815
4050 	 3290 	 0.858088 	 0.00446161	0.00932111
4050 	 3295 	 0.85809 	 0.00446302	0.00932407
4050 	 3300 	 0.858093 	 0.00446444	0.00932702
4050 	 3305 	 0.858095 	 0.00446585	0.00932997
4050 	 3310 	 0.858098 	 0.00446725	0.00933291
4050 	 3315 	 0.858101 	 0.00446866	0.00933584
4050 	 3320 	 0.858103 	 0.00447006	0.00933877
4050 	 3325 	 0.858106 	 0.00447146	0.00934169
4050 	 3330 	 0.858108 	 0.00447285	0.0093446
4050 	 3335 	 0.858111 	 0.00447424	0.00934751
4050 	 3340 	 0.858114 	 0.00447563	0.00935041
4050 	 3345 	 0.858116 	 0.00447702	0.00935331
4050 	 3350 	 0.858119 	 0.0044784	0.00935619
4050 	 3355 	 0.858121 	 0.00447978	0.00935908
4050 	 3360 	 0.858124 	 0.00448116	0.00936196
4050 	 3365 	 0.858126 	 0.00448253	0.00936483
4050 	 3370 	 0.858129 	 0.0044839	0.00936769
4050 	 3375 	 0.858131 	 0.00448527	0.00937055
4050 	 3380 	 0.858134 	 0.00448664	0.0093734
4050 	 3385 	 0.858136 	 0.004488	0.00937625
4050 	 3390 	 0.858139 	 0.00448936	0.00937909
4050 	 3395 	 0.858141 	 0.00449072	0.00938193
4050 	 3400 	 0.858144 	 0.00449207	0.00938476
4050 	 3405 	 0.858146 	 0.00449342	0.00938758
4050 	 3410 	 0.858149 	 0.00449477	0.0093904
4050 	 3415 	 0.858151 	 0.00449612	0.00939321
4050 	 3420 	 0.858154 	 0.00449746	0.00939602
4050 	 3425 	 0.858156 	 0.0044988	0.00939882
4050 	 3430 	 0.858159 	 0.00450014	0.00940161
4050 	 3435 	 0.858161 	 0.00450147	0.0094044
4050 	 3440 	 0.858163 	 0.00450281	0.00940718
4050 	 3445 	 0.858166 	 0.00450414	0.00940996
4050 	 3450 	 0.858168 	 0.00450546	0.00941273
4050 	 3455 	 0.858171 	 0.00450679	0.0094155
4050 	 3460 	 0.858173 	 0.00450811	0.00941826
4050 	 3465 	 0.858175 	 0.00450943	0.00942101
4050 	 3470 	 0.858178 	 0.00451074	0.00942376
4050 	 3475 	 0.85818 	 0.00451206	0.00942651
4050 	 3480 	 0.858183 	 0.00451337	0.00942924
4050 	 3485 	 0.858185 	 0.00451467	0.00943198
4050 	 3490 	 0.858187 	 0.00451598	0.0094347
4050 	 3495 	 0.85819 	 0.00451728	0.00943742
4050 	 3500 	 0.858192 	 0.00451858	0.00944014
4050 	 3505 	 0.858194 	 0.00451988	0.00944285
4050 	 3510 	 0.858197 	 0.00452117	0.00944555
4050 	 3515 	 0.858199 	 0.00452246	0.00944825
4050 	 3520 	 0.858201 	 0.00452375	0.00945095
4050 	 3525 	 0.858204 	 0.00452504	0.00945363
4050 	 3530 	 0.858206 	 0.00452632	0.00945632
4050 	 3535 	 0.858208 	 0.00452761	0.00945899
4050 	 3540 	 0.858211 	 0.00452889	0.00946167
4050 	 3545 	 0.858213 	 0.00453016	0.00946433
4050 	 3550 	 0.858215 	 0.00453144	0.009467
4050 	 3555 	 0.858218 	 0.00453271	0.00946965
4050 	 3560 	 0.85822 	 0.00453398	0.0094723
4050 	 3565 	 0.858222 	 0.00453524	0.00947495
4050 	 3570 	 0.858224 	 0.00453651	0.00947759
4050 	 3575 	 0.858227 	 0.00453777	0.00948022
4050 	 3580 	 0.858229 	 0.00453903	0.00948285
4050 	 3585 	 0.858231 	 0.00454028	0.00948548
4050 	 3590 	 0.858233 	 0.00454154	0.0094881
4050 	 3595 	 0.858236 	 0.00454279	0.00949071
4050 	 3600 	 0.858238 	 0.00454404	0.00949332
4050 	 3605 	 0.85824 	 0.00454528	0.00949592
4050 	 3610 	 0.858242 	 0.00454653	0.00949852
4050 	 3615 	 0.858244 	 0.00454777	0.00950111
4050 	 3620 	 0.858247 	 0.00454901	0.0095037
4050 	 3625 	 0.858249 	 0.00455024	0.00950629
4050 	 3630 	 0.858251 	 0.00455148	0.00950886
4050 	 3635 	 0.858253 	 0.00455271	0.00951144
4050 	 3640 	 0.858255 	 0.00455394	0.009514
4050 	 3645 	 0.858258 	 0.00455516	0.00951657
4050 	 3650 	 0.85826 	 0.00455639	0.00951913
4050 	 3655 	 0.858262 	 0.00455761	0.00952168
4050 	 3660 	 0.858264 	 0.00455883	0.00952423
4050 	 3665 	 0.858266 	 0.00456005	0.00952677
4050 	 3670 	 0.858268 	 0.00456126	0.00952931
4050 	 3675 	 0.858271 	 0.00456247	0.00953184
4050 	 3680 	 0.858273 	 0.00456369	0.00953437
4050 	 3685 	 0.858275 	 0.00456489	0.00953689
4050 	 3690 	 0.858277 	 0.0045661	0.00953941
4050 	 3695 	 0.858279 	 0.0045673	0.00954192
4050 	 3700 	 0.858281 	 0.0045685	0.00954443
4050 	 3705 	 0.858283 	 0.0045697	0.00954694
4050 	 3710 	 0.858286 	 0.0045709	0.00954944
4050 	 3715 	 0.858288 	 0.00457209	0.00955193
4050 	 3720 	 0.85829 	 0.00457328	0.00955442
4050 	 3725 	 0.858292 	 0.00457447	0.0095569
4050 	 3730 	 0.858294 	 0.00457566	0.00955938
4050 	 3735 	 0.858296 	 0.00457684	0.00956186
4050 	 3740 	 0.858298 	 0.00457803	0.00956433
4050 	 3745 	 0.8583 	 0.00457921	0.0095668
4050 	 3750 	 0.858302 	 0.00458038	0.00956926
4050 	 3755 	 0.858304 	 0.00458156	0.00957171
4050 	 3760 	 0.858306 	 0.00458273	0.00957416
4050 	 3765 	 0.858308 	 0.0045839	0.00957661
4050 	 3770 	 0.85831 	 0.00458507	0.00957905
4050 	 3775 	 0.858312 	 0.00458624	0.00958149
4050 	 3780 	 0.858315 	 0.0045874	0.00958392
4050 	 3785 	 0.858317 	 0.00458857	0.00958635
4050 	 3790 	 0.858319 	 0.00458973	0.00958878
4050 	 3795 	 0.858321 	 0.00459089	0.0095912
4050 	 3800 	 0.858323 	 0.00459204	0.00959361
4050 	 3805 	 0.858325 	 0.00459319	0.00959602
4050 	 3810 	 0.858327 	 0.00459435	0.00959843
4050 	 3815 	 0.858329 	 0.0045955	0.00960083
4050 	 3820 	 0.858331 	 0.00459664	0.00960322
4050 	 3825 	 0.858333 	 0.00459779	0.00960562
4050 	 3830 	 0.858335 	 0.00459893	0.009608
4050 	 3835 	 0.858337 	 0.00460007	0.00961039
4050 	 3840 	 0.858339 	 0.00460121	0.00961276
4050 	 3845 	 0.858341 	 0.00460235	0.00961514
4050 	 3850 	 0.858343 	 0.00460348	0.00961751
4050 	 3855 	 0.858345 	 0.00460461	0.00961987
4050 	 3860 	 0.858346 	 0.00460574	0.00962223
4050 	 3865 	 0.858348 	 0.00460687	0.00962459
4050 	 3870 	 0.85835 	 0.004608	0.00962694
4050 	 3875 	 0.858352 	 0.00460912	0.00962929
4050 	 3880 	 0.858354 	 0.00461024	0.00963163
4050 	 3885 	 0.858356 	 0.00461136	0.00963397
4050 	 3890 	 0.858358 	 0.00461248	0.00963631
4050 	 3895 	 0.85836 	 0.00461359	0.00963864
4050 	 3900 	 0.858362 	 0.00461471	0.00964096
4050 	 3905 	 0.858364 	 0.00461582	0.00964329
4050 	 3910 	 0.858366 	 0.00461693	0.0096456
4050 	 3915 	 0.858368 	 0.00461804	0.00964792
4050 	 3920 	 0.85837 	 0.00461914	0.00965023
4050 	 3925 	 0.858372 	 0.00462024	0.00965253
4050 	 3930 	 0.858373 	 0.00462135	0.00965483
4050 	 3935 	 0.858375 	 0.00462244	0.00965713
4050 	 3940 	 0.858377 	 0.00462354	0.00965942
4050 	 3945 	 0.858379 	 0.00462464	0.00966171
4050 	 3950 	 0.858381 	 0.00462573	0.00966399
4050 	 3955 	 0.858383 	 0.00462682	0.00966627
4050 	 3960 	 0.858385 	 0.00462791	0.00966855
4050 	 3965 	 0.858387 	 0.004629	0.00967082
4050 	 3970 	 0.858389 	 0.00463008	0.00967309
4050 	 3975 	 0.85839 	 0.00463117	0.00967535
4050 	 3980 	 0.858392 	 0.00463225	0.00967761
4050 	 3985 	 0.858394 	 0.00463333	0.00967986
4050 	 3990 	 0.858396 	 0.0046344	0.00968211
4050 	 3995 	 0.858398 	 0.00463548	0.00968436
4050 	 4000 	 0.8584 	 0.00463655	0.0096866
4050 	 4005 	 0.858401 	 0.00463762	0.00968884
4050 	 4010 	 0.858403 	 0.00463869	0.00969108
4050 	 4015 	 0.858405 	 0.00463976	0.00969331
4050 	 4020 	 0.858407 	 0.00464083	0.00969553
4050 	 4025 	 0.858409 	 0.00464189	0.00969776
4050 	 4030 	 0.858411 	 0.00464295	0.00969997
4050 	 4035 	 0.858412 	 0.00464401	0.00970219
4050 	 4040 	 0.858414 	 0.00464507	0.0097044
4050 	 4045 	 0.858416 	 0.00464613	0.00970661
4050 	 4050 	 0.858418 	 0.00464718	0.00970881
4050 	 4055 	 0.85842 	 0.00464823	0.00971101
4050 	 4060 	 0.858421 	 0.00464928	0.0097132
4050 	 4065 	 0.858423 	 0.00465033	0.00971539
4050 	 4070 	 0.858425 	 0.00465138	0.00971758
4050 	 4075 	 0.858427 	 0.00465243	0.00971976
4050 	 4080 	 0.858428 	 0.00465347	0.00972194
4050 	 4085 	 0.85843 	 0.00465451	0.00972412
4050 	 4090 	 0.858432 	 0.00465555	0.00972629
4050 	 4095 	 0.858434 	 0.00465659	0.00972846
4050 	 4100 	 0.858435 	 0.00465762	0.00973062
4050 	 4105 	 0.858437 	 0.00465866	0.00973278
4050 	 4110 	 0.858439 	 0.00465969	0.00973494
4050 	 4115 	 0.858441 	 0.00466072	0.00973709
4050 	 4120 	 0.858442 	 0.00466175	0.00973924
4050 	 4125 	 0.858444 	 0.00466277	0.00974139
4050 	 4130 	 0.858446 	 0.0046638	0.00974353
4050 	 4135 	 0.858448 	 0.00466482	0.00974566
4050 	 4140 	 0.858449 	 0.00466584	0.0097478
4050 	 4145 	 0.858451 	 0.00466686	0.00974993
4050 	 4150 	 0.858453 	 0.00466788	0.00975205
4050 	 4155 	 0.858455 	 0.0046689	0.00975418
4050 	 4160 	 0.858456 	 0.00466991	0.0097563
4050 	 4165 	 0.858458 	 0.00467092	0.00975841
4050 	 4170 	 0.85846 	 0.00467193	0.00976052
4050 	 4175 	 0.858461 	 0.00467294	0.00976263
4050 	 4180 	 0.858463 	 0.00467395	0.00976474
4050 	 4185 	 0.858465 	 0.00467496	0.00976684
4050 	 4190 	 0.858466 	 0.00467596	0.00976893
4050 	 4195 	 0.858468 	 0.00467696	0.00977103
4050 	 4200 	 0.85847 	 0.00467796	0.00977312
4050 	 4205 	 0.858471 	 0.00467896	0.0097752
4050 	 4210 	 0.858473 	 0.00467996	0.00977728
4050 	 4215 	 0.858475 	 0.00468095	0.00977936
4050 	 4220 	 0.858476 	 0.00468195	0.00978144
4050 	 4225 	 0.858478 	 0.00468294	0.00978351
4050 	 4230 	 0.85848 	 0.00468393	0.00978558
4050 	 4235 	 0.858481 	 0.00468492	0.00978764
4050 	 4240 	 0.858483 	 0.0046859	0.0097897
4050 	 4245 	 0.858485 	 0.00468689	0.00979176
4050 	 4250 	 0.858486 	 0.00468787	0.00979382
4050 	 4255 	 0.858488 	 0.00468885	0.00979587
4050 	 4260 	 0.85849 	 0.00468983	0.00979791
4050 	 4265 	 0.858491 	 0.00469081	0.00979996
4050 	 4270 	 0.858493 	 0.00469179	0.009802
4050 	 4275 	 0.858495 	 0.00469276	0.00980403
4050 	 4280 	 0.858496 	 0.00469373	0.00980607
4050 	 4285 	 0.858498 	 0.00469471	0.0098081
4050 	 4290 	 0.858499 	 0.00469568	0.00981012
4050 	 4295 	 0.858501 	 0.00469664	0.00981214
4050 	 4300 	 0.858503 	 0.00469761	0.00981416
4050 	 4305 	 0.858504 	 0.00469858	0.00981618
4050 	 4310 	 0.858506 	 0.00469954	0.00981819
4050 	 4315 	 0.858507 	 0.0047005	0.0098202
4050 	 4320 	 0.858509 	 0.00470146	0.00982221
4050 	 4325 	 0.858511 	 0.00470242	0.00982421
4050 	 4330 	 0.858512 	 0.00470338	0.00982621
4050 	 4335 	 0.858514 	 0.00470433	0.0098282
4050 	 4340 	 0.858515 	 0.00470528	0.0098302
4050 	 4345 	 0.858517 	 0.00470624	0.00983219
4050 	 4350 	 0.858518 	 0.00470719	0.00983417
4050 	 4355 	 0.85852 	 0.00470814	0.00983615
4050 	 4360 	 0.858522 	 0.00470908	0.00983813
4050 	 4365 	 0.858523 	 0.00471003	0.00984011
4050 	 4370 	 0.858525 	 0.00471097	0.00984208
4050 	 4375 	 0.858526 	 0.00471192	0.00984405
4050 	 4380 	 0.858528 	 0.00471286	0.00984602
4050 	 4385 	 0.858529 	 0.0047138	0.00984798
4050 	 4390 	 0.858531 	 0.00471473	0.00984994
4050 	 4395 	 0.858533 	 0.00471567	0.00985189
4050 	 4400 	 0.858534 	 0.0047166	0.00985385
4050 	 4405 	 0.858536 	 0.00471754	0.0098558
4050 	 4410 	 0.858537 	 0.00471847	0.00985774
4050 	 4415 	 0.858539 	 0.0047194	0.00985968
4050 	 4420 	 0.85854 	 0.00472033	0.00986162
4050 	 4425 	 0.858542 	 0.00472125	0.00986356
4050 	 4430 	 0.858543 	 0.00472218	0.00986549
4050 	 4435 	 0.858545 	 0.0047231	0.00986743
4050 	 4440 	 0.858546 	 0.00472403	0.00986935
4050 	 4445 	 0.858548 	 0.00472495	0.00987128
4050 	 4450 	 0.858549 	 0.00472587	0.0098732
4050 	 4455 	 0.858551 	 0.00472678	0.00987511
4050 	 4460 	 0.858552 	 0.0047277	0.00987703
4050 	 4465 	 0.858554 	 0.00472862	0.00987894
4050 	 4470 	 0.858555 	 0.00472953	0.00988085
4050 	 4475 	 0.858557 	 0.00473044	0.00988275
4050 	 4480 	 0.858558 	 0.00473135	0.00988466
4050 	 4485 	 0.85856 	 0.00473226	0.00988655
4050 	 4490 	 0.858561 	 0.00473317	0.00988845
4050 	 4495 	 0.858563 	 0.00473407	0.00989034
4050 	 4500 	 0.858564 	 0.00473498	0.00989223
4050 	 4505 	 0.858566 	 0.00473588	0.00989412
4050 	 4510 	 0.858567 	 0.00473678	0.009896
4050 	 4515 	 0.858569 	 0.00473768	0.00989788
4050 	 4520 	 0.85857 	 0.00473858	0.00989976
4050 	 4525 	 0.858572 	 0.00473948	0.00990164
4050 	 4530 	 0.858573 	 0.00474037	0.00990351
4050 	 4535 	 0.858574 	 0.00474127	0.00990538
4050 	 4540 	 0.858576 	 0.00474216	0.00990724
4050 	 4545 	 0.858577 	 0.00474305	0.0099091
4050 	 4550 	 0.858579 	 0.00474394	0.00991096
4050 	 4555 	 0.85858 	 0.00474483	0.00991282
4050 	 4560 	 0.858582 	 0.00474572	0.00991467
4050 	 4565 	 0.858583 	 0.0047466	0.00991652
4050 	 4570 	 0.858585 	 0.00474749	0.00991837
4050 	 4575 	 0.858586 	 0.00474837	0.00992021
4050 	 4580 	 0.858587 	 0.00474925	0.00992206
4050 	 4585 	 0.858589 	 0.00475013	0.00992389
4050 	 4590 	 0.85859 	 0.00475101	0.00992573
4050 	 4595 	 0.858592 	 0.00475189	0.00992756
4050 	 4600 	 0.858593 	 0.00475277	0.00992939
4050 	 4605 	 0.858595 	 0.00475364	0.00993122
4050 	 4610 	 0.858596 	 0.00475451	0.00993304
4050 	 4615 	 0.858597 	 0.00475538	0.00993486
4050 	 4620 	 0.858599 	 0.00475625	0.00993668
4050 	 4625 	 0.8586 	 0.00475712	0.0099385
4050 	 4630 	 0.858602 	 0.00475799	0.00994031
4050 	 4635 	 0.858603 	 0.00475886	0.00994212
4050 	 4640 	 0.858604 	 0.00475972	0.00994393
4050 	 4645 	 0.858606 	 0.00476059	0.00994573
4050 	 4650 	 0.858607 	 0.00476145	0.00994753
4050 	 4655 	 0.858609 	 0.00476231	0.00994933
4050 	 4660 	 0.85861 	 0.00476317	0.00995113
4050 	 4665 	 0.858611 	 0.00476403	0.00995292
4050 	 4670 	 0.858613 	 0.00476488	0.00995471
4050 	 4675 	 0.858614 	 0.00476574	0.00995649
4050 	 4680 	 0.858615 	 0.00476659	0.00995828
4050 	 4685 	 0.858617 	 0.00476744	0.00996006
4050 	 4690 	 0.858618 	 0.0047683	0.00996184
4050 	 4695 	 0.85862 	 0.00476915	0.00996361
4050 	 4700 	 0.858621 	 0.00476999	0.00996539
4050 	 4705 	 0.858622 	 0.00477084	0.00996716
4050 	 4710 	 0.858624 	 0.00477169	0.00996892
4050 	 4715 	 0.858625 	 0.00477253	0.00997069
4050 	 4720 	 0.858626 	 0.00477338	0.00997245
4050 	 4725 	 0.858628 	 0.00477422	0.00997421
4050 	 4730 	 0.858629 	 0.00477506	0.00997597
4050 	 4735 	 0.85863 	 0.0047759	0.00997772
4050 	 4740 	 0.858632 	 0.00477674	0.00997947
4050 	 4745 	 0.858633 	 0.00477757	0.00998122
4050 	 4750 	 0.858634 	 0.00477841	0.00998296
4050 	 4755 	 0.858636 	 0.00477924	0.00998471
4050 	 4760 	 0.858637 	 0.00478007	0.00998645
4050 	 4765 	 0.858638 	 0.00478091	0.00998818
4050 	 4770 	 0.85864 	 0.00478174	0.00998992
4050 	 4775 	 0.858641 	 0.00478257	0.00999165
4050 	 4780 	 0.858642 	 0.00478339	0.00999338
4050 	 4785 	 0.858644 	 0.00478422	0.00999511
4050 	 4790 	 0.858645 	 0.00478505	0.00999683
4050 	 4795 	 0.858646 	 0.00478587	0.00999855
4050 	 4800 	 0.858648 	 0.00478669	0.0100003
4050 	 4805 	 0.858649 	 0.00478751	0.010002
4050 	 4810 	 0.85865 	 0.00478833	0.0100037
4050 	 4815 	 0.858652 	 0.00478915	0.0100054
4050 	 4820 	 0.858653 	 0.00478997	0.0100071
4050 	 4825 	 0.858654 	 0.00479079	0.0100088
4050 	 4830 	 0.858656 	 0.0047916	0.0100105
4050 	 4835 	 0.858657 	 0.00479242	0.0100122
4050 	 4840 	 0.858658 	 0.00479323	0.0100139
4050 	 4845 	 0.858659 	 0.00479404	0.0100156
4050 	 4850 	 0.858661 	 0.00479485	0.0100173
4050 	 4855 	 0.858662 	 0.00479566	0.010019
4050 	 4860 	 0.858663 	 0.00479647	0.0100207
4050 	 4865 	 0.858665 	 0.00479727	0.0100224
4050 	 4870 	 0.858666 	 0.00479808	0.0100241
4050 	 4875 	 0.858667 	 0.00479888	0.0100257
4050 	 4880 	 0.858668 	 0.00479969	0.0100274
4050 	 4885 	 0.85867 	 0.00480049	0.0100291
4050 	 4890 	 0.858671 	 0.00480129	0.0100308
4050 	 4895 	 0.858672 	 0.00480209	0.0100324
4050 	 4900 	 0.858673 	 0.00480289	0.0100341
4050 	 4905 	 0.858675 	 0.00480368	0.0100358
4050 	 4910 	 0.858676 	 0.00480448	0.0100374
4050 	 4915 	 0.858677 	 0.00480527	0.0100391
4050 	 4920 	 0.858678 	 0.00480607	0.0100407
4050 	 4925 	 0.85868 	 0.00480686	0.0100424
4050 	 4930 	 0.858681 	 0.00480765	0.0100441
4050 	 4935 	 0.858682 	 0.00480844	0.0100457
4050 	 4940 	 0.858683 	 0.00480923	0.0100474
4050 	 4945 	 0.858685 	 0.00481002	0.010049
4050 	 4950 	 0.858686 	 0.0048108	0.0100506
4050 	 4955 	 0.858687 	 0.00481159	0.0100523
4050 	 4960 	 0.858688 	 0.00481237	0.0100539
4050 	 4965 	 0.85869 	 0.00481315	0.0100556
4050 	 4970 	 0.858691 	 0.00481393	0.0100572
4050 	 4975 	 0.858692 	 0.00481472	0.0100588
4050 	 4980 	 0.858693 	 0.00481549	0.0100604
4050 	 4985 	 0.858695 	 0.00481627	0.0100621
4050 	 4990 	 0.858696 	 0.00481705	0.0100637
4050 	 4995 	 0.858697 	 0.00481783	0.0100653
4050 	 5000 	 0.858698 	 0.0048186	0.0100669
