1890 	 5 	 0.728042 	 0.00657574	0.0137379
1890 	 10 	 0.728643 	 0.00617641	0.0129036
1890 	 15 	 0.729778 	 0.00555291	0.011601
1890 	 20 	 0.731887 	 0.00467213	0.00976093
1890 	 25 	 0.735676 	 0.0036705	0.00766833
1890 	 30 	 0.742094 	 0.00302092	0.00631126
1890 	 35 	 0.75195 	 0.00292367	0.00610808
1890 	 40 	 0.765024 	 0.00261812	0.00546973
1890 	 45 	 0.780375 	 0.00276564	0.00577793
1890 	 50 	 0.79454 	 0.00268032	0.00559967
1890 	 55 	 0.805223 	 0.00240841	0.00503162
1890 	 60 	 0.812432 	 0.0020065	0.00419195
1890 	 65 	 0.817052 	 0.00175557	0.0036677
1890 	 70 	 0.820027 	 0.00171677	0.00358665
1890 	 75 	 0.822041 	 0.00176776	0.00369316
1890 	 80 	 0.823512 	 0.00182181	0.00380609
1890 	 85 	 0.824677 	 0.00185858	0.00388291
1890 	 90 	 0.825666 	 0.00188284	0.0039336
1890 	 95 	 0.826548 	 0.0019021	0.00397383
1890 	 100 	 0.82736 	 0.00192071	0.00401272
1890 	 105 	 0.828121 	 0.00194008	0.00405319
1890 	 110 	 0.828844 	 0.00195993	0.00409466
1890 	 115 	 0.829534 	 0.00197939	0.00413531
1890 	 120 	 0.830195 	 0.00199757	0.00417329
1890 	 125 	 0.830829 	 0.00201381	0.00420722
1890 	 130 	 0.831439 	 0.00202772	0.00423628
1890 	 135 	 0.832026 	 0.00203913	0.00426012
1890 	 140 	 0.832591 	 0.00204807	0.00427878
1890 	 145 	 0.833135 	 0.00205466	0.00429256
1890 	 150 	 0.833659 	 0.00205912	0.00430189
1890 	 155 	 0.834164 	 0.0020617	0.00430728
1890 	 160 	 0.834651 	 0.00206266	0.00430928
1890 	 165 	 0.83512 	 0.00206225	0.00430843
1890 	 170 	 0.835573 	 0.00206073	0.00430524
1890 	 175 	 0.83601 	 0.00205831	0.00430018
1890 	 180 	 0.836432 	 0.00205519	0.00429367
1890 	 185 	 0.836839 	 0.00205156	0.00428609
1890 	 190 	 0.837233 	 0.00204758	0.00427776
1890 	 195 	 0.837613 	 0.00204337	0.00426896
1890 	 200 	 0.83798 	 0.00203905	0.00425994
1890 	 205 	 0.838336 	 0.00203471	0.00425088
1890 	 210 	 0.83868 	 0.00203044	0.00424195
1890 	 215 	 0.839013 	 0.00202629	0.00423329
1890 	 220 	 0.839335 	 0.00202232	0.004225
1890 	 225 	 0.839647 	 0.00201857	0.00421716
1890 	 230 	 0.839949 	 0.00201507	0.00420985
1890 	 235 	 0.840242 	 0.00201184	0.00420309
1890 	 240 	 0.840526 	 0.00200889	0.00419694
1890 	 245 	 0.840802 	 0.00200624	0.0041914
1890 	 250 	 0.841069 	 0.00200389	0.0041865
1890 	 255 	 0.841328 	 0.00200185	0.00418223
1890 	 260 	 0.84158 	 0.00200011	0.00417859
1890 	 265 	 0.841825 	 0.00199867	0.00417558
1890 	 270 	 0.842063 	 0.00199752	0.00417317
1890 	 275 	 0.842294 	 0.00199665	0.00417136
1890 	 280 	 0.842518 	 0.00199606	0.00417014
1890 	 285 	 0.842737 	 0.00199574	0.00416947
1890 	 290 	 0.842949 	 0.00199568	0.00416933
1890 	 295 	 0.843156 	 0.00199586	0.00416972
1890 	 300 	 0.843357 	 0.00199629	0.00417061
1890 	 305 	 0.843553 	 0.00199694	0.00417197
1890 	 310 	 0.843744 	 0.00199781	0.00417378
1890 	 315 	 0.84393 	 0.00199889	0.00417604
1890 	 320 	 0.844112 	 0.00200016	0.0041787
1890 	 325 	 0.844288 	 0.00200163	0.00418176
1890 	 330 	 0.844461 	 0.00200327	0.0041852
1890 	 335 	 0.844629 	 0.00200509	0.00418899
1890 	 340 	 0.844793 	 0.00200707	0.00419313
1890 	 345 	 0.844953 	 0.0020092	0.00419759
1890 	 350 	 0.84511 	 0.00201149	0.00420236
1890 	 355 	 0.845262 	 0.00201391	0.00420742
1890 	 360 	 0.845411 	 0.00201647	0.00421276
1890 	 365 	 0.845557 	 0.00201915	0.00421837
1890 	 370 	 0.845699 	 0.00202196	0.00422423
1890 	 375 	 0.845839 	 0.00202488	0.00423034
1890 	 380 	 0.845975 	 0.00202791	0.00423667
1890 	 385 	 0.846108 	 0.00203104	0.00424321
1890 	 390 	 0.846238 	 0.00203428	0.00424997
1890 	 395 	 0.846365 	 0.0020376	0.00425693
1890 	 400 	 0.84649 	 0.00204102	0.00426407
1890 	 405 	 0.846612 	 0.00204453	0.00427139
1890 	 410 	 0.846732 	 0.00204812	0.00427889
1890 	 415 	 0.846849 	 0.00205178	0.00428655
1890 	 420 	 0.846963 	 0.00205552	0.00429436
1890 	 425 	 0.847075 	 0.00205934	0.00430233
1890 	 430 	 0.847185 	 0.00206322	0.00431043
1890 	 435 	 0.847293 	 0.00206716	0.00431868
1890 	 440 	 0.847399 	 0.00207117	0.00432705
1890 	 445 	 0.847502 	 0.00207523	0.00433554
1890 	 450 	 0.847604 	 0.00207936	0.00434416
1890 	 455 	 0.847704 	 0.00208353	0.00435288
1890 	 460 	 0.847801 	 0.00208776	0.00436172
1890 	 465 	 0.847897 	 0.00209204	0.00437065
1890 	 470 	 0.847992 	 0.00209637	0.00437969
1890 	 475 	 0.848084 	 0.00210073	0.00438882
1890 	 480 	 0.848175 	 0.00210515	0.00439804
1890 	 485 	 0.848264 	 0.0021096	0.00440734
1890 	 490 	 0.848351 	 0.00211409	0.00441672
1890 	 495 	 0.848437 	 0.00211862	0.00442619
1890 	 500 	 0.848521 	 0.00212319	0.00443572
1890 	 505 	 0.848604 	 0.00212778	0.00444533
1890 	 510 	 0.848686 	 0.00213241	0.004455
1890 	 515 	 0.848766 	 0.00213708	0.00446474
1890 	 520 	 0.848844 	 0.00214177	0.00447454
1890 	 525 	 0.848922 	 0.00214648	0.0044844
1890 	 530 	 0.848998 	 0.00215123	0.00449431
1890 	 535 	 0.849073 	 0.002156	0.00450427
1890 	 540 	 0.849146 	 0.00216079	0.00451429
1890 	 545 	 0.849218 	 0.00216561	0.00452435
1890 	 550 	 0.84929 	 0.00217044	0.00453445
1890 	 555 	 0.84936 	 0.0021753	0.0045446
1890 	 560 	 0.849429 	 0.00218017	0.00455478
1890 	 565 	 0.849496 	 0.00218507	0.00456501
1890 	 570 	 0.849563 	 0.00218998	0.00457526
1890 	 575 	 0.849629 	 0.0021949	0.00458556
1890 	 580 	 0.849694 	 0.00219985	0.00459588
1890 	 585 	 0.849757 	 0.0022048	0.00460623
1890 	 590 	 0.84982 	 0.00220977	0.00461661
1890 	 595 	 0.849882 	 0.00221475	0.00462701
1890 	 600 	 0.849943 	 0.00221974	0.00463743
1890 	 605 	 0.850002 	 0.00222474	0.00464788
1890 	 610 	 0.850062 	 0.00222975	0.00465835
1890 	 615 	 0.85012 	 0.00223477	0.00466884
1890 	 620 	 0.850177 	 0.00223979	0.00467934
1890 	 625 	 0.850234 	 0.00224483	0.00468985
1890 	 630 	 0.850289 	 0.00224987	0.00470038
1890 	 635 	 0.850344 	 0.00225491	0.00471093
1890 	 640 	 0.850398 	 0.00225997	0.00472148
1890 	 645 	 0.850452 	 0.00226502	0.00473204
1890 	 650 	 0.850504 	 0.00227008	0.00474261
1890 	 655 	 0.850556 	 0.00227514	0.00475319
1890 	 660 	 0.850607 	 0.00228021	0.00476377
1890 	 665 	 0.850658 	 0.00228527	0.00477435
1890 	 670 	 0.850708 	 0.00229034	0.00478494
1890 	 675 	 0.850757 	 0.00229541	0.00479553
1890 	 680 	 0.850805 	 0.00230048	0.00480612
1890 	 685 	 0.850853 	 0.00230555	0.00481671
1890 	 690 	 0.8509 	 0.00231062	0.0048273
1890 	 695 	 0.850947 	 0.00231568	0.00483789
1890 	 700 	 0.850993 	 0.00232075	0.00484847
1890 	 705 	 0.851038 	 0.00232581	0.00485905
1890 	 710 	 0.851083 	 0.00233087	0.00486962
1890 	 715 	 0.851127 	 0.00233593	0.00488019
1890 	 720 	 0.851171 	 0.00234099	0.00489075
1890 	 725 	 0.851214 	 0.00234604	0.0049013
1890 	 730 	 0.851257 	 0.00235108	0.00491184
1890 	 735 	 0.851299 	 0.00235612	0.00492237
1890 	 740 	 0.85134 	 0.00236116	0.0049329
1890 	 745 	 0.851382 	 0.00236619	0.00494341
1890 	 750 	 0.851422 	 0.00237122	0.00495391
1890 	 755 	 0.851462 	 0.00237624	0.00496439
1890 	 760 	 0.851502 	 0.00238125	0.00497487
1890 	 765 	 0.851541 	 0.00238626	0.00498533
1890 	 770 	 0.851579 	 0.00239126	0.00499577
1890 	 775 	 0.851618 	 0.00239625	0.00500621
1890 	 780 	 0.851655 	 0.00240124	0.00501662
1890 	 785 	 0.851693 	 0.00240621	0.00502702
1890 	 790 	 0.851729 	 0.00241118	0.0050374
1890 	 795 	 0.851766 	 0.00241614	0.00504777
1890 	 800 	 0.851802 	 0.0024211	0.00505811
1890 	 805 	 0.851838 	 0.00242604	0.00506844
1890 	 810 	 0.851873 	 0.00243098	0.00507875
1890 	 815 	 0.851908 	 0.0024359	0.00508904
1890 	 820 	 0.851942 	 0.00244082	0.00509932
1890 	 825 	 0.851976 	 0.00244573	0.00510957
1890 	 830 	 0.85201 	 0.00245062	0.0051198
1890 	 835 	 0.852043 	 0.00245551	0.00513001
1890 	 840 	 0.852076 	 0.00246039	0.0051402
1890 	 845 	 0.852108 	 0.00246525	0.00515036
1890 	 850 	 0.852141 	 0.00247011	0.00516051
1890 	 855 	 0.852173 	 0.00247496	0.00517063
1890 	 860 	 0.852204 	 0.00247979	0.00518073
1890 	 865 	 0.852235 	 0.00248461	0.00519081
1890 	 870 	 0.852266 	 0.00248943	0.00520087
1890 	 875 	 0.852297 	 0.00249423	0.0052109
1890 	 880 	 0.852327 	 0.00249902	0.0052209
1890 	 885 	 0.852357 	 0.0025038	0.00523089
1890 	 890 	 0.852386 	 0.00250856	0.00524085
1890 	 895 	 0.852416 	 0.00251332	0.00525078
1890 	 900 	 0.852445 	 0.00251806	0.00526069
1890 	 905 	 0.852473 	 0.00252279	0.00527058
1890 	 910 	 0.852502 	 0.00252751	0.00528044
1890 	 915 	 0.85253 	 0.00253222	0.00529027
1890 	 920 	 0.852558 	 0.00253692	0.00530008
1890 	 925 	 0.852585 	 0.0025416	0.00530986
1890 	 930 	 0.852613 	 0.00254627	0.00531962
1890 	 935 	 0.85264 	 0.00255093	0.00532935
1890 	 940 	 0.852667 	 0.00255557	0.00533905
1890 	 945 	 0.852693 	 0.0025602	0.00534873
1890 	 950 	 0.852719 	 0.00256482	0.00535838
1890 	 955 	 0.852745 	 0.00256943	0.00536801
1890 	 960 	 0.852771 	 0.00257402	0.00537761
1890 	 965 	 0.852797 	 0.00257861	0.00538718
1890 	 970 	 0.852822 	 0.00258317	0.00539672
1890 	 975 	 0.852847 	 0.00258773	0.00540624
1890 	 980 	 0.852872 	 0.00259227	0.00541573
1890 	 985 	 0.852896 	 0.0025968	0.00542519
1890 	 990 	 0.85292 	 0.00260132	0.00543463
1890 	 995 	 0.852945 	 0.00260582	0.00544404
1890 	 1000 	 0.852968 	 0.00261031	0.00545342
1890 	 1005 	 0.852992 	 0.00261479	0.00546277
1890 	 1010 	 0.853016 	 0.00261925	0.00547209
1890 	 1015 	 0.853039 	 0.0026237	0.00548139
1890 	 1020 	 0.853062 	 0.00262814	0.00549066
1890 	 1025 	 0.853085 	 0.00263256	0.0054999
1890 	 1030 	 0.853107 	 0.00263697	0.00550911
1890 	 1035 	 0.85313 	 0.00264137	0.0055183
1890 	 1040 	 0.853152 	 0.00264575	0.00552746
1890 	 1045 	 0.853174 	 0.00265012	0.00553659
1890 	 1050 	 0.853196 	 0.00265448	0.00554569
1890 	 1055 	 0.853217 	 0.00265882	0.00555476
1890 	 1060 	 0.853239 	 0.00266315	0.00556381
1890 	 1065 	 0.85326 	 0.00266747	0.00557283
1890 	 1070 	 0.853281 	 0.00267177	0.00558182
1890 	 1075 	 0.853302 	 0.00267606	0.00559078
1890 	 1080 	 0.853323 	 0.00268034	0.00559971
1890 	 1085 	 0.853343 	 0.0026846	0.00560862
1890 	 1090 	 0.853364 	 0.00268885	0.0056175
1890 	 1095 	 0.853384 	 0.00269309	0.00562635
1890 	 1100 	 0.853404 	 0.00269731	0.00563517
1890 	 1105 	 0.853424 	 0.00270152	0.00564396
1890 	 1110 	 0.853443 	 0.00270571	0.00565273
1890 	 1115 	 0.853463 	 0.00270989	0.00566146
1890 	 1120 	 0.853482 	 0.00271406	0.00567017
1890 	 1125 	 0.853501 	 0.00271822	0.00567886
1890 	 1130 	 0.85352 	 0.00272236	0.00568751
1890 	 1135 	 0.853539 	 0.00272649	0.00569614
1890 	 1140 	 0.853558 	 0.00273061	0.00570474
1890 	 1145 	 0.853577 	 0.00273471	0.00571331
1890 	 1150 	 0.853595 	 0.0027388	0.00572185
1890 	 1155 	 0.853613 	 0.00274287	0.00573036
1890 	 1160 	 0.853632 	 0.00274694	0.00573885
1890 	 1165 	 0.85365 	 0.00275099	0.00574731
1890 	 1170 	 0.853667 	 0.00275502	0.00575575
1890 	 1175 	 0.853685 	 0.00275905	0.00576415
1890 	 1180 	 0.853703 	 0.00276306	0.00577253
1890 	 1185 	 0.85372 	 0.00276705	0.00578088
1890 	 1190 	 0.853738 	 0.00277104	0.0057892
1890 	 1195 	 0.853755 	 0.00277501	0.0057975
1890 	 1200 	 0.853772 	 0.00277897	0.00580577
1890 	 1205 	 0.853789 	 0.00278291	0.00581401
1890 	 1210 	 0.853805 	 0.00278684	0.00582222
1890 	 1215 	 0.853822 	 0.00279076	0.00583041
1890 	 1220 	 0.853839 	 0.00279467	0.00583857
1890 	 1225 	 0.853855 	 0.00279856	0.00584671
1890 	 1230 	 0.853871 	 0.00280244	0.00585481
1890 	 1235 	 0.853887 	 0.00280631	0.00586289
1890 	 1240 	 0.853904 	 0.00281017	0.00587095
1890 	 1245 	 0.853919 	 0.00281401	0.00587898
1890 	 1250 	 0.853935 	 0.00281784	0.00588698
1890 	 1255 	 0.853951 	 0.00282165	0.00589495
1890 	 1260 	 0.853967 	 0.00282546	0.0059029
1890 	 1265 	 0.853982 	 0.00282925	0.00591082
1890 	 1270 	 0.853997 	 0.00283303	0.00591872
1890 	 1275 	 0.854013 	 0.0028368	0.00592659
1890 	 1280 	 0.854028 	 0.00284055	0.00593443
1890 	 1285 	 0.854043 	 0.00284429	0.00594225
1890 	 1290 	 0.854058 	 0.00284802	0.00595004
1890 	 1295 	 0.854072 	 0.00285174	0.0059578
1890 	 1300 	 0.854087 	 0.00285544	0.00596554
1890 	 1305 	 0.854102 	 0.00285914	0.00597326
1890 	 1310 	 0.854116 	 0.00286282	0.00598095
1890 	 1315 	 0.854131 	 0.00286649	0.00598861
1890 	 1320 	 0.854145 	 0.00287014	0.00599625
1890 	 1325 	 0.854159 	 0.00287379	0.00600386
1890 	 1330 	 0.854173 	 0.00287742	0.00601145
1890 	 1335 	 0.854187 	 0.00288104	0.00601901
1890 	 1340 	 0.854201 	 0.00288465	0.00602655
1890 	 1345 	 0.854215 	 0.00288824	0.00603406
1890 	 1350 	 0.854229 	 0.00289183	0.00604155
1890 	 1355 	 0.854242 	 0.0028954	0.00604901
1890 	 1360 	 0.854256 	 0.00289896	0.00605645
1890 	 1365 	 0.854269 	 0.00290251	0.00606387
1890 	 1370 	 0.854282 	 0.00290604	0.00607126
1890 	 1375 	 0.854296 	 0.00290957	0.00607862
1890 	 1380 	 0.854309 	 0.00291308	0.00608596
1890 	 1385 	 0.854322 	 0.00291659	0.00609328
1890 	 1390 	 0.854335 	 0.00292008	0.00610057
1890 	 1395 	 0.854348 	 0.00292355	0.00610784
1890 	 1400 	 0.854361 	 0.00292702	0.00611508
1890 	 1405 	 0.854373 	 0.00293048	0.0061223
1890 	 1410 	 0.854386 	 0.00293392	0.0061295
1890 	 1415 	 0.854398 	 0.00293736	0.00613667
1890 	 1420 	 0.854411 	 0.00294078	0.00614382
1890 	 1425 	 0.854423 	 0.00294419	0.00615095
1890 	 1430 	 0.854436 	 0.00294759	0.00615805
1890 	 1435 	 0.854448 	 0.00295098	0.00616513
1890 	 1440 	 0.85446 	 0.00295435	0.00617218
1890 	 1445 	 0.854472 	 0.00295772	0.00617922
1890 	 1450 	 0.854484 	 0.00296108	0.00618623
1890 	 1455 	 0.854496 	 0.00296442	0.00619321
1890 	 1460 	 0.854508 	 0.00296775	0.00620018
1890 	 1465 	 0.85452 	 0.00297108	0.00620712
1890 	 1470 	 0.854531 	 0.00297439	0.00621404
1890 	 1475 	 0.854543 	 0.00297769	0.00622093
1890 	 1480 	 0.854555 	 0.00298098	0.0062278
1890 	 1485 	 0.854566 	 0.00298426	0.00623465
1890 	 1490 	 0.854578 	 0.00298752	0.00624148
1890 	 1495 	 0.854589 	 0.00299078	0.00624829
1890 	 1500 	 0.8546 	 0.00299403	0.00625507
1890 	 1505 	 0.854611 	 0.00299727	0.00626184
1890 	 1510 	 0.854622 	 0.00300049	0.00626858
1890 	 1515 	 0.854634 	 0.00300371	0.00627529
1890 	 1520 	 0.854645 	 0.00300691	0.00628199
1890 	 1525 	 0.854655 	 0.00301011	0.00628866
1890 	 1530 	 0.854666 	 0.00301329	0.00629532
1890 	 1535 	 0.854677 	 0.00301647	0.00630195
1890 	 1540 	 0.854688 	 0.00301963	0.00630856
1890 	 1545 	 0.854699 	 0.00302278	0.00631515
1890 	 1550 	 0.854709 	 0.00302593	0.00632172
1890 	 1555 	 0.85472 	 0.00302906	0.00632826
1890 	 1560 	 0.85473 	 0.00303219	0.00633479
1890 	 1565 	 0.854741 	 0.0030353	0.00634129
1890 	 1570 	 0.854751 	 0.0030384	0.00634777
1890 	 1575 	 0.854761 	 0.0030415	0.00635424
1890 	 1580 	 0.854771 	 0.00304458	0.00636068
1890 	 1585 	 0.854782 	 0.00304765	0.0063671
1890 	 1590 	 0.854792 	 0.00305072	0.0063735
1890 	 1595 	 0.854802 	 0.00305377	0.00637988
1890 	 1600 	 0.854812 	 0.00305681	0.00638624
1890 	 1605 	 0.854822 	 0.00305985	0.00639258
1890 	 1610 	 0.854832 	 0.00306287	0.0063989
1890 	 1615 	 0.854842 	 0.00306589	0.0064052
1890 	 1620 	 0.854851 	 0.00306889	0.00641148
1890 	 1625 	 0.854861 	 0.00307189	0.00641774
1890 	 1630 	 0.854871 	 0.00307488	0.00642398
1890 	 1635 	 0.85488 	 0.00307785	0.0064302
1890 	 1640 	 0.85489 	 0.00308082	0.0064364
1890 	 1645 	 0.854899 	 0.00308378	0.00644258
1890 	 1650 	 0.854909 	 0.00308673	0.00644874
1890 	 1655 	 0.854918 	 0.00308967	0.00645488
1890 	 1660 	 0.854928 	 0.0030926	0.006461
1890 	 1665 	 0.854937 	 0.00309552	0.00646711
1890 	 1670 	 0.854946 	 0.00309843	0.00647319
1890 	 1675 	 0.854955 	 0.00310133	0.00647925
1890 	 1680 	 0.854964 	 0.00310423	0.0064853
1890 	 1685 	 0.854973 	 0.00310711	0.00649133
1890 	 1690 	 0.854982 	 0.00310999	0.00649733
1890 	 1695 	 0.854991 	 0.00311286	0.00650332
1890 	 1700 	 0.855 	 0.00311571	0.00650929
1890 	 1705 	 0.855009 	 0.00311856	0.00651524
1890 	 1710 	 0.855018 	 0.0031214	0.00652118
1890 	 1715 	 0.855027 	 0.00312423	0.00652709
1890 	 1720 	 0.855036 	 0.00312706	0.00653299
1890 	 1725 	 0.855044 	 0.00312987	0.00653887
1890 	 1730 	 0.855053 	 0.00313267	0.00654473
1890 	 1735 	 0.855062 	 0.00313547	0.00655057
1890 	 1740 	 0.85507 	 0.00313826	0.00655639
1890 	 1745 	 0.855079 	 0.00314104	0.0065622
1890 	 1750 	 0.855087 	 0.00314381	0.00656799
1890 	 1755 	 0.855096 	 0.00314657	0.00657376
1890 	 1760 	 0.855104 	 0.00314932	0.00657951
1890 	 1765 	 0.855112 	 0.00315207	0.00658524
1890 	 1770 	 0.855121 	 0.0031548	0.00659096
1890 	 1775 	 0.855129 	 0.00315753	0.00659666
1890 	 1780 	 0.855137 	 0.00316025	0.00660234
1890 	 1785 	 0.855145 	 0.00316296	0.00660801
1890 	 1790 	 0.855153 	 0.00316567	0.00661365
1890 	 1795 	 0.855161 	 0.00316836	0.00661928
1890 	 1800 	 0.85517 	 0.00317105	0.0066249
1890 	 1805 	 0.855178 	 0.00317373	0.00663049
1890 	 1810 	 0.855185 	 0.0031764	0.00663607
1890 	 1815 	 0.855193 	 0.00317906	0.00664163
1890 	 1820 	 0.855201 	 0.00318171	0.00664718
1890 	 1825 	 0.855209 	 0.00318436	0.00665271
1890 	 1830 	 0.855217 	 0.003187	0.00665822
1890 	 1835 	 0.855225 	 0.00318963	0.00666371
1890 	 1840 	 0.855232 	 0.00319225	0.00666919
1890 	 1845 	 0.85524 	 0.00319487	0.00667466
1890 	 1850 	 0.855248 	 0.00319747	0.0066801
1890 	 1855 	 0.855255 	 0.00320007	0.00668553
1890 	 1860 	 0.855263 	 0.00320266	0.00669094
1890 	 1865 	 0.85527 	 0.00320525	0.00669634
1890 	 1870 	 0.855278 	 0.00320782	0.00670172
1890 	 1875 	 0.855285 	 0.00321039	0.00670709
1890 	 1880 	 0.855293 	 0.00321295	0.00671244
1890 	 1885 	 0.8553 	 0.0032155	0.00671777
1890 	 1890 	 0.855307 	 0.00321805	0.00672309
1890 	 1895 	 0.855315 	 0.00322058	0.00672839
1890 	 1900 	 0.855322 	 0.00322311	0.00673367
1890 	 1905 	 0.855329 	 0.00322564	0.00673894
1890 	 1910 	 0.855337 	 0.00322815	0.0067442
1890 	 1915 	 0.855344 	 0.00323066	0.00674944
1890 	 1920 	 0.855351 	 0.00323316	0.00675466
1890 	 1925 	 0.855358 	 0.00323565	0.00675987
1890 	 1930 	 0.855365 	 0.00323814	0.00676506
1890 	 1935 	 0.855372 	 0.00324062	0.00677024
1890 	 1940 	 0.855379 	 0.00324309	0.0067754
1890 	 1945 	 0.855386 	 0.00324555	0.00678055
1890 	 1950 	 0.855393 	 0.00324801	0.00678568
1890 	 1955 	 0.8554 	 0.00325046	0.0067908
1890 	 1960 	 0.855407 	 0.0032529	0.0067959
1890 	 1965 	 0.855414 	 0.00325533	0.00680099
1890 	 1970 	 0.85542 	 0.00325776	0.00680606
1890 	 1975 	 0.855427 	 0.00326018	0.00681112
1890 	 1980 	 0.855434 	 0.0032626	0.00681616
1890 	 1985 	 0.855441 	 0.003265	0.00682119
1890 	 1990 	 0.855447 	 0.00326741	0.0068262
1890 	 1995 	 0.855454 	 0.0032698	0.0068312
1890 	 2000 	 0.85546 	 0.00327218	0.00683619
1890 	 2005 	 0.855467 	 0.00327456	0.00684116
1890 	 2010 	 0.855474 	 0.00327694	0.00684612
1890 	 2015 	 0.85548 	 0.0032793	0.00685106
1890 	 2020 	 0.855487 	 0.00328166	0.00685599
1890 	 2025 	 0.855493 	 0.00328401	0.0068609
1890 	 2030 	 0.8555 	 0.00328636	0.0068658
1890 	 2035 	 0.855506 	 0.0032887	0.00687069
1890 	 2040 	 0.855512 	 0.00329103	0.00687556
1890 	 2045 	 0.855519 	 0.00329336	0.00688042
1890 	 2050 	 0.855525 	 0.00329567	0.00688526
1890 	 2055 	 0.855531 	 0.00329799	0.00689009
1890 	 2060 	 0.855538 	 0.00330029	0.00689491
1890 	 2065 	 0.855544 	 0.00330259	0.00689972
1890 	 2070 	 0.85555 	 0.00330488	0.00690451
1890 	 2075 	 0.855556 	 0.00330717	0.00690928
1890 	 2080 	 0.855562 	 0.00330945	0.00691404
1890 	 2085 	 0.855568 	 0.00331172	0.00691879
1890 	 2090 	 0.855574 	 0.00331399	0.00692353
1890 	 2095 	 0.855581 	 0.00331625	0.00692825
1890 	 2100 	 0.855587 	 0.00331851	0.00693296
1890 	 2105 	 0.855593 	 0.00332075	0.00693766
1890 	 2110 	 0.855599 	 0.003323	0.00694234
1890 	 2115 	 0.855605 	 0.00332523	0.00694701
1890 	 2120 	 0.855611 	 0.00332746	0.00695167
1890 	 2125 	 0.855616 	 0.00332968	0.00695632
1890 	 2130 	 0.855622 	 0.0033319	0.00696095
1890 	 2135 	 0.855628 	 0.00333411	0.00696557
1890 	 2140 	 0.855634 	 0.00333632	0.00697017
1890 	 2145 	 0.85564 	 0.00333851	0.00697476
1890 	 2150 	 0.855646 	 0.00334071	0.00697934
1890 	 2155 	 0.855651 	 0.00334289	0.00698391
1890 	 2160 	 0.855657 	 0.00334507	0.00698847
1890 	 2165 	 0.855663 	 0.00334725	0.00699301
1890 	 2170 	 0.855668 	 0.00334942	0.00699754
1890 	 2175 	 0.855674 	 0.00335158	0.00700206
1890 	 2180 	 0.85568 	 0.00335374	0.00700656
1890 	 2185 	 0.855685 	 0.00335589	0.00701106
1890 	 2190 	 0.855691 	 0.00335803	0.00701554
1890 	 2195 	 0.855697 	 0.00336017	0.00702001
1890 	 2200 	 0.855702 	 0.0033623	0.00702446
1890 	 2205 	 0.855708 	 0.00336443	0.00702891
1890 	 2210 	 0.855713 	 0.00336655	0.00703334
1890 	 2215 	 0.855719 	 0.00336867	0.00703776
1890 	 2220 	 0.855724 	 0.00337078	0.00704217
1890 	 2225 	 0.855729 	 0.00337288	0.00704656
1890 	 2230 	 0.855735 	 0.00337498	0.00705095
1890 	 2235 	 0.85574 	 0.00337707	0.00705532
1890 	 2240 	 0.855746 	 0.00337916	0.00705968
1890 	 2245 	 0.855751 	 0.00338124	0.00706403
1890 	 2250 	 0.855756 	 0.00338332	0.00706837
1890 	 2255 	 0.855762 	 0.00338539	0.00707269
1890 	 2260 	 0.855767 	 0.00338745	0.00707701
1890 	 2265 	 0.855772 	 0.00338951	0.00708131
1890 	 2270 	 0.855777 	 0.00339157	0.0070856
1890 	 2275 	 0.855783 	 0.00339362	0.00708988
1890 	 2280 	 0.855788 	 0.00339566	0.00709415
1890 	 2285 	 0.855793 	 0.0033977	0.00709841
1890 	 2290 	 0.855798 	 0.00339973	0.00710265
1890 	 2295 	 0.855803 	 0.00340176	0.00710689
1890 	 2300 	 0.855808 	 0.00340378	0.00711111
1890 	 2305 	 0.855813 	 0.00340579	0.00711532
1890 	 2310 	 0.855818 	 0.0034078	0.00711952
1890 	 2315 	 0.855823 	 0.00340981	0.00712371
1890 	 2320 	 0.855828 	 0.00341181	0.00712789
1890 	 2325 	 0.855833 	 0.0034138	0.00713206
1890 	 2330 	 0.855838 	 0.00341579	0.00713622
1890 	 2335 	 0.855843 	 0.00341778	0.00714036
1890 	 2340 	 0.855848 	 0.00341976	0.0071445
1890 	 2345 	 0.855853 	 0.00342173	0.00714862
1890 	 2350 	 0.855858 	 0.0034237	0.00715274
1890 	 2355 	 0.855863 	 0.00342567	0.00715684
1890 	 2360 	 0.855868 	 0.00342762	0.00716093
1890 	 2365 	 0.855873 	 0.00342958	0.00716501
1890 	 2370 	 0.855878 	 0.00343153	0.00716908
1890 	 2375 	 0.855882 	 0.00343347	0.00717314
1890 	 2380 	 0.855887 	 0.00343541	0.00717719
1890 	 2385 	 0.855892 	 0.00343734	0.00718123
1890 	 2390 	 0.855897 	 0.00343927	0.00718526
1890 	 2395 	 0.855902 	 0.00344119	0.00718928
1890 	 2400 	 0.855906 	 0.00344311	0.00719329
1890 	 2405 	 0.855911 	 0.00344503	0.00719729
1890 	 2410 	 0.855916 	 0.00344693	0.00720127
1890 	 2415 	 0.85592 	 0.00344884	0.00720525
1890 	 2420 	 0.855925 	 0.00345074	0.00720922
1890 	 2425 	 0.85593 	 0.00345263	0.00721318
1890 	 2430 	 0.855934 	 0.00345452	0.00721712
1890 	 2435 	 0.855939 	 0.00345641	0.00722106
1890 	 2440 	 0.855943 	 0.00345828	0.00722499
1890 	 2445 	 0.855948 	 0.00346016	0.0072289
1890 	 2450 	 0.855952 	 0.00346203	0.00723281
1890 	 2455 	 0.855957 	 0.0034639	0.00723671
1890 	 2460 	 0.855961 	 0.00346576	0.0072406
1890 	 2465 	 0.855966 	 0.00346761	0.00724447
1890 	 2470 	 0.85597 	 0.00346946	0.00724834
1890 	 2475 	 0.855975 	 0.00347131	0.0072522
1890 	 2480 	 0.855979 	 0.00347315	0.00725605
1890 	 2485 	 0.855984 	 0.00347499	0.00725989
1890 	 2490 	 0.855988 	 0.00347682	0.00726371
1890 	 2495 	 0.855993 	 0.00347865	0.00726753
1890 	 2500 	 0.855997 	 0.00348047	0.00727134
1890 	 2505 	 0.856001 	 0.00348229	0.00727514
1890 	 2510 	 0.856006 	 0.00348411	0.00727893
1890 	 2515 	 0.85601 	 0.00348592	0.00728272
1890 	 2520 	 0.856014 	 0.00348772	0.00728649
1890 	 2525 	 0.856019 	 0.00348952	0.00729025
1890 	 2530 	 0.856023 	 0.00349132	0.007294
1890 	 2535 	 0.856027 	 0.00349311	0.00729775
1890 	 2540 	 0.856031 	 0.0034949	0.00730148
1890 	 2545 	 0.856036 	 0.00349668	0.00730521
1890 	 2550 	 0.85604 	 0.00349846	0.00730892
1890 	 2555 	 0.856044 	 0.00350024	0.00731263
1890 	 2560 	 0.856048 	 0.00350201	0.00731633
1890 	 2565 	 0.856052 	 0.00350377	0.00732002
1890 	 2570 	 0.856056 	 0.00350553	0.0073237
1890 	 2575 	 0.856061 	 0.00350729	0.00732737
1890 	 2580 	 0.856065 	 0.00350904	0.00733103
1890 	 2585 	 0.856069 	 0.00351079	0.00733468
1890 	 2590 	 0.856073 	 0.00351253	0.00733833
1890 	 2595 	 0.856077 	 0.00351427	0.00734196
1890 	 2600 	 0.856081 	 0.00351601	0.00734559
1890 	 2605 	 0.856085 	 0.00351774	0.0073492
1890 	 2610 	 0.856089 	 0.00351947	0.00735281
1890 	 2615 	 0.856093 	 0.00352119	0.00735641
1890 	 2620 	 0.856097 	 0.00352291	0.00736
1890 	 2625 	 0.856101 	 0.00352463	0.00736358
1890 	 2630 	 0.856105 	 0.00352634	0.00736716
1890 	 2635 	 0.856109 	 0.00352804	0.00737072
1890 	 2640 	 0.856113 	 0.00352974	0.00737428
1890 	 2645 	 0.856117 	 0.00353144	0.00737783
1890 	 2650 	 0.856121 	 0.00353314	0.00738137
1890 	 2655 	 0.856125 	 0.00353483	0.0073849
1890 	 2660 	 0.856129 	 0.00353651	0.00738842
1890 	 2665 	 0.856133 	 0.0035382	0.00739193
1890 	 2670 	 0.856137 	 0.00353987	0.00739544
1890 	 2675 	 0.85614 	 0.00354155	0.00739894
1890 	 2680 	 0.856144 	 0.00354322	0.00740243
1890 	 2685 	 0.856148 	 0.00354488	0.00740591
1890 	 2690 	 0.856152 	 0.00354655	0.00740938
1890 	 2695 	 0.856156 	 0.0035482	0.00741284
1890 	 2700 	 0.85616 	 0.00354986	0.0074163
1890 	 2705 	 0.856163 	 0.00355151	0.00741975
1890 	 2710 	 0.856167 	 0.00355315	0.00742319
1890 	 2715 	 0.856171 	 0.0035548	0.00742662
1890 	 2720 	 0.856175 	 0.00355643	0.00743004
1890 	 2725 	 0.856178 	 0.00355807	0.00743346
1890 	 2730 	 0.856182 	 0.0035597	0.00743686
1890 	 2735 	 0.856186 	 0.00356133	0.00744026
1890 	 2740 	 0.856189 	 0.00356295	0.00744365
1890 	 2745 	 0.856193 	 0.00356457	0.00744704
1890 	 2750 	 0.856197 	 0.00356619	0.00745041
1890 	 2755 	 0.8562 	 0.0035678	0.00745378
1890 	 2760 	 0.856204 	 0.00356941	0.00745714
1890 	 2765 	 0.856208 	 0.00357101	0.00746049
1890 	 2770 	 0.856211 	 0.00357261	0.00746384
1890 	 2775 	 0.856215 	 0.00357421	0.00746717
1890 	 2780 	 0.856219 	 0.0035758	0.0074705
1890 	 2785 	 0.856222 	 0.00357739	0.00747382
1890 	 2790 	 0.856226 	 0.00357898	0.00747713
1890 	 2795 	 0.856229 	 0.00358056	0.00748044
1890 	 2800 	 0.856233 	 0.00358214	0.00748374
1890 	 2805 	 0.856236 	 0.00358371	0.00748703
1890 	 2810 	 0.85624 	 0.00358528	0.00749031
1890 	 2815 	 0.856243 	 0.00358685	0.00749358
1890 	 2820 	 0.856247 	 0.00358841	0.00749685
1890 	 2825 	 0.85625 	 0.00358998	0.00750011
1890 	 2830 	 0.856254 	 0.00359153	0.00750337
1890 	 2835 	 0.856257 	 0.00359309	0.00750661
1890 	 2840 	 0.856261 	 0.00359464	0.00750985
1890 	 2845 	 0.856264 	 0.00359618	0.00751308
1890 	 2850 	 0.856268 	 0.00359772	0.0075163
1890 	 2855 	 0.856271 	 0.00359926	0.00751952
1890 	 2860 	 0.856274 	 0.0036008	0.00752273
1890 	 2865 	 0.856278 	 0.00360233	0.00752593
1890 	 2870 	 0.856281 	 0.00360386	0.00752912
1890 	 2875 	 0.856285 	 0.00360539	0.00753231
1890 	 2880 	 0.856288 	 0.00360691	0.00753549
1890 	 2885 	 0.856291 	 0.00360843	0.00753866
1890 	 2890 	 0.856295 	 0.00360994	0.00754182
1890 	 2895 	 0.856298 	 0.00361145	0.00754498
1890 	 2900 	 0.856301 	 0.00361296	0.00754813
1890 	 2905 	 0.856305 	 0.00361447	0.00755128
1890 	 2910 	 0.856308 	 0.00361597	0.00755441
1890 	 2915 	 0.856311 	 0.00361746	0.00755754
1890 	 2920 	 0.856315 	 0.00361896	0.00756067
1890 	 2925 	 0.856318 	 0.00362045	0.00756378
1890 	 2930 	 0.856321 	 0.00362194	0.00756689
1890 	 2935 	 0.856324 	 0.00362342	0.00756999
1890 	 2940 	 0.856328 	 0.0036249	0.00757309
1890 	 2945 	 0.856331 	 0.00362638	0.00757618
1890 	 2950 	 0.856334 	 0.00362786	0.00757926
1890 	 2955 	 0.856337 	 0.00362933	0.00758233
1890 	 2960 	 0.85634 	 0.0036308	0.0075854
1890 	 2965 	 0.856344 	 0.00363226	0.00758846
1890 	 2970 	 0.856347 	 0.00363372	0.00759151
1890 	 2975 	 0.85635 	 0.00363518	0.00759456
1890 	 2980 	 0.856353 	 0.00363664	0.0075976
1890 	 2985 	 0.856356 	 0.00363809	0.00760063
1890 	 2990 	 0.856359 	 0.00363954	0.00760366
1890 	 2995 	 0.856363 	 0.00364099	0.00760668
1890 	 3000 	 0.856366 	 0.00364243	0.0076097
1890 	 3005 	 0.856369 	 0.00364387	0.0076127
1890 	 3010 	 0.856372 	 0.0036453	0.0076157
1890 	 3015 	 0.856375 	 0.00364674	0.0076187
1890 	 3020 	 0.856378 	 0.00364817	0.00762169
1890 	 3025 	 0.856381 	 0.00364959	0.00762467
1890 	 3030 	 0.856384 	 0.00365102	0.00762764
1890 	 3035 	 0.856387 	 0.00365244	0.00763061
1890 	 3040 	 0.85639 	 0.00365386	0.00763357
1890 	 3045 	 0.856393 	 0.00365527	0.00763653
1890 	 3050 	 0.856396 	 0.00365668	0.00763948
1890 	 3055 	 0.856399 	 0.00365809	0.00764242
1890 	 3060 	 0.856402 	 0.0036595	0.00764536
1890 	 3065 	 0.856405 	 0.0036609	0.00764829
1890 	 3070 	 0.856408 	 0.0036623	0.00765121
1890 	 3075 	 0.856411 	 0.0036637	0.00765413
1890 	 3080 	 0.856414 	 0.00366509	0.00765704
1890 	 3085 	 0.856417 	 0.00366648	0.00765994
1890 	 3090 	 0.85642 	 0.00366787	0.00766284
1890 	 3095 	 0.856423 	 0.00366925	0.00766573
1890 	 3100 	 0.856426 	 0.00367063	0.00766862
1890 	 3105 	 0.856429 	 0.00367201	0.0076715
1890 	 3110 	 0.856432 	 0.00367339	0.00767437
1890 	 3115 	 0.856435 	 0.00367476	0.00767724
1890 	 3120 	 0.856438 	 0.00367613	0.0076801
1890 	 3125 	 0.856441 	 0.0036775	0.00768296
1890 	 3130 	 0.856444 	 0.00367886	0.00768581
1890 	 3135 	 0.856446 	 0.00368022	0.00768865
1890 	 3140 	 0.856449 	 0.00368158	0.00769149
1890 	 3145 	 0.856452 	 0.00368293	0.00769432
1890 	 3150 	 0.856455 	 0.00368429	0.00769715
1890 	 3155 	 0.856458 	 0.00368564	0.00769997
1890 	 3160 	 0.856461 	 0.00368698	0.00770278
1890 	 3165 	 0.856464 	 0.00368833	0.00770559
1890 	 3170 	 0.856466 	 0.00368967	0.00770839
1890 	 3175 	 0.856469 	 0.00369101	0.00771119
1890 	 3180 	 0.856472 	 0.00369234	0.00771398
1890 	 3185 	 0.856475 	 0.00369368	0.00771676
1890 	 3190 	 0.856478 	 0.00369501	0.00771954
1890 	 3195 	 0.85648 	 0.00369633	0.00772231
1890 	 3200 	 0.856483 	 0.00369766	0.00772508
1890 	 3205 	 0.856486 	 0.00369898	0.00772784
1890 	 3210 	 0.856489 	 0.0037003	0.00773059
1890 	 3215 	 0.856491 	 0.00370161	0.00773334
1890 	 3220 	 0.856494 	 0.00370293	0.00773609
1890 	 3225 	 0.856497 	 0.00370424	0.00773883
1890 	 3230 	 0.8565 	 0.00370555	0.00774156
1890 	 3235 	 0.856502 	 0.00370685	0.00774429
1890 	 3240 	 0.856505 	 0.00370815	0.00774701
1890 	 3245 	 0.856508 	 0.00370945	0.00774972
1890 	 3250 	 0.85651 	 0.00371075	0.00775243
1890 	 3255 	 0.856513 	 0.00371204	0.00775514
1890 	 3260 	 0.856516 	 0.00371334	0.00775784
1890 	 3265 	 0.856518 	 0.00371463	0.00776053
1890 	 3270 	 0.856521 	 0.00371591	0.00776322
1890 	 3275 	 0.856524 	 0.0037172	0.0077659
1890 	 3280 	 0.856526 	 0.00371848	0.00776858
1890 	 3285 	 0.856529 	 0.00371976	0.00777125
1890 	 3290 	 0.856532 	 0.00372103	0.00777391
1890 	 3295 	 0.856534 	 0.00372231	0.00777658
1890 	 3300 	 0.856537 	 0.00372358	0.00777923
1890 	 3305 	 0.85654 	 0.00372485	0.00778188
1890 	 3310 	 0.856542 	 0.00372611	0.00778452
1890 	 3315 	 0.856545 	 0.00372737	0.00778716
1890 	 3320 	 0.856547 	 0.00372863	0.0077898
1890 	 3325 	 0.85655 	 0.00372989	0.00779243
1890 	 3330 	 0.856552 	 0.00373115	0.00779505
1890 	 3335 	 0.856555 	 0.0037324	0.00779767
1890 	 3340 	 0.856558 	 0.00373365	0.00780028
1890 	 3345 	 0.85656 	 0.0037349	0.00780289
1890 	 3350 	 0.856563 	 0.00373615	0.00780549
1890 	 3355 	 0.856565 	 0.00373739	0.00780808
1890 	 3360 	 0.856568 	 0.00373863	0.00781068
1890 	 3365 	 0.85657 	 0.00373987	0.00781326
1890 	 3370 	 0.856573 	 0.0037411	0.00781584
1890 	 3375 	 0.856575 	 0.00374234	0.00781842
1890 	 3380 	 0.856578 	 0.00374357	0.00782099
1890 	 3385 	 0.85658 	 0.00374479	0.00782356
1890 	 3390 	 0.856583 	 0.00374602	0.00782612
1890 	 3395 	 0.856585 	 0.00374724	0.00782867
1890 	 3400 	 0.856588 	 0.00374846	0.00783122
1890 	 3405 	 0.85659 	 0.00374968	0.00783377
1890 	 3410 	 0.856593 	 0.0037509	0.00783631
1890 	 3415 	 0.856595 	 0.00375211	0.00783884
1890 	 3420 	 0.856598 	 0.00375332	0.00784137
1890 	 3425 	 0.8566 	 0.00375453	0.0078439
1890 	 3430 	 0.856602 	 0.00375574	0.00784642
1890 	 3435 	 0.856605 	 0.00375694	0.00784894
1890 	 3440 	 0.856607 	 0.00375814	0.00785145
1890 	 3445 	 0.85661 	 0.00375934	0.00785395
1890 	 3450 	 0.856612 	 0.00376054	0.00785645
1890 	 3455 	 0.856615 	 0.00376173	0.00785895
1890 	 3460 	 0.856617 	 0.00376293	0.00786144
1890 	 3465 	 0.856619 	 0.00376412	0.00786392
1890 	 3470 	 0.856622 	 0.0037653	0.0078664
1890 	 3475 	 0.856624 	 0.00376649	0.00786888
1890 	 3480 	 0.856626 	 0.00376767	0.00787135
1890 	 3485 	 0.856629 	 0.00376885	0.00787382
1890 	 3490 	 0.856631 	 0.00377003	0.00787628
1890 	 3495 	 0.856634 	 0.00377121	0.00787874
1890 	 3500 	 0.856636 	 0.00377238	0.00788119
1890 	 3505 	 0.856638 	 0.00377355	0.00788364
1890 	 3510 	 0.856641 	 0.00377472	0.00788608
1890 	 3515 	 0.856643 	 0.00377589	0.00788852
1890 	 3520 	 0.856645 	 0.00377705	0.00789095
1890 	 3525 	 0.856648 	 0.00377821	0.00789338
1890 	 3530 	 0.85665 	 0.00377938	0.0078958
1890 	 3535 	 0.856652 	 0.00378053	0.00789822
1890 	 3540 	 0.856654 	 0.00378169	0.00790064
1890 	 3545 	 0.856657 	 0.00378284	0.00790305
1890 	 3550 	 0.856659 	 0.00378399	0.00790545
1890 	 3555 	 0.856661 	 0.00378514	0.00790785
1890 	 3560 	 0.856664 	 0.00378629	0.00791025
1890 	 3565 	 0.856666 	 0.00378743	0.00791264
1890 	 3570 	 0.856668 	 0.00378858	0.00791503
1890 	 3575 	 0.85667 	 0.00378972	0.00791741
1890 	 3580 	 0.856673 	 0.00379086	0.00791979
1890 	 3585 	 0.856675 	 0.00379199	0.00792216
1890 	 3590 	 0.856677 	 0.00379312	0.00792453
1890 	 3595 	 0.856679 	 0.00379426	0.00792689
1890 	 3600 	 0.856682 	 0.00379539	0.00792925
1890 	 3605 	 0.856684 	 0.00379651	0.00793161
1890 	 3610 	 0.856686 	 0.00379764	0.00793396
1890 	 3615 	 0.856688 	 0.00379876	0.00793631
1890 	 3620 	 0.85669 	 0.00379988	0.00793865
1890 	 3625 	 0.856693 	 0.003801	0.00794099
1890 	 3630 	 0.856695 	 0.00380212	0.00794332
1890 	 3635 	 0.856697 	 0.00380323	0.00794565
1890 	 3640 	 0.856699 	 0.00380435	0.00794797
1890 	 3645 	 0.856701 	 0.00380546	0.00795029
1890 	 3650 	 0.856704 	 0.00380656	0.00795261
1890 	 3655 	 0.856706 	 0.00380767	0.00795492
1890 	 3660 	 0.856708 	 0.00380878	0.00795723
1890 	 3665 	 0.85671 	 0.00380988	0.00795953
1890 	 3670 	 0.856712 	 0.00381098	0.00796183
1890 	 3675 	 0.856714 	 0.00381208	0.00796412
1890 	 3680 	 0.856716 	 0.00381317	0.00796641
1890 	 3685 	 0.856719 	 0.00381427	0.0079687
1890 	 3690 	 0.856721 	 0.00381536	0.00797098
1890 	 3695 	 0.856723 	 0.00381645	0.00797325
1890 	 3700 	 0.856725 	 0.00381754	0.00797553
1890 	 3705 	 0.856727 	 0.00381862	0.0079778
1890 	 3710 	 0.856729 	 0.0038197	0.00798006
1890 	 3715 	 0.856731 	 0.00382079	0.00798232
1890 	 3720 	 0.856733 	 0.00382187	0.00798458
1890 	 3725 	 0.856735 	 0.00382294	0.00798683
1890 	 3730 	 0.856738 	 0.00382402	0.00798908
1890 	 3735 	 0.85674 	 0.00382509	0.00799132
1890 	 3740 	 0.856742 	 0.00382617	0.00799356
1890 	 3745 	 0.856744 	 0.00382724	0.00799579
1890 	 3750 	 0.856746 	 0.0038283	0.00799802
1890 	 3755 	 0.856748 	 0.00382937	0.00800025
1890 	 3760 	 0.85675 	 0.00383043	0.00800248
1890 	 3765 	 0.856752 	 0.0038315	0.00800469
1890 	 3770 	 0.856754 	 0.00383256	0.00800691
1890 	 3775 	 0.856756 	 0.00383361	0.00800912
1890 	 3780 	 0.856758 	 0.00383467	0.00801133
1890 	 3785 	 0.85676 	 0.00383573	0.00801353
1890 	 3790 	 0.856762 	 0.00383678	0.00801573
1890 	 3795 	 0.856764 	 0.00383783	0.00801792
1890 	 3800 	 0.856766 	 0.00383888	0.00802011
1890 	 3805 	 0.856768 	 0.00383992	0.0080223
1890 	 3810 	 0.85677 	 0.00384097	0.00802448
1890 	 3815 	 0.856772 	 0.00384201	0.00802666
1890 	 3820 	 0.856774 	 0.00384305	0.00802884
1890 	 3825 	 0.856776 	 0.00384409	0.00803101
1890 	 3830 	 0.856778 	 0.00384513	0.00803318
1890 	 3835 	 0.85678 	 0.00384616	0.00803534
1890 	 3840 	 0.856782 	 0.0038472	0.0080375
1890 	 3845 	 0.856784 	 0.00384823	0.00803965
1890 	 3850 	 0.856786 	 0.00384926	0.00804181
1890 	 3855 	 0.856788 	 0.00385029	0.00804395
1890 	 3860 	 0.85679 	 0.00385131	0.0080461
1890 	 3865 	 0.856792 	 0.00385234	0.00804824
1890 	 3870 	 0.856794 	 0.00385336	0.00805037
1890 	 3875 	 0.856796 	 0.00385438	0.00805251
1890 	 3880 	 0.856798 	 0.0038554	0.00805463
1890 	 3885 	 0.8568 	 0.00385642	0.00805676
1890 	 3890 	 0.856802 	 0.00385743	0.00805888
1890 	 3895 	 0.856804 	 0.00385845	0.008061
1890 	 3900 	 0.856806 	 0.00385946	0.00806311
1890 	 3905 	 0.856808 	 0.00386047	0.00806522
1890 	 3910 	 0.856809 	 0.00386148	0.00806733
1890 	 3915 	 0.856811 	 0.00386248	0.00806943
1890 	 3920 	 0.856813 	 0.00386349	0.00807153
1890 	 3925 	 0.856815 	 0.00386449	0.00807362
1890 	 3930 	 0.856817 	 0.00386549	0.00807571
1890 	 3935 	 0.856819 	 0.00386649	0.0080778
1890 	 3940 	 0.856821 	 0.00386749	0.00807989
1890 	 3945 	 0.856823 	 0.00386848	0.00808197
1890 	 3950 	 0.856825 	 0.00386948	0.00808404
1890 	 3955 	 0.856826 	 0.00387047	0.00808611
1890 	 3960 	 0.856828 	 0.00387146	0.00808818
1890 	 3965 	 0.85683 	 0.00387245	0.00809025
1890 	 3970 	 0.856832 	 0.00387344	0.00809231
1890 	 3975 	 0.856834 	 0.00387442	0.00809437
1890 	 3980 	 0.856836 	 0.0038754	0.00809642
1890 	 3985 	 0.856838 	 0.00387639	0.00809848
1890 	 3990 	 0.856839 	 0.00387737	0.00810052
1890 	 3995 	 0.856841 	 0.00387834	0.00810257
1890 	 4000 	 0.856843 	 0.00387932	0.00810461
1890 	 4005 	 0.856845 	 0.0038803	0.00810664
1890 	 4010 	 0.856847 	 0.00388127	0.00810868
1890 	 4015 	 0.856849 	 0.00388224	0.00811071
1890 	 4020 	 0.85685 	 0.00388321	0.00811273
1890 	 4025 	 0.856852 	 0.00388418	0.00811476
1890 	 4030 	 0.856854 	 0.00388515	0.00811678
1890 	 4035 	 0.856856 	 0.00388611	0.00811879
1890 	 4040 	 0.856858 	 0.00388707	0.0081208
1890 	 4045 	 0.856859 	 0.00388804	0.00812281
1890 	 4050 	 0.856861 	 0.003889	0.00812482
1890 	 4055 	 0.856863 	 0.00388995	0.00812682
1890 	 4060 	 0.856865 	 0.00389091	0.00812882
1890 	 4065 	 0.856867 	 0.00389186	0.00813081
1890 	 4070 	 0.856868 	 0.00389282	0.00813281
1890 	 4075 	 0.85687 	 0.00389377	0.00813479
1890 	 4080 	 0.856872 	 0.00389472	0.00813678
1890 	 4085 	 0.856874 	 0.00389567	0.00813876
1890 	 4090 	 0.856875 	 0.00389662	0.00814074
1890 	 4095 	 0.856877 	 0.00389756	0.00814271
1890 	 4100 	 0.856879 	 0.0038985	0.00814469
1890 	 4105 	 0.856881 	 0.00389945	0.00814665
1890 	 4110 	 0.856882 	 0.00390039	0.00814862
1890 	 4115 	 0.856884 	 0.00390133	0.00815058
1890 	 4120 	 0.856886 	 0.00390226	0.00815254
1890 	 4125 	 0.856888 	 0.0039032	0.00815449
1890 	 4130 	 0.856889 	 0.00390413	0.00815644
1890 	 4135 	 0.856891 	 0.00390506	0.00815839
1890 	 4140 	 0.856893 	 0.003906	0.00816034
1890 	 4145 	 0.856895 	 0.00390692	0.00816228
1890 	 4150 	 0.856896 	 0.00390785	0.00816422
1890 	 4155 	 0.856898 	 0.00390878	0.00816615
1890 	 4160 	 0.8569 	 0.0039097	0.00816808
1890 	 4165 	 0.856901 	 0.00391063	0.00817001
1890 	 4170 	 0.856903 	 0.00391155	0.00817194
1890 	 4175 	 0.856905 	 0.00391247	0.00817386
1890 	 4180 	 0.856906 	 0.00391339	0.00817578
1890 	 4185 	 0.856908 	 0.0039143	0.00817769
1890 	 4190 	 0.85691 	 0.00391522	0.0081796
1890 	 4195 	 0.856911 	 0.00391613	0.00818151
1890 	 4200 	 0.856913 	 0.00391704	0.00818342
1890 	 4205 	 0.856915 	 0.00391796	0.00818532
1890 	 4210 	 0.856916 	 0.00391886	0.00818722
1890 	 4215 	 0.856918 	 0.00391977	0.00818912
1890 	 4220 	 0.85692 	 0.00392068	0.00819101
1890 	 4225 	 0.856921 	 0.00392158	0.0081929
1890 	 4230 	 0.856923 	 0.00392249	0.00819479
1890 	 4235 	 0.856925 	 0.00392339	0.00819667
1890 	 4240 	 0.856926 	 0.00392429	0.00819855
1890 	 4245 	 0.856928 	 0.00392519	0.00820043
1890 	 4250 	 0.85693 	 0.00392608	0.00820231
1890 	 4255 	 0.856931 	 0.00392698	0.00820418
1890 	 4260 	 0.856933 	 0.00392787	0.00820605
1890 	 4265 	 0.856935 	 0.00392877	0.00820791
1890 	 4270 	 0.856936 	 0.00392966	0.00820977
1890 	 4275 	 0.856938 	 0.00393055	0.00821163
1890 	 4280 	 0.856939 	 0.00393144	0.00821349
1890 	 4285 	 0.856941 	 0.00393232	0.00821534
1890 	 4290 	 0.856943 	 0.00393321	0.00821719
1890 	 4295 	 0.856944 	 0.00393409	0.00821904
1890 	 4300 	 0.856946 	 0.00393498	0.00822088
1890 	 4305 	 0.856948 	 0.00393586	0.00822272
1890 	 4310 	 0.856949 	 0.00393674	0.00822456
1890 	 4315 	 0.856951 	 0.00393762	0.0082264
1890 	 4320 	 0.856952 	 0.00393849	0.00822823
1890 	 4325 	 0.856954 	 0.00393937	0.00823006
1890 	 4330 	 0.856955 	 0.00394024	0.00823188
1890 	 4335 	 0.856957 	 0.00394111	0.00823371
1890 	 4340 	 0.856959 	 0.00394199	0.00823553
1890 	 4345 	 0.85696 	 0.00394286	0.00823734
1890 	 4350 	 0.856962 	 0.00394372	0.00823916
1890 	 4355 	 0.856963 	 0.00394459	0.00824097
1890 	 4360 	 0.856965 	 0.00394546	0.00824278
1890 	 4365 	 0.856966 	 0.00394632	0.00824458
1890 	 4370 	 0.856968 	 0.00394718	0.00824638
1890 	 4375 	 0.85697 	 0.00394804	0.00824818
1890 	 4380 	 0.856971 	 0.0039489	0.00824998
1890 	 4385 	 0.856973 	 0.00394976	0.00825177
1890 	 4390 	 0.856974 	 0.00395062	0.00825356
1890 	 4395 	 0.856976 	 0.00395148	0.00825535
1890 	 4400 	 0.856977 	 0.00395233	0.00825714
1890 	 4405 	 0.856979 	 0.00395318	0.00825892
1890 	 4410 	 0.85698 	 0.00395403	0.0082607
1890 	 4415 	 0.856982 	 0.00395489	0.00826248
1890 	 4420 	 0.856983 	 0.00395573	0.00826425
1890 	 4425 	 0.856985 	 0.00395658	0.00826602
1890 	 4430 	 0.856986 	 0.00395743	0.00826779
1890 	 4435 	 0.856988 	 0.00395827	0.00826955
1890 	 4440 	 0.856989 	 0.00395912	0.00827132
1890 	 4445 	 0.856991 	 0.00395996	0.00827308
1890 	 4450 	 0.856993 	 0.0039608	0.00827483
1890 	 4455 	 0.856994 	 0.00396164	0.00827659
1890 	 4460 	 0.856996 	 0.00396248	0.00827834
1890 	 4465 	 0.856997 	 0.00396331	0.00828009
1890 	 4470 	 0.856998 	 0.00396415	0.00828183
1890 	 4475 	 0.857 	 0.00396498	0.00828357
1890 	 4480 	 0.857001 	 0.00396582	0.00828531
1890 	 4485 	 0.857003 	 0.00396665	0.00828705
1890 	 4490 	 0.857004 	 0.00396748	0.00828879
1890 	 4495 	 0.857006 	 0.00396831	0.00829052
1890 	 4500 	 0.857007 	 0.00396914	0.00829225
1890 	 4505 	 0.857009 	 0.00396996	0.00829397
1890 	 4510 	 0.85701 	 0.00397079	0.0082957
1890 	 4515 	 0.857012 	 0.00397161	0.00829742
1890 	 4520 	 0.857013 	 0.00397243	0.00829914
1890 	 4525 	 0.857015 	 0.00397325	0.00830085
1890 	 4530 	 0.857016 	 0.00397407	0.00830257
1890 	 4535 	 0.857018 	 0.00397489	0.00830428
1890 	 4540 	 0.857019 	 0.00397571	0.00830598
1890 	 4545 	 0.857021 	 0.00397653	0.00830769
1890 	 4550 	 0.857022 	 0.00397734	0.00830939
1890 	 4555 	 0.857023 	 0.00397816	0.00831109
1890 	 4560 	 0.857025 	 0.00397897	0.00831279
1890 	 4565 	 0.857026 	 0.00397978	0.00831448
1890 	 4570 	 0.857028 	 0.00398059	0.00831617
1890 	 4575 	 0.857029 	 0.0039814	0.00831786
1890 	 4580 	 0.857031 	 0.0039822	0.00831955
1890 	 4585 	 0.857032 	 0.00398301	0.00832123
1890 	 4590 	 0.857033 	 0.00398381	0.00832292
1890 	 4595 	 0.857035 	 0.00398462	0.00832459
1890 	 4600 	 0.857036 	 0.00398542	0.00832627
1890 	 4605 	 0.857038 	 0.00398622	0.00832794
1890 	 4610 	 0.857039 	 0.00398702	0.00832961
1890 	 4615 	 0.857041 	 0.00398782	0.00833128
1890 	 4620 	 0.857042 	 0.00398862	0.00833295
1890 	 4625 	 0.857043 	 0.00398941	0.00833461
1890 	 4630 	 0.857045 	 0.00399021	0.00833627
1890 	 4635 	 0.857046 	 0.003991	0.00833793
1890 	 4640 	 0.857048 	 0.00399179	0.00833959
1890 	 4645 	 0.857049 	 0.00399259	0.00834124
1890 	 4650 	 0.85705 	 0.00399338	0.00834289
1890 	 4655 	 0.857052 	 0.00399416	0.00834454
1890 	 4660 	 0.857053 	 0.00399495	0.00834618
1890 	 4665 	 0.857054 	 0.00399574	0.00834783
1890 	 4670 	 0.857056 	 0.00399652	0.00834947
1890 	 4675 	 0.857057 	 0.00399731	0.0083511
1890 	 4680 	 0.857059 	 0.00399809	0.00835274
1890 	 4685 	 0.85706 	 0.00399887	0.00835437
1890 	 4690 	 0.857061 	 0.00399965	0.008356
1890 	 4695 	 0.857063 	 0.00400043	0.00835763
1890 	 4700 	 0.857064 	 0.00400121	0.00835926
1890 	 4705 	 0.857065 	 0.00400199	0.00836088
1890 	 4710 	 0.857067 	 0.00400276	0.0083625
1890 	 4715 	 0.857068 	 0.00400354	0.00836412
1890 	 4720 	 0.857069 	 0.00400431	0.00836573
1890 	 4725 	 0.857071 	 0.00400508	0.00836735
1890 	 4730 	 0.857072 	 0.00400585	0.00836896
1890 	 4735 	 0.857073 	 0.00400662	0.00837057
1890 	 4740 	 0.857075 	 0.00400739	0.00837217
1890 	 4745 	 0.857076 	 0.00400816	0.00837378
1890 	 4750 	 0.857078 	 0.00400893	0.00837538
1890 	 4755 	 0.857079 	 0.00400969	0.00837698
1890 	 4760 	 0.85708 	 0.00401046	0.00837857
1890 	 4765 	 0.857082 	 0.00401122	0.00838017
1890 	 4770 	 0.857083 	 0.00401198	0.00838176
1890 	 4775 	 0.857084 	 0.00401274	0.00838335
1890 	 4780 	 0.857085 	 0.0040135	0.00838493
1890 	 4785 	 0.857087 	 0.00401426	0.00838652
1890 	 4790 	 0.857088 	 0.00401502	0.0083881
1890 	 4795 	 0.857089 	 0.00401577	0.00838968
1890 	 4800 	 0.857091 	 0.00401653	0.00839126
1890 	 4805 	 0.857092 	 0.00401728	0.00839283
1890 	 4810 	 0.857093 	 0.00401803	0.0083944
1890 	 4815 	 0.857095 	 0.00401879	0.00839598
1890 	 4820 	 0.857096 	 0.00401954	0.00839754
1890 	 4825 	 0.857097 	 0.00402029	0.00839911
1890 	 4830 	 0.857099 	 0.00402103	0.00840067
1890 	 4835 	 0.8571 	 0.00402178	0.00840223
1890 	 4840 	 0.857101 	 0.00402253	0.00840379
1890 	 4845 	 0.857102 	 0.00402327	0.00840535
1890 	 4850 	 0.857104 	 0.00402402	0.0084069
1890 	 4855 	 0.857105 	 0.00402476	0.00840845
1890 	 4860 	 0.857106 	 0.0040255	0.00841
1890 	 4865 	 0.857108 	 0.00402624	0.00841155
1890 	 4870 	 0.857109 	 0.00402698	0.0084131
1890 	 4875 	 0.85711 	 0.00402772	0.00841464
1890 	 4880 	 0.857111 	 0.00402846	0.00841618
1890 	 4885 	 0.857113 	 0.00402919	0.00841772
1890 	 4890 	 0.857114 	 0.00402993	0.00841925
1890 	 4895 	 0.857115 	 0.00403066	0.00842079
1890 	 4900 	 0.857116 	 0.0040314	0.00842232
1890 	 4905 	 0.857118 	 0.00403213	0.00842385
1890 	 4910 	 0.857119 	 0.00403286	0.00842538
1890 	 4915 	 0.85712 	 0.00403359	0.0084269
1890 	 4920 	 0.857121 	 0.00403432	0.00842842
1890 	 4925 	 0.857123 	 0.00403504	0.00842994
1890 	 4930 	 0.857124 	 0.00403577	0.00843146
1890 	 4935 	 0.857125 	 0.0040365	0.00843298
1890 	 4940 	 0.857126 	 0.00403722	0.00843449
1890 	 4945 	 0.857128 	 0.00403794	0.008436
1890 	 4950 	 0.857129 	 0.00403867	0.00843751
1890 	 4955 	 0.85713 	 0.00403939	0.00843902
1890 	 4960 	 0.857131 	 0.00404011	0.00844052
1890 	 4965 	 0.857133 	 0.00404083	0.00844203
1890 	 4970 	 0.857134 	 0.00404155	0.00844353
1890 	 4975 	 0.857135 	 0.00404226	0.00844502
1890 	 4980 	 0.857136 	 0.00404298	0.00844652
1890 	 4985 	 0.857137 	 0.00404369	0.00844802
1890 	 4990 	 0.857139 	 0.00404441	0.00844951
1890 	 4995 	 0.85714 	 0.00404512	0.008451
1890 	 5000 	 0.857141 	 0.00404583	0.00845248
