2575 	 5 	 0.728683 	 0.00665628	0.0139062
2575 	 10 	 0.729284 	 0.00626098	0.0130803
2575 	 15 	 0.730421 	 0.00564508	0.0117936
2575 	 20 	 0.732532 	 0.00477864	0.00998344
2575 	 25 	 0.736324 	 0.00380112	0.00794124
2575 	 30 	 0.742747 	 0.00317144	0.00662571
2575 	 35 	 0.752612 	 0.00306246	0.00639803
2575 	 40 	 0.765697 	 0.0027272	0.00569762
2575 	 45 	 0.781062 	 0.00294975	0.00616257
2575 	 50 	 0.79524 	 0.00288813	0.00603382
2575 	 55 	 0.805932 	 0.00261826	0.00547002
2575 	 60 	 0.813147 	 0.00223322	0.0046656
2575 	 65 	 0.817771 	 0.00200393	0.00418657
2575 	 70 	 0.82075 	 0.00197666	0.0041296
2575 	 75 	 0.822765 	 0.0020341	0.00424961
2575 	 80 	 0.824237 	 0.00209528	0.00437742
2575 	 85 	 0.825404 	 0.00213969	0.00447021
2575 	 90 	 0.826393 	 0.0021704	0.00453436
2575 	 95 	 0.827276 	 0.00219369	0.00458302
2575 	 100 	 0.828088 	 0.00221353	0.00462446
2575 	 105 	 0.82885 	 0.00223147	0.00466194
2575 	 110 	 0.829574 	 0.00224767	0.00469579
2575 	 115 	 0.830264 	 0.00226176	0.00472524
2575 	 120 	 0.830926 	 0.00227333	0.00474941
2575 	 125 	 0.831561 	 0.00228209	0.00476769
2575 	 130 	 0.832172 	 0.00228792	0.00477989
2575 	 135 	 0.832759 	 0.0022909	0.00478611
2575 	 140 	 0.833324 	 0.0022912	0.00478673
2575 	 145 	 0.833869 	 0.00228908	0.0047823
2575 	 150 	 0.834393 	 0.00228483	0.00477342
2575 	 155 	 0.834899 	 0.00227876	0.00476075
2575 	 160 	 0.835386 	 0.0022712	0.00474495
2575 	 165 	 0.835856 	 0.00226243	0.00472663
2575 	 170 	 0.836309 	 0.00225273	0.00470636
2575 	 175 	 0.836746 	 0.00224235	0.00468467
2575 	 180 	 0.837168 	 0.0022315	0.00466202
2575 	 185 	 0.837576 	 0.00222039	0.00463881
2575 	 190 	 0.83797 	 0.00220918	0.00461539
2575 	 195 	 0.83835 	 0.00219802	0.00459206
2575 	 200 	 0.838718 	 0.00218702	0.00456908
2575 	 205 	 0.839074 	 0.00217628	0.00454665
2575 	 210 	 0.839418 	 0.0021659	0.00452495
2575 	 215 	 0.839751 	 0.00215592	0.00450412
2575 	 220 	 0.840074 	 0.00214642	0.00448426
2575 	 225 	 0.840386 	 0.00213741	0.00446545
2575 	 230 	 0.840689 	 0.00212895	0.00444776
2575 	 235 	 0.840982 	 0.00212103	0.00443122
2575 	 240 	 0.841266 	 0.00211368	0.00441587
2575 	 245 	 0.841542 	 0.0021069	0.00440171
2575 	 250 	 0.84181 	 0.0021007	0.00438874
2575 	 255 	 0.842069 	 0.00209506	0.00437696
2575 	 260 	 0.842321 	 0.00208998	0.00436635
2575 	 265 	 0.842566 	 0.00208545	0.00435688
2575 	 270 	 0.842804 	 0.00208145	0.00434854
2575 	 275 	 0.843035 	 0.00207798	0.00434128
2575 	 280 	 0.84326 	 0.00207501	0.00433507
2575 	 285 	 0.843479 	 0.00207253	0.00432989
2575 	 290 	 0.843691 	 0.00207051	0.00432568
2575 	 295 	 0.843898 	 0.00206895	0.00432242
2575 	 300 	 0.8441 	 0.00206782	0.00432006
2575 	 305 	 0.844296 	 0.00206711	0.00431857
2575 	 310 	 0.844487 	 0.00206679	0.0043179
2575 	 315 	 0.844673 	 0.00206685	0.00431803
2575 	 320 	 0.844855 	 0.00206728	0.00431892
2575 	 325 	 0.845032 	 0.00206804	0.00432052
2575 	 330 	 0.845204 	 0.00206914	0.00432281
2575 	 335 	 0.845373 	 0.00207054	0.00432574
2575 	 340 	 0.845537 	 0.00207225	0.0043293
2575 	 345 	 0.845697 	 0.00207423	0.00433345
2575 	 350 	 0.845854 	 0.00207648	0.00433815
2575 	 355 	 0.846006 	 0.00207899	0.00434339
2575 	 360 	 0.846156 	 0.00208173	0.00434912
2575 	 365 	 0.846302 	 0.00208471	0.00435534
2575 	 370 	 0.846444 	 0.0020879	0.004362
2575 	 375 	 0.846583 	 0.00209129	0.0043691
2575 	 380 	 0.84672 	 0.00209488	0.00437659
2575 	 385 	 0.846853 	 0.00209866	0.00438448
2575 	 390 	 0.846983 	 0.0021026	0.00439272
2575 	 395 	 0.847111 	 0.00210671	0.00440131
2575 	 400 	 0.847235 	 0.00211098	0.00441023
2575 	 405 	 0.847358 	 0.0021154	0.00441945
2575 	 410 	 0.847477 	 0.00211995	0.00442896
2575 	 415 	 0.847594 	 0.00212463	0.00443875
2575 	 420 	 0.847709 	 0.00212944	0.0044488
2575 	 425 	 0.847821 	 0.00213437	0.00445909
2575 	 430 	 0.847931 	 0.00213941	0.00446961
2575 	 435 	 0.848039 	 0.00214455	0.00448035
2575 	 440 	 0.848145 	 0.00214979	0.0044913
2575 	 445 	 0.848249 	 0.00215512	0.00450244
2575 	 450 	 0.84835 	 0.00216054	0.00451377
2575 	 455 	 0.84845 	 0.00216605	0.00452527
2575 	 460 	 0.848548 	 0.00217163	0.00453692
2575 	 465 	 0.848644 	 0.00217728	0.00454874
2575 	 470 	 0.848738 	 0.002183	0.00456069
2575 	 475 	 0.848831 	 0.00218879	0.00457278
2575 	 480 	 0.848921 	 0.00219464	0.004585
2575 	 485 	 0.849011 	 0.00220054	0.00459733
2575 	 490 	 0.849098 	 0.0022065	0.00460978
2575 	 495 	 0.849184 	 0.00221251	0.00462233
2575 	 500 	 0.849269 	 0.00221856	0.00463498
2575 	 505 	 0.849351 	 0.00222466	0.00464771
2575 	 510 	 0.849433 	 0.00223079	0.00466053
2575 	 515 	 0.849513 	 0.00223697	0.00467343
2575 	 520 	 0.849592 	 0.00224318	0.0046864
2575 	 525 	 0.849669 	 0.00224942	0.00469944
2575 	 530 	 0.849745 	 0.00225569	0.00471254
2575 	 535 	 0.84982 	 0.00226199	0.0047257
2575 	 540 	 0.849894 	 0.00226831	0.00473891
2575 	 545 	 0.849966 	 0.00227465	0.00475217
2575 	 550 	 0.850038 	 0.00228102	0.00476547
2575 	 555 	 0.850108 	 0.00228741	0.00477881
2575 	 560 	 0.850177 	 0.00229381	0.00479219
2575 	 565 	 0.850244 	 0.00230023	0.0048056
2575 	 570 	 0.850311 	 0.00230666	0.00481903
2575 	 575 	 0.850377 	 0.0023131	0.00483249
2575 	 580 	 0.850442 	 0.00231956	0.00484598
2575 	 585 	 0.850505 	 0.00232602	0.00485948
2575 	 590 	 0.850568 	 0.00233249	0.004873
2575 	 595 	 0.85063 	 0.00233897	0.00488653
2575 	 600 	 0.850691 	 0.00234545	0.00490007
2575 	 605 	 0.850751 	 0.00235193	0.00491361
2575 	 610 	 0.85081 	 0.00235842	0.00492717
2575 	 615 	 0.850868 	 0.00236491	0.00494072
2575 	 620 	 0.850926 	 0.0023714	0.00495428
2575 	 625 	 0.850982 	 0.00237788	0.00496783
2575 	 630 	 0.851038 	 0.00238437	0.00498138
2575 	 635 	 0.851093 	 0.00239085	0.00499493
2575 	 640 	 0.851147 	 0.00239733	0.00500846
2575 	 645 	 0.851201 	 0.00240381	0.00502199
2575 	 650 	 0.851253 	 0.00241028	0.00503551
2575 	 655 	 0.851305 	 0.00241674	0.00504901
2575 	 660 	 0.851356 	 0.0024232	0.0050625
2575 	 665 	 0.851407 	 0.00242964	0.00507597
2575 	 670 	 0.851457 	 0.00243608	0.00508942
2575 	 675 	 0.851506 	 0.00244251	0.00510286
2575 	 680 	 0.851555 	 0.00244894	0.00511627
2575 	 685 	 0.851602 	 0.00245535	0.00512967
2575 	 690 	 0.85165 	 0.00246175	0.00514304
2575 	 695 	 0.851696 	 0.00246814	0.00515639
2575 	 700 	 0.851742 	 0.00247451	0.00516971
2575 	 705 	 0.851788 	 0.00248088	0.00518301
2575 	 710 	 0.851833 	 0.00248723	0.00519628
2575 	 715 	 0.851877 	 0.00249357	0.00520952
2575 	 720 	 0.851921 	 0.00249989	0.00522273
2575 	 725 	 0.851964 	 0.0025062	0.00523592
2575 	 730 	 0.852006 	 0.0025125	0.00524907
2575 	 735 	 0.852049 	 0.00251878	0.00526219
2575 	 740 	 0.85209 	 0.00252505	0.00527528
2575 	 745 	 0.852131 	 0.0025313	0.00528834
2575 	 750 	 0.852172 	 0.00253753	0.00530136
2575 	 755 	 0.852212 	 0.00254375	0.00531436
2575 	 760 	 0.852251 	 0.00254995	0.00532731
2575 	 765 	 0.852291 	 0.00255614	0.00534023
2575 	 770 	 0.852329 	 0.0025623	0.00535312
2575 	 775 	 0.852367 	 0.00256845	0.00536597
2575 	 780 	 0.852405 	 0.00257459	0.00537878
2575 	 785 	 0.852443 	 0.0025807	0.00539155
2575 	 790 	 0.852479 	 0.0025868	0.00540429
2575 	 795 	 0.852516 	 0.00259288	0.00541699
2575 	 800 	 0.852552 	 0.00259894	0.00542965
2575 	 805 	 0.852588 	 0.00260498	0.00544227
2575 	 810 	 0.852623 	 0.002611	0.00545486
2575 	 815 	 0.852658 	 0.00261701	0.0054674
2575 	 820 	 0.852692 	 0.00262299	0.00547991
2575 	 825 	 0.852726 	 0.00262896	0.00549237
2575 	 830 	 0.85276 	 0.0026349	0.00550479
2575 	 835 	 0.852793 	 0.00264083	0.00551718
2575 	 840 	 0.852826 	 0.00264674	0.00552952
2575 	 845 	 0.852859 	 0.00265263	0.00554182
2575 	 850 	 0.852891 	 0.0026585	0.00555408
2575 	 855 	 0.852923 	 0.00266435	0.0055663
2575 	 860 	 0.852954 	 0.00267017	0.00557848
2575 	 865 	 0.852986 	 0.00267598	0.00559062
2575 	 870 	 0.853017 	 0.00268177	0.00560271
2575 	 875 	 0.853047 	 0.00268754	0.00561477
2575 	 880 	 0.853077 	 0.00269329	0.00562678
2575 	 885 	 0.853107 	 0.00269902	0.00563875
2575 	 890 	 0.853137 	 0.00270473	0.00565067
2575 	 895 	 0.853166 	 0.00271042	0.00566256
2575 	 900 	 0.853195 	 0.00271609	0.0056744
2575 	 905 	 0.853224 	 0.00272173	0.0056862
2575 	 910 	 0.853253 	 0.00272736	0.00569796
2575 	 915 	 0.853281 	 0.00273297	0.00570967
2575 	 920 	 0.853309 	 0.00273856	0.00572134
2575 	 925 	 0.853336 	 0.00274412	0.00573297
2575 	 930 	 0.853363 	 0.00274967	0.00574456
2575 	 935 	 0.853391 	 0.0027552	0.00575611
2575 	 940 	 0.853417 	 0.0027607	0.00576761
2575 	 945 	 0.853444 	 0.00276619	0.00577907
2575 	 950 	 0.85347 	 0.00277165	0.00579049
2575 	 955 	 0.853496 	 0.0027771	0.00580186
2575 	 960 	 0.853522 	 0.00278252	0.0058132
2575 	 965 	 0.853547 	 0.00278793	0.00582449
2575 	 970 	 0.853573 	 0.00279331	0.00583574
2575 	 975 	 0.853598 	 0.00279867	0.00584694
2575 	 980 	 0.853623 	 0.00280402	0.00585811
2575 	 985 	 0.853647 	 0.00280934	0.00586923
2575 	 990 	 0.853672 	 0.00281465	0.00588031
2575 	 995 	 0.853696 	 0.00281993	0.00589134
2575 	 1000 	 0.85372 	 0.00282519	0.00590234
2575 	 1005 	 0.853743 	 0.00283044	0.00591329
2575 	 1010 	 0.853767 	 0.00283566	0.00592421
2575 	 1015 	 0.85379 	 0.00284086	0.00593508
2575 	 1020 	 0.853813 	 0.00284605	0.00594591
2575 	 1025 	 0.853836 	 0.00285121	0.00595669
2575 	 1030 	 0.853858 	 0.00285635	0.00596744
2575 	 1035 	 0.853881 	 0.00286148	0.00597815
2575 	 1040 	 0.853903 	 0.00286658	0.00598881
2575 	 1045 	 0.853925 	 0.00287167	0.00599943
2575 	 1050 	 0.853947 	 0.00287673	0.00601002
2575 	 1055 	 0.853969 	 0.00288178	0.00602056
2575 	 1060 	 0.85399 	 0.0028868	0.00603106
2575 	 1065 	 0.854011 	 0.00289181	0.00604152
2575 	 1070 	 0.854032 	 0.0028968	0.00605194
2575 	 1075 	 0.854053 	 0.00290177	0.00606232
2575 	 1080 	 0.854074 	 0.00290672	0.00607266
2575 	 1085 	 0.854095 	 0.00291165	0.00608296
2575 	 1090 	 0.854115 	 0.00291656	0.00609322
2575 	 1095 	 0.854135 	 0.00292145	0.00610344
2575 	 1100 	 0.854155 	 0.00292632	0.00611362
2575 	 1105 	 0.854175 	 0.00293118	0.00612376
2575 	 1110 	 0.854195 	 0.00293601	0.00613387
2575 	 1115 	 0.854214 	 0.00294083	0.00614393
2575 	 1120 	 0.854234 	 0.00294563	0.00615395
2575 	 1125 	 0.854253 	 0.00295041	0.00616394
2575 	 1130 	 0.854272 	 0.00295517	0.00617388
2575 	 1135 	 0.854291 	 0.00295991	0.00618379
2575 	 1140 	 0.85431 	 0.00296464	0.00619366
2575 	 1145 	 0.854328 	 0.00296934	0.00620349
2575 	 1150 	 0.854347 	 0.00297403	0.00621329
2575 	 1155 	 0.854365 	 0.0029787	0.00622304
2575 	 1160 	 0.854383 	 0.00298335	0.00623276
2575 	 1165 	 0.854401 	 0.00298798	0.00624244
2575 	 1170 	 0.854419 	 0.0029926	0.00625209
2575 	 1175 	 0.854437 	 0.0029972	0.00626169
2575 	 1180 	 0.854455 	 0.00300178	0.00627126
2575 	 1185 	 0.854472 	 0.00300634	0.00628079
2575 	 1190 	 0.854489 	 0.00301088	0.00629029
2575 	 1195 	 0.854506 	 0.00301541	0.00629974
2575 	 1200 	 0.854524 	 0.00301992	0.00630917
2575 	 1205 	 0.85454 	 0.00302441	0.00631855
2575 	 1210 	 0.854557 	 0.00302889	0.0063279
2575 	 1215 	 0.854574 	 0.00303335	0.00633721
2575 	 1220 	 0.85459 	 0.00303779	0.00634649
2575 	 1225 	 0.854607 	 0.00304221	0.00635573
2575 	 1230 	 0.854623 	 0.00304662	0.00636494
2575 	 1235 	 0.854639 	 0.00305101	0.00637411
2575 	 1240 	 0.854655 	 0.00305538	0.00638325
2575 	 1245 	 0.854671 	 0.00305974	0.00639235
2575 	 1250 	 0.854687 	 0.00306408	0.00640141
2575 	 1255 	 0.854703 	 0.0030684	0.00641045
2575 	 1260 	 0.854718 	 0.00307271	0.00641944
2575 	 1265 	 0.854734 	 0.003077	0.00642841
2575 	 1270 	 0.854749 	 0.00308127	0.00643733
2575 	 1275 	 0.854765 	 0.00308553	0.00644623
2575 	 1280 	 0.85478 	 0.00308977	0.00645509
2575 	 1285 	 0.854795 	 0.00309399	0.00646392
2575 	 1290 	 0.85481 	 0.0030982	0.00647271
2575 	 1295 	 0.854824 	 0.0031024	0.00648147
2575 	 1300 	 0.854839 	 0.00310657	0.0064902
2575 	 1305 	 0.854854 	 0.00311073	0.00649889
2575 	 1310 	 0.854868 	 0.00311488	0.00650755
2575 	 1315 	 0.854883 	 0.00311901	0.00651618
2575 	 1320 	 0.854897 	 0.00312312	0.00652477
2575 	 1325 	 0.854911 	 0.00312722	0.00653334
2575 	 1330 	 0.854925 	 0.00313131	0.00654187
2575 	 1335 	 0.854939 	 0.00313537	0.00655037
2575 	 1340 	 0.854953 	 0.00313943	0.00655883
2575 	 1345 	 0.854967 	 0.00314346	0.00656727
2575 	 1350 	 0.854981 	 0.00314749	0.00657567
2575 	 1355 	 0.854994 	 0.00315149	0.00658404
2575 	 1360 	 0.855008 	 0.00315549	0.00659238
2575 	 1365 	 0.855021 	 0.00315946	0.00660069
2575 	 1370 	 0.855035 	 0.00316343	0.00660897
2575 	 1375 	 0.855048 	 0.00316737	0.00661722
2575 	 1380 	 0.855061 	 0.00317131	0.00662544
2575 	 1385 	 0.855074 	 0.00317522	0.00663362
2575 	 1390 	 0.855087 	 0.00317913	0.00664178
2575 	 1395 	 0.8551 	 0.00318302	0.00664991
2575 	 1400 	 0.855113 	 0.00318689	0.006658
2575 	 1405 	 0.855126 	 0.00319075	0.00666607
2575 	 1410 	 0.855138 	 0.0031946	0.0066741
2575 	 1415 	 0.855151 	 0.00319843	0.00668211
2575 	 1420 	 0.855163 	 0.00320225	0.00669009
2575 	 1425 	 0.855176 	 0.00320606	0.00669803
2575 	 1430 	 0.855188 	 0.00320985	0.00670595
2575 	 1435 	 0.8552 	 0.00321362	0.00671384
2575 	 1440 	 0.855212 	 0.00321738	0.0067217
2575 	 1445 	 0.855225 	 0.00322113	0.00672953
2575 	 1450 	 0.855237 	 0.00322487	0.00673734
2575 	 1455 	 0.855249 	 0.00322859	0.00674511
2575 	 1460 	 0.85526 	 0.0032323	0.00675286
2575 	 1465 	 0.855272 	 0.00323599	0.00676058
2575 	 1470 	 0.855284 	 0.00323967	0.00676827
2575 	 1475 	 0.855296 	 0.00324334	0.00677593
2575 	 1480 	 0.855307 	 0.00324699	0.00678356
2575 	 1485 	 0.855319 	 0.00325064	0.00679117
2575 	 1490 	 0.85533 	 0.00325426	0.00679875
2575 	 1495 	 0.855341 	 0.00325788	0.0068063
2575 	 1500 	 0.855353 	 0.00326148	0.00681383
2575 	 1505 	 0.855364 	 0.00326507	0.00682133
2575 	 1510 	 0.855375 	 0.00326865	0.0068288
2575 	 1515 	 0.855386 	 0.00327221	0.00683624
2575 	 1520 	 0.855397 	 0.00327576	0.00684366
2575 	 1525 	 0.855408 	 0.0032793	0.00685105
2575 	 1530 	 0.855419 	 0.00328282	0.00685841
2575 	 1535 	 0.85543 	 0.00328634	0.00686575
2575 	 1540 	 0.85544 	 0.00328984	0.00687307
2575 	 1545 	 0.855451 	 0.00329332	0.00688035
2575 	 1550 	 0.855462 	 0.0032968	0.00688761
2575 	 1555 	 0.855472 	 0.00330026	0.00689485
2575 	 1560 	 0.855483 	 0.00330371	0.00690206
2575 	 1565 	 0.855493 	 0.00330715	0.00690924
2575 	 1570 	 0.855504 	 0.00331058	0.0069164
2575 	 1575 	 0.855514 	 0.00331399	0.00692354
2575 	 1580 	 0.855524 	 0.0033174	0.00693064
2575 	 1585 	 0.855534 	 0.00332079	0.00693773
2575 	 1590 	 0.855544 	 0.00332417	0.00694479
2575 	 1595 	 0.855555 	 0.00332753	0.00695182
2575 	 1600 	 0.855565 	 0.00333089	0.00695883
2575 	 1605 	 0.855575 	 0.00333423	0.00696582
2575 	 1610 	 0.855584 	 0.00333756	0.00697278
2575 	 1615 	 0.855594 	 0.00334088	0.00697972
2575 	 1620 	 0.855604 	 0.00334419	0.00698663
2575 	 1625 	 0.855614 	 0.00334749	0.00699352
2575 	 1630 	 0.855623 	 0.00335078	0.00700038
2575 	 1635 	 0.855633 	 0.00335405	0.00700722
2575 	 1640 	 0.855643 	 0.00335731	0.00701404
2575 	 1645 	 0.855652 	 0.00336057	0.00702084
2575 	 1650 	 0.855662 	 0.00336381	0.00702761
2575 	 1655 	 0.855671 	 0.00336704	0.00703436
2575 	 1660 	 0.85568 	 0.00337026	0.00704108
2575 	 1665 	 0.85569 	 0.00337347	0.00704778
2575 	 1670 	 0.855699 	 0.00337666	0.00705446
2575 	 1675 	 0.855708 	 0.00337985	0.00706112
2575 	 1680 	 0.855717 	 0.00338302	0.00706775
2575 	 1685 	 0.855726 	 0.00338619	0.00707436
2575 	 1690 	 0.855735 	 0.00338934	0.00708095
2575 	 1695 	 0.855744 	 0.00339248	0.00708752
2575 	 1700 	 0.855753 	 0.00339562	0.00709406
2575 	 1705 	 0.855762 	 0.00339874	0.00710059
2575 	 1710 	 0.855771 	 0.00340185	0.00710709
2575 	 1715 	 0.85578 	 0.00340495	0.00711357
2575 	 1720 	 0.855789 	 0.00340804	0.00712002
2575 	 1725 	 0.855797 	 0.00341112	0.00712646
2575 	 1730 	 0.855806 	 0.00341419	0.00713287
2575 	 1735 	 0.855815 	 0.00341725	0.00713926
2575 	 1740 	 0.855823 	 0.0034203	0.00714563
2575 	 1745 	 0.855832 	 0.00342334	0.00715198
2575 	 1750 	 0.85584 	 0.00342637	0.00715831
2575 	 1755 	 0.855849 	 0.00342939	0.00716462
2575 	 1760 	 0.855857 	 0.0034324	0.00717091
2575 	 1765 	 0.855865 	 0.0034354	0.00717717
2575 	 1770 	 0.855874 	 0.00343839	0.00718342
2575 	 1775 	 0.855882 	 0.00344137	0.00718964
2575 	 1780 	 0.85589 	 0.00344434	0.00719585
2575 	 1785 	 0.855898 	 0.0034473	0.00720203
2575 	 1790 	 0.855906 	 0.00345025	0.0072082
2575 	 1795 	 0.855914 	 0.00345319	0.00721434
2575 	 1800 	 0.855923 	 0.00345612	0.00722046
2575 	 1805 	 0.855931 	 0.00345904	0.00722657
2575 	 1810 	 0.855939 	 0.00346195	0.00723265
2575 	 1815 	 0.855946 	 0.00346486	0.00723872
2575 	 1820 	 0.855954 	 0.00346775	0.00724476
2575 	 1825 	 0.855962 	 0.00347063	0.00725078
2575 	 1830 	 0.85597 	 0.00347351	0.00725679
2575 	 1835 	 0.855978 	 0.00347637	0.00726278
2575 	 1840 	 0.855985 	 0.00347923	0.00726874
2575 	 1845 	 0.855993 	 0.00348208	0.00727469
2575 	 1850 	 0.856001 	 0.00348491	0.00728062
2575 	 1855 	 0.856008 	 0.00348774	0.00728653
2575 	 1860 	 0.856016 	 0.00349056	0.00729242
2575 	 1865 	 0.856024 	 0.00349337	0.00729829
2575 	 1870 	 0.856031 	 0.00349617	0.00730414
2575 	 1875 	 0.856038 	 0.00349897	0.00730998
2575 	 1880 	 0.856046 	 0.00350175	0.00731579
2575 	 1885 	 0.856053 	 0.00350452	0.00732159
2575 	 1890 	 0.856061 	 0.00350729	0.00732737
2575 	 1895 	 0.856068 	 0.00351005	0.00733313
2575 	 1900 	 0.856075 	 0.0035128	0.00733887
2575 	 1905 	 0.856082 	 0.00351554	0.00734459
2575 	 1910 	 0.85609 	 0.00351827	0.0073503
2575 	 1915 	 0.856097 	 0.00352099	0.00735599
2575 	 1920 	 0.856104 	 0.0035237	0.00736166
2575 	 1925 	 0.856111 	 0.00352641	0.00736731
2575 	 1930 	 0.856118 	 0.00352911	0.00737295
2575 	 1935 	 0.856125 	 0.0035318	0.00737856
2575 	 1940 	 0.856132 	 0.00353448	0.00738416
2575 	 1945 	 0.856139 	 0.00353715	0.00738975
2575 	 1950 	 0.856146 	 0.00353981	0.00739531
2575 	 1955 	 0.856153 	 0.00354247	0.00740086
2575 	 1960 	 0.85616 	 0.00354511	0.00740639
2575 	 1965 	 0.856167 	 0.00354775	0.0074119
2575 	 1970 	 0.856174 	 0.00355038	0.0074174
2575 	 1975 	 0.85618 	 0.00355301	0.00742288
2575 	 1980 	 0.856187 	 0.00355562	0.00742834
2575 	 1985 	 0.856194 	 0.00355823	0.00743379
2575 	 1990 	 0.8562 	 0.00356083	0.00743922
2575 	 1995 	 0.856207 	 0.00356342	0.00744463
2575 	 2000 	 0.856214 	 0.003566	0.00745003
2575 	 2005 	 0.85622 	 0.00356858	0.0074554
2575 	 2010 	 0.856227 	 0.00357114	0.00746077
2575 	 2015 	 0.856233 	 0.0035737	0.00746611
2575 	 2020 	 0.85624 	 0.00357625	0.00747145
2575 	 2025 	 0.856246 	 0.0035788	0.00747676
2575 	 2030 	 0.856253 	 0.00358133	0.00748206
2575 	 2035 	 0.856259 	 0.00358386	0.00748734
2575 	 2040 	 0.856266 	 0.00358638	0.00749261
2575 	 2045 	 0.856272 	 0.0035889	0.00749786
2575 	 2050 	 0.856278 	 0.0035914	0.00750309
2575 	 2055 	 0.856285 	 0.0035939	0.00750831
2575 	 2060 	 0.856291 	 0.00359639	0.00751352
2575 	 2065 	 0.856297 	 0.00359887	0.0075187
2575 	 2070 	 0.856303 	 0.00360135	0.00752388
2575 	 2075 	 0.856309 	 0.00360382	0.00752903
2575 	 2080 	 0.856316 	 0.00360628	0.00753418
2575 	 2085 	 0.856322 	 0.00360873	0.0075393
2575 	 2090 	 0.856328 	 0.00361118	0.00754441
2575 	 2095 	 0.856334 	 0.00361362	0.00754951
2575 	 2100 	 0.85634 	 0.00361605	0.00755459
2575 	 2105 	 0.856346 	 0.00361848	0.00755966
2575 	 2110 	 0.856352 	 0.00362089	0.00756471
2575 	 2115 	 0.856358 	 0.0036233	0.00756974
2575 	 2120 	 0.856364 	 0.00362571	0.00757477
2575 	 2125 	 0.85637 	 0.0036281	0.00757977
2575 	 2130 	 0.856376 	 0.00363049	0.00758476
2575 	 2135 	 0.856382 	 0.00363288	0.00758974
2575 	 2140 	 0.856387 	 0.00363525	0.0075947
2575 	 2145 	 0.856393 	 0.00363762	0.00759965
2575 	 2150 	 0.856399 	 0.00363998	0.00760459
2575 	 2155 	 0.856405 	 0.00364234	0.00760951
2575 	 2160 	 0.856411 	 0.00364469	0.00761441
2575 	 2165 	 0.856416 	 0.00364703	0.0076193
2575 	 2170 	 0.856422 	 0.00364936	0.00762418
2575 	 2175 	 0.856428 	 0.00365169	0.00762904
2575 	 2180 	 0.856433 	 0.00365401	0.00763389
2575 	 2185 	 0.856439 	 0.00365632	0.00763873
2575 	 2190 	 0.856444 	 0.00365863	0.00764355
2575 	 2195 	 0.85645 	 0.00366093	0.00764836
2575 	 2200 	 0.856456 	 0.00366323	0.00765315
2575 	 2205 	 0.856461 	 0.00366552	0.00765793
2575 	 2210 	 0.856467 	 0.0036678	0.0076627
2575 	 2215 	 0.856472 	 0.00367007	0.00766745
2575 	 2220 	 0.856478 	 0.00367234	0.00767219
2575 	 2225 	 0.856483 	 0.0036746	0.00767692
2575 	 2230 	 0.856488 	 0.00367686	0.00768163
2575 	 2235 	 0.856494 	 0.00367911	0.00768633
2575 	 2240 	 0.856499 	 0.00368135	0.00769101
2575 	 2245 	 0.856504 	 0.00368359	0.00769568
2575 	 2250 	 0.85651 	 0.00368582	0.00770034
2575 	 2255 	 0.856515 	 0.00368804	0.00770499
2575 	 2260 	 0.85652 	 0.00369026	0.00770962
2575 	 2265 	 0.856526 	 0.00369247	0.00771424
2575 	 2270 	 0.856531 	 0.00369468	0.00771885
2575 	 2275 	 0.856536 	 0.00369688	0.00772345
2575 	 2280 	 0.856541 	 0.00369907	0.00772803
2575 	 2285 	 0.856546 	 0.00370126	0.0077326
2575 	 2290 	 0.856552 	 0.00370344	0.00773715
2575 	 2295 	 0.856557 	 0.00370561	0.0077417
2575 	 2300 	 0.856562 	 0.00370778	0.00774623
2575 	 2305 	 0.856567 	 0.00370994	0.00775075
2575 	 2310 	 0.856572 	 0.0037121	0.00775525
2575 	 2315 	 0.856577 	 0.00371425	0.00775974
2575 	 2320 	 0.856582 	 0.00371639	0.00776423
2575 	 2325 	 0.856587 	 0.00371853	0.00776869
2575 	 2330 	 0.856592 	 0.00372067	0.00777315
2575 	 2335 	 0.856597 	 0.00372279	0.0077776
2575 	 2340 	 0.856602 	 0.00372492	0.00778203
2575 	 2345 	 0.856607 	 0.00372703	0.00778645
2575 	 2350 	 0.856612 	 0.00372914	0.00779086
2575 	 2355 	 0.856617 	 0.00373125	0.00779525
2575 	 2360 	 0.856622 	 0.00373334	0.00779964
2575 	 2365 	 0.856626 	 0.00373544	0.00780401
2575 	 2370 	 0.856631 	 0.00373752	0.00780837
2575 	 2375 	 0.856636 	 0.0037396	0.00781272
2575 	 2380 	 0.856641 	 0.00374168	0.00781705
2575 	 2385 	 0.856646 	 0.00374375	0.00782138
2575 	 2390 	 0.85665 	 0.00374582	0.00782569
2575 	 2395 	 0.856655 	 0.00374787	0.00782999
2575 	 2400 	 0.85666 	 0.00374993	0.00783428
2575 	 2405 	 0.856665 	 0.00375198	0.00783856
2575 	 2410 	 0.856669 	 0.00375402	0.00784283
2575 	 2415 	 0.856674 	 0.00375606	0.00784708
2575 	 2420 	 0.856679 	 0.00375809	0.00785133
2575 	 2425 	 0.856683 	 0.00376011	0.00785556
2575 	 2430 	 0.856688 	 0.00376213	0.00785978
2575 	 2435 	 0.856692 	 0.00376415	0.00786399
2575 	 2440 	 0.856697 	 0.00376616	0.00786819
2575 	 2445 	 0.856702 	 0.00376816	0.00787238
2575 	 2450 	 0.856706 	 0.00377016	0.00787656
2575 	 2455 	 0.856711 	 0.00377216	0.00788072
2575 	 2460 	 0.856715 	 0.00377415	0.00788488
2575 	 2465 	 0.85672 	 0.00377613	0.00788902
2575 	 2470 	 0.856724 	 0.00377811	0.00789316
2575 	 2475 	 0.856729 	 0.00378008	0.00789728
2575 	 2480 	 0.856733 	 0.00378205	0.00790139
2575 	 2485 	 0.856737 	 0.00378401	0.00790549
2575 	 2490 	 0.856742 	 0.00378597	0.00790958
2575 	 2495 	 0.856746 	 0.00378792	0.00791366
2575 	 2500 	 0.856751 	 0.00378987	0.00791773
2575 	 2505 	 0.856755 	 0.00379181	0.00792179
2575 	 2510 	 0.856759 	 0.00379375	0.00792584
2575 	 2515 	 0.856764 	 0.00379568	0.00792987
2575 	 2520 	 0.856768 	 0.00379761	0.0079339
2575 	 2525 	 0.856772 	 0.00379953	0.00793792
2575 	 2530 	 0.856777 	 0.00380145	0.00794192
2575 	 2535 	 0.856781 	 0.00380336	0.00794592
2575 	 2540 	 0.856785 	 0.00380527	0.0079499
2575 	 2545 	 0.856789 	 0.00380717	0.00795388
2575 	 2550 	 0.856794 	 0.00380907	0.00795784
2575 	 2555 	 0.856798 	 0.00381096	0.0079618
2575 	 2560 	 0.856802 	 0.00381285	0.00796574
2575 	 2565 	 0.856806 	 0.00381473	0.00796968
2575 	 2570 	 0.85681 	 0.00381661	0.0079736
2575 	 2575 	 0.856814 	 0.00381849	0.00797751
2575 	 2580 	 0.856819 	 0.00382036	0.00798142
2575 	 2585 	 0.856823 	 0.00382222	0.00798531
2575 	 2590 	 0.856827 	 0.00382408	0.0079892
2575 	 2595 	 0.856831 	 0.00382593	0.00799307
2575 	 2600 	 0.856835 	 0.00382778	0.00799694
2575 	 2605 	 0.856839 	 0.00382963	0.00800079
2575 	 2610 	 0.856843 	 0.00383147	0.00800464
2575 	 2615 	 0.856847 	 0.00383331	0.00800847
2575 	 2620 	 0.856851 	 0.00383514	0.0080123
2575 	 2625 	 0.856855 	 0.00383696	0.00801612
2575 	 2630 	 0.856859 	 0.00383879	0.00801992
2575 	 2635 	 0.856863 	 0.0038406	0.00802372
2575 	 2640 	 0.856867 	 0.00384242	0.00802751
2575 	 2645 	 0.856871 	 0.00384423	0.00803129
2575 	 2650 	 0.856875 	 0.00384603	0.00803506
2575 	 2655 	 0.856879 	 0.00384783	0.00803882
2575 	 2660 	 0.856883 	 0.00384962	0.00804257
2575 	 2665 	 0.856887 	 0.00385142	0.00804631
2575 	 2670 	 0.85689 	 0.0038532	0.00805004
2575 	 2675 	 0.856894 	 0.00385498	0.00805376
2575 	 2680 	 0.856898 	 0.00385676	0.00805748
2575 	 2685 	 0.856902 	 0.00385853	0.00806118
2575 	 2690 	 0.856906 	 0.0038603	0.00806488
2575 	 2695 	 0.85691 	 0.00386207	0.00806856
2575 	 2700 	 0.856913 	 0.00386383	0.00807224
2575 	 2705 	 0.856917 	 0.00386558	0.00807591
2575 	 2710 	 0.856921 	 0.00386733	0.00807957
2575 	 2715 	 0.856925 	 0.00386908	0.00808322
2575 	 2720 	 0.856929 	 0.00387082	0.00808686
2575 	 2725 	 0.856932 	 0.00387256	0.00809049
2575 	 2730 	 0.856936 	 0.0038743	0.00809411
2575 	 2735 	 0.85694 	 0.00387603	0.00809773
2575 	 2740 	 0.856943 	 0.00387775	0.00810133
2575 	 2745 	 0.856947 	 0.00387947	0.00810493
2575 	 2750 	 0.856951 	 0.00388119	0.00810852
2575 	 2755 	 0.856954 	 0.00388291	0.0081121
2575 	 2760 	 0.856958 	 0.00388462	0.00811567
2575 	 2765 	 0.856962 	 0.00388632	0.00811923
2575 	 2770 	 0.856965 	 0.00388802	0.00812279
2575 	 2775 	 0.856969 	 0.00388972	0.00812633
2575 	 2780 	 0.856972 	 0.00389141	0.00812987
2575 	 2785 	 0.856976 	 0.0038931	0.0081334
2575 	 2790 	 0.85698 	 0.00389478	0.00813692
2575 	 2795 	 0.856983 	 0.00389647	0.00814043
2575 	 2800 	 0.856987 	 0.00389814	0.00814393
2575 	 2805 	 0.85699 	 0.00389982	0.00814742
2575 	 2810 	 0.856994 	 0.00390148	0.00815091
2575 	 2815 	 0.856997 	 0.00390315	0.00815439
2575 	 2820 	 0.857001 	 0.00390481	0.00815786
2575 	 2825 	 0.857004 	 0.00390647	0.00816132
2575 	 2830 	 0.857008 	 0.00390812	0.00816477
2575 	 2835 	 0.857011 	 0.00390977	0.00816822
2575 	 2840 	 0.857015 	 0.00391141	0.00817166
2575 	 2845 	 0.857018 	 0.00391305	0.00817508
2575 	 2850 	 0.857022 	 0.00391469	0.00817851
2575 	 2855 	 0.857025 	 0.00391633	0.00818192
2575 	 2860 	 0.857028 	 0.00391796	0.00818532
2575 	 2865 	 0.857032 	 0.00391958	0.00818872
2575 	 2870 	 0.857035 	 0.0039212	0.00819211
2575 	 2875 	 0.857039 	 0.00392282	0.00819549
2575 	 2880 	 0.857042 	 0.00392444	0.00819886
2575 	 2885 	 0.857045 	 0.00392605	0.00820223
2575 	 2890 	 0.857049 	 0.00392765	0.00820559
2575 	 2895 	 0.857052 	 0.00392926	0.00820894
2575 	 2900 	 0.857055 	 0.00393086	0.00821228
2575 	 2905 	 0.857059 	 0.00393245	0.00821561
2575 	 2910 	 0.857062 	 0.00393405	0.00821894
2575 	 2915 	 0.857065 	 0.00393563	0.00822226
2575 	 2920 	 0.857069 	 0.00393722	0.00822557
2575 	 2925 	 0.857072 	 0.0039388	0.00822887
2575 	 2930 	 0.857075 	 0.00394038	0.00823217
2575 	 2935 	 0.857078 	 0.00394195	0.00823545
2575 	 2940 	 0.857082 	 0.00394352	0.00823874
2575 	 2945 	 0.857085 	 0.00394509	0.00824201
2575 	 2950 	 0.857088 	 0.00394665	0.00824527
2575 	 2955 	 0.857091 	 0.00394821	0.00824853
2575 	 2960 	 0.857094 	 0.00394977	0.00825178
2575 	 2965 	 0.857098 	 0.00395132	0.00825503
2575 	 2970 	 0.857101 	 0.00395287	0.00825826
2575 	 2975 	 0.857104 	 0.00395441	0.00826149
2575 	 2980 	 0.857107 	 0.00395596	0.00826471
2575 	 2985 	 0.85711 	 0.00395749	0.00826793
2575 	 2990 	 0.857113 	 0.00395903	0.00827113
2575 	 2995 	 0.857117 	 0.00396056	0.00827433
2575 	 3000 	 0.85712 	 0.00396209	0.00827752
2575 	 3005 	 0.857123 	 0.00396361	0.00828071
2575 	 3010 	 0.857126 	 0.00396513	0.00828389
2575 	 3015 	 0.857129 	 0.00396665	0.00828706
2575 	 3020 	 0.857132 	 0.00396817	0.00829022
2575 	 3025 	 0.857135 	 0.00396968	0.00829338
2575 	 3030 	 0.857138 	 0.00397118	0.00829653
2575 	 3035 	 0.857141 	 0.00397269	0.00829967
2575 	 3040 	 0.857144 	 0.00397419	0.0083028
2575 	 3045 	 0.857147 	 0.00397569	0.00830593
2575 	 3050 	 0.85715 	 0.00397718	0.00830905
2575 	 3055 	 0.857154 	 0.00397867	0.00831217
2575 	 3060 	 0.857157 	 0.00398016	0.00831527
2575 	 3065 	 0.85716 	 0.00398164	0.00831837
2575 	 3070 	 0.857163 	 0.00398312	0.00832147
2575 	 3075 	 0.857165 	 0.0039846	0.00832456
2575 	 3080 	 0.857168 	 0.00398607	0.00832764
2575 	 3085 	 0.857171 	 0.00398755	0.00833071
2575 	 3090 	 0.857174 	 0.00398901	0.00833377
2575 	 3095 	 0.857177 	 0.00399048	0.00833683
2575 	 3100 	 0.85718 	 0.00399194	0.00833989
2575 	 3105 	 0.857183 	 0.0039934	0.00834293
2575 	 3110 	 0.857186 	 0.00399485	0.00834597
2575 	 3115 	 0.857189 	 0.0039963	0.00834901
2575 	 3120 	 0.857192 	 0.00399775	0.00835203
2575 	 3125 	 0.857195 	 0.0039992	0.00835505
2575 	 3130 	 0.857198 	 0.00400064	0.00835806
2575 	 3135 	 0.857201 	 0.00400208	0.00836107
2575 	 3140 	 0.857203 	 0.00400351	0.00836407
2575 	 3145 	 0.857206 	 0.00400495	0.00836706
2575 	 3150 	 0.857209 	 0.00400638	0.00837005
2575 	 3155 	 0.857212 	 0.0040078	0.00837303
2575 	 3160 	 0.857215 	 0.00400923	0.008376
2575 	 3165 	 0.857218 	 0.00401065	0.00837897
2575 	 3170 	 0.857221 	 0.00401206	0.00838193
2575 	 3175 	 0.857223 	 0.00401348	0.00838489
2575 	 3180 	 0.857226 	 0.00401489	0.00838784
2575 	 3185 	 0.857229 	 0.0040163	0.00839078
2575 	 3190 	 0.857232 	 0.0040177	0.00839371
2575 	 3195 	 0.857235 	 0.00401911	0.00839664
2575 	 3200 	 0.857237 	 0.0040205	0.00839957
2575 	 3205 	 0.85724 	 0.0040219	0.00840248
2575 	 3210 	 0.857243 	 0.00402329	0.00840539
2575 	 3215 	 0.857246 	 0.00402468	0.0084083
2575 	 3220 	 0.857248 	 0.00402607	0.0084112
2575 	 3225 	 0.857251 	 0.00402746	0.00841409
2575 	 3230 	 0.857254 	 0.00402884	0.00841697
2575 	 3235 	 0.857256 	 0.00403021	0.00841985
2575 	 3240 	 0.857259 	 0.00403159	0.00842273
2575 	 3245 	 0.857262 	 0.00403296	0.00842559
2575 	 3250 	 0.857265 	 0.00403433	0.00842846
2575 	 3255 	 0.857267 	 0.0040357	0.00843131
2575 	 3260 	 0.85727 	 0.00403706	0.00843416
2575 	 3265 	 0.857273 	 0.00403842	0.008437
2575 	 3270 	 0.857275 	 0.00403978	0.00843984
2575 	 3275 	 0.857278 	 0.00404114	0.00844267
2575 	 3280 	 0.857281 	 0.00404249	0.0084455
2575 	 3285 	 0.857283 	 0.00404384	0.00844832
2575 	 3290 	 0.857286 	 0.00404519	0.00845113
2575 	 3295 	 0.857289 	 0.00404653	0.00845394
2575 	 3300 	 0.857291 	 0.00404787	0.00845674
2575 	 3305 	 0.857294 	 0.00404921	0.00845954
2575 	 3310 	 0.857296 	 0.00405055	0.00846233
2575 	 3315 	 0.857299 	 0.00405188	0.00846511
2575 	 3320 	 0.857302 	 0.00405321	0.00846789
2575 	 3325 	 0.857304 	 0.00405454	0.00847066
2575 	 3330 	 0.857307 	 0.00405586	0.00847343
2575 	 3335 	 0.857309 	 0.00405718	0.00847619
2575 	 3340 	 0.857312 	 0.0040585	0.00847895
2575 	 3345 	 0.857314 	 0.00405982	0.0084817
2575 	 3350 	 0.857317 	 0.00406113	0.00848444
2575 	 3355 	 0.857319 	 0.00406244	0.00848718
2575 	 3360 	 0.857322 	 0.00406375	0.00848991
2575 	 3365 	 0.857325 	 0.00406505	0.00849264
2575 	 3370 	 0.857327 	 0.00406636	0.00849536
2575 	 3375 	 0.85733 	 0.00406766	0.00849808
2575 	 3380 	 0.857332 	 0.00406895	0.00850079
2575 	 3385 	 0.857335 	 0.00407025	0.00850349
2575 	 3390 	 0.857337 	 0.00407154	0.00850619
2575 	 3395 	 0.85734 	 0.00407283	0.00850889
2575 	 3400 	 0.857342 	 0.00407412	0.00851157
2575 	 3405 	 0.857344 	 0.0040754	0.00851426
2575 	 3410 	 0.857347 	 0.00407668	0.00851694
2575 	 3415 	 0.857349 	 0.00407796	0.00851961
2575 	 3420 	 0.857352 	 0.00407924	0.00852227
2575 	 3425 	 0.857354 	 0.00408051	0.00852494
2575 	 3430 	 0.857357 	 0.00408178	0.00852759
2575 	 3435 	 0.857359 	 0.00408305	0.00853024
2575 	 3440 	 0.857362 	 0.00408432	0.00853289
2575 	 3445 	 0.857364 	 0.00408558	0.00853553
2575 	 3450 	 0.857366 	 0.00408684	0.00853816
2575 	 3455 	 0.857369 	 0.0040881	0.00854079
2575 	 3460 	 0.857371 	 0.00408936	0.00854342
2575 	 3465 	 0.857374 	 0.00409061	0.00854603
2575 	 3470 	 0.857376 	 0.00409186	0.00854865
2575 	 3475 	 0.857378 	 0.00409311	0.00855126
2575 	 3480 	 0.857381 	 0.00409436	0.00855386
2575 	 3485 	 0.857383 	 0.0040956	0.00855646
2575 	 3490 	 0.857386 	 0.00409684	0.00855905
2575 	 3495 	 0.857388 	 0.00409808	0.00856164
2575 	 3500 	 0.85739 	 0.00409932	0.00856422
2575 	 3505 	 0.857393 	 0.00410055	0.0085668
2575 	 3510 	 0.857395 	 0.00410178	0.00856937
2575 	 3515 	 0.857397 	 0.00410301	0.00857194
2575 	 3520 	 0.8574 	 0.00410424	0.0085745
2575 	 3525 	 0.857402 	 0.00410546	0.00857705
2575 	 3530 	 0.857404 	 0.00410668	0.00857961
2575 	 3535 	 0.857407 	 0.0041079	0.00858215
2575 	 3540 	 0.857409 	 0.00410912	0.00858469
2575 	 3545 	 0.857411 	 0.00411033	0.00858723
2575 	 3550 	 0.857413 	 0.00411154	0.00858976
2575 	 3555 	 0.857416 	 0.00411275	0.00859229
2575 	 3560 	 0.857418 	 0.00411396	0.00859481
2575 	 3565 	 0.85742 	 0.00411516	0.00859733
2575 	 3570 	 0.857422 	 0.00411637	0.00859984
2575 	 3575 	 0.857425 	 0.00411757	0.00860235
2575 	 3580 	 0.857427 	 0.00411876	0.00860485
2575 	 3585 	 0.857429 	 0.00411996	0.00860735
2575 	 3590 	 0.857431 	 0.00412115	0.00860984
2575 	 3595 	 0.857434 	 0.00412234	0.00861233
2575 	 3600 	 0.857436 	 0.00412353	0.00861481
2575 	 3605 	 0.857438 	 0.00412472	0.00861729
2575 	 3610 	 0.85744 	 0.0041259	0.00861976
2575 	 3615 	 0.857443 	 0.00412708	0.00862223
2575 	 3620 	 0.857445 	 0.00412826	0.00862469
2575 	 3625 	 0.857447 	 0.00412944	0.00862715
2575 	 3630 	 0.857449 	 0.00413061	0.0086296
2575 	 3635 	 0.857451 	 0.00413179	0.00863205
2575 	 3640 	 0.857454 	 0.00413296	0.0086345
2575 	 3645 	 0.857456 	 0.00413412	0.00863694
2575 	 3650 	 0.857458 	 0.00413529	0.00863937
2575 	 3655 	 0.85746 	 0.00413645	0.0086418
2575 	 3660 	 0.857462 	 0.00413761	0.00864423
2575 	 3665 	 0.857464 	 0.00413877	0.00864665
2575 	 3670 	 0.857467 	 0.00413993	0.00864907
2575 	 3675 	 0.857469 	 0.00414108	0.00865148
2575 	 3680 	 0.857471 	 0.00414224	0.00865389
2575 	 3685 	 0.857473 	 0.00414339	0.00865629
2575 	 3690 	 0.857475 	 0.00414453	0.00865869
2575 	 3695 	 0.857477 	 0.00414568	0.00866108
2575 	 3700 	 0.857479 	 0.00414682	0.00866347
2575 	 3705 	 0.857481 	 0.00414797	0.00866586
2575 	 3710 	 0.857484 	 0.0041491	0.00866824
2575 	 3715 	 0.857486 	 0.00415024	0.00867061
2575 	 3720 	 0.857488 	 0.00415138	0.00867298
2575 	 3725 	 0.85749 	 0.00415251	0.00867535
2575 	 3730 	 0.857492 	 0.00415364	0.00867771
2575 	 3735 	 0.857494 	 0.00415477	0.00868007
2575 	 3740 	 0.857496 	 0.0041559	0.00868242
2575 	 3745 	 0.857498 	 0.00415702	0.00868477
2575 	 3750 	 0.8575 	 0.00415814	0.00868712
2575 	 3755 	 0.857502 	 0.00415926	0.00868946
2575 	 3760 	 0.857504 	 0.00416038	0.00869179
2575 	 3765 	 0.857506 	 0.0041615	0.00869412
2575 	 3770 	 0.857509 	 0.00416261	0.00869645
2575 	 3775 	 0.857511 	 0.00416372	0.00869877
2575 	 3780 	 0.857513 	 0.00416483	0.00870109
2575 	 3785 	 0.857515 	 0.00416594	0.0087034
2575 	 3790 	 0.857517 	 0.00416704	0.00870571
2575 	 3795 	 0.857519 	 0.00416815	0.00870802
2575 	 3800 	 0.857521 	 0.00416925	0.00871032
2575 	 3805 	 0.857523 	 0.00417035	0.00871262
2575 	 3810 	 0.857525 	 0.00417145	0.00871491
2575 	 3815 	 0.857527 	 0.00417254	0.0087172
2575 	 3820 	 0.857529 	 0.00417363	0.00871948
2575 	 3825 	 0.857531 	 0.00417473	0.00872176
2575 	 3830 	 0.857533 	 0.00417581	0.00872404
2575 	 3835 	 0.857535 	 0.0041769	0.00872631
2575 	 3840 	 0.857537 	 0.00417799	0.00872858
2575 	 3845 	 0.857539 	 0.00417907	0.00873084
2575 	 3850 	 0.857541 	 0.00418015	0.0087331
2575 	 3855 	 0.857543 	 0.00418123	0.00873535
2575 	 3860 	 0.857545 	 0.00418231	0.0087376
2575 	 3865 	 0.857546 	 0.00418338	0.00873985
2575 	 3870 	 0.857548 	 0.00418446	0.00874209
2575 	 3875 	 0.85755 	 0.00418553	0.00874433
2575 	 3880 	 0.857552 	 0.0041866	0.00874657
2575 	 3885 	 0.857554 	 0.00418767	0.0087488
2575 	 3890 	 0.857556 	 0.00418873	0.00875102
2575 	 3895 	 0.857558 	 0.0041898	0.00875325
2575 	 3900 	 0.85756 	 0.00419086	0.00875546
2575 	 3905 	 0.857562 	 0.00419192	0.00875768
2575 	 3910 	 0.857564 	 0.00419297	0.00875989
2575 	 3915 	 0.857566 	 0.00419403	0.00876209
2575 	 3920 	 0.857568 	 0.00419508	0.0087643
2575 	 3925 	 0.85757 	 0.00419614	0.00876649
2575 	 3930 	 0.857572 	 0.00419719	0.00876869
2575 	 3935 	 0.857573 	 0.00419824	0.00877088
2575 	 3940 	 0.857575 	 0.00419928	0.00877307
2575 	 3945 	 0.857577 	 0.00420033	0.00877525
2575 	 3950 	 0.857579 	 0.00420137	0.00877743
2575 	 3955 	 0.857581 	 0.00420241	0.0087796
2575 	 3960 	 0.857583 	 0.00420345	0.00878177
2575 	 3965 	 0.857585 	 0.00420449	0.00878394
2575 	 3970 	 0.857587 	 0.00420552	0.0087861
2575 	 3975 	 0.857588 	 0.00420656	0.00878826
2575 	 3980 	 0.85759 	 0.00420759	0.00879042
2575 	 3985 	 0.857592 	 0.00420862	0.00879257
2575 	 3990 	 0.857594 	 0.00420964	0.00879471
2575 	 3995 	 0.857596 	 0.00421067	0.00879686
2575 	 4000 	 0.857598 	 0.00421169	0.008799
2575 	 4005 	 0.857599 	 0.00421272	0.00880113
2575 	 4010 	 0.857601 	 0.00421374	0.00880327
2575 	 4015 	 0.857603 	 0.00421476	0.00880539
2575 	 4020 	 0.857605 	 0.00421577	0.00880752
2575 	 4025 	 0.857607 	 0.00421679	0.00880964
2575 	 4030 	 0.857609 	 0.0042178	0.00881176
2575 	 4035 	 0.85761 	 0.00421881	0.00881387
2575 	 4040 	 0.857612 	 0.00421982	0.00881598
2575 	 4045 	 0.857614 	 0.00422083	0.00881809
2575 	 4050 	 0.857616 	 0.00422184	0.00882019
2575 	 4055 	 0.857618 	 0.00422284	0.00882229
2575 	 4060 	 0.857619 	 0.00422385	0.00882438
2575 	 4065 	 0.857621 	 0.00422485	0.00882647
2575 	 4070 	 0.857623 	 0.00422585	0.00882856
2575 	 4075 	 0.857625 	 0.00422684	0.00883065
2575 	 4080 	 0.857626 	 0.00422784	0.00883273
2575 	 4085 	 0.857628 	 0.00422883	0.0088348
2575 	 4090 	 0.85763 	 0.00422983	0.00883688
2575 	 4095 	 0.857632 	 0.00423082	0.00883895
2575 	 4100 	 0.857633 	 0.00423181	0.00884101
2575 	 4105 	 0.857635 	 0.00423279	0.00884308
2575 	 4110 	 0.857637 	 0.00423378	0.00884513
2575 	 4115 	 0.857639 	 0.00423476	0.00884719
2575 	 4120 	 0.85764 	 0.00423574	0.00884924
2575 	 4125 	 0.857642 	 0.00423672	0.00885129
2575 	 4130 	 0.857644 	 0.0042377	0.00885333
2575 	 4135 	 0.857646 	 0.00423868	0.00885538
2575 	 4140 	 0.857647 	 0.00423966	0.00885741
2575 	 4145 	 0.857649 	 0.00424063	0.00885945
2575 	 4150 	 0.857651 	 0.0042416	0.00886148
2575 	 4155 	 0.857652 	 0.00424257	0.0088635
2575 	 4160 	 0.857654 	 0.00424354	0.00886553
2575 	 4165 	 0.857656 	 0.00424451	0.00886755
2575 	 4170 	 0.857658 	 0.00424547	0.00886956
2575 	 4175 	 0.857659 	 0.00424644	0.00887158
2575 	 4180 	 0.857661 	 0.0042474	0.00887359
2575 	 4185 	 0.857663 	 0.00424836	0.00887559
2575 	 4190 	 0.857664 	 0.00424932	0.0088776
2575 	 4195 	 0.857666 	 0.00425027	0.0088796
2575 	 4200 	 0.857668 	 0.00425123	0.00888159
2575 	 4205 	 0.857669 	 0.00425218	0.00888359
2575 	 4210 	 0.857671 	 0.00425314	0.00888557
2575 	 4215 	 0.857673 	 0.00425409	0.00888756
2575 	 4220 	 0.857674 	 0.00425504	0.00888954
2575 	 4225 	 0.857676 	 0.00425598	0.00889152
2575 	 4230 	 0.857678 	 0.00425693	0.0088935
2575 	 4235 	 0.857679 	 0.00425787	0.00889547
2575 	 4240 	 0.857681 	 0.00425881	0.00889744
2575 	 4245 	 0.857683 	 0.00425976	0.00889941
2575 	 4250 	 0.857684 	 0.0042607	0.00890137
2575 	 4255 	 0.857686 	 0.00426163	0.00890333
2575 	 4260 	 0.857688 	 0.00426257	0.00890528
2575 	 4265 	 0.857689 	 0.0042635	0.00890724
2575 	 4270 	 0.857691 	 0.00426444	0.00890919
2575 	 4275 	 0.857692 	 0.00426537	0.00891113
2575 	 4280 	 0.857694 	 0.0042663	0.00891308
2575 	 4285 	 0.857696 	 0.00426723	0.00891502
2575 	 4290 	 0.857697 	 0.00426815	0.00891695
2575 	 4295 	 0.857699 	 0.00426908	0.00891888
2575 	 4300 	 0.857701 	 0.00427	0.00892081
2575 	 4305 	 0.857702 	 0.00427093	0.00892274
2575 	 4310 	 0.857704 	 0.00427185	0.00892467
2575 	 4315 	 0.857705 	 0.00427277	0.00892659
2575 	 4320 	 0.857707 	 0.00427368	0.0089285
2575 	 4325 	 0.857708 	 0.0042746	0.00893042
2575 	 4330 	 0.85771 	 0.00427551	0.00893233
2575 	 4335 	 0.857712 	 0.00427643	0.00893424
2575 	 4340 	 0.857713 	 0.00427734	0.00893614
2575 	 4345 	 0.857715 	 0.00427825	0.00893804
2575 	 4350 	 0.857716 	 0.00427916	0.00893994
2575 	 4355 	 0.857718 	 0.00428006	0.00894183
2575 	 4360 	 0.85772 	 0.00428097	0.00894373
2575 	 4365 	 0.857721 	 0.00428187	0.00894561
2575 	 4370 	 0.857723 	 0.00428278	0.0089475
2575 	 4375 	 0.857724 	 0.00428368	0.00894938
2575 	 4380 	 0.857726 	 0.00428458	0.00895126
2575 	 4385 	 0.857727 	 0.00428548	0.00895314
2575 	 4390 	 0.857729 	 0.00428637	0.00895501
2575 	 4395 	 0.85773 	 0.00428727	0.00895688
2575 	 4400 	 0.857732 	 0.00428816	0.00895875
2575 	 4405 	 0.857733 	 0.00428905	0.00896061
2575 	 4410 	 0.857735 	 0.00428994	0.00896248
2575 	 4415 	 0.857737 	 0.00429083	0.00896433
2575 	 4420 	 0.857738 	 0.00429172	0.00896619
2575 	 4425 	 0.85774 	 0.00429261	0.00896804
2575 	 4430 	 0.857741 	 0.00429349	0.00896989
2575 	 4435 	 0.857743 	 0.00429438	0.00897174
2575 	 4440 	 0.857744 	 0.00429526	0.00897358
2575 	 4445 	 0.857746 	 0.00429614	0.00897542
2575 	 4450 	 0.857747 	 0.00429702	0.00897726
2575 	 4455 	 0.857749 	 0.0042979	0.00897909
2575 	 4460 	 0.85775 	 0.00429877	0.00898092
2575 	 4465 	 0.857752 	 0.00429965	0.00898275
2575 	 4470 	 0.857753 	 0.00430052	0.00898458
2575 	 4475 	 0.857755 	 0.0043014	0.0089864
2575 	 4480 	 0.857756 	 0.00430227	0.00898822
2575 	 4485 	 0.857758 	 0.00430314	0.00899003
2575 	 4490 	 0.857759 	 0.004304	0.00899185
2575 	 4495 	 0.857761 	 0.00430487	0.00899366
2575 	 4500 	 0.857762 	 0.00430574	0.00899547
2575 	 4505 	 0.857764 	 0.0043066	0.00899727
2575 	 4510 	 0.857765 	 0.00430746	0.00899907
2575 	 4515 	 0.857766 	 0.00430832	0.00900087
2575 	 4520 	 0.857768 	 0.00430918	0.00900267
2575 	 4525 	 0.857769 	 0.00431004	0.00900446
2575 	 4530 	 0.857771 	 0.0043109	0.00900625
2575 	 4535 	 0.857772 	 0.00431175	0.00900804
2575 	 4540 	 0.857774 	 0.00431261	0.00900982
2575 	 4545 	 0.857775 	 0.00431346	0.00901161
2575 	 4550 	 0.857777 	 0.00431431	0.00901339
2575 	 4555 	 0.857778 	 0.00431516	0.00901516
2575 	 4560 	 0.85778 	 0.00431601	0.00901694
2575 	 4565 	 0.857781 	 0.00431686	0.00901871
2575 	 4570 	 0.857782 	 0.00431771	0.00902047
2575 	 4575 	 0.857784 	 0.00431855	0.00902224
2575 	 4580 	 0.857785 	 0.00431939	0.009024
2575 	 4585 	 0.857787 	 0.00432024	0.00902576
2575 	 4590 	 0.857788 	 0.00432108	0.00902752
2575 	 4595 	 0.85779 	 0.00432192	0.00902927
2575 	 4600 	 0.857791 	 0.00432276	0.00903102
2575 	 4605 	 0.857792 	 0.00432359	0.00903277
2575 	 4610 	 0.857794 	 0.00432443	0.00903452
2575 	 4615 	 0.857795 	 0.00432526	0.00903626
2575 	 4620 	 0.857797 	 0.0043261	0.009038
2575 	 4625 	 0.857798 	 0.00432693	0.00903974
2575 	 4630 	 0.857799 	 0.00432776	0.00904147
2575 	 4635 	 0.857801 	 0.00432859	0.00904321
2575 	 4640 	 0.857802 	 0.00432941	0.00904494
2575 	 4645 	 0.857804 	 0.00433024	0.00904666
2575 	 4650 	 0.857805 	 0.00433107	0.00904839
2575 	 4655 	 0.857806 	 0.00433189	0.00905011
2575 	 4660 	 0.857808 	 0.00433271	0.00905183
2575 	 4665 	 0.857809 	 0.00433353	0.00905354
2575 	 4670 	 0.857811 	 0.00433435	0.00905526
2575 	 4675 	 0.857812 	 0.00433517	0.00905697
2575 	 4680 	 0.857813 	 0.00433599	0.00905868
2575 	 4685 	 0.857815 	 0.00433681	0.00906038
2575 	 4690 	 0.857816 	 0.00433762	0.00906208
2575 	 4695 	 0.857817 	 0.00433844	0.00906378
2575 	 4700 	 0.857819 	 0.00433925	0.00906548
2575 	 4705 	 0.85782 	 0.00434006	0.00906718
2575 	 4710 	 0.857821 	 0.00434087	0.00906887
2575 	 4715 	 0.857823 	 0.00434168	0.00907056
2575 	 4720 	 0.857824 	 0.00434249	0.00907225
2575 	 4725 	 0.857826 	 0.00434329	0.00907393
2575 	 4730 	 0.857827 	 0.0043441	0.00907561
2575 	 4735 	 0.857828 	 0.0043449	0.00907729
2575 	 4740 	 0.85783 	 0.0043457	0.00907897
2575 	 4745 	 0.857831 	 0.00434651	0.00908064
2575 	 4750 	 0.857832 	 0.00434731	0.00908231
2575 	 4755 	 0.857834 	 0.00434811	0.00908398
2575 	 4760 	 0.857835 	 0.0043489	0.00908565
2575 	 4765 	 0.857836 	 0.0043497	0.00908731
2575 	 4770 	 0.857838 	 0.00435049	0.00908898
2575 	 4775 	 0.857839 	 0.00435129	0.00909064
2575 	 4780 	 0.85784 	 0.00435208	0.00909229
2575 	 4785 	 0.857842 	 0.00435287	0.00909395
2575 	 4790 	 0.857843 	 0.00435366	0.0090956
2575 	 4795 	 0.857844 	 0.00435445	0.00909725
2575 	 4800 	 0.857845 	 0.00435524	0.00909889
2575 	 4805 	 0.857847 	 0.00435603	0.00910054
2575 	 4810 	 0.857848 	 0.00435681	0.00910218
2575 	 4815 	 0.857849 	 0.0043576	0.00910382
2575 	 4820 	 0.857851 	 0.00435838	0.00910545
2575 	 4825 	 0.857852 	 0.00435916	0.00910709
2575 	 4830 	 0.857853 	 0.00435994	0.00910872
2575 	 4835 	 0.857855 	 0.00436072	0.00911035
2575 	 4840 	 0.857856 	 0.0043615	0.00911198
2575 	 4845 	 0.857857 	 0.00436228	0.0091136
2575 	 4850 	 0.857858 	 0.00436306	0.00911522
2575 	 4855 	 0.85786 	 0.00436383	0.00911684
2575 	 4860 	 0.857861 	 0.00436461	0.00911846
2575 	 4865 	 0.857862 	 0.00436538	0.00912007
2575 	 4870 	 0.857864 	 0.00436615	0.00912168
2575 	 4875 	 0.857865 	 0.00436692	0.00912329
2575 	 4880 	 0.857866 	 0.00436769	0.0091249
2575 	 4885 	 0.857867 	 0.00436846	0.00912651
2575 	 4890 	 0.857869 	 0.00436923	0.00912811
2575 	 4895 	 0.85787 	 0.00436999	0.00912971
2575 	 4900 	 0.857871 	 0.00437076	0.00913131
2575 	 4905 	 0.857872 	 0.00437152	0.0091329
2575 	 4910 	 0.857874 	 0.00437228	0.0091345
2575 	 4915 	 0.857875 	 0.00437304	0.00913609
2575 	 4920 	 0.857876 	 0.0043738	0.00913768
2575 	 4925 	 0.857877 	 0.00437456	0.00913926
2575 	 4930 	 0.857879 	 0.00437532	0.00914084
2575 	 4935 	 0.85788 	 0.00437608	0.00914243
2575 	 4940 	 0.857881 	 0.00437683	0.00914401
2575 	 4945 	 0.857882 	 0.00437759	0.00914558
2575 	 4950 	 0.857884 	 0.00437834	0.00914716
2575 	 4955 	 0.857885 	 0.0043791	0.00914873
2575 	 4960 	 0.857886 	 0.00437985	0.0091503
2575 	 4965 	 0.857887 	 0.0043806	0.00915187
2575 	 4970 	 0.857889 	 0.00438135	0.00915343
2575 	 4975 	 0.85789 	 0.00438209	0.00915499
2575 	 4980 	 0.857891 	 0.00438284	0.00915655
2575 	 4985 	 0.857892 	 0.00438359	0.00915811
2575 	 4990 	 0.857893 	 0.00438433	0.00915967
2575 	 4995 	 0.857895 	 0.00438508	0.00916122
2575 	 5000 	 0.857896 	 0.00438582	0.00916277
