3120 	 5 	 0.729004 	 0.00670965	0.0140177
3120 	 10 	 0.729605 	 0.006317	0.0131974
3120 	 15 	 0.730743 	 0.00570605	0.011921
3120 	 20 	 0.732855 	 0.00484882	0.0101301
3120 	 25 	 0.736649 	 0.00388652	0.00811966
3120 	 30 	 0.743074 	 0.00326935	0.00683026
3120 	 35 	 0.752943 	 0.00315484	0.00659105
3120 	 40 	 0.766035 	 0.00280601	0.00586226
3120 	 45 	 0.781406 	 0.0030691	0.00641191
3120 	 50 	 0.79559 	 0.00302035	0.00631007
3120 	 55 	 0.806287 	 0.0027518	0.005749
3120 	 60 	 0.813505 	 0.00237562	0.00496311
3120 	 65 	 0.818132 	 0.00215673	0.00450581
3120 	 70 	 0.821111 	 0.00213458	0.00445954
3120 	 75 	 0.823128 	 0.00219504	0.00458585
3120 	 80 	 0.824601 	 0.00225993	0.0047214
3120 	 85 	 0.825767 	 0.00230853	0.00482293
3120 	 90 	 0.826757 	 0.00234297	0.0048949
3120 	 95 	 0.82764 	 0.00236891	0.00494908
3120 	 100 	 0.828453 	 0.00239006	0.00499328
3120 	 105 	 0.829216 	 0.00240804	0.00503083
3120 	 110 	 0.829939 	 0.00242318	0.00506246
3120 	 115 	 0.83063 	 0.00243535	0.00508789
3120 	 120 	 0.831292 	 0.00244434	0.00510666
3120 	 125 	 0.831927 	 0.00245003	0.00511856
3120 	 130 	 0.832538 	 0.00245247	0.00512365
3120 	 135 	 0.833126 	 0.00245182	0.00512229
3120 	 140 	 0.833691 	 0.00244834	0.00511502
3120 	 145 	 0.834236 	 0.00244235	0.00510251
3120 	 150 	 0.834761 	 0.00243419	0.00508546
3120 	 155 	 0.835266 	 0.00242421	0.00506462
3120 	 160 	 0.835754 	 0.00241275	0.00504068
3120 	 165 	 0.836224 	 0.00240013	0.00501431
3120 	 170 	 0.836677 	 0.00238664	0.00498612
3120 	 175 	 0.837115 	 0.00237253	0.00495665
3120 	 180 	 0.837537 	 0.00235805	0.00492639
3120 	 185 	 0.837945 	 0.00234339	0.00489577
3120 	 190 	 0.838339 	 0.00232874	0.00486516
3120 	 195 	 0.83872 	 0.00231423	0.00483485
3120 	 200 	 0.839088 	 0.00230001	0.00480513
3120 	 205 	 0.839444 	 0.00228616	0.0047762
3120 	 210 	 0.839788 	 0.00227278	0.00474825
3120 	 215 	 0.840121 	 0.00225993	0.00472141
3120 	 220 	 0.840444 	 0.00224768	0.00469581
3120 	 225 	 0.840756 	 0.00223605	0.00467152
3120 	 230 	 0.841059 	 0.00222508	0.00464861
3120 	 235 	 0.841352 	 0.0022148	0.00462711
3120 	 240 	 0.841637 	 0.0022052	0.00460706
3120 	 245 	 0.841913 	 0.0021963	0.00458846
3120 	 250 	 0.84218 	 0.00218809	0.00457131
3120 	 255 	 0.84244 	 0.00218057	0.0045556
3120 	 260 	 0.842692 	 0.00217373	0.00454131
3120 	 265 	 0.842937 	 0.00216755	0.00452841
3120 	 270 	 0.843175 	 0.00216202	0.00451686
3120 	 275 	 0.843407 	 0.00215713	0.00450664
3120 	 280 	 0.843632 	 0.00215285	0.00449769
3120 	 285 	 0.84385 	 0.00214916	0.00448998
3120 	 290 	 0.844063 	 0.00214604	0.00448347
3120 	 295 	 0.84427 	 0.00214347	0.0044781
3120 	 300 	 0.844472 	 0.00214143	0.00447384
3120 	 305 	 0.844668 	 0.0021399	0.00447064
3120 	 310 	 0.844859 	 0.00213885	0.00446845
3120 	 315 	 0.845046 	 0.00213826	0.00446722
3120 	 320 	 0.845227 	 0.00213812	0.00446692
3120 	 325 	 0.845404 	 0.0021384	0.0044675
3120 	 330 	 0.845577 	 0.00213908	0.00446893
3120 	 335 	 0.845745 	 0.00214014	0.00447115
3120 	 340 	 0.845909 	 0.00214157	0.00447413
3120 	 345 	 0.84607 	 0.00214334	0.00447783
3120 	 350 	 0.846226 	 0.00214544	0.00448222
3120 	 355 	 0.846379 	 0.00214785	0.00448725
3120 	 360 	 0.846529 	 0.00215056	0.00449291
3120 	 365 	 0.846674 	 0.00215355	0.00449915
3120 	 370 	 0.846817 	 0.0021568	0.00450595
3120 	 375 	 0.846956 	 0.0021603	0.00451327
3120 	 380 	 0.847093 	 0.00216404	0.00452108
3120 	 385 	 0.847226 	 0.00216801	0.00452937
3120 	 390 	 0.847356 	 0.00217219	0.0045381
3120 	 395 	 0.847484 	 0.00217657	0.00454725
3120 	 400 	 0.847609 	 0.00218114	0.0045568
3120 	 405 	 0.847731 	 0.00218589	0.00456672
3120 	 410 	 0.847851 	 0.00219081	0.00457699
3120 	 415 	 0.847968 	 0.00219588	0.0045876
3120 	 420 	 0.848082 	 0.00220111	0.00459852
3120 	 425 	 0.848195 	 0.00220648	0.00460974
3120 	 430 	 0.848305 	 0.00221199	0.00462124
3120 	 435 	 0.848413 	 0.00221762	0.004633
3120 	 440 	 0.848519 	 0.00222336	0.00464501
3120 	 445 	 0.848622 	 0.00222922	0.00465725
3120 	 450 	 0.848724 	 0.00223519	0.00466971
3120 	 455 	 0.848824 	 0.00224125	0.00468237
3120 	 460 	 0.848922 	 0.0022474	0.00469523
3120 	 465 	 0.849018 	 0.00225364	0.00470826
3120 	 470 	 0.849112 	 0.00225996	0.00472147
3120 	 475 	 0.849205 	 0.00226635	0.00473483
3120 	 480 	 0.849296 	 0.00227282	0.00474834
3120 	 485 	 0.849385 	 0.00227935	0.00476198
3120 	 490 	 0.849472 	 0.00228594	0.00477575
3120 	 495 	 0.849558 	 0.00229259	0.00478965
3120 	 500 	 0.849643 	 0.0022993	0.00480365
3120 	 505 	 0.849726 	 0.00230605	0.00481775
3120 	 510 	 0.849807 	 0.00231284	0.00483195
3120 	 515 	 0.849887 	 0.00231968	0.00484624
3120 	 520 	 0.849966 	 0.00232656	0.0048606
3120 	 525 	 0.850044 	 0.00233347	0.00487505
3120 	 530 	 0.85012 	 0.00234041	0.00488955
3120 	 535 	 0.850195 	 0.00234739	0.00490412
3120 	 540 	 0.850268 	 0.00235439	0.00491875
3120 	 545 	 0.850341 	 0.00236141	0.00493342
3120 	 550 	 0.850412 	 0.00236846	0.00494814
3120 	 555 	 0.850482 	 0.00237552	0.0049629
3120 	 560 	 0.850551 	 0.0023826	0.0049777
3120 	 565 	 0.850619 	 0.0023897	0.00499252
3120 	 570 	 0.850686 	 0.00239681	0.00500737
3120 	 575 	 0.850752 	 0.00240393	0.00502225
3120 	 580 	 0.850816 	 0.00241106	0.00503714
3120 	 585 	 0.85088 	 0.0024182	0.00505205
3120 	 590 	 0.850943 	 0.00242534	0.00506697
3120 	 595 	 0.851005 	 0.00243248	0.0050819
3120 	 600 	 0.851066 	 0.00243963	0.00509684
3120 	 605 	 0.851126 	 0.00244678	0.00511177
3120 	 610 	 0.851185 	 0.00245393	0.00512671
3120 	 615 	 0.851243 	 0.00246108	0.00514164
3120 	 620 	 0.851301 	 0.00246822	0.00515656
3120 	 625 	 0.851357 	 0.00247536	0.00517148
3120 	 630 	 0.851413 	 0.00248249	0.00518638
3120 	 635 	 0.851468 	 0.00248962	0.00520128
3120 	 640 	 0.851522 	 0.00249674	0.00521615
3120 	 645 	 0.851576 	 0.00250386	0.00523101
3120 	 650 	 0.851628 	 0.00251096	0.00524585
3120 	 655 	 0.85168 	 0.00251805	0.00526067
3120 	 660 	 0.851732 	 0.00252513	0.00527546
3120 	 665 	 0.851782 	 0.0025322	0.00529024
3120 	 670 	 0.851832 	 0.00253926	0.00530498
3120 	 675 	 0.851881 	 0.00254631	0.0053197
3120 	 680 	 0.85193 	 0.00255334	0.00533438
3120 	 685 	 0.851978 	 0.00256035	0.00534904
3120 	 690 	 0.852025 	 0.00256735	0.00536367
3120 	 695 	 0.852072 	 0.00257434	0.00537826
3120 	 700 	 0.852118 	 0.00258131	0.00539282
3120 	 705 	 0.852163 	 0.00258826	0.00540734
3120 	 710 	 0.852208 	 0.00259519	0.00542183
3120 	 715 	 0.852252 	 0.00260211	0.00543628
3120 	 720 	 0.852296 	 0.00260901	0.00545069
3120 	 725 	 0.852339 	 0.00261588	0.00546506
3120 	 730 	 0.852382 	 0.00262274	0.00547939
3120 	 735 	 0.852424 	 0.00262959	0.00549368
3120 	 740 	 0.852466 	 0.00263641	0.00550793
3120 	 745 	 0.852507 	 0.00264321	0.00552214
3120 	 750 	 0.852547 	 0.00264999	0.00553631
3120 	 755 	 0.852587 	 0.00265675	0.00555043
3120 	 760 	 0.852627 	 0.00266348	0.0055645
3120 	 765 	 0.852666 	 0.0026702	0.00557854
3120 	 770 	 0.852705 	 0.0026769	0.00559253
3120 	 775 	 0.852743 	 0.00268357	0.00560647
3120 	 780 	 0.852781 	 0.00269022	0.00562036
3120 	 785 	 0.852818 	 0.00269685	0.00563421
3120 	 790 	 0.852855 	 0.00270346	0.00564802
3120 	 795 	 0.852892 	 0.00271004	0.00566177
3120 	 800 	 0.852928 	 0.0027166	0.00567548
3120 	 805 	 0.852963 	 0.00272314	0.00568914
3120 	 810 	 0.852999 	 0.00272966	0.00570275
3120 	 815 	 0.853033 	 0.00273615	0.00571632
3120 	 820 	 0.853068 	 0.00274262	0.00572983
3120 	 825 	 0.853102 	 0.00274907	0.0057433
3120 	 830 	 0.853136 	 0.00275549	0.00575672
3120 	 835 	 0.853169 	 0.00276189	0.00577009
3120 	 840 	 0.853202 	 0.00276826	0.00578341
3120 	 845 	 0.853235 	 0.00277462	0.00579668
3120 	 850 	 0.853267 	 0.00278094	0.0058099
3120 	 855 	 0.853299 	 0.00278725	0.00582307
3120 	 860 	 0.85333 	 0.00279353	0.00583619
3120 	 865 	 0.853362 	 0.00279978	0.00584926
3120 	 870 	 0.853392 	 0.00280602	0.00586228
3120 	 875 	 0.853423 	 0.00281222	0.00587525
3120 	 880 	 0.853453 	 0.00281841	0.00588817
3120 	 885 	 0.853483 	 0.00282457	0.00590104
3120 	 890 	 0.853513 	 0.00283071	0.00591386
3120 	 895 	 0.853542 	 0.00283682	0.00592663
3120 	 900 	 0.853571 	 0.00284291	0.00593935
3120 	 905 	 0.8536 	 0.00284897	0.00595202
3120 	 910 	 0.853628 	 0.00285501	0.00596464
3120 	 915 	 0.853657 	 0.00286103	0.00597721
3120 	 920 	 0.853685 	 0.00286702	0.00598973
3120 	 925 	 0.853712 	 0.00287299	0.0060022
3120 	 930 	 0.853739 	 0.00287893	0.00601462
3120 	 935 	 0.853767 	 0.00288485	0.00602699
3120 	 940 	 0.853793 	 0.00289075	0.00603931
3120 	 945 	 0.85382 	 0.00289663	0.00605158
3120 	 950 	 0.853846 	 0.00290248	0.0060638
3120 	 955 	 0.853872 	 0.0029083	0.00607597
3120 	 960 	 0.853898 	 0.0029141	0.00608809
3120 	 965 	 0.853924 	 0.00291988	0.00610017
3120 	 970 	 0.853949 	 0.00292564	0.00611219
3120 	 975 	 0.853974 	 0.00293137	0.00612417
3120 	 980 	 0.853999 	 0.00293708	0.00613609
3120 	 985 	 0.854023 	 0.00294276	0.00614797
3120 	 990 	 0.854048 	 0.00294843	0.0061598
3120 	 995 	 0.854072 	 0.00295406	0.00617158
3120 	 1000 	 0.854096 	 0.00295968	0.00618331
3120 	 1005 	 0.854119 	 0.00296527	0.006195
3120 	 1010 	 0.854143 	 0.00297084	0.00620663
3120 	 1015 	 0.854166 	 0.00297639	0.00621822
3120 	 1020 	 0.854189 	 0.00298191	0.00622976
3120 	 1025 	 0.854212 	 0.00298742	0.00624125
3120 	 1030 	 0.854235 	 0.00299289	0.0062527
3120 	 1035 	 0.854257 	 0.00299835	0.0062641
3120 	 1040 	 0.854279 	 0.00300378	0.00627545
3120 	 1045 	 0.854301 	 0.00300919	0.00628676
3120 	 1050 	 0.854323 	 0.00301458	0.00629801
3120 	 1055 	 0.854345 	 0.00301995	0.00630923
3120 	 1060 	 0.854366 	 0.00302529	0.00632039
3120 	 1065 	 0.854388 	 0.00303062	0.00633151
3120 	 1070 	 0.854409 	 0.00303592	0.00634259
3120 	 1075 	 0.85443 	 0.0030412	0.00635361
3120 	 1080 	 0.85445 	 0.00304645	0.0063646
3120 	 1085 	 0.854471 	 0.00305169	0.00637553
3120 	 1090 	 0.854491 	 0.0030569	0.00638643
3120 	 1095 	 0.854512 	 0.00306209	0.00639727
3120 	 1100 	 0.854532 	 0.00306727	0.00640808
3120 	 1105 	 0.854551 	 0.00307242	0.00641883
3120 	 1110 	 0.854571 	 0.00307754	0.00642955
3120 	 1115 	 0.854591 	 0.00308265	0.00644022
3120 	 1120 	 0.85461 	 0.00308774	0.00645084
3120 	 1125 	 0.854629 	 0.0030928	0.00646143
3120 	 1130 	 0.854648 	 0.00309785	0.00647197
3120 	 1135 	 0.854667 	 0.00310287	0.00648246
3120 	 1140 	 0.854686 	 0.00310787	0.00649291
3120 	 1145 	 0.854705 	 0.00311286	0.00650332
3120 	 1150 	 0.854723 	 0.00311782	0.00651369
3120 	 1155 	 0.854742 	 0.00312276	0.00652401
3120 	 1160 	 0.85476 	 0.00312768	0.0065343
3120 	 1165 	 0.854778 	 0.00313258	0.00654454
3120 	 1170 	 0.854796 	 0.00313746	0.00655473
3120 	 1175 	 0.854813 	 0.00314233	0.00656489
3120 	 1180 	 0.854831 	 0.00314717	0.00657501
3120 	 1185 	 0.854848 	 0.00315199	0.00658508
3120 	 1190 	 0.854866 	 0.00315679	0.00659511
3120 	 1195 	 0.854883 	 0.00316157	0.0066051
3120 	 1200 	 0.8549 	 0.00316634	0.00661506
3120 	 1205 	 0.854917 	 0.00317108	0.00662497
3120 	 1210 	 0.854934 	 0.00317581	0.00663484
3120 	 1215 	 0.85495 	 0.00318051	0.00664467
3120 	 1220 	 0.854967 	 0.0031852	0.00665446
3120 	 1225 	 0.854983 	 0.00318987	0.00666421
3120 	 1230 	 0.855 	 0.00319451	0.00667392
3120 	 1235 	 0.855016 	 0.00319914	0.00668359
3120 	 1240 	 0.855032 	 0.00320376	0.00669323
3120 	 1245 	 0.855048 	 0.00320835	0.00670282
3120 	 1250 	 0.855064 	 0.00321292	0.00671238
3120 	 1255 	 0.855079 	 0.00321748	0.0067219
3120 	 1260 	 0.855095 	 0.00322202	0.00673138
3120 	 1265 	 0.855111 	 0.00322653	0.00674082
3120 	 1270 	 0.855126 	 0.00323104	0.00675022
3120 	 1275 	 0.855141 	 0.00323552	0.00675959
3120 	 1280 	 0.855156 	 0.00323998	0.00676892
3120 	 1285 	 0.855171 	 0.00324443	0.00677821
3120 	 1290 	 0.855186 	 0.00324886	0.00678747
3120 	 1295 	 0.855201 	 0.00325327	0.00679668
3120 	 1300 	 0.855216 	 0.00325767	0.00680587
3120 	 1305 	 0.85523 	 0.00326205	0.00681501
3120 	 1310 	 0.855245 	 0.00326641	0.00682412
3120 	 1315 	 0.855259 	 0.00327075	0.00683319
3120 	 1320 	 0.855274 	 0.00327508	0.00684223
3120 	 1325 	 0.855288 	 0.00327938	0.00685123
3120 	 1330 	 0.855302 	 0.00328368	0.0068602
3120 	 1335 	 0.855316 	 0.00328795	0.00686913
3120 	 1340 	 0.85533 	 0.00329221	0.00687802
3120 	 1345 	 0.855344 	 0.00329645	0.00688689
3120 	 1350 	 0.855357 	 0.00330068	0.00689571
3120 	 1355 	 0.855371 	 0.00330488	0.0069045
3120 	 1360 	 0.855385 	 0.00330908	0.00691326
3120 	 1365 	 0.855398 	 0.00331325	0.00692198
3120 	 1370 	 0.855411 	 0.00331741	0.00693067
3120 	 1375 	 0.855425 	 0.00332155	0.00693933
3120 	 1380 	 0.855438 	 0.00332568	0.00694795
3120 	 1385 	 0.855451 	 0.00332979	0.00695654
3120 	 1390 	 0.855464 	 0.00333389	0.0069651
3120 	 1395 	 0.855477 	 0.00333797	0.00697362
3120 	 1400 	 0.85549 	 0.00334203	0.00698211
3120 	 1405 	 0.855502 	 0.00334608	0.00699057
3120 	 1410 	 0.855515 	 0.00335011	0.00699899
3120 	 1415 	 0.855528 	 0.00335413	0.00700738
3120 	 1420 	 0.85554 	 0.00335813	0.00701574
3120 	 1425 	 0.855553 	 0.00336212	0.00702407
3120 	 1430 	 0.855565 	 0.00336609	0.00703237
3120 	 1435 	 0.855577 	 0.00337004	0.00704063
3120 	 1440 	 0.855589 	 0.00337398	0.00704887
3120 	 1445 	 0.855601 	 0.00337791	0.00705707
3120 	 1450 	 0.855613 	 0.00338182	0.00706524
3120 	 1455 	 0.855625 	 0.00338572	0.00707338
3120 	 1460 	 0.855637 	 0.0033896	0.00708149
3120 	 1465 	 0.855649 	 0.00339347	0.00708957
3120 	 1470 	 0.855661 	 0.00339732	0.00709762
3120 	 1475 	 0.855672 	 0.00340116	0.00710564
3120 	 1480 	 0.855684 	 0.00340498	0.00711362
3120 	 1485 	 0.855695 	 0.00340879	0.00712158
3120 	 1490 	 0.855707 	 0.00341258	0.00712951
3120 	 1495 	 0.855718 	 0.00341637	0.00713741
3120 	 1500 	 0.85573 	 0.00342013	0.00714528
3120 	 1505 	 0.855741 	 0.00342388	0.00715312
3120 	 1510 	 0.855752 	 0.00342762	0.00716093
3120 	 1515 	 0.855763 	 0.00343135	0.00716871
3120 	 1520 	 0.855774 	 0.00343506	0.00717646
3120 	 1525 	 0.855785 	 0.00343876	0.00718419
3120 	 1530 	 0.855796 	 0.00344244	0.00719189
3120 	 1535 	 0.855807 	 0.00344611	0.00719955
3120 	 1540 	 0.855817 	 0.00344977	0.00720719
3120 	 1545 	 0.855828 	 0.00345341	0.0072148
3120 	 1550 	 0.855839 	 0.00345704	0.00722239
3120 	 1555 	 0.855849 	 0.00346066	0.00722994
3120 	 1560 	 0.85586 	 0.00346426	0.00723747
3120 	 1565 	 0.85587 	 0.00346785	0.00724497
3120 	 1570 	 0.855881 	 0.00347143	0.00725245
3120 	 1575 	 0.855891 	 0.00347499	0.00725989
3120 	 1580 	 0.855901 	 0.00347854	0.00726731
3120 	 1585 	 0.855911 	 0.00348208	0.0072747
3120 	 1590 	 0.855921 	 0.00348561	0.00728207
3120 	 1595 	 0.855932 	 0.00348912	0.00728941
3120 	 1600 	 0.855942 	 0.00349262	0.00729672
3120 	 1605 	 0.855951 	 0.00349611	0.00730401
3120 	 1610 	 0.855961 	 0.00349958	0.00731127
3120 	 1615 	 0.855971 	 0.00350305	0.0073185
3120 	 1620 	 0.855981 	 0.0035065	0.00732571
3120 	 1625 	 0.855991 	 0.00350994	0.0073329
3120 	 1630 	 0.856 	 0.00351336	0.00734005
3120 	 1635 	 0.85601 	 0.00351678	0.00734719
3120 	 1640 	 0.85602 	 0.00352018	0.00735429
3120 	 1645 	 0.856029 	 0.00352357	0.00736137
3120 	 1650 	 0.856039 	 0.00352694	0.00736843
3120 	 1655 	 0.856048 	 0.00353031	0.00737546
3120 	 1660 	 0.856057 	 0.00353366	0.00738247
3120 	 1665 	 0.856067 	 0.00353701	0.00738945
3120 	 1670 	 0.856076 	 0.00354034	0.00739641
3120 	 1675 	 0.856085 	 0.00354365	0.00740334
3120 	 1680 	 0.856094 	 0.00354696	0.00741025
3120 	 1685 	 0.856103 	 0.00355026	0.00741713
3120 	 1690 	 0.856112 	 0.00355354	0.00742399
3120 	 1695 	 0.856121 	 0.00355681	0.00743083
3120 	 1700 	 0.85613 	 0.00356007	0.00743764
3120 	 1705 	 0.856139 	 0.00356332	0.00744443
3120 	 1710 	 0.856148 	 0.00356656	0.0074512
3120 	 1715 	 0.856157 	 0.00356979	0.00745794
3120 	 1720 	 0.856166 	 0.00357301	0.00746466
3120 	 1725 	 0.856174 	 0.00357621	0.00747136
3120 	 1730 	 0.856183 	 0.00357941	0.00747803
3120 	 1735 	 0.856192 	 0.00358259	0.00748468
3120 	 1740 	 0.8562 	 0.00358576	0.00749131
3120 	 1745 	 0.856209 	 0.00358892	0.00749791
3120 	 1750 	 0.856217 	 0.00359207	0.0075045
3120 	 1755 	 0.856226 	 0.00359521	0.00751106
3120 	 1760 	 0.856234 	 0.00359834	0.00751759
3120 	 1765 	 0.856242 	 0.00360146	0.00752411
3120 	 1770 	 0.856251 	 0.00360457	0.0075306
3120 	 1775 	 0.856259 	 0.00360767	0.00753707
3120 	 1780 	 0.856267 	 0.00361075	0.00754352
3120 	 1785 	 0.856275 	 0.00361383	0.00754995
3120 	 1790 	 0.856284 	 0.0036169	0.00755636
3120 	 1795 	 0.856292 	 0.00361995	0.00756274
3120 	 1800 	 0.8563 	 0.003623	0.0075691
3120 	 1805 	 0.856308 	 0.00362603	0.00757545
3120 	 1810 	 0.856316 	 0.00362906	0.00758177
3120 	 1815 	 0.856324 	 0.00363207	0.00758807
3120 	 1820 	 0.856331 	 0.00363508	0.00759434
3120 	 1825 	 0.856339 	 0.00363808	0.0076006
3120 	 1830 	 0.856347 	 0.00364106	0.00760684
3120 	 1835 	 0.856355 	 0.00364404	0.00761306
3120 	 1840 	 0.856363 	 0.003647	0.00761925
3120 	 1845 	 0.85637 	 0.00364996	0.00762543
3120 	 1850 	 0.856378 	 0.0036529	0.00763158
3120 	 1855 	 0.856386 	 0.00365584	0.00763772
3120 	 1860 	 0.856393 	 0.00365877	0.00764383
3120 	 1865 	 0.856401 	 0.00366168	0.00764993
3120 	 1870 	 0.856408 	 0.00366459	0.007656
3120 	 1875 	 0.856416 	 0.00366749	0.00766206
3120 	 1880 	 0.856423 	 0.00367038	0.00766809
3120 	 1885 	 0.85643 	 0.00367326	0.00767411
3120 	 1890 	 0.856438 	 0.00367613	0.0076801
3120 	 1895 	 0.856445 	 0.00367899	0.00768608
3120 	 1900 	 0.856452 	 0.00368184	0.00769204
3120 	 1905 	 0.85646 	 0.00368468	0.00769798
3120 	 1910 	 0.856467 	 0.00368752	0.00770389
3120 	 1915 	 0.856474 	 0.00369034	0.00770979
3120 	 1920 	 0.856481 	 0.00369316	0.00771568
3120 	 1925 	 0.856488 	 0.00369596	0.00772154
3120 	 1930 	 0.856495 	 0.00369876	0.00772738
3120 	 1935 	 0.856502 	 0.00370155	0.00773321
3120 	 1940 	 0.856509 	 0.00370433	0.00773901
3120 	 1945 	 0.856516 	 0.0037071	0.0077448
3120 	 1950 	 0.856523 	 0.00370986	0.00775057
3120 	 1955 	 0.85653 	 0.00371261	0.00775632
3120 	 1960 	 0.856537 	 0.00371535	0.00776205
3120 	 1965 	 0.856544 	 0.00371809	0.00776777
3120 	 1970 	 0.856551 	 0.00372082	0.00777346
3120 	 1975 	 0.856558 	 0.00372353	0.00777914
3120 	 1980 	 0.856564 	 0.00372624	0.0077848
3120 	 1985 	 0.856571 	 0.00372894	0.00779044
3120 	 1990 	 0.856578 	 0.00373164	0.00779607
3120 	 1995 	 0.856584 	 0.00373432	0.00780168
3120 	 2000 	 0.856591 	 0.003737	0.00780727
3120 	 2005 	 0.856598 	 0.00373966	0.00781284
3120 	 2010 	 0.856604 	 0.00374232	0.0078184
3120 	 2015 	 0.856611 	 0.00374497	0.00782393
3120 	 2020 	 0.856617 	 0.00374762	0.00782945
3120 	 2025 	 0.856624 	 0.00375025	0.00783496
3120 	 2030 	 0.85663 	 0.00375288	0.00784045
3120 	 2035 	 0.856636 	 0.0037555	0.00784591
3120 	 2040 	 0.856643 	 0.00375811	0.00785137
3120 	 2045 	 0.856649 	 0.00376071	0.0078568
3120 	 2050 	 0.856656 	 0.0037633	0.00786222
3120 	 2055 	 0.856662 	 0.00376589	0.00786763
3120 	 2060 	 0.856668 	 0.00376847	0.00787301
3120 	 2065 	 0.856674 	 0.00377104	0.00787838
3120 	 2070 	 0.856681 	 0.0037736	0.00788374
3120 	 2075 	 0.856687 	 0.00377615	0.00788907
3120 	 2080 	 0.856693 	 0.0037787	0.00789439
3120 	 2085 	 0.856699 	 0.00378124	0.0078997
3120 	 2090 	 0.856705 	 0.00378377	0.00790499
3120 	 2095 	 0.856711 	 0.0037863	0.00791026
3120 	 2100 	 0.856717 	 0.00378881	0.00791552
3120 	 2105 	 0.856723 	 0.00379132	0.00792076
3120 	 2110 	 0.856729 	 0.00379382	0.00792598
3120 	 2115 	 0.856735 	 0.00379632	0.00793119
3120 	 2120 	 0.856741 	 0.0037988	0.00793639
3120 	 2125 	 0.856747 	 0.00380128	0.00794157
3120 	 2130 	 0.856753 	 0.00380375	0.00794673
3120 	 2135 	 0.856759 	 0.00380622	0.00795188
3120 	 2140 	 0.856765 	 0.00380867	0.00795701
3120 	 2145 	 0.856771 	 0.00381112	0.00796213
3120 	 2150 	 0.856776 	 0.00381356	0.00796723
3120 	 2155 	 0.856782 	 0.003816	0.00797232
3120 	 2160 	 0.856788 	 0.00381843	0.00797739
3120 	 2165 	 0.856794 	 0.00382085	0.00798244
3120 	 2170 	 0.856799 	 0.00382326	0.00798749
3120 	 2175 	 0.856805 	 0.00382567	0.00799251
3120 	 2180 	 0.856811 	 0.00382807	0.00799753
3120 	 2185 	 0.856816 	 0.00383046	0.00800252
3120 	 2190 	 0.856822 	 0.00383284	0.00800751
3120 	 2195 	 0.856827 	 0.00383522	0.00801247
3120 	 2200 	 0.856833 	 0.00383759	0.00801743
3120 	 2205 	 0.856838 	 0.00383996	0.00802237
3120 	 2210 	 0.856844 	 0.00384231	0.00802729
3120 	 2215 	 0.856849 	 0.00384466	0.0080322
3120 	 2220 	 0.856855 	 0.00384701	0.0080371
3120 	 2225 	 0.85686 	 0.00384934	0.00804198
3120 	 2230 	 0.856866 	 0.00385168	0.00804685
3120 	 2235 	 0.856871 	 0.003854	0.00805171
3120 	 2240 	 0.856877 	 0.00385632	0.00805655
3120 	 2245 	 0.856882 	 0.00385863	0.00806137
3120 	 2250 	 0.856887 	 0.00386093	0.00806618
3120 	 2255 	 0.856892 	 0.00386323	0.00807098
3120 	 2260 	 0.856898 	 0.00386552	0.00807577
3120 	 2265 	 0.856903 	 0.0038678	0.00808054
3120 	 2270 	 0.856908 	 0.00387008	0.0080853
3120 	 2275 	 0.856913 	 0.00387235	0.00809004
3120 	 2280 	 0.856919 	 0.00387461	0.00809477
3120 	 2285 	 0.856924 	 0.00387687	0.00809949
3120 	 2290 	 0.856929 	 0.00387912	0.00810419
3120 	 2295 	 0.856934 	 0.00388137	0.00810888
3120 	 2300 	 0.856939 	 0.00388361	0.00811356
3120 	 2305 	 0.856944 	 0.00388584	0.00811823
3120 	 2310 	 0.856949 	 0.00388807	0.00812288
3120 	 2315 	 0.856954 	 0.00389029	0.00812752
3120 	 2320 	 0.856959 	 0.0038925	0.00813214
3120 	 2325 	 0.856965 	 0.00389471	0.00813675
3120 	 2330 	 0.856969 	 0.00389691	0.00814135
3120 	 2335 	 0.856974 	 0.0038991	0.00814594
3120 	 2340 	 0.856979 	 0.00390129	0.00815051
3120 	 2345 	 0.856984 	 0.00390348	0.00815507
3120 	 2350 	 0.856989 	 0.00390565	0.00815962
3120 	 2355 	 0.856994 	 0.00390782	0.00816416
3120 	 2360 	 0.856999 	 0.00390999	0.00816868
3120 	 2365 	 0.857004 	 0.00391215	0.00817319
3120 	 2370 	 0.857009 	 0.0039143	0.00817769
3120 	 2375 	 0.857014 	 0.00391645	0.00818217
3120 	 2380 	 0.857018 	 0.00391859	0.00818665
3120 	 2385 	 0.857023 	 0.00392073	0.00819111
3120 	 2390 	 0.857028 	 0.00392285	0.00819556
3120 	 2395 	 0.857033 	 0.00392498	0.0082
3120 	 2400 	 0.857037 	 0.0039271	0.00820442
3120 	 2405 	 0.857042 	 0.00392921	0.00820883
3120 	 2410 	 0.857047 	 0.00393131	0.00821323
3120 	 2415 	 0.857051 	 0.00393342	0.00821762
3120 	 2420 	 0.857056 	 0.00393551	0.008222
3120 	 2425 	 0.857061 	 0.0039376	0.00822636
3120 	 2430 	 0.857065 	 0.00393968	0.00823072
3120 	 2435 	 0.85707 	 0.00394176	0.00823506
3120 	 2440 	 0.857074 	 0.00394383	0.00823939
3120 	 2445 	 0.857079 	 0.0039459	0.0082437
3120 	 2450 	 0.857084 	 0.00394796	0.00824801
3120 	 2455 	 0.857088 	 0.00395002	0.00825231
3120 	 2460 	 0.857093 	 0.00395207	0.00825659
3120 	 2465 	 0.857097 	 0.00395411	0.00826086
3120 	 2470 	 0.857102 	 0.00395615	0.00826512
3120 	 2475 	 0.857106 	 0.00395818	0.00826937
3120 	 2480 	 0.857111 	 0.00396021	0.00827361
3120 	 2485 	 0.857115 	 0.00396224	0.00827783
3120 	 2490 	 0.857119 	 0.00396425	0.00828205
3120 	 2495 	 0.857124 	 0.00396627	0.00828625
3120 	 2500 	 0.857128 	 0.00396827	0.00829044
3120 	 2505 	 0.857133 	 0.00397027	0.00829463
3120 	 2510 	 0.857137 	 0.00397227	0.0082988
3120 	 2515 	 0.857141 	 0.00397426	0.00830296
3120 	 2520 	 0.857146 	 0.00397625	0.00830711
3120 	 2525 	 0.85715 	 0.00397823	0.00831124
3120 	 2530 	 0.857154 	 0.0039802	0.00831537
3120 	 2535 	 0.857158 	 0.00398217	0.00831949
3120 	 2540 	 0.857163 	 0.00398414	0.00832359
3120 	 2545 	 0.857167 	 0.0039861	0.00832769
3120 	 2550 	 0.857171 	 0.00398805	0.00833177
3120 	 2555 	 0.857175 	 0.00399	0.00833584
3120 	 2560 	 0.857179 	 0.00399195	0.00833991
3120 	 2565 	 0.857184 	 0.00399389	0.00834396
3120 	 2570 	 0.857188 	 0.00399582	0.008348
3120 	 2575 	 0.857192 	 0.00399775	0.00835203
3120 	 2580 	 0.857196 	 0.00399968	0.00835605
3120 	 2585 	 0.8572 	 0.0040016	0.00836006
3120 	 2590 	 0.857204 	 0.00400351	0.00836406
3120 	 2595 	 0.857208 	 0.00400542	0.00836805
3120 	 2600 	 0.857212 	 0.00400733	0.00837203
3120 	 2605 	 0.857217 	 0.00400923	0.008376
3120 	 2610 	 0.857221 	 0.00401112	0.00837996
3120 	 2615 	 0.857225 	 0.00401301	0.00838391
3120 	 2620 	 0.857229 	 0.0040149	0.00838785
3120 	 2625 	 0.857233 	 0.00401678	0.00839178
3120 	 2630 	 0.857237 	 0.00401865	0.0083957
3120 	 2635 	 0.857241 	 0.00402052	0.00839961
3120 	 2640 	 0.857245 	 0.00402239	0.00840351
3120 	 2645 	 0.857248 	 0.00402425	0.00840739
3120 	 2650 	 0.857252 	 0.00402611	0.00841127
3120 	 2655 	 0.857256 	 0.00402796	0.00841514
3120 	 2660 	 0.85726 	 0.00402981	0.008419
3120 	 2665 	 0.857264 	 0.00403165	0.00842285
3120 	 2670 	 0.857268 	 0.00403349	0.00842669
3120 	 2675 	 0.857272 	 0.00403532	0.00843053
3120 	 2680 	 0.857276 	 0.00403715	0.00843435
3120 	 2685 	 0.85728 	 0.00403898	0.00843816
3120 	 2690 	 0.857283 	 0.0040408	0.00844196
3120 	 2695 	 0.857287 	 0.00404261	0.00844575
3120 	 2700 	 0.857291 	 0.00404442	0.00844954
3120 	 2705 	 0.857295 	 0.00404623	0.00845331
3120 	 2710 	 0.857299 	 0.00404803	0.00845707
3120 	 2715 	 0.857302 	 0.00404983	0.00846083
3120 	 2720 	 0.857306 	 0.00405162	0.00846458
3120 	 2725 	 0.85731 	 0.00405341	0.00846831
3120 	 2730 	 0.857314 	 0.00405519	0.00847204
3120 	 2735 	 0.857317 	 0.00405697	0.00847576
3120 	 2740 	 0.857321 	 0.00405875	0.00847947
3120 	 2745 	 0.857325 	 0.00406052	0.00848317
3120 	 2750 	 0.857328 	 0.00406229	0.00848686
3120 	 2755 	 0.857332 	 0.00406405	0.00849054
3120 	 2760 	 0.857336 	 0.00406581	0.00849421
3120 	 2765 	 0.857339 	 0.00406756	0.00849788
3120 	 2770 	 0.857343 	 0.00406931	0.00850153
3120 	 2775 	 0.857346 	 0.00407106	0.00850518
3120 	 2780 	 0.85735 	 0.0040728	0.00850881
3120 	 2785 	 0.857354 	 0.00407453	0.00851244
3120 	 2790 	 0.857357 	 0.00407627	0.00851606
3120 	 2795 	 0.857361 	 0.00407799	0.00851967
3120 	 2800 	 0.857364 	 0.00407972	0.00852327
3120 	 2805 	 0.857368 	 0.00408144	0.00852687
3120 	 2810 	 0.857371 	 0.00408315	0.00853045
3120 	 2815 	 0.857375 	 0.00408486	0.00853403
3120 	 2820 	 0.857378 	 0.00408657	0.00853759
3120 	 2825 	 0.857382 	 0.00408828	0.00854115
3120 	 2830 	 0.857385 	 0.00408997	0.0085447
3120 	 2835 	 0.857389 	 0.00409167	0.00854824
3120 	 2840 	 0.857392 	 0.00409336	0.00855178
3120 	 2845 	 0.857396 	 0.00409505	0.0085553
3120 	 2850 	 0.857399 	 0.00409673	0.00855882
3120 	 2855 	 0.857403 	 0.00409841	0.00856233
3120 	 2860 	 0.857406 	 0.00410009	0.00856583
3120 	 2865 	 0.857409 	 0.00410176	0.00856932
3120 	 2870 	 0.857413 	 0.00410342	0.0085728
3120 	 2875 	 0.857416 	 0.00410509	0.00857627
3120 	 2880 	 0.85742 	 0.00410675	0.00857974
3120 	 2885 	 0.857423 	 0.0041084	0.0085832
3120 	 2890 	 0.857426 	 0.00411005	0.00858665
3120 	 2895 	 0.85743 	 0.0041117	0.00859009
3120 	 2900 	 0.857433 	 0.00411334	0.00859353
3120 	 2905 	 0.857436 	 0.00411498	0.00859695
3120 	 2910 	 0.85744 	 0.00411662	0.00860037
3120 	 2915 	 0.857443 	 0.00411825	0.00860378
3120 	 2920 	 0.857446 	 0.00411988	0.00860718
3120 	 2925 	 0.857449 	 0.00412151	0.00861058
3120 	 2930 	 0.857453 	 0.00412313	0.00861396
3120 	 2935 	 0.857456 	 0.00412474	0.00861734
3120 	 2940 	 0.857459 	 0.00412636	0.00862071
3120 	 2945 	 0.857462 	 0.00412797	0.00862407
3120 	 2950 	 0.857466 	 0.00412957	0.00862743
3120 	 2955 	 0.857469 	 0.00413117	0.00863077
3120 	 2960 	 0.857472 	 0.00413277	0.00863411
3120 	 2965 	 0.857475 	 0.00413437	0.00863744
3120 	 2970 	 0.857478 	 0.00413596	0.00864077
3120 	 2975 	 0.857482 	 0.00413754	0.00864408
3120 	 2980 	 0.857485 	 0.00413913	0.00864739
3120 	 2985 	 0.857488 	 0.00414071	0.00865069
3120 	 2990 	 0.857491 	 0.00414228	0.00865399
3120 	 2995 	 0.857494 	 0.00414386	0.00865727
3120 	 3000 	 0.857497 	 0.00414543	0.00866055
3120 	 3005 	 0.857501 	 0.00414699	0.00866382
3120 	 3010 	 0.857504 	 0.00414855	0.00866708
3120 	 3015 	 0.857507 	 0.00415011	0.00867034
3120 	 3020 	 0.85751 	 0.00415167	0.00867359
3120 	 3025 	 0.857513 	 0.00415322	0.00867683
3120 	 3030 	 0.857516 	 0.00415477	0.00868006
3120 	 3035 	 0.857519 	 0.00415631	0.00868329
3120 	 3040 	 0.857522 	 0.00415785	0.00868651
3120 	 3045 	 0.857525 	 0.00415939	0.00868972
3120 	 3050 	 0.857528 	 0.00416092	0.00869293
3120 	 3055 	 0.857531 	 0.00416245	0.00869612
3120 	 3060 	 0.857534 	 0.00416398	0.00869931
3120 	 3065 	 0.857537 	 0.0041655	0.0087025
3120 	 3070 	 0.85754 	 0.00416702	0.00870567
3120 	 3075 	 0.857543 	 0.00416854	0.00870884
3120 	 3080 	 0.857546 	 0.00417005	0.008712
3120 	 3085 	 0.857549 	 0.00417156	0.00871516
3120 	 3090 	 0.857552 	 0.00417307	0.0087183
3120 	 3095 	 0.857555 	 0.00417457	0.00872145
3120 	 3100 	 0.857558 	 0.00417607	0.00872458
3120 	 3105 	 0.857561 	 0.00417757	0.00872771
3120 	 3110 	 0.857564 	 0.00417906	0.00873083
3120 	 3115 	 0.857567 	 0.00418055	0.00873394
3120 	 3120 	 0.85757 	 0.00418204	0.00873704
3120 	 3125 	 0.857573 	 0.00418352	0.00874014
3120 	 3130 	 0.857575 	 0.004185	0.00874323
3120 	 3135 	 0.857578 	 0.00418648	0.00874632
3120 	 3140 	 0.857581 	 0.00418795	0.0087494
3120 	 3145 	 0.857584 	 0.00418942	0.00875247
3120 	 3150 	 0.857587 	 0.00419089	0.00875554
3120 	 3155 	 0.85759 	 0.00419236	0.00875859
3120 	 3160 	 0.857593 	 0.00419382	0.00876165
3120 	 3165 	 0.857595 	 0.00419527	0.00876469
3120 	 3170 	 0.857598 	 0.00419673	0.00876773
3120 	 3175 	 0.857601 	 0.00419818	0.00877076
3120 	 3180 	 0.857604 	 0.00419963	0.00877379
3120 	 3185 	 0.857607 	 0.00420107	0.0087768
3120 	 3190 	 0.857609 	 0.00420251	0.00877982
3120 	 3195 	 0.857612 	 0.00420395	0.00878282
3120 	 3200 	 0.857615 	 0.00420539	0.00878582
3120 	 3205 	 0.857618 	 0.00420682	0.00878881
3120 	 3210 	 0.857621 	 0.00420825	0.0087918
3120 	 3215 	 0.857623 	 0.00420967	0.00879478
3120 	 3220 	 0.857626 	 0.0042111	0.00879775
3120 	 3225 	 0.857629 	 0.00421252	0.00880072
3120 	 3230 	 0.857631 	 0.00421393	0.00880368
3120 	 3235 	 0.857634 	 0.00421535	0.00880663
3120 	 3240 	 0.857637 	 0.00421676	0.00880958
3120 	 3245 	 0.85764 	 0.00421817	0.00881252
3120 	 3250 	 0.857642 	 0.00421957	0.00881545
3120 	 3255 	 0.857645 	 0.00422097	0.00881838
3120 	 3260 	 0.857648 	 0.00422237	0.00882131
3120 	 3265 	 0.85765 	 0.00422377	0.00882422
3120 	 3270 	 0.857653 	 0.00422516	0.00882713
3120 	 3275 	 0.857656 	 0.00422655	0.00883004
3120 	 3280 	 0.857658 	 0.00422794	0.00883293
3120 	 3285 	 0.857661 	 0.00422932	0.00883582
3120 	 3290 	 0.857664 	 0.0042307	0.00883871
3120 	 3295 	 0.857666 	 0.00423208	0.00884159
3120 	 3300 	 0.857669 	 0.00423346	0.00884446
3120 	 3305 	 0.857671 	 0.00423483	0.00884733
3120 	 3310 	 0.857674 	 0.0042362	0.00885019
3120 	 3315 	 0.857677 	 0.00423756	0.00885305
3120 	 3320 	 0.857679 	 0.00423893	0.00885589
3120 	 3325 	 0.857682 	 0.00424029	0.00885874
3120 	 3330 	 0.857684 	 0.00424165	0.00886157
3120 	 3335 	 0.857687 	 0.004243	0.00886441
3120 	 3340 	 0.85769 	 0.00424435	0.00886723
3120 	 3345 	 0.857692 	 0.0042457	0.00887005
3120 	 3350 	 0.857695 	 0.00424705	0.00887286
3120 	 3355 	 0.857697 	 0.00424839	0.00887567
3120 	 3360 	 0.8577 	 0.00424974	0.00887847
3120 	 3365 	 0.857702 	 0.00425107	0.00888127
3120 	 3370 	 0.857705 	 0.00425241	0.00888406
3120 	 3375 	 0.857707 	 0.00425374	0.00888684
3120 	 3380 	 0.85771 	 0.00425507	0.00888962
3120 	 3385 	 0.857712 	 0.0042564	0.00889239
3120 	 3390 	 0.857715 	 0.00425772	0.00889516
3120 	 3395 	 0.857717 	 0.00425905	0.00889792
3120 	 3400 	 0.85772 	 0.00426036	0.00890068
3120 	 3405 	 0.857722 	 0.00426168	0.00890343
3120 	 3410 	 0.857725 	 0.00426299	0.00890617
3120 	 3415 	 0.857727 	 0.00426431	0.00890891
3120 	 3420 	 0.85773 	 0.00426561	0.00891164
3120 	 3425 	 0.857732 	 0.00426692	0.00891437
3120 	 3430 	 0.857735 	 0.00426822	0.00891709
3120 	 3435 	 0.857737 	 0.00426952	0.00891981
3120 	 3440 	 0.857739 	 0.00427082	0.00892252
3120 	 3445 	 0.857742 	 0.00427212	0.00892523
3120 	 3450 	 0.857744 	 0.00427341	0.00892793
3120 	 3455 	 0.857747 	 0.0042747	0.00893062
3120 	 3460 	 0.857749 	 0.00427598	0.00893331
3120 	 3465 	 0.857751 	 0.00427727	0.00893599
3120 	 3470 	 0.857754 	 0.00427855	0.00893867
3120 	 3475 	 0.857756 	 0.00427983	0.00894134
3120 	 3480 	 0.857759 	 0.00428111	0.00894401
3120 	 3485 	 0.857761 	 0.00428238	0.00894667
3120 	 3490 	 0.857763 	 0.00428365	0.00894933
3120 	 3495 	 0.857766 	 0.00428492	0.00895198
3120 	 3500 	 0.857768 	 0.00428619	0.00895463
3120 	 3505 	 0.85777 	 0.00428745	0.00895727
3120 	 3510 	 0.857773 	 0.00428871	0.0089599
3120 	 3515 	 0.857775 	 0.00428997	0.00896253
3120 	 3520 	 0.857777 	 0.00429123	0.00896516
3120 	 3525 	 0.85778 	 0.00429248	0.00896778
3120 	 3530 	 0.857782 	 0.00429373	0.00897039
3120 	 3535 	 0.857784 	 0.00429498	0.008973
3120 	 3540 	 0.857787 	 0.00429623	0.0089756
3120 	 3545 	 0.857789 	 0.00429747	0.0089782
3120 	 3550 	 0.857791 	 0.00429871	0.0089808
3120 	 3555 	 0.857793 	 0.00429995	0.00898338
3120 	 3560 	 0.857796 	 0.00430119	0.00898597
3120 	 3565 	 0.857798 	 0.00430242	0.00898855
3120 	 3570 	 0.8578 	 0.00430365	0.00899112
3120 	 3575 	 0.857803 	 0.00430488	0.00899369
3120 	 3580 	 0.857805 	 0.00430611	0.00899625
3120 	 3585 	 0.857807 	 0.00430733	0.00899881
3120 	 3590 	 0.857809 	 0.00430856	0.00900136
3120 	 3595 	 0.857811 	 0.00430978	0.00900391
3120 	 3600 	 0.857814 	 0.00431099	0.00900645
3120 	 3605 	 0.857816 	 0.00431221	0.00900899
3120 	 3610 	 0.857818 	 0.00431342	0.00901152
3120 	 3615 	 0.85782 	 0.00431463	0.00901405
3120 	 3620 	 0.857823 	 0.00431584	0.00901657
3120 	 3625 	 0.857825 	 0.00431704	0.00901909
3120 	 3630 	 0.857827 	 0.00431825	0.0090216
3120 	 3635 	 0.857829 	 0.00431945	0.00902411
3120 	 3640 	 0.857831 	 0.00432064	0.00902661
3120 	 3645 	 0.857834 	 0.00432184	0.00902911
3120 	 3650 	 0.857836 	 0.00432303	0.00903161
3120 	 3655 	 0.857838 	 0.00432423	0.00903409
3120 	 3660 	 0.85784 	 0.00432541	0.00903658
3120 	 3665 	 0.857842 	 0.0043266	0.00903906
3120 	 3670 	 0.857844 	 0.00432779	0.00904153
3120 	 3675 	 0.857847 	 0.00432897	0.009044
3120 	 3680 	 0.857849 	 0.00433015	0.00904647
3120 	 3685 	 0.857851 	 0.00433133	0.00904893
3120 	 3690 	 0.857853 	 0.0043325	0.00905138
3120 	 3695 	 0.857855 	 0.00433367	0.00905383
3120 	 3700 	 0.857857 	 0.00433484	0.00905628
3120 	 3705 	 0.857859 	 0.00433601	0.00905872
3120 	 3710 	 0.857861 	 0.00433718	0.00906116
3120 	 3715 	 0.857864 	 0.00433834	0.00906359
3120 	 3720 	 0.857866 	 0.00433951	0.00906602
3120 	 3725 	 0.857868 	 0.00434066	0.00906844
3120 	 3730 	 0.85787 	 0.00434182	0.00907086
3120 	 3735 	 0.857872 	 0.00434298	0.00907327
3120 	 3740 	 0.857874 	 0.00434413	0.00907568
3120 	 3745 	 0.857876 	 0.00434528	0.00907808
3120 	 3750 	 0.857878 	 0.00434643	0.00908048
3120 	 3755 	 0.85788 	 0.00434758	0.00908288
3120 	 3760 	 0.857882 	 0.00434872	0.00908527
3120 	 3765 	 0.857884 	 0.00434986	0.00908766
3120 	 3770 	 0.857886 	 0.004351	0.00909004
3120 	 3775 	 0.857888 	 0.00435214	0.00909242
3120 	 3780 	 0.85789 	 0.00435328	0.00909479
3120 	 3785 	 0.857892 	 0.00435441	0.00909716
3120 	 3790 	 0.857894 	 0.00435554	0.00909952
3120 	 3795 	 0.857897 	 0.00435667	0.00910188
3120 	 3800 	 0.857899 	 0.0043578	0.00910424
3120 	 3805 	 0.857901 	 0.00435892	0.00910659
3120 	 3810 	 0.857903 	 0.00436005	0.00910893
3120 	 3815 	 0.857905 	 0.00436117	0.00911127
3120 	 3820 	 0.857907 	 0.00436229	0.00911361
3120 	 3825 	 0.857909 	 0.0043634	0.00911595
3120 	 3830 	 0.857911 	 0.00436452	0.00911827
3120 	 3835 	 0.857913 	 0.00436563	0.0091206
3120 	 3840 	 0.857914 	 0.00436674	0.00912292
3120 	 3845 	 0.857916 	 0.00436785	0.00912523
3120 	 3850 	 0.857918 	 0.00436896	0.00912755
3120 	 3855 	 0.85792 	 0.00437006	0.00912985
3120 	 3860 	 0.857922 	 0.00437116	0.00913216
3120 	 3865 	 0.857924 	 0.00437226	0.00913446
3120 	 3870 	 0.857926 	 0.00437336	0.00913675
3120 	 3875 	 0.857928 	 0.00437446	0.00913904
3120 	 3880 	 0.85793 	 0.00437555	0.00914133
3120 	 3885 	 0.857932 	 0.00437665	0.00914361
3120 	 3890 	 0.857934 	 0.00437774	0.00914589
3120 	 3895 	 0.857936 	 0.00437882	0.00914816
3120 	 3900 	 0.857938 	 0.00437991	0.00915043
3120 	 3905 	 0.85794 	 0.00438099	0.0091527
3120 	 3910 	 0.857942 	 0.00438208	0.00915496
3120 	 3915 	 0.857944 	 0.00438316	0.00915721
3120 	 3920 	 0.857946 	 0.00438424	0.00915947
3120 	 3925 	 0.857947 	 0.00438531	0.00916172
3120 	 3930 	 0.857949 	 0.00438639	0.00916396
3120 	 3935 	 0.857951 	 0.00438746	0.0091662
3120 	 3940 	 0.857953 	 0.00438853	0.00916844
3120 	 3945 	 0.857955 	 0.0043896	0.00917067
3120 	 3950 	 0.857957 	 0.00439066	0.0091729
3120 	 3955 	 0.857959 	 0.00439173	0.00917512
3120 	 3960 	 0.857961 	 0.00439279	0.00917734
3120 	 3965 	 0.857963 	 0.00439385	0.00917956
3120 	 3970 	 0.857964 	 0.00439491	0.00918177
3120 	 3975 	 0.857966 	 0.00439597	0.00918398
3120 	 3980 	 0.857968 	 0.00439702	0.00918618
3120 	 3985 	 0.85797 	 0.00439808	0.00918839
3120 	 3990 	 0.857972 	 0.00439913	0.00919058
3120 	 3995 	 0.857974 	 0.00440018	0.00919277
3120 	 4000 	 0.857975 	 0.00440123	0.00919496
3120 	 4005 	 0.857977 	 0.00440227	0.00919715
3120 	 4010 	 0.857979 	 0.00440332	0.00919933
3120 	 4015 	 0.857981 	 0.00440436	0.00920151
3120 	 4020 	 0.857983 	 0.0044054	0.00920368
3120 	 4025 	 0.857985 	 0.00440644	0.00920585
3120 	 4030 	 0.857986 	 0.00440747	0.00920801
3120 	 4035 	 0.857988 	 0.00440851	0.00921018
3120 	 4040 	 0.85799 	 0.00440954	0.00921233
3120 	 4045 	 0.857992 	 0.00441057	0.00921449
3120 	 4050 	 0.857994 	 0.0044116	0.00921664
3120 	 4055 	 0.857995 	 0.00441263	0.00921878
3120 	 4060 	 0.857997 	 0.00441365	0.00922093
3120 	 4065 	 0.857999 	 0.00441468	0.00922306
3120 	 4070 	 0.858001 	 0.0044157	0.0092252
3120 	 4075 	 0.858002 	 0.00441672	0.00922733
3120 	 4080 	 0.858004 	 0.00441774	0.00922946
3120 	 4085 	 0.858006 	 0.00441875	0.00923158
3120 	 4090 	 0.858008 	 0.00441977	0.0092337
3120 	 4095 	 0.85801 	 0.00442078	0.00923582
3120 	 4100 	 0.858011 	 0.00442179	0.00923793
3120 	 4105 	 0.858013 	 0.0044228	0.00924004
3120 	 4110 	 0.858015 	 0.00442381	0.00924214
3120 	 4115 	 0.858017 	 0.00442482	0.00924425
3120 	 4120 	 0.858018 	 0.00442582	0.00924634
3120 	 4125 	 0.85802 	 0.00442682	0.00924844
3120 	 4130 	 0.858022 	 0.00442782	0.00925053
3120 	 4135 	 0.858023 	 0.00442882	0.00925262
3120 	 4140 	 0.858025 	 0.00442982	0.0092547
3120 	 4145 	 0.858027 	 0.00443081	0.00925678
3120 	 4150 	 0.858029 	 0.00443181	0.00925885
3120 	 4155 	 0.85803 	 0.0044328	0.00926093
3120 	 4160 	 0.858032 	 0.00443379	0.009263
3120 	 4165 	 0.858034 	 0.00443478	0.00926506
3120 	 4170 	 0.858035 	 0.00443577	0.00926712
3120 	 4175 	 0.858037 	 0.00443675	0.00926918
3120 	 4180 	 0.858039 	 0.00443773	0.00927124
3120 	 4185 	 0.858041 	 0.00443872	0.00927329
3120 	 4190 	 0.858042 	 0.0044397	0.00927533
3120 	 4195 	 0.858044 	 0.00444067	0.00927738
3120 	 4200 	 0.858046 	 0.00444165	0.00927942
3120 	 4205 	 0.858047 	 0.00444263	0.00928146
3120 	 4210 	 0.858049 	 0.0044436	0.00928349
3120 	 4215 	 0.858051 	 0.00444457	0.00928552
3120 	 4220 	 0.858052 	 0.00444554	0.00928755
3120 	 4225 	 0.858054 	 0.00444651	0.00928957
3120 	 4230 	 0.858056 	 0.00444748	0.00929159
3120 	 4235 	 0.858057 	 0.00444844	0.0092936
3120 	 4240 	 0.858059 	 0.0044494	0.00929562
3120 	 4245 	 0.858061 	 0.00445037	0.00929763
3120 	 4250 	 0.858062 	 0.00445133	0.00929963
3120 	 4255 	 0.858064 	 0.00445229	0.00930164
3120 	 4260 	 0.858065 	 0.00445324	0.00930363
3120 	 4265 	 0.858067 	 0.0044542	0.00930563
3120 	 4270 	 0.858069 	 0.00445515	0.00930762
3120 	 4275 	 0.85807 	 0.0044561	0.00930961
3120 	 4280 	 0.858072 	 0.00445705	0.0093116
3120 	 4285 	 0.858074 	 0.004458	0.00931358
3120 	 4290 	 0.858075 	 0.00445895	0.00931556
3120 	 4295 	 0.858077 	 0.0044599	0.00931753
3120 	 4300 	 0.858078 	 0.00446084	0.00931951
3120 	 4305 	 0.85808 	 0.00446178	0.00932148
3120 	 4310 	 0.858082 	 0.00446272	0.00932344
3120 	 4315 	 0.858083 	 0.00446366	0.0093254
3120 	 4320 	 0.858085 	 0.0044646	0.00932736
3120 	 4325 	 0.858086 	 0.00446554	0.00932932
3120 	 4330 	 0.858088 	 0.00446647	0.00933127
3120 	 4335 	 0.85809 	 0.0044674	0.00933322
3120 	 4340 	 0.858091 	 0.00446834	0.00933517
3120 	 4345 	 0.858093 	 0.00446927	0.00933711
3120 	 4350 	 0.858094 	 0.00447019	0.00933905
3120 	 4355 	 0.858096 	 0.00447112	0.00934099
3120 	 4360 	 0.858097 	 0.00447205	0.00934292
3120 	 4365 	 0.858099 	 0.00447297	0.00934485
3120 	 4370 	 0.858101 	 0.00447389	0.00934678
3120 	 4375 	 0.858102 	 0.00447481	0.0093487
3120 	 4380 	 0.858104 	 0.00447573	0.00935062
3120 	 4385 	 0.858105 	 0.00447665	0.00935254
3120 	 4390 	 0.858107 	 0.00447757	0.00935445
3120 	 4395 	 0.858108 	 0.00447848	0.00935636
3120 	 4400 	 0.85811 	 0.00447939	0.00935827
3120 	 4405 	 0.858111 	 0.00448031	0.00936017
3120 	 4410 	 0.858113 	 0.00448122	0.00936208
3120 	 4415 	 0.858114 	 0.00448212	0.00936397
3120 	 4420 	 0.858116 	 0.00448303	0.00936587
3120 	 4425 	 0.858117 	 0.00448394	0.00936776
3120 	 4430 	 0.858119 	 0.00448484	0.00936965
3120 	 4435 	 0.858121 	 0.00448574	0.00937154
3120 	 4440 	 0.858122 	 0.00448665	0.00937342
3120 	 4445 	 0.858124 	 0.00448755	0.0093753
3120 	 4450 	 0.858125 	 0.00448844	0.00937718
3120 	 4455 	 0.858127 	 0.00448934	0.00937905
3120 	 4460 	 0.858128 	 0.00449024	0.00938092
3120 	 4465 	 0.85813 	 0.00449113	0.00938279
3120 	 4470 	 0.858131 	 0.00449202	0.00938465
3120 	 4475 	 0.858133 	 0.00449291	0.00938652
3120 	 4480 	 0.858134 	 0.0044938	0.00938837
3120 	 4485 	 0.858136 	 0.00449469	0.00939023
3120 	 4490 	 0.858137 	 0.00449558	0.00939208
3120 	 4495 	 0.858138 	 0.00449646	0.00939393
3120 	 4500 	 0.85814 	 0.00449735	0.00939578
3120 	 4505 	 0.858141 	 0.00449823	0.00939762
3120 	 4510 	 0.858143 	 0.00449911	0.00939946
3120 	 4515 	 0.858144 	 0.00449999	0.0094013
3120 	 4520 	 0.858146 	 0.00450087	0.00940313
3120 	 4525 	 0.858147 	 0.00450175	0.00940497
3120 	 4530 	 0.858149 	 0.00450262	0.0094068
3120 	 4535 	 0.85815 	 0.00450349	0.00940862
3120 	 4540 	 0.858152 	 0.00450437	0.00941044
3120 	 4545 	 0.858153 	 0.00450524	0.00941226
3120 	 4550 	 0.858155 	 0.00450611	0.00941408
3120 	 4555 	 0.858156 	 0.00450698	0.0094159
3120 	 4560 	 0.858157 	 0.00450784	0.00941771
3120 	 4565 	 0.858159 	 0.00450871	0.00941952
3120 	 4570 	 0.85816 	 0.00450957	0.00942132
3120 	 4575 	 0.858162 	 0.00451044	0.00942312
3120 	 4580 	 0.858163 	 0.0045113	0.00942492
3120 	 4585 	 0.858165 	 0.00451216	0.00942672
3120 	 4590 	 0.858166 	 0.00451302	0.00942851
3120 	 4595 	 0.858167 	 0.00451387	0.00943031
3120 	 4600 	 0.858169 	 0.00451473	0.00943209
3120 	 4605 	 0.85817 	 0.00451559	0.00943388
3120 	 4610 	 0.858172 	 0.00451644	0.00943566
3120 	 4615 	 0.858173 	 0.00451729	0.00943744
3120 	 4620 	 0.858175 	 0.00451814	0.00943922
3120 	 4625 	 0.858176 	 0.00451899	0.00944099
3120 	 4630 	 0.858177 	 0.00451984	0.00944277
3120 	 4635 	 0.858179 	 0.00452069	0.00944454
3120 	 4640 	 0.85818 	 0.00452153	0.0094463
3120 	 4645 	 0.858182 	 0.00452237	0.00944806
3120 	 4650 	 0.858183 	 0.00452322	0.00944983
3120 	 4655 	 0.858184 	 0.00452406	0.00945158
3120 	 4660 	 0.858186 	 0.0045249	0.00945334
3120 	 4665 	 0.858187 	 0.00452574	0.00945509
3120 	 4670 	 0.858188 	 0.00452657	0.00945684
3120 	 4675 	 0.85819 	 0.00452741	0.00945859
3120 	 4680 	 0.858191 	 0.00452825	0.00946033
3120 	 4685 	 0.858193 	 0.00452908	0.00946207
3120 	 4690 	 0.858194 	 0.00452991	0.00946381
3120 	 4695 	 0.858195 	 0.00453074	0.00946555
3120 	 4700 	 0.858197 	 0.00453157	0.00946728
3120 	 4705 	 0.858198 	 0.0045324	0.00946901
3120 	 4710 	 0.858199 	 0.00453323	0.00947074
3120 	 4715 	 0.858201 	 0.00453405	0.00947246
3120 	 4720 	 0.858202 	 0.00453488	0.00947419
3120 	 4725 	 0.858203 	 0.0045357	0.00947591
3120 	 4730 	 0.858205 	 0.00453652	0.00947762
3120 	 4735 	 0.858206 	 0.00453734	0.00947934
3120 	 4740 	 0.858207 	 0.00453816	0.00948105
3120 	 4745 	 0.858209 	 0.00453898	0.00948276
3120 	 4750 	 0.85821 	 0.0045398	0.00948447
3120 	 4755 	 0.858212 	 0.00454061	0.00948617
3120 	 4760 	 0.858213 	 0.00454143	0.00948787
3120 	 4765 	 0.858214 	 0.00454224	0.00948957
3120 	 4770 	 0.858215 	 0.00454305	0.00949127
3120 	 4775 	 0.858217 	 0.00454386	0.00949296
3120 	 4780 	 0.858218 	 0.00454467	0.00949465
3120 	 4785 	 0.858219 	 0.00454548	0.00949634
3120 	 4790 	 0.858221 	 0.00454629	0.00949803
3120 	 4795 	 0.858222 	 0.00454709	0.00949971
3120 	 4800 	 0.858223 	 0.0045479	0.00950139
3120 	 4805 	 0.858225 	 0.0045487	0.00950307
3120 	 4810 	 0.858226 	 0.0045495	0.00950474
3120 	 4815 	 0.858227 	 0.0045503	0.00950642
3120 	 4820 	 0.858229 	 0.0045511	0.00950809
3120 	 4825 	 0.85823 	 0.0045519	0.00950975
3120 	 4830 	 0.858231 	 0.0045527	0.00951142
3120 	 4835 	 0.858233 	 0.0045535	0.00951308
3120 	 4840 	 0.858234 	 0.00455429	0.00951474
3120 	 4845 	 0.858235 	 0.00455508	0.0095164
3120 	 4850 	 0.858236 	 0.00455588	0.00951806
3120 	 4855 	 0.858238 	 0.00455667	0.00951971
3120 	 4860 	 0.858239 	 0.00455746	0.00952136
3120 	 4865 	 0.85824 	 0.00455825	0.00952301
3120 	 4870 	 0.858242 	 0.00455903	0.00952465
3120 	 4875 	 0.858243 	 0.00455982	0.0095263
3120 	 4880 	 0.858244 	 0.00456061	0.00952794
3120 	 4885 	 0.858245 	 0.00456139	0.00952958
3120 	 4890 	 0.858247 	 0.00456217	0.00953121
3120 	 4895 	 0.858248 	 0.00456295	0.00953284
3120 	 4900 	 0.858249 	 0.00456374	0.00953447
3120 	 4905 	 0.85825 	 0.00456451	0.0095361
3120 	 4910 	 0.858252 	 0.00456529	0.00953773
3120 	 4915 	 0.858253 	 0.00456607	0.00953935
3120 	 4920 	 0.858254 	 0.00456685	0.00954097
3120 	 4925 	 0.858255 	 0.00456762	0.00954259
3120 	 4930 	 0.858257 	 0.00456839	0.00954421
3120 	 4935 	 0.858258 	 0.00456917	0.00954582
3120 	 4940 	 0.858259 	 0.00456994	0.00954743
3120 	 4945 	 0.85826 	 0.00457071	0.00954904
3120 	 4950 	 0.858262 	 0.00457148	0.00955065
3120 	 4955 	 0.858263 	 0.00457225	0.00955225
3120 	 4960 	 0.858264 	 0.00457301	0.00955385
3120 	 4965 	 0.858265 	 0.00457378	0.00955545
3120 	 4970 	 0.858267 	 0.00457454	0.00955705
3120 	 4975 	 0.858268 	 0.00457531	0.00955865
3120 	 4980 	 0.858269 	 0.00457607	0.00956024
3120 	 4985 	 0.85827 	 0.00457683	0.00956183
3120 	 4990 	 0.858271 	 0.00457759	0.00956342
3120 	 4995 	 0.858273 	 0.00457835	0.009565
3120 	 5000 	 0.858274 	 0.00457911	0.00956659
